         0,     0, 7, 0:03:07, 0:03:17,    10,  0.20,  0.20,   TMR,  0.00,  0.000,  0.00,  0.000,  0.000,  0.000,  0.000
         0,     0, 8, 0:03:07, 0:03:17,    10,  0.20,  0.20,   TMR,  0.00,  0.000,  0.00,  0.000,  0.000,  0.000,  0.000
         0,     0, 9, 0:03:07, 0:03:17,    10,  1.00,  1.00,   TMR,  0.00,  0.000,  0.00,  0.000,  0.000,  0.000,  0.000
         0,     0,10, 0:03:07, 0:03:17,    10,  0.80,  0.80,   TMR,  0.00,  0.000,  0.00,  0.000,  0.000,  0.000,  0.000
         0,     0,11, 0:03:07, 0:03:17,    10,  1.70,  1.70,   TMR,  0.00,  0.000,  0.00,  0.000,  0.000,  0.000,  0.000
         0,     0,12, 0:03:07, 0:03:17,    10,  1.40,  1.40,   TMR,  0.00,  0.000,  0.00,  0.000,  0.000,  0.000,  0.000
         0,     0,13, 0:03:07, 0:03:17,    10,  5.80,  5.80,   TMR,  0.00,  0.000,  0.00,  0.000,  0.000,  0.000,  0.000
         0,     0,14, 0:03:07, 0:03:17,    10,  2.40,  2.40,   TMR,  0.00,  0.000,  0.00,  0.000,  0.000,  0.000,  0.000
         0,     0,15, 0:03:07, 0:03:17,    10,  2.20,  2.20,   TMR,  0.00,  0.000,  0.00,  0.000,  0.000,  0.000,  0.000
         0,     0,16, 0:03:07, 0:03:17,    10,  5.70,  5.70,   TMR,  0.00,  0.000,  0.00,  0.000,  0.000,  0.000,  0.000
         0,     0,17, 0:03:07, 0:03:17,    10,  3.90,  3.90,   TMR,  0.00,  0.000,  0.00,  0.000,  0.000,  0.000,  0.000
         0,     0,18, 0:03:07, 0:03:17,    10,  1.10,  1.10,   TMR,  0.00,  0.000,  0.00,  0.000,  0.000,  0.000,  0.000
         0,     0,19, 0:03:07, 0:03:17,    10,  4.80,  4.80,   TMR,  0.00,  0.000,  0.00,  0.000,  0.000,  0.000,  0.000
         0,     0,20, 0:03:07, 0:03:17,    10,  3.50,  3.50,   TMR,  0.00,  0.000,  0.00,  0.000,  0.000,  0.000,  0.000
         0,     0,21, 0:03:07, 0:03:17,    10,  0.80,  0.80,   TMR,  0.00,  0.000,  0.00,  0.000,  0.000,  0.000,  0.000
         0,     0,22, 0:03:07, 0:03:17,    10,  3.70,  3.70,   TMR,  0.00,  0.000,  0.00,  0.000,  0.000,  0.000,  0.000
         0,     0,23, 0:03:07, 0:03:17,    10,  5.60,  5.60,   TMR,  0.00,  0.000,  0.00,  0.000,  0.000,  0.000,  0.000
         0,     0,24, 0:03:07, 0:03:17,    10, 12.90, 12.90,   TMR,  0.00,  0.000,  0.00,  0.000,  0.000,  0.000,  0.000
         0,     0,25, 0:03:07, 0:03:17,    10,  9.90,  9.90,   TMR,  0.00,  0.000,  0.00,  0.000,  0.000,  0.000,  0.000
         0,     0,26, 0:03:07, 0:03:17,    10,  1.80,  1.80,   TMR,  0.00,  0.000,  0.00,  0.000,  0.000,  0.000,  0.000
         0,     0,27, 0:03:07, 0:03:17,    10,  5.00,  5.00,   TMR,  0.00,  0.000,  0.00,  0.000,  0.000,  0.000,  0.000
         0,     0,28, 0:03:07, 0:03:17,    10,  2.90,  2.90,   TMR,  0.00,  0.000,  0.00,  0.000,  0.000,  0.000,  0.000
         0,     0,29, 0:03:07, 0:03:17,    10,  9.00,  9.00,   TMR,  0.00,  0.000,  0.00,  0.000,  0.000,  0.000,  0.000
         0,     0,30, 0:03:07, 0:03:17,    10,  9.90,  9.90,   TMR,  0.00,  0.000,  0.00,  0.000,  0.000,  0.000,  0.000
         0,     0, 1, 0:03:07, 0:03:17,    10,  1.50,  1.50,   TMR,  0.00,  0.000,  0.00,  0.000,  0.000,  0.000,  0.000
         0,     0, 2, 0:03:07, 0:03:17,    10,  1.80,  1.80,   TMR,  0.00,  0.000,  0.00,  0.000,  0.000,  0.000,  0.000
         0,     0, 3, 0:03:07, 0:03:17,    10,  2.60,  2.60,   TMR,  0.00,  0.000,  0.00,  0.000,  0.000,  0.000,  0.000
         0,     0, 4, 0:03:07, 0:03:17,    10,  2.30,  2.30,   TMR,  0.00,  0.000,  0.00,  0.000,  0.000,  0.000,  0.000
         0,     0, 5, 0:03:07, 0:03:17,    10,  6.40,  6.40,   TMR,  0.00,  0.000,  0.00,  0.000,  0.000,  0.000,  0.000
         0,     0, 6, 0:03:07, 0:03:17,    10,  0.30,  0.30,   TMR,  0.00,  0.000,  0.00,  0.000,  0.000,  0.000,  0.000
  12200083,  5137,25, 0:05:56, 0:08:25,   149,  9.90,  9.20,   TMR,  0.70,  0.000,  0.70,  0.000,  0.000,  0.000,  0.000
  12448398,  6011, 9, 0:10:58, 0:13:40,   162,  1.00,  0.90,   TMR,  0.10,  0.000,  0.10,  0.000,  0.000,  0.000,  0.000
  12448398,  6011,10, 0:13:44, 0:14:25,    41,  0.80,  0.60,   TMR,  0.20,  0.000,  0.20,  0.000,  0.000,  0.000,  0.000
  12200083,  5137,25, 0:08:49, 0:14:34,   345,  9.20,  7.60,   TMR,  1.60,  0.000,  1.60,  0.000,  0.000,  0.000,  0.000
  12448398,  6011,11, 0:14:51, 0:15:17,    26,  1.70,  1.70,   TMR,  0.00,  0.000,  0.00,  0.000,  0.000,  0.000,  0.000
  12200083,  5137,26, 0:14:44, 0:16:37,   113,  1.80,  1.30,   TMR,  0.50,  0.000,  0.50,  0.000,  0.000,  0.000,  0.000
  12706624,  7033,25, 0:14:51, 0:16:44,   113,  7.60,  7.20,   TMR,  0.40,  0.000,  0.40,  0.000,  0.000,  0.000,  0.000
  12448398,  6011,13, 0:15:40, 0:18:05,   145,  5.70,  5.20,   TMR,  0.50,  0.000,  0.50,  0.000,  0.000,  0.000,  0.000
  12706624,  7033,26, 0:17:28, 0:19:27,   119,  1.30,  1.00,   TMR,  0.30,  0.000,  0.30,  0.000,  0.000,  0.000,  0.000
  12448398,  6011,15, 0:18:33, 0:19:46,    73,  2.10,  1.90,   TMR,  0.20,  0.000,  0.20,  0.000,  0.000,  0.000,  0.000
  12706624,  7033,25, 0:19:35, 0:21:53,   138,  7.20,  6.80,   TMR,  0.40,  0.000,  0.40,  0.000,  0.000,  0.000,  0.000
  12448398,  6011,16, 0:20:06, 0:21:53,   107,  5.70,  5.40,   TMR,  0.30,  0.000,  0.30,  0.000,  0.000,  0.000,  0.000
  12200083,  5137,27, 0:17:26, 0:21:58,   272,  5.00,  3.90,   TMR,  1.10,  0.000,  1.10,  0.000,  0.000,  0.000,  0.000
  12448398,  6011,17, 0:22:30, 0:22:52,    22,  3.90,  3.70,   TMR,  0.20,  0.000,  0.20,  0.000,  0.000,  0.000,  0.000
  12200083,  5137,28, 0:22:35, 0:23:21,    46,  2.90,  2.60,   TMR,  0.30,  0.000,  0.30,  0.000,  0.000,  0.000,  0.000
  12199987,  5041,14, 0:23:44, 0:24:30,    46,  2.40,  2.30,   TMR,  0.10,  0.000,  0.10,  0.000,  0.000,  0.000,  0.000
  12706624,  7033,30, 0:23:56, 0:25:01,    65,  9.80,  9.50,   TMR,  0.30,  0.000,  0.30,  0.000,  0.000,  0.000,  0.000
  12448398,  6011,19, 0:23:23, 0:25:26,   123,  4.80,  4.50,   TMR,  0.30,  0.000,  0.30,  0.000,  0.000,  0.000,  0.000
  12199987,  5041,18, 0:25:06, 0:25:33,    27,  1.10,  1.00,   TMR,  0.10,  0.000,  0.10,  0.000,  0.000,  0.000,  0.000
  12448398,  6011,22, 0:25:59, 0:27:00,    61,  3.70,  3.60,   TMR,  0.10,  0.000,  0.10,  0.000,  0.000,  0.000,  0.000
  12706624,  7033,30, 0:26:07, 0:27:32,    85,  9.50,  9.20,   TMR,  0.30,  0.000,  0.30,  0.000,  0.000,  0.000,  0.000
  12448398,  6011,26, 0:27:35, 0:27:40,     5,  1.00,  1.00,   TMR,  0.00,  0.000,  0.00,  0.000,  0.000,  0.000,  0.000
  12448398,  6011,28, 0:27:46, 0:29:46,   120,  2.60,  2.40,   TMR,  0.20,  0.000,  0.20,  0.000,  0.000,  0.000,  0.000
  12706614,  7023, 5, 0:28:14, 0:32:20,   246,  6.30,  5.70,   TMR,  0.60,  0.000,  0.60,  0.000,  0.000,  0.000,  0.000
  13008774,  8015,24, 0:08:07, 0:33:29,  1522, 12.90,  8.80,   TMR,  4.10,  0.000,  4.10,  0.000,  0.000,  0.000,  0.000
  12199987,  5041,23, 0:26:00, 0:33:34,   454,  5.60,  4.40,   TMR,  1.20,  0.000,  1.20,  0.000,  0.000,  0.000,  0.000
  12706614,  7023, 3, 0:32:32, 0:34:16,   104,  2.60,  2.30,   TMR,  0.30,  0.000,  0.30,  0.000,  0.000,  0.000,  0.000
  11953971,  4001, 6, 0:34:31, 0:34:33,     2,  0.30,  0.30,   TMR,  0.00,  0.000,  0.00,  0.000,  0.000,  0.000,  0.000
  12448398,  6011,29, 0:30:21, 0:34:51,   270,  9.00,  8.10,   TMR,  0.90,  0.000,  0.90,  0.000,  0.000,  0.000,  0.000
  12706624,  7033,30, 0:30:26, 0:35:11,   285,  9.20,  8.00,   TMR,  1.20,  0.000,  1.20,  0.000,  0.000,  0.000,  0.000
  12199987,  5041,23, 0:33:55, 0:35:47,   112,  4.40,  4.10,   TMR,  0.30,  0.000,  0.30,  0.000,  0.000,  0.000,  0.000
  12199987,  5041,21, 0:36:06, 0:36:23,    17,  0.80,  0.80,   TMR,  0.00,  0.000,  0.00,  0.000,  0.000,  0.000,  0.000
  12448398,  6011,30, 0:35:25, 0:36:43,    78,  8.00,  7.80,   TMR,  0.20,  0.000,  0.20,  0.000,  0.000,  0.000,  0.000
  12706624,  7033,29, 0:35:30, 0:36:45,    75,  8.10,  7.70,   TMR,  0.40,  0.000,  0.40,  0.000,  0.000,  0.000,  0.000
  12199987,  5041,26, 0:36:38, 0:37:10,    32,  1.00,  1.00,   TMR,  0.00,  0.000,  0.00,  0.000,  0.000,  0.000,  0.000
  13008774,  8015,25, 0:34:36, 0:37:15,   159,  6.80,  6.30,   TMR,  0.50,  0.000,  0.50,  0.000,  0.000,  0.000,  0.000
  11953971,  4001, 5, 0:34:51, 0:37:50,   179,  5.60,  4.80,   TMR,  0.80,  0.000,  0.80,  0.000,  0.000,  0.000,  0.000
  11953971,  4001, 5, 0:38:09, 0:38:34,    25,  4.80,  4.60,   TMR,  0.20,  0.000,  0.20,  0.000,  0.000,  0.000,  0.000
  12448477,  6090,19, 0:32:03, 0:38:59,   416,  4.50,  2.60,   TMR,  1.90,  0.000,  1.90,  0.000,  0.000,  0.000,  0.000
  11953971,  4001, 3, 0:39:05, 0:40:29,    84,  2.30,  2.10,   TMR,  0.20,  0.000,  0.20,  0.000,  0.000,  0.000,  0.000
  12448398,  6011,25, 0:37:27, 0:40:46,   199,  6.30,  5.70,   TMR,  0.60,  0.000,  0.60,  0.000,  0.000,  0.000,  0.000
  12199987,  5041,24, 0:37:47, 0:40:48,   181,  8.80,  8.10,   TMR,  0.70,  0.000,  0.70,  0.000,  0.000,  0.000,  0.000
  12448477,  6090,15, 0:40:09, 0:41:43,    94,  1.90,  1.20,   TMR,  0.70,  0.000,  0.70,  0.000,  0.000,  0.000,  0.000
  12706624,  7033,29, 0:37:14, 0:42:53,   339,  7.70,  6.40,   TMR,  1.30,  0.000,  1.30,  0.000,  0.000,  0.000,  0.000
  12706610,  7019, 1, 0:38:59, 0:43:10,   251,  1.40,  0.70,   TMR,  0.70,  0.000,  0.70,  0.000,  0.000,  0.000,  0.000
  12448398,  6011,23, 0:42:15, 0:43:15,    60,  4.10,  3.90,   TMR,  0.20,  0.000,  0.20,  0.000,  0.000,  0.000,  0.000
  11953971,  4001, 5, 0:40:54, 0:43:35,   161,  4.60,  3.80,   TMR,  0.80,  0.000,  0.80,  0.000,  0.000,  0.000,  0.000
  12706613,  7022,10, 0:42:48, 0:44:12,    84,  0.60,  0.50,   TMR,  0.10,  0.000,  0.10,  0.000,  0.000,  0.000,  0.000
  12448477,  6090,15, 0:42:27, 0:44:23,   116,  1.20,  0.80,   TMR,  0.40,  0.000,  0.40,  0.000,  0.000,  0.000,  0.000
  11953971,  4001, 9, 0:44:22, 0:45:14,    52,  0.80,  0.70,   TMR,  0.10,  0.000,  0.10,  0.000,  0.000,  0.000,  0.000
  12448398,  6011,23, 0:43:39, 0:45:47,   128,  3.90,  3.50,   TMR,  0.40,  0.000,  0.40,  0.000,  0.000,  0.000,  0.000
  12448398,  6011,23, 0:46:09, 0:46:58,    49,  3.50,  3.40,   TMR,  0.10,  0.000,  0.10,  0.000,  0.000,  0.000,  0.000
  12706613,  7022,15, 0:44:32, 0:47:29,   177,  0.80,  0.40,   TMR,  0.40,  0.000,  0.40,  0.000,  0.000,  0.000,  0.000
  11953971,  4001,11, 0:45:33, 0:47:40,   127,  1.60,  1.10,   TMR,  0.50,  0.000,  0.50,  0.000,  0.000,  0.000,  0.000
  12448398,  6011,22, 0:47:24, 0:47:46,    22,  3.60,  3.50,   TMR,  0.10,  0.000,  0.10,  0.000,  0.000,  0.000,  0.000
  12706624,  7033,29, 0:43:25, 0:47:59,   274,  6.30,  5.30,   TMR,  1.00,  0.000,  1.00,  0.000,  0.000,  0.000,  0.000
  12199987,  5041,25, 0:42:03, 0:48:16,   373,  5.70,  4.60,   TMR,  1.10,  0.000,  1.10,  0.000,  0.000,  0.000,  0.000
  12448477,  6090,17, 0:44:33, 0:49:20,   287,  3.70,  2.30,   TMR,  1.40,  0.000,  1.40,  0.000,  0.000,  0.000,  0.000
  12706610,  7019, 3, 0:46:28, 0:49:59,   211,  2.10,  1.50,   TMR,  0.60,  0.000,  0.60,  0.000,  0.000,  0.000,  0.000
  12706613,  7022,16, 0:47:34, 0:50:03,   149,  5.30,  5.00,   TMR,  0.30,  0.000,  0.30,  0.000,  0.000,  0.000,  0.000
  12706624,  7033,30, 0:49:00, 0:50:23,    83,  7.80,  7.40,   TMR,  0.40,  0.000,  0.40,  0.000,  0.000,  0.000,  0.000
  12199987,  5041,25, 0:49:06, 0:51:03,   117,  4.60,  4.20,   TMR,  0.40,  0.000,  0.40,  0.000,  0.000,  0.000,  0.000
  11953971,  4001,13, 0:49:48, 0:51:24,    96,  5.20,  4.80,   TMR,  0.40,  0.000,  0.40,  0.000,  0.000,  0.000,  0.000
  12448392,  6005, 7, 0:52:02, 0:52:07,     5,  0.10,  0.20,   TMR, -0.10,  0.000,  0.00,  0.000,  0.000,  0.000,  0.000
  12706624,  7033,30, 0:50:58, 0:52:12,    74,  7.40,  7.20,   TMR,  0.20,  0.000,  0.20,  0.000,  0.000,  0.000,  0.000
  11953971,  4001,14, 0:51:47, 0:52:14,    27,  2.30,  2.20,   TMR,  0.10,  0.000,  0.10,  0.000,  0.000,  0.000,  0.000
  12706613,  7022,17, 0:50:08, 0:52:28,   140,  2.30,  2.00,   TMR,  0.30,  0.000,  0.30,  0.000,  0.000,  0.000,  0.000
  11953971,  4001,15, 0:52:37, 0:52:41,     4,  0.40,  0.40,   TMR,  0.00,  0.000,  0.00,  0.000,  0.000,  0.000,  0.000
  12706613,  7022,18, 0:52:36, 0:52:46,    10,  1.00,  1.00,   TMR,  0.00,  0.000,  0.00,  0.000,  0.000,  0.000,  0.000
  12706610,  7019, 3, 0:50:10, 0:53:30,   200,  1.50,  0.80,   TMR,  0.70,  0.000,  0.70,  0.000,  0.000,  0.000,  0.000
  12448392,  6005,10, 0:52:27, 0:53:35,    68,  0.50,  0.40,   TMR,  0.10,  0.000,  0.10,  0.000,  0.000,  0.000,  0.000
  11953971,  4001,16, 0:52:47, 0:53:48,    61,  5.00,  4.60,   TMR,  0.40,  0.000,  0.40,  0.000,  0.000,  0.000,  0.000
  12448477,  6090,22, 0:51:26, 0:54:22,   176,  3.50,  2.70,   TMR,  0.80,  0.000,  0.80,  0.000,  0.000,  0.000,  0.000
  11953971,  4001,18, 0:54:24, 0:54:34,    10,  1.00,  0.90,   TMR,  0.10,  0.000,  0.10,  0.000,  0.000,  0.000,  0.000
  12200070,  5124,30, 0:52:22, 0:54:34,   132,  7.20,  6.90,   TMR,  0.30,  0.000,  0.30,  0.000,  0.000,  0.000,  0.000
  12199987,  5041,24, 0:51:13, 0:55:00,   227,  8.10,  7.50,   TMR,  0.60,  0.000,  0.60,  0.000,  0.000,  0.000,  0.000
  12706642,  7051,29, 0:51:53, 0:55:00,   187,  5.40,  4.60,   TMR,  0.80,  0.000,  0.80,  0.000,  0.000,  0.000,  0.000
  11953971,  4001,18, 0:54:55, 0:55:29,    34,  0.90,  0.90,   TMR,  0.00,  0.000,  0.00,  0.000,  0.000,  0.000,  0.000
  12200070,  5124,26, 0:55:00, 0:56:02,    62,  1.00,  0.90,   TMR,  0.10,  0.000,  0.10,  0.000,  0.000,  0.000,  0.000
  12199987,  5041,23, 0:55:20, 0:56:08,    48,  3.40,  3.20,   TMR,  0.20,  0.000,  0.20,  0.000,  0.000,  0.000,  0.000
  12448477,  6090,22, 0:55:25, 0:56:15,    50,  2.70,  2.50,   TMR,  0.20,  0.000,  0.20,  0.000,  0.000,  0.000,  0.000
  12706613,  7022,20, 0:52:57, 0:56:25,   208,  3.50,  3.00,   TMR,  0.50,  0.000,  0.50,  0.000,  0.000,  0.000,  0.000
  11953971,  4001,19, 0:55:40, 0:56:27,    47,  2.60,  2.20,   TMR,  0.40,  0.000,  0.40,  0.000,  0.000,  0.000,  0.000
  12706613,  7022,22, 0:56:38, 0:56:42,     4,  2.50,  2.50,   TMR,  0.00,  0.000,  0.00,  0.000,  0.000,  0.000,  0.000
  12706613,  7022,26, 0:56:56, 0:56:59,     3,  0.90,  0.90,   TMR,  0.00,  0.000,  0.00,  0.000,  0.000,  0.000,  0.000
  12706610,  7019, 1, 0:54:09, 0:57:14,   185,  0.70,  0.10,   TMR,  0.60,  0.000,  0.60,  0.000,  0.000,  0.000,  0.000
  12706610,  7019, 1, 0:57:26, 0:57:47,    21,  0.10,  0.10,   TMR,  0.00,  0.000,  0.00,  0.000,  0.000,  0.000,  0.000
  11953971,  4001,20, 0:57:04, 0:58:05,    61,  3.00,  2.70,   TMR,  0.30,  0.000,  0.30,  0.000,  0.000,  0.000,  0.000
  12199987,  5041,24, 0:56:22, 0:58:06,   104,  7.50,  7.10,   TMR,  0.40,  0.000,  0.40,  0.000,  0.000,  0.000,  0.000
  12448392,  6005,11, 0:53:40, 0:58:23,   283,  1.10,  0.10,   TMR,  1.00,  0.000,  1.00,  0.000,  0.000,  0.000,  0.000
  12706613,  7022,29, 0:57:20, 0:58:46,    86,  4.60,  4.30,   TMR,  0.30,  0.000,  0.30,  0.000,  0.000,  0.000,  0.000
  12199987,  5041,19, 0:58:45, 0:59:21,    36,  2.20,  2.00,   TMR,  0.20,  0.000,  0.20,  0.000,  0.000,  0.000,  0.000
  12706610,  7019, 1, 0:57:58, 0:59:33,    95,  0.10,  0.00,   TMR,  0.10,  0.000,  0.10,  0.000,  0.000,  0.000,  0.000
  11953971,  4001,29, 0:58:56, 0:59:47,    51,  4.30,  4.10,   TMR,  0.20,  0.000,  0.20,  0.000,  0.000,  0.000,  0.000
  12448392,  6005,11, 0:58:45, 1:00:01,    76,  0.10,  0.00,   TMR,  0.10,  0.000,  0.10,  0.000,  0.000,  0.000,  0.000
  12200070,  5124,18, 0:59:36, 1:00:05,    29,  0.90,  0.80,   TMR,  0.10,  0.000,  0.10,  0.000,  0.000,  0.000,  0.000
  12706642,  7051,30, 0:57:28, 1:00:20,   172,  6.90,  6.20,   TMR,  0.70,  0.000,  0.70,  0.000,  0.000,  0.000,  0.000
  12706610,  7019, 2, 0:59:38, 1:01:40,   122,  1.80,  1.40,   TMR,  0.40,  0.000,  0.40,  0.000,  0.000,  0.000,  0.000
  12200070,  5124,17, 1:00:22, 1:03:05,   163,  2.00,  1.50,   TMR,  0.50,  0.000,  0.50,  0.000,  0.000,  0.000,  0.000
  11953971,  4001,30, 1:00:30, 1:04:05,   215,  6.20,  5.10,   TMR,  1.10,  0.000,  1.10,  0.000,  0.000,  0.000,  0.000
  12200070,  5124,17, 1:03:21, 1:05:33,   132,  1.50,  1.30,   TMR,  0.20,  0.000,  0.20,  0.000,  0.000,  0.000,  0.000
  12706642,  7051,29, 1:00:48, 1:05:35,   287,  4.10,  3.00,   TMR,  1.10,  0.000,  1.10,  0.000,  0.000,  0.000,  0.000
  12448392,  6005,12, 1:00:06, 1:05:52,   346,  1.40,  0.40,   TMR,  1.00,  0.000,  1.00,  0.000,  0.000,  0.000,  0.000
  12706610,  7019, 2, 1:02:09, 1:05:56,   227,  1.40,  0.70,   TMR,  0.70,  0.000,  0.70,  0.000,  0.000,  0.000,  0.000
  12706634,  7043, 5, 0:56:56, 1:06:46,   590,  3.80,  2.30,   TMR,  1.50,  0.000,  1.50,  0.000,  0.000,  0.000,  0.000
  12200070,  5124,15, 1:05:42, 1:06:52,    70,  0.40,  0.20,   TMR,  0.20,  0.000,  0.20,  0.000,  0.000,  0.000,  0.000
  12448392,  6005,13, 1:05:59, 1:07:23,    84,  4.80,  4.50,   TMR,  0.30,  0.000,  0.30,  0.000,  0.000,  0.000,  0.000
  12706613,  7022,27, 0:59:20, 1:07:37,   497,  3.80,  2.70,   TMR,  1.10,  0.000,  1.10,  0.000,  0.000,  0.000,  0.000
  12706613,  7022,26, 1:07:42, 1:07:48,     6,  0.90,  0.90,   TMR,  0.00,  0.000,  0.00,  0.000,  0.000,  0.000,  0.000
  11953971,  4001,30, 1:04:26, 1:07:54,   208,  5.10,  4.30,   TMR,  0.80,  0.000,  0.80,  0.000,  0.000,  0.000,  0.000
  12706642,  7051,28, 1:05:41, 1:09:01,   200,  2.40,  1.80,   TMR,  0.60,  0.000,  0.60,  0.000,  0.000,  0.000,  0.000
  11953971,  4001,29, 1:08:15, 1:09:28,    73,  3.00,  2.60,   TMR,  0.40,  0.000,  0.40,  0.000,  0.000,  0.000,  0.000
  12706610,  7019, 2, 1:06:32, 1:09:32,   180,  0.70,  0.30,   TMR,  0.40,  0.000,  0.40,  0.000,  0.000,  0.000,  0.000
  12706613,  7022,25, 1:07:55, 1:09:47,   112,  4.20,  4.00,   TMR,  0.20,  0.000,  0.20,  0.000,  0.000,  0.000,  0.000
  12706642,  7051,27, 1:09:35, 1:10:34,    59,  2.70,  2.60,   TMR,  0.10,  0.000,  0.10,  0.000,  0.000,  0.000,  0.000
  11953971,  4001,29, 1:09:44, 1:10:39,    55,  2.60,  2.30,   TMR,  0.30,  0.000,  0.30,  0.000,  0.000,  0.000,  0.000
  12706642,  7051,26, 1:10:41, 1:11:05,    24,  0.90,  0.90,   TMR,  0.00,  0.000,  0.00,  0.000,  0.000,  0.000,  0.000
  12706613,  7022,23, 1:10:15, 1:12:13,   118,  3.20,  2.90,   TMR,  0.30,  0.000,  0.30,  0.000,  0.000,  0.000,  0.000
  12706610,  7019, 3, 1:09:39, 1:12:17,   158,  0.80,  0.40,   TMR,  0.40,  0.000,  0.40,  0.000,  0.000,  0.000,  0.000
  12706642,  7051,25, 1:11:18, 1:12:19,    61,  4.00,  3.70,   TMR,  0.30,  0.000,  0.30,  0.000,  0.000,  0.000,  0.000
  12706634,  7043, 4, 1:07:05, 1:12:21,   316,  2.20,  1.40,   TMR,  0.80,  0.000,  0.80,  0.000,  0.000,  0.000,  0.000
  11953971,  4001,28, 1:11:27, 1:12:55,    88,  1.80,  1.30,   TMR,  0.50,  0.000,  0.50,  0.000,  0.000,  0.000,  0.000
  12448392,  6005,14, 1:08:21, 1:13:21,   300,  2.10,  1.30,   TMR,  0.80,  0.000,  0.80,  0.000,  0.000,  0.000,  0.000
  12448392,  6005,13, 1:13:47, 1:13:48,     1,  4.50,  4.50,   TMR,  0.00,  0.000,  0.00,  0.000,  0.000,  0.000,  0.000
  11953971,  4001,27, 1:13:26, 1:14:32,    66,  2.60,  2.20,   TMR,  0.40,  0.000,  0.40,  0.000,  0.000,  0.000,  0.000
  12706634,  7043, 5, 1:12:42, 1:15:03,   141,  2.30,  2.10,   TMR,  0.20,  0.000,  0.20,  0.000,  0.000,  0.000,  0.000
  11499184,  2074, 9, 1:15:03, 1:15:10,     7,  0.70,  0.70,   TMR,  0.00,  0.000,  0.00,  0.000,  0.000,  0.000,  0.000
  12706610,  7019, 4, 1:12:30, 1:15:50,   200,  1.40,  0.70,   TMR,  0.70,  0.000,  0.70,  0.000,  0.000,  0.000,  0.000
  12706634,  7043, 3, 1:15:27, 1:15:52,    25,  0.40,  0.40,   TMR,  0.00,  0.000,  0.00,  0.000,  0.000,  0.000,  0.000
  11953971,  4001,30, 1:15:49, 1:15:54,     5,  4.30,  4.30,   TMR,  0.00,  0.000,  0.00,  0.000,  0.000,  0.000,  0.000
  12706613,  7022,20, 1:12:21, 1:15:59,   218,  2.70,  2.20,   TMR,  0.50,  0.000,  0.50,  0.000,  0.000,  0.000,  0.000
  11499184,  2074,10, 1:15:17, 1:16:58,   101,  0.40,  0.10,   TMR,  0.30,  0.000,  0.30,  0.000,  0.000,  0.000,  0.000
  11499184,  2074,11, 1:17:27, 1:17:45,    18,  0.00,  0.00,   TMR,  0.00,  0.000,  0.00,  0.000,  0.000,  0.000,  0.000
  12706610,  7019, 4, 1:16:30, 1:19:00,   150,  0.80,  0.40,   TMR,  0.40,  0.000,  0.40,  0.000,  0.000,  0.000,  0.000
  12706613,  7022,19, 1:16:12, 1:19:05,   173,  2.00,  1.70,   TMR,  0.30,  0.000,  0.30,  0.000,  0.000,  0.000,  0.000
  11953971,  4001,30, 1:16:04, 1:19:12,   188,  4.30,  3.60,   TMR,  0.70,  0.000,  0.70,  0.000,  0.000,  0.000,  0.000
  12706610,  7019, 1, 1:19:58, 1:20:08,    10,  0.00,  0.00,   TMR,  0.00,  0.000,  0.00,  0.000,  0.000,  0.000,  0.000
  12706610,  7019, 2, 1:20:18, 1:20:29,    11,  0.30,  0.30,   TMR,  0.00,  0.000,  0.00,  0.000,  0.000,  0.000,  0.000
  12706613,  7022,20, 1:19:13, 1:20:37,    84,  2.20,  2.00,   TMR,  0.20,  0.000,  0.20,  0.000,  0.000,  0.000,  0.000
  11953971,  4001,29, 1:19:42, 1:20:38,    56,  2.30,  2.10,   TMR,  0.20,  0.000,  0.20,  0.000,  0.000,  0.000,  0.000
  12706642,  7051,24, 1:12:42, 1:20:47,   485,  7.10,  5.50,   TMR,  1.60,  0.000,  1.60,  0.000,  0.000,  0.000,  0.000
  12706642,  7051,23, 1:21:11, 1:22:15,    64,  2.90,  2.70,   TMR,  0.20,  0.000,  0.20,  0.000,  0.000,  0.000,  0.000
  12200070,  5124,16, 1:07:06, 1:22:23,   917,  4.60,  2.50,   TMR,  2.10,  0.000,  2.10,  0.000,  0.000,  0.000,  0.000
  11499184,  2074,22, 1:18:59, 1:22:27,   208,  2.50,  1.80,   TMR,  0.70,  0.000,  0.70,  0.000,  0.000,  0.000,  0.000
  12200046,  5100,19, 1:22:03, 1:22:28,    25,  1.70,  1.60,   TMR,  0.10,  0.000,  0.10,  0.000,  0.000,  0.000,  0.000
  12706613,  7022,21, 1:20:44, 1:23:06,   142,  0.80,  0.60,   TMR,  0.20,  0.000,  0.20,  0.000,  0.000,  0.000,  0.000
  11953971,  4001,25, 1:22:33, 1:23:11,    38,  3.70,  3.60,   TMR,  0.10,  0.000,  0.10,  0.000,  0.000,  0.000,  0.000
  12200046,  5100,19, 1:22:46, 1:23:15,    29,  1.60,  1.50,   TMR,  0.10,  0.000,  0.10,  0.000,  0.000,  0.000,  0.000
  11499184,  2074,24, 1:22:40, 1:23:29,    49,  5.60,  5.20,   TMR,  0.40,  0.000,  0.40,  0.000,  0.000,  0.000,  0.000
  12706601,  7010,28, 1:21:15, 1:24:20,   185,  1.30,  0.80,   TMR,  0.50,  0.000,  0.50,  0.000,  0.000,  0.000,  0.000
  12200046,  5100,15, 1:23:43, 1:24:23,    40,  0.20,  0.10,   TMR,  0.10,  0.000,  0.10,  0.000,  0.000,  0.000,  0.000
  11953971,  4001,24, 1:23:47, 1:24:43,    56,  5.20,  4.90,   TMR,  0.30,  0.000,  0.30,  0.000,  0.000,  0.000,  0.000
  12706613,  7022,17, 1:23:34, 1:25:13,    99,  1.30,  1.10,   TMR,  0.20,  0.000,  0.20,  0.000,  0.000,  0.000,  0.000
  12200046,  5100,14, 1:25:01, 1:25:24,    23,  1.30,  1.30,   TMR,  0.00,  0.000,  0.00,  0.000,  0.000,  0.000,  0.000
  12448392,  6005,13, 1:14:13, 1:25:29,   676,  4.60,  2.80,   TMR,  1.80,  0.000,  1.80,  0.000,  0.000,  0.000,  0.000
  11953971,  4001,24, 1:25:06, 1:26:01,    55,  4.90,  4.60,   TMR,  0.30,  0.000,  0.30,  0.000,  0.000,  0.000,  0.000
  11499184,  2074,22, 1:25:25, 1:26:04,    39,  1.80,  1.60,   TMR,  0.20,  0.000,  0.20,  0.000,  0.000,  0.000,  0.000
  12200046,  5100,14, 1:26:00, 1:26:04,     4,  1.30,  1.30,   TMR,  0.00,  0.000,  0.00,  0.000,  0.000,  0.000,  0.000
  12706613,  7022,17, 1:25:32, 1:26:10,    38,  1.10,  1.10,   TMR,  0.00,  0.000,  0.00,  0.000,  0.000,  0.000,  0.000
  12448392,  6005,14, 1:26:22, 1:26:24,     2,  1.30,  1.30,   TMR,  0.00,  0.000,  0.00,  0.000,  0.000,  0.000,  0.000
  12706613,  7022,15, 1:26:20, 1:28:13,   113,  0.00,  0.00,   TMR,  0.00,  0.000,  0.00,  0.000,  0.000,  0.000,  0.000
  12448392,  6005,13, 1:26:32, 1:28:17,   105,  2.80,  2.50,   TMR,  0.30,  0.000,  0.30,  0.000,  0.000,  0.000,  0.000
  12200070,  5124,16, 1:22:46, 1:28:27,   341,  2.50,  1.70,   TMR,  0.80,  0.000,  0.80,  0.000,  0.000,  0.000,  0.000
  11953971,  4001,23, 1:26:45, 1:28:31,   106,  2.70,  2.30,   TMR,  0.40,  0.000,  0.40,  0.000,  0.000,  0.000,  0.000
  12200046,  5100,17, 1:26:56, 1:28:31,    95,  1.10,  0.80,   TMR,  0.30,  0.000,  0.30,  0.000,  0.000,  0.000,  0.000
  12706613,  7022,14, 1:28:21, 1:29:02,    41,  1.30,  1.20,   TMR,  0.10,  0.000,  0.10,  0.000,  0.000,  0.000,  0.000
  11953971,  4001,22, 1:28:42, 1:29:05,    23,  1.60,  1.40,   TMR,  0.20,  0.000,  0.20,  0.000,  0.000,  0.000,  0.000
  12448517,  6130, 7, 1:29:12, 1:29:39,    27,  0.10,  0.20,   TMR, -0.10,  0.000,  0.00,  0.000,  0.000,  0.000,  0.000
  12448517,  6130,10, 1:29:55, 1:30:05,    10,  0.10,  0.00,   TMR,  0.10,  0.000,  0.10,  0.000,  0.000,  0.000,  0.000
  12706601,  7010,29, 1:24:39, 1:30:29,   350,  2.10,  0.70,   TMR,  1.40,  0.000,  1.40,  0.000,  0.000,  0.000,  0.000
  12448517,  6130,11, 1:30:10, 1:30:50,    40,  0.00,  0.00,   TMR,  0.00,  0.000,  0.00,  0.000,  0.000,  0.000,  0.000
  12706613,  7022,13, 1:29:25, 1:31:19,   114,  2.50,  2.30,   TMR,  0.20,  0.000,  0.20,  0.000,  0.000,  0.000,  0.000
  12448392,  6005,12, 1:28:21, 1:31:20,   179,  0.40,  0.00,   TMR,  0.40,  0.000,  0.40,  0.000,  0.000,  0.000,  0.000
  12706601,  7010,29, 1:30:53, 1:32:02,    69,  0.70,  0.40,   TMR,  0.30,  0.000,  0.30,  0.000,  0.000,  0.000,  0.000
  12200070,  5124,19, 1:29:19, 1:32:56,   217,  1.50,  1.00,   TMR,  0.50,  0.000,  0.50,  0.000,  0.000,  0.000,  0.000
  21307343,  6027,25, 1:29:56, 1:34:44,   288,  3.60,  2.50,   TMR,  1.10,  0.000,  1.10,  0.000,  0.000,  0.000,  0.000
  12706613,  7022,14, 1:31:24, 1:34:46,   202,  1.20,  0.90,   TMR,  0.30,  0.000,  0.30,  0.000,  0.000,  0.000,  0.000
  12200091,  5145,30, 1:31:11, 1:34:48,   217,  3.60,  2.80,   TMR,  0.80,  0.000,  0.80,  0.000,  0.000,  0.000,  0.000
  12448517,  6130,16, 1:31:23, 1:34:51,   208,  1.70,  1.20,   TMR,  0.50,  0.000,  0.50,  0.000,  0.000,  0.000,  0.000
  12200091,  5145,30, 1:35:14, 1:35:57,    43,  2.80,  2.60,   TMR,  0.20,  0.000,  0.20,  0.000,  0.000,  0.000,  0.000
  11499184,  2074,24, 1:26:58, 1:36:17,   559,  4.60,  2.30,   TMR,  2.30,  0.000,  2.30,  0.000,  0.000,  0.000,  0.000
  12448517,  6130,17, 1:34:58, 1:36:18,    80,  0.80,  0.60,   TMR,  0.20,  0.000,  0.20,  0.000,  0.000,  0.000,  0.000
  12200046,  5100,23, 1:30:37, 1:36:18,   341,  2.30,  1.30,   TMR,  1.00,  0.000,  1.00,  0.000,  0.000,  0.000,  0.000
  21307343,  6027,25, 1:35:19, 1:37:25,   126,  2.50,  2.20,   TMR,  0.30,  0.000,  0.30,  0.000,  0.000,  0.000,  0.000
  12448517,  6130,19, 1:36:42, 1:37:57,    75,  1.00,  0.80,   TMR,  0.20,  0.000,  0.20,  0.000,  0.000,  0.000,  0.000
  12200046,  5100,23, 1:36:29, 1:38:03,    94,  1.30,  1.00,   TMR,  0.30,  0.000,  0.30,  0.000,  0.000,  0.000,  0.000
  12706601,  7010,27, 1:32:30, 1:38:33,   363,  2.20,  1.00,   TMR,  1.20,  0.000,  1.20,  0.000,  0.000,  0.000,  0.000
  12706601,  7010,29, 1:38:41, 1:39:14,    33,  0.40,  0.20,   TMR,  0.20,  0.000,  0.20,  0.000,  0.000,  0.000,  0.000
  12200046,  5100,24, 1:38:17, 1:39:28,    71,  2.30,  2.00,   TMR,  0.30,  0.000,  0.30,  0.000,  0.000,  0.000,  0.000
  12448517,  6130,23, 1:38:36, 1:39:30,    54,  1.00,  0.90,   TMR,  0.10,  0.000,  0.10,  0.000,  0.000,  0.000,  0.000
  21307343,  6027,22, 1:38:24, 1:39:30,    66,  1.40,  1.20,   TMR,  0.20,  0.000,  0.20,  0.000,  0.000,  0.000,  0.000
  21307343,  6027,26, 1:40:33, 1:41:25,    52,  0.90,  0.80,   TMR,  0.10,  0.000,  0.10,  0.000,  0.000,  0.000,  0.000
  12448517,  6130,25, 1:40:08, 1:41:29,    81,  2.20,  2.00,   TMR,  0.20,  0.000,  0.20,  0.000,  0.000,  0.000,  0.000
  12706601,  7010,24, 1:39:39, 1:42:04,   145,  2.00,  1.50,   TMR,  0.50,  0.000,  0.50,  0.000,  0.000,  0.000,  0.000
  21307343,  6027,25, 1:41:47, 1:42:16,    29,  2.00,  1.90,   TMR,  0.10,  0.000,  0.10,  0.000,  0.000,  0.000,  0.000
  12448517,  6130,24, 1:42:13, 1:43:45,    92,  1.50,  1.20,   TMR,  0.30,  0.000,  0.30,  0.000,  0.000,  0.000,  0.000
  12200046,  5100,23, 1:40:02, 1:44:09,   247,  0.90,  0.20,   TMR,  0.70,  0.000,  0.70,  0.000,  0.000,  0.000,  0.000
  12706601,  7010,25, 1:42:26, 1:44:13,   107,  1.90,  1.60,   TMR,  0.30,  0.000,  0.30,  0.000,  0.000,  0.000,  0.000
  12706601,  7010,24, 1:44:41, 1:44:43,     2,  1.20,  1.20,   TMR,  0.00,  0.000,  0.00,  0.000,  0.000,  0.000,  0.000
  12200046,  5100,25, 1:44:42, 1:44:49,     7,  1.60,  1.60,   TMR,  0.00,  0.000,  0.00,  0.000,  0.000,  0.000,  0.000
  12200070,  5124,20, 1:35:58, 1:46:20,   622,  2.00,  0.70,   TMR,  1.30,  0.000,  1.30,  0.000,  0.000,  0.000,  0.000
  12200046,  5100,26, 1:45:03, 1:46:42,    99,  0.80,  0.50,   TMR,  0.30,  0.000,  0.30,  0.000,  0.000,  0.000,  0.000
  21307343,  6027, 6, 1:46:33, 1:46:50,    17,  0.30,  0.30,   TMR,  0.00,  0.000,  0.00,  0.000,  0.000,  0.000,  0.000
  12448517,  6130,24, 1:44:54, 1:48:04,   190,  1.20,  0.80,   TMR,  0.40,  0.000,  0.40,  0.000,  0.000,  0.000,  0.000
  12706601,  7010,25, 1:44:58, 1:48:12,   194,  1.60,  1.00,   TMR,  0.60,  0.000,  0.60,  0.000,  0.000,  0.000,  0.000
  12200046,  5100,27, 1:46:53, 1:48:23,    90,  1.00,  0.60,   TMR,  0.40,  0.000,  0.40,  0.000,  0.000,  0.000,  0.000
  12200070,  5124,21, 1:46:28, 1:49:16,   168,  0.50,  0.20,   TMR,  0.30,  0.000,  0.30,  0.000,  0.000,  0.000,  0.000
  12448517,  6130,25, 1:48:22, 1:49:31,    69,  1.00,  0.80,   TMR,  0.20,  0.000,  0.20,  0.000,  0.000,  0.000,  0.000
  12706601,  7010,27, 1:48:34, 1:49:49,    75,  0.60,  0.40,   TMR,  0.20,  0.000,  0.20,  0.000,  0.000,  0.000,  0.000
  12200046,  5100,30, 1:49:46, 1:50:04,    18,  2.60,  2.60,   TMR,  0.00,  0.000,  0.00,  0.000,  0.000,  0.000,  0.000
  12200070,  5124,22, 1:49:24, 1:50:48,    84,  1.20,  1.10,   TMR,  0.10,  0.000,  0.10,  0.000,  0.000,  0.000,  0.000
  21307343,  6027, 5, 1:46:57, 1:50:52,   235,  2.00,  1.40,   TMR,  0.60,  0.000,  0.60,  0.000,  0.000,  0.000,  0.000
  12200046,  5100,27, 1:50:23, 1:51:11,    48,  0.40,  0.20,   TMR,  0.20,  0.000,  0.20,  0.000,  0.000,  0.000,  0.000
  12448517,  6130,29, 1:50:14, 1:52:04,   110,  0.20,  0.00,   TMR,  0.20,  0.000,  0.20,  0.000,  0.000,  0.000,  0.000
  12200070,  5124,22, 1:51:08, 1:52:26,    78,  1.10,  0.90,   TMR,  0.20,  0.000,  0.20,  0.000,  0.000,  0.000,  0.000
  12200046,  5100,22, 1:54:14, 1:54:20,     6,  0.90,  0.90,   TMR,  0.00,  0.000,  0.00,  0.000,  0.000,  0.000,  0.000
  12200046,  5100,21, 1:55:03, 1:55:36,    33,  0.20,  0.20,   TMR,  0.00,  0.000,  0.00,  0.000,  0.000,  0.000,  0.000
  12200046,  5100,20, 1:55:56, 1:56:14,    18,  0.70,  0.70,   TMR,  0.00,  0.000,  0.00,  0.000,  0.000,  0.000,  0.000
  21307343,  6027, 5, 1:51:05, 1:56:19,   314,  1.40,  0.70,   TMR,  0.70,  0.000,  0.70,  0.000,  0.000,  0.000,  0.000
  12200046,  5100,24, 1:56:36, 1:57:11,    35,  0.80,  0.70,   TMR,  0.10,  0.000,  0.10,  0.000,  0.000,  0.000,  0.000
  12448517,  6130,28, 1:52:50, 1:57:56,   306,  0.70,  0.10,   TMR,  0.60,  0.000,  0.60,  0.000,  0.000,  0.000,  0.000
  12706601,  7010,30, 1:50:14, 1:58:10,   476,  2.60,  1.10,   TMR,  1.50,  0.000,  1.50,  0.000,  0.000,  0.000,  0.000
  12200046,  5100,24, 1:57:24, 1:58:36,    72,  0.70,  0.50,   TMR,  0.20,  0.000,  0.20,  0.000,  0.000,  0.000,  0.000
  21307343,  6027, 1, 1:57:20, 1:58:43,    83,  0.00,  0.00,   TMR,  0.00,  0.000,  0.00,  0.000,  0.000,  0.000,  0.000
  12448517,  6130,30, 1:58:21, 1:59:17,    56,  1.10,  0.90,   TMR,  0.20,  0.000,  0.20,  0.000,  0.000,  0.000,  0.000
  12448517,  6130,29, 1:59:42, 1:59:44,     2,  0.00,  0.00,   TMR,  0.00,  0.000,  0.00,  0.000,  0.000,  0.000,  0.000
  21307343,  6027, 2, 1:59:04, 2:00:20,    76,  0.30,  0.20,   TMR,  0.10,  0.000,  0.10,  0.000,  0.000,  0.000,  0.000
  12448517,  6130,29, 2:00:13, 2:01:23,    70,  0.00,  0.00,   TMR,  0.00,  0.000,  0.00,  0.000,  0.000,  0.000,  0.000
  21307343,  6027, 3, 2:00:29, 2:01:47,    78,  0.40,  0.30,   TMR,  0.10,  0.000,  0.10,  0.000,  0.000,  0.000,  0.000
  12448517,  6130,28, 2:01:30, 2:01:48,    18,  0.10,  0.00,   TMR,  0.10,  0.000,  0.10,  0.000,  0.000,  0.000,  0.000
  12706601,  7010,30, 1:59:29, 2:01:59,   150,  0.90,  0.60,   TMR,  0.30,  0.000,  0.30,  0.000,  0.000,  0.000,  0.000
  12200046,  5100,24, 2:01:33, 2:02:18,    45,  0.40,  0.40,   TMR,  0.00,  0.000,  0.00,  0.000,  0.000,  0.000,  0.000
  12448517,  6130,27, 2:01:53, 2:03:01,    68,  0.20,  0.10,   TMR,  0.10,  0.000,  0.10,  0.000,  0.000,  0.000,  0.000
  12200091,  5145,13, 2:02:25, 2:03:08,    43,  2.20,  2.20,   TMR,  0.00,  0.000,  0.00,  0.000,  0.000,  0.000,  0.000
  12706601,  7010,30, 2:02:14, 2:03:17,    63,  0.60,  0.60,   TMR,  0.00,  0.000,  0.00,  0.000,  0.000,  0.000,  0.000
  12200091,  5145,13, 2:03:23, 2:03:32,     9,  2.20,  2.20,   TMR,  0.00,  0.000,  0.00,  0.000,  0.000,  0.000,  0.000
  21307343,  6027, 5, 2:02:29, 2:03:34,    65,  0.70,  0.60,   TMR,  0.10,  0.000,  0.10,  0.000,  0.000,  0.000,  0.000
  12448517,  6130,26, 2:03:07, 2:03:40,    33,  0.50,  0.50,   TMR,  0.00,  0.000,  0.00,  0.000,  0.000,  0.000,  0.000
  21307343,  6027, 5, 2:03:43, 2:05:14,    91,  0.60,  0.30,   TMR,  0.30,  0.000,  0.30,  0.000,  0.000,  0.000,  0.000
  12200070,  5124,12, 2:02:18, 2:05:44,   206,  0.00,  0.00,   TMR,  0.00,  0.000,  0.00,  0.000,  0.000,  0.000,  0.000
  12200070,  5124,11, 2:05:52, 2:06:56,    64,  0.00,  0.00,   TMR,  0.00,  0.000,  0.00,  0.000,  0.000,  0.000,  0.000
  21307343,  6027, 5, 2:05:33, 2:07:14,   101,  0.30,  0.20,   TMR,  0.10,  0.000,  0.10,  0.000,  0.000,  0.000,  0.000
  12448517,  6130,25, 2:04:06, 2:08:46,   280,  0.80,  0.20,   TMR,  0.60,  0.000,  0.60,  0.000,  0.000,  0.000,  0.000
  21307343,  6027, 4, 2:07:30, 2:08:49,    79,  0.30,  0.20,   TMR,  0.10,  0.000,  0.10,  0.000,  0.000,  0.000,  0.000
  12200070,  5124,10, 2:07:02, 2:08:54,   112,  0.10,  0.00,   TMR,  0.10,  0.000,  0.10,  0.000,  0.000,  0.000,  0.000
  12448517,  6130,24, 2:08:52, 2:10:16,    84,  0.40,  0.30,   TMR,  0.10,  0.000,  0.10,  0.000,  0.000,  0.000,  0.000
  12448517,  6130,22, 2:10:23, 2:12:43,   140,  0.90,  0.50,   TMR,  0.40,  0.000,  0.40,  0.000,  0.000,  0.000,  0.000
  12448434,  6047,11, 2:12:00, 2:12:56,    56,  0.00,  0.00,   TMR,  0.00,  0.000,  0.00,  0.000,  0.000,  0.000,  0.000
  12448517,  6130,21, 2:12:48, 2:13:14,    26,  0.20,  0.20,   TMR,  0.00,  0.000,  0.00,  0.000,  0.000,  0.000,  0.000
  12200070,  5124, 9, 2:09:15, 2:13:15,   240,  0.60,  0.20,   TMR,  0.40,  0.000,  0.40,  0.000,  0.000,  0.000,  0.000
  12200070,  5124, 8, 2:13:20, 2:13:26,     6,  0.10,  0.10,   TMR,  0.00,  0.000,  0.00,  0.000,  0.000,  0.000,  0.000
  12448517,  6130,20, 2:13:20, 2:14:03,    43,  0.60,  0.60,   TMR,  0.00,  0.000,  0.00,  0.000,  0.000,  0.000,  0.000
  12448434,  6047,12, 2:13:02, 2:14:06,    64,  0.00,  0.00,   TMR,  0.00,  0.000,  0.00,  0.000,  0.000,  0.000,  0.000
  12200070,  5124, 7, 2:13:32, 2:14:06,    34,  0.10,  0.10,   TMR,  0.00,  0.000,  0.00,  0.000,  0.000,  0.000,  0.000
  12448434,  6047,13, 2:14:49, 2:14:56,     7,  2.20,  2.20,   TMR,  0.00,  0.000,  0.00,  0.000,  0.000,  0.000,  0.000
  12200070,  5124, 6, 2:14:27, 2:15:27,    60,  0.30,  0.20,   TMR,  0.10,  0.000,  0.10,  0.000,  0.000,  0.000,  0.000
  12448517,  6130,19, 2:14:09, 2:16:20,   131,  0.80,  0.60,   TMR,  0.20,  0.000,  0.20,  0.000,  0.000,  0.000,  0.000
  12200070,  5124, 5, 2:15:34, 2:16:24,    50,  0.20,  0.20,   TMR,  0.00,  0.000,  0.00,  0.000,  0.000,  0.000,  0.000
  12200070,  5124, 4, 2:16:31, 2:17:09,    38,  0.20,  0.20,   TMR,  0.00,  0.000,  0.00,  0.000,  0.000,  0.000,  0.000
  12448517,  6130,20, 2:16:49, 2:17:11,    22,  0.60,  0.60,   TMR,  0.00,  0.000,  0.00,  0.000,  0.000,  0.000,  0.000
  12200070,  5124, 3, 2:17:15, 2:18:14,    59,  0.30,  0.20,   TMR,  0.10,  0.000,  0.10,  0.000,  0.000,  0.000,  0.000
  12200070,  5124, 2, 2:18:21, 2:18:32,    11,  0.30,  0.20,   TMR,  0.10,  0.000,  0.10,  0.000,  0.000,  0.000,  0.000
  12706618,  7027, 7, 2:17:49, 2:18:40,    51,  0.20,  0.10,   TMR,  0.10,  0.000,  0.10,  0.000,  0.000,  0.000,  0.000
  12448517,  6130,22, 2:17:34, 2:19:19,   105,  0.50,  0.30,   TMR,  0.20,  0.000,  0.20,  0.000,  0.000,  0.000,  0.000
  12706642,  7051, 5, 2:19:32, 2:19:46,    14,  0.20,  0.20,   TMR,  0.00,  0.000,  0.00,  0.000,  0.000,  0.000,  0.000
  12448517,  6130,23, 2:19:40, 2:21:11,    91,  0.20,  0.10,   TMR,  0.10,  0.000,  0.10,  0.000,  0.000,  0.000,  0.000
  12448517,  6130,24, 2:21:17, 2:21:19,     2,  0.30,  0.30,   TMR,  0.00,  0.000,  0.00,  0.000,  0.000,  0.000,  0.000
  12706618,  7027,10, 2:19:49, 2:21:21,    92,  0.00,  0.00,   TMR,  0.00,  0.000,  0.00,  0.000,  0.000,  0.000,  0.000
  12448517,  6130,25, 2:21:25, 2:22:58,    93,  0.20,  0.00,   TMR,  0.20,  0.000,  0.20,  0.000,  0.000,  0.000,  0.000
  12199987,  5041,12, 2:26:25, 2:26:35,    10,  0.00,  0.00,   TMR,  0.00,  0.000,  0.00,  0.000,  0.000,  0.000,  0.000
  12706618,  7027, 9, 2:26:32, 2:27:40,    68,  0.20,  0.10,   TMR,  0.10,  0.000,  0.10,  0.000,  0.000,  0.000,  0.000
  12448517,  6130,30, 2:24:42, 2:28:55,   253,  0.60,  0.00,   TMR,  0.60,  0.000,  0.60,  0.000,  0.000,  0.000,  0.000
  12199987,  5041, 9, 2:28:08, 2:29:02,    54,  0.10,  0.10,   TMR,  0.00,  0.000,  0.00,  0.000,  0.000,  0.000,  0.000
  12448517,  6130,29, 2:29:00, 2:29:05,     5,  0.00,  0.00,   TMR,  0.00,  0.000,  0.00,  0.000,  0.000,  0.000,  0.000
  12706618,  7027,12, 2:28:05, 2:29:26,    81,  0.00,  0.00,   TMR,  0.00,  0.000,  0.00,  0.000,  0.000,  0.000,  0.000
  12706618,  7027,17, 2:30:11, 2:31:33,    82,  0.60,  0.30,   TMR,  0.30,  0.000,  0.30,  0.000,  0.000,  0.000,  0.000
  12706618,  7027,18, 2:32:28, 2:33:21,    53,  0.80,  0.60,   TMR,  0.20,  0.000,  0.20,  0.000,  0.000,  0.000,  0.000
  12706618,  7027,17, 2:34:45, 2:35:51,    66,  0.30,  0.10,   TMR,  0.20,  0.000,  0.20,  0.000,  0.000,  0.000,  0.000
  12199987,  5041,13, 2:31:21, 2:36:01,   280,  2.20,  1.50,   TMR,  0.70,  0.000,  0.70,  0.000,  0.000,  0.000,  0.000
  12706618,  7027,20, 2:36:32, 2:37:17,    45,  0.60,  0.50,   TMR,  0.10,  0.000,  0.10,  0.000,  0.000,  0.000,  0.000
  12706618,  7027,22, 2:37:31, 2:38:12,    41,  0.30,  0.30,   TMR,  0.00,  0.000,  0.00,  0.000,  0.000,  0.000,  0.000
  12199987,  5041,17, 2:37:13, 2:38:17,    64,  0.10,  0.00,   TMR,  0.10,  0.000,  0.10,  0.000,  0.000,  0.000,  0.000
  12706618,  7027,24, 2:38:30, 2:39:26,    56,  0.30,  0.20,   TMR,  0.10,  0.000,  0.10,  0.000,  0.000,  0.000,  0.000
  12448442,  6055,29, 2:39:10, 2:39:30,    20,  0.00,  0.00,   TMR,  0.00,  0.000,  0.00,  0.000,  0.000,  0.000,  0.000
  12706618,  7027,23, 2:39:51, 2:40:56,    65,  0.10,  0.10,   TMR,  0.00,  0.000,  0.00,  0.000,  0.000,  0.000,  0.000
  12706618,  7027,21, 2:41:11, 2:41:41,    30,  0.20,  0.20,   TMR,  0.00,  0.000,  0.00,  0.000,  0.000,  0.000,  0.000
  12448442,  6055,30, 2:39:36, 2:41:46,   130,  0.00,  0.00,   TMR,  0.00,  0.000,  0.00,  0.000,  0.000,  0.000,  0.000
  12448442,  6055,28, 2:42:18, 2:44:27,   129,  0.00,  0.00,   TMR,  0.00,  0.000,  0.00,  0.000,  0.000,  0.000,  0.000
  12706618,  7027,16, 2:41:55, 2:44:41,   166,  1.20,  0.70,   TMR,  0.50,  0.000,  0.50,  0.000,  0.000,  0.000,  0.000
  12199987,  5041,18, 2:42:00, 2:44:47,   167,  0.60,  0.40,   TMR,  0.20,  0.000,  0.20,  0.000,  0.000,  0.000,  0.000
  12448442,  6055,27, 2:44:39, 2:45:46,    67,  0.10,  0.00,   TMR,  0.10,  0.000,  0.10,  0.000,  0.000,  0.000,  0.000
  12706618,  7027,18, 2:45:50, 2:46:30,    40,  0.40,  0.40,   TMR,  0.00,  0.000,  0.00,  0.000,  0.000,  0.000,  0.000
  12448442,  6055,26, 2:46:02, 2:47:05,    63,  0.50,  0.40,   TMR,  0.10,  0.000,  0.10,  0.000,  0.000,  0.000,  0.000
  12448442,  6055,25, 2:47:21, 2:48:10,    49,  0.00,  0.00,   TMR,  0.00,  0.000,  0.00,  0.000,  0.000,  0.000,  0.000
  12448442,  6055,24, 2:48:22, 2:49:20,    58,  0.20,  0.20,   TMR,  0.00,  0.000,  0.00,  0.000,  0.000,  0.000,  0.000
  12199987,  5041,16, 2:45:53, 2:50:12,   259,  0.70,  0.20,   TMR,  0.50,  0.000,  0.50,  0.000,  0.000,  0.000,  0.000
  12706618,  7027,14, 2:47:21, 2:50:20,   179,  0.80,  0.10,   TMR,  0.70,  0.000,  0.70,  0.000,  0.000,  0.000,  0.000
  12448442,  6055,13, 2:51:10, 2:51:29,    19,  1.50,  1.50,   TMR,  0.00,  0.000,  0.00,  0.000,  0.000,  0.000,  0.000
  12706618,  7027,14, 2:51:00, 2:51:50,    50,  0.10,  0.00,   TMR,  0.10,  0.000,  0.10,  0.000,  0.000,  0.000,  0.000
  12200066,  5120, 7, 2:51:55, 2:52:08,    13,  0.10,  0.10,   TMR,  0.00,  0.000,  0.00,  0.000,  0.000,  0.000,  0.000
  12200066,  5120,13, 2:52:48, 2:52:57,     9,  1.50,  1.60,   TMR, -0.10,  0.000,  0.00,  0.000,  0.000,  0.000,  0.000
  12706618,  7027,11, 2:52:57, 2:53:41,    44,  0.00,  0.00,   TMR,  0.00,  0.000,  0.00,  0.000,  0.000,  0.000,  0.000
  12706618,  7027,13, 2:53:56, 2:54:04,     8,  1.50,  1.50,   TMR,  0.00,  0.000,  0.00,  0.000,  0.000,  0.000,  0.000
  12199987,  5041,25, 2:54:42, 2:54:49,     7,  0.00,  0.00,   TMR,  0.00,  0.000,  0.00,  0.000,  0.000,  0.000,  0.000
  12200066,  5120,27, 2:56:06, 2:56:19,    13,  0.00,  0.00,   TMR,  0.00,  0.000,  0.00,  0.000,  0.000,  0.000,  0.000
  12706618,  7027,14, 2:54:11, 2:56:55,   164,  0.00,  0.00,   TMR,  0.00,  0.000,  0.00,  0.000,  0.000,  0.000,  0.000
  12706618,  7027,16, 2:57:05, 2:57:30,    25,  0.20,  0.20,   TMR,  0.00,  0.000,  0.00,  0.000,  0.000,  0.000,  0.000
  12448442,  6055, 5, 2:54:36, 2:57:38,   182,  0.20,  0.00,   TMR,  0.20,  0.000,  0.20,  0.000,  0.000,  0.000,  0.000
  12706618,  7027,15, 2:57:55, 2:59:13,    78,  0.00,  0.00,   TMR,  0.00,  0.000,  0.00,  0.000,  0.000,  0.000,  0.000
  12448442,  6055, 4, 2:57:46, 2:59:28,   102,  0.20,  0.10,   TMR,  0.10,  0.000,  0.10,  0.000,  0.000,  0.000,  0.000
  12199987,  5041,23, 2:59:31, 3:00:04,    33,  0.10,  0.00,   TMR,  0.10,  0.000,  0.10,  0.000,  0.000,  0.000,  0.000
  12706618,  7027, 9, 2:59:36, 3:00:36,    60,  0.10,  0.00,   TMR,  0.10,  0.000,  0.10,  0.000,  0.000,  0.000,  0.000
  12706615,  7024,13, 3:00:33, 3:00:53,    20,  1.50,  1.50,   TMR,  0.00,  0.000,  0.00,  0.000,  0.000,  0.000,  0.000
  12448442,  6055, 3, 2:59:39, 3:00:59,    80,  0.20,  0.10,   TMR,  0.10,  0.000,  0.10,  0.000,  0.000,  0.000,  0.000
  12706618,  7027, 8, 3:00:43, 3:01:20,    37,  0.10,  0.10,   TMR,  0.00,  0.000,  0.00,  0.000,  0.000,  0.000,  0.000
  12706618,  7027, 5, 3:01:35, 3:01:46,    11,  0.00,  0.00,   TMR,  0.00,  0.000,  0.00,  0.000,  0.000,  0.000,  0.000
  12448442,  6055, 1, 3:01:15, 3:01:51,    36,  0.00,  0.00,   TMR,  0.00,  0.000,  0.00,  0.000,  0.000,  0.000,  0.000
  12448442,  6055, 5, 3:02:58, 3:04:18,    80,  0.00,  0.00,   TMR,  0.00,  0.000,  0.00,  0.000,  0.000,  0.000,  0.000
  12706615,  7024,12, 3:04:12, 3:04:19,     7,  0.00,  0.00,   TMR,  0.00,  0.000,  0.00,  0.000,  0.000,  0.000,  0.000
  12706615,  7024,10, 3:04:27, 3:04:33,     6,  0.00,  0.00,   TMR,  0.00,  0.000,  0.00,  0.000,  0.000,  0.000,  0.000
  12448442,  6055, 6, 3:04:35, 3:05:17,    42,  0.20,  0.20,   TMR,  0.00,  0.000,  0.00,  0.000,  0.000,  0.000,  0.000
  12706615,  7024, 8, 3:04:58, 3:06:32,    94,  0.10,  0.10,   TMR,  0.00,  0.000,  0.00,  0.000,  0.000,  0.000,  0.000
  12448442,  6055, 3, 3:06:00, 3:06:58,    58,  0.10,  0.10,   TMR,  0.00,  0.000,  0.00,  0.000,  0.000,  0.000,  0.000
  12448442,  6055, 2, 3:07:12, 3:08:43,    91,  0.20,  0.20,   TMR,  0.00,  0.000,  0.00,  0.000,  0.000,  0.000,  0.000
  12448442,  6055, 1, 3:10:17, 3:11:26,    69,  0.00,  0.00,   TMR,  0.00,  0.000,  0.00,  0.000,  0.000,  0.000,  0.000
  12448516,  6129,17, 3:12:43, 3:13:06,    23,  0.00,  0.00,   TMR,  0.00,  0.000,  0.00,  0.000,  0.000,  0.000,  0.000
  12448442,  6055, 2, 3:12:01, 3:13:11,    70,  0.20,  0.20,   TMR,  0.00,  0.000,  0.00,  0.000,  0.000,  0.000,  0.000
  12448516,  6129,19, 3:14:12, 3:15:40,    88,  0.50,  0.50,   TMR,  0.00,  0.000,  0.00,  0.000,  0.000,  0.000,  0.000
  12448516,  6129,20, 3:15:46, 3:17:37,   111,  0.50,  0.50,   TMR,  0.00,  0.000,  0.00,  0.000,  0.000,  0.000,  0.000
  12448442,  6055, 3, 3:15:43, 3:18:36,   173,  0.10,  0.10,   TMR,  0.00,  0.000,  0.00,  0.000,  0.000,  0.000,  0.000
  12448516,  6129,21, 3:17:43, 3:18:39,    56,  0.20,  0.10,   TMR,  0.10,  0.000,  0.10,  0.000,  0.000,  0.000,  0.000
  12448442,  6055, 4, 3:18:51, 3:19:43,    52,  0.10,  0.10,   TMR,  0.00,  0.000,  0.00,  0.000,  0.000,  0.000,  0.000
  12448516,  6129,22, 3:19:00, 3:19:49,    49,  0.30,  0.20,   TMR,  0.10,  0.000,  0.10,  0.000,  0.000,  0.000,  0.000
  12706615,  7024,24, 3:19:27, 3:19:50,    23,  0.20,  0.20,   TMR,  0.00,  0.000,  0.00,  0.000,  0.000,  0.000,  0.000
  12448516,  6129,23, 3:19:56, 3:19:59,     3,  0.00,  0.00,   TMR,  0.00,  0.000,  0.00,  0.000,  0.000,  0.000,  0.000
  12448516,  6129,24, 3:20:04, 3:20:40,    36,  0.20,  0.20,   TMR,  0.00,  0.000,  0.00,  0.000,  0.000,  0.000,  0.000
  12448442,  6055, 5, 3:20:04, 3:21:44,   100,  0.00,  0.00,   TMR,  0.00,  0.000,  0.00,  0.000,  0.000,  0.000,  0.000
  12448442,  6055, 8, 3:22:48, 3:23:51,    63,  0.10,  0.10,   TMR,  0.00,  0.000,  0.00,  0.000,  0.000,  0.000,  0.000
  12448516,  6129,18, 3:22:33, 3:24:17,   104,  0.40,  0.30,   TMR,  0.10,  0.000,  0.10,  0.000,  0.000,  0.000,  0.000
  12706615,  7024,17, 3:24:06, 3:25:14,    68,  0.00,  0.00,   TMR,  0.00,  0.000,  0.00,  0.000,  0.000,  0.000,  0.000
  12448442,  6055, 9, 3:24:01, 3:25:19,    78,  0.00,  0.00,   TMR,  0.00,  0.000,  0.00,  0.000,  0.000,  0.000,  0.000
  12448516,  6129,18, 3:24:45, 3:25:26,    41,  0.30,  0.20,   TMR,  0.10,  0.000,  0.10,  0.000,  0.000,  0.000,  0.000
  12448442,  6055,10, 3:25:42, 3:26:42,    60,  0.00,  0.00,   TMR,  0.00,  0.000,  0.00,  0.000,  0.000,  0.000,  0.000
  12448442,  6055,11, 3:27:20, 3:27:48,    28,  0.00,  0.00,   TMR,  0.00,  0.000,  0.00,  0.000,  0.000,  0.000,  0.000
  12448442,  6055,12, 3:28:50, 3:29:36,    46,  0.00,  0.00,   TMR,  0.00,  0.000,  0.00,  0.000,  0.000,  0.000,  0.000
  12448516,  6129,15, 3:27:58, 3:29:40,   102,  0.00,  0.00,   TMR,  0.00,  0.000,  0.00,  0.000,  0.000,  0.000,  0.000
  12448516,  6129,14, 3:29:49, 3:30:44,    55,  0.00,  0.00,   TMR,  0.00,  0.000,  0.00,  0.000,  0.000,  0.000,  0.000
  12448442,  6055,14, 3:31:30, 3:32:02,    32,  0.00,  0.00,   TMR,  0.00,  0.000,  0.00,  0.000,  0.000,  0.000,  0.000
  12448477,  6090,23, 3:31:50, 3:33:05,    75,  0.00,  0.00,   TMR,  0.00,  0.000,  0.00,  0.000,  0.000,  0.000,  0.000
  12448442,  6055,15, 3:32:34, 3:33:37,    63,  0.00,  0.00,   TMR,  0.00,  0.000,  0.00,  0.000,  0.000,  0.000,  0.000
  12448442,  6055,16, 3:33:58, 3:36:52,   174,  0.20,  0.10,   TMR,  0.10,  0.000,  0.10,  0.000,  0.000,  0.000,  0.000
  12448442,  6055,17, 3:37:13, 3:37:51,    38,  0.00,  0.00,   TMR,  0.00,  0.000,  0.00,  0.000,  0.000,  0.000,  0.000
  12448442,  6055,18, 3:38:22, 3:39:43,    81,  0.20,  0.20,   TMR,  0.00,  0.000,  0.00,  0.000,  0.000,  0.000,  0.000
  12448516,  6129,13, 3:31:10, 3:40:05,   535,  1.40,  0.60,   TMR,  0.80,  0.000,  0.80,  0.000,  0.000,  0.000,  0.000
  12448420,  6033,13, 3:40:16, 3:40:32,    16,  0.50,  0.60,   TMR, -0.10,  0.000,  0.00,  0.000,  0.000,  0.000,  0.000
  12448516,  6129,16, 3:40:28, 3:40:32,     4,  0.10,  0.10,   TMR,  0.00,  0.000,  0.00,  0.000,  0.000,  0.000,  0.000
  12448442,  6055,19, 3:40:01, 3:40:34,    33,  0.50,  0.40,   TMR,  0.10,  0.000,  0.10,  0.000,  0.000,  0.000,  0.000
  12448442,  6055,23, 3:41:04, 3:41:10,     6,  0.00,  0.00,   TMR,  0.00,  0.000,  0.00,  0.000,  0.000,  0.000,  0.000
