         0,     0, 3, 0:03:04, 0:03:14,    10, 46.10, 46.10,  0.00
         0,     0, 4, 0:03:04, 0:03:14,    10, 43.40, 43.40,  0.00
         0,     0, 5, 0:03:04, 0:03:14,    10, 39.90, 39.90,  0.00
         0,     0, 7, 0:03:04, 0:03:14,    10, 41.10, 41.10,  0.00
         0,     0, 8, 0:03:04, 0:03:14,    10, 39.20, 39.20,  0.00
         0,     0, 1, 0:03:04, 0:03:14,    10, 41.30, 41.30,  0.00
         0,     0, 2, 0:03:04, 0:03:14,    10, 44.00, 44.00,  0.00
  12706651,     0, 8, 0:03:19, 0:03:22,     3, 36.90, 36.90,  0.00
         0,     0, 8, 0:03:30, 0:03:34,     4, 36.90, 41.20, -4.30
  12706613,  7022, 4, 0:04:22, 0:06:07,   105, 43.40, 30.30, 13.10
         0,     0, 4, 0:06:14, 0:06:26,    12, 30.30, 43.20,-12.90
  12706613,  7022, 4, 0:06:44, 0:07:12,    28, 43.30, 40.40,  2.90
         0,     0, 4, 0:07:21, 0:07:23,     2, 40.40, 43.20, -2.80
  12706707,     0, 8, 0:10:09, 0:10:43,    34, 41.20, 38.50,  2.70
         0,     0, 8, 0:10:51, 0:10:53,     2, 38.50, 41.30, -2.80
  12706618,  7027, 4, 0:15:32, 0:16:10,    38, 43.30, 36.60,  6.70
         0,     0, 4, 0:16:18, 0:16:25,     7, 36.60, 43.20, -6.60
  12199959,     0, 8, 0:16:23, 0:16:49,    26, 41.20, 41.20,  0.00
  12199959,     0, 8, 0:17:10, 0:18:29,    79, 41.20, 36.60,  4.60
         0,     0, 8, 0:18:38, 0:18:42,     4, 36.60, 41.20, -4.60
  12706707,     0, 7, 0:21:31, 0:21:56,    25, 41.10, 38.10,  3.00
         0,     0, 7, 0:22:04, 0:22:07,     3, 38.10, 41.10, -3.00
  12199959,     0, 8, 0:22:10, 0:23:02,    52, 41.20, 39.50,  1.70
         0,     0, 8, 0:23:10, 0:23:11,     1, 39.50, 41.20, -1.70
  12199974,  5028, 2, 0:20:37, 0:23:32,   175, 44.00, 12.60, 31.40
         0,     0, 2, 0:23:40, 0:24:12,    32, 12.60, 44.10,-31.50
  12706707,     0, 8, 0:25:46, 0:26:00,    14, 41.20, 41.20,  0.00
  12448517,  6130, 4, 0:26:48, 0:29:06,   138, 43.40, 29.30, 14.10
         0,     0, 4, 0:29:15, 0:29:28,    13, 29.30, 43.10,-13.80
  11499117,  2007, 1, 0:33:22, 0:34:15,    53, 41.30, 25.30, 16.00
  12448415,  6028, 4, 0:32:08, 0:34:27,   139, 43.10, 27.90, 15.20
  11953971,  4001, 3, 0:34:07, 0:34:30,    23, 46.20, 45.90,  0.30
         0,     0, 1, 0:34:23, 0:34:38,    15, 25.30, 41.30,-16.00
         0,     0, 4, 0:34:35, 0:34:50,    15, 27.90, 43.30,-15.40
  11953971,  4001, 4, 0:35:00, 0:35:16,    16, 43.50, 42.10,  1.40
  11953971,  4001, 4, 0:35:31, 0:36:03,    32, 42.20, 31.50, 10.70
         0,     0, 4, 0:36:11, 0:36:22,    11, 31.50, 43.30,-11.80
  12448412,     0, 5, 0:33:53, 0:37:28,   215, 39.80, 24.40, 15.40
         0,     0, 5, 0:37:37, 0:37:52,    15, 24.40, 41.50,-17.10
  11954042,  4072, 2, 0:43:46, 0:45:07,    81, 44.10, 42.50,  1.60
  11954042,  4072, 2, 0:45:18, 0:46:33,    75, 42.50, 24.60, 17.90
         0,     0, 2, 0:46:41, 0:47:00,    19, 24.60, 44.10,-19.50
  12200062,  1556, 5, 0:45:29, 0:47:12,   103, 41.50, 35.80,  5.70
         0,     0, 5, 0:47:21, 0:47:25,     4, 35.80, 41.60, -5.80
  12706656,  7065, 4, 0:46:41, 0:47:57,    76, 43.40, 30.60, 12.80
  12706651,     0, 8, 0:46:58, 0:48:01,    63, 41.10, 35.90,  5.20
         0,     0, 8, 0:48:09, 0:48:14,     5, 35.90, 41.20, -5.30
         0,     0, 4, 0:48:04, 0:48:16,    12, 30.60, 43.10,-12.50
  12706651,     0, 7, 0:48:20, 0:48:31,    11, 41.10, 40.20,  0.90
  11954042,  4072, 1, 0:48:29, 0:48:34,     5, 41.20, 41.30, -0.10
  12448398,  6011, 4, 0:50:03, 0:50:51,    48, 43.20, 36.30,  6.90
         0,     0, 4, 0:50:58, 0:51:04,     6, 36.30, 43.30, -7.00
  12706601,  7010, 4, 0:53:28, 0:54:53,    85, 43.30, 32.80, 10.50
         0,     0, 4, 0:55:00, 0:55:10,    10, 32.80, 43.20,-10.40
  12706618,  7027, 4, 1:02:15, 1:02:57,    42, 43.20, 34.40,  8.80
         0,     0, 4, 1:03:05, 1:03:13,     8, 34.40, 34.30,  0.10
  21268732,  6126, 2, 1:00:52, 1:03:50,   178, 44.10, 35.40,  8.70
         0,     0, 2, 1:03:59, 1:04:07,     8, 35.40, 44.00, -8.60
  12706613,  7022, 4, 1:09:50, 1:11:02,    72, 43.40, 36.80,  6.60
         0,     0, 4, 1:11:09, 1:11:15,     6, 36.80, 43.20, -6.40
  11499184,  2074, 1, 1:24:03, 1:24:57,    54, 41.30, 27.40, 13.90
         0,     0, 1, 1:25:04, 1:25:17,    13, 27.40, 41.30,-13.90
  11499184,  2074, 2, 1:25:36, 1:25:59,    23, 44.00, 37.50,  6.50
         0,     0, 2, 1:26:06, 1:26:11,     5, 37.50, 44.00, -6.50
  11724250,  3150, 1, 1:30:18, 1:32:34,   136, 41.30, 17.10, 24.20
         0,     0, 1, 1:32:42, 1:33:06,    24, 17.10, 41.30,-24.20
  11499184,  2074, 2, 1:34:06, 1:35:04,    58, 44.00, 37.90,  6.10
         0,     0, 2, 1:35:12, 1:35:17,     5, 37.90, 44.10, -6.20
  12200086,  5140, 4, 1:34:53, 1:37:19,   146, 43.30, 33.40,  9.90
         0,     0, 4, 1:37:26, 1:37:35,     9, 33.40, 43.20, -9.80
  12706621,  7030, 3, 1:39:58, 1:40:02,     4, 46.00, 46.00,  0.00
  12706621,  7030, 4, 1:40:07, 1:40:57,    50, 43.50, 32.20, 11.30
         0,     0, 4, 1:41:04, 1:41:14,    10, 32.20, 32.10,  0.10
  12706615,  7024, 3, 2:10:02, 2:13:27,   205, 46.00, 36.60,  9.40
  12706642,  7051, 4, 2:10:32, 2:13:34,   182, 43.30, 28.10, 15.20
         0,     0, 3, 2:13:34, 2:13:41,     7, 36.60, 36.40,  0.20
         0,     0, 4, 2:13:42, 2:13:56,    14, 28.10, 43.20,-15.10
  12706621,  7030, 2, 2:19:45, 2:20:29,    44, 44.10, 34.70,  9.40
         0,     0, 2, 2:20:36, 2:20:44,     8, 34.70, 44.00, -9.30
  12706630,  7039, 2, 2:21:04, 2:21:39,    35, 44.00, 44.00,  0.00
  12706630,  7039, 1, 2:21:42, 2:23:54,   132, 41.30, 27.30, 14.00
         0,     0, 1, 2:24:01, 2:24:14,    13, 27.30, 41.30,-14.00
  12199987,  5041, 2, 2:26:00, 2:29:23,   203, 44.00, 32.70, 11.30
         0,     0, 2, 2:29:30, 2:29:40,    10, 32.70, 44.00,-11.30
  12706624,  7033, 4, 2:29:48, 2:31:03,    75, 43.20, 39.00,  4.20
         0,     0, 4, 2:31:11, 2:31:15,     4, 39.00, 43.20, -4.20
  12706630,  7039, 1, 2:41:30, 2:42:29,    59, 41.30, 33.70,  7.60
         0,     0, 1, 2:42:37, 2:42:44,     7, 33.70, 41.30, -7.60
  13008774,  8015, 4, 2:42:55, 2:43:58,    63, 43.20, 35.50,  7.70
         0,     0, 4, 2:44:06, 2:44:13,     7, 35.50, 43.10, -7.60
  12448521,  6134, 1, 2:46:53, 2:49:19,   146, 41.30, 28.60, 12.70
         0,     0, 1, 2:49:26, 2:49:38,    12, 28.60, 41.30,-12.70
  12706615,  7024, 4, 2:53:29, 2:55:10,   101, 43.20, 31.10, 12.10
         0,     0, 4, 2:55:18, 2:55:29,    11, 31.10, 43.20,-12.10
  12448516,  6129, 4, 2:58:52, 2:59:55,    63, 43.20, 31.90, 11.30
         0,     0, 4, 3:00:03, 3:00:14,    11, 31.90, 43.20,-11.30
  13008774,  8015, 4, 3:08:51, 3:10:10,    79, 43.20, 38.40,  4.80
         0,     0, 4, 3:10:17, 3:10:21,     4, 38.40, 43.20, -4.80
  12448392,  6005, 2, 4:04:36, 4:04:44,     8, 44.00, 42.40,  1.60
  12448392,  6005, 2, 4:05:33, 4:05:54,    21, 42.40, 36.40,  6.00
         0,     0, 2, 4:06:02, 4:06:08,     6, 36.40, 43.90, -7.50
  12706656,  7065, 4, 4:48:12, 4:50:01,   109, 43.30, 28.90, 14.40
         0,     0, 4, 4:50:09, 4:50:23,    14, 28.90, 43.20,-14.30
  12448437,  6050, 2, 4:54:04, 4:56:30,   146, 43.90, 36.90,  7.00
         0,     0, 2, 4:56:37, 4:56:43,     6, 36.90, 44.10, -7.20
  12448437,  6050, 1, 4:58:10, 4:59:12,    62, 41.30, 36.80,  4.50
         0,     0, 1, 4:59:20, 4:59:24,     4, 36.80, 41.30, -4.50
  12706613,  7022, 2, 5:11:12, 5:12:38,    86, 44.10, 35.80,  8.30
         0,     0, 2, 5:12:45, 5:12:52,     7, 35.80, 44.10, -8.30
  12200083,  5137, 1, 6:16:01, 6:16:10,     9, 41.30, 41.30,  0.00
  11724250,  3150, 4, 6:15:37, 6:16:38,    61, 43.50, 29.10, 14.40
  12706737,  7146, 2, 6:15:52, 6:16:49,    57, 44.00, 43.70,  0.30
         0,     0, 4, 6:16:47, 6:17:01,    14, 29.10, 43.20,-14.10
  12706737,  7146, 1, 6:16:54, 6:17:52,    58, 41.30, 36.80,  4.50
         0,     0, 1, 6:17:59, 6:18:02,     3, 36.80, 41.30, -4.50
  12706609,  7018, 2, 6:17:00, 6:18:17,    77, 43.70, 31.40, 12.30
  12200004,  5058, 3, 6:17:21, 6:18:26,    65, 46.00, 33.50, 12.50
         0,     0, 2, 6:18:24, 6:18:36,    12, 31.40, 44.00,-12.60
         0,     0, 3, 6:18:35, 6:18:45,    10, 33.50, 33.30,  0.20
  21268732,  6126, 1, 6:18:32, 6:19:01,    29, 41.30, 41.20,  0.10
  11499117,  2007, 2, 6:19:05, 6:20:08,    63, 44.00, 25.50, 18.50
         0,     0, 2, 6:20:16, 6:20:34,    18, 25.50, 44.00,-18.50
  21268732,  6126, 1, 6:19:30, 6:20:38,    68, 41.20, 35.30,  5.90
         0,     0, 1, 6:20:45, 6:20:50,     5, 35.30, 41.30, -6.00
  12706624,  7033, 4, 6:19:02, 6:21:16,   134, 43.70, 20.50, 23.20
         0,     0, 4, 6:21:24, 6:21:46,    22, 20.50, 43.10,-22.60
  12200085,  5139, 4, 6:22:09, 6:22:12,     3, 43.30, 43.90, -0.60
  21268732,  6126, 2, 6:20:45, 6:22:37,   112, 44.00, 36.90,  7.10
         0,     0, 2, 6:22:44, 6:22:50,     6, 36.90, 44.00, -7.10
  21268732,  6126, 2, 6:23:01, 6:23:19,    18, 44.00, 42.50,  1.50
  12448521,  6134, 1, 6:23:27, 6:24:46,    79, 41.30, 29.90, 11.40
         0,     0, 1, 6:24:53, 6:25:03,    10, 29.90, 41.30,-11.40
  12200091,  5145, 2, 6:25:29, 6:25:58,    29, 42.40, 42.20,  0.20
  12706618,  7027, 1, 6:26:08, 6:26:48,    40, 41.30, 33.60,  7.70
  12200091,  5145, 2, 6:26:11, 6:26:53,    42, 42.20, 30.80, 11.40
  12199951,  5005, 4, 6:23:02, 6:26:54,   232, 43.80, 31.10, 12.70
         0,     0, 1, 6:26:56, 6:27:03,     7, 33.60, 41.20, -7.60
         0,     0, 4, 6:27:02, 6:27:14,    12, 31.10, 43.20,-12.10
         0,     0, 2, 6:27:01, 6:27:14,    13, 30.80, 44.10,-13.30
  12448420,  6033, 3, 6:27:03, 6:28:09,    66, 46.20, 43.50,  2.70
         0,     0, 3, 6:28:17, 6:28:18,     1, 43.50, 46.50, -3.00
  12200083,  5137, 1, 6:28:37, 6:28:47,    10, 41.20, 41.20,  0.00
  11724217,  3117, 3, 6:29:03, 6:29:18,    15, 46.60, 46.50,  0.10
  12448420,  6033, 4, 6:28:30, 6:29:52,    82, 43.30, 40.70,  2.60
         0,     0, 4, 6:30:00, 6:30:02,     2, 40.70, 43.30, -2.60
  12199987,  5041, 2, 6:29:28, 6:30:23,    55, 44.10, 44.20, -0.10
  12200085,  5139, 2, 6:32:19, 6:33:20,    61, 44.20, 39.30,  4.90
         0,     0, 2, 6:33:27, 6:33:30,     3, 39.30, 44.10, -4.80
  12200083,  5137, 4, 6:32:28, 6:34:14,   106, 43.30, 24.80, 18.50
         0,     0, 4, 6:34:23, 6:34:41,    18, 24.80, 43.10,-18.30
  12448398,  6011, 2, 6:35:23, 6:35:55,    32, 44.10, 38.40,  5.70
  12706634,  7043, 1, 6:35:15, 6:35:56,    41, 41.20, 41.10,  0.10
         0,     0, 2, 6:36:04, 6:36:08,     4, 38.40, 44.10, -5.70
  12448392,  6005, 1, 6:36:08, 6:36:20,    12, 41.10, 40.50,  0.60
  12448392,  6005, 2, 6:36:44, 6:36:50,     6, 44.10, 42.70,  1.40
  12448398,  6011, 1, 6:36:34, 6:37:01,    27, 40.50, 40.20,  0.30
  12448392,  6005, 1, 6:37:11, 6:37:17,     6, 40.20, 39.10,  1.10
         0,     0, 1, 6:37:26, 6:37:27,     1, 39.10, 41.20, -2.10
  12448392,  6005, 2, 6:37:21, 6:37:28,     7, 42.70, 41.20,  1.50
         0,     0, 2, 6:37:36, 6:37:37,     1, 41.20, 44.10, -2.90
  12448392,  6005, 1, 6:37:38, 6:37:47,     9, 41.20, 38.90,  2.30
         0,     0, 1, 6:37:55, 6:37:56,     1, 38.90, 41.40, -2.50
  11724217,  3117, 4, 6:37:12, 6:38:33,    81, 43.00, 22.00, 21.00
         0,     0, 4, 6:38:41, 6:39:01,    20, 22.00, 43.20,-21.20
  12200066,  5120, 1, 6:39:06, 6:39:20,    14, 41.40, 41.40,  0.00
  13008774,  8015, 1, 6:39:35, 6:39:40,     5, 41.40, 41.40,  0.00
  13008774,  8015, 2, 6:40:23, 6:40:28,     5, 44.00, 44.10, -0.10
  13008774,  8015, 1, 6:40:56, 6:42:17,    81, 41.40, 39.00,  2.40
         0,     0, 1, 6:42:26, 6:42:27,     1, 39.00, 41.30, -2.30
  12448415,  6028, 3, 6:42:24, 6:42:26,     2, 46.60, 46.40,  0.20
  12200086,  5140, 4, 6:41:22, 6:42:28,    66, 43.50, 37.60,  5.90
  12706621,  7030, 2, 6:40:57, 6:42:34,    97, 44.10, 31.00, 13.10
         0,     0, 4, 6:42:36, 6:42:41,     5, 37.60, 43.00, -5.40
         0,     0, 2, 6:42:43, 6:42:55,    12, 31.00, 44.10,-13.10
  12706620,  7029, 1, 6:42:54, 6:43:04,    10, 41.30, 41.30,  0.00
  13008774,  8015, 2, 6:43:17, 6:43:44,    27, 44.10, 42.90,  1.20
  12706620,  7029, 1, 6:43:30, 6:45:05,    95, 41.30, 41.10,  0.20
  12706620,  7029, 2, 6:45:10, 6:46:08,    58, 42.90, 39.90,  3.00
         0,     0, 2, 6:46:16, 6:46:19,     3, 39.90, 44.00, -4.10
  12448415,  6028, 4, 6:42:51, 6:46:43,   232, 42.90, 22.30, 20.60
  12448480,     0, 5, 6:44:23, 6:46:56,   153, 38.70, 31.10,  7.60
         0,     0, 4, 6:46:51, 6:47:11,    20, 22.30, 43.00,-20.70
         0,     0, 5, 6:47:04, 6:47:13,     9, 31.10, 31.20, -0.10
  12706634,  7043, 1, 6:45:15, 6:47:26,   131, 41.10, 20.10, 21.00
         0,     0, 1, 6:47:34, 6:47:54,    20, 20.10, 41.30,-21.20
  12448437,  6050, 4, 6:48:09, 6:48:15,     6, 43.70, 43.40,  0.30
  12706642,  7051, 2, 6:52:04, 6:52:07,     3, 44.00, 44.00,  0.00
  12448437,  6050, 4, 6:57:46, 6:57:51,     5, 43.70, 43.70,  0.00
  12706613,  7022, 4, 6:58:59, 6:59:50,    51, 43.70, 37.60,  6.10
         0,     0, 4, 6:59:57, 7:00:02,     5, 37.60, 43.10, -5.50
  12706642,  7051, 2, 6:58:16, 7:01:02,   166, 44.10, 29.10, 15.00
         0,     0, 2, 7:01:11, 7:01:25,    14, 29.10, 44.10,-15.00
  12706609,  7018, 4, 7:00:51, 7:01:36,    45, 43.10, 33.20,  9.90
         0,     0, 4, 7:01:44, 7:01:53,     9, 33.20, 43.40,-10.20
  12706628,  7037, 1, 7:02:23, 7:02:35,    12, 41.40, 41.30,  0.10
  12706628,  7037, 2, 7:02:40, 7:03:38,    58, 44.10, 35.00,  9.10
         0,     0, 2, 7:03:47, 7:03:55,     8, 35.00, 44.10, -9.10
  12200086,  5140, 3, 7:06:36, 7:06:43,     7, 46.30, 46.50, -0.20
  12448420,  6033, 4, 7:05:15, 7:06:49,    94, 43.90, 31.90, 12.00
         0,     0, 4, 7:06:57, 7:07:08,    11, 31.90, 43.20,-11.30
  12706705,     0, 7, 7:07:01, 7:07:43,    42, 40.10, 40.10,  0.00
  12706705,     0, 8, 7:07:49, 7:08:09,    20, 40.30, 40.30,  0.00
  12448420,  6033, 4, 7:07:35, 7:08:28,    53, 43.40, 42.70,  0.70
  12706705,     0, 8, 7:08:29, 7:10:06,    97, 40.30, 40.10,  0.20
  12706613,  7022, 3, 7:09:44, 7:10:13,    29, 46.60, 44.30,  2.30
  12448392,  6005, 1, 7:11:26, 7:11:30,     4, 41.30, 41.30,  0.00
  13008774,  8015, 2, 7:10:08, 7:11:30,    82, 44.10, 31.50, 12.60
         0,     0, 2, 7:11:38, 7:11:50,    12, 31.50, 44.10,-12.60
  12448408,  6021, 4, 7:13:21, 7:14:13,    52, 42.70, 42.70,  0.00
  12706705,     0, 8, 7:10:28, 7:14:57,   269, 40.10, 29.50, 10.60
         0,     0, 8, 7:15:06, 7:15:18,    12, 29.50, 41.20,-11.70
  12200081,  5135, 1, 7:15:31, 7:16:31,    60, 41.30, 30.10, 11.20
         0,     0, 1, 7:16:40, 7:16:51,    11, 30.10, 41.20,-11.10
  12200086,  5140, 2, 7:13:36, 7:16:50,   194, 44.10, 28.00, 16.10
  12706705,     0, 8, 7:16:15, 7:17:02,    47, 41.20, 39.60,  1.60
         0,     0, 8, 7:17:11, 7:17:12,     1, 39.60, 41.10, -1.50
         0,     0, 2, 7:16:57, 7:17:15,    18, 28.00, 44.00,-16.00
  13008738,  7159, 3, 7:17:51, 7:17:53,     2, 44.40, 44.30,  0.10
  12448408,  6021, 4, 7:17:42, 7:18:04,    22, 42.80, 41.60,  1.20
         0,     0, 4, 7:18:11, 7:18:12,     1, 41.60, 43.10, -1.50
  13008738,  7159, 4, 7:23:23, 7:26:18,   175, 43.00, 21.30, 21.70
         0,     0, 4, 7:26:26, 7:26:47,    21, 21.30, 43.20,-21.90
  12448518,  6131, 1, 7:29:56, 7:32:02,   126, 41.20, 15.00, 26.20
         0,     0, 1, 7:32:10, 7:32:36,    26, 15.00, 41.30,-26.30
  12200066,  5120, 2, 7:29:01, 7:32:45,   224, 44.10,  9.60, 34.50
         0,     0, 2, 7:32:52, 7:33:27,    35,  9.60, 44.00,-34.40
  12706642,  7051, 1, 7:33:16, 7:33:32,    16, 41.30, 39.10,  2.20
         0,     0, 1, 7:33:40, 7:33:41,     1, 39.10, 41.30, -2.20
  12706613,  7022, 4, 7:33:02, 7:33:39,    37, 43.40, 37.30,  6.10
  12448392,  6005, 3, 7:33:01, 7:33:41,    40, 44.40, 32.80, 11.60
         0,     0, 4, 7:33:48, 7:33:54,     6, 37.30, 43.10, -5.80
         0,     0, 3, 7:33:49, 7:34:00,    11, 32.80, 32.60,  0.20
  12706613,  7022, 4, 7:34:04, 7:34:31,    27, 43.20, 40.80,  2.40
         0,     0, 4, 7:34:39, 7:34:41,     2, 40.80, 43.20, -2.40
  12199951,  5005, 4, 7:34:51, 7:37:00,   129, 43.20, 31.30, 11.90
         0,     0, 4, 7:37:09, 7:37:20,    11, 31.30, 43.20,-11.90
  12706628,  7037, 1, 7:36:36, 7:37:51,    75, 41.30, 30.40, 10.90
         0,     0, 1, 7:37:59, 7:38:09,    10, 30.40, 41.30,-10.90
  12706628,  7037, 1, 7:38:19, 7:38:38,    19, 41.30, 39.10,  2.20
         0,     0, 1, 7:38:46, 7:38:47,     1, 39.10, 41.30, -2.20
  12706610,  7019, 2, 7:49:37, 7:50:20,    43, 44.00, 29.20, 14.80
         0,     0, 2, 7:50:29, 7:50:43,    14, 29.20, 44.00,-14.80
  12199987,  5041, 1, 8:00:01, 8:03:53,   232, 41.30, 22.40, 18.90
         0,     0, 1, 8:04:01, 8:04:19,    18, 22.40, 41.30,-18.90
  12706628,  7037, 2, 8:05:57, 8:06:34,    37, 44.00, 40.10,  3.90
         0,     0, 2, 8:06:41, 8:06:43,     2, 40.10, 44.00, -3.90
  12706628,  7037, 2, 8:06:53, 8:07:02,     9, 44.00, 43.70,  0.30
  12706628,  7037, 2, 8:07:43, 8:08:12,    29, 43.70, 36.50,  7.20
         0,     0, 2, 8:08:19, 8:08:25,     6, 36.50, 44.10, -7.60
  12448521,  6134, 1, 8:08:08, 8:08:57,    49, 41.30, 38.90,  2.40
         0,     0, 1, 8:09:05, 8:09:06,     1, 38.90, 41.20, -2.30
  12448521,  6134, 1, 8:09:16, 8:09:51,    35, 41.20, 36.20,  5.00
         0,     0, 1, 8:09:59, 8:10:03,     4, 36.20, 41.20, -5.00
  12706727,     0, 7, 8:10:30, 8:10:49,    19, 40.10, 40.10,  0.00
  13008842,     0, 8, 8:12:53, 8:13:00,     7, 41.00, 41.00,  0.00
  11724167,  3067, 1, 8:15:06, 8:16:51,   105, 41.20, 12.80, 28.40
  12448516,  6129, 2, 8:16:40, 8:17:06,    26, 44.10, 43.90,  0.20
         0,     0, 1, 8:16:59, 8:17:27,    28, 12.80, 41.30,-28.50
  12448516,  6129, 2, 8:17:15, 8:19:39,   144, 43.90, 19.90, 24.00
  12706614,  7023, 4, 8:18:06, 8:19:43,    97, 43.70, 26.20, 17.50
  12706601,  7010, 1, 8:17:37, 8:19:53,   136, 41.30, 24.90, 16.40
         0,     0, 4, 8:19:51, 8:20:08,    17, 26.20, 43.20,-17.00
         0,     0, 2, 8:19:47, 8:20:12,    25, 19.90, 44.10,-24.20
         0,     0, 1, 8:20:01, 8:20:17,    16, 24.90, 41.30,-16.40
  13323409,     0, 5, 8:25:32, 8:26:02,    30, 40.30, 40.30,  0.00
  13323409,     0, 5, 8:26:50, 8:26:52,     2, 40.20, 40.20,  0.00
  12448398,  6011, 1, 8:30:27, 8:31:45,    78, 41.30, 23.40, 17.90
         0,     0, 1, 8:31:52, 8:32:09,    17, 23.40, 41.30,-17.90
  12706727,     0, 7, 8:38:39, 8:38:43,     4, 40.10, 40.10,  0.00
  12706628,  7037, 1, 8:37:27, 8:38:47,    80, 41.40, 28.50, 12.90
         0,     0, 1, 8:38:54, 8:39:06,    12, 28.50, 41.30,-12.80
  12706727,     0, 8, 8:39:19, 8:39:22,     3, 37.70, 37.70,  0.00
         0,     0, 8, 8:39:29, 8:39:32,     3, 37.70, 41.20, -3.50
  12706727,     0, 8, 8:39:59, 8:40:27,    28, 41.20, 34.80,  6.40
         0,     0, 8, 8:40:34, 8:40:40,     6, 34.80, 41.30, -6.50
  11954042,  4072, 2, 8:40:38, 8:42:26,   108, 44.00, 29.00, 15.00
         0,     0, 2, 8:42:33, 8:42:47,    14, 29.00, 44.10,-15.10
  12706656,  7065, 2, 8:49:20, 8:50:45,    85, 44.10, 31.40, 12.70
         0,     0, 2, 8:50:52, 8:51:04,    12, 31.40, 44.10,-12.70
  12448437,  6050, 1, 8:50:05, 8:51:53,   108, 41.30, 28.00, 13.30
         0,     0, 1, 8:52:00, 8:52:12,    12, 28.00, 41.30,-13.30
  12448521,  6134, 1, 8:56:25, 8:57:52,    87, 41.30, 28.20, 13.10
         0,     0, 1, 8:57:59, 8:58:11,    12, 28.20, 41.40,-13.20
  11724250,  3150, 2, 8:57:21, 8:58:09,    48, 44.10, 33.30, 10.80
         0,     0, 2, 8:58:17, 8:58:27,    10, 33.30, 44.20,-10.90
  12448472,     0, 8, 8:57:34, 8:58:38,    64, 41.20, 38.50,  2.70
         0,     0, 8, 8:58:45, 8:58:47,     2, 38.50, 41.30, -2.80
  12448472,     0, 8, 8:58:58, 8:59:45,    47, 41.30, 37.20,  4.10
         0,     0, 8, 8:59:53, 8:59:56,     3, 37.20, 41.10, -3.90
  12706601,  7010, 1, 8:59:20, 9:00:52,    92, 41.40, 31.20, 10.20
         0,     0, 1, 9:00:59, 9:01:08,     9, 31.20, 41.30,-10.10
  12448519,     0, 5, 9:00:39, 9:02:21,   102, 36.90, 18.70, 18.20
         0,     0, 5, 9:02:29, 9:02:48,    19, 18.70, 18.90, -0.20
  11724167,  3067, 3, 9:03:48, 9:04:01,    13, 46.60, 45.70,  0.90
  11724167,  3067, 4, 9:04:10, 9:04:45,    35, 43.50, 32.20, 11.30
         0,     0, 4, 9:04:52, 9:05:02,    10, 32.20, 43.30,-11.10
  13323409,     0, 5, 9:05:10, 9:05:51,    41, 41.60, 39.60,  2.00
         0,     0, 5, 9:05:59, 9:06:00,     1, 39.60, 41.60, -2.00
         0,     0, 5, 9:06:24, 9:06:26,     2, 38.50, 41.40, -2.90
  12706737,  7146, 2, 9:06:34, 9:06:48,    14, 44.20, 44.20,  0.00
  12200079,  5133, 2, 9:06:59, 9:09:34,   155, 44.20, 24.80, 19.40
         0,     0, 2, 9:09:43, 9:10:01,    18, 24.80, 44.00,-19.20
  12200079,  5133, 2, 9:10:11, 9:10:36,    25, 44.10, 41.70,  2.40
         0,     0, 2, 9:10:44, 9:10:45,     1, 41.70, 44.10, -2.40
  12706737,  7146, 2, 9:11:12, 9:11:53,    41, 44.10, 44.10,  0.00
  12706737,  7146, 2, 9:12:02, 9:13:34,    92, 44.10, 38.60,  5.50
         0,     0, 2, 9:13:42, 9:13:46,     4, 38.60, 44.10, -5.50
  12706634,  7043, 1, 9:10:19, 9:13:49,   210, 41.30, 24.90, 16.40
  11953971,  4001, 3, 9:13:46, 9:13:58,    12, 45.80, 45.70,  0.10
         0,     0, 1, 9:13:56, 9:14:12,    16, 24.90, 41.30,-16.40
  11953971,  4001, 4, 9:14:04, 9:16:01,   117, 43.50, 20.70, 22.80
         0,     0, 4, 9:16:09, 9:16:30,    21, 20.70, 43.30,-22.60
  12706618,  7027, 2, 9:15:43, 9:16:53,    70, 44.10, 30.10, 14.00
         0,     0, 2, 9:17:00, 9:17:13,    13, 30.10, 44.20,-14.10
  12706727,     0, 8, 9:17:12, 9:17:50,    38, 41.10, 36.30,  4.80
         0,     0, 8, 9:17:57, 9:18:01,     4, 36.30, 41.20, -4.90
  12448440,     0, 7, 9:19:12, 9:20:51,    99, 40.10, 34.50,  5.60
         0,     0, 7, 9:20:59, 9:21:08,     9, 34.50, 41.00, -6.50
  12448517,  6130, 2, 9:19:35, 9:22:03,   148, 44.20, 32.20, 12.00
  12706621,  7030, 1, 9:20:24, 9:22:07,   103, 41.30, 23.10, 18.20
         0,     0, 2, 9:22:10, 9:22:21,    11, 32.20, 44.10,-11.90
         0,     0, 1, 9:22:14, 9:22:32,    18, 23.10, 41.30,-18.20
  12199959,     0, 7, 9:21:24, 9:23:16,   112, 40.70, 30.60, 10.10
         0,     0, 7, 9:23:24, 9:23:38,    14, 30.60, 41.10,-10.50
  12706707,     0, 7, 9:24:35, 9:25:38,    63, 41.20, 37.00,  4.20
         0,     0, 7, 9:25:46, 9:25:51,     5, 37.00, 41.10, -4.10
  12706737,  7146, 3, 9:26:32, 9:26:36,     4, 45.80, 45.70,  0.10
  12706707,     0, 7, 9:27:01, 9:27:40,    39, 39.70, 39.70,  0.00
         0,     0, 7, 9:27:47, 9:27:48,     1, 39.70, 41.00, -1.30
  12200083,  5137, 4, 9:27:02, 9:27:52,    50, 43.80, 35.70,  8.10
         0,     0, 4, 9:27:59, 9:28:06,     7, 35.70, 43.50, -7.80
  12448412,     0, 5, 9:29:19, 9:29:21,     2, 35.70, 35.70,  0.00
         0,     0, 5, 9:29:30, 9:29:34,     4, 35.70, 41.60, -5.90
  11724217,  3117, 2, 9:31:43, 9:32:37,    54, 44.10, 31.70, 12.40
         0,     0, 2, 9:32:44, 9:32:55,    11, 31.70, 44.10,-12.40
  12706705,     0, 8, 9:34:44, 9:35:18,    34, 41.20, 41.10,  0.10
  12706705,     0, 8, 9:35:40, 9:36:12,    32, 41.10, 41.10,  0.00
  12200091,  5145, 2, 9:36:18, 9:36:24,     6, 44.10, 44.00,  0.10
  12706705,     0, 7, 9:36:17, 9:36:28,    11, 41.00, 41.10, -0.10
  12706738,     0, 5, 9:36:15, 9:37:19,    64, 26.10, 20.90,  5.20
  12200091,  5145, 2, 9:36:35, 9:37:38,    63, 44.00, 31.40, 12.60
         0,     0, 5, 9:37:26, 9:37:44,    18, 20.90, 21.00, -0.10
         0,     0, 2, 9:37:45, 9:37:57,    12, 31.40, 44.10,-12.70
  12448412,     0, 5, 9:39:29, 9:40:47,    78, 32.60, 32.30,  0.30
         0,     0, 5, 9:40:55, 9:41:02,     7, 32.30, 41.70, -9.40
  12448412,     0, 5, 9:41:19, 9:42:05,    46, 41.70, 39.00,  2.70
         0,     0, 5, 9:42:12, 9:42:13,     1, 39.00, 41.50, -2.50
  12706705,     0, 8, 9:41:51, 9:42:30,    39, 41.00, 40.40,  0.60
  12706705,     0, 8, 9:44:43, 9:44:45,     2, 27.60, 27.60,  0.00
         0,     0, 8, 9:44:52, 9:45:06,    14, 27.60, 41.20,-13.60
  12706737,  7146, 4, 9:43:03, 9:46:14,   191, 43.40, 26.10, 17.30
  12706651,     0, 7, 9:44:45, 9:46:21,    96, 41.00, 33.60,  7.40
  12448412,     0, 5, 9:44:31, 9:46:22,   111, 41.50, 22.60, 18.90
  12706615,  7024, 2, 9:46:01, 9:46:35,    34, 44.10, 43.80,  0.30
         0,     0, 4, 9:46:21, 9:46:38,    17, 26.10, 43.20,-17.10
         0,     0, 7, 9:46:29, 9:46:39,    10, 33.60, 41.20, -7.60
         0,     0, 5, 9:46:31, 9:46:48,    17, 22.60, 22.70, -0.10
  12706615,  7024, 1, 9:46:39, 9:48:19,   100, 41.30, 21.80, 19.50
         0,     0, 1, 9:48:27, 9:48:46,    19, 21.80, 41.30,-19.50
  12706727,     0, 8, 9:49:33, 9:50:03,    30, 41.20, 37.00,  4.20
         0,     0, 8, 9:50:10, 9:50:13,     3, 37.00, 41.10, -4.10
  12706727,     0, 8, 9:50:35, 9:50:36,     1, 37.50, 37.50,  0.00
         0,     0, 8, 9:50:44, 9:50:47,     3, 37.50, 41.20, -3.70
  12200083,  5137, 4, 9:50:32, 9:51:27,    55, 43.30, 34.90,  8.40
  12448415,  6028, 2, 9:48:29, 9:51:31,   182, 43.80, 23.60, 20.20
         0,     0, 4, 9:51:34, 9:51:42,     8, 34.90, 43.20, -8.30
         0,     0, 2, 9:51:38, 9:51:58,    20, 23.60, 44.20,-20.60
  12706609,  7018, 1, 9:53:12, 9:54:04,    52, 41.30, 40.80,  0.50
  12448517,  6130, 2, 9:52:09, 9:54:30,   141, 44.20, 32.30, 11.90
         0,     0, 2, 9:54:37, 9:54:48,    11, 32.30, 44.20,-11.90
  12706609,  7018, 1, 9:54:46, 9:54:59,    13, 40.90, 40.90,  0.00
  12706618,  7027, 1, 9:55:16, 9:55:23,     7, 40.90, 40.90,  0.00
  13323409,     0, 5, 9:54:47, 9:55:47,    60, 41.50, 34.50,  7.00
         0,     0, 5, 9:55:54, 9:55:59,     5, 34.50, 34.60, -0.10
  12706609,  7018, 2, 9:55:03, 9:56:35,    92, 44.10, 29.10, 15.00
         0,     0, 2, 9:56:42, 9:56:56,    14, 29.10, 44.10,-15.00
  12706618,  7027, 2,10:00:26,10:01:30,    64, 44.10, 34.00, 10.10
  12448440,     0, 7,10:00:15,10:01:30,    75, 41.20, 37.50,  3.70
         0,     0, 7,10:01:38,10:01:42,     4, 37.50, 41.10, -3.60
         0,     0, 2,10:01:37,10:01:46,     9, 34.00, 44.10,-10.10
  12448440,     0, 7,10:03:06,10:03:35,    29, 41.10, 40.20,  0.90
  12199959,     0, 7,10:04:42,10:05:51,    69, 40.30, 33.40,  6.90
         0,     0, 7,10:05:58,10:06:08,    10, 33.40, 41.10, -7.70
  12706738,     0, 5,10:05:22,10:06:16,    54, 32.30, 28.60,  3.70
         0,     0, 5,10:06:25,10:06:35,    10, 28.60, 28.70, -0.10
  12199959,     0, 7,10:06:35,10:06:45,    10, 41.10, 40.40,  0.70
  12200004,  5058, 1,10:06:52,10:07:33,    41, 40.90, 39.70,  1.20
         0,     0, 1,10:07:40,10:07:40,     0, 39.70, 41.20, -1.50
  12199959,     0, 8,10:07:38,10:07:54,    16, 41.10, 39.20,  1.90
         0,     0, 8,10:08:02,10:08:03,     1, 39.20, 41.30, -2.10
  12200004,  5058, 1,10:08:28,10:09:39,    71, 41.20, 29.70, 11.50
  12706634,  7043, 2,10:09:14,10:09:43,    29, 44.10, 42.00,  2.10
         0,     0, 2,10:09:50,10:09:50,     0, 42.00, 43.80, -1.80
         0,     0, 1,10:09:48,10:09:59,    11, 29.70, 41.20,-11.50
  12706624,  7033, 4,10:13:29,10:13:36,     7, 43.30, 43.20,  0.10
  13008906,     0, 8,10:13:54,10:13:55,     1, 28.40, 28.40,  0.00
  12200085,  5139, 1,10:13:57,10:14:01,     4, 41.20, 41.20,  0.00
         0,     0, 8,10:14:03,10:14:16,    13, 28.40, 41.20,-12.80
  12448417,  6030, 2,10:14:31,10:15:23,    52, 43.70, 33.90,  9.80
         0,     0, 2,10:15:31,10:15:40,     9, 33.90, 44.10,-10.20
  11953971,  4001, 4,10:15:26,10:16:37,    71, 43.20, 32.80, 10.40
         0,     0, 4,10:16:46,10:16:56,    10, 32.80, 43.30,-10.50
  11953971,  4001, 4,10:17:06,10:17:32,    26, 43.50, 35.80,  7.70
  11724217,  3117, 3,10:16:45,10:17:44,    59, 45.70, 30.50, 15.20
         0,     0, 4,10:17:41,10:17:48,     7, 35.80, 43.20, -7.40
         0,     0, 3,10:17:53,10:18:06,    13, 30.50, 30.40,  0.10
  12706624,  7033, 4,10:18:21,10:19:58,    97, 43.20, 32.00, 11.20
  12706634,  7043, 2,10:18:49,10:20:02,    73, 44.10, 29.40, 14.70
  12706615,  7024, 1,10:19:00,10:20:12,    72, 41.30, 36.80,  4.50
         0,     0, 4,10:20:06,10:20:17,    11, 32.00, 43.10,-11.10
         0,     0, 1,10:20:20,10:20:24,     4, 36.80, 41.20, -4.40
         0,     0, 2,10:20:10,10:20:24,    14, 29.40, 44.10,-14.70
  12706615,  7024, 1,10:21:07,10:21:19,    12, 41.20, 41.00,  0.20
  12200062,  1556, 5,10:23:30,10:23:35,     5, 41.40, 41.50, -0.10
  12200062,  1556, 5,10:23:44,10:23:52,     8, 41.40, 41.30,  0.10
  12200062,  1556, 5,10:24:12,10:24:17,     5, 41.30, 41.30,  0.00
  12200062,  1556, 5,10:24:30,10:24:45,    15, 41.30, 41.10,  0.20
  12200062,  1556, 5,10:26:44,10:26:45,     1, 35.20, 35.30, -0.10
         0,     0, 5,10:26:54,10:26:59,     5, 35.30, 41.40, -6.10
  12200062,  1556, 5,10:28:14,10:28:15,     1, 25.30, 25.30,  0.00
         0,     0, 5,10:28:23,10:28:36,    13, 25.30, 41.60,-16.30
  12706628,  7037, 1,10:27:23,10:30:12,   169, 41.00, 26.10, 14.90
         0,     0, 1,10:30:21,10:30:35,    14, 26.10, 41.30,-15.20
  12199974,  5028, 1,10:30:45,10:31:01,    16, 41.30, 41.30,  0.00
  12706628,  7037, 2,10:30:39,10:31:52,    73, 44.10, 39.00,  5.10
         0,     0, 2,10:32:01,10:32:05,     4, 39.00, 44.10, -5.10
  12199974,  5028, 1,10:31:11,10:34:07,   176, 41.30, 10.80, 30.50
         0,     0, 1,10:34:15,10:34:45,    30, 10.80, 41.30,-30.50
  13008842,     0, 8,10:36:38,10:37:39,    61, 41.10, 35.30,  5.80
         0,     0, 8,10:37:48,10:37:54,     6, 35.30, 41.30, -6.00
  12200004,  5058, 2,10:38:53,10:39:53,    60, 44.10, 36.50,  7.60
         0,     0, 2,10:40:02,10:40:08,     6, 36.50, 44.10, -7.60
  12200086,  5140, 4,10:46:49,10:47:08,    19, 43.40, 41.50,  1.90
         0,     0, 4,10:47:16,10:47:17,     1, 41.50, 43.30, -1.80
  12448480,     0, 5,10:42:26,10:47:23,   297, 35.00, 13.70, 21.30
         0,     0, 5,10:47:30,10:47:53,    23, 13.70, 13.90, -0.20
  12448516,  6129, 4,10:47:27,10:48:23,    56, 43.30, 32.80, 10.50
         0,     0, 4,10:48:32,10:48:42,    10, 32.80, 32.80,  0.00
  11724217,  3117, 4,10:50:43,10:51:41,    58, 44.20, 30.20, 14.00
         0,     0, 4,10:51:49,10:52:02,    13, 30.20, 30.10,  0.10
  12200081,  5135, 1,10:55:43,10:55:52,     9, 41.30, 41.30,  0.00
  12200081,  5135, 2,10:56:08,10:56:37,    29, 44.10, 40.00,  4.10
         0,     0, 2,10:56:45,10:56:48,     3, 40.00, 44.00, -4.00
  12200086,  5140, 4,10:56:03,10:57:26,    83, 43.40, 34.10,  9.30
  12200081,  5135, 2,10:56:58,10:57:30,    32, 44.00, 38.10,  5.90
         0,     0, 2,10:57:38,10:57:43,     5, 38.10, 44.10, -6.00
         0,     0, 4,10:57:34,10:57:43,     9, 34.10, 43.20, -9.10
  12200066,  5120, 1,10:56:46,10:57:46,    60, 41.30, 40.90,  0.40
  12706651,     0, 8,10:57:43,10:58:50,    67, 41.20, 35.30,  5.90
         0,     0, 8,10:58:58,10:59:04,     6, 35.30, 41.20, -5.90
  12706651,     0, 8,10:59:23,10:59:35,    12, 39.70, 39.70,  0.00
  12200066,  5120, 2,10:57:53,10:59:36,   103, 44.10, 33.90, 10.20
         0,     0, 8,10:59:42,10:59:43,     1, 39.70, 41.00, -1.30
         0,     0, 2,10:59:44,10:59:54,    10, 33.90, 44.00,-10.10
  12448472,     0, 8,11:00:19,11:00:21,     2, 41.10, 41.10,  0.00
  12448472,     0, 7,11:00:36,11:02:22,   106, 40.30, 37.10,  3.20
  12199951,  5005, 4,11:00:06,11:02:23,   137, 43.90, 32.80, 11.10
         0,     0, 7,11:02:30,11:02:35,     5, 37.10, 41.00, -3.90
         0,     0, 4,11:02:31,11:02:41,    10, 32.80, 43.20,-10.40
  12448392,  6005, 2,11:02:52,11:03:21,    29, 44.00, 35.10,  8.90
         0,     0, 2,11:03:28,11:03:36,     8, 35.10, 44.10, -9.00
  12448472,     0, 8,11:03:02,11:03:36,    34, 39.10, 38.20,  0.90
         0,     0, 8,11:03:43,11:03:45,     2, 38.20, 40.90, -2.70
  12448519,     0, 5,11:04:12,11:05:19,    67, 40.50, 26.00, 14.50
         0,     0, 5,11:05:26,11:05:39,    13, 26.00, 26.10, -0.10
  12200004,  5058, 2,11:11:00,11:11:55,    55, 44.20, 34.00, 10.20
         0,     0, 2,11:12:03,11:12:13,    10, 34.00, 44.10,-10.10
  12448482,     0, 8,11:14:08,11:14:09,     1, 40.30, 40.30,  0.00
  12706630,  7039, 3,11:14:31,11:15:14,    43, 46.30, 44.20,  2.10
  12706630,  7039, 3,11:15:24,11:16:13,    49, 44.20, 40.60,  3.60
         0,     0, 3,11:16:22,11:16:26,     4, 40.60, 46.30, -5.70
  12706642,  7051, 1,11:15:15,11:16:40,    85, 41.00, 31.90,  9.10
         0,     0, 1,11:16:48,11:16:56,     8, 31.90, 41.30, -9.40
  12706630,  7039, 4,11:16:17,11:17:10,    53, 43.50, 29.80, 13.70
         0,     0, 4,11:17:18,11:17:31,    13, 29.80, 43.30,-13.50
  12448482,     0, 8,11:14:35,11:17:49,   194, 40.00, 17.20, 22.80
         0,     0, 8,11:17:57,11:18:22,    25, 17.20, 41.20,-24.00
  21268732,  6126, 2,11:17:19,11:19:02,   103, 44.20, 38.90,  5.30
         0,     0, 2,11:19:11,11:19:15,     4, 38.90, 44.10, -5.20
  12199987,  5041, 1,11:19:32,11:23:21,   229, 41.30, 32.70,  8.60
         0,     0, 1,11:23:28,11:23:35,     7, 32.70, 41.30, -8.60
  12199987,  5041, 1,11:23:45,11:26:48,   183, 41.30, 23.40, 17.90
         0,     0, 1,11:26:56,11:27:13,    17, 23.40, 41.30,-17.90
  13008842,     0, 8,11:26:28,11:27:36,    68, 41.10, 33.90,  7.20
         0,     0, 8,11:27:44,11:27:51,     7, 33.90, 41.20, -7.30
  12706620,  7029, 4,11:29:21,11:29:25,     4, 43.40, 43.80, -0.40
  12706620,  7029, 3,11:29:35,11:29:40,     5, 46.20, 46.20,  0.00
  12448521,  6134, 1,11:29:46,11:30:22,    36, 41.30, 41.30,  0.00
  21268732,  6126, 2,11:29:16,11:30:25,    69, 44.10, 41.20,  2.90
         0,     0, 2,11:30:33,11:30:34,     1, 41.20, 44.10, -2.90
  12448412,     0, 5,11:27:42,11:31:18,   216, 41.30, 20.10, 21.20
         0,     0, 5,11:31:25,11:31:42,    17, 20.10, 20.20, -0.10
  12706620,  7029, 4,11:30:59,11:32:37,    98, 43.80, 38.10,  5.70
         0,     0, 4,11:32:45,11:32:49,     4, 38.10, 43.30, -5.20
  12200081,  5135, 2,11:32:17,11:33:16,    59, 44.10, 32.20, 11.90
         0,     0, 2,11:33:24,11:33:35,    11, 32.20, 44.10,-11.90
  12448518,  6131, 4,11:35:41,11:35:47,     6, 43.30, 43.30,  0.00
  12706707,     0, 7,11:35:36,11:36:20,    44, 41.00, 35.10,  5.90
         0,     0, 7,11:36:29,11:36:36,     7, 35.10, 41.10, -6.00
  12448518,  6131, 3,11:36:31,11:36:38,     7, 46.30, 46.20,  0.10
  12706707,     0, 7,11:36:49,11:37:08,    19, 41.10, 39.00,  2.10
         0,     0, 7,11:37:15,11:37:17,     2, 39.00, 41.10, -2.10
  12706620,  7029, 4,11:37:28,11:38:20,    52, 43.30, 37.00,  6.30
         0,     0, 4,11:38:27,11:38:33,     6, 37.00, 43.40, -6.40
  11954042,  4072, 2,11:35:18,11:38:35,   197, 44.10, 30.50, 13.60
         0,     0, 2,11:38:43,11:38:55,    12, 30.50, 44.20,-13.70
  12706613,  7022, 4,11:38:44,11:40:29,   105, 43.60, 35.00,  8.60
         0,     0, 4,11:40:37,11:40:45,     8, 35.00, 43.30, -8.30
  12706621,  7030, 1,11:38:44,11:40:53,   129, 41.30, 12.20, 29.10
  12706642,  7051, 2,11:40:20,11:41:12,    52, 44.20, 34.70,  9.50
         0,     0, 1,11:41:02,11:41:30,    28, 12.20, 41.30,-29.10
         0,     0, 2,11:41:21,11:41:30,     9, 34.70, 44.00, -9.30
  13323412,     0, 5,11:41:39,11:41:40,     1, 35.70, 35.70,  0.00
         0,     0, 5,11:41:49,11:41:53,     4, 35.70, 41.60, -5.90
  12706642,  7051, 1,11:41:40,11:41:51,    11, 41.30, 38.90,  2.40
         0,     0, 1,11:41:59,11:42:00,     1, 38.90, 41.30, -2.40
  12448420,  6033, 4,11:45:58,11:47:29,    91, 43.30, 32.90, 10.40
         0,     0, 4,11:47:37,11:47:47,    10, 32.90, 43.10,-10.20
  12448518,  6131, 4,11:48:03,11:49:05,    62, 43.50, 27.40, 16.10
  12448472,     0, 8,11:47:44,11:49:06,    82, 41.10, 37.30,  3.80
         0,     0, 8,11:49:14,11:49:17,     3, 37.30, 41.30, -4.00
         0,     0, 4,11:49:12,11:49:27,    15, 27.40, 43.20,-15.80
  21268732,  6126, 1,11:50:02,11:52:05,   123, 41.40, 35.20,  6.20
         0,     0, 1,11:52:13,11:52:18,     5, 35.20, 41.30, -6.10
  12706601,  7010, 3,11:52:54,11:53:03,     9, 46.30, 46.30,  0.00
  12448519,     0, 5,11:51:59,11:53:07,    68, 40.60, 37.00,  3.60
         0,     0, 5,11:53:16,11:53:19,     3, 37.00, 41.50, -4.50
  12706656,  7065, 4,11:52:39,11:53:25,    46, 43.50, 34.40,  9.10
         0,     0, 4,11:53:34,11:53:42,     8, 34.40, 34.40,  0.00
  12200062,  1556, 5,11:54:56,11:55:01,     5, 41.50, 41.40,  0.10
  12706630,  7039, 1,11:54:22,11:55:17,    55, 41.30, 36.20,  5.10
         0,     0, 1,11:55:26,11:55:30,     4, 36.20, 41.30, -5.10
  12200062,  1556, 5,11:55:30,11:55:38,     8, 41.30, 41.30,  0.00
  12706601,  7010, 4,11:53:52,11:56:11,   139, 43.30, 25.40, 17.90
         0,     0, 4,11:56:20,11:56:37,    17, 25.40, 43.30,-17.90
  12200062,  1556, 5,11:55:50,11:57:03,    73, 41.30, 29.40, 11.90
  12448518,  6131, 2,11:56:54,11:57:11,    17, 44.00, 44.00,  0.00
         0,     0, 5,11:57:12,11:57:22,    10, 29.40, 29.50, -0.10
  12706705,     0, 8,11:57:49,11:58:01,    12, 41.20, 41.20,  0.00
  12706620,  7029, 1,11:59:43,12:00:52,    69, 41.40, 41.30,  0.10
  12706705,     0, 8,11:58:11,12:01:27,   196, 41.10, 23.40, 17.70
         0,     0, 8,12:01:35,12:01:53,    18, 23.40, 41.20,-17.80
  12448480,     0, 5,12:01:22,12:03:29,   127, 41.40, 26.90, 14.50
  12706620,  7029, 2,12:01:40,12:03:44,   124, 44.00, 43.80,  0.20
         0,     0, 5,12:03:37,12:03:49,    12, 26.90, 27.00, -0.10
  11499231,     0, 7,12:03:27,12:04:21,    54, 41.10, 41.10,  0.00
  12706610,  7019, 3,12:05:32,12:05:59,    27, 46.30, 35.70, 10.60
  12706630,  7039, 2,12:04:37,12:05:59,    82, 43.80, 34.40,  9.40
         0,     0, 3,12:06:06,12:06:14,     8, 35.70, 35.50,  0.20
         0,     0, 2,12:06:07,12:06:16,     9, 34.40, 44.20, -9.80
  11499231,     0, 8,12:04:57,12:07:18,   141, 41.20, 27.10, 14.10
         0,     0, 8,12:07:26,12:07:40,    14, 27.10, 41.10,-14.00
  12706615,  7024, 2,12:06:27,12:07:45,    78, 44.20, 31.20, 13.00
  12706620,  7029, 1,12:03:50,12:07:53,   243, 41.30, 39.90,  1.40
         0,     0, 1,12:08:00,12:08:00,     0, 39.90, 41.10, -1.20
         0,     0, 2,12:07:53,12:08:05,    12, 31.20, 44.10,-12.90
  12200091,  5145, 2,12:08:15,12:08:38,    23, 44.10, 44.10,  0.00
  12200091,  5145, 2,12:08:49,12:09:48,    59, 44.10, 28.20, 15.90
         0,     0, 2,12:09:56,12:10:11,    15, 28.20, 44.10,-15.90
  12200081,  5135, 2,12:11:31,12:12:27,    56, 44.10, 36.30,  7.80
         0,     0, 2,12:12:35,12:12:42,     7, 36.30, 44.10, -7.80
  12706613,  7022, 4,12:14:52,12:15:42,    50, 43.50, 38.80,  4.70
  12448420,  6033, 3,12:14:40,12:15:48,    68, 46.10, 41.70,  4.40
         0,     0, 4,12:15:49,12:15:53,     4, 38.80, 43.20, -4.40
         0,     0, 3,12:15:57,12:16:00,     3, 41.70, 46.10, -4.40
  12706642,  7051, 1,12:13:45,12:17:07,   202, 41.10, 28.50, 12.60
         0,     0, 1,12:17:16,12:17:28,    12, 28.50, 41.20,-12.70
  12706727,     0, 7,12:17:13,12:17:51,    38, 41.10, 35.90,  5.20
         0,     0, 7,12:17:59,12:18:05,     6, 35.90, 41.10, -5.20
  12706737,  7146, 3,12:19:28,12:19:38,    10, 46.20, 46.10,  0.10
  21268732,  6126, 2,12:17:42,12:20:24,   162, 44.10, 38.20,  5.90
         0,     0, 2,12:20:31,12:20:35,     4, 38.20, 44.00, -5.80
  12706620,  7029, 1,12:17:57,12:20:43,   166, 41.30, 41.10,  0.20
  21268732,  6126, 1,12:21:04,12:22:03,    59, 41.10, 38.70,  2.40
         0,     0, 1,12:22:11,12:22:12,     1, 38.70, 41.30, -2.60
  12706737,  7146, 4,12:19:46,12:22:08,   142, 43.20, 27.10, 16.10
         0,     0, 4,12:22:17,12:22:32,    15, 27.10, 43.20,-16.10
  12706620,  7029, 1,12:23:02,12:23:23,    21, 41.30, 41.20,  0.10
  12706614,  7023, 2,12:24:32,12:24:33,     1, 44.00, 44.00,  0.00
  12706614,  7023, 1,12:24:47,12:28:21,   214, 41.30, 13.80, 27.50
         0,     0, 1,12:28:29,12:28:55,    26, 13.80, 41.30,-27.50
  12448417,  6030, 3,12:30:03,12:30:10,     7, 46.20, 46.10,  0.10
  12706620,  7029, 1,12:30:05,12:30:37,    32, 41.30, 37.90,  3.40
         0,     0, 1,12:30:44,12:30:46,     2, 37.90, 41.30, -3.40
  13008906,     0, 8,12:31:18,12:31:22,     4, 39.80, 39.50,  0.30
         0,     0, 8,12:31:30,12:31:31,     1, 39.50, 40.80, -1.30
  12200083,  5137, 4,12:31:01,12:32:07,    66, 43.60, 41.70,  1.90
         0,     0, 4,12:32:14,12:32:15,     1, 41.70, 43.20, -1.50
  13008906,     0, 8,12:32:21,12:32:24,     3, 31.70, 31.70,  0.00
         0,     0, 8,12:32:32,12:32:41,     9, 31.70, 41.30, -9.60
  12448417,  6030, 2,12:30:58,12:33:09,   131, 44.00, 14.50, 29.50
         0,     0, 2,12:33:16,12:33:45,    29, 14.50, 44.10,-29.60
  12200083,  5137, 4,12:33:02,12:34:00,    58, 43.20, 32.40, 10.80
         0,     0, 4,12:34:08,12:34:18,    10, 32.40, 43.30,-10.90
  12706615,  7024, 1,12:34:53,12:35:49,    56, 41.30, 41.20,  0.10
  12706615,  7024, 1,12:35:58,12:37:15,    77, 41.20, 27.90, 13.30
         0,     0, 1,12:37:23,12:37:35,    12, 27.90, 41.30,-13.40
  12706613,  7022, 4,12:40:26,12:41:23,    57, 43.50, 38.20,  5.30
         0,     0, 4,12:41:31,12:41:35,     4, 38.20, 43.20, -5.00
  12706610,  7019, 2,12:46:05,12:46:46,    41, 44.10, 33.80, 10.30
  11724250,  3150, 1,12:46:36,12:46:57,    21, 41.40, 34.70,  6.70
         0,     0, 2,12:46:53,12:47:02,     9, 33.80, 44.10,-10.30
         0,     0, 1,12:47:04,12:47:10,     6, 34.70, 41.30, -6.60
  12200085,  5139, 3,12:48:23,12:48:26,     3, 46.30, 46.10,  0.20
  13008774,  8015, 4,12:49:24,12:51:11,   107, 43.40, 31.30, 12.10
         0,     0, 4,12:51:19,12:51:30,    11, 31.30, 43.20,-11.90
  12448521,  6134, 1,12:51:39,12:51:53,    14, 41.30, 41.30,  0.00
  12448521,  6134, 4,12:53:44,12:54:04,    20, 43.20, 43.30, -0.10
  12448521,  6134, 4,12:54:14,12:55:09,    55, 43.30, 36.30,  7.00
         0,     0, 4,12:55:17,12:55:23,     6, 36.30, 43.20, -6.90
  12448440,     0, 7,12:56:11,12:58:04,   113, 41.10, 35.70,  5.40
  11724250,  3150, 2,12:57:41,12:58:08,    27, 44.10, 35.80,  8.30
         0,     0, 7,12:58:12,12:58:19,     7, 35.70, 41.20, -5.50
         0,     0, 2,12:58:16,12:58:23,     7, 35.80, 44.10, -8.30
  12200085,  5139, 1,12:59:13,12:59:26,    13, 41.30, 40.80,  0.50
  12200085,  5139, 1,12:59:42,13:00:36,    54, 40.80, 21.00, 19.80
         0,     0, 1,13:00:43,13:01:02,    19, 21.00, 41.30,-20.30
  13323409,     0, 5,12:59:53,13:01:13,    80, 41.10, 33.00,  8.10
         0,     0, 5,13:01:21,13:01:28,     7, 33.00, 33.10, -0.10
  12706618,  7027, 4,13:01:23,13:01:34,    11, 43.30, 42.50,  0.80
  12200083,  5137, 2,13:02:12,13:03:04,    52, 44.10, 34.20,  9.90
         0,     0, 2,13:03:13,13:03:22,     9, 34.20, 44.10, -9.90
  13008842,     0, 7,13:03:40,13:04:38,    58, 41.20, 39.80,  1.40
         0,     0, 7,13:04:46,13:04:47,     1, 39.80, 41.00, -1.20
  12200079,  5133, 2,13:09:51,13:10:31,    40, 44.00, 39.60,  4.40
         0,     0, 2,13:10:39,13:10:42,     3, 39.60, 44.00, -4.40
  11499231,     0, 7,13:10:26,13:11:15,    49, 41.00, 39.00,  2.00
         0,     0, 7,13:11:22,13:11:24,     2, 39.00, 41.10, -2.10
  12706618,  7027, 4,13:10:36,13:11:29,    53, 42.60, 31.90, 10.70
         0,     0, 4,13:11:36,13:11:46,    10, 31.90, 43.20,-11.30
  11499231,     0, 7,13:12:13,13:13:04,    51, 41.10, 38.50,  2.60
         0,     0, 7,13:13:12,13:13:15,     3, 38.50, 41.10, -2.60
  12448415,  6028, 2,13:10:53,13:14:10,   197, 44.00, 20.20, 23.80
  12200079,  5133, 1,13:14:15,13:14:24,     9, 41.30, 41.30,  0.00
         0,     0, 2,13:14:17,13:14:40,    23, 20.20, 44.10,-23.90
  13008842,     0, 8,13:14:11,13:15:41,    90, 41.10, 34.80,  6.30
         0,     0, 8,13:15:49,13:15:55,     6, 34.80, 41.20, -6.40
  12200079,  5133, 2,13:14:51,13:15:54,    63, 44.10, 27.10, 17.00
         0,     0, 2,13:16:01,13:16:17,    16, 27.10, 44.10,-17.00
  13008738,  7159, 1,13:15:02,13:18:25,   203, 41.30, 17.00, 24.30
  12448437,  6050, 2,13:16:28,13:18:47,   139, 44.20, 28.30, 15.90
         0,     0, 1,13:18:32,13:18:56,    24, 17.00, 41.30,-24.30
         0,     0, 2,13:18:55,13:19:10,    15, 28.30, 44.00,-15.70
  12706630,  7039, 1,13:24:37,13:25:28,    51, 41.30, 40.80,  0.50
  12706630,  7039, 2,13:25:32,13:27:08,    96, 44.00, 33.00, 11.00
         0,     0, 2,13:27:15,13:27:25,    10, 33.00, 44.00,-11.00
  12448420,  6033, 3,13:27:49,13:29:11,    82, 46.20, 38.60,  7.60
         0,     0, 3,13:29:19,13:29:25,     6, 38.60, 38.50,  0.10
  12706609,  7018, 4,13:30:28,13:31:05,    37, 43.60, 34.70,  8.90
  12448440,     0, 7,13:29:58,13:31:15,    77, 41.10, 37.70,  3.40
         0,     0, 4,13:31:12,13:31:20,     8, 34.70, 43.30, -8.60
         0,     0, 7,13:31:22,13:31:26,     4, 37.70, 41.10, -3.40
  12448440,     0, 8,13:31:34,13:31:47,    13, 41.20, 40.50,  0.70
  12706618,  7027, 1,13:33:13,13:34:17,    64, 40.80, 32.10,  8.70
         0,     0, 1,13:34:24,13:34:32,     8, 32.10, 41.20, -9.10
  12706738,     0, 5,13:34:34,13:37:27,   173, 38.60, 19.90, 18.70
         0,     0, 5,13:37:35,13:37:53,    18, 19.90, 20.00, -0.10
  12706601,  7010, 4,13:39:39,13:40:05,    26, 43.50, 37.80,  5.70
  13008906,     0, 8,13:38:54,13:40:14,    80, 39.90, 32.10,  7.80
         0,     0, 4,13:40:12,13:40:17,     5, 37.80, 43.40, -5.60
  12706601,  7010, 3,13:40:14,13:40:20,     6, 46.10, 46.10,  0.00
         0,     0, 8,13:40:22,13:40:31,     9, 32.10, 41.20, -9.10
  13323409,     0, 5,13:40:45,13:41:07,    22, 41.60, 41.50,  0.10
  13323409,     0, 5,13:41:17,13:41:37,    20, 41.60, 41.60,  0.00
  13008774,  8015, 4,13:40:27,13:41:55,    88, 43.50, 31.90, 11.60
         0,     0, 4,13:42:03,13:42:14,    11, 31.90, 43.30,-11.40
  12706601,  7010, 4,13:42:25,13:42:56,    31, 43.50, 43.50,  0.00
  12448398,  6011, 2,13:41:37,13:43:14,    97, 44.00, 26.60, 17.40
         0,     0, 2,13:43:23,13:43:40,    17, 26.60, 44.00,-17.40
  13323409,     0, 5,13:43:46,13:43:52,     6, 36.50, 36.50,  0.00
         0,     0, 5,13:43:59,13:44:02,     3, 36.50, 36.60, -0.10
  12706601,  7010, 4,13:43:15,13:44:33,    78, 43.60, 37.00,  6.60
  11499117,  2007, 3,13:43:46,13:44:45,    59, 46.20, 27.70, 18.50
         0,     0, 4,13:44:42,13:44:48,     6, 37.00, 43.20, -6.20
         0,     0, 3,13:44:52,13:45:07,    15, 27.70, 27.60,  0.10
  12448420,  6033, 4,13:45:04,13:46:55,   111, 43.30, 43.10,  0.20
  12448440,     0, 7,13:48:13,13:48:52,    39, 41.10, 39.70,  1.40
         0,     0, 7,13:48:59,13:49:00,     1, 39.70, 41.10, -1.40
  12706609,  7018, 4,13:49:30,13:50:50,    80, 43.40, 34.20,  9.20
         0,     0, 4,13:50:57,13:51:05,     8, 34.20, 43.30, -9.10
  12448521,  6134, 1,13:47:10,13:51:44,   274, 41.20, 28.90, 12.30
         0,     0, 1,13:51:52,13:52:03,    11, 28.90, 41.40,-12.50
  12448420,  6033, 4,13:58:31,14:01:16,   165, 43.40, 36.40,  7.00
         0,     0, 4,14:01:24,14:01:30,     6, 36.40, 43.70, -7.30
         0,     0, 5,14:05:02,14:05:12,    10, 34.40, 34.40,  0.00
         0,     0, 4,14:05:38,14:05:48,    10, 36.10, 36.10,  0.00
         0,     0, 3,14:05:39,14:05:49,    10, 46.20, 46.20,  0.00
         0,     0, 2,14:05:59,14:06:09,    10, 36.80, 36.80,  0.00
         0,     0, 1,14:06:00,14:06:10,    10, 41.40, 41.40,  0.00
         0,     0, 8,14:06:37,14:06:47,    10, 34.40, 34.40,  0.00
         0,     0, 7,14:06:37,14:06:47,    10, 41.00, 41.00,  0.00
         0,     0, 5,14:39:38,14:39:48,    10, 13.10, 13.10,  0.00
  12199961,     0, 5,14:40:04,14:40:08,     4, 13.10,  1.30, 11.80
         0,     0, 5,14:40:15,14:40:51,    36,  1.30, 41.60,-40.30
  12448412,     0, 5,14:43:37,14:43:49,    12, 41.50, 41.60, -0.10
         0,     0, 4,14:45:27,14:45:37,    10,  0.70,  0.70,  0.00
         0,     0, 3,14:45:28,14:45:38,    10,  0.00,  0.00,  0.00
  12199961,     0, 4,14:45:35,14:45:36,     1,  0.40,  0.00,  0.40
  12199961,     0, 3,14:45:47,14:45:50,     3,  0.00,  0.00,  0.00
         0,     0, 8,14:46:12,14:46:22,    10, 10.90, 10.90,  0.00
         0,     0, 7,14:46:13,14:46:23,    10,  2.60,  2.60,  0.00
         0,     0, 4,14:45:43,14:46:27,    44,  0.00, 43.20,-43.20
         0,     0, 3,14:45:58,14:46:40,    42,  0.00, 46.00,-46.00
  11724250,  3150, 4,14:46:44,14:46:57,    13, 43.30, 39.40,  3.90
         0,     0, 4,14:47:05,14:47:08,     3, 39.40, 43.30, -3.90
  12706610,  7019, 4,14:47:22,14:47:33,    11, 43.30, 43.20,  0.10
  12706656,  7065, 3,14:47:13,14:47:55,    42, 46.10, 32.40, 13.70
  12200086,  5140, 4,14:47:43,14:48:03,    20, 43.20, 43.30, -0.10
         0,     0, 3,14:48:03,14:48:14,    11, 32.40, 46.00,-13.60
  12448392,  6005, 3,14:48:26,14:49:02,    36, 46.00, 37.30,  8.70
         0,     0, 3,14:49:10,14:49:17,     7, 37.30, 46.10, -8.80
         0,     0, 2,14:49:40,14:49:50,    10,  0.00,  0.00,  0.00
         0,     0, 1,14:49:41,14:49:51,    10,  0.00,  0.00,  0.00
  12199961,     0, 2,14:49:46,14:49:49,     3,  0.00,  0.10, -0.10
  12199961,     0, 1,14:49:58,14:50:01,     3,  0.00,  0.00,  0.00
  12199961,     0, 7,14:50:19,14:50:22,     3,  3.20,  2.60,  0.60
         0,     0, 2,14:49:57,14:50:46,    49,  0.10, 43.90,-43.80
         0,     0, 1,14:50:09,14:50:53,    44,  0.00, 41.30,-41.30
  12200086,  5140, 4,14:50:18,14:51:01,    43, 43.20, 43.20,  0.00
         0,     0, 7,14:50:30,14:51:24,    54,  2.60, 41.10,-38.50
  12199961,     0, 8,14:51:16,14:51:22,     6, 11.00, 11.00,  0.00
  12448415,  6028, 2,14:51:05,14:51:36,    31, 43.90, 43.90,  0.00
         0,     0, 8,14:51:30,14:52:02,    32, 11.00, 41.20,-30.20
  11953971,  4001, 1,14:52:09,14:52:59,    50, 41.30, 36.70,  4.60
         0,     0, 1,14:53:07,14:53:10,     3, 36.70, 41.30, -4.60
  11953971,  4001, 1,14:53:20,14:54:04,    44, 41.30, 25.60, 15.70
  12448472,     0, 8,14:53:44,14:54:14,    30, 41.20, 41.20,  0.00
  12448415,  6028, 2,14:51:46,14:54:20,   154, 43.90, 30.90, 13.00
         0,     0, 1,14:54:12,14:54:27,    15, 25.60, 41.20,-15.60
         0,     0, 2,14:54:28,14:54:40,    12, 30.90, 43.90,-13.00
  12448472,     0, 7,14:54:19,14:54:39,    20, 41.10, 41.00,  0.10
  12448437,  6050, 3,14:52:02,14:54:43,   161, 46.10, 30.50, 15.60
  12448517,  6130, 4,14:52:53,14:54:49,   116, 43.30, 31.30, 12.00
         0,     0, 3,14:54:51,14:55:04,    13, 30.50, 46.00,-15.50
         0,     0, 4,14:54:57,14:55:09,    12, 31.30, 43.10,-11.80
  12448472,     0, 7,14:55:16,14:55:19,     3, 40.50, 40.50,  0.00
  12448517,  6130, 4,14:55:20,14:57:04,   104, 43.20, 31.60, 11.60
         0,     0, 4,14:57:12,14:57:23,    11, 31.60, 43.30,-11.70
  12448472,     0, 7,14:55:47,14:57:27,   100, 40.50, 37.60,  2.90
  12199959,     0, 8,14:55:51,14:57:28,    97, 41.20, 37.40,  3.80
         0,     0, 7,14:57:35,14:57:39,     4, 37.60, 41.00, -3.40
         0,     0, 8,14:57:36,14:57:39,     3, 37.40, 41.10, -3.70
  12200086,  5140, 3,14:56:38,14:58:09,    91, 46.00, 34.00, 12.00
         0,     0, 3,14:58:18,14:58:28,    10, 34.00, 33.90,  0.10
  12200086,  5140, 3,14:58:38,14:59:02,    24, 46.10, 42.30,  3.80
         0,     0, 3,14:59:10,14:59:12,     2, 42.30, 46.20, -3.90
  12199959,     0, 7,14:58:23,14:59:18,    55, 31.90, 30.60,  1.30
  12706727,     0, 8,14:57:55,14:59:31,    96, 41.10, 33.80,  7.30
         0,     0, 7,14:59:26,14:59:40,    14, 30.60, 40.10, -9.50
         0,     0, 8,14:59:39,14:59:46,     7, 33.80, 41.30, -7.50
  12199959,     0, 7,14:59:50,15:00:17,    27, 40.10, 39.20,  0.90
         0,     0, 7,15:00:26,15:00:28,     2, 39.20, 41.10, -1.90
  11499231,     0, 8,15:04:01,15:04:15,    14, 41.20, 41.20,  0.00
  12448412,     0, 5,15:05:28,15:05:48,    20, 41.20, 41.20,  0.00
  12706621,  7030, 3,15:05:58,15:06:42,    44, 46.20, 36.00, 10.20
         0,     0, 3,15:06:49,15:06:57,     8, 36.00, 46.10,-10.10
  11499231,     0, 7,15:05:46,15:08:08,   142, 41.10, 28.30, 12.80
  12448480,     0, 5,15:08:16,15:08:25,     9, 41.20, 41.20,  0.00
         0,     0, 7,15:08:17,15:08:34,    17, 28.30, 41.10,-12.80
  12200091,  5145, 2,15:08:41,15:09:47,    66, 43.80, 29.20, 14.60
         0,     0, 2,15:09:54,15:10:08,    14, 29.20, 43.90,-14.70
  12448440,     0, 8,15:13:44,15:14:19,    35, 41.20, 41.20,  0.00
  12448408,  6021, 4,15:15:01,15:15:07,     6, 43.50, 43.10,  0.40
  12200066,  5120, 1,15:15:10,15:15:25,    15, 41.20, 36.60,  4.60
  12706620,  7029, 2,15:15:18,15:15:31,    13, 43.90, 42.20,  1.70
         0,     0, 1,15:15:34,15:15:38,     4, 36.60, 41.20, -4.60
  12448480,     0, 5,15:16:23,15:16:38,    15, 41.20, 41.10,  0.10
  12448440,     0, 8,15:17:07,15:17:09,     2, 41.20, 41.20,  0.00
  12706651,     0, 8,15:17:24,15:17:35,    11, 41.20, 40.60,  0.60
  12706651,     0, 8,15:19:12,15:19:30,    18, 40.60, 39.10,  1.50
         0,     0, 8,15:19:39,15:19:40,     1, 39.10, 41.20, -2.10
  12706651,     0, 7,15:20:22,15:21:13,    51, 41.10, 36.00,  5.10
         0,     0, 7,15:21:22,15:21:28,     6, 36.00, 41.20, -5.20
  12706651,     0, 8,15:22:17,15:22:39,    22, 41.20, 38.80,  2.40
         0,     0, 8,15:22:46,15:22:48,     2, 38.80, 41.30, -2.50
  12448472,     0, 7,15:26:57,15:28:20,    83, 41.10, 40.70,  0.40
  12448472,     0, 8,15:28:53,15:29:31,    38, 41.00, 41.00,  0.00
  12448472,     0, 7,15:30:03,15:32:46,   163, 40.70, 37.80,  2.90
         0,     0, 7,15:32:55,15:32:59,     4, 37.80, 41.10, -3.30
  12706634,  7043, 1,15:46:43,15:47:01,    18, 41.20, 37.40,  3.80
         0,     0, 1,15:47:09,15:47:12,     3, 37.40, 41.30, -3.90
  12706634,  7043, 1,15:47:23,15:47:47,    24, 41.30, 37.40,  3.90
         0,     0, 1,15:47:54,15:47:57,     3, 37.40, 41.30, -3.90
  12706609,  7018, 4,15:48:29,15:49:02,    33, 43.20, 34.50,  8.70
         0,     0, 4,15:49:11,15:49:19,     8, 34.50, 34.50,  0.00
  12199951,  5005, 2,15:48:30,15:51:09,   159, 42.10, 25.70, 16.40
         0,     0, 2,15:51:17,15:51:35,    18, 25.70, 44.00,-18.30
  12706601,  7010, 4,15:50:07,15:52:20,   133, 43.30, 27.20, 16.10
         0,     0, 4,15:52:28,15:52:43,    15, 27.20, 43.20,-16.00
  12199951,  5005, 2,15:53:17,15:53:41,    24, 44.00, 43.90,  0.10
  12448412,     0, 5,16:01:26,16:01:50,    24, 40.70, 40.70,  0.00
  21268732,  6126, 2,15:58:55,16:02:38,   223, 44.00, 22.80, 21.20
         0,     0, 2,16:02:45,16:03:06,    21, 22.80, 44.00,-21.20
  12448412,     0, 5,16:04:09,16:04:21,    12, 40.70, 40.70,  0.00
  12448519,     0, 5,16:05:05,16:05:18,    13, 40.70, 40.70,  0.00
  12706624,  7033, 2,16:03:28,16:05:26,   118, 43.90, 22.00, 21.90
         0,     0, 2,16:05:33,16:05:55,    22, 22.00, 44.10,-22.10
  12448519,     0, 5,16:05:43,16:05:53,    10, 40.70, 40.70,  0.00
  12448420,  6033, 1,16:05:11,16:06:35,    84, 41.30, 34.00,  7.30
         0,     0, 1,16:06:43,16:06:49,     6, 34.00, 41.40, -7.40
  12448516,  6129, 4,16:05:52,16:06:49,    57, 43.50, 22.90, 20.60
  12706618,  7027, 2,16:06:05,16:06:59,    54, 44.10, 31.40, 12.70
         0,     0, 4,16:06:56,16:07:16,    20, 22.90, 43.30,-20.40
         0,     0, 2,16:07:08,16:07:20,    12, 31.40, 43.90,-12.50
  12706618,  7027, 2,16:07:54,16:08:13,    19, 44.00, 40.80,  3.20
  12706705,     0, 7,16:06:30,16:08:13,   103, 41.00, 40.40,  0.60
         0,     0, 2,16:08:21,16:08:23,     2, 40.80, 44.00, -3.20
  12200004,  5058, 3,16:07:41,16:08:35,    54, 46.20, 34.00, 12.20
         0,     0, 3,16:08:42,16:08:51,     9, 34.00, 33.90,  0.10
  12706634,  7043, 1,16:08:31,16:09:59,    88, 41.40, 23.50, 17.90
  12706705,     0, 8,16:08:47,16:10:15,    88, 39.00, 26.20, 12.80
         0,     0, 1,16:10:07,16:10:24,    17, 23.50, 41.20,-17.70
         0,     0, 8,16:10:23,16:10:38,    15, 26.20, 41.20,-15.00
  12706656,  7065, 2,16:10:57,16:11:41,    44, 44.00, 33.40, 10.60
         0,     0, 2,16:11:49,16:11:59,    10, 33.40, 44.00,-10.60
  12706609,  7018, 3,16:11:24,16:11:58,    34, 46.00, 39.40,  6.60
         0,     0, 3,16:12:06,16:12:11,     5, 39.40, 39.40,  0.00
  12448519,     0, 5,16:12:19,16:12:31,    12, 40.60, 40.60,  0.00
  12448519,     0, 5,16:12:42,16:12:47,     5, 40.60, 40.60,  0.00
  13008738,  7159, 4,16:10:53,16:13:14,   141, 43.70, 26.80, 16.90
         0,     0, 4,16:13:23,16:13:38,    15, 26.80, 43.40,-16.60
  11724167,  3067, 2,16:13:00,16:14:04,    64, 44.00, 20.10, 23.90
         0,     0, 2,16:14:11,16:14:38,    27, 20.10, 43.90,-23.80
  12706621,  7030, 2,16:15:31,16:16:39,    68, 43.90, 33.10, 10.80
         0,     0, 2,16:16:47,16:16:58,    11, 33.10, 44.00,-10.90
  11499184,  2074, 2,16:17:29,16:18:53,    84, 44.00, 19.30, 24.70
         0,     0, 2,16:19:01,16:19:26,    25, 19.30, 44.10,-24.80
  11499117,  2007, 4,16:18:03,16:19:48,   105, 43.60, 18.50, 25.10
  11499184,  2074, 2,16:19:36,16:20:00,    24, 44.10, 35.90,  8.20
         0,     0, 2,16:20:08,16:20:15,     7, 35.90, 44.00, -8.10
         0,     0, 4,16:19:57,16:20:20,    23, 18.50, 43.40,-24.90
  11499117,  2007, 3,16:20:04,16:20:25,    21, 46.10, 37.90,  8.20
  13008906,     0, 7,16:19:15,16:20:28,    73, 40.30, 38.10,  2.20
         0,     0, 3,16:20:33,16:20:39,     6, 37.90, 37.90,  0.00
         0,     0, 7,16:20:37,16:20:40,     3, 38.10, 41.10, -3.00
  12448521,  6134, 1,16:18:40,16:21:13,   153, 41.20, 20.40, 20.80
         0,     0, 1,16:21:21,16:21:41,    20, 20.40, 41.30,-20.90
  12200086,  5140, 2,16:20:26,16:23:09,   163, 44.00, 34.30,  9.70
         0,     0, 2,16:23:16,16:23:25,     9, 34.30, 43.90, -9.60
  11954042,  4072, 1,16:22:29,16:23:22,    53, 41.30, 36.50,  4.80
         0,     0, 1,16:23:31,16:23:35,     4, 36.50, 41.30, -4.80
  11954042,  4072, 2,16:23:41,16:24:31,    50, 43.90, 30.00, 13.90
  12200079,  5133, 3,16:22:57,16:24:40,   103, 46.00, 29.50, 16.50
         0,     0, 2,16:24:39,16:24:52,    13, 30.00, 44.00,-14.00
         0,     0, 3,16:24:49,16:25:03,    14, 29.50, 29.30,  0.20
  21268732,  6126, 1,16:24:39,16:25:26,    47, 41.30, 39.20,  2.10
         0,     0, 1,16:25:33,16:25:34,     1, 39.20, 41.20, -2.00
  12706707,     0, 7,16:25:40,16:26:57,    77, 41.10, 34.80,  6.30
         0,     0, 7,16:27:04,16:27:12,     8, 34.80, 41.10, -6.30
  12706628,  7037, 1,16:26:18,16:27:53,    95, 41.20, 31.40,  9.80
         0,     0, 1,16:28:01,16:28:10,     9, 31.40, 41.30, -9.90
  12706707,     0, 8,16:28:02,16:28:17,    15, 41.20, 38.40,  2.80
         0,     0, 8,16:28:24,16:28:26,     2, 38.40, 41.20, -2.80
  12706614,  7023, 1,16:28:20,16:30:05,   105, 41.30, 24.70, 16.60
  12200085,  5139, 4,16:28:32,16:30:08,    96, 44.00, 26.20, 17.80
         0,     0, 1,16:30:13,16:30:29,    16, 24.70, 41.20,-16.50
         0,     0, 4,16:30:16,16:30:32,    16, 26.20, 43.10,-16.90
  11724250,  3150, 4,16:30:42,16:31:19,    37, 43.20, 29.40, 13.80
  12200085,  5139, 3,16:30:32,16:31:22,    50, 46.00, 39.90,  6.10
         0,     0, 3,16:31:29,16:31:34,     5, 39.90, 39.80,  0.10
         0,     0, 4,16:31:28,16:31:41,    13, 29.40, 29.40,  0.00
  12448415,  6028, 2,16:33:16,16:35:15,   119, 43.90, 30.10, 13.80
         0,     0, 2,16:35:24,16:35:37,    13, 30.10, 43.90,-13.80
  12706737,  7146, 4,16:35:12,16:37:26,   134, 43.60, 30.10, 13.50
         0,     0, 4,16:37:33,16:37:45,    12, 30.10, 30.10,  0.00
  12448518,  6131, 3,16:39:28,16:40:19,    51, 46.20, 30.30, 15.90
         0,     0, 3,16:40:26,16:40:39,    13, 30.30, 30.00,  0.30
  12199987,  5041, 3,16:40:49,16:41:54,    65, 46.20, 42.70,  3.50
         0,     0, 3,16:42:03,16:42:05,     2, 42.70, 46.50, -3.80
  12706642,  7051, 2,16:42:14,16:43:12,    58, 43.90, 35.60,  8.30
         0,     0, 2,16:43:19,16:43:27,     8, 35.60, 44.00, -8.40
  12448408,  6021, 4,16:39:07,16:43:33,   266, 43.50, 15.90, 27.60
         0,     0, 4,16:43:41,16:44:09,    28, 15.90, 43.20,-27.30
  12706642,  7051, 1,16:43:17,16:44:31,    74, 41.20, 29.70, 11.50
  12199987,  5041, 3,16:42:16,16:44:34,   138, 46.40, 25.20, 21.20
  12706624,  7033, 2,16:43:39,16:44:39,    60, 43.90, 41.30,  2.60
         0,     0, 2,16:44:47,16:44:48,     1, 41.30, 43.90, -2.60
         0,     0, 1,16:44:38,16:44:50,    12, 29.70, 41.20,-11.50
         0,     0, 3,16:44:42,16:45:00,    18, 25.20, 25.00,  0.20
  12448392,  6005, 4,16:44:20,16:45:10,    50, 43.10, 27.40, 15.70
         0,     0, 4,16:45:18,16:45:33,    15, 27.40, 43.40,-16.00
  12706618,  7027, 1,16:45:00,16:45:47,    47, 41.20, 35.30,  5.90
         0,     0, 1,16:45:56,16:46:01,     5, 35.30, 41.30, -6.00
  12200081,  5135, 3,16:45:23,16:46:26,    63, 46.00, 32.20, 13.80
  12448392,  6005, 4,16:45:44,16:46:27,    43, 43.40, 35.10,  8.30
         0,     0, 4,16:46:34,16:46:42,     8, 35.10, 43.20, -8.10
         0,     0, 3,16:46:34,16:46:45,    11, 32.20, 46.20,-14.00
  12199974,  5028, 2,16:44:59,16:46:51,   112, 43.80, 17.10, 26.70
         0,     0, 2,16:46:58,16:47:26,    28, 17.10, 43.90,-26.80
  12448516,  6129, 2,16:47:37,16:49:04,    87, 43.90, 26.30, 17.60
         0,     0, 2,16:49:11,16:49:29,    18, 26.30, 44.00,-17.70
  21268732,  6126, 1,16:47:58,16:49:29,    91, 41.30, 36.50,  4.80
         0,     0, 1,16:49:37,16:49:41,     4, 36.50, 41.30, -4.80
  12448517,  6130, 3,16:49:52,16:50:01,     9, 46.20, 46.30, -0.10
  12706613,  7022, 4,16:48:15,16:50:02,   107, 43.10, 28.20, 14.90
         0,     0, 4,16:50:11,16:50:25,    14, 28.20, 43.30,-15.10
  13008738,  7159, 2,16:50:17,16:51:36,    79, 44.00, 41.10,  2.90
         0,     0, 2,16:51:43,16:51:44,     1, 41.10, 43.90, -2.80
  12448408,  6021, 4,16:53:41,16:54:01,    20, 43.50, 41.00,  2.50
         0,     0, 4,16:54:09,16:54:11,     2, 41.00, 43.30, -2.30
  12706628,  7037, 2,16:53:59,16:54:34,    35, 43.90, 40.80,  3.10
         0,     0, 2,16:54:41,16:54:43,     2, 40.80, 44.00, -3.20
  12448412,     0, 5,16:54:35,16:54:53,    18, 40.20, 40.20,  0.00
  11724217,  3117, 1,16:53:36,16:54:59,    83, 41.30, 20.00, 21.30
  12706628,  7037, 2,16:54:53,16:55:09,    16, 44.00, 41.50,  2.50
         0,     0, 2,16:55:18,16:55:19,     1, 41.50, 43.90, -2.40
         0,     0, 1,16:55:06,16:55:27,    21, 20.00, 41.30,-21.30
  13008774,  8015, 4,16:54:31,16:55:45,    74, 43.30, 34.60,  8.70
  12706628,  7037, 1,16:55:37,16:55:52,    15, 41.30, 39.10,  2.20
         0,     0, 4,16:55:52,16:56:00,     8, 34.60, 43.20, -8.60
         0,     0, 1,16:56:00,16:56:01,     1, 39.10, 41.40, -2.30
  12448437,  6050, 2,16:56:32,16:57:25,    53, 43.80, 35.30,  8.50
         0,     0, 2,16:57:33,16:57:41,     8, 35.30, 44.00, -8.70
  12706634,  7043, 3,16:56:53,16:58:11,    78, 46.20, 35.70, 10.50
         0,     0, 3,16:58:18,16:58:26,     8, 35.70, 35.70,  0.00
  12448408,  6021, 2,16:58:46,16:58:53,     7, 44.00, 43.90,  0.10
  11954042,  4072, 2,16:59:05,17:00:25,    80, 43.90, 34.20,  9.70
         0,     0, 2,17:00:34,17:00:43,     9, 34.20, 44.00, -9.80
  12706737,  7146, 3,16:59:35,17:01:09,    94, 46.00, 38.10,  7.90
         0,     0, 3,17:01:16,17:01:22,     6, 38.10, 38.10,  0.00
  11724167,  3067, 1,17:01:01,17:01:58,    57, 41.40, 24.80, 16.60
         0,     0, 1,17:02:06,17:02:21,    15, 24.80, 41.20,-16.40
  12200079,  5133, 2,17:01:41,17:03:23,   102, 44.00, 29.50, 14.50
         0,     0, 2,17:03:30,17:03:44,    14, 29.50, 43.90,-14.40
  12706738,     0, 5,17:04:29,17:04:39,    10, 40.10, 40.10,  0.00
  11499117,  2007, 1,17:05:28,17:06:00,    32, 41.20, 32.90,  8.30
         0,     0, 1,17:06:07,17:06:14,     7, 32.90, 41.20, -8.30
  12448518,  6131, 2,17:06:56,17:07:56,    60, 43.90, 30.90, 13.00
         0,     0, 2,17:08:04,17:08:17,    13, 30.90, 44.00,-13.10
  12448518,  6131, 1,17:09:24,17:09:41,    17, 41.30, 41.30,  0.00
  12706620,  7029, 3,17:09:39,17:10:34,    55, 46.20, 41.50,  4.70
         0,     0, 3,17:10:42,17:10:45,     3, 41.50, 41.30,  0.20
  12200081,  5135, 4,17:13:30,17:14:27,    57, 43.60, 30.20, 13.40
         0,     0, 4,17:14:34,17:14:46,    12, 30.20, 43.10,-12.90
  12448412,     0, 5,17:15:06,17:15:17,    11, 40.00, 40.00,  0.00
         0,     0, 5,17:15:24,17:15:24,     0, 40.00, 40.60, -0.60
  12706613,  7022, 4,17:16:24,17:17:30,    66, 43.40, 34.60,  8.80
         0,     0, 4,17:17:37,17:17:45,     8, 34.60, 43.40, -8.80
  12448517,  6130, 2,17:16:38,17:18:14,    96, 44.00, 31.00, 13.00
         0,     0, 2,17:18:21,17:18:33,    12, 31.00, 44.00,-13.00
  12448519,     0, 5,17:21:10,17:21:15,     5, 40.60, 40.60,  0.00
  12448398,  6011, 2,17:21:09,17:22:02,    53, 44.00, 36.20,  7.80
         0,     0, 2,17:22:10,17:22:17,     7, 36.20, 44.00, -7.80
  12448437,  6050, 1,17:21:49,17:23:15,    86, 41.20, 32.50,  8.70
         0,     0, 1,17:23:23,17:23:31,     8, 32.50, 41.30, -8.80
  12200091,  5145, 1,17:26:26,17:26:50,    24, 41.30, 41.30,  0.00
  12200091,  5145, 1,17:27:08,17:27:57,    49, 41.30, 41.30,  0.00
  12706628,  7037, 2,17:26:59,17:28:12,    73, 44.00, 37.40,  6.60
         0,     0, 2,17:28:21,17:28:27,     6, 37.40, 43.90, -6.50
  12706737,  7146, 1,17:29:33,17:29:42,     9, 41.30, 41.30,  0.00
  12448519,     0, 5,17:29:49,17:29:54,     5, 40.50, 40.50,  0.00
  12448519,     0, 5,17:30:10,17:30:18,     8, 40.50, 40.50,  0.00
  12199987,  5041, 3,17:28:52,17:30:25,    93, 46.10, 38.30,  7.80
         0,     0, 3,17:30:33,17:30:39,     6, 38.30, 38.30,  0.00
  12448480,     0, 5,17:30:29,17:30:42,    13, 40.50, 40.50,  0.00
  12706613,  7022, 4,17:31:15,17:32:01,    46, 44.10, 37.00,  7.10
         0,     0, 4,17:32:08,17:32:13,     5, 37.00, 43.30, -6.30
  12706613,  7022, 3,17:32:41,17:32:51,    10, 46.10, 45.20,  0.90
  12200086,  5140, 2,17:32:13,17:34:43,   150, 44.00, 34.00, 10.00
         0,     0, 2,17:34:51,17:35:01,    10, 34.00, 43.90, -9.90
  12200091,  5145, 1,17:36:12,17:36:23,    11, 41.30, 41.30,  0.00
  12200066,  5120, 2,17:35:11,17:36:46,    95, 43.90, 34.60,  9.30
  12200081,  5135, 4,17:36:20,17:36:55,    35, 43.40, 35.10,  8.30
         0,     0, 2,17:36:54,17:37:03,     9, 34.60, 43.90, -9.30
         0,     0, 4,17:37:02,17:37:09,     7, 35.10, 43.30, -8.20
  12706628,  7037, 2,17:44:42,17:45:11,    29, 44.00, 42.70,  1.30
  13008906,     0, 7,17:46:03,17:46:07,     4, 35.70, 35.60,  0.10
         0,     0, 7,17:46:15,17:46:22,     7, 35.60, 41.10, -5.50
  12200091,  5145, 3,17:45:12,17:46:38,    86, 45.20, 24.30, 20.90
         0,     0, 3,17:46:46,17:47:04,    18, 24.30, 24.20,  0.10
  12706628,  7037, 1,17:46:30,17:47:25,    55, 41.30, 41.30,  0.00
  12448472,     0, 8,17:47:36,17:47:47,    11, 41.00, 40.90,  0.10
  12448472,     0, 7,17:47:52,17:48:34,    42, 41.10, 40.10,  1.00
  11724217,  3117, 1,17:48:48,17:49:06,    18, 41.30, 41.30,  0.00
  12706628,  7037, 2,17:48:18,17:49:09,    51, 42.60, 41.60,  1.00
         0,     0, 2,17:49:18,17:49:19,     1, 41.60, 43.90, -2.30
  12448412,     0, 5,17:49:11,17:49:18,     7, 40.30, 40.30,  0.00
  11724217,  3117, 2,17:49:29,17:51:01,    92, 43.90, 24.20, 19.70
         0,     0, 2,17:51:10,17:51:30,    20, 24.20, 44.00,-19.80
  11953971,  4001, 1,17:53:02,17:53:03,     1, 41.30, 41.30,  0.00
  12706628,  7037, 2,17:54:09,17:54:35,    26, 44.00, 43.00,  1.00
  12706628,  7037, 2,17:55:11,17:56:09,    58, 43.00, 41.10,  1.90
         0,     0, 2,17:56:17,17:56:18,     1, 41.10, 44.10, -3.00
  12706621,  7030, 1,17:56:26,17:56:34,     8, 41.30, 41.30,  0.00
  12706610,  7019, 4,17:55:56,17:56:58,    62, 43.50, 23.00, 20.50
         0,     0, 4,17:57:07,17:57:26,    19, 23.00, 43.30,-20.30
  12706621,  7030, 2,17:56:37,17:57:49,    72, 44.10, 31.30, 12.80
         0,     0, 2,17:57:58,17:58:10,    12, 31.30, 44.00,-12.70
  12448440,     0, 8,17:58:19,17:58:22,     3, 40.90, 40.90,  0.00
  12448440,     0, 7,17:58:42,18:00:09,    87, 40.10, 34.00,  6.10
         0,     0, 7,18:00:18,18:00:27,     9, 34.00, 41.10, -7.10
  11953971,  4001, 2,18:00:12,18:01:37,    85, 43.90, 30.70, 13.20
         0,     0, 2,18:01:46,18:01:59,    13, 30.70, 44.00,-13.30
  12706613,  7022, 1,18:03:03,18:03:09,     6, 41.30, 41.30,  0.00
  12706613,  7022, 2,18:03:13,18:03:55,    42, 43.90, 38.40,  5.50
         0,     0, 2,18:04:02,18:04:06,     4, 38.40, 43.90, -5.50
  12448412,     0, 5,18:06:23,18:06:25,     2, 40.20, 40.20,  0.00
  12200066,  5120, 2,18:10:49,18:12:03,    74, 43.90, 28.70, 15.20
  12706651,     0, 7,18:11:37,18:12:15,    38, 41.10, 40.40,  0.70
         0,     0, 2,18:12:11,18:12:26,    15, 28.70, 44.00,-15.30
  12706651,     0, 8,18:12:27,18:12:29,     2, 40.80, 40.80,  0.00
  12448398,  6011, 1,18:12:50,18:14:06,    76, 41.30, 26.30, 15.00
         0,     0, 1,18:14:14,18:14:28,    14, 26.30, 41.30,-15.00
  12706614,  7023, 1,18:16:45,18:16:54,     9, 41.30, 41.30,  0.00
  12706624,  7033, 1,18:17:17,18:17:22,     5, 41.30, 41.30,  0.00
  12706628,  7037, 2,18:16:27,18:17:24,    57, 44.00, 38.50,  5.50
         0,     0, 2,18:17:33,18:17:37,     4, 38.50, 43.90, -5.40
  12199959,     0, 7,18:16:53,18:18:23,    90, 40.40, 36.60,  3.80
         0,     0, 7,18:18:32,18:18:37,     5, 36.60, 41.20, -4.60
  12199959,     0, 8,18:18:44,18:18:50,     6, 40.80, 40.50,  0.30
  12706628,  7037, 2,18:17:59,18:18:52,    53, 43.90, 40.70,  3.20
         0,     0, 2,18:19:00,18:19:02,     2, 40.70, 43.90, -3.20
  12448472,     0, 8,18:20:26,18:20:29,     3, 40.50, 40.50,  0.00
  12706628,  7037, 2,18:19:31,18:20:49,    78, 43.90, 42.30,  1.60
  12706624,  7033, 4,18:19:57,18:21:19,    82, 43.30, 38.20,  5.10
  12706727,     0, 8,18:20:43,18:21:23,    40, 40.50, 32.60,  7.90
         0,     0, 4,18:21:27,18:21:31,     4, 38.20, 43.40, -5.20
  12706610,  7019, 3,18:20:52,18:21:30,    38, 46.10, 34.30, 11.80
         0,     0, 8,18:21:32,18:21:40,     8, 32.60, 41.20, -8.60
         0,     0, 3,18:21:38,18:21:47,     9, 34.30, 34.20,  0.10
  12706613,  7022, 4,18:21:41,18:22:23,    42, 43.60, 36.30,  7.30
         0,     0, 4,18:22:31,18:22:37,     6, 36.30, 43.30, -7.00
  11724250,  3150, 4,18:22:48,18:23:13,    25, 43.40, 35.20,  8.20
         0,     0, 4,18:23:21,18:23:28,     7, 35.20, 43.30, -8.10
  12706624,  7033, 4,18:24:37,18:26:28,   111, 43.30, 29.20, 14.10
  12706737,  7146, 2,18:26:22,18:26:31,     9, 42.20, 42.20,  0.00
  12706737,  7146, 1,18:26:35,18:26:41,     6, 41.30, 41.30,  0.00
         0,     0, 4,18:26:36,18:26:49,    13, 29.20, 43.30,-14.10
  12706620,  7029, 4,18:27:45,18:28:41,    56, 43.40, 33.00, 10.40
         0,     0, 4,18:28:50,18:29:00,    10, 33.00, 43.30,-10.30
  12706614,  7023, 2,18:28:57,18:30:14,    77, 42.30, 29.00, 13.30
  12706737,  7146, 1,18:30:20,18:30:34,    14, 41.30, 41.30,  0.00
         0,     0, 2,18:30:23,18:30:38,    15, 29.00, 43.90,-14.90
  12706634,  7043, 1,18:31:30,18:31:42,    12, 41.30, 41.30,  0.00
  12706737,  7146, 2,18:30:48,18:31:54,    66, 43.90, 34.00,  9.90
         0,     0, 2,18:32:02,18:32:11,     9, 34.00, 43.90, -9.90
  12706620,  7029, 3,18:33:19,18:33:46,    27, 46.10, 43.40,  2.70
  12706634,  7043, 2,18:32:21,18:33:49,    88, 43.90, 25.00, 18.90
         0,     0, 3,18:33:55,18:33:56,     1, 43.40, 46.20, -2.80
  12448412,     0, 5,18:33:41,18:33:56,    15, 39.90, 39.90,  0.00
         0,     0, 5,18:34:04,18:34:04,     0, 39.90, 41.20, -1.30
  13008842,     0, 8,18:33:39,18:34:03,    24, 41.20, 41.20,  0.00
         0,     0, 2,18:33:58,18:34:17,    19, 25.00, 44.00,-19.00
  12448412,     0, 5,18:35:02,18:35:09,     7, 41.20, 41.20,  0.00
  13008842,     0, 7,18:36:12,18:37:13,    61, 41.10, 38.90,  2.20
         0,     0, 7,18:37:21,18:37:23,     2, 38.90, 41.20, -2.30
  12706656,  7065, 2,18:36:56,18:37:43,    47, 44.00, 34.30,  9.70
         0,     0, 2,18:37:50,18:37:59,     9, 34.30, 43.90, -9.60
  12706656,  7065, 2,18:38:52,18:39:02,    10, 43.90, 42.20,  1.70
  12448420,  6033, 1,18:39:08,18:39:14,     6, 41.30, 41.30,  0.00
  12706656,  7065, 2,18:39:17,18:39:42,    25, 42.20, 35.00,  7.20
         0,     0, 2,18:39:49,18:39:57,     8, 35.00, 44.00, -9.00
  12706618,  7027, 1,18:39:58,18:40:02,     4, 41.30, 41.30,  0.00
  12706615,  7024, 4,18:40:15,18:40:23,     8, 43.50, 43.50,  0.00
  12706618,  7027, 2,18:40:09,18:40:32,    23, 44.00, 43.80,  0.20
  12706621,  7030, 2,18:40:42,18:41:20,    38, 43.80, 34.90,  8.90
         0,     0, 2,18:41:28,18:41:36,     8, 34.90, 43.90, -9.00
  12448420,  6033, 4,18:40:34,18:42:50,   136, 43.50, 32.00, 11.50
         0,     0, 4,18:42:59,18:43:10,    11, 32.00, 43.30,-11.30
  12448472,     0, 7,18:42:28,18:43:47,    79, 41.20, 38.90,  2.30
         0,     0, 7,18:43:54,18:43:56,     2, 38.90, 40.80, -1.90
  12200083,  5137, 2,18:42:46,18:44:03,    77, 43.90, 28.80, 15.10
         0,     0, 2,18:44:11,18:44:26,    15, 28.80, 44.00,-15.20
  12448472,     0, 7,18:44:10,18:44:47,    37, 39.90, 38.70,  1.20
         0,     0, 7,18:44:54,18:44:56,     2, 38.70, 41.10, -2.40
  13008774,  8015, 4,18:43:55,18:44:57,    62, 43.50, 35.90,  7.60
         0,     0, 4,18:45:05,18:45:12,     7, 35.90, 35.80,  0.10
  12706615,  7024, 3,18:43:25,18:45:17,   112, 46.30, 24.80, 21.50
         0,     0, 3,18:45:24,18:45:41,    17, 24.80, 24.80,  0.00
  13323409,     0, 5,18:46:21,18:46:26,     5, 41.00, 41.00,  0.00
  12448408,  6021, 3,18:45:52,18:46:33,    41, 46.10, 38.50,  7.60
  12706618,  7027, 4,18:45:47,18:46:39,    52, 43.50, 33.30, 10.20
         0,     0, 3,18:46:41,18:46:46,     5, 38.50, 38.50,  0.00
         0,     0, 4,18:46:47,18:46:56,     9, 33.30, 43.20, -9.90
  12448415,  6028, 2,18:44:36,18:46:57,   141, 44.10, 25.50, 18.60
         0,     0, 2,18:47:06,18:47:24,    18, 25.50, 44.00,-18.50
  12448408,  6021, 4,18:47:29,18:48:05,    36, 43.30, 37.10,  6.20
         0,     0, 4,18:48:14,18:48:19,     5, 37.10, 43.10, -6.00
  13008842,     0, 7,18:47:32,18:48:20,    48, 41.10, 38.20,  2.90
         0,     0, 7,18:48:28,18:48:31,     3, 38.20, 41.10, -2.90
  12448518,  6131, 2,18:49:27,18:49:33,     6, 44.00, 43.90,  0.10
  12200085,  5139, 4,18:49:01,18:49:47,    46, 43.20, 37.40,  5.80
  12448518,  6131, 1,18:49:46,18:49:53,     7, 41.30, 41.30,  0.00
         0,     0, 4,18:49:56,18:50:01,     5, 37.40, 43.30, -5.90
  12448518,  6131, 2,18:50:08,18:50:23,    15, 44.00, 41.90,  2.10
  12706609,  7018, 1,18:50:15,18:50:23,     8, 41.30, 41.30,  0.00
         0,     0, 2,18:50:31,18:50:31,     0, 41.90, 43.80, -1.90
  12706609,  7018, 3,18:51:31,18:52:20,    49, 46.10, 35.80, 10.30
         0,     0, 3,18:52:27,18:52:35,     8, 35.80, 46.10,-10.30
  12448518,  6131, 2,18:50:41,18:52:37,   116, 43.80, 32.90, 10.90
  12706609,  7018, 4,18:52:38,18:52:43,     5, 43.50, 43.40,  0.10
         0,     0, 2,18:52:45,18:52:55,    10, 32.90, 44.00,-11.10
  12706727,     0, 8,18:53:46,18:54:21,    35, 41.10, 34.50,  6.60
         0,     0, 8,18:54:30,18:54:36,     6, 34.50, 41.30, -6.80
  13323409,     0, 5,18:54:33,18:54:50,    17, 41.00, 41.00,  0.00
  12200004,  5058, 3,18:54:38,18:56:12,    94, 46.20, 31.00, 15.20
         0,     0, 3,18:56:20,18:56:32,    12, 31.00, 31.00,  0.00
  13323409,     0, 5,18:56:08,18:56:39,    31, 40.90, 40.90,  0.00
  13323409,     0, 5,18:57:47,18:57:49,     2, 40.90, 40.90,  0.00
  12706651,     0, 7,18:57:29,18:57:55,    26, 41.10, 39.90,  1.20
         0,     0, 7,18:58:03,18:58:04,     1, 39.90, 41.00, -1.10
  12706738,     0, 5,18:58:05,18:58:14,     9, 40.90, 40.90,  0.00
  12706707,     0, 7,18:58:22,18:58:23,     1, 39.60, 39.60,  0.00
         0,     0, 7,18:58:31,18:58:32,     1, 39.60, 41.10, -1.50
  12706609,  7018, 4,18:59:04,18:59:14,    10, 43.40, 43.50, -0.10
  12706707,     0, 8,18:59:21,18:59:31,    10, 41.20, 39.60,  1.60
         0,     0, 8,18:59:40,18:59:41,     1, 39.60, 41.10, -1.50
  12200083,  5137, 2,18:59:50,19:00:39,    49, 43.90, 33.00, 10.90
         0,     0, 2,19:00:47,19:00:57,    10, 33.00, 43.90,-10.90
  12448392,  6005, 3,19:04:02,19:04:49,    47, 46.00, 39.80,  6.20
  12448420,  6033, 4,19:03:23,19:04:55,    92, 43.40, 38.30,  5.10
         0,     0, 3,19:04:58,19:05:02,     4, 39.80, 39.70,  0.10
         0,     0, 4,19:05:03,19:05:07,     4, 38.30, 43.30, -5.00
  12199959,     0, 7,19:02:35,19:05:13,   158, 38.90, 34.90,  4.00
         0,     0, 7,19:05:22,19:05:29,     7, 34.90, 41.10, -6.20
  12199959,     0, 8,19:07:29,19:07:54,    25, 41.10, 41.10,  0.00
  12200004,  5058, 3,19:08:12,19:09:04,    52, 46.10, 36.10, 10.00
         0,     0, 3,19:09:12,19:09:20,     8, 36.10, 35.90,  0.20
  12199951,  5005, 2,19:09:47,19:12:15,   148, 43.90, 30.60, 13.30
  11954042,  4072, 1,19:10:50,19:12:23,    93, 41.30, 29.60, 11.70
         0,     0, 2,19:12:24,19:12:37,    13, 30.60, 43.90,-13.30
         0,     0, 1,19:12:32,19:12:43,    11, 29.60, 41.30,-11.70
  12706656,  7065, 3,19:13:47,19:14:55,    68, 46.20, 40.60,  5.60
         0,     0, 3,19:15:03,19:15:07,     4, 40.60, 46.10, -5.50
  12706609,  7018, 4,19:18:30,19:19:02,    32, 43.50, 38.90,  4.60
         0,     0, 4,19:19:10,19:19:14,     4, 38.90, 43.20, -4.30
  12448519,     0, 5,19:19:36,19:19:40,     4, 40.70, 40.70,  0.00
  12448519,     0, 5,19:19:54,19:20:03,     9, 40.70, 40.70,  0.00
  13008774,  8015, 4,19:20:01,19:20:06,     5, 43.40, 43.30,  0.10
  12706630,  7039, 1,19:20:57,19:21:01,     4, 41.30, 41.30,  0.00
  12200079,  5133, 1,19:21:23,19:21:28,     5, 41.30, 41.30,  0.00
  12706630,  7039, 2,19:21:05,19:21:35,    30, 43.90, 39.20,  4.70
         0,     0, 2,19:21:42,19:21:45,     3, 39.20, 43.90, -4.70
  12706630,  7039, 2,19:21:56,19:22:59,    63, 43.90, 31.40, 12.50
         0,     0, 2,19:23:07,19:23:19,    12, 31.40, 43.90,-12.50
  13323409,     0, 5,19:23:31,19:23:51,    20, 40.70, 40.70,  0.00
  11499184,  2074, 1,19:23:44,19:24:05,    21, 41.30, 41.30,  0.00
  12448518,  6131, 2,19:23:42,19:24:33,    51, 43.90, 35.40,  8.50
         0,     0, 2,19:24:40,19:24:47,     7, 35.40, 44.10, -8.70
  12448521,  6134, 1,19:24:38,19:24:52,    14, 41.30, 41.30,  0.00
  13008774,  8015, 3,19:26:04,19:26:32,    28, 46.30, 44.30,  2.00
  13323409,     0, 5,19:26:34,19:26:39,     5, 40.60, 40.60,  0.00
  12448521,  6134, 2,19:25:09,19:27:27,   138, 44.00, 34.70,  9.30
         0,     0, 2,19:27:34,19:27:42,     8, 34.70, 44.10, -9.40
  13323409,     0, 5,19:27:37,19:27:48,    11, 40.60, 40.60,  0.00
  13008774,  8015, 3,19:27:13,19:27:50,    37, 44.40, 40.40,  4.00
         0,     0, 3,19:27:58,19:28:02,     4, 40.40, 46.20, -5.80
  21268732,  6126, 1,19:27:58,19:28:04,     6, 41.30, 41.30,  0.00
  11499184,  2074, 2,19:27:52,19:28:26,    34, 44.10, 34.90,  9.20
         0,     0, 2,19:28:34,19:28:42,     8, 34.90, 43.90, -9.00
  12448516,  6129, 1,19:29:23,19:29:37,    14, 41.30, 41.30,  0.00
  12200079,  5133, 2,19:29:02,19:29:39,    37, 43.90, 37.30,  6.60
         0,     0, 2,19:29:47,19:29:52,     5, 37.30, 44.00, -6.70
  12448412,     0, 5,19:30:18,19:30:22,     4, 40.60, 40.60,  0.00
  12448412,     0, 5,19:30:45,19:30:54,     9, 40.60, 40.60,  0.00
  12448516,  6129, 2,19:30:02,19:30:54,    52, 43.90, 26.20, 17.70
  13008774,  8015, 4,19:29:07,19:31:03,   116, 43.40, 38.80,  4.60
         0,     0, 4,19:31:11,19:31:15,     4, 38.80, 43.20, -4.40
         0,     0, 2,19:31:02,19:31:19,    17, 26.20, 43.90,-17.70
  12448412,     0, 5,19:31:43,19:31:46,     3, 40.60, 40.60,  0.00
  12448472,     0, 8,19:32:56,19:33:43,    47, 40.90, 38.50,  2.40
         0,     0, 8,19:33:52,19:33:54,     2, 38.50, 41.30, -2.80
  13323409,     0, 5,19:34:41,19:34:59,    18, 40.50, 40.50,  0.00
  13008906,     0, 8,19:35:00,19:35:00,     0, 40.90, 41.00, -0.10
  21268732,  6126, 2,19:33:59,19:35:59,   120, 43.90, 34.10,  9.80
         0,     0, 2,19:36:07,19:36:16,     9, 34.10, 44.10,-10.00
  12706705,     0, 8,19:35:16,19:37:13,   117, 40.50, 26.10, 14.40
         0,     0, 8,19:37:21,19:37:37,    16, 26.10, 40.90,-14.80
  12706727,     0, 8,19:38:01,19:38:02,     1, 36.30, 36.30,  0.00
         0,     0, 8,19:38:11,19:38:15,     4, 36.30, 41.20, -4.90
  12448519,     0, 5,19:39:17,19:39:26,     9, 40.50, 40.50,  0.00
  12706624,  7033, 4,19:38:48,19:40:04,    76, 43.30, 39.80,  3.50
  11499231,     0, 8,19:39:35,19:40:12,    37, 41.20, 39.30,  1.90
  12200079,  5133, 2,19:39:30,19:40:10,    40, 44.00, 34.20,  9.80
         0,     0, 4,19:40:12,19:40:15,     3, 39.80, 43.30, -3.50
         0,     0, 8,19:40:19,19:40:20,     1, 39.30, 41.20, -1.90
         0,     0, 2,19:40:19,19:40:28,     9, 34.20, 43.90, -9.70
  13323409,     0, 5,19:41:12,19:41:25,    13, 40.50, 40.50,  0.00
  12199959,     0, 8,19:40:44,19:42:15,    91, 41.00, 38.80,  2.20
         0,     0, 8,19:42:22,19:42:23,     1, 38.80, 41.10, -2.30
  11499184,  2074, 2,19:42:01,19:42:31,    30, 43.90, 35.70,  8.20
         0,     0, 2,19:42:39,19:42:46,     7, 35.70, 43.90, -8.20
  11954042,  4072, 2,19:45:45,19:47:05,    80, 43.90, 40.10,  3.80
         0,     0, 2,19:47:13,19:47:15,     2, 40.10, 44.00, -3.90
  12448440,     0, 8,19:48:17,19:48:59,    42, 40.50, 37.30,  3.20
         0,     0, 8,19:49:07,19:49:10,     3, 37.30, 41.20, -3.90
  12448417,  6030, 1,19:49:10,19:49:18,     8, 41.30, 41.30,  0.00
  12199987,  5041, 1,19:49:28,19:49:35,     7, 41.30, 41.30,  0.00
  13008738,  7159, 4,19:47:52,19:51:02,   190, 43.30, 21.50, 21.80
  12199987,  5041, 2,19:49:40,19:51:04,    84, 44.00, 41.00,  3.00
         0,     0, 2,19:51:13,19:51:15,     2, 41.00, 44.00, -3.00
         0,     0, 4,19:51:09,19:51:29,    20, 21.50, 43.30,-21.80
  12706628,  7037, 1,19:52:38,19:52:45,     7, 41.30, 41.30,  0.00
  12706630,  7039, 2,19:52:16,19:52:52,    36, 44.00, 38.00,  6.00
         0,     0, 2,19:53:00,19:53:05,     5, 38.00, 43.90, -5.90
  12706628,  7037, 2,19:53:15,19:53:51,    36, 43.90, 35.40,  8.50
         0,     0, 2,19:53:59,19:54:07,     8, 35.40, 43.90, -8.50
  12706601,  7010, 4,19:53:51,19:54:30,    39, 43.40, 39.30,  4.10
         0,     0, 4,19:54:38,19:54:41,     3, 39.30, 43.20, -3.90
  12199951,  5005, 2,19:54:17,19:54:42,    25, 43.90, 43.80,  0.10
  12199959,     0, 7,19:53:23,19:54:54,    91, 41.10, 39.00,  2.10
         0,     0, 7,19:55:02,19:55:04,     2, 39.00, 41.10, -2.10
  12706613,  7022, 4,19:55:56,19:56:27,    31, 43.30, 39.00,  4.30
         0,     0, 4,19:56:35,19:56:39,     4, 39.00, 43.30, -4.30
  12199951,  5005, 2,19:55:03,19:57:34,   151, 43.80, 37.10,  6.70
         0,     0, 2,19:57:41,19:57:47,     6, 37.10, 43.90, -6.80
  13008906,     0, 7,19:59:02,19:59:36,    34, 39.60, 34.10,  5.50
         0,     0, 7,19:59:44,19:59:53,     9, 34.10, 41.10, -7.00
  12448420,  6033, 3,20:00:02,20:01:24,    82, 46.20, 40.10,  6.10
         0,     0, 3,20:01:32,20:01:36,     4, 40.10, 40.10,  0.00
  12448521,  6134, 2,20:00:43,20:01:51,    68, 43.90, 34.40,  9.50
         0,     0, 2,20:01:59,20:02:08,     9, 34.40, 43.90, -9.50
  12200086,  5140, 4,20:01:19,20:02:54,    95, 43.80, 37.00,  6.80
         0,     0, 4,20:03:02,20:03:08,     6, 37.00, 43.60, -6.60
  21268732,  6126, 1,20:03:16,20:03:20,     4, 41.20, 41.20,  0.00
  21268732,  6126, 2,20:03:24,20:03:50,    26, 44.00, 41.90,  2.10
         0,     0, 2,20:03:57,20:03:57,     0, 41.90, 43.80, -1.90
  11724250,  3150, 2,20:04:08,20:04:40,    32, 43.80, 32.20, 11.60
         0,     0, 2,20:04:48,20:04:59,    11, 32.20, 44.00,-11.80
  12448437,  6050, 3,20:05:01,20:05:29,    28, 46.10, 41.90,  4.20
         0,     0, 3,20:05:36,20:05:38,     2, 41.90, 46.10, -4.20
  12706621,  7030, 2,20:06:09,20:07:34,    85, 43.90, 29.60, 14.30
  12199987,  5041, 3,20:05:48,20:07:34,   106, 46.10, 35.00, 11.10
  12706642,  7051, 1,20:06:31,20:07:46,    75, 41.20, 31.10, 10.10
         0,     0, 3,20:07:43,20:07:52,     9, 35.00, 34.90,  0.10
         0,     0, 2,20:07:42,20:07:57,    15, 29.60, 43.90,-14.30
         0,     0, 1,20:07:53,20:08:02,     9, 31.10, 41.20,-10.10
  12706642,  7051, 1,20:08:13,20:08:36,    23, 41.20, 37.20,  4.00
         0,     0, 1,20:08:44,20:08:47,     3, 37.20, 41.20, -4.00
  12200062,  1556, 5,20:09:29,20:09:31,     2, 40.20, 40.20,  0.00
  12200062,  1556, 5,20:10:36,20:10:37,     1, 40.20, 40.20,  0.00
  12706613,  7022, 4,20:10:56,20:11:42,    46, 43.30, 37.40,  5.90
         0,     0, 4,20:11:49,20:11:54,     5, 37.40, 43.20, -5.80
  13008842,     0, 8,20:17:46,20:17:49,     3, 41.10, 41.10,  0.00
  11954042,  4072, 2,20:19:14,20:19:31,    17, 43.90, 43.20,  0.70
  11954042,  4072, 2,20:19:42,20:20:55,    73, 43.20, 37.70,  5.50
         0,     0, 2,20:21:03,20:21:08,     5, 37.70, 43.90, -6.20
  12448517,  6130, 4,20:21:18,20:22:09,    51, 43.40, 33.30, 10.10
         0,     0, 4,20:22:17,20:22:27,    10, 33.30, 43.30,-10.00
  11724217,  3117, 4,20:22:37,20:24:14,    97, 43.80, 21.80, 22.00
         0,     0, 4,20:24:23,20:24:43,    20, 21.80, 43.20,-21.40
  13008842,     0, 8,20:24:38,20:24:53,    15, 41.10, 40.30,  0.80
  12706610,  7019, 4,20:24:53,20:25:21,    28, 43.20, 36.60,  6.60
         0,     0, 4,20:25:29,20:25:35,     6, 36.60, 43.20, -6.60
  12706610,  7019, 4,20:25:45,20:26:20,    35, 43.20, 35.50,  7.70
         0,     0, 4,20:26:29,20:26:36,     7, 35.50, 43.40, -7.90
  21268732,  6126, 1,20:26:35,20:26:47,    12, 41.20, 41.20,  0.00
  12200091,  5145, 4,20:27:06,20:27:33,    27, 43.50, 43.80, -0.30
  12706737,  7146, 2,20:25:13,20:27:43,   150, 43.90, 30.60, 13.30
  12706737,  7146, 1,20:27:51,20:27:57,     6, 41.20, 41.20,  0.00
         0,     0, 2,20:27:50,20:28:03,    13, 30.60, 43.90,-13.30
  12706614,  7023, 2,20:28:13,20:29:22,    69, 44.00, 31.10, 12.90
         0,     0, 2,20:29:30,20:29:42,    12, 31.10, 44.00,-12.90
  12200091,  5145, 4,20:28:04,20:30:11,   127, 43.70, 33.80,  9.90
  12448472,     0, 7,20:28:23,20:30:20,   117, 41.10, 32.60,  8.50
         0,     0, 4,20:30:19,20:30:28,     9, 33.80, 43.20, -9.40
         0,     0, 7,20:30:28,20:30:39,    11, 32.60, 41.10, -8.50
  21268732,  6126, 2,20:29:53,20:32:46,   173, 44.00, 37.00,  7.00
         0,     0, 2,20:32:53,20:32:59,     6, 37.00, 43.90, -6.90
  12706737,  7146, 2,20:34:41,20:35:39,    58, 43.90, 42.70,  1.20
  12706642,  7051, 2,20:36:22,20:37:21,    59, 42.70, 35.60,  7.10
         0,     0, 2,20:37:28,20:37:35,     7, 35.60, 43.90, -8.30
  13008842,     0, 7,20:39:43,20:40:31,    48, 41.10, 39.50,  1.60
         0,     0, 7,20:40:38,20:40:39,     1, 39.50, 41.10, -1.60
  12706615,  7024, 4,20:38:49,20:40:52,   123, 43.20, 24.70, 18.50
         0,     0, 4,20:40:59,20:41:17,    18, 24.70, 43.40,-18.70
  12706737,  7146, 2,20:40:16,20:41:21,    65, 43.90, 43.90,  0.00
  12706618,  7027, 2,20:43:54,20:45:03,    69, 43.90, 33.90, 10.00
         0,     0, 2,20:45:11,20:45:20,     9, 33.90, 44.00,-10.10
  12200004,  5058, 2,20:49:12,20:50:51,    99, 44.00, 33.70, 10.30
         0,     0, 2,20:50:59,20:51:09,    10, 33.70, 43.80,-10.10
  12200004,  5058, 1,20:51:13,20:51:18,     5, 41.20, 41.20,  0.00
  11499231,     0, 7,20:54:12,20:54:15,     3, 41.10, 41.10,  0.00
  11499231,     0, 8,20:58:16,20:58:40,    24, 40.20, 40.10,  0.10
  12706642,  7051, 2,21:00:26,21:01:39,    73, 43.80, 36.10,  7.70
         0,     0, 2,21:01:47,21:01:54,     7, 36.10, 43.90, -7.80
  12448412,     0, 5,21:06:53,21:07:20,    27, 39.60, 39.60,  0.00
         0,     0, 5,21:07:27,21:07:28,     1, 39.60, 41.40, -1.80
  12448412,     0, 5,21:07:40,21:07:53,    13, 41.40, 41.40,  0.00
  12448412,     0, 5,21:08:27,21:08:34,     7, 41.40, 41.40,  0.00
  12448412,     0, 5,21:09:21,21:09:27,     6, 41.40, 41.40,  0.00
  12706618,  7027, 2,21:09:17,21:10:01,    44, 43.90, 36.60,  7.30
  12448412,     0, 5,21:10:02,21:10:10,     8, 41.40, 41.40,  0.00
         0,     0, 2,21:10:10,21:10:16,     6, 36.60, 44.00, -7.40
  12448412,     0, 5,21:10:49,21:10:54,     5, 41.40, 41.40,  0.00
  12706738,     0, 5,21:12:30,21:12:35,     5, 41.30, 41.30,  0.00
  12706738,     0, 5,21:13:03,21:13:06,     3, 41.30, 41.30,  0.00
  12706738,     0, 5,21:13:49,21:14:06,    17, 41.30, 41.30,  0.00
  12706738,     0, 5,21:15:26,21:16:02,    36, 41.30, 41.30,  0.00
  11499117,  2007, 1,21:16:24,21:16:30,     6, 41.10, 41.10,  0.00
  11499117,  2007, 2,21:16:40,21:17:12,    32, 44.00, 35.80,  8.20
  13323409,     0, 5,21:16:55,21:17:22,    27, 41.30, 41.30,  0.00
         0,     0, 2,21:17:21,21:17:28,     7, 35.80, 43.90, -8.10
  11499231,     0, 8,21:16:28,21:18:08,   100, 40.10, 28.80, 11.30
         0,     0, 8,21:18:16,21:18:28,    12, 28.80, 41.20,-12.40
  12448517,  6130, 4,21:21:16,21:22:55,    99, 43.80, 31.80, 12.00
         0,     0, 4,21:23:02,21:23:12,    10, 31.80, 43.10,-11.30
  12200004,  5058, 3,21:25:24,21:26:14,    50, 46.10, 37.90,  8.20
         0,     0, 3,21:26:22,21:26:28,     6, 37.90, 37.90,  0.00
  12448480,     0, 5,21:27:58,21:28:33,    35, 41.20, 41.20,  0.00
  11953971,  4001, 2,21:26:47,21:28:57,   130, 43.90, 19.90, 24.00
         0,     0, 2,21:29:06,21:29:31,    25, 19.90, 43.90,-24.00
  12448480,     0, 5,21:29:50,21:30:41,    51, 41.10, 41.10,  0.00
  12448519,     0, 5,21:34:02,21:34:06,     4, 41.10, 41.10,  0.00
  12448519,     0, 5,21:34:17,21:34:37,    20, 41.10, 41.10,  0.00
  12448480,     0, 5,21:35:38,21:36:06,    28, 41.10, 41.10,  0.00
  12448480,     0, 5,21:38:20,21:38:44,    24, 41.00, 41.10, -0.10
  12448519,     0, 5,21:40:33,21:40:52,    19, 41.00, 41.00,  0.00
  12706620,  7029, 3,21:51:39,21:52:44,    65, 46.10, 39.00,  7.10
         0,     0, 3,21:52:52,21:52:57,     5, 39.00, 39.00,  0.00
  11954042,  4072, 2,21:58:00,21:59:39,    99, 43.90, 39.30,  4.60
         0,     0, 2,21:59:46,21:59:49,     3, 39.30, 43.80, -4.50
  12706609,  7018, 4,21:59:28,22:00:02,    34, 42.90, 37.80,  5.10
         0,     0, 4,22:00:11,22:00:16,     5, 37.80, 43.30, -5.50
  11954042,  4072, 1,21:59:45,22:00:40,    55, 41.10, 26.00, 15.10
  12706642,  7051, 2,22:00:03,22:00:39,    36, 43.70, 40.60,  3.10
         0,     0, 2,22:00:47,22:00:49,     2, 40.60, 43.90, -3.30
         0,     0, 1,22:00:47,22:01:01,    14, 26.00, 41.30,-15.30
  12706642,  7051, 1,22:01:11,22:01:18,     7, 41.30, 41.20,  0.10
  12706620,  7029, 3,22:00:54,22:01:35,    41, 46.00, 40.50,  5.50
         0,     0, 3,22:01:43,22:01:47,     4, 40.50, 46.10, -5.60
  13008842,     0, 8,22:03:00,22:03:13,    13, 40.20, 40.20,  0.00
  21268732,  6126, 4,22:04:04,22:05:28,    84, 43.50, 38.20,  5.30
         0,     0, 4,22:05:36,22:05:40,     4, 38.20, 43.20, -5.00
  12200062,  1556, 5,22:05:42,22:05:43,     1, 40.80, 40.80,  0.00
  13008842,     0, 8,22:07:09,22:08:05,    56, 39.20, 37.50,  1.70
         0,     0, 8,22:08:13,22:08:16,     3, 37.50, 41.30, -3.80
  12706628,  7037, 2,22:05:19,22:08:59,   220, 43.90, 29.20, 14.70
         0,     0, 2,22:09:07,22:09:22,    15, 29.20, 44.00,-14.80
  12448518,  6131, 4,22:10:16,22:11:33,    77, 43.20, 29.40, 13.80
         0,     0, 4,22:11:41,22:11:54,    13, 29.40, 43.40,-14.00
  12448408,  6021, 2,22:12:26,22:12:56,    30, 44.00, 41.50,  2.50
         0,     0, 2,22:13:05,22:13:06,     1, 41.50, 43.90, -2.40
  12200062,  1556, 5,22:13:25,22:13:27,     2, 40.70, 40.70,  0.00
  12448408,  6021, 2,22:13:55,22:14:18,    23, 43.90, 39.00,  4.90
         0,     0, 2,22:14:27,22:14:31,     4, 39.00, 44.00, -5.00
  12706624,  7033, 4,22:17:29,22:19:32,   123, 43.70, 27.70, 16.00
         0,     0, 4,22:19:40,22:19:55,    15, 27.70, 43.30,-15.60
  12199987,  5041, 2,22:18:08,22:21:12,   184, 44.00, 43.30,  0.70
  12200083,  5137, 1,22:22:41,22:22:47,     6, 41.20, 41.20,  0.00
  12448516,  6129, 4,22:22:59,22:23:56,    57, 43.70, 25.80, 17.90
         0,     0, 4,22:24:04,22:24:20,    16, 25.80, 43.30,-17.50
  12200083,  5137, 4,22:24:51,22:25:57,    66, 43.50, 27.30, 16.20
         0,     0, 4,22:26:05,22:26:20,    15, 27.30, 43.20,-15.90
  12199987,  5041, 2,22:23:30,22:26:58,   208, 43.30, 31.60, 11.70
         0,     0, 2,22:27:06,22:27:18,    12, 31.60, 43.90,-12.30
  12199959,     0, 7,22:28:02,22:30:47,   165, 41.00, 36.10,  4.90
         0,     0, 7,22:30:55,22:31:01,     6, 36.10, 41.10, -5.00
  12706630,  7039, 2,22:29:58,22:31:50,   112, 43.90, 31.00, 12.90
         0,     0, 2,22:31:58,22:32:11,    13, 31.00, 43.90,-12.90
  12448521,  6134, 1,22:34:46,22:35:15,    29, 41.20, 41.20,  0.00
  12448521,  6134, 2,22:35:20,22:35:36,    16, 44.00, 44.00,  0.00
  12448519,     0, 5,22:37:58,22:38:11,    13, 40.50, 40.50,  0.00
  12200066,  5120, 2,22:37:40,22:39:01,    81, 44.00, 30.80, 13.20
         0,     0, 2,22:39:09,22:39:22,    13, 30.80, 44.00,-13.20
  12448521,  6134, 1,22:44:44,22:47:38,   174, 41.20, 25.90, 15.30
         0,     0, 1,22:47:46,22:48:00,    14, 25.90, 41.30,-15.40
  11499184,  2074, 2,22:45:46,22:48:16,   150, 44.00, 25.50, 18.50
         0,     0, 2,22:48:24,22:48:42,    18, 25.50, 43.90,-18.40
  11499184,  2074, 2,22:48:52,22:49:02,    10, 43.90, 41.10,  2.80
         0,     0, 2,22:49:10,22:49:11,     1, 41.10, 43.90, -2.80
  12448437,  6050, 1,22:52:17,22:52:29,    12, 41.30, 41.30,  0.00
  12448437,  6050, 2,22:52:34,22:54:28,   114, 43.90, 34.00,  9.90
         0,     0, 2,22:54:35,22:54:44,     9, 34.00, 43.90, -9.90
  12448412,     0, 5,22:57:19,22:57:28,     9, 40.30, 40.30,  0.00
  12200066,  5120, 2,23:04:44,23:05:28,    44, 43.90, 36.60,  7.30
         0,     0, 2,23:05:36,23:05:42,     6, 36.60, 44.00, -7.40
  12448412,     0, 5,23:09:27,23:09:32,     5, 40.20, 40.20,  0.00
  12706613,  7022, 4,23:09:49,23:12:12,   143, 43.40, 38.70,  4.70
         0,     0, 4,23:12:20,23:12:24,     4, 38.70, 43.40, -4.70
  13008738,  7159, 4,23:12:56,23:15:31,   155, 43.50, 30.00, 13.50
         0,     0, 4,23:15:40,23:15:52,    12, 30.00, 43.40,-13.40
  12706613,  7022, 4,23:17:02,23:17:28,    26, 43.30, 40.00,  3.30
         0,     0, 4,23:17:37,23:17:40,     3, 40.00, 43.30, -3.30
  11724250,  3150, 4,23:18:46,23:20:12,    86, 43.30, 24.00, 19.30
         0,     0, 4,23:20:21,23:20:39,    18, 24.00, 43.30,-19.30
  11724250,  3150, 3,23:21:30,23:22:06,    36, 46.20, 37.20,  9.00
         0,     0, 3,23:22:14,23:22:21,     7, 37.20, 37.20,  0.00
  12706630,  7039, 1,23:24:04,23:24:10,     6, 41.30, 41.30,  0.00
  12706630,  7039, 2,23:24:15,23:25:01,    46, 43.90, 39.70,  4.20
         0,     0, 2,23:25:08,23:25:11,     3, 39.70, 43.90, -4.20
  12706651,     0, 8,23:28:39,23:30:04,    85, 41.10, 34.70,  6.40
         0,     0, 8,23:30:12,23:30:18,     6, 34.70, 40.70, -6.00
  12706651,     0, 7,23:31:07,23:31:22,    15, 41.10, 41.10,  0.00
  12200091,  5145, 4,23:30:19,23:31:44,    85, 43.70, 29.50, 14.20
         0,     0, 4,23:31:52,23:32:04,    12, 29.50, 43.20,-13.70
  11724167,  3067, 4,23:32:15,23:34:13,   118, 43.30, 19.40, 23.90
         0,     0, 4,23:34:20,23:34:42,    22, 19.40, 43.20,-23.80
  11724167,  3067, 4,23:34:52,23:35:35,    43, 43.40, 28.30, 15.10
         0,     0, 4,23:35:43,23:35:57,    14, 28.30, 43.30,-15.00
  12706634,  7043, 2,23:36:06,23:38:53,   167, 43.90, 23.00, 20.90
  12706620,  7029, 1,23:38:34,23:39:08,    34, 41.30, 41.30,  0.00
         0,     0, 2,23:39:00,23:39:21,    21, 23.00, 44.00,-21.00
  12200081,  5135, 4,23:40:18,23:41:59,   101, 43.50, 26.40, 17.10
         0,     0, 4,23:42:08,23:42:24,    16, 26.40, 43.30,-16.90
         0,     0, 3,23:44:49,23:44:59,    10, 46.10, 46.10,  0.00
         0,     0, 4,23:44:49,23:44:59,    10, 43.60, 43.60,  0.00
         0,     0, 5,23:44:49,23:44:59,    10, 39.80, 39.80,  0.00
         0,     0, 7,23:44:49,23:44:59,    10, 41.10, 41.10,  0.00
         0,     0, 8,23:44:49,23:44:59,    10, 38.50, 38.50,  0.00
         0,     0, 1,23:44:49,23:44:59,    10, 41.30, 41.30,  0.00
         0,     0, 2,23:44:49,23:44:59,    10, 44.00, 44.00,  0.00
