         0,     0, 1, 0:02:53, 0:03:03,    10, 40.80, 40.80,  0.00
         0,     0, 2, 0:02:53, 0:03:03,    10, 44.00, 44.00,  0.00
         0,     0, 3, 0:02:53, 0:03:03,    10, 46.40, 46.40,  0.00
         0,     0, 4, 0:02:53, 0:03:03,    10, 43.10, 43.10,  0.00
         0,     0, 5, 0:02:53, 0:03:03,    10, 40.60, 40.60,  0.00
         0,     0, 7, 0:02:53, 0:03:03,    10, 41.10, 41.10,  0.00
         0,     0, 8, 0:02:53, 0:03:03,    10, 41.00, 41.00,  0.00
  13008748,  7169, 4, 0:12:51, 0:15:52,   181, 43.20, 36.50,  6.70
         0,     0, 4, 0:16:00, 0:16:06,     6, 36.50, 36.60, -0.10
  12448517,  6130, 1, 0:19:15, 0:20:56,   101, 40.80, 31.90,  8.90
         0,     0, 1, 0:21:04, 0:21:12,     8, 31.90, 41.20, -9.30
  12706642,  7051, 2, 0:20:52, 0:21:40,    48, 44.00, 39.70,  4.30
         0,     0, 2, 0:21:47, 0:21:50,     3, 39.70, 44.10, -4.40
  12706642,  7051, 1, 0:21:56, 0:22:21,    25, 41.30, 34.60,  6.70
         0,     0, 1, 0:22:30, 0:22:36,     6, 34.60, 41.30, -6.70
  12706642,  7051, 2, 0:22:44, 0:23:02,    18, 44.10, 41.00,  3.10
         0,     0, 2, 0:23:10, 0:23:12,     2, 41.00, 44.20, -3.20
  13008774,  8015, 4, 0:23:45, 0:24:19,    34, 43.00, 40.30,  2.70
  12706621,  7030, 2, 0:23:58, 0:24:24,    26, 44.20, 44.20,  0.00
         0,     0, 4, 0:24:28, 0:24:30,     2, 40.30, 43.00, -2.70
  12706621,  7030, 2, 0:24:41, 0:24:56,    15, 44.10, 44.20, -0.10
  12200085,  5139, 3, 0:25:57, 0:26:43,    46, 46.50, 36.50, 10.00
         0,     0, 3, 0:26:51, 0:26:59,     8, 36.50, 36.90, -0.40
  12706621,  7030, 4, 0:26:51, 0:28:07,    76, 43.30, 26.80, 16.50
         0,     0, 4, 0:28:16, 0:28:31,    15, 26.80, 43.00,-16.20
  12706614,  7023, 4, 0:36:36, 0:37:25,    49, 43.50, 29.40, 14.10
         0,     0, 4, 0:37:32, 0:37:45,    13, 29.40, 43.10,-13.70
  12706609,  7018, 1, 0:37:54, 0:39:28,    94, 41.20, 30.10, 11.10
         0,     0, 1, 0:39:36, 0:39:46,    10, 30.10, 41.30,-11.20
  12706618,  7027, 3, 0:39:29, 0:40:10,    41, 46.50, 37.30,  9.20
         0,     0, 3, 0:40:19, 0:40:26,     7, 37.30, 37.30,  0.00
  12200091,  5145, 4, 0:41:01, 0:41:16,    15, 43.60, 42.70,  0.90
  12200091,  5145, 4, 0:41:26, 0:41:27,     1, 42.50, 42.50,  0.00
  12448415,  6028, 3, 0:40:36, 0:41:54,    78, 46.40, 38.20,  8.20
         0,     0, 3, 0:42:02, 0:42:08,     6, 38.20, 38.20,  0.00
  12200091,  5145, 4, 0:41:37, 0:42:12,    35, 42.90, 30.60, 12.30
  13008748,  7169, 2, 0:41:00, 0:42:26,    86, 44.20, 43.10,  1.10
         0,     0, 4, 0:42:20, 0:42:31,    11, 30.60, 43.00,-12.40
  11499184,  2074, 1, 0:42:57, 0:43:03,     6, 41.30, 41.30,  0.00
  12448516,  6129, 3, 0:43:12, 0:44:49,    97, 46.80, 29.90, 16.90
         0,     0, 3, 0:44:57, 0:45:10,    13, 29.90, 29.80,  0.10
  11499184,  2074, 2, 0:48:11, 0:48:40,    29, 43.10, 35.20,  7.90
         0,     0, 2, 0:48:48, 0:48:56,     8, 35.20, 44.10, -8.90
  12448420,  6033, 4, 0:48:34, 0:50:35,   121, 43.10, 34.50,  8.60
         0,     0, 4, 0:50:43, 0:50:50,     7, 34.50, 43.10, -8.60
  12200085,  5139, 4, 0:55:00, 0:55:32,    32, 43.20, 34.60,  8.60
         0,     0, 4, 0:55:40, 0:55:47,     7, 34.60, 42.90, -8.30
  13008748,  7169, 2, 0:55:04, 0:55:59,    55, 44.10, 42.00,  2.10
         0,     0, 2, 0:56:06, 0:56:06,     0, 42.00, 43.90, -1.90
  13008748,  7169, 1, 0:56:38, 0:57:07,    29, 41.30, 40.10,  1.20
  13008774,  8015, 3, 0:56:03, 0:57:19,    76, 46.50, 40.80,  5.70
         0,     0, 3, 0:57:26, 0:57:30,     4, 40.80, 46.40, -5.60
  12200083,  5137, 2, 0:57:30, 0:58:24,    54, 44.00, 32.30, 11.70
         0,     0, 2, 0:58:33, 0:58:44,    11, 32.30, 44.00,-11.70
  12706613,  7022, 3, 1:01:00, 1:01:40,    40, 46.60, 41.20,  5.40
         0,     0, 3, 1:01:48, 1:01:51,     3, 41.20, 41.20,  0.00
  12448420,  6033, 4, 1:01:21, 1:02:02,    41, 43.30, 37.80,  5.50
         0,     0, 4, 1:02:10, 1:02:14,     4, 37.80, 43.00, -5.20
  13008890,     0, 8, 1:09:12, 1:09:18,     6, 40.80, 40.80,  0.00
  12706624,  7033, 2, 1:10:29, 1:13:14,   165, 44.00, 26.60, 17.40
         0,     0, 2, 1:13:22, 1:13:39,    17, 26.60, 44.00,-17.40
  12706618,  7027, 3, 1:15:01, 1:16:08,    67, 46.70, 36.50, 10.20
         0,     0, 3, 1:16:16, 1:16:24,     8, 36.50, 36.50,  0.00
  12706634,  7043, 2, 1:20:05, 1:20:51,    46, 44.00, 40.80,  3.20
         0,     0, 2, 1:20:58, 1:21:00,     2, 40.80, 44.10, -3.30
  12706634,  7043, 2, 1:21:12, 1:22:50,    98, 44.10, 33.00, 11.10
         0,     0, 2, 1:22:58, 1:23:08,    10, 33.00, 44.10,-11.10
  13008890,     0, 8, 1:23:08, 1:23:38,    30, 40.80, 37.90,  2.90
         0,     0, 8, 1:23:45, 1:23:48,     3, 37.90, 41.20, -3.30
  12448420,  6033, 4, 1:21:51, 1:24:12,   141, 43.30, 36.90,  6.40
         0,     0, 4, 1:24:20, 1:24:25,     5, 36.90, 42.90, -6.00
  12448516,  6129, 4, 1:28:55, 1:29:53,    58, 43.30, 34.60,  8.70
         0,     0, 4, 1:30:02, 1:30:09,     7, 34.60, 43.00, -8.40
  12706613,  7022, 3, 1:30:46, 1:31:33,    47, 46.80, 40.00,  6.80
         0,     0, 3, 1:31:41, 1:31:46,     5, 40.00, 40.00,  0.00
  12448521,  6134, 3, 1:36:57, 1:38:47,   110, 46.50, 33.30, 13.20
         0,     0, 3, 1:38:55, 1:39:05,    10, 33.30, 33.20,  0.10
  12706615,  7024, 4, 1:53:04, 1:54:23,    79, 43.30, 28.60, 14.70
         0,     0, 4, 1:54:30, 1:54:43,    13, 28.60, 43.10,-14.50
  12706669,     0, 7, 1:57:26, 1:58:40,    74, 41.00, 35.30,  5.70
         0,     0, 7, 1:58:48, 1:58:55,     7, 35.30, 41.10, -5.80
  12200086,  5140, 2, 1:58:01, 1:59:15,    74, 44.10, 36.10,  8.00
         0,     0, 2, 1:59:22, 1:59:29,     7, 36.10, 44.20, -8.10
  12448437,  6050, 1, 2:02:53, 2:05:02,   129, 40.10, 24.20, 15.90
         0,     0, 1, 2:05:09, 2:05:25,    16, 24.20, 41.20,-17.00
  12706624,  7033, 2, 2:06:18, 2:06:53,    35, 44.20, 42.70,  1.50
  13008738,  7159, 4, 2:13:17, 2:15:06,   109, 43.50, 29.20, 14.30
         0,     0, 4, 2:15:14, 2:15:27,    13, 29.20, 43.00,-13.80
  12706630,  7039, 2, 2:18:50, 2:21:08,   138, 42.60, 26.70, 15.90
         0,     0, 2, 2:21:17, 2:21:34,    17, 26.70, 44.10,-17.40
  12200086,  5140, 1, 2:25:24, 2:25:31,     7, 41.30, 41.30,  0.00
  12706737,  7146, 4, 2:25:07, 2:26:03,    56, 43.40, 35.20,  8.20
         0,     0, 4, 2:26:11, 2:26:18,     7, 35.20, 35.30, -0.10
  12448392,  6005, 1, 2:35:44, 2:37:02,    78, 41.30, 26.60, 14.70
         0,     0, 1, 2:37:10, 2:37:24,    14, 26.60, 41.20,-14.60
  12448434,  6047, 3, 2:50:12, 2:51:25,    73, 46.70, 33.30, 13.40
         0,     0, 3, 2:51:34, 2:51:44,    10, 33.30, 33.20,  0.10
  21268732,  6126, 1, 2:58:04, 2:58:32,    28, 41.30, 40.50,  0.80
  21268732,  6126, 2, 2:58:42, 2:59:47,    65, 44.10, 38.00,  6.10
         0,     0, 2, 2:59:56, 3:00:01,     5, 38.00, 44.10, -6.10
  21268732,  6126, 2, 3:00:11, 3:00:45,    34, 44.10, 39.80,  4.30
         0,     0, 2, 3:00:53, 3:00:56,     3, 39.80, 44.00, -4.20
  21268732,  6126, 2, 3:01:22, 3:01:54,    32, 44.00, 41.20,  2.80
         0,     0, 2, 3:02:01, 3:02:02,     1, 41.20, 44.10, -2.90
  12448434,  6047, 4, 3:04:36, 3:05:33,    57, 43.60, 36.60,  7.00
         0,     0, 4, 3:05:42, 3:05:47,     5, 36.60, 42.80, -6.20
  12448426,  6039, 3, 3:05:47, 3:06:53,    66, 46.80, 28.70, 18.10
         0,     0, 3, 3:07:01, 3:07:15,    14, 28.70, 28.70,  0.00
  12448518,  6131, 1, 3:16:48, 3:17:07,    19, 40.50, 40.50,  0.00
  12706630,  7039, 1, 3:20:13, 3:21:14,    61, 40.50, 33.90,  6.60
         0,     0, 1, 3:21:22, 3:21:28,     6, 33.90, 41.20, -7.30
  12448518,  6131, 2, 3:21:31, 3:22:20,    49, 44.10, 31.60, 12.50
         0,     0, 2, 3:22:28, 3:22:39,    11, 31.60, 44.20,-12.60
  12706610,  7019, 4, 3:28:33, 3:29:33,    60, 42.80, 29.60, 13.20
         0,     0, 4, 3:29:41, 3:29:53,    12, 29.60, 43.10,-13.50
  12448434,  6047, 3, 3:36:02, 3:37:08,    66, 46.00, 40.30,  5.70
         0,     0, 3, 3:37:16, 3:37:20,     4, 40.30, 40.30,  0.00
  12706601,  7010, 4, 3:38:09, 3:39:10,    61, 43.20, 36.10,  7.10
         0,     0, 4, 3:39:18, 3:39:24,     6, 36.10, 36.20, -0.10
  12448391,  6004, 3, 3:41:25, 3:42:32,    67, 46.30, 28.50, 17.80
         0,     0, 3, 3:42:40, 3:42:55,    15, 28.50, 28.50,  0.00
  12706630,  7039, 2, 3:46:05, 3:47:17,    72, 44.20, 39.80,  4.40
         0,     0, 2, 3:47:26, 3:47:29,     3, 39.80, 44.10, -4.30
  12706634,  7043, 1, 3:47:39, 3:49:24,   105, 41.30, 27.60, 13.70
         0,     0, 1, 3:49:32, 3:49:45,    13, 27.60, 41.30,-13.70
  11499184,  2074, 2, 3:51:46, 3:52:04,    18, 44.10, 39.80,  4.30
         0,     0, 2, 3:52:11, 3:52:14,     3, 39.80, 44.10, -4.30
  12706628,  7037, 2, 3:52:36, 3:54:03,    87, 44.10, 38.40,  5.70
         0,     0, 2, 3:54:10, 3:54:14,     4, 38.40, 44.20, -5.80
  11499184,  2074, 2, 3:56:58, 3:58:04,    66, 44.20, 34.90,  9.30
         0,     0, 2, 3:58:12, 3:58:20,     8, 34.90, 44.10, -9.20
  11499117,  2007, 4, 4:01:52, 4:02:45,    53, 43.50, 33.80,  9.70
         0,     0, 4, 4:02:54, 4:03:02,     8, 33.80, 43.00, -9.20
  12706601,  7010, 4, 4:13:17, 4:13:51,    34, 43.20, 37.50,  5.70
         0,     0, 4, 4:13:58, 4:14:03,     5, 37.50, 42.80, -5.30
  12706642,  7051, 1, 4:23:30, 4:24:37,    67, 41.20, 37.00,  4.20
         0,     0, 1, 4:24:44, 4:24:47,     3, 37.00, 41.30, -4.30
  12706642,  7051, 2, 4:25:12, 4:25:49,    37, 44.20, 41.30,  2.90
         0,     0, 2, 4:25:58, 4:25:59,     1, 41.30, 44.10, -2.80
  12706628,  7037, 4, 4:29:01, 4:29:33,    32, 42.70, 41.30,  1.40
         0,     0, 4, 4:29:41, 4:29:42,     1, 41.30, 43.00, -1.70
  11724217,  3117, 2, 4:28:46, 4:29:58,    72, 44.10, 27.50, 16.60
         0,     0, 2, 4:30:05, 4:30:21,    16, 27.50, 44.10,-16.60
  11499117,  2007, 2, 4:38:10, 4:38:54,    44, 44.10, 36.90,  7.20
         0,     0, 2, 4:39:01, 4:39:07,     6, 36.90, 44.10, -7.20
  12706618,  7027, 3, 4:49:05, 4:50:12,    67, 46.60, 34.90, 11.70
         0,     0, 3, 4:50:19, 4:50:28,     9, 34.90, 46.40,-11.50
  12706669,     0, 7, 5:51:05, 5:52:11,    66, 41.10, 39.50,  1.60
         0,     0, 7, 5:52:20, 5:52:21,     1, 39.50, 41.10, -1.60
  12706669,     0, 7, 5:52:42, 5:53:49,    67, 40.00, 37.70,  2.30
         0,     0, 7, 5:53:57, 5:54:01,     4, 37.70, 41.10, -3.40
  12706656,  7065, 4, 6:14:18, 6:14:48,    30, 43.20, 37.10,  6.10
         0,     0, 4, 6:14:56, 6:15:01,     5, 37.10, 37.20, -0.10
  11499117,  2007, 1, 6:14:42, 6:15:03,    21, 41.30, 41.10,  0.20
  12706609,  7018, 2, 6:14:40, 6:15:07,    27, 44.10, 37.40,  6.70
  12448392,  6005, 4, 6:15:12, 6:15:13,     1, 43.00, 43.10, -0.10
         0,     0, 2, 6:15:15, 6:15:20,     5, 37.40, 44.10, -6.70
  12448437,  6050, 3, 6:14:10, 6:15:30,    80, 46.20, 29.90, 16.30
  12448415,  6028, 2, 6:15:32, 6:15:40,     8, 44.10, 44.00,  0.10
         0,     0, 3, 6:15:38, 6:15:51,    13, 29.90, 29.90,  0.00
  12706656,  7065, 1, 6:15:49, 6:16:55,    66, 41.10, 31.40,  9.70
         0,     0, 1, 6:17:03, 6:17:12,     9, 31.40, 41.30, -9.90
  12448392,  6005, 4, 6:15:24, 6:17:12,   108, 43.10, 20.00, 23.10
         0,     0, 4, 6:17:19, 6:17:40,    21, 20.00, 20.20, -0.20
  12448417,  6030, 1, 6:18:35, 6:18:43,     8, 41.30, 41.30,  0.00
  12448415,  6028, 2, 6:15:51, 6:18:44,   173, 44.10, 24.10, 20.00
         0,     0, 2, 6:18:52, 6:19:11,    19, 24.10, 44.10,-20.00
  12200091,  5145, 2, 6:21:12, 6:22:02,    50, 44.10, 32.50, 11.60
         0,     0, 2, 6:22:10, 6:22:20,    10, 32.50, 44.10,-11.60
  11499117,  2007, 3, 6:22:03, 6:23:25,    82, 46.30, 29.30, 17.00
         0,     0, 3, 6:23:32, 6:23:46,    14, 29.30, 46.50,-17.20
  12706609,  7018, 1, 6:23:50, 6:24:56,    66, 41.30, 29.80, 11.50
         0,     0, 1, 6:25:04, 6:25:14,    10, 29.80, 41.30,-11.50
  12200081,  5135, 1, 6:25:32, 6:25:41,     9, 41.30, 41.30,  0.00
  12448521,  6134, 2, 6:23:36, 6:25:47,   131, 44.10, 34.70,  9.40
         0,     0, 2, 6:25:56, 6:26:04,     8, 34.70, 44.10, -9.40
  12200086,  5140, 4, 6:25:06, 6:26:52,   106, 44.20, 25.50, 18.70
         0,     0, 4, 6:27:00, 6:27:16,    16, 25.50, 43.20,-17.70
  12448426,  6039, 3, 6:28:54, 6:29:52,    58, 46.60, 31.30, 15.30
         0,     0, 3, 6:30:01, 6:30:13,    12, 31.30, 31.20,  0.10
  12199951,  5005, 2, 6:29:23, 6:30:17,    54, 44.10, 44.00,  0.10
  11954008,  4038, 4, 6:30:03, 6:31:32,    89, 43.40, 43.70, -0.30
  12448516,  6129, 3, 6:30:34, 6:31:45,    71, 46.30, 29.70, 16.60
         0,     0, 3, 6:31:53, 6:32:06,    13, 29.70, 34.20, -4.50
  12448518,  6131, 4, 6:32:17, 6:32:31,    14, 43.50, 41.00,  2.50
  11954008,  4038, 3, 6:32:16, 6:32:33,    17, 46.20, 46.30, -0.10
         0,     0, 4, 6:32:40, 6:32:41,     1, 41.00, 43.00, -2.00
  12706737,  7146, 4, 6:32:51, 6:34:16,    85, 43.00, 35.40,  7.60
         0,     0, 4, 6:34:25, 6:34:32,     7, 35.40, 36.60, -1.20
  11954008,  4038, 1, 6:33:21, 6:34:56,    95, 41.30, 40.50,  0.80
  12448420,  6033, 2, 6:31:04, 6:34:57,   233, 44.00, 36.90,  7.10
         0,     0, 2, 6:35:05, 6:35:11,     6, 36.90, 44.10, -7.20
  12706614,  7023, 4, 6:34:42, 6:35:44,    62, 43.40, 36.30,  7.10
         0,     0, 4, 6:35:52, 6:35:57,     5, 36.30, 43.00, -6.70
  12706614,  7023, 3, 6:35:53, 6:36:07,    14, 46.40, 41.80,  4.60
         0,     0, 3, 6:36:15, 6:36:18,     3, 41.80, 41.80,  0.00
  11954042,  4072, 3, 6:36:30, 6:36:35,     5, 46.60, 46.50,  0.10
  11954042,  4072, 4, 6:36:40, 6:38:26,   106, 43.50, 25.20, 18.30
  13008774,  8015, 3, 6:38:18, 6:38:31,    13, 46.60, 46.20,  0.40
         0,     0, 4, 6:38:34, 6:38:50,    16, 25.20, 31.70, -6.50
  12448398,  6011, 1, 6:38:23, 6:38:51,    28, 40.50, 40.40,  0.10
  12706620,  7029, 2, 6:37:22, 6:40:03,   161, 44.10, 30.70, 13.40
  13008774,  8015, 3, 6:38:56, 6:40:19,    83, 46.40, 35.40, 11.00
         0,     0, 2, 6:40:11, 6:40:23,    12, 30.70, 44.30,-13.60
         0,     0, 3, 6:40:27, 6:40:36,     9, 35.40, 35.40,  0.00
  12200083,  5137, 4, 6:40:39, 6:41:45,    66, 42.90, 30.30, 12.60
         0,     0, 4, 6:41:53, 6:42:05,    12, 30.30, 43.00,-12.70
  12448398,  6011, 1, 6:39:10, 6:42:02,   172, 40.40, 14.30, 26.10
  12448518,  6131, 2, 6:41:31, 6:42:26,    55, 44.20, 30.90, 13.30
         0,     0, 1, 6:42:10, 6:42:36,    26, 14.30, 41.30,-27.00
         0,     0, 2, 6:42:35, 6:42:47,    12, 30.90, 44.20,-13.30
  12448398,  6011, 2, 6:43:02, 6:43:27,    25, 44.20, 41.60,  2.60
         0,     0, 2, 6:43:34, 6:43:35,     1, 41.60, 44.10, -2.50
  12706621,  7030, 3, 6:42:34, 6:44:13,    99, 46.60, 32.10, 14.50
         0,     0, 3, 6:44:21, 6:44:33,    12, 32.10, 32.10,  0.00
  12200081,  5135, 2, 6:45:19, 6:45:48,    29, 44.20, 43.10,  1.10
  12200081,  5135, 2, 6:46:05, 6:46:15,    10, 43.10, 41.80,  1.30
         0,     0, 2, 6:46:23, 6:46:24,     1, 41.80, 44.10, -2.30
  11724217,  3117, 4, 6:45:53, 6:46:34,    41, 43.00, 35.30,  7.70
         0,     0, 4, 6:46:41, 6:46:48,     7, 35.30, 35.40, -0.10
  12199951,  5005, 2, 6:46:43, 6:49:23,   160, 44.20, 29.10, 15.10
         0,     0, 2, 6:49:31, 6:49:45,    14, 29.10, 44.10,-15.00
  12706601,  7010, 2, 6:50:49, 6:52:58,   129, 44.10, 26.30, 17.80
         0,     0, 2, 6:53:07, 6:53:24,    17, 26.30, 44.20,-17.90
  12706613,  7022, 1, 6:52:57, 6:54:18,    81, 41.30, 30.40, 10.90
         0,     0, 1, 6:54:25, 6:54:35,    10, 30.40, 41.20,-10.80
  12448408,  6021, 3, 6:53:37, 6:55:05,    88, 46.70, 29.00, 17.70
         0,     0, 3, 6:55:13, 6:55:28,    15, 29.00, 46.40,-17.40
  12706613,  7022, 1, 6:55:47, 6:56:18,    31, 41.30, 37.60,  3.70
         0,     0, 1, 6:56:27, 6:56:30,     3, 37.60, 41.30, -3.70
  12448451,     0, 7, 6:55:56, 6:56:48,    52, 41.10, 41.10,  0.00
  12706620,  7029, 3, 6:56:38, 6:57:17,    39, 46.50, 42.60,  3.90
         0,     0, 3, 6:57:26, 6:57:28,     2, 42.60, 42.50,  0.10
  12448451,     0, 8, 6:56:55, 6:57:55,    60, 40.40, 40.30,  0.10
  12706642,  7051, 4, 6:58:16, 6:59:20,    64, 43.00, 32.10, 10.90
         0,     0, 4, 6:59:27, 6:59:36,     9, 32.10, 32.30, -0.20
  12448451,     0, 7, 6:58:16, 6:59:36,    80, 41.10, 40.90,  0.20
  12200081,  5135, 2, 6:58:21, 7:00:21,   120, 44.20, 20.00, 24.20
         0,     0, 2, 7:00:29, 7:00:52,    23, 20.00, 44.10,-24.10
  12200081,  5135, 2, 7:01:03, 7:01:04,     1, 44.10, 44.10,  0.00
  13008774,  8015, 1, 7:03:00, 7:03:11,    11, 41.30, 41.30,  0.00
  13008748,  7169, 4, 7:05:31, 7:08:03,   152, 43.00, 38.30,  4.70
         0,     0, 4, 7:08:11, 7:08:14,     3, 38.30, 42.50, -4.20
  13008774,  8015, 2, 7:09:31, 7:11:57,   146, 44.10, 34.20,  9.90
  12706609,  7018, 1, 7:11:13, 7:12:00,    47, 41.30, 34.70,  6.60
  11724167,  3067, 3, 7:11:09, 7:12:01,    52, 46.70, 30.50, 16.20
         0,     0, 2, 7:12:04, 7:12:13,     9, 34.20, 44.00, -9.80
         0,     0, 1, 7:12:08, 7:12:14,     6, 34.70, 41.20, -6.50
         0,     0, 3, 7:12:09, 7:12:22,    13, 30.50, 30.40,  0.10
  21268732,  6126, 2, 7:13:03, 7:14:11,    68, 44.00, 38.60,  5.40
         0,     0, 2, 7:14:19, 7:14:23,     4, 38.60, 44.20, -5.60
  21268732,  6126, 1, 7:15:01, 7:15:41,    40, 41.20, 37.50,  3.70
         0,     0, 1, 7:15:49, 7:15:52,     3, 37.50, 41.30, -3.80
  12706628,  7037, 2, 7:32:57, 7:34:22,    85, 44.20, 32.80, 11.40
         0,     0, 2, 7:34:29, 7:34:39,    10, 32.80, 44.20,-11.40
  21268732,  6126, 2, 7:41:05, 7:42:33,    88, 44.20, 37.50,  6.70
         0,     0, 2, 7:42:41, 7:42:46,     5, 37.50, 44.10, -6.60
  12706624,  7033, 3, 7:47:41, 7:50:06,   145, 46.20, 29.60, 16.60
         0,     0, 3, 7:50:14, 7:50:27,    13, 29.60, 29.50,  0.10
  12706624,  7033, 3, 7:50:54, 7:51:24,    30, 46.20, 46.40, -0.20
  13008738,  7159, 2, 7:49:17, 7:52:12,   175, 44.10, 23.50, 20.60
         0,     0, 2, 7:52:19, 7:52:38,    19, 23.50, 44.20,-20.70
  12706615,  7024, 4, 7:52:19, 7:54:25,   126, 42.40, 24.70, 17.70
         0,     0, 4, 7:54:32, 7:54:49,    17, 24.70, 43.20,-18.50
  12448434,  6047, 4, 7:55:43, 7:58:21,   158, 43.20, 28.50, 14.70
         0,     0, 4, 7:58:29, 7:58:42,    13, 28.50, 43.10,-14.60
  12706737,  7146, 4, 8:01:51, 8:01:56,     5, 43.40, 43.40,  0.00
  11499184,  2074, 2, 8:01:22, 8:01:59,    37, 44.20, 43.70,  0.50
  11499184,  2074, 1, 8:02:04, 8:02:39,    35, 41.30, 39.80,  1.50
         0,     0, 1, 8:02:46, 8:02:46,     0, 39.80, 41.30, -1.50
  11499184,  2074, 2, 8:05:25, 8:05:36,    11, 43.80, 43.80,  0.00
  12706737,  7146, 4, 8:06:14, 8:06:24,    10, 43.40, 43.30,  0.10
  11499184,  2074, 1, 8:07:05, 8:07:12,     7, 41.30, 41.30,  0.00
  12706628,  7037, 2, 8:09:05, 8:09:21,    16, 43.80, 43.70,  0.10
  12706628,  7037, 1, 8:09:34, 8:09:41,     7, 41.30, 41.30,  0.00
  12200081,  5135, 4, 8:10:31, 8:10:41,    10, 43.30, 43.30,  0.00
  12706737,  7146, 3, 8:10:51, 8:12:34,   103, 46.60, 31.40, 15.20
         0,     0, 3, 8:12:42, 8:12:54,    12, 31.40, 31.40,  0.00
  12200081,  5135, 2, 8:14:31, 8:15:14,    43, 43.80, 35.30,  8.50
         0,     0, 2, 8:15:21, 8:15:28,     7, 35.30, 44.10, -8.80
  12448417,  6030, 4, 8:14:34, 8:15:40,    66, 43.30, 26.10, 17.20
         0,     0, 4, 8:15:48, 8:16:03,    15, 26.10, 26.20, -0.10
  12706634,  7043, 3, 8:14:47, 8:16:38,   111, 46.70, 41.50,  5.20
         0,     0, 3, 8:16:46, 8:16:49,     3, 41.50, 41.50,  0.00
  12706618,  7027, 2, 8:15:38, 8:17:09,    91, 44.10, 30.40, 13.70
         0,     0, 2, 8:17:18, 8:17:30,    12, 30.40, 44.10,-13.70
  12706669,     0, 8, 8:16:26, 8:17:29,    63, 40.20, 35.30,  4.90
         0,     0, 8, 8:17:37, 8:17:42,     5, 35.30, 41.20, -5.90
  12706634,  7043, 4, 8:17:01, 8:17:47,    46, 43.10, 34.80,  8.30
         0,     0, 4, 8:17:54, 8:18:02,     8, 34.80, 34.90, -0.10
  12448517,  6130, 1, 8:18:18, 8:18:23,     5, 41.30, 41.30,  0.00
  12706610,  7019, 3, 8:17:49, 8:19:15,    86, 46.70, 29.10, 17.60
         0,     0, 3, 8:19:23, 8:19:37,    14, 29.10, 46.60,-17.50
  12706614,  7023, 4, 8:18:25, 8:20:10,   105, 43.20, 26.00, 17.20
         0,     0, 4, 8:20:18, 8:20:34,    16, 26.00, 43.00,-17.00
  12706634,  7043, 3, 8:19:47, 8:20:47,    60, 46.50, 36.60,  9.90
         0,     0, 3, 8:20:56, 8:21:04,     8, 36.60, 46.60,-10.00
  11954042,  4072, 4, 8:21:05, 8:21:20,    15, 43.00, 43.20, -0.20
  12448517,  6130, 2, 8:19:25, 8:22:54,   209, 44.10, 24.70, 19.40
         0,     0, 2, 8:23:02, 8:23:20,    18, 24.70, 44.10,-19.40
  11954042,  4072, 4, 8:21:41, 8:23:25,   104, 43.40, 30.10, 13.30
         0,     0, 4, 8:23:32, 8:23:44,    12, 30.10, 43.00,-12.90
  11499184,  2074, 2, 8:23:30, 8:24:20,    50, 44.10, 30.40, 13.70
         0,     0, 2, 8:24:29, 8:24:42,    13, 30.40, 44.10,-13.70
  12200085,  5139, 3, 8:25:46, 8:26:45,    59, 46.60, 33.10, 13.50
         0,     0, 3, 8:26:53, 8:27:04,    11, 33.10, 33.10,  0.00
  12448434,  6047, 4, 8:28:10, 8:29:41,    91, 43.40, 37.80,  5.60
         0,     0, 4, 8:29:49, 8:29:53,     4, 37.80, 37.90, -0.10
  13008864,     0, 8, 8:32:04, 8:32:12,     8, 41.10, 40.20,  0.90
  13008864,     0, 8, 8:32:24, 8:32:26,     2, 39.50, 39.50,  0.00
         0,     0, 8, 8:32:35, 8:32:36,     1, 39.50, 41.10, -1.60
  12448516,  6129, 3, 8:31:23, 8:32:57,    94, 46.90, 30.20, 16.70
  13008864,     0, 8, 8:32:47, 8:33:11,    24, 41.20, 39.40,  1.80
         0,     0, 3, 8:33:05, 8:33:18,    13, 30.20, 30.10,  0.10
         0,     0, 8, 8:33:19, 8:33:20,     1, 39.40, 41.20, -1.80
  12448521,  6134, 1, 8:36:02, 8:36:09,     7, 41.30, 41.30,  0.00
  11499184,  2074, 2, 8:36:11, 8:36:17,     6, 44.10, 44.10,  0.00
  12448521,  6134, 3, 8:37:05, 8:38:31,    86, 46.40, 37.20,  9.20
         0,     0, 3, 8:38:39, 8:38:46,     7, 37.20, 37.20,  0.00
  12706700,     0, 7, 8:38:43, 8:38:54,    11, 40.90, 39.30,  1.60
         0,     0, 7, 8:39:02, 8:39:04,     2, 39.30, 41.20, -1.90
  12706700,     0, 7, 8:39:29, 8:39:40,    11, 39.30, 37.60,  1.70
         0,     0, 7, 8:39:47, 8:39:51,     4, 37.60, 41.10, -3.50
  12200079,  5133, 2, 8:39:28, 8:40:50,    82, 44.10, 27.80, 16.30
         0,     0, 2, 8:40:58, 8:41:13,    15, 27.80, 44.00,-16.20
  11499184,  2074, 2, 8:41:23, 8:41:52,    29, 44.00, 35.30,  8.70
         0,     0, 2, 8:42:00, 8:42:08,     8, 35.30, 44.10, -8.80
  12448451,     0, 8, 8:44:07, 8:44:15,     8, 41.20, 41.10,  0.10
  12448451,     0, 7, 8:44:21, 8:44:26,     5, 41.10, 41.10,  0.00
  12200085,  5139, 2, 8:49:50, 8:51:33,   103, 44.10, 21.10, 23.00
         0,     0, 2, 8:51:40, 8:52:02,    22, 21.10, 44.10,-23.00
  12706610,  7019, 4, 8:51:55, 8:53:20,    85, 43.20, 31.20, 12.00
         0,     0, 4, 8:53:27, 8:53:38,    11, 31.20, 43.00,-11.80
  12448437,  6050, 1, 8:54:10, 8:55:01,    51, 41.30, 37.50,  3.80
         0,     0, 1, 8:55:08, 8:55:11,     3, 37.50, 41.30, -3.80
  12448451,     0, 7, 8:55:33, 8:55:38,     5, 41.10, 41.10,  0.00
  12448451,     0, 7, 8:55:50, 8:55:52,     2, 41.00, 41.10, -0.10
  12448451,     0, 8, 8:56:08, 8:56:09,     1, 41.10, 41.10,  0.00
  12448437,  6050, 2, 8:55:16, 8:56:24,    68, 44.10, 34.00, 10.10
         0,     0, 2, 8:56:31, 8:56:40,     9, 34.00, 44.10,-10.10
  11724172,     0, 8, 8:57:52, 8:57:53,     1, 41.10, 41.10,  0.00
  12448434,  6047, 1, 8:58:42, 9:00:20,    98, 41.40, 36.40,  5.00
         0,     0, 1, 9:00:27, 9:00:31,     4, 36.40, 41.30, -4.90
  12448408,  6021, 2, 8:58:36, 9:00:30,   114, 44.10, 23.70, 20.40
         0,     0, 2, 9:00:38, 9:00:58,    20, 23.70, 44.10,-20.40
  12448451,     0, 7, 9:01:25, 9:01:40,    15, 41.10, 41.00,  0.10
  12448482,     0, 8, 8:58:21, 9:01:45,   204, 41.10, 25.60, 15.50
         0,     0, 8, 9:01:53, 9:02:09,    16, 25.60, 25.70, -0.10
  12448451,     0, 7, 9:01:54, 9:02:35,    41, 40.90, 39.70,  1.20
         0,     0, 7, 9:02:44, 9:02:45,     1, 39.70, 41.10, -1.40
  12448521,  6134, 3, 9:01:59, 9:02:59,    60, 46.50, 36.60,  9.90
         0,     0, 3, 9:03:06, 9:03:13,     7, 36.60, 36.50,  0.10
  12706634,  7043, 3, 9:07:06, 9:07:48,    42, 46.50, 38.60,  7.90
         0,     0, 3, 9:07:55, 9:08:01,     6, 38.60, 38.60,  0.00
  13008896,     0, 7, 9:10:23, 9:10:24,     1, 41.00, 41.00,  0.00
  11953971,  4001, 2, 9:08:36, 9:10:25,   109, 44.10, 29.80, 14.30
         0,     0, 2, 9:10:32, 9:10:45,    13, 29.80, 44.20,-14.40
  11724205,     0, 8, 9:04:06, 9:12:52,   526, 41.30, 26.00, 15.30
         0,     0, 8, 9:12:59, 9:13:14,    15, 26.00, 41.10,-15.10
  12448415,  6028, 2, 9:12:25, 9:13:18,    53, 44.20, 43.60,  0.60
  12448415,  6028, 2, 9:13:34, 9:13:40,     6, 43.60, 43.60,  0.00
  13008896,     0, 8, 9:15:29, 9:15:31,     2, 41.00, 41.00,  0.00
  13008896,     0, 8, 9:15:49, 9:15:51,     2, 39.70, 39.70,  0.00
         0,     0, 8, 9:15:58, 9:15:59,     1, 39.70, 40.60, -0.90
  12200079,  5133, 3, 9:14:06, 9:16:03,   117, 46.30, 35.80, 10.50
         0,     0, 3, 9:16:10, 9:16:18,     8, 35.80, 35.80,  0.00
  12200079,  5133, 3, 9:16:28, 9:16:39,    11, 35.80, 45.10, -9.30
  13008896,     0, 8, 9:17:07, 9:17:09,     2, 28.70, 28.70,  0.00
  12200079,  5133, 4, 9:17:00, 9:17:20,    20, 43.50, 41.70,  1.80
         0,     0, 4, 9:17:28, 9:17:29,     1, 41.70, 42.90, -1.20
         0,     0, 8, 9:17:18, 9:17:31,    13, 28.70, 41.30,-12.60
  12448415,  6028, 3, 9:16:56, 9:18:39,   103, 45.30, 31.50, 13.80
         0,     0, 3, 9:18:46, 9:18:58,    12, 31.50, 31.50,  0.00
  12706700,     0, 7, 9:18:55, 9:19:49,    54, 41.00, 32.70,  8.30
         0,     0, 7, 9:19:57, 9:20:08,    11, 32.70, 41.10, -8.40
  12448451,     0, 7, 9:24:46, 9:25:10,    24, 41.10, 41.00,  0.10
  12448451,     0, 7, 9:25:25, 9:26:05,    40, 41.00, 39.10,  1.90
         0,     0, 7, 9:26:13, 9:26:15,     2, 39.10, 40.20, -1.10
  12448451,     0, 7, 9:27:05, 9:27:58,    53, 27.50, 24.50,  3.00
         0,     0, 7, 9:28:07, 9:28:29,    22, 24.50, 41.10,-16.60
  12706628,  7037, 2, 9:28:22, 9:30:39,   137, 43.60, 27.20, 16.40
         0,     0, 2, 9:30:46, 9:31:02,    16, 27.20, 44.20,-17.00
  12706628,  7037, 2, 9:31:20, 9:31:59,    39, 44.30, 36.20,  8.10
         0,     0, 2, 9:32:08, 9:32:15,     7, 36.20, 44.10, -7.90
  12448426,  6039, 3, 9:32:07, 9:32:42,    35, 47.00, 43.10,  3.90
         0,     0, 3, 9:32:49, 9:32:51,     2, 43.10, 43.10,  0.00
  12448420,  6033, 4, 9:41:12, 9:44:35,   203, 43.10, 32.10, 11.00
         0,     0, 4, 9:44:42, 9:44:52,    10, 32.10, 43.00,-10.90
  12706609,  7018, 1, 9:50:06, 9:51:01,    55, 41.30, 33.20,  8.10
         0,     0, 1, 9:51:09, 9:51:16,     7, 33.20, 41.30, -8.10
  13008774,  8015, 2, 9:52:19, 9:54:08,   109, 44.10, 33.10, 11.00
         0,     0, 2, 9:54:16, 9:54:26,    10, 33.10, 44.20,-11.10
  12448426,  6039, 3, 9:55:24, 9:55:49,    25, 46.80, 38.50,  8.30
         0,     0, 3, 9:55:56, 9:56:01,     5, 38.50, 38.50,  0.00
  12448426,  6039, 3, 9:56:13, 9:56:44,    31, 38.50, 36.90,  1.60
         0,     0, 3, 9:56:51, 9:56:58,     7, 36.90, 36.90,  0.00
  11953971,  4001, 2, 9:55:42, 9:57:24,   102, 44.20, 26.70, 17.50
  12706669,     0, 7, 9:56:08, 9:57:47,    99, 41.20, 33.50,  7.70
         0,     0, 2, 9:57:33, 9:57:50,    17, 26.70, 44.10,-17.40
         0,     0, 7, 9:57:54, 9:58:03,     9, 33.50, 41.10, -7.60
  12706610,  7019, 2, 9:58:46, 9:59:43,    57, 44.10, 36.70,  7.40
         0,     0, 2, 9:59:51, 9:59:57,     6, 36.70, 44.10, -7.40
  12706634,  7043, 4, 9:58:05,10:00:03,   118, 43.40, 33.60,  9.80
         0,     0, 4,10:00:10,10:00:18,     8, 33.60, 43.20, -9.60
  12448392,  6005, 1, 9:58:54,10:00:26,    92, 41.30, 25.40, 15.90
         0,     0, 1,10:00:34,10:00:49,    15, 25.40, 41.30,-15.90
  12200091,  5145, 4,10:00:29,10:01:44,    75, 43.40, 23.40, 20.00
         0,     0, 4,10:01:51,10:02:09,    18, 23.40, 43.00,-19.60
  12199951,  5005, 2,10:00:59,10:03:05,   126, 44.10, 33.70, 10.40
         0,     0, 2,10:03:13,10:03:22,     9, 33.70, 44.10,-10.40
  12706630,  7039, 3,10:06:09,10:08:06,   117, 46.40, 29.70, 16.70
         0,     0, 3,10:08:13,10:08:26,    13, 29.70, 29.50,  0.20
  12706630,  7039, 4,10:08:21,10:08:25,     4, 43.50, 43.30,  0.20
  12706624,  7033, 2,10:05:49,10:08:39,   170, 44.10, 34.60,  9.50
         0,     0, 2,10:08:47,10:08:56,     9, 34.60, 44.10, -9.50
  12200083,  5137, 2,10:14:05,10:15:03,    58, 44.10, 34.10, 10.00
         0,     0, 2,10:15:12,10:15:21,     9, 34.10, 44.20,-10.10
  13008864,     0, 8,10:18:15,10:18:30,    15, 41.10, 39.40,  1.70
         0,     0, 8,10:18:38,10:18:39,     1, 39.40, 41.20, -1.80
  13008864,     0, 8,10:18:49,10:19:05,    16, 41.20, 39.70,  1.50
         0,     0, 8,10:19:13,10:19:14,     1, 39.70, 41.10, -1.40
  12448420,  6033, 4,10:20:13,10:23:12,   179, 43.40, 35.00,  8.40
         0,     0, 4,10:23:20,10:23:27,     7, 35.00, 43.10, -8.10
  13008774,  8015, 2,10:22:31,10:24:07,    96, 44.20, 33.40, 10.80
         0,     0, 2,10:24:15,10:24:25,    10, 33.40, 44.10,-10.70
  12706656,  7065, 3,10:24:21,10:25:59,    98, 46.30, 32.30, 14.00
  12706630,  7039, 2,10:26:03,10:26:12,     9, 44.10, 43.60,  0.50
         0,     0, 3,10:26:08,10:26:18,    10, 32.30, 32.30,  0.00
  12706613,  7022, 3,10:26:28,10:28:37,   129, 45.50, 30.50, 15.00
         0,     0, 3,10:28:45,10:28:58,    13, 30.50, 46.50,-16.00
  12706613,  7022, 4,10:29:14,10:29:29,    15, 43.20, 41.00,  2.20
         0,     0, 4,10:29:37,10:29:39,     2, 41.00, 43.10, -2.10
  12706628,  7037, 2,10:28:08,10:29:49,   101, 43.60, 38.00,  5.60
         0,     0, 2,10:29:58,10:30:03,     5, 38.00, 44.00, -6.00
  12706609,  7018, 1,10:29:07,10:30:05,    58, 41.30, 29.30, 12.00
         0,     0, 1,10:30:13,10:30:24,    11, 29.30, 41.20,-11.90
  11499117,  2007, 1,10:32:06,10:33:34,    88, 41.20, 30.00, 11.20
         0,     0, 1,10:33:41,10:33:51,    10, 30.00, 41.30,-11.30
  12706621,  7030, 3,10:35:06,10:36:51,   105, 46.60, 29.70, 16.90
         0,     0, 3,10:36:58,10:37:11,    13, 29.70, 29.60,  0.10
  12200083,  5137, 2,10:39:31,10:40:38,    67, 44.00, 36.20,  7.80
         0,     0, 2,10:40:46,10:40:53,     7, 36.20, 44.20, -8.00
  11954042,  4072, 3,10:40:15,10:41:38,    83, 46.20, 43.10,  3.10
         0,     0, 3,10:41:46,10:41:47,     1, 43.10, 46.30, -3.20
  11954042,  4072, 3,10:41:57,10:43:10,    73, 45.90, 28.20, 17.70
         0,     0, 3,10:43:18,10:43:32,    14, 28.20, 28.10,  0.10
  12706620,  7029, 1,10:42:27,10:44:54,   147, 41.30, 29.70, 11.60
         0,     0, 1,10:45:02,10:45:13,    11, 29.70, 41.30,-11.60
  12706630,  7039, 1,10:46:00,10:46:14,    14, 41.30, 41.30,  0.00
  12706615,  7024, 2,10:44:34,10:46:33,   119, 44.20, 27.00, 17.20
         0,     0, 2,10:46:42,10:46:58,    16, 27.00, 44.10,-17.10
  12706700,     0, 7,10:48:22,10:48:43,    21, 41.10, 41.10,  0.00
  12706630,  7039, 2,10:49:02,10:51:28,   146, 44.10, 30.80, 13.30
  12448391,  6004, 1,10:50:53,10:51:32,    39, 41.30, 33.10,  8.20
  12706618,  7027, 4,10:50:53,10:51:38,    45, 43.10, 33.90,  9.20
         0,     0, 1,10:51:40,10:51:48,     8, 33.10, 41.20, -8.10
         0,     0, 2,10:51:36,10:51:49,    13, 30.80, 44.10,-13.30
         0,     0, 4,10:51:46,10:51:54,     8, 33.90, 43.10, -9.20
  12706620,  7029, 1,10:51:58,10:52:10,    12, 41.20, 41.20,  0.00
  12706628,  7037, 2,10:53:14,10:54:03,    49, 44.10, 40.80,  3.30
         0,     0, 2,10:54:10,10:54:12,     2, 40.80, 44.20, -3.40
  12706628,  7037, 2,10:54:28,10:54:53,    25, 44.20, 42.40,  1.80
  12448391,  6004, 2,10:55:34,10:56:11,    37, 42.40, 31.50, 10.90
         0,     0, 2,10:56:18,10:56:30,    12, 31.50, 44.10,-12.60
  12706620,  7029, 1,10:56:28,10:57:25,    57, 41.20, 36.00,  5.20
         0,     0, 1,10:57:34,10:57:38,     4, 36.00, 41.30, -5.30
  12706669,     0, 7,10:56:49,10:57:45,    56, 41.10, 38.50,  2.60
         0,     0, 7,10:57:52,10:57:55,     3, 38.50, 41.10, -2.60
  11724167,  3067, 2,10:59:18,11:00:52,    94, 44.10, 14.60, 29.50
         0,     0, 2,11:01:01,11:01:30,    29, 14.60, 44.10,-29.50
  12448516,  6129, 4,11:03:14,11:04:03,    49, 43.30, 34.90,  8.40
  12200083,  5137, 1,11:03:52,11:04:09,    17, 41.30, 41.30,  0.00
         0,     0, 4,11:04:11,11:04:18,     7, 34.90, 42.80, -7.90
  11954008,  4038, 2,11:03:40,11:04:49,    69, 44.10, 41.10,  3.00
         0,     0, 2,11:04:56,11:04:57,     1, 41.10, 44.00, -2.90
  12706613,  7022, 3,11:05:01,11:05:30,    29, 46.30, 42.70,  3.60
         0,     0, 3,11:05:38,11:05:40,     2, 42.70, 46.30, -3.60
  12448420,  6033, 4,11:04:28,11:05:36,    68, 42.80, 36.10,  6.70
         0,     0, 4,11:05:45,11:05:51,     6, 36.10, 43.10, -7.00
  12200083,  5137, 2,11:05:16,11:07:00,   104, 44.00, 37.80,  6.20
         0,     0, 2,11:07:08,11:07:13,     5, 37.80, 44.20, -6.40
  12448420,  6033, 4,11:08:24,11:08:59,    35, 43.20, 42.80,  0.40
  11954008,  4038, 3,11:08:20,11:09:03,    43, 46.30, 42.10,  4.20
         0,     0, 3,11:09:12,11:09:14,     2, 42.10, 46.20, -4.10
  11499117,  2007, 4,11:09:15,11:09:42,    27, 42.70, 37.10,  5.60
         0,     0, 4,11:09:50,11:09:55,     5, 37.10, 42.70, -5.60
  12448392,  6005, 3,11:09:39,11:10:51,    72, 46.20, 35.00, 11.20
         0,     0, 3,11:10:58,11:11:06,     8, 35.00, 34.90,  0.10
  12706634,  7043, 2,11:08:14,11:11:08,   174, 44.20, 30.80, 13.40
         0,     0, 2,11:11:15,11:11:27,    12, 30.80, 44.10,-13.30
  12706642,  7051, 1,11:10:32,11:11:32,    60, 41.30, 30.00, 11.30
         0,     0, 1,11:11:41,11:11:51,    10, 30.00, 41.30,-11.30
  12706656,  7065, 2,11:12:38,11:13:23,    45, 44.10, 37.80,  6.30
  12706621,  7030, 1,11:12:08,11:13:25,    77, 41.30, 26.10, 15.20
         0,     0, 2,11:13:30,11:13:35,     5, 37.80, 44.00, -6.20
         0,     0, 1,11:13:33,11:13:47,    14, 26.10, 41.30,-15.20
  12448408,  6021, 4,11:14:50,11:16:09,    79, 42.80, 25.20, 17.60
  11499117,  2007, 3,11:16:28,11:16:30,     2, 46.10, 46.20, -0.10
         0,     0, 4,11:16:17,11:16:33,    16, 25.20, 43.20,-18.00
  12448517,  6130, 1,11:16:44,11:18:26,   102, 41.30, 38.80,  2.50
         0,     0, 1,11:18:34,11:18:35,     1, 38.80, 41.20, -2.40
  12706618,  7027, 3,11:17:54,11:18:53,    59, 46.20, 42.60,  3.60
         0,     0, 3,11:19:00,11:19:02,     2, 42.60, 42.50,  0.10
  13008864,     0, 8,11:18:58,11:19:16,    18, 41.00, 38.50,  2.50
         0,     0, 8,11:19:24,11:19:26,     2, 38.50, 41.20, -2.70
  21268732,  6126, 2,11:18:09,11:19:25,    76, 44.00, 39.80,  4.20
         0,     0, 2,11:19:32,11:19:35,     3, 39.80, 44.10, -4.30
  11954008,  4038, 4,11:18:10,11:19:37,    87, 43.10, 40.00,  3.10
         0,     0, 4,11:19:46,11:19:48,     2, 40.00, 43.10, -3.10
  13008864,     0, 8,11:19:52,11:20:03,    11, 41.20, 38.40,  2.80
         0,     0, 8,11:20:10,11:20:12,     2, 38.40, 41.20, -2.80
  11499117,  2007, 2,11:19:45,11:20:25,    40, 44.20, 36.20,  8.00
         0,     0, 2,11:20:33,11:20:39,     6, 36.20, 44.10, -7.90
  12448517,  6130, 1,11:20:39,11:22:01,    82, 41.30, 32.00,  9.30
         0,     0, 1,11:22:09,11:22:17,     8, 32.00, 41.40, -9.40
  12448391,  6004, 2,11:22:39,11:23:33,    54, 44.10, 41.20,  2.90
         0,     0, 2,11:23:41,11:23:42,     1, 41.20, 44.10, -2.90
  12706620,  7029, 3,11:23:23,11:24:02,    39, 46.50, 41.40,  5.10
         0,     0, 3,11:24:10,11:24:13,     3, 41.40, 46.20, -4.80
  21268732,  6126, 3,11:24:41,11:26:10,    89, 46.40, 38.00,  8.40
         0,     0, 3,11:26:17,11:26:23,     6, 38.00, 46.30, -8.30
  12706615,  7024, 3,11:27:26,11:27:32,     6, 46.10, 45.90,  0.20
  12448518,  6131, 2,11:27:50,11:29:22,    92, 44.10, 28.80, 15.30
         0,     0, 2,11:29:30,11:29:44,    14, 28.80, 44.00,-15.20
  12448437,  6050, 3,11:30:44,11:32:41,   117, 46.20, 34.40, 11.80
         0,     0, 3,11:32:49,11:32:58,     9, 34.40, 34.30,  0.10
  13008748,  7169, 4,11:29:57,11:33:05,   188, 43.10, 33.40,  9.70
         0,     0, 4,11:33:13,11:33:21,     8, 33.40, 42.90, -9.50
  12706613,  7022, 4,11:40:14,11:40:55,    41, 43.00, 37.10,  5.90
         0,     0, 4,11:41:03,11:41:08,     5, 37.10, 43.00, -5.90
  12706613,  7022, 3,11:41:26,11:41:41,    15, 46.00, 43.50,  2.50
         0,     0, 3,11:41:50,11:41:51,     1, 43.50, 46.20, -2.70
  12448482,     0, 7,11:41:49,11:41:50,     1, 41.10, 41.10,  0.00
  11724172,     0, 8,11:41:54,11:41:58,     4, 41.10, 41.10,  0.00
  12706642,  7051, 4,11:41:54,11:42:49,    55, 43.10, 28.70, 14.40
         0,     0, 4,11:42:58,11:43:11,    13, 28.70, 43.20,-14.50
  12448482,     0, 8,11:42:08,11:44:09,   121, 41.00, 38.70,  2.30
         0,     0, 8,11:44:17,11:44:19,     2, 38.70, 41.30, -2.60
  12706656,  7065, 2,11:44:32,11:44:58,    26, 44.00, 39.30,  4.70
         0,     0, 2,11:45:05,11:45:08,     3, 39.30, 44.10, -4.80
  12448482,     0, 8,11:46:04,11:46:05,     1, 28.60, 28.60,  0.00
         0,     0, 8,11:46:14,11:46:27,    13, 28.60, 41.30,-12.70
  12448415,  6028, 2,11:45:19,11:46:46,    87, 44.10, 36.50,  7.60
         0,     0, 2,11:46:54,11:47:00,     6, 36.50, 43.70, -7.20
  12448415,  6028, 2,11:47:10,11:48:08,    58, 43.70, 32.90, 10.80
  11724217,  3117, 3,11:47:01,11:48:18,    77, 46.10, 24.90, 21.20
         0,     0, 2,11:48:16,11:48:26,    10, 32.90, 44.10,-11.20
         0,     0, 3,11:48:26,11:48:43,    17, 24.90, 24.80,  0.10
  12706700,     0, 7,11:53:26,11:54:01,    35, 39.30, 33.10,  6.20
         0,     0, 7,11:54:10,11:54:20,    10, 33.10, 41.00, -7.90
  12200085,  5139, 4,11:54:14,11:55:05,    51, 43.80, 29.00, 14.80
         0,     0, 4,11:55:13,11:55:26,    13, 29.00, 43.00,-14.00
  21268732,  6126, 1,11:57:15,11:57:50,    35, 41.40, 38.90,  2.50
         0,     0, 1,11:57:57,11:57:58,     1, 38.90, 41.20, -2.30
  12448517,  6130, 2,11:55:58,11:57:59,   121, 44.10, 32.10, 12.00
         0,     0, 2,11:58:06,11:58:17,    11, 32.10, 44.20,-12.10
  13008748,  7169, 4,11:55:47,11:58:23,   156, 43.10, 38.90,  4.20
         0,     0, 4,11:58:30,11:58:33,     3, 38.90, 43.00, -4.10
  13008896,     0, 7,12:00:31,12:01:07,    36, 41.10, 38.00,  3.10
         0,     0, 7,12:01:15,12:01:18,     3, 38.00, 40.30, -2.30
  13008896,     0, 7,12:01:38,12:01:40,     2, 38.30, 38.30,  0.00
         0,     0, 7,12:01:49,12:01:52,     3, 38.30, 41.10, -2.80
  21268732,  6126, 1,12:02:05,12:02:20,    15, 41.20, 40.40,  0.80
  12706610,  7019, 4,12:02:12,12:03:30,    78, 43.00, 28.10, 14.90
         0,     0, 4,12:03:39,12:03:52,    13, 28.10, 43.10,-15.00
  12706737,  7146, 3,12:03:46,12:04:59,    73, 46.10, 41.50,  4.60
         0,     0, 3,12:05:07,12:05:10,     3, 41.50, 46.10, -4.60
  12706737,  7146, 4,12:05:15,12:05:20,     5, 43.50, 43.60, -0.10
  12706737,  7146, 3,12:06:01,12:06:56,    55, 46.20, 43.80,  2.40
         0,     0, 3,12:07:04,12:07:05,     1, 43.80, 46.10, -2.30
  21268732,  6126, 1,12:08:42,12:10:01,    79, 40.40, 35.80,  4.60
         0,     0, 1,12:10:09,12:10:13,     4, 35.80, 41.30, -5.50
  21268732,  6126, 2,12:10:34,12:10:49,    15, 44.20, 42.00,  2.20
  12448518,  6131, 2,12:12:16,12:12:20,     4, 42.00, 42.00,  0.00
  12448521,  6134, 3,12:14:46,12:15:42,    56, 46.20, 44.40,  1.80
  12448521,  6134, 3,12:16:00,12:16:49,    49, 44.40, 37.00,  7.40
         0,     0, 3,12:16:56,12:17:03,     7, 37.00, 36.90,  0.10
  12448437,  6050, 4,12:16:16,12:17:13,    57, 43.70, 38.60,  5.10
         0,     0, 4,12:17:20,12:17:24,     4, 38.60, 43.00, -4.40
  12200079,  5133, 1,12:23:03,12:23:07,     4, 41.30, 41.30,  0.00
  12448437,  6050, 4,12:25:54,12:26:52,    58, 43.50, 37.10,  6.40
         0,     0, 4,12:27:00,12:27:05,     5, 37.10, 37.20, -0.10
  12706601,  7010, 2,12:26:17,12:27:35,    78, 42.00, 28.40, 13.60
         0,     0, 2,12:27:42,12:27:56,    14, 28.40, 44.10,-15.70
  12448434,  6047, 3,12:29:57,12:30:08,    11, 46.00, 46.10, -0.10
  12200079,  5133, 2,12:29:11,12:30:11,    60, 44.10, 32.00, 12.10
         0,     0, 2,12:30:19,12:30:30,    11, 32.00, 44.10,-12.10
  12200079,  5133, 2,12:30:41,12:31:27,    46, 44.10, 36.30,  7.80
         0,     0, 2,12:31:34,12:31:40,     6, 36.30, 44.10, -7.80
  12706737,  7146, 3,12:33:28,12:35:51,   143, 46.10, 36.30,  9.80
         0,     0, 3,12:35:58,12:36:05,     7, 36.30, 36.30,  0.00
  13008748,  7169, 4,12:34:08,12:36:51,   163, 43.60, 38.10,  5.50
         0,     0, 4,12:36:59,12:37:03,     4, 38.10, 43.10, -5.00
  12448434,  6047, 4,12:37:13,12:38:04,    51, 43.10, 36.50,  6.60
         0,     0, 4,12:38:12,12:38:17,     5, 36.50, 43.00, -6.50
  12448434,  6047, 3,12:46:41,12:46:59,    18, 46.20, 44.30,  1.90
  21268732,  6126, 2,12:47:14,12:48:20,    66, 44.10, 41.00,  3.10
         0,     0, 2,12:48:27,12:48:28,     1, 41.00, 44.20, -3.20
  12448521,  6134, 3,12:47:10,12:48:32,    82, 44.30, 30.30, 14.00
         0,     0, 3,12:48:40,12:48:53,    13, 30.30, 30.10,  0.20
  13008738,  7159, 2,12:54:09,12:56:52,   163, 44.10, 29.10, 15.00
         0,     0, 2,12:56:59,12:57:13,    14, 29.10, 44.10,-15.00
  13008748,  7169, 4,12:55:21,12:57:57,   156, 43.20, 38.80,  4.40
         0,     0, 4,12:58:05,12:58:08,     3, 38.80, 42.90, -4.10
  12706601,  7010, 4,12:58:18,12:58:33,    15, 43.30, 42.20,  1.10
  12706601,  7010, 4,12:58:50,13:00:09,    79, 42.30, 28.40, 13.90
         0,     0, 4,13:00:16,13:00:29,    13, 28.40, 43.00,-14.60
  13008748,  7169, 4,13:02:27,13:03:30,    63, 43.10, 42.40,  0.70
  12448434,  6047, 1,13:03:08,13:04:18,    70, 41.30, 33.00,  8.30
         0,     0, 1,13:04:26,13:04:33,     7, 33.00, 41.30, -8.30
  12706656,  7065, 1,13:05:52,13:07:00,    68, 41.30, 28.50, 12.80
  12706669,     0, 7,13:06:17,13:07:01,    44, 41.10, 36.20,  4.90
         0,     0, 7,13:07:10,13:07:16,     6, 36.20, 41.10, -4.90
         0,     0, 1,13:07:07,13:07:19,    12, 28.50, 41.20,-12.70
  12448482,     0, 7,13:07:45,13:08:12,    27, 41.00, 41.00,  0.00
  11724172,     0, 8,13:08:19,13:08:40,    21, 41.10, 40.90,  0.20
  12448398,  6011, 2,13:07:21,13:09:39,   138, 44.20, 22.60, 21.60
         0,     0, 2,13:09:46,13:10:06,    20, 22.60, 44.10,-21.50
  12448398,  6011, 2,13:10:17,13:10:48,    31, 44.10, 39.20,  4.90
         0,     0, 2,13:10:56,13:10:59,     3, 39.20, 44.20, -5.00
  12448482,     0, 8,13:08:57,13:10:57,   120, 40.80, 28.00, 12.80
         0,     0, 8,13:11:05,13:11:18,    13, 28.00, 41.20,-13.20
  12448415,  6028, 4,13:15:51,13:17:04,    73, 42.50, 30.90, 11.60
         0,     0, 4,13:17:12,13:17:23,    11, 30.90, 43.00,-12.10
  11724205,     0, 7,13:12:02,13:19:19,   437, 41.00, 38.30,  2.70
         0,     0, 7,13:19:27,13:19:30,     3, 38.30, 41.10, -2.80
  11953971,  4001, 2,13:25:17,13:25:25,     8, 44.20, 44.10,  0.10
  12706700,     0, 8,13:26:00,13:26:03,     3, 41.20, 41.20,  0.00
  11953971,  4001, 2,13:25:35,13:26:04,    29, 44.10, 43.50,  0.60
  11953971,  4001, 2,13:26:29,13:26:40,    11, 43.50, 43.30,  0.20
  11953971,  4001, 2,13:26:56,13:27:35,    39, 43.30, 31.60, 11.70
         0,     0, 2,13:27:43,13:27:54,    11, 31.60, 44.20,-12.60
  12448516,  6129, 3,13:27:57,13:28:46,    49, 46.20, 33.30, 12.90
         0,     0, 3,13:28:54,13:29:04,    10, 33.30, 33.20,  0.10
  12448451,     0, 7,13:35:03,13:35:56,    53, 41.10, 40.90,  0.20
  12448451,     0, 7,13:36:13,13:36:20,     7, 40.90, 41.00, -0.10
  12448451,     0, 7,13:37:01,13:37:35,    34, 41.00, 40.90,  0.10
  12448451,     0, 7,13:37:50,13:38:16,    26, 40.90, 40.80,  0.10
  12448451,     0, 8,13:38:23,13:39:10,    47, 40.80, 39.60,  1.20
         0,     0, 8,13:39:17,13:39:18,     1, 39.60, 41.20, -1.60
  11954008,  4038, 4,13:38:11,13:39:16,    65, 43.20, 39.20,  4.00
         0,     0, 4,13:39:23,13:39:26,     3, 39.20, 43.00, -3.80
  12448451,     0, 8,13:40:03,13:40:06,     3, 28.50, 28.50,  0.00
         0,     0, 8,13:40:14,13:40:27,    13, 28.50, 41.20,-12.70
  12448434,  6047, 1,13:38:33,13:40:37,   124, 41.30, 33.30,  8.00
         0,     0, 1,13:40:46,13:40:53,     7, 33.30, 41.30, -8.00
  12706601,  7010, 3,13:35:21,13:41:11,   350, 46.30, 39.60,  6.70
         0,     0, 3,13:41:19,13:41:24,     5, 39.60, 39.50,  0.10
  12200081,  5135, 2,13:41:50,13:42:42,    52, 44.10, 36.10,  8.00
         0,     0, 2,13:42:51,13:42:58,     7, 36.10, 44.10, -8.00
  12199951,  5005, 4,13:41:54,13:44:24,   150, 43.20, 30.60, 12.60
         0,     0, 4,13:44:31,13:44:42,    11, 30.60, 43.10,-12.50
  12200081,  5135, 1,13:44:34,13:45:48,    74, 41.30, 22.60, 18.70
         0,     0, 1,13:45:57,13:46:15,    18, 22.60, 41.20,-18.60
  12706628,  7037, 2,13:43:08,13:46:22,   194, 44.10, 38.50,  5.60
         0,     0, 2,13:46:31,13:46:35,     4, 38.50, 44.30, -5.80
  12706601,  7010, 4,13:46:24,13:46:32,     8, 42.80, 43.00, -0.20
  12706618,  7027, 2,13:46:45,13:47:53,    68, 44.30, 29.90, 14.40
         0,     0, 2,13:48:01,13:48:14,    13, 29.90, 44.10,-14.20
  12706656,  7065, 3,13:48:19,13:49:13,    54, 46.20, 44.00,  2.20
         0,     0, 3,13:49:20,13:49:21,     1, 44.00, 46.20, -2.20
  12706628,  7037, 4,13:49:29,13:49:48,    19, 43.00, 41.80,  1.20
         0,     0, 4,13:49:56,13:49:56,     0, 41.80, 42.90, -1.10
  12706628,  7037, 4,13:50:08,13:51:25,    77, 42.90, 39.00,  3.90
         0,     0, 4,13:51:33,13:51:36,     3, 39.00, 43.00, -4.00
  12706609,  7018, 3,13:52:07,13:52:11,     4, 46.20, 46.20,  0.00
  12706628,  7037, 3,13:52:24,13:52:30,     6, 46.20, 46.10,  0.10
  12706609,  7018, 1,13:52:36,13:53:31,    55, 41.20, 29.50, 11.70
         0,     0, 1,13:53:39,13:53:49,    10, 29.50, 41.30,-11.80
  12706628,  7037, 2,14:00:16,14:00:39,    23, 44.10, 44.10,  0.00
  11499117,  2007, 4,14:06:04,14:07:14,    70, 43.10, 33.10, 10.00
         0,     0, 4,14:07:22,14:07:31,     9, 33.10, 43.10,-10.00
  12448516,  6129, 2,14:06:58,14:07:49,    51, 44.10, 37.40,  6.70
         0,     0, 2,14:07:56,14:08:01,     5, 37.40, 44.10, -6.70
  12706624,  7033, 4,14:08:01,14:09:40,    99, 43.10, 33.80,  9.30
         0,     0, 4,14:09:48,14:09:56,     8, 33.80, 43.00, -9.20
  12448518,  6131, 3,14:09:50,14:10:22,    32, 46.20, 37.70,  8.50
         0,     0, 3,14:10:30,14:10:36,     6, 37.70, 37.60,  0.10
  12706624,  7033, 4,14:10:06,14:10:33,    27, 43.00, 37.40,  5.60
         0,     0, 4,14:10:41,14:10:45,     4, 37.40, 43.10, -5.70
  12706669,     0, 7,14:11:30,14:12:50,    80, 40.80, 35.20,  5.60
         0,     0, 7,14:12:58,14:13:05,     7, 35.20, 41.10, -5.90
  12448417,  6030, 4,14:16:50,14:18:22,    92, 42.90, 23.30, 19.60
         0,     0, 4,14:18:30,14:18:48,    18, 23.30, 42.90,-19.60
  12706613,  7022, 3,14:20:49,14:22:34,   105, 46.00, 30.10, 15.90
  12706618,  7027, 1,14:22:07,14:22:49,    42, 41.30, 33.50,  7.80
         0,     0, 3,14:22:42,14:22:55,    13, 30.10, 30.10,  0.00
         0,     0, 1,14:22:56,14:23:03,     7, 33.50, 41.30, -7.80
  12448518,  6131, 4,14:24:26,14:24:45,    19, 43.20, 39.70,  3.50
         0,     0, 4,14:24:53,14:24:56,     3, 39.70, 43.30, -3.60
  12200081,  5135, 2,14:27:58,14:28:32,    34, 44.10, 42.70,  1.40
  12706601,  7010, 4,14:28:47,14:29:27,    40, 43.10, 36.00,  7.10
         0,     0, 4,14:29:35,14:29:41,     6, 36.00, 36.10, -0.10
  13008748,  7169, 4,14:29:51,14:32:17,   146, 43.00, 39.20,  3.80
         0,     0, 4,14:32:25,14:32:28,     3, 39.20, 43.10, -3.90
  21268732,  6126, 3,14:31:13,14:33:03,   110, 46.00, 39.10,  6.90
         0,     0, 3,14:33:12,14:33:17,     5, 39.10, 38.90,  0.20
  21268732,  6126, 3,14:33:44,14:34:02,    18, 46.10, 42.60,  3.50
         0,     0, 3,14:34:10,14:34:12,     2, 42.60, 46.30, -3.70
  21268732,  6126, 3,14:35:15,14:35:41,    26, 46.30, 43.20,  3.10
         0,     0, 3,14:35:49,14:35:51,     2, 43.20, 46.50, -3.30
  21268732,  6126, 3,14:36:56,14:37:21,    25, 46.50, 44.80,  1.70
  21268732,  6126, 3,14:38:21,14:39:37,    76, 44.90, 42.80,  2.10
         0,     0, 3,14:39:45,14:39:47,     2, 42.80, 42.60,  0.20
  12200086,  5140, 1,14:40:04,14:41:15,    71, 41.30, 34.00,  7.30
         0,     0, 1,14:41:22,14:41:28,     6, 34.00, 41.30, -7.30
  12200086,  5140, 1,14:41:38,14:42:01,    23, 41.30, 36.40,  4.90
         0,     0, 1,14:42:10,14:42:14,     4, 36.40, 41.20, -4.80
  13008864,     0, 8,14:55:37,14:55:46,     9, 41.00, 39.70,  1.30
         0,     0, 8,14:55:53,14:55:54,     1, 39.70, 40.40, -0.70
  13008864,     0, 8,14:56:05,14:56:18,    13, 40.40, 39.40,  1.00
         0,     0, 8,14:56:26,14:56:27,     1, 39.40, 41.20, -1.80
  12706620,  7029, 1,14:53:50,14:56:55,   185, 41.20, 21.50, 19.70
         0,     0, 1,14:57:03,14:57:22,    19, 21.50, 41.20,-19.70
  13008896,     0, 8,14:59:51,15:00:04,    13, 41.20, 40.20,  1.00
  13008896,     0, 8,15:00:22,15:00:24,     2, 38.40, 38.40,  0.00
         0,     0, 8,15:00:31,15:00:33,     2, 38.40, 40.30, -1.90
  13008896,     0, 8,15:01:04,15:01:07,     3, 35.50, 35.50,  0.00
  21268732,  6126, 3,15:00:17,15:01:16,    59, 46.30, 43.80,  2.50
         0,     0, 8,15:01:15,15:01:20,     5, 35.50, 41.20, -5.70
         0,     0, 3,15:01:24,15:01:25,     1, 43.80, 46.40, -2.60
  21268732,  6126, 4,15:01:20,15:01:48,    28, 43.40, 41.70,  1.70
         0,     0, 4,15:01:56,15:01:57,     1, 41.70, 42.90, -1.20
  12706615,  7024, 2,15:03:19,15:04:58,    99, 42.60, 38.10,  4.50
         0,     0, 2,15:05:06,15:05:11,     5, 38.10, 44.10, -6.00
  12706615,  7024, 1,15:05:04,15:06:22,    78, 41.20, 22.30, 18.90
         0,     0, 1,15:06:30,15:06:48,    18, 22.30, 41.30,-19.00
  12448392,  6005, 3,15:05:24,15:06:55,    91, 46.40, 28.40, 18.00
  12200091,  5145, 2,15:05:23,15:07:03,   100, 44.10, 21.40, 22.70
         0,     0, 3,15:07:04,15:07:18,    14, 28.40, 28.30,  0.10
         0,     0, 2,15:07:11,15:07:32,    21, 21.40, 44.00,-22.60
  11724205,     0, 8,15:09:00,15:12:55,   235, 41.20, 26.60, 14.60
         0,     0, 8,15:13:04,15:13:19,    15, 26.60, 41.30,-14.70
  13008864,     0, 8,15:47:30,15:47:49,    19, 41.20, 39.00,  2.20
         0,     0, 8,15:47:58,15:47:59,     1, 39.00, 40.80, -1.80
  13008864,     0, 8,15:48:10,15:48:21,    11, 40.10, 39.60,  0.50
         0,     0, 8,15:48:28,15:48:29,     1, 39.60, 41.20, -1.60
  12706609,  7018, 1,15:49:21,15:50:02,    41, 41.30, 30.10, 11.20
         0,     0, 1,15:50:11,15:50:22,    11, 30.10, 41.20,-11.10
  12706610,  7019, 3,15:51:10,15:51:18,     8, 46.00, 45.80,  0.20
  11499184,  2074, 2,15:51:14,15:51:30,    16, 44.10, 40.50,  3.60
         0,     0, 2,15:51:38,15:51:40,     2, 40.50, 44.10, -3.60
  12706610,  7019, 3,15:51:31,15:52:16,    45, 45.60, 31.30, 14.30
  11499184,  2074, 2,15:51:50,15:52:19,    29, 44.10, 35.00,  9.10
         0,     0, 2,15:52:27,15:52:35,     8, 35.00, 44.00, -9.00
         0,     0, 3,15:52:24,15:52:36,    12, 31.30, 46.30,-15.00
  12200085,  5139, 1,15:52:35,15:54:27,   112, 41.20, 18.70, 22.50
         0,     0, 1,15:54:35,15:54:56,    21, 18.70, 41.30,-22.60
  12448420,  6033, 2,15:54:40,15:56:04,    84, 44.00, 35.20,  8.80
         0,     0, 2,15:56:11,15:56:19,     8, 35.20, 44.30, -9.10
  12448426,  6039, 3,15:56:25,15:57:27,    62, 46.20, 30.50, 15.70
  11499117,  2007, 2,15:56:45,15:57:35,    50, 44.30, 32.60, 11.70
  12706621,  7030, 1,15:56:53,15:57:44,    51, 41.30, 28.00, 13.30
         0,     0, 3,15:57:35,15:57:48,    13, 30.50, 46.00,-15.50
         0,     0, 2,15:57:43,15:57:53,    10, 32.60, 44.10,-11.50
         0,     0, 1,15:57:51,15:58:03,    12, 28.00, 41.30,-13.30
  11499184,  2074, 2,15:58:31,15:58:36,     5, 44.10, 44.00,  0.10
  12448420,  6033, 4,15:57:38,15:58:38,    60, 43.10, 31.50, 11.60
         0,     0, 4,15:58:47,15:58:57,    10, 31.50, 43.10,-11.60
  11499184,  2074, 2,15:58:54,15:59:17,    23, 44.00, 36.80,  7.20
         0,     0, 2,15:59:25,15:59:31,     6, 36.80, 44.10, -7.30
  12448516,  6129, 4,15:59:55,16:00:58,    63, 43.10, 34.60,  8.50
         0,     0, 4,16:01:06,16:01:14,     8, 34.60, 43.00, -8.40
  11954042,  4072, 3,16:03:45,16:03:57,    12, 46.10, 46.10,  0.00
  11954042,  4072, 4,16:04:04,16:04:10,     6, 44.10, 43.40,  0.70
  12448434,  6047, 1,16:03:45,16:04:46,    61, 41.30, 34.70,  6.60
         0,     0, 1,16:04:53,16:04:58,     5, 34.70, 41.30, -6.60
  12706656,  7065, 3,16:05:05,16:05:07,     2, 46.20, 46.00,  0.20
  12706630,  7039, 2,16:06:13,16:06:33,    20, 44.00, 44.00,  0.00
  13008774,  8015, 3,16:05:39,16:07:20,   101, 46.10, 35.50, 10.60
         0,     0, 3,16:07:27,16:07:35,     8, 35.50, 35.50,  0.00
  12706630,  7039, 1,16:06:51,16:07:47,    56, 41.30, 39.80,  1.50
         0,     0, 1,16:07:55,16:07:55,     0, 39.80, 41.10, -1.30
  12706614,  7023, 3,16:07:46,16:08:08,    22, 46.20, 46.40, -0.20
  12706630,  7039, 2,16:07:51,16:08:16,    25, 44.00, 41.70,  2.30
         0,     0, 2,16:08:23,16:08:24,     1, 41.70, 44.00, -2.30
  12706656,  7065, 2,16:08:50,16:08:58,     8, 44.10, 43.70,  0.40
  12706614,  7023, 4,16:08:12,16:09:10,    58, 43.30, 28.30, 15.00
  11954042,  4072, 3,16:08:18,16:09:24,    66, 46.20, 32.70, 13.50
         0,     0, 4,16:09:19,16:09:32,    13, 28.30, 43.10,-14.80
         0,     0, 3,16:09:33,16:09:43,    10, 32.70, 32.50,  0.20
  12706656,  7065, 2,16:09:13,16:10:09,    56, 43.70, 41.30,  2.40
         0,     0, 2,16:10:17,16:10:18,     1, 41.30, 44.00, -2.70
  12200079,  5133, 3,16:10:26,16:10:52,    26, 46.00, 46.00,  0.00
  12200081,  5135, 1,16:14:02,16:14:12,    10, 41.10, 39.70,  1.40
         0,     0, 1,16:14:21,16:14:21,     0, 39.70, 41.20, -1.50
  12199951,  5005, 3,16:12:11,16:14:40,   149, 46.00, 34.70, 11.30
         0,     0, 3,16:14:47,16:14:56,     9, 34.70, 34.70,  0.00
  12706737,  7146, 4,16:14:08,16:15:00,    52, 43.20, 37.00,  6.20
         0,     0, 4,16:15:08,16:15:13,     5, 37.00, 37.10, -0.10
  12706700,     0, 8,16:14:55,16:15:43,    48, 41.10, 29.60, 11.50
         0,     0, 8,16:15:51,16:16:03,    12, 29.60, 41.20,-11.60
  12448518,  6131, 2,16:14:36,16:16:12,    96, 44.00, 25.70, 18.30
  12706737,  7146, 3,16:15:43,16:16:15,    32, 46.00, 45.90,  0.10
  12200081,  5135, 1,16:15:23,16:16:16,    53, 41.20, 26.70, 14.50
         0,     0, 2,16:16:19,16:16:37,    18, 25.70, 44.00,-18.30
         0,     0, 1,16:16:24,16:16:39,    15, 26.70, 41.30,-14.60
  12706737,  7146, 3,16:17:34,16:17:38,     4, 46.00, 45.90,  0.10
  12200079,  5133, 2,16:17:07,16:18:47,   100, 44.00, 21.80, 22.20
         0,     0, 2,16:18:55,16:19:16,    21, 21.80, 44.10,-22.30
  12200086,  5140, 1,16:18:15,16:19:24,    69, 41.30, 32.30,  9.00
         0,     0, 1,16:19:32,16:19:40,     8, 32.30, 41.30, -9.00
  12448521,  6134, 3,16:18:42,16:20:08,    86, 46.00, 30.70, 15.30
         0,     0, 3,16:20:16,16:20:28,    12, 30.70, 30.60,  0.10
  12448437,  6050, 4,16:19:38,16:20:48,    70, 43.40, 30.70, 12.70
         0,     0, 4,16:20:56,16:21:07,    11, 30.70, 43.00,-12.30
  12706630,  7039, 3,16:24:24,16:25:41,    77, 46.10, 34.60, 11.50
  12448415,  6028, 2,16:24:03,16:25:52,   109, 44.10, 30.60, 13.50
         0,     0, 3,16:25:49,16:25:58,     9, 34.60, 34.40,  0.20
         0,     0, 2,16:25:59,16:26:11,    12, 30.60, 44.10,-13.50
  12448391,  6004, 3,16:26:10,16:27:16,    66, 46.20, 29.90, 16.30
         0,     0, 3,16:27:24,16:27:37,    13, 29.90, 29.90,  0.00
  11724167,  3067, 2,16:27:21,16:28:30,    69, 44.10, 18.60, 25.50
         0,     0, 2,16:28:38,16:29:03,    25, 18.60, 44.10,-25.50
  12448408,  6021, 3,16:29:14,16:29:40,    26, 46.00, 45.90,  0.10
  12706609,  7018, 2,16:29:14,16:30:01,    47, 44.10, 38.10,  6.00
         0,     0, 2,16:30:09,16:30:14,     5, 38.10, 44.10, -6.00
  12706609,  7018, 2,16:30:36,16:30:48,    12, 44.10, 43.20,  0.90
  12448408,  6021, 3,16:29:52,16:31:16,    84, 45.70, 25.50, 20.20
  13008748,  7169, 4,16:29:46,16:31:35,   109, 43.60, 40.30,  3.30
         0,     0, 3,16:31:24,16:31:41,    17, 25.50, 25.40,  0.10
         0,     0, 4,16:31:44,16:31:46,     2, 40.30, 43.10, -2.80
  12706613,  7022, 2,16:31:15,16:31:52,    37, 43.20, 37.40,  5.80
         0,     0, 2,16:32:00,16:32:06,     6, 37.40, 44.00, -6.60
  12706613,  7022, 1,16:32:31,16:32:49,    18, 41.30, 38.70,  2.60
         0,     0, 1,16:32:57,16:32:59,     2, 38.70, 41.30, -2.60
  12706621,  7030, 3,16:32:29,16:33:48,    79, 46.20, 35.60, 10.60
         0,     0, 3,16:33:56,16:34:04,     8, 35.60, 35.40,  0.20
  12200086,  5140, 1,16:34:01,16:34:53,    52, 41.30, 35.40,  5.90
         0,     0, 1,16:35:00,16:35:05,     5, 35.40, 41.20, -5.80
  12448426,  6039, 3,16:34:14,16:35:25,    71, 46.10, 42.00,  4.10
         0,     0, 3,16:35:33,16:35:35,     2, 42.00, 46.30, -4.30
  13008774,  8015, 2,16:35:11,16:36:47,    96, 44.00, 38.10,  5.90
         0,     0, 2,16:36:54,16:36:59,     5, 38.10, 44.10, -6.00
  13008774,  8015, 2,16:37:10,16:37:31,    21, 44.10, 43.40,  0.70
  13008774,  8015, 1,16:37:53,16:37:58,     5, 41.20, 41.20,  0.00
  12706628,  7037, 1,16:38:27,16:38:38,    11, 41.20, 41.20,  0.00
  12706642,  7051, 4,16:38:04,16:38:46,    42, 43.20, 36.80,  6.40
         0,     0, 4,16:38:53,16:38:58,     5, 36.80, 36.90, -0.10
  12706628,  7037, 2,16:38:43,16:39:19,    36, 43.40, 42.50,  0.90
  12706628,  7037, 2,16:39:38,16:40:41,    63, 42.50, 38.30,  4.20
         0,     0, 2,16:40:49,16:40:54,     5, 38.30, 44.00, -5.70
  12706628,  7037, 2,16:41:04,16:41:31,    27, 44.00, 40.70,  3.30
         0,     0, 2,16:41:39,16:41:41,     2, 40.70, 44.10, -3.40
  12706630,  7039, 2,16:42:16,16:43:34,    78, 44.10, 36.80,  7.30
         0,     0, 2,16:43:41,16:43:47,     6, 36.80, 44.00, -7.20
  12706628,  7037, 2,16:45:06,16:45:42,    36, 44.00, 43.00,  1.00
  13008748,  7169, 4,16:44:19,16:45:49,    90, 43.30, 41.40,  1.90
         0,     0, 4,16:45:58,16:45:59,     1, 41.40, 43.00, -1.60
  11954008,  4038, 2,16:46:49,16:47:34,    45, 43.00, 33.50,  9.50
         0,     0, 2,16:47:42,16:47:51,     9, 33.50, 44.10,-10.60
  12448437,  6050, 3,16:50:17,16:50:59,    42, 46.10, 40.40,  5.70
         0,     0, 3,16:51:07,16:51:11,     4, 40.40, 46.10, -5.70
  12448391,  6004, 2,16:51:03,16:51:50,    47, 44.10, 34.40,  9.70
         0,     0, 2,16:51:58,16:52:07,     9, 34.40, 44.10, -9.70
  11954008,  4038, 1,16:51:41,16:52:05,    24, 41.20, 37.10,  4.10
         0,     0, 1,16:52:13,16:52:16,     3, 37.10, 41.30, -4.20
  12706624,  7033, 2,16:52:42,16:53:20,    38, 44.10, 42.90,  1.20
  13008748,  7169, 4,16:50:54,16:53:39,   165, 43.10, 37.70,  5.40
  12706624,  7033, 1,16:53:33,16:53:44,    11, 41.30, 40.80,  0.50
         0,     0, 4,16:53:46,16:53:51,     5, 37.70, 43.00, -5.30
  12706634,  7043, 3,16:53:19,16:55:54,   155, 46.20, 35.30, 10.90
  12706620,  7029, 2,16:53:36,16:55:54,   138, 42.90, 39.80,  3.10
         0,     0, 2,16:56:03,16:56:06,     3, 39.80, 44.10, -4.30
         0,     0, 3,16:56:01,16:56:09,     8, 35.30, 35.10,  0.20
  12706642,  7051, 2,16:56:16,16:57:03,    47, 44.00, 36.10,  7.90
         0,     0, 2,16:57:12,16:57:19,     7, 36.10, 44.10, -8.00
  12448420,  6033, 4,16:56:51,16:57:29,    38, 43.20, 38.60,  4.60
  12706737,  7146, 1,16:56:14,16:57:32,    78, 40.80, 33.10,  7.70
         0,     0, 4,16:57:37,16:57:41,     4, 38.60, 43.00, -4.40
         0,     0, 1,16:57:40,16:57:47,     7, 33.10, 41.30, -8.20
  12706737,  7146, 2,16:57:39,16:59:46,   127, 44.10, 36.40,  7.70
         0,     0, 2,16:59:54,17:00:00,     6, 36.40, 44.10, -7.70
  12448415,  6028, 4,17:00:43,17:01:58,    75, 43.00, 34.00,  9.00
         0,     0, 4,17:02:06,17:02:14,     8, 34.00, 34.10, -0.10
  13008774,  8015, 1,17:02:44,17:02:48,     4, 41.30, 41.30,  0.00
  12706624,  7033, 2,17:02:40,17:02:50,    10, 44.10, 44.00,  0.10
  13008774,  8015, 2,17:03:00,17:03:05,     5, 44.00, 44.00,  0.00
  12706624,  7033, 1,17:03:26,17:03:58,    32, 41.30, 41.30,  0.00
  13008774,  8015, 2,17:03:21,17:04:39,    78, 44.00, 36.70,  7.30
  12706620,  7029, 4,17:04:21,17:04:42,    21, 42.90, 40.40,  2.50
  12706610,  7019, 1,17:04:13,17:04:49,    36, 41.30, 39.60,  1.70
         0,     0, 4,17:04:50,17:04:52,     2, 40.40, 43.00, -2.60
         0,     0, 2,17:04:47,17:04:53,     6, 36.70, 44.00, -7.30
         0,     0, 1,17:04:57,17:04:58,     1, 39.60, 41.30, -1.70
  12448408,  6021, 3,17:07:04,17:08:07,    63, 46.20, 29.30, 16.90
         0,     0, 3,17:08:15,17:08:28,    13, 29.30, 29.30,  0.00
  12448517,  6130, 2,17:06:10,17:08:43,   153, 44.00, 25.00, 19.00
         0,     0, 2,17:08:51,17:09:09,    18, 25.00, 44.20,-19.20
  12706624,  7033, 2,17:10:58,17:11:05,     7, 44.20, 44.00,  0.20
  13008738,  7159, 2,17:11:15,17:11:16,     1, 44.00, 44.00,  0.00
  13008738,  7159, 2,17:11:29,17:12:16,    47, 44.00, 42.60,  1.40
  12448420,  6033, 2,17:12:26,17:13:21,    55, 42.60, 38.00,  4.60
         0,     0, 2,17:13:29,17:13:34,     5, 38.00, 44.10, -6.10
  13008738,  7159, 1,17:12:30,17:14:23,   113, 41.30, 21.60, 19.70
         0,     0, 1,17:14:31,17:14:49,    18, 21.60, 41.30,-19.70
  12706610,  7019, 2,17:18:59,17:19:49,    50, 44.10, 29.80, 14.30
         0,     0, 2,17:19:58,17:20:11,    13, 29.80, 44.00,-14.20
  11724217,  3117, 2,17:20:21,17:21:32,    71, 44.10, 26.70, 17.40
         0,     0, 2,17:21:41,17:21:58,    17, 26.70, 44.00,-17.30
  12200083,  5137, 2,17:26:41,17:27:45,    64, 44.00, 26.80, 17.20
         0,     0, 2,17:27:53,17:28:09,    16, 26.80, 44.10,-17.30
  12448434,  6047, 1,17:30:36,17:32:18,   102, 41.30, 28.30, 13.00
         0,     0, 1,17:32:26,17:32:38,    12, 28.30, 41.30,-13.00
  12448521,  6134, 3,17:32:01,17:32:45,    44, 46.10, 40.00,  6.10
         0,     0, 3,17:32:52,17:32:56,     4, 40.00, 39.90,  0.10
  12706618,  7027, 2,17:33:25,17:34:48,    83, 44.10, 26.20, 17.90
         0,     0, 2,17:34:57,17:35:17,    20, 26.20, 44.00,-17.80
  13008864,     0, 8,17:36:56,17:37:00,     4, 41.00, 41.00,  0.00
  12448398,  6011, 2,17:36:00,17:37:40,   100, 44.00, 29.80, 14.20
         0,     0, 2,17:37:48,17:38:01,    13, 29.80, 44.00,-14.20
  12706614,  7023, 1,17:37:00,17:38:25,    85, 41.30, 31.50,  9.80
         0,     0, 1,17:38:32,17:38:41,     9, 31.50, 41.30, -9.80
  12706614,  7023, 1,17:38:51,17:39:25,    34, 41.30, 32.90,  8.40
         0,     0, 1,17:39:33,17:39:41,     8, 32.90, 41.30, -8.40
  13008864,     0, 7,17:43:13,17:43:19,     6, 41.10, 40.80,  0.30
  13008864,     0, 8,17:47:34,17:47:40,     6, 41.00, 40.30,  0.70
  12200083,  5137, 1,17:49:18,17:50:07,    49, 41.30, 29.60, 11.70
  12200091,  5145, 4,17:49:48,17:50:09,    21, 43.20, 42.20,  1.00
  12200091,  5145, 4,17:50:19,17:50:23,     4, 42.30, 42.30,  0.00
         0,     0, 1,17:50:15,17:50:26,    11, 29.60, 41.20,-11.60
  12200091,  5145, 4,17:50:32,17:50:40,     8, 42.00, 40.70,  1.30
         0,     0, 4,17:50:49,17:50:51,     2, 40.70, 43.10, -2.40
  12200091,  5145, 4,17:51:01,17:51:45,    44, 43.20, 25.80, 17.40
         0,     0, 4,17:51:52,17:52:08,    16, 25.80, 43.00,-17.20
  12448521,  6134, 1,18:02:56,18:04:09,    73, 41.20, 29.10, 12.10
         0,     0, 1,18:04:18,18:04:29,    11, 29.10, 41.20,-12.10
  21268732,  6126, 1,18:05:17,18:05:22,     5, 41.30, 41.30,  0.00
  13008896,     0, 8,18:05:49,18:06:09,    20, 40.30, 38.00,  2.30
         0,     0, 8,18:06:17,18:06:20,     3, 38.00, 40.60, -2.60
  13008896,     0, 8,18:06:42,18:06:44,     2, 37.70, 37.70,  0.00
         0,     0, 8,18:06:52,18:06:55,     3, 37.70, 41.30, -3.60
  12706634,  7043, 2,18:05:43,18:07:49,   126, 44.00, 27.40, 16.60
         0,     0, 2,18:07:56,18:08:12,    16, 27.40, 44.00,-16.60
  21268732,  6126, 2,18:11:45,18:13:39,   114, 44.00, 36.20,  7.80
         0,     0, 2,18:13:46,18:13:53,     7, 36.20, 44.10, -7.90
  12200079,  5133, 2,18:14:06,18:15:27,    81, 44.10, 30.70, 13.40
         0,     0, 2,18:15:36,18:15:48,    12, 30.70, 44.10,-13.40
  12706628,  7037, 1,18:16:41,18:17:42,    61, 41.30, 30.10, 11.20
         0,     0, 1,18:17:49,18:17:59,    10, 30.10, 41.30,-11.20
  12200083,  5137, 2,18:17:45,18:18:07,    22, 44.10, 40.20,  3.90
         0,     0, 2,18:18:14,18:18:16,     2, 40.20, 44.10, -3.90
  12706601,  7010, 4,18:17:45,18:18:49,    64, 43.40, 32.00, 11.40
  12706618,  7027, 1,18:18:14,18:19:01,    47, 41.30, 33.30,  8.00
         0,     0, 4,18:18:58,18:19:08,    10, 32.00, 42.90,-10.90
         0,     0, 1,18:19:09,18:19:16,     7, 33.30, 41.30, -8.00
  12706624,  7033, 3,18:20:02,18:22:05,   123, 46.10, 37.10,  9.00
         0,     0, 3,18:22:12,18:22:19,     7, 37.10, 37.10,  0.00
  12448516,  6129, 3,18:22:29,18:22:30,     1, 46.10, 46.20, -0.10
  12448516,  6129, 3,18:22:41,18:22:42,     1, 46.20, 46.10,  0.10
  12706624,  7033, 4,18:22:27,18:22:46,    19, 43.20, 37.20,  6.00
         0,     0, 4,18:22:55,18:23:00,     5, 37.20, 42.90, -5.70
  12706624,  7033, 3,18:23:08,18:23:40,    32, 46.20, 35.80, 10.40
         0,     0, 3,18:23:48,18:23:56,     8, 35.80, 35.60,  0.20
  12448417,  6030, 4,18:24:15,18:24:35,    20, 43.10, 37.50,  5.60
  12706624,  7033, 2,18:24:30,18:24:41,    11, 44.00, 43.20,  0.80
         0,     0, 4,18:24:43,18:24:48,     5, 37.50, 43.00, -5.50
  12448516,  6129, 3,18:24:53,18:25:50,    57, 46.10, 31.10, 15.00
         0,     0, 3,18:25:58,18:26:10,    12, 31.10, 31.00,  0.10
  11953971,  4001, 2,18:24:53,18:26:27,    94, 43.20, 29.50, 13.70
         0,     0, 2,18:26:35,18:26:48,    13, 29.50, 44.10,-14.60
  11724167,  3067, 4,18:26:38,18:27:33,    55, 43.10, 23.20, 19.90
         0,     0, 4,18:27:41,18:27:59,    18, 23.20, 43.10,-19.90
  12706737,  7146, 1,18:30:37,18:30:43,     6, 41.30, 41.30,  0.00
  12706737,  7146, 2,18:31:09,18:31:43,    34, 44.10, 43.00,  1.10
  12448392,  6005, 3,18:34:03,18:35:30,    87, 46.20, 26.60, 19.60
  12706628,  7037, 4,18:34:45,18:35:49,    64, 43.60, 40.50,  3.10
         0,     0, 3,18:35:38,18:35:54,    16, 26.60, 26.50,  0.10
         0,     0, 4,18:35:56,18:35:58,     2, 40.50, 43.10, -2.60
  12706628,  7037, 3,18:36:07,18:36:24,    17, 46.20, 44.70,  1.50
  21268732,  6126, 2,18:36:39,18:37:26,    47, 43.10, 40.50,  2.60
         0,     0, 2,18:37:34,18:37:36,     2, 40.50, 44.10, -3.60
  12448426,  6039, 3,18:36:49,18:38:07,    78, 44.70, 29.60, 15.10
         0,     0, 3,18:38:15,18:38:28,    13, 29.60, 29.60,  0.00
  12200081,  5135, 4,18:40:09,18:40:14,     5, 43.00, 43.00,  0.00
  11954008,  4038, 2,18:40:07,18:40:40,    33, 44.10, 38.90,  5.20
  11954042,  4072, 1,18:40:40,18:40:49,     9, 41.20, 41.30, -0.10
         0,     0, 2,18:40:48,18:40:52,     4, 38.90, 44.10, -5.20
  13008864,     0, 8,18:40:36,18:40:52,    16, 41.20, 39.80,  1.40
         0,     0, 8,18:41:00,18:41:00,     0, 39.80, 41.00, -1.20
  11954042,  4072, 1,18:41:03,18:42:47,   104, 41.30, 20.50, 20.80
         0,     0, 1,18:42:55,18:43:15,    20, 20.50, 41.20,-20.70
  12706615,  7024, 3,18:42:34,18:44:55,   141, 46.20, 27.70, 18.50
         0,     0, 3,18:45:03,18:45:18,    15, 27.70, 27.30,  0.40
  12200081,  5135, 4,18:45:45,18:46:58,    73, 43.10, 26.10, 17.00
  12706620,  7029, 2,18:45:44,18:46:59,    75, 44.10, 31.60, 12.50
         0,     0, 2,18:47:07,18:47:19,    12, 31.60, 44.10,-12.50
         0,     0, 4,18:47:05,18:47:21,    16, 26.10, 43.00,-16.90
  12448518,  6131, 2,18:50:41,18:51:40,    59, 44.10, 28.40, 15.70
  12706620,  7029, 4,18:51:16,18:51:44,    28, 43.20, 40.30,  2.90
         0,     0, 4,18:51:52,18:51:54,     2, 40.30, 43.10, -2.80
         0,     0, 2,18:51:48,18:52:03,    15, 28.40, 44.10,-15.70
  12706601,  7010, 2,18:52:52,18:55:29,   157, 44.10, 30.30, 13.80
  21268732,  6126, 1,18:53:07,18:55:32,   145, 41.20, 33.50,  7.70
         0,     0, 1,18:55:40,18:55:47,     7, 33.50, 41.30, -7.80
         0,     0, 2,18:55:36,18:55:49,    13, 30.30, 44.10,-13.80
  11499184,  2074, 2,18:59:13,19:00:17,    64, 44.10, 36.50,  7.60
         0,     0, 2,19:00:25,19:00:31,     6, 36.50, 44.00, -7.50
  11954008,  4038, 3,19:01:01,19:02:02,    61, 46.20, 39.00,  7.20
         0,     0, 3,19:02:09,19:02:14,     5, 39.00, 39.00,  0.00
  12448437,  6050, 4,19:00:46,19:02:29,   103, 42.80, 32.80, 10.00
         0,     0, 4,19:02:37,19:02:46,     9, 32.80, 42.90,-10.10
  12706737,  7146, 3,19:04:08,19:04:13,     5, 46.30, 46.10,  0.20
  12706630,  7039, 2,19:03:48,19:04:38,    50, 44.00, 38.50,  5.50
         0,     0, 2,19:04:46,19:04:50,     4, 38.50, 44.10, -5.60
  12706628,  7037, 2,19:05:04,19:06:17,    73, 44.10, 34.30,  9.80
         0,     0, 2,19:06:25,19:06:33,     8, 34.30, 44.10, -9.80
  12448521,  6134, 2,19:06:43,19:08:17,    94, 44.10, 31.10, 13.00
         0,     0, 2,19:08:25,19:08:37,    12, 31.10, 44.00,-12.90
  12448398,  6011, 2,19:08:47,19:10:18,    91, 44.10, 27.40, 16.70
         0,     0, 2,19:10:26,19:10:41,    15, 27.40, 44.10,-16.70
  12448426,  6039, 3,19:10:53,19:12:04,    71, 46.50, 40.90,  5.60
         0,     0, 3,19:12:12,19:12:15,     3, 40.90, 46.20, -5.30
  12706620,  7029, 3,19:12:25,19:13:16,    51, 46.20, 42.50,  3.70
         0,     0, 3,19:13:25,19:13:27,     2, 42.50, 46.50, -4.00
  12706656,  7065, 3,19:13:37,19:14:23,    46, 46.60, 37.70,  8.90
         0,     0, 3,19:14:32,19:14:38,     6, 37.70, 37.60,  0.10
  12706700,     0, 7,19:15:28,19:16:00,    32, 40.80, 35.60,  5.20
         0,     0, 7,19:16:08,19:16:15,     7, 35.60, 41.10, -5.50
  13008774,  8015, 2,19:16:10,19:17:31,    81, 44.10, 36.10,  8.00
  12200085,  5139, 1,19:16:19,19:17:33,    74, 41.30, 26.70, 14.60
         0,     0, 2,19:17:38,19:17:45,     7, 36.10, 44.10, -8.00
         0,     0, 1,19:17:40,19:17:54,    14, 26.70, 41.30,-14.60
  12448434,  6047, 3,19:18:09,19:19:43,    94, 46.20, 37.20,  9.00
  12706610,  7019, 4,19:18:45,19:19:45,    60, 43.30, 31.50, 11.80
         0,     0, 3,19:19:52,19:19:59,     7, 37.20, 37.10,  0.10
         0,     0, 4,19:19:53,19:20:04,    11, 31.50, 43.10,-11.60
  12448415,  6028, 3,19:20:17,19:21:47,    90, 46.10, 33.00, 13.10
         0,     0, 3,19:21:55,19:22:05,    10, 33.00, 33.00,  0.00
  11724205,     0, 7,19:23:31,19:26:20,   169, 41.10, 35.50,  5.60
         0,     0, 7,19:26:29,19:26:36,     7, 35.50, 41.10, -5.60
  12448420,  6033, 4,19:26:03,19:26:36,    33, 43.00, 37.40,  5.60
         0,     0, 4,19:26:43,19:26:48,     5, 37.40, 43.10, -5.70
  11953971,  4001, 1,19:27:36,19:27:44,     8, 41.30, 41.20,  0.10
  11953971,  4001, 1,19:28:00,19:28:31,    31, 41.20, 40.80,  0.40
  11953971,  4001, 1,19:28:40,19:29:24,    44, 40.80, 26.80, 14.00
  12706628,  7037, 2,19:28:33,19:29:28,    55, 44.00, 40.40,  3.60
         0,     0, 2,19:29:35,19:29:37,     2, 40.40, 44.00, -3.60
         0,     0, 1,19:29:33,19:29:47,    14, 26.80, 41.30,-14.50
  11724167,  3067, 4,19:29:27,19:30:03,    36, 43.10, 32.30, 10.80
  12448437,  6050, 3,19:29:15,19:30:10,    55, 46.30, 39.70,  6.60
  12706628,  7037, 2,19:29:50,19:30:17,    27, 44.00, 43.10,  0.90
         0,     0, 4,19:30:10,19:30:20,    10, 32.30, 43.20,-10.90
         0,     0, 3,19:30:18,19:30:22,     4, 39.70, 46.20, -6.50
  12706628,  7037, 2,19:30:30,19:30:57,    27, 43.10, 42.30,  0.80
  12706628,  7037, 1,19:31:36,19:31:52,    16, 41.30, 40.80,  0.50
  12706613,  7022, 3,19:31:25,19:32:21,    56, 46.30, 35.70, 10.60
         0,     0, 3,19:32:29,19:32:37,     8, 35.70, 35.70,  0.00
  12448518,  6131, 3,19:32:47,19:33:18,    31, 46.20, 39.60,  6.60
         0,     0, 3,19:33:26,19:33:31,     5, 39.60, 39.50,  0.10
  13008774,  8015, 2,19:33:25,19:35:01,    96, 42.30, 36.10,  6.20
         0,     0, 2,19:35:09,19:35:16,     7, 36.10, 44.00, -7.90
  11954008,  4038, 2,19:36:47,19:37:37,    50, 44.00, 34.30,  9.70
         0,     0, 2,19:37:45,19:37:53,     8, 34.30, 44.20, -9.90
  12706621,  7030, 3,19:39:33,19:40:30,    57, 46.40, 33.00, 13.40
         0,     0, 3,19:40:38,19:40:48,    10, 33.00, 46.30,-13.30
  12706609,  7018, 1,19:40:08,19:40:48,    40, 40.80, 38.20,  2.60
         0,     0, 1,19:40:56,19:40:58,     2, 38.20, 41.30, -3.10
  12706609,  7018, 2,19:40:58,19:41:31,    33, 44.20, 37.40,  6.80
         0,     0, 2,19:41:39,19:41:44,     5, 37.40, 44.20, -6.80
  12706630,  7039, 1,19:41:58,19:42:06,     8, 41.30, 41.30,  0.00
  12706630,  7039, 2,19:42:11,19:42:57,    46, 44.20, 38.60,  5.60
         0,     0, 2,19:43:04,19:43:08,     4, 38.60, 44.10, -5.50
  12448392,  6005, 1,19:44:38,19:45:34,    56, 41.30, 30.40, 10.90
         0,     0, 1,19:45:41,19:45:51,    10, 30.40, 41.30,-10.90
  12706656,  7065, 2,19:46:09,19:46:47,    38, 44.20, 36.70,  7.50
         0,     0, 2,19:46:55,19:47:01,     6, 36.70, 44.10, -7.40
  12706613,  7022, 3,19:46:57,19:47:22,    25, 46.30, 42.50,  3.80
         0,     0, 3,19:47:30,19:47:32,     2, 42.50, 46.20, -3.70
  12200079,  5133, 4,19:46:35,19:47:32,    57, 43.20, 32.30, 10.90
         0,     0, 4,19:47:39,19:47:49,    10, 32.30, 43.00,-10.70
  12448434,  6047, 1,19:48:36,19:49:19,    43, 41.30, 36.70,  4.60
         0,     0, 1,19:49:26,19:49:30,     4, 36.70, 41.30, -4.60
  12200086,  5140, 3,19:48:31,19:50:03,    92, 46.30, 35.90, 10.40
         0,     0, 3,19:50:11,19:50:19,     8, 35.90, 35.80,  0.10
  12448420,  6033, 4,19:49:54,19:51:48,   114, 43.20, 39.10,  4.10
         0,     0, 4,19:51:55,19:51:58,     3, 39.10, 43.00, -3.90
  12706610,  7019, 1,19:54:58,19:55:45,    47, 41.30, 37.00,  4.30
         0,     0, 1,19:55:53,19:55:56,     3, 37.00, 41.30, -4.30
  13008896,     0, 7,19:58:41,19:58:54,    13, 41.10, 40.40,  0.70
  12199951,  5005, 2,19:57:04,19:59:12,   128, 44.10, 33.90, 10.20
         0,     0, 2,19:59:19,19:59:28,     9, 33.90, 44.10,-10.20
  12448518,  6131, 2,20:01:46,20:02:33,    47, 44.10, 36.60,  7.50
         0,     0, 2,20:02:41,20:02:47,     6, 36.60, 44.10, -7.50
  12200091,  5145, 4,20:07:23,20:08:26,    63, 43.30, 27.20, 16.10
         0,     0, 4,20:08:34,20:08:48,    14, 27.20, 43.00,-15.80
  12706613,  7022, 2,20:09:05,20:09:39,    34, 44.10, 38.50,  5.60
         0,     0, 2,20:09:46,20:09:50,     4, 38.50, 44.10, -5.60
  12448434,  6047, 1,20:10:32,20:11:28,    56, 41.30, 35.40,  5.90
  13008738,  7159, 3,20:09:39,20:11:33,   114, 46.50, 32.50, 14.00
         0,     0, 1,20:11:35,20:11:40,     5, 35.40, 41.20, -5.80
         0,     0, 3,20:11:42,20:11:53,    11, 32.50, 32.30,  0.20
  12706618,  7027, 2,20:11:47,20:12:29,    42, 44.20, 36.80,  7.40
         0,     0, 2,20:12:36,20:12:42,     6, 36.80, 44.10, -7.30
  12448451,     0, 7,20:12:43,20:14:48,   125, 40.40, 34.70,  5.70
         0,     0, 7,20:14:55,20:15:03,     8, 34.70, 41.10, -6.40
  12706620,  7029, 1,20:14:15,20:15:18,    63, 41.30, 41.20,  0.10
  12200086,  5140, 3,20:14:20,20:15:31,    71, 46.30, 38.80,  7.50
  11954042,  4072, 4,20:14:27,20:15:33,    66, 43.70, 34.50,  9.20
         0,     0, 3,20:15:39,20:15:45,     6, 38.80, 38.70,  0.10
         0,     0, 4,20:15:40,20:15:48,     8, 34.50, 42.80, -8.30
  12706620,  7029, 2,20:15:24,20:15:57,    33, 44.10, 41.90,  2.20
         0,     0, 2,20:16:04,20:16:04,     0, 41.90, 43.90, -2.00
  13008774,  8015, 1,20:16:54,20:17:01,     7, 41.20, 41.20,  0.00
  12706621,  7030, 2,20:16:58,20:17:30,    32, 44.00, 33.10, 10.90
         0,     0, 2,20:17:38,20:17:48,    10, 33.10, 44.10,-11.00
  12706609,  7018, 1,20:17:55,20:18:01,     6, 41.20, 41.20,  0.00
  12706609,  7018, 2,20:18:10,20:19:04,    54, 44.10, 37.30,  6.80
         0,     0, 2,20:19:11,20:19:16,     5, 37.30, 44.10, -6.80
  12706620,  7029, 1,20:18:14,20:19:36,    82, 41.20, 33.50,  7.70
         0,     0, 1,20:19:45,20:19:52,     7, 33.50, 41.30, -7.80
  12448408,  6021, 3,20:20:43,20:21:43,    60, 46.30, 26.80, 19.50
         0,     0, 3,20:21:50,20:22:06,    16, 26.80, 26.80,  0.00
  12706613,  7022, 3,20:23:01,20:23:48,    47, 46.20, 43.00,  3.20
         0,     0, 3,20:23:57,20:23:59,     2, 43.00, 46.40, -3.40
  12200083,  5137, 2,20:23:43,20:24:30,    47, 44.10, 33.40, 10.70
         0,     0, 2,20:24:39,20:24:48,     9, 33.40, 44.00,-10.60
  12706620,  7029, 2,20:25:20,20:25:48,    28, 44.00, 41.40,  2.60
         0,     0, 2,20:25:56,20:25:57,     1, 41.40, 44.00, -2.60
  12448516,  6129, 3,20:25:24,20:26:38,    74, 46.30, 26.80, 19.50
         0,     0, 3,20:26:46,20:27:02,    16, 26.80, 30.50, -3.70
  12706614,  7023, 3,20:27:19,20:28:09,    50, 46.50, 32.50, 14.00
         0,     0, 3,20:28:16,20:28:27,    11, 32.50, 32.40,  0.10
  12448420,  6033, 4,20:28:41,20:30:26,   105, 43.20, 37.50,  5.70
         0,     0, 4,20:30:33,20:30:38,     5, 37.50, 43.00, -5.50
  12448415,  6028, 2,20:32:27,20:33:34,    67, 44.00, 34.00, 10.00
         0,     0, 2,20:33:42,20:33:51,     9, 34.00, 44.10,-10.10
  11724205,     0, 7,20:32:02,20:35:57,   235, 40.90, 37.40,  3.50
  12199951,  5005, 3,20:34:21,20:36:04,   103, 46.10, 39.10,  7.00
  13008774,  8015, 4,20:34:26,20:36:06,   100, 43.30, 34.70,  8.60
         0,     0, 7,20:36:06,20:36:10,     4, 37.40, 41.10, -3.70
         0,     0, 3,20:36:11,20:36:16,     5, 39.10, 39.00,  0.10
         0,     0, 4,20:36:14,20:36:21,     7, 34.70, 34.80, -0.10
  12200083,  5137, 2,20:38:23,20:39:02,    39, 44.10, 39.60,  4.50
         0,     0, 2,20:39:10,20:39:13,     3, 39.60, 44.00, -4.40
  13008864,     0, 8,20:49:06,20:49:16,    10, 40.70, 39.70,  1.00
         0,     0, 8,20:49:24,20:49:25,     1, 39.70, 40.30, -0.60
  12706656,  7065, 4,20:51:46,20:52:37,    51, 43.00, 35.00,  8.00
         0,     0, 4,20:52:45,20:52:52,     7, 35.00, 43.10, -8.10
  12448517,  6130, 3,20:59:14,20:59:55,    41, 46.30, 44.20,  2.10
  12706634,  7043, 1,20:57:29,20:59:56,   147, 41.30, 23.80, 17.50
         0,     0, 1,21:00:04,21:00:20,    16, 23.80, 41.30,-17.50
  12448517,  6130, 4,21:00:24,21:00:32,     8, 43.30, 43.20,  0.10
  21268732,  6126, 2,21:00:03,21:01:37,    94, 44.00, 36.50,  7.50
         0,     0, 2,21:01:45,21:01:51,     6, 36.50, 44.00, -7.50
  21268732,  6126, 1,21:02:07,21:02:25,    18, 41.30, 38.70,  2.60
         0,     0, 1,21:02:33,21:02:35,     2, 38.70, 41.30, -2.60
  21268732,  6126, 2,21:03:03,21:03:59,    56, 44.00, 39.50,  4.50
         0,     0, 2,21:04:08,21:04:11,     3, 39.50, 44.10, -4.60
  12448517,  6130, 2,21:05:26,21:06:15,    49, 44.10, 38.70,  5.40
         0,     0, 2,21:06:24,21:06:28,     4, 38.70, 44.00, -5.30
  12448517,  6130, 1,21:06:33,21:06:40,     7, 41.30, 41.30,  0.00
  12448517,  6130, 2,21:07:07,21:07:32,    25, 44.00, 41.50,  2.50
         0,     0, 2,21:07:40,21:07:41,     1, 41.50, 44.10, -2.60
  12448391,  6004, 1,21:15:44,21:18:03,   139, 41.30, 13.70, 27.60
         0,     0, 1,21:18:12,21:18:39,    27, 13.70, 41.30,-27.60
  12200081,  5135, 2,21:20:16,21:22:19,   123, 44.20, 20.80, 23.40
         0,     0, 2,21:22:27,21:22:49,    22, 20.80, 44.10,-23.30
  12706642,  7051, 4,21:23:28,21:24:02,    34, 43.30, 36.00,  7.30
         0,     0, 4,21:24:09,21:24:15,     6, 36.00, 43.00, -7.00
  11499184,  2074, 2,21:26:11,21:26:30,    19, 44.10, 40.00,  4.10
         0,     0, 2,21:26:38,21:26:41,     3, 40.00, 44.10, -4.10
  11499184,  2074, 2,21:26:51,21:27:22,    31, 44.10, 37.30,  6.80
         0,     0, 2,21:27:30,21:27:35,     5, 37.30, 44.10, -6.80
  12448518,  6131, 3,21:29:10,21:29:30,    20, 44.40, 41.30,  3.10
         0,     0, 3,21:29:38,21:29:41,     3, 41.30, 41.30,  0.00
  11499117,  2007, 1,21:28:59,21:29:49,    50, 41.40, 30.90, 10.50
         0,     0, 1,21:29:57,21:30:07,    10, 30.90, 41.20,-10.30
  12448408,  6021, 2,21:32:53,21:33:06,    13, 44.10, 43.30,  0.80
  12448408,  6021, 2,21:33:20,21:34:04,    44, 43.30, 28.30, 15.00
         0,     0, 2,21:34:12,21:34:27,    15, 28.30, 44.10,-15.80
  11499184,  2074, 2,21:36:02,21:36:37,    35, 44.10, 35.40,  8.70
  21268732,  6126, 1,21:35:48,21:36:41,    53, 41.20, 38.40,  2.80
         0,     0, 1,21:36:49,21:36:51,     2, 38.40, 41.20, -2.80
         0,     0, 2,21:36:46,21:36:54,     8, 35.40, 44.10, -8.70
  21268732,  6126, 2,21:37:07,21:37:58,    51, 44.10, 41.00,  3.10
         0,     0, 2,21:38:06,21:38:08,     2, 41.00, 44.10, -3.10
  12706601,  7010, 4,21:38:15,21:39:11,    56, 43.20, 35.90,  7.30
         0,     0, 4,21:39:18,21:39:24,     6, 35.90, 43.00, -7.10
  12448517,  6130, 1,21:38:10,21:39:25,    75, 41.20, 36.10,  5.10
  12200085,  5139, 2,21:39:22,21:39:26,     4, 44.10, 44.10,  0.00
         0,     0, 1,21:39:32,21:39:36,     4, 36.10, 41.30, -5.20
  12200085,  5139, 2,21:39:36,21:41:02,    86, 44.10, 34.50,  9.60
         0,     0, 2,21:41:10,21:41:19,     9, 34.50, 44.10, -9.60
  12448417,  6030, 4,21:41:52,21:42:49,    57, 42.90, 28.70, 14.20
         0,     0, 4,21:42:57,21:43:10,    13, 28.70, 43.00,-14.30
  12706628,  7037, 2,21:45:41,21:47:43,   122, 44.20, 30.30, 13.90
         0,     0, 2,21:47:51,21:48:04,    13, 30.30, 44.10,-13.80
  12706628,  7037, 2,21:48:14,21:48:49,    35, 44.10, 41.30,  2.80
         0,     0, 2,21:48:57,21:48:58,     1, 41.30, 44.10, -2.80
  12706615,  7024, 4,21:47:26,21:49:47,   141, 43.20, 32.60, 10.60
         0,     0, 4,21:49:54,21:50:03,     9, 32.60, 42.90,-10.30
  12706737,  7146, 3,21:48:17,21:50:04,   107, 46.40, 33.70, 12.70
         0,     0, 3,21:50:12,21:50:22,    10, 33.70, 33.60,  0.10
  12448521,  6134, 3,21:52:26,21:53:48,    82, 46.40, 39.90,  6.50
         0,     0, 3,21:53:56,21:54:00,     4, 39.90, 39.90,  0.00
  13008748,  7169, 4,21:50:51,21:54:34,   223, 43.50, 39.20,  4.30
         0,     0, 4,21:54:42,21:54:45,     3, 39.20, 43.10, -3.90
  12706630,  7039, 4,21:56:36,21:57:38,    62, 42.90, 36.40,  6.50
         0,     0, 4,21:57:45,21:57:51,     6, 36.40, 43.00, -6.60
  11724217,  3117, 2,21:57:00,21:58:00,    60, 44.10, 28.40, 15.70
         0,     0, 2,21:58:08,21:58:23,    15, 28.40, 44.20,-15.80
  11499117,  2007, 1,22:00:39,22:01:17,    38, 41.30, 30.70, 10.60
         0,     0, 1,22:01:25,22:01:35,    10, 30.70, 41.30,-10.60
  12706613,  7022, 3,22:02:08,22:04:11,   123, 46.00, 27.60, 18.40
         0,     0, 3,22:04:19,22:04:34,    15, 27.60, 27.50,  0.10
  11954042,  4072, 4,22:05:19,22:05:33,    14, 43.10, 43.10,  0.00
  11954042,  4072, 4,22:05:43,22:06:30,    47, 43.10, 32.10, 11.00
         0,     0, 4,22:06:38,22:06:48,    10, 32.10, 43.00,-10.90
  12448517,  6130, 3,22:08:43,22:09:52,    69, 46.60, 37.90,  8.70
         0,     0, 3,22:10:01,22:10:07,     6, 37.90, 37.90,  0.00
  12200081,  5135, 3,22:10:27,22:10:43,    16, 46.50, 44.10,  2.40
  13008748,  7169, 4,22:07:46,22:10:52,   186, 43.10, 39.50,  3.60
         0,     0, 4,22:11:00,22:11:03,     3, 39.50, 43.00, -3.50
  12706630,  7039, 2,22:12:40,22:13:27,    47, 44.20, 38.60,  5.60
         0,     0, 2,22:13:35,22:13:39,     4, 38.60, 44.10, -5.50
  12706737,  7146, 4,22:13:54,22:15:28,    94, 43.00, 34.80,  8.20
         0,     0, 4,22:15:36,22:15:43,     7, 34.80, 43.00, -8.20
  12448426,  6039, 3,22:20:22,22:21:51,    89, 44.10, 27.50, 16.60
         0,     0, 3,22:21:59,22:22:14,    15, 27.50, 27.50,  0.00
  12448426,  6039, 4,22:24:51,22:25:19,    28, 43.10, 36.90,  6.20
         0,     0, 4,22:25:27,22:25:32,     5, 36.90, 42.90, -6.00
  13008748,  7169, 1,22:33:39,22:33:47,     8, 41.30, 41.30,  0.00
  12706624,  7033, 2,22:34:44,22:34:50,     6, 44.10, 44.10,  0.00
  12706624,  7033, 2,22:39:45,22:41:29,   104, 44.10, 34.30,  9.80
         0,     0, 2,22:41:36,22:41:45,     9, 34.30, 44.10, -9.80
  11954042,  4072, 3,22:42:56,22:43:35,    39, 46.30, 42.10,  4.20
         0,     0, 3,22:43:43,22:43:46,     3, 42.10, 46.40, -4.30
  11953971,  4001, 1,22:42:21,22:43:55,    94, 41.30, 27.20, 14.10
         0,     0, 1,22:44:03,22:44:16,    13, 27.20, 41.30,-14.10
  12448516,  6129, 3,22:46:54,22:48:33,    99, 46.60, 29.20, 17.40
         0,     0, 3,22:48:40,22:48:54,    14, 29.20, 46.70,-17.50
  12706618,  7027, 2,22:49:24,22:50:25,    61, 44.10, 32.30, 11.80
         0,     0, 2,22:50:32,22:50:43,    11, 32.30, 44.00,-11.70
  13008748,  7169, 4,22:46:43,22:51:42,   299, 43.00, 35.40,  7.60
         0,     0, 4,22:51:49,22:51:56,     7, 35.40, 43.00, -7.60
  12448521,  6134, 3,22:52:14,22:53:32,    78, 46.70, 38.30,  8.40
         0,     0, 3,22:53:40,22:53:46,     6, 38.30, 46.40, -8.10
  12448392,  6005, 3,22:59:56,23:01:02,    66, 46.40, 32.00, 14.40
         0,     0, 3,23:01:10,23:01:22,    12, 32.00, 31.90,  0.10
  12706613,  7022, 3,23:02:17,23:02:48,    31, 46.30, 42.30,  4.00
         0,     0, 3,23:02:56,23:02:58,     2, 42.30, 46.40, -4.10
  12706620,  7029, 4,23:05:57,23:07:07,    70, 43.10, 35.80,  7.30
         0,     0, 4,23:07:15,23:07:21,     6, 35.80, 43.10, -7.30
  12706642,  7051, 2,23:10:08,23:12:07,   119, 44.00, 27.30, 16.70
         0,     0, 2,23:12:15,23:12:31,    16, 27.30, 44.10,-16.80
  12706620,  7029, 4,23:14:36,23:15:10,    34, 43.20, 39.40,  3.80
         0,     0, 4,23:15:18,23:15:21,     3, 39.40, 42.70, -3.30
  12200091,  5145, 3,23:14:48,23:16:12,    84, 46.30, 27.80, 18.50
         0,     0, 3,23:16:19,23:16:34,    15, 27.80, 27.80,  0.00
  12706621,  7030, 1,23:17:06,23:18:42,    96, 41.30, 32.80,  8.50
         0,     0, 1,23:18:49,23:18:56,     7, 32.80, 41.30, -8.50
  12200086,  5140, 3,23:19:43,23:21:53,   130, 46.30, 36.90,  9.40
  13008748,  7169, 4,23:17:23,23:21:53,   270, 43.10, 37.90,  5.20
         0,     0, 4,23:22:01,23:22:06,     5, 37.90, 42.90, -5.00
         0,     0, 3,23:22:01,23:22:08,     7, 36.90, 37.20, -0.30
  12448415,  6028, 2,23:19:25,23:22:08,   163, 44.10, 29.00, 15.10
         0,     0, 2,23:22:15,23:22:29,    14, 29.00, 44.20,-15.20
  12706621,  7030, 4,23:24:11,23:25:00,    49, 43.00, 33.60,  9.40
         0,     0, 4,23:25:08,23:25:17,     9, 33.60, 43.00, -9.40
  13008864,     0, 8,23:24:55,23:25:29,    34, 40.00, 38.30,  1.70
         0,     0, 8,23:25:37,23:25:39,     2, 38.30, 41.10, -2.80
  13008864,     0, 8,23:31:51,23:31:55,     4, 41.10, 40.90,  0.20
  12199951,  5005, 2,23:37:32,23:39:49,   137, 44.20, 35.70,  8.50
         0,     0, 2,23:39:57,23:40:04,     7, 35.70, 44.10, -8.40
  12448417,  6030, 4,23:42:26,23:43:10,    44, 43.00, 35.10,  7.90
         0,     0, 4,23:43:18,23:43:25,     7, 35.10, 43.00, -7.90
         0,     0, 3,23:44:37,23:44:47,    10, 46.50, 46.50,  0.00
         0,     0, 4,23:44:37,23:44:47,    10, 43.20, 43.20,  0.00
         0,     0, 5,23:44:37,23:44:47,    10, 40.50, 40.50,  0.00
         0,     0, 7,23:44:37,23:44:47,    10, 41.10, 41.10,  0.00
         0,     0, 8,23:44:37,23:44:47,    10, 40.80, 40.80,  0.00
         0,     0, 1,23:44:37,23:44:47,    10, 41.30, 41.30,  0.00
         0,     0, 2,23:44:37,23:44:47,    10, 44.10, 44.10,  0.00
