         0,     0, 3, 0:03:12, 0:03:22,    10, 46.90, 46.90,  0.00
         0,     0, 4, 0:03:12, 0:03:22,    10, 43.30, 43.30,  0.00
         0,     0, 5, 0:03:12, 0:03:22,    10, 40.70, 40.70,  0.00
         0,     0, 8, 0:03:12, 0:03:22,    10, 41.30, 41.30,  0.00
         0,     0, 9, 0:03:12, 0:03:22,    10, 41.60, 41.60,  0.00
         0,     0,10, 0:03:12, 0:03:22,    10, 41.10, 41.10,  0.00
         0,     0, 1, 0:03:12, 0:03:22,    10, 41.30, 41.30,  0.00
         0,     0, 2, 0:03:12, 0:03:22,    10, 44.20, 44.20,  0.00
  11954016,     0, 9, 0:10:58, 0:11:12,    14, 35.90, 35.60,  0.30
         0,     0, 9, 0:11:21, 0:11:26,     5, 35.60, 41.70, -6.10
  11954016,     0, 9, 0:11:44, 0:11:46,     2, 41.70, 41.70,  0.00
  12706599,  7008, 3, 0:11:30, 0:12:18,    48, 46.90, 32.50, 14.40
         0,     0, 3, 0:12:26, 0:12:37,    11, 32.50, 32.40,  0.10
  12706628,  7037, 2, 0:10:15, 0:12:52,   157, 44.20, 38.40,  5.80
         0,     0, 2, 0:13:00, 0:13:04,     4, 38.40, 44.20, -5.80
  12706599,  7008, 3, 0:12:50, 0:13:13,    23, 46.60, 44.10,  2.50
  12706599,  7008, 4, 0:13:18, 0:14:07,    49, 43.30, 31.50, 11.80
  12706628,  7037, 2, 0:13:23, 0:14:10,    47, 44.30, 43.00,  1.30
         0,     0, 4, 0:14:15, 0:14:26,    11, 31.50, 43.00,-11.50
  12706737,  7146, 3, 0:17:29, 0:18:29,    60, 44.10, 43.30,  0.80
         0,     0, 3, 0:18:37, 0:18:39,     2, 43.30, 46.70, -3.40
  12706737,  7146, 4, 0:18:34, 0:19:47,    73, 43.00, 36.30,  6.70
         0,     0, 4, 0:19:54, 0:20:00,     6, 36.30, 42.90, -6.60
  12706628,  7037, 4, 0:20:39, 0:20:58,    19, 42.90, 42.10,  0.80
  12706618,  7027, 2, 0:25:50, 0:26:34,    44, 43.00, 35.90,  7.10
         0,     0, 2, 0:26:42, 0:26:49,     7, 35.90, 44.20, -8.30
  11954008,  4038, 1, 0:28:18, 0:29:35,    77, 41.30, 21.40, 19.90
         0,     0, 1, 0:29:42, 0:30:01,    19, 21.40, 41.30,-19.90
  11954005,     0, 9, 0:30:16, 0:31:31,    75, 41.70, 38.80,  2.90
         0,     0, 9, 0:31:39, 0:31:41,     2, 38.80, 41.50, -2.70
  11954005,     0, 9, 0:31:53, 0:32:55,    62, 41.10, 33.80,  7.30
         0,     0, 9, 0:33:03, 0:33:09,     6, 33.80, 41.60, -7.80
  12706615,  7024, 1, 0:39:38, 0:39:40,     2, 41.30, 41.30,  0.00
  12706628,  7037, 3, 0:44:23, 0:45:15,    52, 46.80, 43.80,  3.00
         0,     0, 3, 0:45:22, 0:45:23,     1, 43.80, 46.60, -2.80
  12706628,  7037, 3, 0:45:33, 0:46:07,    34, 46.80, 44.50,  2.30
  12706628,  7037, 3, 0:46:36, 0:47:00,    24, 44.50, 43.00,  1.50
         0,     0, 3, 0:47:07, 0:47:09,     2, 43.00, 46.70, -3.70
  12706598,  7007, 4, 0:46:24, 0:47:51,    87, 42.00, 29.90, 12.10
  12706628,  7037, 3, 0:47:26, 0:47:54,    28, 46.80, 45.80,  1.00
         0,     0, 4, 0:47:59, 0:48:11,    12, 29.90, 43.00,-13.10
  12448521,  6134, 1, 0:46:07, 0:48:13,   126, 41.30, 28.80, 12.50
         0,     0, 1, 0:48:22, 0:48:34,    12, 28.80, 41.30,-12.50
  12200029,     0, 9, 0:49:01, 0:50:03,    62, 41.60, 39.30,  2.30
         0,     0, 9, 0:50:11, 0:50:12,     1, 39.30, 41.60, -2.30
  12200029,     0,10, 0:50:42, 0:51:06,    24, 41.00, 38.50,  2.50
         0,     0,10, 0:51:13, 0:51:15,     2, 38.50, 41.30, -2.80
  12706700,     0,10, 1:00:08, 1:01:25,    77, 41.30, 30.50, 10.80
         0,     0,10, 1:01:34, 1:01:45,    11, 30.50, 41.30,-10.80
  11499184,  2074, 1, 1:01:16, 1:02:06,    50, 41.30, 25.40, 15.90
  12706700,     0, 9, 1:01:55, 1:02:11,    16, 41.60, 41.60,  0.00
         0,     0, 1, 1:02:15, 1:02:30,    15, 25.40, 41.30,-15.90
  12200029,     0, 9, 1:04:55, 1:05:22,    27, 41.50, 40.00,  1.50
         0,     0, 9, 1:05:30, 1:05:30,     0, 40.00, 41.40, -1.40
  13008782,  8023, 3, 1:06:52, 1:07:17,    25, 45.80, 45.90, -0.10
  12706615,  7024, 4, 1:06:15, 1:07:24,    69, 43.00, 33.40,  9.60
         0,     0, 4, 1:07:32, 1:07:41,     9, 33.40, 42.90, -9.50
  12448398,  6011, 1, 1:06:31, 1:07:43,    72, 41.30, 28.60, 12.70
  12706630,  7039, 2, 1:05:39, 1:07:46,   127, 44.20, 32.60, 11.60
         0,     0, 1, 1:07:51, 1:08:03,    12, 28.60, 41.30,-12.70
         0,     0, 2, 1:07:54, 1:08:05,    11, 32.60, 44.20,-11.60
  13008782,  8023, 3, 1:07:28, 1:08:25,    57, 45.80, 38.10,  7.70
         0,     0, 3, 1:08:34, 1:08:40,     6, 38.10, 38.10,  0.00
  11499184,  2074, 1, 1:09:22, 1:09:48,    26, 41.30, 33.90,  7.40
         0,     0, 1, 1:09:55, 1:10:01,     6, 33.90, 41.40, -7.50
  13008782,  8023, 3, 1:09:16, 1:10:08,    52, 47.00, 39.40,  7.60
         0,     0, 3, 1:10:15, 1:10:20,     5, 39.40, 39.40,  0.00
  21291913,  7169, 2, 1:14:10, 1:14:35,    25, 44.20, 43.70,  0.50
  13008902,     0,10, 1:13:10, 1:15:49,   159, 41.20, 35.00,  6.20
         0,     0,10, 1:15:58, 1:16:04,     6, 35.00, 41.20, -6.20
  21268732,  6126, 3, 1:15:39, 1:16:03,    24, 46.50, 46.60, -0.10
  12706634,  7043, 1, 1:16:03, 1:16:27,    24, 41.40, 36.50,  4.90
  21291913,  7169, 2, 1:14:48, 1:16:27,    99, 43.70, 40.00,  3.70
         0,     0, 2, 1:16:35, 1:16:38,     3, 40.00, 44.10, -4.10
         0,     0, 1, 1:16:35, 1:16:39,     4, 36.50, 41.20, -4.70
  12706669,     0, 9, 1:16:36, 1:17:34,    58, 41.30, 35.30,  6.00
         0,     0, 9, 1:17:42, 1:17:47,     5, 35.30, 34.90,  0.40
  12200091,  5145, 1, 1:16:49, 1:18:33,   104, 41.20, 22.60, 18.60
  12706634,  7043, 2, 1:17:46, 1:18:39,    53, 44.10, 30.80, 13.30
  12200059,     0, 9, 1:18:42, 1:18:44,     2, 32.60, 32.60,  0.00
         0,     0, 9, 1:18:52, 1:19:00,     8, 32.60, 41.50, -8.90
         0,     0, 1, 1:18:42, 1:19:01,    19, 22.60, 41.30,-18.70
         0,     0, 2, 1:18:48, 1:19:01,    13, 30.80, 44.20,-13.40
  12706621,  7030, 1, 1:19:25, 1:20:07,    42, 41.30, 39.70,  1.60
         0,     0, 1, 1:20:14, 1:20:14,     0, 39.70, 41.20, -1.50
  21268732,  6126, 3, 1:18:26, 1:20:46,   140, 46.70, 42.30,  4.40
         0,     0, 3, 1:20:54, 1:20:57,     3, 42.30, 46.70, -4.40
  12706634,  7043, 1, 1:21:15, 1:21:55,    40, 41.20, 32.90,  8.30
  12448521,  6134, 4, 1:21:05, 1:21:56,    51, 43.20, 40.50,  2.70
  12706609,  7018, 3, 1:21:28, 1:22:02,    34, 47.00, 46.80,  0.20
         0,     0, 4, 1:22:03, 1:22:05,     2, 40.50, 43.00, -2.50
         0,     0, 1, 1:22:02, 1:22:10,     8, 32.90, 41.40, -8.50
  12448521,  6134, 3, 1:22:40, 1:23:10,    30, 46.90, 46.70,  0.20
  12706609,  7018, 4, 1:23:05, 1:23:18,    13, 43.00, 43.00,  0.00
  12448521,  6134, 4, 1:23:30, 1:23:41,    11, 43.20, 43.00,  0.20
  12448521,  6134, 3, 1:24:30, 1:25:21,    51, 46.80, 38.20,  8.60
         0,     0, 3, 1:25:29, 1:25:35,     6, 38.20, 38.20,  0.00
  12706609,  7018, 4, 1:24:35, 1:25:33,    58, 43.00, 31.00, 12.00
         0,     0, 4, 1:25:41, 1:25:52,    11, 31.00, 42.90,-11.90
  13008782,  8023, 5, 1:26:48, 1:27:12,    24, 40.70, 40.70,  0.00
  12706642,  7051, 5, 1:28:41, 1:28:56,    15, 40.70, 39.80,  0.90
         0,     0, 5, 1:29:04, 1:29:04,     0, 39.80, 40.70, -0.90
  13008902,     0, 9, 1:28:01, 1:30:06,   125, 41.50, 37.00,  4.50
         0,     0, 9, 1:30:14, 1:30:17,     3, 37.00, 41.70, -4.70
  12706621,  7030, 5, 1:31:24, 1:31:46,    22, 40.70, 40.70,  0.00
  12706642,  7051, 4, 1:34:58, 1:35:28,    30, 43.10, 38.60,  4.50
         0,     0, 4, 1:35:35, 1:35:39,     4, 38.60, 42.90, -4.30
  12706609,  7018, 3, 1:35:35, 1:36:00,    25, 46.30, 44.00,  2.30
         0,     0, 3, 1:36:08, 1:36:09,     1, 44.00, 46.60, -2.60
  21291913,  7169, 5, 1:35:32, 1:37:14,   102, 40.70, 38.00,  2.70
         0,     0, 5, 1:37:22, 1:37:24,     2, 38.00, 40.90, -2.90
  12706642,  7051, 4, 1:36:10, 1:37:44,    94, 42.90, 37.10,  5.80
         0,     0, 4, 1:37:51, 1:37:56,     5, 37.10, 42.90, -5.80
  12706601,  7010, 3, 1:39:24, 1:40:40,    76, 46.60, 37.40,  9.20
         0,     0, 3, 1:40:48, 1:40:54,     6, 37.40, 37.30,  0.10
  12706630,  7039, 4, 1:47:49, 1:48:24,    35, 42.80, 39.10,  3.70
         0,     0, 4, 1:48:33, 1:48:36,     3, 39.10, 43.00, -3.90
  13008890,     0,10, 1:55:57, 1:56:24,    27, 41.20, 40.10,  1.10
  12706630,  7039, 1, 1:56:22, 1:56:40,    18, 41.40, 40.70,  0.70
  12706620,  7029, 3, 1:53:32, 1:57:02,   210, 46.40, 28.30, 18.10
  13008890,     0,10, 1:56:40, 1:57:02,    22, 40.10, 38.20,  1.90
         0,     0,10, 1:57:10, 1:57:12,     2, 38.20, 41.20, -3.00
         0,     0, 3, 1:57:09, 1:57:23,    14, 28.30, 28.30,  0.00
  13008890,     0, 9, 2:03:43, 2:04:05,    22, 41.60, 40.20,  1.40
  12448428,     0, 9, 2:04:22, 2:04:25,     3, 39.50, 39.50,  0.00
         0,     0, 9, 2:04:32, 2:04:33,     1, 39.50, 41.60, -2.10
  11499231,     0, 8, 2:01:00, 2:04:39,   219, 41.30, 22.10, 19.20
         0,     0, 8, 2:04:46, 2:05:07,    21, 22.10, 41.40,-19.30
  13008778,  8019, 3, 2:02:41, 2:05:10,   149, 46.50, 31.70, 14.80
         0,     0, 3, 2:05:18, 2:05:30,    12, 31.70, 31.70,  0.00
  13008890,     0,10, 2:05:38, 2:05:58,    20, 41.10, 39.50,  1.60
         0,     0,10, 2:06:06, 2:06:07,     1, 39.50, 41.20, -1.70
  21291913,  7169, 5, 2:03:27, 2:06:05,   158, 40.90, 36.60,  4.30
         0,     0, 5, 2:06:13, 2:06:17,     4, 36.60, 40.80, -4.20
  13008890,     0,10, 2:06:26, 2:07:07,    41, 41.20, 39.10,  2.10
         0,     0,10, 2:07:15, 2:07:16,     1, 39.10, 41.20, -2.10
  11953978,     0, 8, 2:08:56, 2:08:58,     2, 41.40, 41.40,  0.00
  12706601,  7010, 5, 2:11:27, 2:11:31,     4, 40.80, 40.80,  0.00
  12706618,  7027, 4, 2:12:39, 2:13:54,    75, 43.00, 30.00, 13.00
         0,     0, 4, 2:14:02, 2:14:14,    12, 30.00, 43.20,-13.20
  12706601,  7010, 3, 2:13:07, 2:14:13,    66, 46.90, 38.20,  8.70
  13008738,  7159, 1, 2:11:38, 2:14:21,   163, 40.70, 24.70, 16.00
         0,     0, 3, 2:14:20, 2:14:26,     6, 38.20, 38.10,  0.10
         0,     0, 1, 2:14:29, 2:14:45,    16, 24.70, 41.20,-16.50
  13008885,     0,10, 2:14:47, 2:15:58,    71, 41.20, 41.10,  0.10
  12448516,  6129, 3, 2:15:48, 2:17:15,    87, 47.00, 23.00, 24.00
         0,     0, 3, 2:17:22, 2:17:41,    19, 23.00, 22.90,  0.10
  12706613,  7022, 1, 2:16:13, 2:18:02,   109, 41.20, 33.50,  7.70
         0,     0, 1, 2:18:09, 2:18:16,     7, 33.50, 41.50, -8.00
  13008885,     0,10, 2:17:00, 2:18:38,    98, 41.10, 37.40,  3.70
         0,     0,10, 2:18:45, 2:18:48,     3, 37.40, 41.20, -3.80
  12706613,  7022, 1, 2:18:26, 2:20:50,   144, 41.50, 36.60,  4.90
         0,     0, 1, 2:20:58, 2:21:02,     4, 36.60, 41.30, -4.70
  13008774,  8015, 1, 2:22:27, 2:23:58,    91, 41.30, 33.10,  8.20
         0,     0, 1, 2:24:05, 2:24:12,     7, 33.10, 41.20, -8.10
  13008885,     0, 9, 2:23:35, 2:24:24,    49, 41.10, 41.10,  0.00
  13008895,     0, 9, 2:24:35, 2:24:37,     2, 41.10, 41.10,  0.00
  13008774,  8015, 2, 2:24:25, 2:24:48,    23, 44.30, 41.30,  3.00
         0,     0, 2, 2:24:56, 2:24:57,     1, 41.30, 44.30, -3.00
  11953978,     0, 8, 2:24:30, 2:25:09,    39, 41.40, 34.60,  6.80
         0,     0, 8, 2:25:17, 2:25:23,     6, 34.60, 41.40, -6.80
  12448420,  6033, 4, 2:26:06, 2:28:01,   115, 43.10, 39.00,  4.10
         0,     0, 4, 2:28:10, 2:28:13,     3, 39.00, 42.90, -3.90
  13008774,  8015, 5, 2:27:42, 2:28:20,    38, 40.80, 39.50,  1.30
         0,     0, 5, 2:28:28, 2:28:29,     1, 39.50, 40.90, -1.40
  13008885,     0,10, 2:35:38, 2:36:09,    31, 41.20, 41.10,  0.10
  12448434,  6047, 1, 2:36:17, 2:37:38,    81, 41.20, 32.70,  8.50
         0,     0, 1, 2:37:45, 2:37:53,     8, 32.70, 41.30, -8.60
  13008774,  8015, 2, 2:37:51, 2:38:01,    10, 44.40, 44.10,  0.30
  12448434,  6047, 3, 2:38:32, 2:39:01,    29, 46.60, 43.30,  3.30
         0,     0, 3, 2:39:09, 2:39:11,     2, 43.30, 46.90, -3.60
  13008774,  8015, 2, 2:38:20, 2:39:15,    55, 44.10, 42.70,  1.40
  12448434,  6047, 4, 2:39:11, 2:39:15,     4, 42.90, 43.10, -0.20
  12706610,  7019, 4, 2:46:37, 2:48:06,    89, 43.20, 31.50, 11.70
         0,     0, 4, 2:48:14, 2:48:25,    11, 31.50, 43.00,-11.50
  12448428,     0,10, 2:48:53, 2:49:11,    18, 41.00, 39.00,  2.00
         0,     0,10, 2:49:18, 2:49:19,     1, 39.00, 41.20, -2.20
  12448518,  6131, 4, 2:54:12, 2:55:52,   100, 43.00, 30.70, 12.30
         0,     0, 4, 2:56:00, 2:56:12,    12, 30.70, 43.00,-12.30
  12448434,  6047, 1, 2:55:52, 2:57:27,    95, 41.30, 40.10,  1.20
  11724167,  3067, 4, 3:30:05, 3:31:19,    74, 42.90, 30.00, 12.90
         0,     0, 4, 3:31:27, 3:31:39,    12, 30.00, 43.00,-13.00
  11724167,  3067, 5, 3:34:46, 3:35:27,    41, 40.70, 28.00, 12.70
         0,     0, 5, 3:35:34, 3:35:46,    12, 28.00, 40.90,-12.90
  11499117,  2007, 4, 3:48:08, 3:48:58,    50, 43.00, 34.40,  8.60
         0,     0, 4, 3:49:06, 3:49:14,     8, 34.40, 42.90, -8.50
  12199992,     0,10, 3:53:51, 3:54:52,    61, 41.10, 39.40,  1.70
         0,     0,10, 3:54:59, 3:55:00,     1, 39.40, 41.20, -1.80
  12448415,  6028, 4, 3:51:13, 3:55:07,   234, 43.00, 27.70, 15.30
  12199992,     0, 9, 3:55:02, 3:55:15,    13, 41.10, 40.50,  0.60
         0,     0, 4, 3:55:15, 3:55:30,    15, 27.70, 42.90,-15.20
  12448415,  6028, 3, 3:55:34, 3:57:58,   144, 46.80, 46.80,  0.00
  12448415,  6028, 2, 4:00:27, 4:01:32,    65, 42.60, 42.60,  0.00
  12448415,  6028, 1, 4:02:27, 4:06:08,   221, 40.00, 40.00,  0.00
         0,     0, 1, 4:06:17, 4:06:17,     0, 40.00, 40.40, -0.40
  12448415,  6028, 1, 4:16:15, 4:22:59,   404, 40.30, 40.40, -0.10
  13008896,     0,10, 4:25:35, 4:26:46,    71, 41.20, 31.10, 10.10
         0,     0,10, 4:26:55, 4:27:05,    10, 31.10, 41.30,-10.20
  12448415,  6028, 1, 4:25:22, 4:27:28,   126, 40.40, 40.40,  0.00
  12706642,  7051, 1, 4:55:39, 4:58:00,   141, 40.30, 20.30, 20.00
         0,     0, 1, 4:58:08, 4:58:28,    20, 20.30, 41.30,-21.00
  13008896,     0,10, 5:04:46, 5:04:54,     8, 41.20, 41.00,  0.20
  12706707,     0, 8, 5:47:57, 5:48:27,    30, 41.40, 39.20,  2.20
         0,     0, 8, 5:48:35, 5:48:36,     1, 39.20, 41.40, -2.20
  12706707,     0, 8, 5:49:01, 5:49:28,    27, 41.40, 36.70,  4.70
         0,     0, 8, 5:49:36, 5:49:40,     4, 36.70, 41.30, -4.60
  11954008,  4038, 3, 6:01:23, 6:02:38,    75, 46.90, 28.40, 18.50
         0,     0, 3, 6:02:45, 6:02:59,    14, 28.40, 28.40,  0.00
  12706609,  7018, 3, 6:03:15, 6:04:01,    46, 46.90, 39.00,  7.90
         0,     0, 3, 6:04:08, 6:04:14,     6, 39.00, 38.40,  0.60
  12448392,  6005, 2, 6:03:06, 6:04:45,    99, 42.60, 17.30, 25.30
         0,     0, 2, 6:04:54, 6:05:20,    26, 17.30, 44.30,-27.00
  12706656,  7065, 3, 6:04:26, 6:05:54,    88, 38.40, 31.10,  7.30
         0,     0, 3, 6:06:01, 6:06:13,    12, 31.10, 31.10,  0.00
  12200085,  5139, 2, 6:06:46, 6:08:02,    76, 44.30, 32.80, 11.50
         0,     0, 2, 6:08:09, 6:08:19,    10, 32.80, 44.10,-11.30
  12706621,  7030, 1, 6:07:49, 6:09:48,   119, 41.30, 17.90, 23.40
         0,     0, 1, 6:09:56, 6:10:19,    23, 17.90, 41.30,-23.40
  12200086,  5140, 2, 6:08:40, 6:10:50,   130, 44.10, 30.10, 14.00
         0,     0, 2, 6:10:58, 6:11:11,    13, 30.10, 44.30,-14.20
  12448434,  6047, 5, 6:10:12, 6:11:28,    76, 40.80, 34.10,  6.70
         0,     0, 5, 6:11:36, 6:11:42,     6, 34.10, 40.90, -6.80
  12448521,  6134, 2, 6:12:39, 6:13:24,    45, 44.30, 44.20,  0.10
  12706598,  7007, 3, 6:11:43, 6:13:38,   115, 46.60, 39.60,  7.00
         0,     0, 3, 6:13:46, 6:13:51,     5, 39.60, 39.60,  0.00
  12448420,  6033, 1, 6:10:29, 6:14:28,   239, 41.30, 33.90,  7.40
         0,     0, 1, 6:14:36, 6:14:42,     6, 33.90, 41.30, -7.40
  12448517,  6130, 2, 6:14:54, 6:15:37,    43, 44.20, 44.10,  0.10
  13008778,  8019, 1, 6:16:15, 6:16:21,     6, 41.30, 41.30,  0.00
  12448517,  6130, 2, 6:15:50, 6:16:22,    32, 44.10, 41.80,  2.30
         0,     0, 2, 6:16:30, 6:16:31,     1, 41.80, 44.10, -2.30
  12448517,  6130, 1, 6:16:35, 6:17:02,    27, 41.30, 37.70,  3.60
         0,     0, 1, 6:17:09, 6:17:12,     3, 37.70, 41.30, -3.60
  12199951,  5005, 3, 6:14:46, 6:17:45,   179, 46.60, 31.80, 14.80
         0,     0, 3, 6:17:53, 6:18:04,    11, 31.80, 31.80,  0.00
  12200091,  5145, 3, 6:18:17, 6:18:43,    26, 46.80, 45.80,  1.00
  12448517,  6130, 1, 6:17:23, 6:18:57,    94, 41.30, 26.90, 14.40
         0,     0, 1, 6:19:05, 6:19:19,    14, 26.90, 41.30,-14.40
  12200091,  5145, 4, 6:19:00, 6:19:47,    47, 44.00, 32.30, 11.70
  12448521,  6134, 3, 6:18:54, 6:20:01,    67, 45.90, 30.60, 15.30
         0,     0, 4, 6:19:55, 6:20:05,    10, 32.30, 43.00,-10.70
         0,     0, 3, 6:20:08, 6:20:20,    12, 30.60, 30.60,  0.00
  12448472,     0, 8, 6:22:04, 6:22:40,    36, 41.30, 40.40,  0.90
  12706624,  7033, 5, 6:22:25, 6:22:54,    29, 40.80, 40.80,  0.00
  12706624,  7033, 5, 6:23:38, 6:23:49,    11, 40.90, 40.80,  0.10
  11499117,  2007, 3, 6:21:54, 6:24:14,   140, 46.70, 34.30, 12.40
  12448434,  6047, 1, 6:23:20, 6:24:25,    65, 41.30, 36.70,  4.60
         0,     0, 3, 6:24:23, 6:24:32,     9, 34.30, 34.30,  0.00
         0,     0, 1, 6:24:33, 6:24:37,     4, 36.70, 41.30, -4.60
  12448472,     0, 8, 6:24:13, 6:25:39,    86, 34.60, 31.80,  2.80
         0,     0, 8, 6:25:48, 6:25:58,    10, 31.80, 41.40, -9.60
  12706609,  7018, 2, 6:25:21, 6:26:15,    54, 44.30, 35.30,  9.00
         0,     0, 2, 6:26:23, 6:26:31,     8, 35.30, 44.20, -8.90
  12706628,  7037, 5, 6:27:17, 6:27:19,     2, 40.80, 40.80,  0.00
  13008782,  8023, 2, 6:26:47, 6:28:18,    91, 44.20, 34.20, 10.00
  13008778,  8019, 1, 6:25:45, 6:28:24,   159, 41.30, 27.30, 14.00
         0,     0, 2, 6:28:25, 6:28:34,     9, 34.20, 44.30,-10.10
         0,     0, 1, 6:28:31, 6:28:44,    13, 27.30, 41.30,-14.00
  12706624,  7033, 4, 6:26:32, 6:29:17,   165, 43.10, 25.70, 17.40
         0,     0, 4, 6:29:25, 6:29:42,    17, 25.70, 43.10,-17.40
  12200079,  5133, 3, 6:28:19, 6:30:07,   108, 46.40, 24.30, 22.10
  21291913,  7169, 5, 6:29:56, 6:30:20,    24, 40.80, 40.90, -0.10
  12706624,  7033, 4, 6:29:52, 6:30:22,    30, 43.10, 39.20,  3.90
         0,     0, 3, 6:30:15, 6:30:33,    18, 24.30, 24.30,  0.00
         0,     0, 4, 6:30:30, 6:30:33,     3, 39.20, 42.90, -3.70
  12200079,  5133, 3, 6:30:43, 6:31:23,    40, 46.60, 38.10,  8.50
         0,     0, 3, 6:31:31, 6:31:37,     6, 38.10, 38.10,  0.00
  12448434,  6047, 1, 6:30:35, 6:31:46,    71, 41.30, 38.20,  3.10
         0,     0, 1, 6:31:53, 6:31:55,     2, 38.20, 41.30, -3.10
  12706620,  7029, 2, 6:32:21, 6:33:27,    66, 44.30, 37.40,  6.90
         0,     0, 2, 6:33:34, 6:33:40,     6, 37.40, 44.30, -6.90
  11724217,  3117, 1, 6:33:11, 6:33:41,    30, 41.40, 35.40,  6.00
         0,     0, 1, 6:33:48, 6:33:53,     5, 35.40, 41.30, -5.90
  12448391,  6004, 4, 6:33:44, 6:33:55,    11, 42.90, 43.30, -0.40
  12706599,  7008, 1, 6:35:26, 6:35:36,    10, 41.40, 41.40,  0.00
  12706628,  7037, 2, 6:33:59, 6:35:48,   109, 44.30, 34.30, 10.00
  21291913,  7169, 3, 6:34:13, 6:35:56,   103, 46.70, 45.20,  1.50
         0,     0, 2, 6:35:55, 6:36:04,     9, 34.30, 44.20, -9.90
  12706628,  7037, 2, 6:36:14, 6:36:37,    23, 44.20, 42.80,  1.40
  12448408,  6021, 2, 6:36:55, 6:38:07,    72, 42.80, 21.30, 21.50
         0,     0, 2, 6:38:15, 6:38:37,    22, 21.30, 44.30,-23.00
  12200083,  5137, 3, 6:37:29, 6:38:40,    71, 45.20, 34.40, 10.80
  21291913,  7169, 4, 6:36:02, 6:38:42,   160, 43.30, 36.70,  6.60
  12706620,  7029, 1, 6:38:43, 6:38:48,     5, 41.30, 41.30,  0.00
         0,     0, 4, 6:38:51, 6:38:57,     6, 36.70, 36.80, -0.10
         0,     0, 3, 6:38:49, 6:38:58,     9, 34.40, 34.20,  0.20
  12706620,  7029, 2, 6:39:13, 6:39:40,    27, 44.30, 43.00,  1.30
  12200083,  5137, 4, 6:39:10, 6:40:00,    50, 43.20, 35.90,  7.30
         0,     0, 4, 6:40:09, 6:40:15,     6, 35.90, 42.80, -6.90
  13008774,  8015, 3, 6:39:08, 6:40:19,    71, 34.20, 42.10, -7.90
  12706620,  7029, 1, 6:39:54, 6:40:21,    27, 41.30, 38.80,  2.50
         0,     0, 3, 6:40:27, 6:40:30,     3, 42.10, 42.10,  0.00
         0,     0, 1, 6:40:29, 6:40:30,     1, 38.80, 41.30, -2.50
  12448391,  6004, 3, 6:41:53, 6:42:48,    55, 46.70, 35.70, 11.00
         0,     0, 3, 6:42:56, 6:43:04,     8, 35.70, 35.90, -0.20
  12706610,  7019, 4, 6:42:16, 6:43:28,    72, 42.80, 30.90, 11.90
         0,     0, 4, 6:43:37, 6:43:49,    12, 30.90, 42.90,-12.00
  11953971,  4001, 3, 6:43:14, 6:44:05,    51, 46.70, 35.90, 10.80
         0,     0, 3, 6:44:13, 6:44:21,     8, 35.90, 35.80,  0.10
  11953971,  4001, 3, 6:44:36, 6:45:14,    38, 46.90, 32.70, 14.20
         0,     0, 3, 6:45:22, 6:45:33,    11, 32.70, 32.70,  0.00
  12706601,  7010, 1, 6:44:06, 6:46:40,   154, 41.30, 25.90, 15.40
         0,     0, 1, 6:46:48, 6:47:03,    15, 25.90, 41.30,-15.40
  11724217,  3117, 1, 6:47:34, 6:48:33,    59, 41.30, 26.40, 14.90
         0,     0, 1, 6:48:41, 6:48:55,    14, 26.40, 41.30,-14.90
  12706630,  7039, 4, 6:46:18, 6:49:17,   179, 43.10, 28.20, 14.90
         0,     0, 4, 6:49:25, 6:49:39,    14, 28.20, 42.90,-14.70
  12448516,  6129, 2, 6:49:06, 6:50:11,    65, 43.20, 26.30, 16.90
         0,     0, 2, 6:50:19, 6:50:36,    17, 26.30, 44.20,-17.90
  12448398,  6011, 5, 6:52:15, 6:53:34,    79, 40.80, 22.80, 18.00
  12706599,  7008, 1, 6:52:19, 6:53:54,    95, 41.30, 16.10, 25.20
         0,     0, 5, 6:53:41, 6:53:58,    17, 22.80, 40.80,-18.00
  12199951,  5005, 2, 6:52:23, 6:54:21,   118, 44.30, 36.90,  7.40
         0,     0, 1, 6:54:02, 6:54:27,    25, 16.10, 41.30,-25.20
         0,     0, 2, 6:54:28, 6:54:34,     6, 36.90, 44.30, -7.40
  12706642,  7051, 3, 6:53:49, 6:54:48,    59, 46.50, 43.80,  2.70
         0,     0, 3, 6:54:56, 6:54:57,     1, 43.80, 46.60, -2.80
  12199951,  5005, 2, 6:54:45, 6:55:00,    15, 44.20, 44.20,  0.00
  12706634,  7043, 4, 6:54:53, 6:55:06,    13, 43.30, 41.80,  1.50
         0,     0, 4, 6:55:14, 6:55:15,     1, 41.80, 42.90, -1.10
  11724167,  3067, 5, 6:55:19, 6:55:41,    22, 40.80, 40.80,  0.00
  12448518,  6131, 3, 6:55:14, 6:56:12,    58, 46.60, 34.30, 12.30
  12706634,  7043, 4, 6:55:28, 6:56:13,    45, 42.90, 31.50, 11.40
         0,     0, 3, 6:56:20, 6:56:30,    10, 34.30, 34.30,  0.00
         0,     0, 4, 6:56:21, 6:56:33,    12, 31.50, 42.90,-11.40
  12706614,  7023, 3, 6:57:52, 6:59:38,   106, 46.40, 29.80, 16.60
         0,     0, 3, 6:59:46, 6:59:59,    13, 29.80, 29.80,  0.00
  12200086,  5140, 5, 6:57:54, 7:00:09,   135, 40.80, 29.60, 11.20
         0,     0, 5, 7:00:16, 7:00:26,    10, 29.60, 40.70,-11.10
  12706620,  7029, 2, 6:59:17, 7:00:41,    84, 44.30, 40.00,  4.30
         0,     0, 2, 7:00:49, 7:00:52,     3, 40.00, 44.30, -4.30
  12706642,  7051, 1, 7:00:40, 7:01:30,    50, 41.30, 38.60,  2.70
         0,     0, 1, 7:01:38, 7:01:40,     2, 38.60, 41.30, -2.70
  21291913,  7169, 2, 7:03:24, 7:03:33,     9, 44.30, 44.40, -0.10
  13008738,  7159, 2, 7:03:57, 7:04:34,    37, 44.50, 43.90,  0.60
  13008774,  8015, 2, 7:04:45, 7:06:32,   107, 43.90, 32.60, 11.30
  13008738,  7159, 1, 7:05:00, 7:06:41,   101, 41.30, 33.40,  7.90
  12706615,  7024, 3, 7:04:29, 7:06:42,   133, 46.50, 28.60, 17.90
         0,     0, 2, 7:06:40, 7:06:50,    10, 32.60, 44.10,-11.50
         0,     0, 1, 7:06:49, 7:06:57,     8, 33.40, 41.20, -7.80
         0,     0, 3, 7:06:50, 7:07:05,    15, 28.60, 46.70,-18.10
  12448408,  6021, 4, 7:07:39, 7:08:38,    59, 43.60, 33.40, 10.20
         0,     0, 4, 7:08:46, 7:08:55,     9, 33.40, 43.00, -9.60
  12200083,  5137, 2, 7:08:29, 7:09:11,    42, 44.10, 36.00,  8.10
         0,     0, 2, 7:09:19, 7:09:26,     7, 36.00, 44.30, -8.30
  12706705,     0, 8, 7:09:31, 7:09:40,     9, 41.50, 41.50,  0.00
  12706628,  7037, 2, 7:09:36, 7:10:42,    66, 44.30, 39.80,  4.50
         0,     0, 2, 7:10:50, 7:10:53,     3, 39.80, 44.30, -4.50
  12448518,  6131, 4, 7:11:02, 7:11:15,    13, 43.00, 42.30,  0.70
  12706628,  7037, 2, 7:11:07, 7:11:38,    31, 44.30, 40.80,  3.50
  12448518,  6131, 3, 7:11:22, 7:11:41,    19, 46.80, 46.00,  0.80
         0,     0, 2, 7:11:46, 7:11:48,     2, 40.80, 44.30, -3.50
  12448398,  6011, 5, 7:14:57, 7:15:43,    46, 40.70, 30.40, 10.30
         0,     0, 5, 7:15:52, 7:16:02,    10, 30.40, 40.90,-10.50
  21291913,  7169, 2, 7:14:35, 7:18:15,   220, 44.30, 38.80,  5.50
         0,     0, 2, 7:18:23, 7:18:27,     4, 38.80, 44.30, -5.50
  13008774,  8015, 2, 7:18:48, 7:19:58,    70, 44.30, 43.50,  0.80
  13008774,  8015, 1, 7:20:26, 7:20:58,    32, 41.20, 40.40,  0.80
  11953971,  4001, 3, 7:21:09, 7:22:10,    61, 45.90, 35.20, 10.70
         0,     0, 3, 7:22:18, 7:22:27,     9, 35.20, 35.20,  0.00
  12706634,  7043, 3, 7:24:35, 7:25:38,    63, 46.70, 34.80, 11.90
  12706683,     0,10, 7:25:30, 7:25:39,     9, 40.70, 40.60,  0.10
  12706700,     0, 9, 7:25:37, 7:25:52,    15, 40.40, 40.40,  0.00
         0,     0, 3, 7:25:47, 7:25:57,    10, 34.80, 34.80,  0.00
  12706683,     0,10, 7:25:55, 7:26:59,    64, 40.60, 40.50,  0.10
  12200086,  5140, 1, 7:29:54, 7:30:29,    35, 40.40, 36.80,  3.60
         0,     0, 1, 7:30:36, 7:30:40,     4, 36.80, 41.30, -4.50
  12706656,  7065, 2, 7:30:34, 7:31:33,    59, 43.50, 32.50, 11.00
         0,     0, 2, 7:31:41, 7:31:51,    10, 32.50, 44.30,-11.80
  12706683,     0,10, 7:27:43, 7:32:16,   273, 40.50, 29.00, 11.50
  12706700,     0, 9, 7:32:14, 7:32:31,    17, 40.40, 40.40,  0.00
         0,     0,10, 7:32:25, 7:32:37,    12, 29.00, 41.20,-12.20
  12706683,     0,10, 7:32:52, 7:33:03,    11, 41.20, 38.20,  3.00
         0,     0,10, 7:33:12, 7:33:14,     2, 38.20, 41.30, -3.10
  12706707,     0, 8, 7:32:50, 7:33:24,    34, 41.50, 37.30,  4.20
         0,     0, 8, 7:33:32, 7:33:36,     4, 37.30, 41.40, -4.10
  21268732,  6126, 1, 7:32:28, 7:33:40,    72, 41.40, 35.90,  5.50
         0,     0, 1, 7:33:47, 7:33:51,     4, 35.90, 41.30, -5.40
  12706683,     0, 9, 7:34:05, 7:34:08,     3, 40.40, 40.40,  0.00
  13008782,  8023, 4, 7:32:34, 7:34:30,   116, 42.30, 29.90, 12.40
  21268732,  6126, 1, 7:34:01, 7:34:37,    36, 41.30, 37.30,  4.00
         0,     0, 1, 7:34:45, 7:34:48,     3, 37.30, 41.30, -4.00
         0,     0, 4, 7:34:38, 7:34:50,    12, 29.90, 42.80,-12.90
  12706707,     0, 8, 7:34:51, 7:35:09,    18, 41.80, 39.80,  2.00
         0,     0, 8, 7:35:18, 7:35:19,     1, 39.80, 41.30, -1.50
  21268732,  6126, 2, 7:35:05, 7:36:34,    89, 44.30, 37.00,  7.30
         0,     0, 2, 7:36:43, 7:36:49,     6, 37.00, 44.30, -7.30
  12448518,  6131, 2, 7:37:14, 7:37:16,     2, 44.20, 44.20,  0.00
  12200086,  5140, 1, 7:36:56, 7:38:02,    66, 41.30, 36.80,  4.50
  12448518,  6131, 2, 7:37:35, 7:38:08,    33, 44.20, 39.90,  4.30
         0,     0, 1, 7:38:10, 7:38:14,     4, 36.80, 41.30, -4.50
         0,     0, 2, 7:38:16, 7:38:19,     3, 39.90, 44.20, -4.30
  13008774,  8015, 1, 7:43:29, 7:44:26,    57, 41.30, 40.70,  0.60
  12200029,     0,10, 7:43:33, 7:44:35,    62, 41.30, 36.80,  4.50
         0,     0,10, 7:44:43, 7:44:47,     4, 36.80, 41.30, -4.50
  13008774,  8015, 2, 7:44:41, 7:45:51,    70, 44.30, 41.00,  3.30
         0,     0, 2, 7:45:58, 7:46:00,     2, 41.00, 44.30, -3.30
  12706613,  7022, 2, 7:48:39, 7:50:58,   139, 44.30, 34.10, 10.20
         0,     0, 2, 7:51:06, 7:51:15,     9, 34.10, 44.30,-10.20
  12706669,     0, 9, 7:51:29, 7:51:31,     2, 40.40, 40.40,  0.00
  12706628,  7037, 2, 7:51:58, 7:53:51,   113, 44.30, 34.30, 10.00
         0,     0, 2, 7:53:59, 7:54:08,     9, 34.30, 44.40,-10.10
  12706669,     0, 9, 7:51:49, 7:54:07,   138, 39.40, 26.50, 12.90
         0,     0, 9, 7:54:15, 7:54:28,    13, 26.50, 26.50,  0.00
  12448434,  6047, 4, 7:53:03, 7:54:26,    83, 43.10, 32.10, 11.00
         0,     0, 4, 7:54:35, 7:54:45,    10, 32.10, 43.00,-10.90
  11954005,     0,10, 7:54:16, 7:55:33,    77, 41.20, 37.20,  4.00
         0,     0,10, 7:55:41, 7:55:44,     3, 37.20, 41.20, -4.00
  12448398,  6011, 2, 7:54:18, 7:55:43,    85, 44.40, 23.90, 20.50
  12706628,  7037, 1, 7:54:19, 7:55:50,    91, 40.70, 37.80,  2.90
         0,     0, 1, 7:55:58, 7:56:01,     3, 37.80, 41.20, -3.40
         0,     0, 2, 7:55:52, 7:56:11,    19, 23.90, 44.30,-20.40
  12706628,  7037, 2, 7:56:22, 7:56:36,    14, 44.30, 43.90,  0.40
  12200091,  5145, 1, 7:56:57, 7:57:21,    24, 41.30, 41.20,  0.10
  12706737,  7146, 3, 7:56:13, 7:57:49,    96, 46.10, 42.80,  3.30
         0,     0, 3, 7:57:57, 7:57:59,     2, 42.80, 46.40, -3.60
  12706737,  7146, 4, 7:57:53, 7:58:04,    11, 43.00, 43.40, -0.40
  12448392,  6005, 2, 7:56:46, 7:58:23,    97, 43.90, 31.00, 12.90
         0,     0, 2, 7:58:31, 7:58:43,    12, 31.00, 44.20,-13.20
  12200091,  5145, 1, 7:57:34, 7:58:54,    80, 41.20, 35.20,  6.00
         0,     0, 1, 7:59:01, 7:59:06,     5, 35.20, 41.30, -6.10
  12199959,     0, 8, 7:54:22, 7:59:12,   290, 41.10, 32.60,  8.50
         0,     0, 8, 7:59:20, 7:59:29,     9, 32.60, 41.40, -8.80
  12200044,     0, 9, 7:58:32, 7:59:31,    59, 41.70, 41.10,  0.60
  12706737,  7146, 5, 7:59:00, 7:59:49,    49, 40.70, 31.60,  9.10
         0,     0, 5, 7:59:57, 8:00:06,     9, 31.60, 40.90, -9.30
  12200091,  5145, 1, 7:59:16, 8:00:08,    52, 41.30, 28.60, 12.70
         0,     0, 1, 8:00:17, 8:00:29,    12, 28.60, 41.30,-12.70
  12706637,     0, 9, 8:00:30, 8:00:45,    15, 41.10, 41.10,  0.00
  12448428,     0,10, 8:01:30, 8:01:43,    13, 41.20, 41.00,  0.20
  12448428,     0,10, 8:02:00, 8:02:14,    14, 41.00, 40.10,  0.90
  12448428,     0, 9, 8:02:38, 8:03:10,    32, 41.10, 37.60,  3.50
         0,     0, 9, 8:03:18, 8:03:21,     3, 37.60, 41.60, -4.00
  12706692,     0,10, 8:04:19, 8:04:34,    15, 40.00, 40.00,  0.00
  12448415,  6028, 2, 8:02:33, 8:04:48,   135, 44.30, 24.00, 20.30
         0,     0, 2, 8:04:57, 8:05:16,    19, 24.00, 44.30,-20.30
  11499184,  2074, 1, 8:05:39, 8:06:27,    48, 41.30, 27.70, 13.60
         0,     0, 1, 8:06:34, 8:06:47,    13, 27.70, 41.30,-13.60
  13008864,     0,10, 8:08:07, 8:08:18,    11, 40.00, 39.20,  0.80
         0,     0,10, 8:08:26, 8:08:28,     2, 39.20, 41.20, -2.00
  13008864,     0,10, 8:08:44, 8:08:56,    12, 39.80, 38.80,  1.00
         0,     0,10, 8:09:04, 8:09:06,     2, 38.80, 41.20, -2.40
  12706613,  7022, 2, 8:10:48, 8:12:02,    74, 44.40, 42.40,  2.00
  11724239,     0, 8, 8:11:59, 8:12:55,    56, 41.40, 38.30,  3.10
         0,     0, 8, 8:13:04, 8:13:06,     2, 38.30, 41.50, -3.20
  11499184,  2074, 1, 8:12:59, 8:13:22,    23, 41.40, 34.70,  6.70
         0,     0, 1, 8:13:30, 8:13:36,     6, 34.70, 41.30, -6.60
  21268732,  6126, 3, 8:14:36, 8:15:40,    64, 46.80, 42.50,  4.30
         0,     0, 3, 8:15:48, 8:15:50,     2, 42.50, 46.60, -4.10
  12200079,  5133, 2, 8:15:02, 8:15:59,    57, 42.40, 40.50,  1.90
         0,     0, 2, 8:16:08, 8:16:10,     2, 40.50, 44.40, -3.90
  12200079,  5133, 2, 8:16:20, 8:16:59,    39, 44.40, 36.00,  8.40
         0,     0, 2, 8:17:07, 8:17:14,     7, 36.00, 44.20, -8.20
  11954016,     0,10, 8:17:48, 8:19:16,    88, 41.10, 28.10, 13.00
         0,     0,10, 8:19:24, 8:19:37,    13, 28.10, 41.20,-13.10
  12706613,  7022, 1, 8:18:55, 8:19:54,    59, 41.30, 39.00,  2.30
         0,     0, 1, 8:20:03, 8:20:04,     1, 39.00, 41.30, -2.30
  12448434,  6047, 3, 8:19:44, 8:20:04,    20, 46.80, 43.30,  3.50
         0,     0, 3, 8:20:12, 8:20:13,     1, 43.30, 46.50, -3.20
  12706618,  7027, 2, 8:20:36, 8:22:16,   100, 44.20, 26.90, 17.30
         0,     0, 2, 8:22:24, 8:22:40,    16, 26.90, 44.40,-17.50
  12200044,     0,10, 8:24:26, 8:24:51,    25, 41.20, 39.40,  1.80
         0,     0,10, 8:25:00, 8:25:01,     1, 39.40, 41.20, -1.80
  12706737,  7146, 4, 8:20:13, 8:25:09,   296, 43.40, 27.80, 15.60
         0,     0, 4, 8:25:17, 8:25:32,    15, 27.80, 43.20,-15.40
  12200044,     0,10, 8:25:43, 8:25:50,     7, 31.00, 31.10, -0.10
         0,     0,10, 8:25:59, 8:26:09,    10, 31.10, 41.20,-10.10
  12706618,  7027, 1, 8:25:09, 8:26:29,    80, 41.30, 40.10,  1.20
  12200044,     0,10, 8:27:06, 8:27:10,     4, 33.60, 33.60,  0.00
  11954005,     0, 9, 8:26:31, 8:27:20,    49, 37.90, 36.00,  1.90
         0,     0,10, 8:27:18, 8:27:25,     7, 33.60, 41.30, -7.70
         0,     0, 9, 8:27:27, 8:27:31,     4, 36.00, 36.10, -0.10
  12706613,  7022, 1, 8:29:04, 8:29:52,    48, 40.10, 36.10,  4.00
         0,     0, 1, 8:29:59, 8:30:03,     4, 36.10, 41.30, -5.20
  12706634,  7043, 2, 8:32:27, 8:32:31,     4, 44.50, 44.50,  0.00
  12706634,  7043, 1, 8:32:45, 8:33:25,    40, 41.30, 32.20,  9.10
         0,     0, 1, 8:33:32, 8:33:40,     8, 32.20, 41.30, -9.10
  11954008,  4038, 2, 8:32:41, 8:33:46,    65, 44.50, 35.30,  9.20
         0,     0, 2, 8:33:54, 8:34:01,     7, 35.30, 44.30, -9.00
  12706634,  7043, 1, 8:33:55, 8:34:52,    57, 41.30, 33.00,  8.30
         0,     0, 1, 8:35:00, 8:35:07,     7, 33.00, 41.30, -8.30
  12706628,  7037, 2, 8:34:11, 8:35:22,    71, 44.30, 33.40, 10.90
         0,     0, 2, 8:35:30, 8:35:39,     9, 33.40, 44.20,-10.80
  12706628,  7037, 2, 8:35:52, 8:37:02,    70, 44.30, 41.30,  3.00
         0,     0, 2, 8:37:10, 8:37:11,     1, 41.30, 44.30, -3.00
  13008896,     0,10, 8:38:07, 8:38:09,     2, 41.10, 41.10,  0.00
  13008896,     0,10, 8:38:20, 8:38:22,     2, 40.90, 40.90,  0.00
  13008896,     0,10, 8:38:40, 8:38:42,     2, 39.80, 39.80,  0.00
         0,     0,10, 8:38:49, 8:38:49,     0, 39.80, 41.00, -1.20
  13008896,     0,10, 8:39:07, 8:39:33,    26, 39.10, 35.80,  3.30
         0,     0,10, 8:39:41, 8:39:46,     5, 35.80, 41.30, -5.50
  12448415,  6028, 3, 8:42:27, 8:42:46,    19, 46.80, 46.20,  0.60
  12200086,  5140, 1, 8:40:58, 8:43:17,   139, 41.30, 30.90, 10.40
         0,     0, 1, 8:43:26, 8:43:36,    10, 30.90, 41.20,-10.30
  12200029,     0, 9, 8:43:12, 8:44:40,    88, 41.60, 37.50,  4.10
         0,     0, 9, 8:44:49, 8:44:52,     3, 37.50, 41.20, -3.70
  12200029,     0, 9, 8:45:10, 8:45:10,     0, 38.60, 38.50,  0.10
         0,     0, 9, 8:45:19, 8:45:21,     2, 38.50, 41.70, -3.20
  12706637,     0, 9, 8:45:58, 8:45:59,     1, 41.70, 41.70,  0.00
  11724205,     0,10, 8:44:13, 8:46:32,   139, 41.30, 29.40, 11.90
         0,     0,10, 8:46:39, 8:46:51,    12, 29.40, 41.20,-11.80
  12706637,     0, 9, 8:46:48, 8:49:42,   174, 41.70, 26.80, 14.90
         0,     0, 9, 8:49:49, 8:50:02,    13, 26.80, 40.50,-13.70
  12706637,     0, 9, 8:50:49, 8:50:54,     5, 36.30, 36.40, -0.10
         0,     0, 9, 8:51:01, 8:51:05,     4, 36.40, 41.70, -5.30
  12706618,  7027, 1, 8:52:52, 8:53:47,    55, 41.20, 36.00,  5.20
         0,     0, 1, 8:53:54, 8:53:58,     4, 36.00, 41.30, -5.30
  12706618,  7027, 2, 8:53:59, 8:54:18,    19, 44.40, 41.60,  2.80
         0,     0, 2, 8:54:26, 8:54:27,     1, 41.60, 44.30, -2.70
  12706598,  7007, 2, 8:54:58, 8:56:31,    93, 44.30, 29.90, 14.40
         0,     0, 2, 8:56:38, 8:56:51,    13, 29.90, 44.40,-14.50
  12706601,  7010, 4, 8:55:13, 8:58:35,   202, 43.40, 28.60, 14.80
  12448521,  6134, 2, 8:58:45, 8:58:51,     6, 44.50, 44.40,  0.10
         0,     0, 4, 8:58:43, 8:58:57,    14, 28.60, 42.90,-14.30
  12448521,  6134, 1, 8:58:55, 8:59:09,    14, 41.40, 39.70,  1.70
         0,     0, 1, 8:59:16, 8:59:16,     0, 39.70, 41.20, -1.50
  11954016,     0,10, 8:57:49, 8:59:28,    99, 41.20, 40.20,  1.00
  12448517,  6130, 2, 9:00:12, 9:00:23,    11, 44.40, 44.30,  0.10
  12448521,  6134, 1, 8:59:26, 9:00:31,    65, 41.20, 23.20, 18.00
         0,     0, 1, 9:00:39, 9:00:57,    18, 23.20, 41.20,-18.00
  11954016,     0,10, 9:00:46, 9:01:26,    40, 40.20, 39.60,  0.60
         0,     0,10, 9:01:34, 9:01:35,     1, 39.60, 41.20, -1.60
  12706634,  7043, 2, 9:02:13, 9:02:58,    45, 44.40, 44.20,  0.20
  12448415,  6028, 1, 9:01:24, 9:03:24,   120, 41.20, 26.90, 14.30
  12706634,  7043, 2, 9:03:30, 9:03:38,     8, 44.20, 44.20,  0.00
         0,     0, 1, 9:03:31, 9:03:45,    14, 26.90, 41.30,-14.40
  12706609,  7018, 2, 9:04:07, 9:05:06,    59, 44.20, 44.30, -0.10
  12448517,  6130, 1, 9:04:17, 9:06:34,   137, 41.30, 24.50, 16.80
  12706609,  7018, 2, 9:05:24, 9:06:55,    91, 44.30, 42.50,  1.80
         0,     0, 1, 9:06:42, 9:06:58,    16, 24.50, 41.30,-16.80
  12706651,     0, 8, 9:07:00, 9:07:02,     2, 23.20, 23.20,  0.00
         0,     0, 8, 9:07:11, 9:07:30,    19, 23.20, 41.30,-18.10
  12706610,  7019, 2, 9:08:46, 9:10:46,   120, 42.50, 21.60, 20.90
         0,     0, 2, 9:10:53, 9:11:14,    21, 21.60, 44.30,-22.70
  12706727,     0, 8, 9:11:59, 9:12:23,    24, 41.40, 41.30,  0.10
  12706727,     0, 8, 9:13:39, 9:13:40,     1, 27.70, 27.70,  0.00
         0,     0, 8, 9:13:49, 9:14:04,    15, 27.70, 41.40,-13.70
  12706609,  7018, 3, 9:15:53, 9:16:32,    39, 46.30, 38.40,  7.90
         0,     0, 3, 9:16:39, 9:16:45,     6, 38.40, 38.40,  0.00
  12706707,     0, 8, 9:16:30, 9:17:09,    39, 41.30, 35.40,  5.90
         0,     0, 8, 9:17:16, 9:17:22,     6, 35.40, 41.30, -5.90
  12200085,  5139, 2, 9:15:48, 9:17:55,   127, 44.40, 19.80, 24.60
         0,     0, 2, 9:18:04, 9:18:27,    23, 19.80, 44.30,-24.50
  11724219,     0, 8, 9:23:21, 9:23:26,     5, 41.40, 41.40,  0.00
  11724205,     0,10, 9:19:32, 9:24:05,   273, 41.10, 21.40, 19.70
         0,     0,10, 9:24:12, 9:24:33,    21, 21.40, 41.20,-19.80
  12706620,  7029, 4, 9:25:33, 9:26:43,    70, 42.90, 35.20,  7.70
         0,     0, 4, 9:26:50, 9:26:57,     7, 35.20, 42.50, -7.30
  12448440,     0, 8, 9:25:43, 9:27:05,    82, 41.40, 35.60,  5.80
         0,     0, 8, 9:27:13, 9:27:18,     5, 35.60, 41.40, -5.80
  12706598,  7007, 3, 9:27:39, 9:28:17,    38, 46.50, 41.30,  5.20
  12448482,     0, 8, 9:28:00, 9:28:17,    17, 41.40, 41.30,  0.10
         0,     0, 3, 9:28:24, 9:28:27,     3, 41.30, 46.40, -5.10
  12448482,     0, 8, 9:28:29, 9:29:13,    44, 41.20, 41.00,  0.20
  13008778,  8019, 4, 9:29:40, 9:30:08,    28, 43.10, 43.20, -0.10
  12706620,  7029, 3, 9:30:38, 9:31:02,    24, 46.50, 43.20,  3.30
         0,     0, 3, 9:31:11, 9:31:13,     2, 43.20, 46.70, -3.50
  12448482,     0, 8, 9:29:56, 9:31:23,    87, 38.00, 25.80, 12.20
         0,     0, 8, 9:31:30, 9:31:47,    17, 25.80, 41.40,-15.60
  12200029,     0, 9, 9:32:09, 9:32:44,    35, 41.70, 41.50,  0.20
  11954016,     0,10, 9:31:50, 9:32:50,    60, 41.30, 41.20,  0.10
  12706692,     0, 9, 9:33:13, 9:33:14,     1, 41.40, 41.40,  0.00
  12200029,     0, 9, 9:33:32, 9:33:33,     1, 39.10, 39.00,  0.10
         0,     0, 9, 9:33:41, 9:33:42,     1, 39.00, 41.70, -2.70
  12448517,  6130, 2, 9:32:16, 9:34:18,   122, 44.50, 38.60,  5.90
  12200029,     0,10, 9:34:18, 9:34:21,     3, 38.20, 38.20,  0.00
         0,     0, 2, 9:34:26, 9:34:30,     4, 38.60, 44.20, -5.60
         0,     0,10, 9:34:29, 9:34:31,     2, 38.20, 41.30, -3.10
  12706692,     0, 9, 9:34:32, 9:34:32,     0, 39.30, 37.70,  1.60
         0,     0, 9, 9:34:40, 9:34:43,     3, 37.70, 39.90, -2.20
  12706692,     0,10, 9:34:41, 9:34:55,    14, 41.30, 40.20,  1.10
  12448428,     0, 9, 9:35:19, 9:35:20,     1, 28.90, 28.90,  0.00
  12706692,     0,10, 9:35:07, 9:35:25,    18, 40.20, 40.10,  0.10
  12706655,     0, 8, 9:33:47, 9:35:34,   107, 41.40, 24.50, 16.90
         0,     0, 9, 9:35:28, 9:35:39,    11, 28.90, 41.60,-12.70
         0,     0, 8, 9:35:41, 9:35:59,    18, 24.50, 41.30,-16.80
  12448428,     0,10, 9:35:35, 9:36:06,    31, 40.10, 31.90,  8.20
  12706692,     0, 9, 9:36:06, 9:36:09,     3, 40.00, 39.90,  0.10
         0,     0, 9, 9:36:17, 9:36:17,     0, 39.90, 41.20, -1.30
         0,     0,10, 9:36:14, 9:36:23,     9, 31.90, 41.30, -9.40
  11724239,     0, 8, 9:36:22, 9:36:39,    17, 40.70, 37.20,  3.50
         0,     0, 8, 9:36:46, 9:36:50,     4, 37.20, 41.40, -4.20
  12448428,     0,10, 9:36:36, 9:36:56,    20, 41.30, 36.30,  5.00
         0,     0,10, 9:37:03, 9:37:08,     5, 36.30, 41.30, -5.00
  11724217,  3117, 2, 9:36:04, 9:37:16,    72, 44.20, 29.90, 14.30
  12706692,     0, 9, 9:37:18, 9:37:21,     3, 36.40, 36.40,  0.00
         0,     0, 9, 9:37:29, 9:37:33,     4, 36.40, 41.60, -5.20
         0,     0, 2, 9:37:24, 9:37:36,    12, 29.90, 44.30,-14.40
  12706620,  7029, 4, 9:36:45, 9:37:33,    48, 43.10, 34.50,  8.60
         0,     0, 4, 9:37:41, 9:37:49,     8, 34.50, 42.90, -8.40
  12706610,  7019, 1, 9:37:31, 9:38:30,    59, 41.30, 30.70, 10.60
         0,     0, 1, 9:38:38, 9:38:48,    10, 30.70, 41.30,-10.60
  12199959,     0, 8, 9:37:00, 9:39:00,   120, 41.20, 38.70,  2.50
         0,     0, 8, 9:39:09, 9:39:11,     2, 38.70, 41.30, -2.60
  13008778,  8019, 3, 9:37:25, 9:40:03,   158, 46.80, 32.60, 14.20
         0,     0, 3, 9:40:10, 9:40:21,    11, 32.60, 32.50,  0.10
  12706630,  7039, 2, 9:40:48, 9:41:03,    15, 44.30, 44.30,  0.00
  12199959,     0, 8, 9:41:15, 9:41:16,     1, 41.10, 41.20, -0.10
  12706630,  7039, 1, 9:41:08, 9:42:44,    96, 41.40, 31.70,  9.70
  12448391,  6004, 3, 9:41:06, 9:42:49,   103, 46.70, 30.30, 16.40
         0,     0, 1, 9:42:51, 9:43:00,     9, 31.70, 41.30, -9.60
  12199959,     0, 8, 9:41:51, 9:43:06,    75, 40.80, 39.50,  1.30
         0,     0, 3, 9:42:57, 9:43:10,    13, 30.30, 30.10,  0.20
         0,     0, 8, 9:43:13, 9:43:14,     1, 39.50, 41.30, -1.80
  11954005,     0,10, 9:43:08, 9:43:13,     5, 41.30, 41.30,  0.00
  12199959,     0, 8, 9:43:24, 9:43:42,    18, 40.90, 40.20,  0.70
  11954005,     0, 9, 9:43:30, 9:43:58,    28, 41.60, 41.00,  0.60
  12199959,     0, 8, 9:44:04, 9:44:33,    29, 40.30, 39.50,  0.80
         0,     0, 8, 9:44:41, 9:44:42,     1, 39.50, 41.20, -1.70
  11954005,     0, 9, 9:44:39, 9:44:41,     2, 39.20, 39.20,  0.00
         0,     0, 9, 9:44:49, 9:44:50,     1, 39.20, 41.60, -2.40
  12448415,  6028, 1, 9:43:10, 9:45:03,   113, 41.30, 33.60,  7.70
  12706609,  7018, 3, 9:44:50, 9:45:05,    15, 46.50, 46.40,  0.10
  12706601,  7010, 2, 9:43:50, 9:45:08,    78, 44.40, 33.20, 11.20
         0,     0, 1, 9:45:11, 9:45:18,     7, 33.60, 41.30, -7.70
         0,     0, 2, 9:45:16, 9:45:25,     9, 33.20, 44.30,-11.10
  11954005,     0, 9, 9:45:04, 9:45:32,    28, 41.60, 40.00,  1.60
         0,     0, 9, 9:45:40, 9:45:40,     0, 40.00, 41.20, -1.20
  12706651,     0, 8, 9:45:39, 9:45:51,    12, 41.30, 41.20,  0.10
  11954005,     0, 9, 9:45:57, 9:45:58,     1, 40.60, 40.60,  0.00
  12706601,  7010, 1, 9:45:29, 9:46:14,    45, 41.30, 40.90,  0.40
  12706651,     0, 8, 9:46:26, 9:46:30,     4, 40.30, 40.30,  0.00
  12448516,  6129, 4, 9:45:21, 9:46:48,    87, 43.50, 23.00, 20.50
  11954005,     0, 9, 9:46:50, 9:46:52,     2, 30.80, 30.70,  0.10
  12706601,  7010, 1, 9:46:28, 9:47:01,    33, 40.90, 40.80,  0.10
         0,     0, 9, 9:47:00, 9:47:09,     9, 30.70, 41.70,-11.00
         0,     0, 4, 9:46:57, 9:47:17,    20, 23.00, 43.00,-20.00
  12706609,  7018, 1, 9:47:18, 9:47:30,    12, 40.80, 40.50,  0.30
  12448440,     0, 8, 9:46:43, 9:48:03,    80, 39.60, 31.20,  8.40
         0,     0, 8, 9:48:11, 9:48:21,    10, 31.20, 41.40,-10.20
  12706651,     0, 8, 9:48:36, 9:48:54,    18, 41.40, 40.50,  0.90
         0,     0, 8, 9:49:25, 9:49:27,     2, 38.70, 41.40, -2.70
  13008864,     0, 9, 9:50:00, 9:50:02,     2, 41.60, 41.60,  0.00
  11724239,     0, 8, 9:50:06, 9:50:16,    10, 39.00, 39.10, -0.10
         0,     0, 8, 9:50:24, 9:50:25,     1, 39.10, 41.30, -2.20
  12706656,  7065, 1, 9:47:39, 9:50:48,   189, 40.50, 21.80, 18.70
  21291913,  7169, 2, 9:45:35, 9:50:53,   318, 44.40, 37.40,  7.00
         0,     0, 2, 9:51:01, 9:51:06,     5, 37.40, 44.20, -6.80
         0,     0, 1, 9:50:57, 9:51:16,    19, 21.80, 41.30,-19.50
  21291913,  7169, 2, 9:51:17, 9:51:24,     7, 44.20, 44.20,  0.00
  11724239,     0, 8, 9:51:33, 9:52:09,    36, 41.30, 38.40,  2.90
         0,     0, 8, 9:52:17, 9:52:19,     2, 38.40, 41.30, -2.90
  12706609,  7018, 1, 9:51:41, 9:52:28,    47, 41.30, 35.50,  5.80
         0,     0, 1, 9:52:36, 9:52:41,     5, 35.50, 41.20, -5.70
  12706615,  7024, 2, 9:52:08, 9:52:42,    34, 44.20, 43.20,  1.00
  12448420,  6033, 4, 9:50:45, 9:53:19,   154, 42.80, 32.50, 10.30
  12706615,  7024, 1, 9:53:15, 9:53:35,    20, 41.20, 40.20,  1.00
         0,     0, 4, 9:53:27, 9:53:37,    10, 32.50, 42.90,-10.40
  12706609,  7018, 2, 9:53:11, 9:53:35,    24, 43.20, 40.90,  2.30
         0,     0, 2, 9:53:43, 9:53:45,     2, 40.90, 44.30, -3.40
  12706651,     0, 8, 9:53:48, 9:54:28,    40, 41.40, 40.60,  0.80
  12200085,  5139, 3, 9:54:34, 9:55:15,    41, 46.50, 38.90,  7.60
         0,     0, 3, 9:55:22, 9:55:27,     5, 38.90, 38.90,  0.00
  12706599,  7008, 1, 9:53:45, 9:55:42,   117, 40.20, 21.20, 19.00
         0,     0, 1, 9:55:50, 9:56:10,    20, 21.20, 41.30,-20.10
  12706700,     0, 9, 9:58:09, 9:58:10,     1, 41.60, 41.60,  0.00
  21291913,  7169, 2, 9:56:10, 9:58:16,   126, 44.40, 41.80,  2.60
  12706700,     0,10, 9:58:20, 9:58:21,     1, 41.20, 41.20,  0.00
         0,     0, 2, 9:58:23, 9:58:24,     1, 41.80, 44.20, -2.40
  21291913,  7169, 2, 9:58:50, 9:59:16,    26, 44.20, 44.10,  0.10
  12706621,  7030, 3, 9:59:03,10:00:27,    84, 46.60, 32.00, 14.60
         0,     0, 3,10:00:35,10:00:46,    11, 32.00, 31.90,  0.10
  12706615,  7024, 1,10:00:55,10:01:03,     8, 41.30, 41.30,  0.00
  12706615,  7024, 2,10:01:37,10:02:21,    44, 44.10, 33.60, 10.50
         0,     0, 2,10:02:28,10:02:37,     9, 33.60, 44.20,-10.60
  12706630,  7039, 4,10:02:58,10:03:14,    16, 42.90, 42.20,  0.70
  13008864,     0, 9,10:02:45,10:03:30,    45, 41.60, 38.30,  3.30
         0,     0, 9,10:03:38,10:03:40,     2, 38.30, 41.70, -3.40
  12706630,  7039, 3,10:03:18,10:04:40,    82, 46.20, 36.40,  9.80
         0,     0, 3,10:04:48,10:04:55,     7, 36.40, 36.30,  0.10
  12448520,  6133, 1,10:05:08,10:06:14,    66, 41.30, 21.90, 19.40
  13008738,  7159, 2,10:04:21,10:06:16,   115, 44.20, 34.80,  9.40
         0,     0, 2,10:06:23,10:06:31,     8, 34.80, 44.20, -9.40
         0,     0, 1,10:06:21,10:06:41,    20, 21.90, 41.40,-19.50
  11724217,  3117, 3,10:07:05,10:08:16,    71, 46.30, 30.60, 15.70
  13008782,  8023, 4,10:07:31,10:08:27,    56, 42.20, 41.00,  1.20
         0,     0, 3,10:08:23,10:08:35,    12, 30.60, 30.60,  0.00
         0,     0, 4,10:08:35,10:08:37,     2, 41.00, 42.90, -1.90
  13008782,  8023, 4,10:09:12,10:10:19,    67, 42.90, 32.50, 10.40
         0,     0, 4,10:10:26,10:10:36,    10, 32.50, 43.00,-10.50
  11724167,  3067, 1,10:09:31,10:11:31,   120, 41.40, 11.40, 30.00
  12706614,  7023, 2,10:09:28,10:11:37,   129, 44.20, 31.60, 12.60
         0,     0, 2,10:11:44,10:11:56,    12, 31.60, 44.20,-12.60
         0,     0, 1,10:11:38,10:12:09,    31, 11.40, 41.30,-29.90
  12199951,  5005, 3,10:08:58,10:12:12,   194, 46.50, 37.70,  8.80
  12199992,     0, 9,10:09:48,10:12:19,   151, 41.50, 36.50,  5.00
         0,     0, 3,10:12:19,10:12:25,     6, 37.70, 37.50,  0.20
         0,     0, 9,10:12:27,10:12:31,     4, 36.50, 41.70, -5.20
  13008890,     0,10,10:15:07,10:15:13,     6, 41.10, 41.00,  0.10
  12448391,  6004, 2,10:13:00,10:15:20,   140, 44.20, 31.70, 12.50
  13008890,     0,10,10:15:26,10:15:31,     5, 41.00, 40.70,  0.30
         0,     0, 2,10:15:28,10:15:39,    11, 31.70, 44.30,-12.60
  12448398,  6011, 5,10:15:22,10:16:27,    65, 40.60, 26.20, 14.40
  12199959,     0, 8,10:14:22,10:16:30,   128, 40.40, 38.30,  2.10
         0,     0, 8,10:16:37,10:16:40,     3, 38.30, 40.80, -2.50
  13008890,     0,10,10:15:47,10:16:38,    51, 39.90, 33.20,  6.70
  12200059,     0, 9,10:15:29,10:16:41,    72, 41.70, 33.40,  8.30
         0,     0, 5,10:16:35,10:16:49,    14, 26.20, 40.70,-14.50
         0,     0,10,10:16:45,10:16:53,     8, 33.20, 41.10, -7.90
         0,     0, 9,10:16:49,10:16:56,     7, 33.40, 41.70, -8.30
  12448415,  6028, 3,10:15:50,10:17:08,    78, 46.50, 39.60,  6.90
         0,     0, 3,10:17:16,10:17:20,     4, 39.60, 39.50,  0.10
  12200059,     0, 9,10:17:39,10:18:18,    39, 41.70, 39.20,  2.50
         0,     0, 9,10:18:26,10:18:27,     1, 39.20, 41.70, -2.50
  12199959,     0, 8,10:16:51,10:18:31,   100, 40.20, 35.20,  5.00
         0,     0, 8,10:18:38,10:18:44,     6, 35.20, 41.30, -6.10
  12448420,  6033, 4,10:17:17,10:18:58,   101, 43.20, 32.30, 10.90
         0,     0, 4,10:19:05,10:19:15,    10, 32.30, 42.90,-10.60
  12706642,  7051, 3,10:18:40,10:19:43,    63, 46.30, 33.00, 13.30
         0,     0, 3,10:19:51,10:20:01,    10, 33.00, 46.30,-13.30
  12706642,  7051, 3,10:20:12,10:20:36,    24, 46.20, 41.50,  4.70
         0,     0, 3,10:20:44,10:20:47,     3, 41.50, 46.60, -5.10
  13008902,     0, 9,10:25:13,10:25:25,    12, 41.60, 41.60,  0.00
  12200083,  5137, 1,10:24:14,10:25:28,    74, 41.30, 36.20,  5.10
  21291913,  7169, 2,10:21:00,10:25:30,   270, 44.30, 41.20,  3.10
         0,     0, 1,10:25:36,10:25:40,     4, 36.20, 41.30, -5.10
         0,     0, 2,10:25:39,10:25:40,     1, 41.20, 44.20, -3.00
  12706707,     0, 8,10:26:31,10:26:32,     1, 41.10, 41.10,  0.00
  12200083,  5137, 2,10:25:58,10:27:05,    67, 44.20, 33.10, 11.10
         0,     0, 2,10:27:13,10:27:23,    10, 33.10, 44.20,-11.10
  12706707,     0, 8,10:27:25,10:27:26,     1, 35.20, 35.20,  0.00
         0,     0, 8,10:27:34,10:27:40,     6, 35.20, 41.30, -6.10
  12448408,  6021, 2,10:27:33,10:27:40,     7, 44.20, 44.20,  0.00
         0,     0, 8,10:28:19,10:28:21,     2, 39.10, 41.40, -2.30
  13008902,     0, 9,10:25:51,10:28:31,   160, 41.50, 36.20,  5.30
         0,     0, 9,10:28:40,10:28:44,     4, 36.20, 41.60, -5.40
  11499117,  2007, 4,10:29:41,10:30:54,    73, 42.90, 28.80, 14.10
         0,     0, 4,10:31:02,10:31:16,    14, 28.80, 43.00,-14.20
  13008890,     0,10,10:31:26,10:32:00,    34, 40.60, 39.00,  1.60
  12706669,     0, 9,10:31:37,10:32:02,    25, 41.60, 40.80,  0.80
         0,     0,10,10:32:08,10:32:09,     1, 39.00, 41.20, -2.20
  12448408,  6021, 1,10:30:12,10:32:13,   121, 41.30, 19.30, 22.00
         0,     0, 1,10:32:21,10:32:42,    21, 19.30, 41.20,-21.90
  12706651,     0, 8,10:31:57,10:32:52,    55, 41.40, 40.60,  0.80
  12706651,     0, 8,10:33:24,10:33:24,     0, 38.60, 38.50,  0.10
         0,     0, 8,10:33:31,10:33:33,     2, 38.50, 41.10, -2.60
  13008782,  8023, 4,10:33:07,10:33:45,    38, 43.10, 43.10,  0.00
  12200086,  5140, 1,10:33:42,10:34:30,    48, 41.20, 37.60,  3.60
         0,     0, 1,10:34:40,10:34:43,     3, 37.60, 41.30, -3.70
  13008782,  8023, 3,10:33:49,10:34:42,    53, 46.60, 44.60,  2.00
  13008782,  8023, 3,10:35:01,10:35:03,     2, 44.70, 44.60,  0.10
  12448440,     0, 8,10:34:25,10:35:02,    37, 38.70, 36.30,  2.40
         0,     0, 8,10:35:10,10:35:15,     5, 36.30, 41.50, -5.20
  12200086,  5140, 1,10:35:22,10:35:45,    23, 41.40, 39.10,  2.30
         0,     0, 1,10:35:53,10:35:54,     1, 39.10, 41.30, -2.20
  12448440,     0, 8,10:35:26,10:35:52,    26, 39.20, 38.50,  0.70
         0,     0, 8,10:35:59,10:36:01,     2, 38.50, 41.30, -2.80
  11724205,     0, 9,10:33:15,10:36:53,   218, 40.80, 34.20,  6.60
         0,     0, 9,10:37:02,10:37:08,     6, 34.20, 41.70, -7.50
  12200086,  5140, 1,10:36:31,10:37:22,    51, 41.30, 36.20,  5.10
         0,     0, 1,10:37:30,10:37:34,     4, 36.20, 41.30, -5.10
  12706651,     0, 8,10:37:49,10:38:02,    13, 30.20, 28.70,  1.50
         0,     0, 8,10:38:10,10:38:24,    14, 28.70, 40.80,-12.10
  11953978,     0, 8,10:39:04,10:39:07,     3, 33.00, 33.00,  0.00
         0,     0, 8,10:39:16,10:39:24,     8, 33.00, 41.40, -8.40
  12199959,     0, 8,10:40:48,10:41:04,    16, 41.50, 41.30,  0.20
  12706599,  7008, 3,10:43:13,10:43:39,    26, 44.70, 43.20,  1.50
         0,     0, 3,10:43:47,10:43:49,     2, 43.20, 46.80, -3.60
  12706669,     0, 9,10:43:51,10:44:51,    60, 41.60, 33.60,  8.00
         0,     0, 9,10:45:00,10:45:06,     6, 33.60, 41.60, -8.00
  12706669,     0, 9,10:45:21,10:45:30,     9, 41.60, 40.10,  1.50
  13008782,  8023, 4,10:44:06,10:45:30,    84, 43.00, 35.30,  7.70
         0,     0, 4,10:45:38,10:45:45,     7, 35.30, 42.90, -7.60
  12706618,  7027, 1,10:45:30,10:45:47,    17, 41.30, 41.30,  0.00
  12706618,  7027, 1,10:45:57,10:46:43,    46, 41.30, 38.90,  2.40
         0,     0, 1,10:46:51,10:46:52,     1, 38.90, 41.30, -2.40
  21291913,  7169, 2,10:45:21,10:47:26,   125, 44.20, 43.40,  0.80
  12706624,  7033, 3,10:47:57,10:48:34,    37, 46.70, 45.90,  0.80
  12706642,  7051, 1,10:47:48,10:48:37,    49, 41.30, 37.80,  3.50
         0,     0, 1,10:48:46,10:48:48,     2, 37.80, 41.30, -3.50
  13008896,     0,10,10:48:54,10:48:56,     2, 41.10, 41.00,  0.10
  13008896,     0,10,10:49:28,10:49:31,     3, 39.50, 39.50,  0.00
         0,     0,10,10:49:39,10:49:40,     1, 39.50, 40.70, -1.20
  11724167,  3067, 1,10:48:58,10:50:19,    81, 41.50, 15.90, 25.60
  12706624,  7033, 4,10:49:03,10:50:36,    93, 42.90, 29.80, 13.10
  13008896,     0,10,10:50:35,10:50:36,     1, 29.30, 29.30,  0.00
  12448420,  6033, 3,10:48:44,10:50:49,   125, 46.00, 38.80,  7.20
         0,     0, 1,10:50:28,10:50:54,    26, 15.90, 41.20,-25.30
         0,     0, 4,10:50:44,10:50:57,    13, 29.80, 42.80,-13.00
         0,     0,10,10:50:45,10:50:58,    13, 29.30, 41.10,-11.80
         0,     0, 3,10:50:57,10:51:02,     5, 38.80, 46.50, -7.70
  21291913,  7169, 2,10:47:36,10:51:04,   208, 43.40, 40.90,  2.50
         0,     0, 2,10:51:12,10:51:14,     2, 40.90, 44.20, -3.30
  12706655,     0, 8,10:51:36,10:51:44,     8, 41.30, 41.30,  0.00
  12706655,     0, 8,10:51:59,10:52:00,     1, 41.30, 41.30,  0.00
  12448518,  6131, 4,10:52:05,10:52:17,    12, 43.00, 41.20,  1.80
         0,     0, 4,10:52:25,10:52:26,     1, 41.20, 42.70, -1.50
  21291913,  7169, 2,10:51:29,10:53:17,   108, 44.20, 43.80,  0.40
  12448518,  6131, 3,10:52:22,10:53:24,    62, 46.50, 27.50, 19.00
         0,     0, 3,10:53:32,10:53:47,    15, 27.50, 46.40,-18.90
  12706614,  7023, 4,10:52:37,10:54:38,   121, 43.00, 25.80, 17.20
         0,     0, 4,10:54:46,10:55:02,    16, 25.80, 42.90,-17.10
  12200029,     0, 9,10:55:37,10:56:41,    64, 40.10, 34.90,  5.20
         0,     0, 9,10:56:50,10:56:55,     5, 34.90, 41.70, -6.80
  12448482,     0, 8,10:56:41,10:56:58,    17, 41.30, 41.20,  0.10
  12448482,     0, 8,10:57:18,10:57:23,     5, 41.10, 41.10,  0.00
  12448518,  6131, 4,10:58:02,10:58:08,     6, 42.90, 43.40, -0.50
  11954016,     0,10,10:57:08,10:58:22,    74, 41.10, 39.50,  1.60
         0,     0,10,10:58:30,10:58:31,     1, 39.50, 41.20, -1.70
  12200029,     0, 9,10:57:55,10:58:43,    48, 34.10, 33.40,  0.70
         0,     0, 9,10:58:51,10:58:58,     7, 33.40, 41.70, -8.30
  11954016,     0,10,10:59:01,10:59:12,    11, 41.20, 40.90,  0.30
  12706618,  7027, 2,10:59:14,10:59:39,    25, 43.80, 40.80,  3.00
         0,     0, 2,10:59:48,10:59:50,     2, 40.80, 44.40, -3.60
  12706618,  7027, 2,11:00:08,11:00:40,    32, 44.40, 37.80,  6.60
         0,     0, 2,11:00:48,11:00:53,     5, 37.80, 44.30, -6.50
  11954016,     0, 9,11:00:03,11:01:11,    68, 41.70, 38.40,  3.30
  12706642,  7051, 1,11:00:05,11:01:17,    72, 41.30, 38.90,  2.40
         0,     0, 9,11:01:20,11:01:22,     2, 38.40, 41.70, -3.30
  12448451,     0, 8,11:01:11,11:01:21,    10, 41.10, 41.10,  0.00
         0,     0, 1,11:01:25,11:01:26,     1, 38.90, 41.30, -2.40
  11954005,     0,10,11:01:45,11:02:03,    18, 41.00, 40.70,  0.30
  11499117,  2007, 3,11:01:14,11:02:06,    52, 46.40, 36.50,  9.90
         0,     0, 3,11:02:14,11:02:21,     7, 36.50, 36.40,  0.10
  12448482,     0, 8,11:02:07,11:02:57,    50, 41.00, 40.40,  0.60
  11724172,     0, 8,11:03:16,11:03:17,     1, 39.40, 39.40,  0.00
         0,     0, 8,11:03:25,11:03:26,     1, 39.40, 41.30, -1.90
  12448451,     0, 8,11:03:44,11:03:45,     1, 41.30, 41.30,  0.00
  21268732,  6126, 2,11:03:48,11:03:55,     7, 44.30, 44.30,  0.00
  12448434,  6047, 3,11:03:56,11:04:04,     8, 46.40, 46.20,  0.20
  12448482,     0, 8,11:04:43,11:05:23,    40, 35.30, 31.20,  4.10
  12706642,  7051, 2,11:04:05,11:05:34,    89, 44.30, 38.10,  6.20
         0,     0, 8,11:05:32,11:05:43,    11, 31.20, 41.40,-10.20
         0,     0, 2,11:05:43,11:05:48,     5, 38.10, 44.30, -6.20
  12448434,  6047, 4,11:04:07,11:06:01,   114, 43.20, 29.00, 14.20
         0,     0, 4,11:06:09,11:06:22,    13, 29.00, 42.90,-13.90
  21268732,  6126, 1,11:03:59,11:07:31,   212, 41.30, 28.20, 13.10
         0,     0, 1,11:07:40,11:07:52,    12, 28.20, 41.40,-13.20
  12706613,  7022, 3,11:07:31,11:08:11,    40, 46.20, 44.70,  1.50
  21268732,  6126, 2,11:07:40,11:08:20,    40, 44.30, 43.40,  0.90
  12706613,  7022, 3,11:08:47,11:09:07,    20, 44.80, 42.10,  2.70
  12448482,     0, 8,11:07:43,11:09:10,    87, 41.30, 38.40,  2.90
         0,     0, 3,11:09:15,11:09:18,     3, 42.10, 46.50, -4.40
         0,     0, 8,11:09:18,11:09:20,     2, 38.40, 41.40, -3.00
  12706613,  7022, 3,11:09:29,11:10:25,    56, 46.70, 40.20,  6.50
         0,     0, 3,11:10:32,11:10:36,     4, 40.20, 40.20,  0.00
  12706634,  7043, 4,11:10:00,11:10:41,    41, 43.00, 43.30, -0.30
  11954008,  4038, 2,11:09:29,11:10:50,    81, 43.40, 38.20,  5.20
         0,     0, 2,11:10:59,11:11:03,     4, 38.20, 44.30, -6.10
  12448392,  6005, 1,11:08:22,11:11:37,   195, 41.40, 33.10,  8.30
  13008885,     0, 9,11:11:18,11:11:38,    20, 41.70, 41.30,  0.40
         0,     0, 1,11:11:45,11:11:52,     7, 33.10, 41.20, -8.10
  11954008,  4038, 2,11:11:13,11:12:02,    49, 44.30, 31.50, 12.80
         0,     0, 2,11:12:10,11:12:21,    11, 31.50, 44.30,-12.80
  13008885,     0, 9,11:11:48,11:12:38,    50, 41.30, 32.30,  9.00
         0,     0, 9,11:12:46,11:12:54,     8, 32.30, 32.30,  0.00
  12200083,  5137, 2,11:12:31,11:12:56,    25, 44.30, 41.50,  2.80
         0,     0, 2,11:13:05,11:13:06,     1, 41.50, 44.20, -2.70
  12706634,  7043, 3,11:11:52,11:13:33,   101, 46.50, 29.20, 17.30
         0,     0, 3,11:13:41,11:13:54,    13, 29.20, 29.10,  0.10
  21291913,  7169, 2,11:14:19,11:14:38,    19, 44.20, 44.20,  0.00
  12200091,  5145, 3,11:14:42,11:15:06,    24, 46.40, 46.10,  0.30
  12200091,  5145, 3,11:15:17,11:15:18,     1, 46.10, 45.90,  0.20
  12448448,     0,10,11:07:40,11:15:44,   484, 40.70, 27.50, 13.20
         0,     0,10,11:15:52,11:16:06,    14, 27.50, 41.30,-13.80
  12200091,  5145, 3,11:15:33,11:16:42,    69, 46.00, 31.40, 14.60
         0,     0, 3,11:16:49,11:17:01,    12, 31.40, 31.40,  0.00
  12706727,     0, 8,11:16:57,11:17:10,    13, 41.50, 41.40,  0.10
  12706727,     0, 8,11:17:27,11:17:39,    12, 41.40, 41.40,  0.00
  12448448,     0,10,11:16:51,11:18:04,    73, 41.20, 41.20,  0.00
  12706598,  7007, 5,11:16:50,11:18:10,    80, 40.70, 35.40,  5.30
         0,     0, 5,11:18:18,11:18:23,     5, 35.40, 40.80, -5.40
  12706642,  7051, 1,11:18:53,11:19:26,    33, 41.30, 41.30,  0.00
  12448440,     0, 8,11:18:12,11:19:32,    80, 41.40, 32.30,  9.10
  21291913,  7169, 2,11:15:15,11:19:43,   268, 44.20, 44.20,  0.00
         0,     0, 8,11:19:41,11:19:50,     9, 32.30, 41.30, -9.00
  21291913,  7169, 2,11:19:52,11:20:42,    50, 44.10, 44.10,  0.00
  12706727,     0, 8,11:20:27,11:20:52,    25, 41.30, 41.20,  0.10
  12706727,     0, 8,11:21:04,11:21:31,    27, 41.20, 40.30,  0.90
  12706727,     0, 8,11:22:32,11:22:43,    11, 31.40, 31.40,  0.00
         0,     0, 8,11:22:52,11:23:02,    10, 31.40, 41.40,-10.00
  12706613,  7022, 5,11:23:01,11:23:16,    15, 40.90, 39.90,  1.00
         0,     0, 5,11:23:24,11:23:24,     0, 39.90, 40.60, -0.70
  12448448,     0,10,11:23:55,11:24:33,    38, 41.20, 41.20,  0.00
  12706683,     0,10,11:24:44,11:24:51,     7, 41.10, 41.10,  0.00
  12706683,     0,10,11:25:01,11:25:40,    39, 41.20, 41.00,  0.20
  12706683,     0,10,11:25:50,11:26:10,    20, 41.10, 41.00,  0.10
  12448392,  6005, 3,11:24:20,11:26:43,   143, 46.30, 31.40, 14.90
         0,     0, 3,11:26:51,11:27:03,    12, 31.40, 31.20,  0.20
  12200029,     0,10,11:26:37,11:27:14,    37, 41.00, 39.70,  1.30
         0,     0,10,11:27:23,11:27:24,     1, 39.70, 41.20, -1.50
  12448496,     0, 8,11:27:41,11:28:01,    20, 41.50, 41.40,  0.10
  12706737,  7146, 5,11:27:33,11:28:16,    43, 40.70, 32.60,  8.10
  12448496,     0, 8,11:28:24,11:28:27,     3, 41.30, 41.40, -0.10
         0,     0, 5,11:28:23,11:28:31,     8, 32.60, 40.80, -8.20
  12200029,     0,10,11:28:21,11:28:39,    18, 41.20, 38.70,  2.50
  12448496,     0, 8,11:28:38,11:28:41,     3, 41.30, 41.20,  0.10
         0,     0,10,11:28:48,11:28:50,     2, 38.70, 41.30, -2.60
  12448408,  6021, 4,11:28:33,11:29:28,    55, 43.30, 28.90, 14.40
         0,     0, 4,11:29:35,11:29:49,    14, 28.90, 43.00,-14.10
  12706628,  7037, 4,11:29:59,11:30:10,    11, 43.00, 43.40, -0.40
  11954016,     0, 9,11:26:22,11:30:30,   248, 41.60, 38.30,  3.30
  12200029,     0,10,11:30:10,11:30:35,    25, 41.30, 36.80,  4.50
         0,     0, 9,11:30:39,11:30:41,     2, 38.30, 41.60, -3.30
         0,     0,10,11:30:43,11:30:47,     4, 36.80, 41.20, -4.40
  12448496,     0, 8,11:29:33,11:31:01,    88, 41.20, 35.10,  6.10
         0,     0, 8,11:31:09,11:31:15,     6, 35.10, 41.30, -6.20
  12448496,     0, 8,11:31:36,11:32:16,    40, 39.20, 29.20, 10.00
         0,     0, 8,11:32:24,11:32:37,    13, 29.20, 41.30,-12.10
  12200044,     0, 9,11:32:37,11:33:34,    57, 41.60, 29.60, 12.00
         0,     0, 9,11:33:42,11:33:52,    10, 29.60, 41.70,-12.10
  12706601,  7010, 4,11:32:34,11:34:07,    93, 43.50, 32.40, 11.10
         0,     0, 4,11:34:16,11:34:26,    10, 32.40, 43.00,-10.60
  12200044,     0,10,11:35:27,11:35:42,    15, 41.20, 41.20,  0.00
  21268732,  6126, 1,11:31:33,11:36:44,   311, 41.30, 33.80,  7.50
  13008774,  8015, 5,11:36:21,11:36:54,    33, 40.80, 39.10,  1.70
         0,     0, 1,11:36:52,11:36:59,     7, 33.80, 41.20, -7.40
         0,     0, 5,11:37:01,11:37:02,     1, 39.10, 40.90, -1.80
  21291913,  7169, 2,11:21:08,11:37:15,   967, 44.10, 44.20, -0.10
  13008774,  8015, 5,11:37:20,11:37:41,    21, 40.90, 38.60,  2.30
         0,     0, 5,11:37:49,11:37:51,     2, 38.60, 40.80, -2.20
  12706727,     0, 8,11:37:15,11:38:14,    59, 41.40, 33.80,  7.60
         0,     0, 8,11:38:22,11:38:29,     7, 33.80, 41.30, -7.50
  12200044,     0, 9,11:38:03,11:38:44,    41, 41.60, 38.40,  3.20
         0,     0, 9,11:38:52,11:38:54,     2, 38.40, 41.70, -3.30
  12200044,     0, 9,11:39:17,11:39:30,    13, 41.70, 39.10,  2.60
         0,     0, 9,11:39:38,11:39:39,     1, 39.10, 41.80, -2.70
  12706618,  7027, 3,11:39:13,11:39:42,    29, 46.30, 43.70,  2.60
         0,     0, 3,11:39:50,11:39:51,     1, 43.70, 46.60, -2.90
  12706642,  7051, 2,11:39:56,11:40:28,    32, 44.20, 43.70,  0.50
  12706628,  7037, 3,11:41:36,11:42:14,    38, 46.70, 46.20,  0.50
  12706692,     0, 9,11:41:18,11:43:06,   108, 41.70, 35.60,  6.10
  12706628,  7037, 3,11:42:39,11:43:16,    37, 46.30, 42.40,  3.90
         0,     0, 9,11:43:14,11:43:19,     5, 35.60, 41.70, -6.10
         0,     0, 3,11:43:24,11:43:26,     2, 42.40, 46.60, -4.20
  12448518,  6131, 1,11:43:30,11:43:57,    27, 41.30, 41.30,  0.00
  11954008,  4038, 4,11:43:11,11:44:03,    52, 43.00, 30.10, 12.90
  12706692,     0, 9,11:43:30,11:44:03,    33, 41.70, 36.40,  5.30
  12706613,  7022, 3,11:43:36,11:44:06,    30, 46.80, 43.20,  3.60
         0,     0, 9,11:44:11,11:44:15,     4, 36.40, 41.50, -5.10
         0,     0, 3,11:44:14,11:44:16,     2, 43.20, 46.40, -3.20
         0,     0, 4,11:44:10,11:44:23,    13, 30.10, 43.00,-12.90
  12706669,     0, 9,11:44:26,11:45:40,    74, 41.50, 30.00, 11.50
  12706613,  7022, 3,11:44:47,11:45:50,    63, 46.50, 39.90,  6.60
         0,     0, 9,11:45:47,11:45:57,    10, 30.00, 30.00,  0.00
         0,     0, 3,11:45:59,11:46:03,     4, 39.90, 39.90,  0.00
  13008738,  7159, 1,11:44:23,11:46:10,   107, 41.30, 41.30,  0.00
  12706642,  7051, 2,11:44:26,11:46:13,   107, 43.70, 38.80,  4.90
  12706683,     0,10,11:44:35,11:46:16,   101, 41.20, 30.40, 10.80
         0,     0, 2,11:46:22,11:46:26,     4, 38.80, 44.20, -5.40
         0,     0,10,11:46:25,11:46:36,    11, 30.40, 41.30,-10.90
  12706598,  7007, 5,11:46:23,11:47:02,    39, 40.90, 36.10,  4.80
         0,     0, 5,11:47:10,11:47:14,     4, 36.10, 40.80, -4.70
  12706683,     0, 9,11:46:29,11:47:13,    44, 41.60, 38.20,  3.40
         0,     0, 9,11:47:22,11:47:24,     2, 38.20, 41.70, -3.50
  12706683,     0, 9,11:47:39,11:48:08,    29, 41.70, 40.10,  1.60
  12706656,  7065, 4,11:46:21,11:48:10,   109, 43.10, 31.20, 11.90
         0,     0, 4,11:48:19,11:48:30,    11, 31.20, 42.90,-11.70
  13008885,     0, 9,11:48:36,11:48:48,    12, 40.20, 40.10,  0.10
  13008774,  8015, 4,11:49:09,11:49:16,     7, 42.90, 43.30, -0.40
  13008885,     0, 9,11:49:18,11:50:33,    75, 40.10, 37.70,  2.40
         0,     0, 9,11:50:40,11:50:43,     3, 37.70, 41.60, -3.90
  12706610,  7019, 1,11:49:58,11:51:19,    81, 41.30, 25.70, 15.60
  13008774,  8015, 3,11:49:20,11:51:26,   126, 46.50, 37.30,  9.20
         0,     0, 3,11:51:34,11:51:41,     7, 37.30, 37.20,  0.10
         0,     0, 1,11:51:27,11:51:42,    15, 25.70, 41.30,-15.60
  12706637,     0, 9,11:53:22,11:53:26,     4, 41.60, 41.60,  0.00
  12706628,  7037, 2,11:53:26,11:53:31,     5, 44.20, 44.20,  0.00
  21291913,  7169, 4,11:53:30,11:54:17,    47, 43.30, 43.30,  0.00
  12448440,     0, 8,11:53:26,11:54:22,    56, 41.40, 35.20,  6.20
         0,     0, 8,11:54:30,11:54:36,     6, 35.20, 41.30, -6.10
  12706637,     0, 9,11:53:45,11:55:38,   113, 41.40, 31.30, 10.10
         0,     0, 9,11:55:47,11:55:56,     9, 31.30, 41.70,-10.40
  12706637,     0, 9,11:56:17,11:56:18,     1, 38.20, 38.20,  0.00
         0,     0, 9,11:56:27,11:56:29,     2, 38.20, 41.60, -3.40
  21291913,  7169, 3,11:54:22,11:56:27,   125, 46.30, 42.70,  3.60
         0,     0, 3,11:56:35,11:56:37,     2, 42.70, 42.70,  0.00
  12448415,  6028, 1,11:54:21,11:57:51,   210, 41.40, 31.60,  9.80
         0,     0, 1,11:57:58,11:58:07,     9, 31.60, 41.30, -9.70
  12706601,  7010, 5,11:58:39,11:59:29,    50, 40.70, 36.90,  3.80
         0,     0, 5,11:59:37,11:59:40,     3, 36.90, 40.70, -3.80
  12706700,     0,10,11:59:29,11:59:55,    26, 41.20, 41.20,  0.00
  12706700,     0, 9,12:00:05,12:00:13,     8, 41.70, 41.60,  0.10
  12706628,  7037, 1,12:00:23,12:01:10,    47, 41.30, 41.00,  0.30
  12706692,     0, 9,12:02:28,12:02:38,    10, 41.60, 41.60,  0.00
  12706692,     0, 9,12:03:25,12:03:51,    26, 41.60, 41.60,  0.00
  21291913,  7169, 2,12:03:49,12:04:06,    17, 44.10, 44.00,  0.10
  12706628,  7037, 1,12:01:20,12:04:07,   167, 41.00, 39.30,  1.70
         0,     0, 1,12:04:16,12:04:17,     1, 39.30, 41.20, -1.90
  12706601,  7010, 4,12:02:57,12:05:03,   126, 43.30, 34.80,  8.50
         0,     0, 4,12:05:11,12:05:19,     8, 34.80, 43.00, -8.20
  21291913,  7169, 2,12:05:03,12:05:26,    23, 44.00, 44.10, -0.10
  12706692,     0, 9,12:04:11,12:05:29,    78, 41.50, 39.50,  2.00
         0,     0, 9,12:05:37,12:05:38,     1, 39.50, 41.60, -2.10
  12706700,     0, 9,12:05:57,12:05:59,     2, 41.60, 41.50,  0.10
  12706700,     0,10,12:06:20,12:06:35,    15, 41.20, 37.70,  3.50
         0,     0,10,12:06:44,12:06:47,     3, 37.70, 41.20, -3.50
  21291913,  7169, 1,12:05:31,12:07:47,   136, 41.20, 38.20,  3.00
         0,     0, 1,12:07:55,12:07:57,     2, 38.20, 41.20, -3.00
  12448415,  6028, 3,12:08:07,12:08:14,     7, 46.70, 46.40,  0.30
  12706615,  7024, 3,12:10:14,12:11:59,   105, 46.50, 30.90, 15.60
         0,     0, 3,12:12:07,12:12:19,    12, 30.90, 46.60,-15.70
  12706615,  7024, 3,12:12:47,12:12:56,     9, 46.60, 45.80,  0.80
  12706613,  7022, 1,12:12:59,12:14:06,    67, 41.20, 37.80,  3.40
         0,     0, 1,12:14:14,12:14:16,     2, 37.80, 41.30, -3.50
  13008778,  8019, 3,12:14:05,12:17:16,   191, 46.00, 37.30,  8.70
  12448521,  6134, 1,12:15:16,12:17:25,   129, 41.30, 28.50, 12.80
         0,     0, 3,12:17:25,12:17:31,     6, 37.30, 46.40, -9.10
         0,     0, 1,12:17:33,12:17:45,    12, 28.50, 41.30,-12.80
  13008885,     0, 9,12:17:16,12:18:46,    90, 41.50, 38.00,  3.50
         0,     0, 9,12:18:53,12:18:55,     2, 38.00, 41.70, -3.70
  21291913,  7169, 1,12:18:52,12:20:17,    85, 41.30, 41.40, -0.10
  13008885,     0,10,12:19:54,12:20:30,    36, 41.20, 39.60,  1.60
  12448440,     0, 8,12:19:47,12:20:30,    43, 41.40, 37.70,  3.70
         0,     0,10,12:20:38,12:20:39,     1, 39.60, 41.20, -1.60
         0,     0, 8,12:20:39,12:20:42,     3, 37.70, 41.30, -3.60
  12448516,  6129, 5,12:22:43,12:23:34,    51, 40.60, 21.20, 19.40
  12200079,  5133, 2,12:23:35,12:23:40,     5, 44.00, 44.00,  0.00
  13008890,     0,10,12:23:48,12:23:51,     3, 41.20, 41.20,  0.00
  12706705,     0, 8,12:21:26,12:23:55,   149, 41.30, 24.50, 16.80
         0,     0, 5,12:23:43,12:24:02,    19, 21.20, 40.70,-19.50
         0,     0, 8,12:24:03,12:24:21,    18, 24.50, 41.40,-16.90
  13008864,     0,10,12:24:10,12:25:08,    58, 41.20, 37.90,  3.30
         0,     0,10,12:25:17,12:25:20,     3, 37.90, 40.40, -2.50
  13008890,     0, 9,12:24:55,12:25:54,    59, 41.70, 38.90,  2.80
  13008864,     0,10,12:25:46,12:25:58,    12, 40.10, 40.10,  0.00
         0,     0, 9,12:26:02,12:26:04,     2, 38.90, 41.70, -2.80
  12448521,  6134, 3,12:25:17,12:26:24,    67, 46.40, 40.30,  6.10
         0,     0, 3,12:26:32,12:26:36,     4, 40.30, 46.40, -6.10
  11724219,     0, 8,12:28:01,12:28:11,    10, 41.50, 41.50,  0.00
  12448415,  6028, 1,12:27:46,12:28:27,    41, 41.40, 41.40,  0.00
  12706621,  7030, 3,12:28:14,12:29:25,    71, 46.50, 30.20, 16.30
         0,     0, 3,12:29:32,12:29:45,    13, 30.20, 30.10,  0.10
  11724219,     0, 8,12:28:29,12:29:49,    80, 41.40, 41.10,  0.30
  12706692,     0,10,12:30:03,12:31:06,    63, 40.10, 38.10,  2.00
  12706618,  7027, 2,12:31:01,12:31:06,     5, 44.00, 44.00,  0.00
         0,     0,10,12:31:14,12:31:16,     2, 38.10, 41.20, -3.10
  12706692,     0,10,12:31:32,12:31:51,    19, 41.20, 39.00,  2.20
         0,     0,10,12:31:59,12:32:00,     1, 39.00, 41.20, -2.20
  13008902,     0,10,12:32:41,12:32:44,     3, 41.20, 41.20,  0.00
  11724219,     0, 8,12:30:11,12:32:46,   155, 40.70, 18.70, 22.00
         0,     0, 8,12:32:55,12:33:20,    25, 18.70, 41.50,-22.80
  12706618,  7027, 1,12:32:02,12:33:26,    84, 41.40, 27.80, 13.60
         0,     0, 1,12:33:34,12:33:47,    13, 27.80, 41.30,-13.50
  21291913,  7169, 1,12:33:57,12:34:42,    45, 41.30, 41.00,  0.30
  13008890,     0,10,12:35:23,12:35:25,     2, 41.20, 41.20,  0.00
  13008902,     0, 9,12:32:48,12:35:43,   175, 41.70, 36.90,  4.80
         0,     0, 9,12:35:51,12:35:55,     4, 36.90, 41.70, -4.80
  11954005,     0, 9,12:36:34,12:36:36,     2, 40.50, 40.50,  0.00
  11954005,     0, 9,12:36:46,12:38:19,    93, 40.50, 23.60, 16.90
  21291913,  7169, 2,12:34:53,12:38:32,   219, 44.00, 38.40,  5.60
         0,     0, 9,12:38:28,12:38:44,    16, 23.60, 23.60,  0.00
         0,     0, 2,12:38:40,12:38:44,     4, 38.40, 44.30, -5.90
  11954005,     0, 9,12:38:55,12:39:14,    19, 41.70, 41.10,  0.60
  12448517,  6130, 4,12:42:16,12:42:21,     5, 43.00, 43.20, -0.20
  13008890,     0, 9,12:41:40,12:43:01,    81, 41.10, 30.30, 10.80
         0,     0, 9,12:43:10,12:43:20,    10, 30.30, 41.80,-11.50
  12706700,     0,10,12:43:38,12:43:42,     4, 41.20, 41.20,  0.00
  12706700,     0, 9,12:44:02,12:44:08,     6, 41.80, 40.50,  1.30
  12200059,     0, 9,12:46:04,12:47:11,    67, 40.50, 38.10,  2.40
         0,     0, 9,12:47:19,12:47:21,     2, 38.10, 41.60, -3.50
  12706630,  7039, 5,12:47:19,12:48:29,    70, 40.60, 30.10, 10.50
         0,     0, 5,12:48:37,12:48:47,    10, 30.10, 40.70,-10.60
  12200059,     0,10,12:49:13,12:49:22,     9, 41.20, 39.50,  1.70
         0,     0,10,12:49:31,12:49:32,     1, 39.50, 41.20, -1.70
  12199992,     0, 9,12:47:36,12:50:03,   147, 41.50, 37.20,  4.30
         0,     0, 9,12:50:10,12:50:13,     3, 37.20, 41.70, -4.50
  13008902,     0, 9,12:50:45,12:50:47,     2, 41.60, 41.70, -0.10
  12200042,     0, 8,12:49:20,12:51:39,   139, 41.60, 33.70,  7.90
         0,     0, 8,12:51:47,12:51:55,     8, 33.70, 41.40, -7.70
  12199951,  5005, 3,12:51:03,12:53:00,   117, 46.30, 38.90,  7.40
         0,     0, 3,12:53:07,12:53:12,     5, 38.90, 38.80,  0.10
  21291913,  7169, 1,12:49:58,12:53:16,   198, 41.00, 38.50,  2.50
         0,     0, 1,12:53:25,12:53:27,     2, 38.50, 41.30, -2.80
  13008902,     0, 9,12:56:03,12:56:14,    11, 41.60, 41.50,  0.10
  12199951,  5005, 4,12:55:06,12:56:45,    99, 43.00, 38.60,  4.40
         0,     0, 4,12:56:53,12:56:57,     4, 38.60, 42.90, -4.30
  12200059,     0, 9,12:56:26,12:57:31,    65, 40.90, 30.00, 10.90
         0,     0, 9,12:57:38,12:57:48,    10, 30.00, 41.60,-11.60
  12448472,     0, 8,13:00:48,13:03:40,   172, 41.50, 29.80, 11.70
         0,     0, 8,13:03:47,13:03:59,    12, 29.80, 41.40,-11.60
  12706630,  7039, 2,13:03:50,13:03:56,     6, 44.20, 44.10,  0.10
  13008896,     0,10,13:03:57,13:04:19,    22, 41.20, 40.70,  0.50
  12199992,     0, 9,13:05:22,13:06:00,    38, 39.30, 38.50,  0.80
         0,     0, 9,13:06:07,13:06:09,     2, 38.50, 41.70, -3.20
  13008896,     0,10,13:04:39,13:06:05,    86, 40.70, 31.80,  8.90
         0,     0,10,13:06:14,13:06:23,     9, 31.80, 41.30, -9.50
  12448517,  6130, 1,13:05:13,13:06:23,    70, 41.30, 38.50,  2.80
  12706609,  7018, 2,13:06:02,13:06:28,    26, 44.10, 44.10,  0.00
         0,     0, 1,13:06:30,13:06:32,     2, 38.50, 41.40, -2.90
  12448451,     0, 8,13:04:09,13:06:34,   145, 41.40, 41.00,  0.40
  12706609,  7018, 2,13:07:59,13:08:07,     8, 44.10, 44.10,  0.00
  12448517,  6130, 1,13:06:42,13:08:09,    87, 41.40, 30.40, 11.00
         0,     0, 1,13:08:18,13:08:28,    10, 30.40, 41.20,-10.80
  12448516,  6129, 2,13:08:24,13:08:48,    24, 44.10, 44.10,  0.00
  12448451,     0, 8,13:06:45,13:08:54,   129, 41.00, 16.80, 24.20
  12706609,  7018, 3,13:08:39,13:09:05,    26, 46.70, 40.80,  5.90
         0,     0, 3,13:09:14,13:09:18,     4, 40.80, 46.70, -5.90
         0,     0, 8,13:09:03,13:09:30,    27, 16.80, 41.50,-24.70
  12706609,  7018, 4,13:10:25,13:11:55,    90, 43.00, 35.30,  7.70
         0,     0, 4,13:12:03,13:12:10,     7, 35.30, 42.90, -7.60
  12448428,     0,10,13:12:56,13:12:59,     3, 41.30, 41.30,  0.00
  12706630,  7039, 1,13:12:58,13:14:04,    66, 41.30, 33.20,  8.10
         0,     0, 1,13:14:11,13:14:18,     7, 33.20, 41.20, -8.00
  13008902,     0, 9,13:15:35,13:16:08,    33, 41.60, 40.90,  0.70
  13008902,     0, 9,13:16:21,13:16:28,     7, 41.00, 40.40,  0.60
  12200059,     0, 9,13:17:12,13:17:54,    42, 40.40, 39.60,  0.80
         0,     0, 9,13:18:01,13:18:02,     1, 39.60, 41.50, -1.90
  12200059,     0, 9,13:18:15,13:19:02,    47, 41.50, 37.80,  3.70
         0,     0, 9,13:19:10,13:19:13,     3, 37.80, 41.60, -3.80
  12200059,     0, 9,13:19:25,13:19:36,    11, 41.50, 39.90,  1.60
         0,     0, 9,13:19:43,13:19:43,     0, 39.90, 41.40, -1.50
  12200059,     0,10,13:20:29,13:20:43,    14, 41.30, 41.20,  0.10
  12200042,     0, 8,13:19:54,13:21:22,    88, 41.60, 36.10,  5.50
         0,     0, 8,13:21:29,13:21:34,     5, 36.10, 41.40, -5.30
  13008774,  8015, 1,13:19:21,13:21:54,   153, 41.30, 29.90, 11.40
         0,     0, 1,13:22:02,13:22:13,    11, 29.90, 41.30,-11.40
  12706700,     0, 9,13:22:20,13:22:26,     6, 41.40, 41.30,  0.10
  12706700,     0, 9,13:22:43,13:23:00,    17, 41.30, 36.50,  4.80
         0,     0, 9,13:23:08,13:23:14,     6, 36.50, 40.70, -4.20
  12200085,  5139, 2,13:25:28,13:25:47,    19, 44.00, 44.10, -0.10
  12200085,  5139, 1,13:25:56,13:27:29,    93, 41.30, 28.00, 13.30
         0,     0, 1,13:27:37,13:27:50,    13, 28.00, 41.20,-13.20
  12199992,     0, 9,13:28:24,13:29:26,    62, 30.50, 28.40,  2.10
  12200085,  5139, 1,13:28:43,13:29:35,    52, 41.20, 32.60,  8.60
         0,     0, 9,13:29:34,13:29:46,    12, 28.40, 41.50,-13.10
         0,     0, 1,13:29:43,13:29:51,     8, 32.60, 41.30, -8.70
  12199992,     0, 9,13:30:06,13:31:26,    80, 41.10, 38.90,  2.20
         0,     0, 9,13:31:34,13:31:36,     2, 38.90, 41.70, -2.80
  12199992,     0,10,13:32:31,13:32:57,    26, 41.20, 40.30,  0.90
  12200083,  5137, 5,13:36:39,13:37:18,    39, 40.60, 29.90, 10.70
         0,     0, 5,13:37:25,13:37:35,    10, 29.90, 40.70,-10.80
  12200083,  5137, 5,13:38:06,13:38:28,    22, 40.70, 37.20,  3.50
         0,     0, 5,13:38:36,13:38:39,     3, 37.20, 40.90, -3.70
  12706628,  7037, 3,13:36:59,13:38:52,   113, 46.70, 43.90,  2.80
         0,     0, 3,13:38:59,13:39:00,     1, 43.90, 46.40, -2.50
  12706628,  7037, 3,13:39:30,13:39:43,    13, 46.50, 46.50,  0.00
  13008896,     0,10,13:40:26,13:40:34,     8, 40.20, 40.20,  0.00
  12706620,  7029, 1,13:39:31,13:40:38,    67, 41.30, 33.60,  7.70
  13008738,  7159, 2,13:40:31,13:40:43,    12, 44.00, 44.10, -0.10
  12706628,  7037, 4,13:39:48,13:40:44,    56, 42.80, 42.80,  0.00
         0,     0, 1,13:40:47,13:40:54,     7, 33.60, 41.30, -7.70
  12200042,     0, 8,13:39:10,13:41:18,   128, 41.50, 32.30,  9.20
         0,     0, 8,13:41:25,13:41:34,     9, 32.30, 41.30, -9.00
  13008896,     0,10,13:40:54,13:41:38,    44, 40.20, 39.40,  0.80
         0,     0,10,13:41:45,13:41:46,     1, 39.40, 41.20, -1.80
  12706628,  7037, 3,13:41:40,13:42:16,    36, 47.00, 44.60,  2.40
  12199951,  5005, 3,13:42:30,13:42:37,     7, 44.60, 44.60,  0.00
  11954016,     0, 9,13:42:37,13:43:24,    47, 41.70, 33.60,  8.10
         0,     0, 9,13:43:31,13:43:38,     7, 33.60, 41.70, -8.10
  12706620,  7029, 2,13:42:41,13:43:55,    74, 44.00, 37.90,  6.10
  12199951,  5005, 4,13:43:00,13:44:01,    61, 42.80, 42.80,  0.00
         0,     0, 2,13:44:03,13:44:08,     5, 37.90, 44.30, -6.40
  13008738,  7159, 1,13:41:05,13:44:24,   199, 41.30, 14.40, 26.90
  11954016,     0, 9,13:44:05,13:44:28,    23, 41.70, 38.50,  3.20
         0,     0, 9,13:44:35,13:44:37,     2, 38.50, 41.60, -3.10
         0,     0, 1,13:44:31,13:44:57,    26, 14.40, 41.30,-26.90
  12706628,  7037, 3,13:44:04,13:44:57,    53, 44.90, 42.60,  2.30
         0,     0, 3,13:45:04,13:45:06,     2, 42.60, 46.60, -4.00
  12199951,  5005, 4,13:45:38,13:46:12,    34, 42.70, 42.70,  0.00
  11954016,     0, 9,13:46:08,13:46:13,     5, 41.60, 41.60,  0.00
  12199951,  5005, 4,13:46:31,13:47:15,    44, 42.80, 42.20,  0.60
  12448517,  6130, 1,13:47:45,13:48:12,    27, 41.30, 41.30,  0.00
  11954016,     0,10,13:46:52,13:48:23,    91, 40.80, 32.90,  7.90
         0,     0,10,13:48:32,13:48:40,     8, 32.90, 41.30, -8.40
  12706628,  7037, 3,13:45:40,13:49:49,   249, 46.40, 41.90,  4.50
  12448472,     0, 8,13:48:57,13:49:54,    57, 41.40, 39.70,  1.70
         0,     0, 3,13:49:56,13:49:59,     3, 41.90, 41.90,  0.00
         0,     0, 8,13:50:01,13:50:02,     1, 39.70, 40.90, -1.20
  12448472,     0, 8,13:50:19,13:50:59,    40, 39.10, 31.20,  7.90
         0,     0, 8,13:51:06,13:51:16,    10, 31.20, 41.40,-10.20
  12199951,  5005, 4,13:47:26,13:53:50,   384, 42.30, 33.40,  8.90
         0,     0, 4,13:53:57,13:54:06,     9, 33.40, 42.90, -9.50
  12199959,     0, 8,13:52:48,13:54:40,   112, 41.40, 39.10,  2.30
         0,     0, 8,13:54:47,13:54:48,     1, 39.10, 41.40, -2.30
  12200083,  5137, 4,13:54:57,13:55:25,    28, 42.90, 39.30,  3.60
         0,     0, 4,13:55:33,13:55:36,     3, 39.30, 42.90, -3.60
  12706620,  7029, 5,13:56:36,13:56:48,    12, 40.80, 40.80,  0.00
  12706656,  7065, 2,13:54:41,13:57:29,   168, 44.20, 33.30, 10.90
  12448434,  6047, 1,13:57:16,13:57:32,    16, 41.30, 39.30,  2.00
         0,     0, 1,13:57:41,13:57:42,     1, 39.30, 41.40, -2.10
         0,     0, 2,13:57:37,13:57:47,    10, 33.30, 44.20,-10.90
  12200083,  5137, 3,13:57:28,13:58:04,    36, 46.60, 43.90,  2.70
         0,     0, 3,13:58:12,13:58:13,     1, 43.90, 46.50, -2.60
  12448434,  6047, 2,13:58:27,13:58:31,     4, 44.20, 44.20,  0.00
  12706656,  7065, 1,13:58:51,13:59:38,    47, 41.30, 39.20,  2.10
         0,     0, 1,13:59:45,13:59:46,     1, 39.20, 41.20, -2.00
  12448434,  6047, 2,13:59:23,13:59:51,    28, 44.20, 44.20,  0.00
  12448391,  6004, 4,13:56:35,14:00:36,   241, 43.10, 36.80,  6.30
         0,     0, 4,14:00:44,14:00:50,     6, 36.80, 42.90, -6.10
  12706656,  7065, 1,14:00:21,14:02:10,   109, 41.20, 38.90,  2.30
         0,     0, 1,14:02:17,14:02:18,     1, 38.90, 41.20, -2.30
  12706683,     0,10,14:03:34,14:04:08,    34, 41.30, 41.10,  0.20
  12706683,     0,10,14:04:18,14:04:35,    17, 41.10, 41.10,  0.00
  12448434,  6047, 2,14:02:27,14:05:35,   188, 44.20, 33.20, 11.00
  12448415,  6028, 1,14:02:37,14:05:37,   180, 41.20, 25.60, 15.60
         0,     0, 2,14:05:45,14:05:56,    11, 33.20, 44.20,-11.00
         0,     0, 1,14:05:46,14:06:02,    16, 25.60, 41.30,-15.70
  11953971,  4001, 2,14:06:11,14:06:19,     8, 44.20, 44.20,  0.00
  12706683,     0,10,14:04:46,14:07:33,   167, 41.00, 31.30,  9.70
         0,     0,10,14:07:42,14:07:52,    10, 31.30, 41.30,-10.00
  11953971,  4001, 1,14:08:45,14:09:48,    63, 41.40, 40.90,  0.50
  12199959,     0, 8,14:08:40,14:11:17,   157, 41.20, 33.70,  7.50
         0,     0, 8,14:11:25,14:11:33,     8, 33.70, 41.30, -7.60
  12200044,     0,10,14:12:15,14:12:57,    42, 41.20, 39.70,  1.50
         0,     0,10,14:13:05,14:13:06,     1, 39.70, 41.10, -1.40
  11953971,  4001, 3,14:12:26,14:13:26,    60, 46.50, 25.20, 21.30
         0,     0, 3,14:13:35,14:13:52,    17, 25.20, 25.10,  0.10
  12200044,     0,10,14:13:26,14:14:07,    41, 37.80, 29.50,  8.30
         0,     0,10,14:14:16,14:14:28,    12, 29.50, 41.30,-11.80
  12706707,     0, 8,14:25:17,14:25:18,     1, 41.20, 41.20,  0.00
  12706707,     0, 8,14:25:45,14:26:04,    19, 39.30, 36.00,  3.30
         0,     0, 8,14:26:12,14:26:17,     5, 36.00, 41.40, -5.40
  12448398,  6011, 2,14:25:43,14:26:20,    37, 44.20, 43.90,  0.30
  12448398,  6011, 2,14:26:34,14:27:27,    53, 43.90, 43.70,  0.20
  12706651,     0, 8,14:27:56,14:27:57,     1, 41.40, 41.40,  0.00
  12448398,  6011, 2,14:27:45,14:28:13,    28, 43.70, 43.70,  0.00
  12448518,  6131, 4,14:27:02,14:28:46,   104, 43.00, 25.10, 17.90
         0,     0, 4,14:28:54,14:29:11,    17, 25.10, 43.00,-17.90
  13008774,  8015, 3,14:30:12,14:30:47,    35, 46.40, 45.80,  0.60
  12448398,  6011, 5,14:29:51,14:31:14,    83, 40.70, 26.30, 14.40
  13008774,  8015, 4,14:31:02,14:31:30,    28, 43.20, 43.40, -0.20
         0,     0, 5,14:31:21,14:31:35,    14, 26.30, 40.80,-14.50
  11724205,     0,10,14:26:10,14:31:55,   345, 41.20, 24.90, 16.30
         0,     0,10,14:32:04,14:32:21,    17, 24.90, 41.20,-16.30
  12706651,     0, 8,14:32:35,14:32:46,    11, 41.40, 41.40,  0.00
  13008774,  8015, 4,14:31:57,14:34:09,   132, 43.40, 36.90,  6.50
         0,     0, 4,14:34:17,14:34:22,     5, 36.90, 37.00, -0.10
  12706651,     0, 8,14:33:03,14:34:52,   109, 41.40, 32.40,  9.00
         0,     0, 8,14:35:01,14:35:10,     9, 32.40, 41.40, -9.00
  21268732,  6126, 5,14:35:10,14:37:48,   158, 40.70, 31.50,  9.20
         0,     0, 5,14:37:55,14:38:04,     9, 31.50, 40.80, -9.30
  12706598,  7007, 4,14:35:33,14:38:37,   184, 43.00, 24.70, 18.30
         0,     0, 4,14:38:45,14:39:02,    17, 24.70, 42.80,-18.10
  12448398,  6011, 4,14:39:12,14:39:17,     5, 42.80, 43.30, -0.50
  12706598,  7007, 3,14:38:44,14:39:20,    36, 46.00, 42.50,  3.50
         0,     0, 3,14:39:29,14:39:31,     2, 42.50, 46.60, -4.10
  12200044,     0, 9,14:39:40,14:40:36,    56, 41.70, 37.40,  4.30
  11499231,     0, 8,14:36:45,14:40:39,   234, 41.40, 14.90, 26.50
         0,     0, 9,14:40:44,14:40:47,     3, 37.40, 41.60, -4.20
  21268732,  6126, 5,14:38:49,14:40:47,   118, 40.80, 35.50,  5.30
         0,     0, 5,14:40:54,14:40:59,     5, 35.50, 40.80, -5.30
         0,     0, 8,14:40:48,14:41:17,    29, 14.90, 41.30,-26.40
  12706655,     0, 8,14:43:05,14:44:28,    83, 41.40, 23.30, 18.10
         0,     0, 8,14:44:37,14:44:56,    19, 23.30, 41.40,-18.10
  12706601,  7010, 1,14:44:51,14:45:16,    25, 40.90, 40.90,  0.00
  12706601,  7010, 2,14:45:23,14:45:29,     6, 43.50, 43.50,  0.00
  12448451,     0, 8,14:45:06,14:45:40,    34, 41.40, 41.30,  0.10
  12448451,     0, 8,14:45:54,14:46:15,    21, 41.30, 41.20,  0.10
  12200091,  5145, 4,14:45:33,14:46:25,    52, 43.50, 34.20,  9.30
         0,     0, 4,14:46:33,14:46:41,     8, 34.20, 42.90, -8.70
  12448496,     0, 8,14:46:45,14:46:57,    12, 41.30, 41.30,  0.00
  12448451,     0, 8,14:47:46,14:47:50,     4, 41.20, 41.20,  0.00
  12200091,  5145, 4,14:46:51,14:47:52,    61, 43.00, 36.10,  6.90
         0,     0, 4,14:48:01,14:48:07,     6, 36.10, 43.00, -6.90
  13008778,  8019, 3,14:45:53,14:48:25,   152, 46.70, 39.50,  7.20
         0,     0, 3,14:48:33,14:48:37,     4, 39.50, 39.50,  0.00
  13008778,  8019, 4,14:49:53,14:50:03,    10, 43.00, 43.10, -0.10
  12448496,     0, 8,14:48:03,14:51:02,   179, 41.20, 23.40, 17.80
         0,     0, 8,14:51:11,14:51:30,    19, 23.40, 41.40,-18.00
  12199959,     0, 8,14:52:48,14:53:06,    18, 41.50, 41.30,  0.20
  12448392,  6005, 4,14:51:49,14:53:47,   118, 43.10, 23.70, 19.40
         0,     0, 4,14:53:55,14:54:14,    19, 23.70, 43.00,-19.30
  12448392,  6005, 3,14:54:28,14:55:22,    54, 46.50, 39.60,  6.90
         0,     0, 3,14:55:31,14:55:36,     5, 39.60, 39.50,  0.10
  13008778,  8019, 4,14:55:21,14:56:14,    53, 43.10, 43.60, -0.50
  12199959,     0, 8,14:53:27,14:57:15,   228, 41.00, 37.20,  3.80
         0,     0, 8,14:57:24,14:57:28,     4, 37.20, 41.40, -4.20
  12448451,     0, 8,14:59:51,14:59:54,     3, 41.40, 41.40,  0.00
  12448451,     0, 8,15:00:05,15:00:52,    47, 41.40, 41.30,  0.10
  12448451,     0, 8,15:01:02,15:01:09,     7, 41.20, 41.30, -0.10
  12448451,     0, 8,15:01:29,15:01:43,    14, 40.00, 38.20,  1.80
         0,     0, 8,15:01:52,15:01:55,     3, 38.20, 41.50, -3.30
  12200029,     0,10,15:00:44,15:02:02,    78, 41.20, 32.10,  9.10
         0,     0,10,15:02:09,15:02:18,     9, 32.10, 41.20, -9.10
  12448451,     0, 8,15:02:05,15:02:51,    46, 41.50, 28.30, 13.20
         0,     0, 8,15:03:00,15:03:14,    14, 28.30, 41.30,-13.00
  12200029,     0, 9,15:02:37,15:03:26,    49, 41.70, 36.80,  4.90
         0,     0, 9,15:03:35,15:03:39,     4, 36.80, 41.70, -4.90
  11724205,     0,10,15:03:55,15:04:21,    26, 41.30, 41.30,  0.00
  12706707,     0, 8,15:03:43,15:04:42,    59, 41.40, 35.50,  5.90
         0,     0, 8,15:04:50,15:04:56,     6, 35.50, 41.40, -5.90
  11724205,     0, 9,15:04:25,15:06:11,   106, 41.70, 41.60,  0.10
  13008890,     0,10,15:06:50,15:07:16,    26, 41.30, 41.20,  0.10
  13008890,     0, 9,15:11:21,15:11:40,    19, 41.60, 41.50,  0.10
  13008890,     0, 9,15:12:15,15:12:21,     6, 40.20, 40.20,  0.00
  13008890,     0, 9,15:12:33,15:13:10,    37, 40.20, 38.00,  2.20
         0,     0, 9,15:13:17,15:13:20,     3, 38.00, 41.80, -3.80
  11724172,     0, 8,15:14:10,15:14:26,    16, 25.60, 25.50,  0.10
         0,     0, 8,15:14:34,15:14:50,    16, 25.50, 40.60,-15.10
