         0,     0, 1, 0:03:19, 0:03:29,    10, 41.20, 41.20,  0.00
         0,     0, 2, 0:03:19, 0:03:29,    10, 44.10, 44.10,  0.00
         0,     0, 3, 0:03:19, 0:03:29,    10, 46.20, 46.20,  0.00
         0,     0, 4, 0:03:19, 0:03:29,    10, 43.50, 43.50,  0.00
         0,     0, 5, 0:03:19, 0:03:29,    10, 34.20, 34.20,  0.00
         0,     0, 7, 0:03:19, 0:03:29,    10, 41.00, 41.00,  0.00
         0,     0, 8, 0:03:19, 0:03:29,    10, 40.90, 40.90,  0.00
  12706609,  7018, 2, 0:06:02, 0:07:12,    70, 44.10, 31.80, 12.30
         0,     0, 2, 0:07:20, 0:07:31,    11, 31.80, 44.10,-12.30
  12448437,  6050, 3, 0:13:50, 0:15:31,   101, 46.10, 35.90, 10.20
         0,     0, 3, 0:15:39, 0:15:47,     8, 35.90, 35.70,  0.20
  11499184,  2074, 3, 0:17:45, 0:18:35,    50, 46.20, 32.60, 13.60
         0,     0, 3, 0:18:43, 0:18:54,    11, 32.60, 32.40,  0.20
  12448434,  6047, 1, 0:19:15, 0:21:11,   116, 41.20, 23.70, 17.50
         0,     0, 1, 0:21:19, 0:21:35,    16, 23.70, 41.20,-17.50
  11499117,  2007, 2, 0:22:25, 0:24:16,   111, 44.00, 29.60, 14.40
         0,     0, 2, 0:24:25, 0:24:38,    13, 29.60, 44.10,-14.50
  13008774,  8015, 4, 0:36:53, 0:38:08,    75, 43.70, 32.10, 11.60
  12200085,  5139, 3, 0:37:45, 0:38:10,    25, 46.30, 41.40,  4.90
         0,     0, 3, 0:38:17, 0:38:20,     3, 41.40, 45.90, -4.50
         0,     0, 4, 0:38:15, 0:38:25,    10, 32.10, 32.00,  0.10
  12200085,  5139, 2, 0:38:40, 0:39:41,    61, 44.10, 29.10, 15.00
         0,     0, 2, 0:39:50, 0:40:04,    14, 29.10, 44.10,-15.00
  12706614,  7023, 4, 0:49:33, 0:50:47,    74, 43.40, 28.70, 14.70
         0,     0, 4, 0:50:55, 0:51:08,    13, 28.70, 43.10,-14.40
  12448398,  6011, 2, 0:50:53, 0:51:15,    22, 44.10, 44.10,  0.00
  12448434,  6047, 1, 0:50:02, 0:51:16,    74, 41.30, 34.10,  7.20
         0,     0, 1, 0:51:24, 0:51:30,     6, 34.10, 41.20, -7.10
  12448398,  6011, 2, 0:51:31, 0:52:07,    36, 44.10, 44.00,  0.10
  12706615,  7024, 4, 0:51:42, 0:53:29,   107, 43.10, 28.00, 15.10
         0,     0, 4, 0:53:36, 0:53:51,    15, 28.00, 43.30,-15.30
  12448398,  6011, 1, 0:52:14, 0:54:09,   115, 41.20, 27.80, 13.40
         0,     0, 1, 0:54:17, 0:54:29,    12, 27.80, 41.30,-13.50
  12448398,  6011, 1, 0:54:39, 0:55:06,    27, 41.30, 35.90,  5.40
         0,     0, 1, 0:55:15, 0:55:19,     4, 35.90, 41.30, -5.40
  12706620,  7029, 2, 0:54:43, 0:56:43,   120, 44.00, 32.60, 11.40
         0,     0, 2, 0:56:51, 0:57:01,    10, 32.60, 44.10,-11.50
  12448437,  6050, 4, 0:58:54, 1:00:08,    74, 43.60, 35.00,  8.60
         0,     0, 4, 1:00:15, 1:00:23,     8, 35.00, 43.10, -8.10
  12706620,  7029, 1, 1:02:24, 1:02:55,    31, 41.30, 38.50,  2.80
         0,     0, 1, 1:03:02, 1:03:04,     2, 38.50, 41.30, -2.80
  12706707,     0, 7, 1:20:22, 1:20:39,    17, 41.00, 40.90,  0.10
  13008774,  8015, 4, 1:21:25, 1:22:22,    57, 43.20, 36.10,  7.10
         0,     0, 4, 1:22:30, 1:22:37,     7, 36.10, 43.20, -7.10
  13008842,     0, 8, 1:50:04, 1:50:12,     8, 39.90, 39.90,  0.00
         0,     0, 8, 1:50:20, 1:50:20,     0, 39.90, 40.90, -1.00
  12448521,  6134, 1, 1:49:04, 1:51:06,   122, 41.30, 22.50, 18.80
         0,     0, 1, 1:51:13, 1:51:31,    18, 22.50, 41.30,-18.80
  12200083,  5137, 2, 1:51:34, 1:52:39,    65, 44.00, 30.50, 13.50
         0,     0, 2, 1:52:46, 1:52:58,    12, 30.50, 44.10,-13.60
  12706656,  7065, 4, 1:52:36, 1:53:51,    75, 43.20, 30.90, 12.30
         0,     0, 4, 1:53:59, 1:54:11,    12, 30.90, 43.20,-12.30
  12706613,  7022, 3, 1:55:31, 1:56:23,    52, 46.10, 40.60,  5.50
         0,     0, 3, 1:56:30, 1:56:34,     4, 40.60, 46.10, -5.50
  21268732,  6126, 1, 1:57:53, 1:58:40,    47, 41.30, 39.90,  1.40
         0,     0, 1, 1:58:47, 1:58:47,     0, 39.90, 41.00, -1.10
  12706618,  7027, 2, 1:59:13, 1:59:20,     7, 44.10, 44.00,  0.10
  12706618,  7027, 2, 1:59:30, 2:00:28,    58, 44.00, 33.10, 10.90
         0,     0, 2, 2:00:36, 2:00:46,    10, 33.10, 44.10,-11.00
  21268732,  6126, 1, 1:59:22, 2:00:57,    95, 41.00, 34.30,  6.70
         0,     0, 1, 2:01:05, 2:01:11,     6, 34.30, 41.30, -7.00
  21268732,  6126, 1, 2:01:35, 2:03:20,   105, 41.30, 35.60,  5.70
         0,     0, 1, 2:03:28, 2:03:33,     5, 35.60, 41.30, -5.70
  12448391,  6004, 3, 2:09:42, 2:10:55,    73, 46.20, 33.70, 12.50
         0,     0, 3, 2:11:02, 2:11:12,    10, 33.70, 33.50,  0.20
  13008738,  7159, 2, 2:08:55, 2:11:59,   184, 44.10, 28.70, 15.40
         0,     0, 2, 2:12:06, 2:12:20,    14, 28.70, 44.10,-15.40
  12200083,  5137, 2, 2:13:11, 2:13:45,    34, 44.10, 40.30,  3.80
         0,     0, 2, 2:13:53, 2:13:55,     2, 40.30, 44.10, -3.80
  12448516,  6129, 4, 2:20:11, 2:21:45,    94, 43.60, 38.00,  5.60
         0,     0, 4, 2:21:54, 2:21:59,     5, 38.00, 38.00,  0.00
  11724217,  3117, 3, 2:24:47, 2:26:03,    76, 46.00, 25.00, 21.00
         0,     0, 3, 2:26:11, 2:26:28,    17, 25.00, 24.90,  0.10
  12706621,  7030, 2, 2:27:32, 2:28:22,    50, 44.10, 29.20, 14.90
         0,     0, 2, 2:28:30, 2:28:44,    14, 29.20, 44.10,-14.90
  12200083,  5137, 2, 2:31:29, 2:32:07,    38, 44.10, 37.80,  6.30
         0,     0, 2, 2:32:14, 2:32:19,     5, 37.80, 44.10, -6.30
  12706610,  7019, 2, 2:38:11, 2:39:34,    83, 44.00, 28.90, 15.10
         0,     0, 2, 2:39:41, 2:39:55,    14, 28.90, 44.10,-15.20
  12706642,  7051, 4, 2:42:33, 2:43:58,    85, 43.20, 28.20, 15.00
         0,     0, 4, 2:44:07, 2:44:21,    14, 28.20, 43.10,-14.90
  12706624,  7033, 2, 2:44:48, 2:47:42,   174, 44.10, 39.30,  4.80
         0,     0, 2, 2:47:49, 2:47:52,     3, 39.30, 44.10, -4.80
  11499117,  2007, 4, 2:49:04, 2:49:37,    33, 43.10, 33.00, 10.10
         0,     0, 4, 2:49:45, 2:49:55,    10, 33.00, 43.30,-10.30
  12448518,  6131, 2, 2:52:57, 2:54:09,    72, 44.10, 28.70, 15.40
         0,     0, 2, 2:54:17, 2:54:31,    14, 28.70, 43.70,-15.00
  12448415,  6028, 2, 2:54:43, 2:56:36,   113, 43.70, 27.50, 16.20
         0,     0, 2, 2:56:44, 2:57:00,    16, 27.50, 44.00,-16.50
  12200086,  5140, 4, 2:57:07, 2:58:50,   103, 43.30, 31.90, 11.40
         0,     0, 4, 2:58:59, 2:59:10,    11, 31.90, 43.20,-11.30
  12448516,  6129, 4, 3:06:19, 3:07:38,    79, 44.50, 34.40, 10.10
         0,     0, 4, 3:07:47, 3:07:55,     8, 34.40, 43.00, -8.60
  12448426,  6039, 2, 3:07:56, 3:08:37,    41, 44.00, 29.40, 14.60
         0,     0, 2, 3:08:47, 3:09:01,    14, 29.40, 44.00,-14.60
  12448426,  6039, 1, 3:09:18, 3:09:35,    17, 41.30, 35.50,  5.80
         0,     0, 1, 3:09:43, 3:09:48,     5, 35.50, 41.30, -5.80
  12448420,  6033, 4, 3:09:48, 3:14:49,   301, 43.20, 37.20,  6.00
         0,     0, 4, 3:14:58, 3:15:03,     5, 37.20, 43.20, -6.00
  12448420,  6033, 4, 3:56:49, 3:58:38,   109, 43.50, 41.80,  1.70
         0,     0, 4, 3:58:46, 3:58:47,     1, 41.80, 43.20, -1.40
  12706615,  7024, 2, 5:06:11, 5:08:19,   128, 44.00, 26.90, 17.10
         0,     0, 2, 5:08:28, 5:08:44,    16, 26.90, 44.00,-17.10
  11499117,  2007, 4, 6:08:25, 6:09:36,    71, 43.00, 29.20, 13.80
  12448434,  6047, 3, 6:07:33, 6:09:39,   126, 46.10, 31.80, 14.30
         0,     0, 4, 6:09:44, 6:09:58,    14, 29.20, 43.20,-14.00
         0,     0, 3, 6:09:47, 6:09:59,    12, 31.80, 31.60,  0.20
  12706630,  7039, 2, 6:12:36, 6:13:03,    27, 44.00, 43.90,  0.10
  12706630,  7039, 1, 6:13:07, 6:15:08,   121, 41.30, 27.90, 13.40
         0,     0, 1, 6:15:15, 6:15:27,    12, 27.90, 41.30,-13.40
  12199951,  5005, 2, 6:16:57, 6:17:37,    40, 43.90, 43.90,  0.00
  12706656,  7065, 1, 6:16:36, 6:17:45,    69, 41.30, 39.30,  2.00
         0,     0, 1, 6:17:52, 6:17:53,     1, 39.30, 41.20, -1.90
  12200091,  5145, 3, 6:17:16, 6:18:50,    94, 46.40, 34.10, 12.30
         0,     0, 3, 6:18:59, 6:19:08,     9, 34.10, 34.10,  0.00
  12448516,  6129, 2, 6:18:04, 6:19:11,    67, 43.90, 36.00,  7.90
         0,     0, 2, 6:19:18, 6:19:25,     7, 36.00, 44.10, -8.10
  12448415,  6028, 4, 6:18:56, 6:19:38,    42, 43.30, 43.00,  0.30
  12200079,  5133, 3, 6:19:33, 6:19:57,    24, 46.40, 45.80,  0.60
  12706609,  7018, 1, 6:20:07, 6:20:31,    24, 41.20, 40.90,  0.30
  12448415,  6028, 4, 6:19:51, 6:20:50,    59, 43.00, 32.80, 10.20
         0,     0, 4, 6:20:58, 6:21:08,    10, 32.80, 43.40,-10.60
  12706609,  7018, 2, 6:20:49, 6:21:27,    38, 44.10, 35.10,  9.00
         0,     0, 2, 6:21:34, 6:21:42,     8, 35.10, 44.10, -9.00
  12706737,  7146, 3, 6:20:08, 6:22:35,   147, 45.90, 27.90, 18.00
  12706613,  7022, 1, 6:20:44, 6:22:45,   121, 40.90, 24.60, 16.30
         0,     0, 3, 6:22:43, 6:22:58,    15, 27.90, 27.90,  0.00
  12706656,  7065, 2, 6:21:53, 6:22:57,    64, 44.00, 35.90,  8.10
  13008774,  8015, 4, 6:21:18, 6:23:01,   103, 43.70, 31.70, 12.00
         0,     0, 1, 6:22:52, 6:23:08,    16, 24.60, 41.20,-16.60
         0,     0, 2, 6:23:05, 6:23:12,     7, 35.90, 44.10, -8.20
         0,     0, 4, 6:23:09, 6:23:20,    11, 31.70, 43.30,-11.60
  12448408,  6021, 2, 6:23:22, 6:24:35,    73, 44.10, 23.50, 20.60
         0,     0, 2, 6:24:43, 6:25:03,    20, 23.50, 44.00,-20.50
  12706621,  7030, 4, 6:25:09, 6:25:24,    15, 43.10, 43.40, -0.30
  12448392,  6005, 3, 6:24:34, 6:25:41,    67, 46.30, 30.20, 16.10
         0,     0, 3, 6:25:50, 6:26:03,    13, 30.20, 30.20,  0.00
  12448434,  6047, 1, 6:24:58, 6:26:33,    95, 41.20, 35.60,  5.60
         0,     0, 1, 6:26:40, 6:26:45,     5, 35.60, 41.20, -5.60
  12448517,  6130, 2, 6:25:30, 6:26:48,    78, 44.00, 43.90,  0.10
  21268732,  6126, 3, 6:26:13, 6:27:12,    59, 30.20, 44.50,-14.30
  12706621,  7030, 2, 6:27:25, 6:28:53,    88, 44.00, 30.10, 13.90
  12448517,  6130, 1, 6:26:56, 6:29:10,   134, 41.20, 34.00,  7.20
         0,     0, 2, 6:29:01, 6:29:14,    13, 30.10, 44.00,-13.90
         0,     0, 1, 6:29:17, 6:29:23,     6, 34.00, 41.20, -7.20
  12200086,  5140, 3, 6:29:05, 6:30:59,   114, 44.00, 31.10, 12.90
         0,     0, 3, 6:31:07, 6:31:20,    13, 31.10, 31.00,  0.10
  12448517,  6130, 2, 6:29:48, 6:31:31,   103, 44.00, 35.10,  8.90
         0,     0, 2, 6:31:39, 6:31:47,     8, 35.10, 44.10, -9.00
  12448417,  6030, 4, 6:32:07, 6:32:12,     5, 43.30, 43.20,  0.10
  12200091,  5145, 4, 6:32:39, 6:33:08,    29, 43.10, 40.90,  2.20
         0,     0, 4, 6:33:16, 6:33:18,     2, 40.90, 43.40, -2.50
  12199951,  5005, 1, 6:33:38, 6:33:49,    11, 41.20, 41.20,  0.00
  12448437,  6050, 3, 6:33:25, 6:33:50,    25, 46.70, 46.60,  0.10
  12706609,  7018, 4, 6:34:18, 6:35:06,    48, 43.10, 37.90,  5.20
         0,     0, 4, 6:35:14, 6:35:19,     5, 37.90, 43.20, -5.30
  12200091,  5145, 4, 6:35:29, 6:35:42,    13, 43.20, 43.20,  0.00
  12448521,  6134, 1, 6:34:54, 6:36:08,    74, 41.20, 26.70, 14.50
  12199951,  5005, 2, 6:33:53, 6:36:09,   136, 44.10, 29.60, 14.50
  12200091,  5145, 4, 6:35:59, 6:36:19,    20, 43.30, 41.60,  1.70
         0,     0, 4, 6:36:27, 6:36:28,     1, 41.60, 43.30, -1.70
         0,     0, 1, 6:36:16, 6:36:30,    14, 26.70, 41.30,-14.60
         0,     0, 2, 6:36:18, 6:36:32,    14, 29.60, 44.10,-14.50
  12448420,  6033, 4, 6:36:38, 6:38:06,    88, 43.40, 36.00,  7.40
         0,     0, 4, 6:38:15, 6:38:22,     7, 36.00, 43.30, -7.30
  12706620,  7029, 1, 6:36:51, 6:39:01,   130, 41.30, 27.90, 13.40
  12706601,  7010, 2, 6:37:44, 6:39:13,    89, 44.10, 30.70, 13.40
         0,     0, 1, 6:39:08, 6:39:20,    12, 27.90, 41.20,-13.30
         0,     0, 2, 6:39:21, 6:39:34,    13, 30.70, 44.10,-13.40
  12448437,  6050, 4, 6:38:37, 6:39:37,    60, 43.30, 35.30,  8.00
  12448417,  6030, 3, 6:38:05, 6:39:40,    95, 46.40, 29.30, 17.10
         0,     0, 4, 6:39:45, 6:39:52,     7, 35.30, 43.20, -7.90
         0,     0, 3, 6:39:49, 6:40:03,    14, 29.30, 29.30,  0.00
  12706642,  7051, 3, 6:41:27, 6:42:15,    48, 46.80, 41.00,  5.80
  12448415,  6028, 2, 6:39:46, 6:42:19,   153, 44.10, 34.30,  9.80
         0,     0, 3, 6:42:23, 6:42:27,     4, 41.00, 46.50, -5.50
         0,     0, 2, 6:42:29, 6:42:38,     9, 34.30, 44.10, -9.80
  12706642,  7051, 4, 6:42:21, 6:42:36,    15, 43.20, 37.80,  5.40
         0,     0, 4, 6:42:44, 6:42:49,     5, 37.80, 43.10, -5.30
  12448415,  6028, 2, 6:42:48, 6:43:01,    13, 44.10, 44.10,  0.00
  12448437,  6050, 3, 6:42:50, 6:44:16,    86, 46.70, 32.70, 14.00
  12706618,  7027, 1, 6:43:02, 6:44:21,    79, 41.20, 22.30, 18.90
         0,     0, 3, 6:44:24, 6:44:35,    11, 32.70, 46.40,-13.70
         0,     0, 1, 6:44:29, 6:44:47,    18, 22.30, 41.20,-18.90
  12200079,  5133, 2, 6:43:17, 6:44:54,    97, 44.10, 26.60, 17.50
  12706610,  7019, 4, 6:43:33, 6:45:09,    96, 43.10, 25.20, 17.90
         0,     0, 2, 6:45:01, 6:45:18,    17, 26.60, 44.00,-17.40
         0,     0, 4, 6:45:17, 6:45:34,    17, 25.20, 43.30,-18.10
  12706620,  7029, 1, 6:45:10, 6:46:01,    51, 41.30, 36.70,  4.60
         0,     0, 1, 6:46:09, 6:46:12,     3, 36.70, 41.20, -4.50
  11954042,  4072, 4, 6:48:39, 6:48:47,     8, 43.40, 43.50, -0.10
  11954042,  4072, 3, 6:49:11, 6:49:49,    38, 46.30, 44.70,  1.60
  12448420,  6033, 4, 6:49:08, 6:50:05,    57, 43.60, 41.30,  2.30
         0,     0, 4, 6:50:13, 6:50:14,     1, 41.30, 43.20, -1.90
  11954042,  4072, 3, 6:50:02, 6:50:28,    26, 44.70, 38.60,  6.10
         0,     0, 3, 6:50:37, 6:50:43,     6, 38.60, 38.60,  0.00
  11954042,  4072, 3, 6:51:23, 6:52:08,    45, 46.60, 36.60, 10.00
         0,     0, 3, 6:52:15, 6:52:22,     7, 36.60, 36.50,  0.10
  12706707,     0, 7, 6:52:26, 6:52:33,     7, 40.70, 40.70,  0.00
  12200081,  5135, 4, 6:51:10, 6:52:58,   108, 43.10, 22.80, 20.30
         0,     0, 4, 6:53:06, 6:53:25,    19, 22.80, 43.20,-20.40
  12448415,  6028, 2, 6:54:39, 6:54:58,    19, 44.00, 44.00,  0.00
  12706705,     0, 8, 6:56:32, 6:56:59,    27, 40.20, 40.30, -0.10
  12448392,  6005, 2, 6:56:25, 6:57:07,    42, 44.00, 32.80, 11.20
         0,     0, 2, 6:57:16, 6:57:26,    10, 32.80, 44.00,-11.20
  12706705,     0, 7, 6:57:14, 6:57:47,    33, 40.70, 40.70,  0.00
  12448392,  6005, 2, 6:57:47, 6:58:19,    32, 44.10, 38.00,  6.10
  12706634,  7043, 1, 6:57:26, 6:58:24,    58, 41.20, 32.80,  8.40
         0,     0, 2, 6:58:27, 6:58:32,     5, 38.00, 44.10, -6.10
         0,     0, 1, 6:58:32, 6:58:39,     7, 32.80, 41.30, -8.50
  12706634,  7043, 2, 6:58:45, 6:59:57,    72, 44.10, 28.40, 15.70
  12448391,  6004, 3, 6:58:36, 7:00:01,    85, 46.20, 34.00, 12.20
         0,     0, 3, 7:00:10, 7:00:20,    10, 34.00, 34.00,  0.00
         0,     0, 2, 7:00:06, 7:00:21,    15, 28.40, 44.00,-15.60
  12706613,  7022, 1, 7:00:14, 7:00:27,    13, 41.30, 39.60,  1.70
         0,     0, 1, 7:00:36, 7:00:37,     1, 39.60, 41.30, -1.70
  12706705,     0, 7, 6:58:06, 7:00:47,   161, 40.70, 40.70,  0.00
  12706613,  7022, 2, 7:00:37, 7:01:18,    41, 44.00, 39.30,  4.70
         0,     0, 2, 7:01:26, 7:01:29,     3, 39.30, 44.00, -4.70
  12706705,     0, 7, 7:01:16, 7:01:30,    14, 40.60, 40.60,  0.00
  12448521,  6134, 1, 7:00:47, 7:01:52,    65, 41.20, 29.20, 12.00
         0,     0, 1, 7:02:01, 7:02:12,    11, 29.20, 41.20,-12.00
  12706705,     0, 7, 7:01:41, 7:02:21,    40, 40.60, 40.60,  0.00
  12200085,  5139, 4, 7:00:29, 7:02:29,   120, 43.70, 22.40, 21.30
         0,     0, 4, 7:02:38, 7:02:57,    19, 22.40, 43.10,-20.70
  12706613,  7022, 1, 7:02:22, 7:03:08,    46, 41.20, 37.60,  3.60
         0,     0, 1, 7:03:16, 7:03:19,     3, 37.60, 41.30, -3.70
  11724217,  3117, 3, 7:03:38, 7:04:58,    80, 46.40, 29.70, 16.70
         0,     0, 3, 7:05:07, 7:05:20,    13, 29.70, 29.70,  0.00
  12706642,  7051, 2, 7:06:56, 7:07:53,    57, 44.00, 38.90,  5.10
         0,     0, 2, 7:08:01, 7:08:05,     4, 38.90, 44.00, -5.10
  12706642,  7051, 1, 7:08:14, 7:08:37,    23, 41.30, 39.00,  2.30
         0,     0, 1, 7:08:46, 7:08:47,     1, 39.00, 41.20, -2.20
  12706609,  7018, 3, 7:10:41, 7:11:52,    71, 45.90, 33.40, 12.50
         0,     0, 3, 7:12:01, 7:12:12,    11, 33.40, 33.40,  0.00
  12448398,  6011, 2, 7:10:34, 7:13:13,   159, 44.00, 16.50, 27.50
         0,     0, 2, 7:13:22, 7:13:49,    27, 16.50, 44.00,-27.50
  11953971,  4001, 2, 7:14:29, 7:14:41,    12, 44.00, 43.90,  0.10
  11953971,  4001, 1, 7:14:50, 7:15:11,    21, 41.20, 41.10,  0.10
  11953971,  4001, 2, 7:15:27, 7:15:34,     7, 43.90, 43.90,  0.00
  11953971,  4001, 2, 7:15:45, 7:17:33,   108, 43.90, 29.50, 14.40
         0,     0, 2, 7:17:42, 7:17:56,    14, 29.50, 44.10,-14.60
  12448408,  6021, 4, 7:18:41, 7:20:05,    84, 43.30, 22.90, 20.40
         0,     0, 4, 7:20:14, 7:20:33,    19, 22.90, 43.30,-20.40
  13008748,  7169, 3, 7:19:34, 7:21:57,   143, 46.40, 44.60,  1.80
  12706628,  7037, 1, 7:25:54, 7:26:23,    29, 41.10, 40.50,  0.60
  12448437,  6050, 1, 7:27:49, 7:29:15,    86, 40.50, 30.60,  9.90
         0,     0, 1, 7:29:23, 7:29:33,    10, 30.60, 41.20,-10.60
  12706642,  7051, 1, 7:29:55, 7:30:23,    28, 41.20, 35.00,  6.20
         0,     0, 1, 7:30:31, 7:30:36,     5, 35.00, 41.30, -6.30
  12706642,  7051, 1, 7:30:47, 7:31:11,    24, 41.30, 36.90,  4.40
         0,     0, 1, 7:31:19, 7:31:22,     3, 36.90, 41.30, -4.40
  12706628,  7037, 1, 7:33:03, 7:33:36,    33, 41.30, 38.00,  3.30
         0,     0, 1, 7:33:43, 7:33:45,     2, 38.00, 41.30, -3.30
  12706656,  7065, 1, 7:42:02, 7:43:35,    93, 41.20, 27.40, 13.80
         0,     0, 1, 7:43:42, 7:43:55,    13, 27.40, 41.30,-13.90
  12200086,  5140, 1, 7:46:20, 7:47:02,    42, 41.30, 37.80,  3.50
         0,     0, 1, 7:47:11, 7:47:13,     2, 37.80, 41.20, -3.40
  12706634,  7043, 2, 7:47:16, 7:47:23,     7, 44.00, 44.00,  0.00
  12706634,  7043, 2, 7:47:34, 7:47:50,    16, 44.00, 41.90,  2.10
         0,     0, 2, 7:47:59, 7:48:00,     1, 41.90, 44.00, -2.10
  12706624,  7033, 2, 7:48:13, 7:49:24,    71, 44.00, 43.90,  0.10
  12706634,  7043, 1, 7:47:58, 7:49:35,    97, 41.20, 26.80, 14.40
         0,     0, 1, 7:49:42, 7:49:55,    13, 26.80, 41.30,-14.50
  12706624,  7033, 2, 7:49:40, 7:52:37,   177, 43.90, 27.60, 16.30
         0,     0, 2, 7:52:46, 7:53:02,    16, 27.60, 44.00,-16.40
  12706628,  7037, 1, 7:55:40, 7:56:25,    45, 41.40, 35.70,  5.70
         0,     0, 1, 7:56:32, 7:56:36,     4, 35.70, 41.30, -5.60
  12706628,  7037, 3, 7:57:33, 7:58:08,    35, 44.80, 35.10,  9.70
         0,     0, 3, 7:58:16, 7:58:25,     9, 35.10, 35.10,  0.00
  12706614,  7023, 1, 7:57:03, 7:59:51,   168, 41.30, 20.40, 20.90
         0,     0, 1, 7:59:59, 8:00:19,    20, 20.40, 41.40,-21.00
  12200086,  5140, 2, 8:00:28, 8:01:46,    78, 44.00, 35.60,  8.40
         0,     0, 2, 8:01:54, 8:02:01,     7, 35.60, 44.10, -8.50
  11499117,  2007, 2, 8:11:47, 8:13:27,   100, 44.10, 28.70, 15.40
         0,     0, 2, 8:13:35, 8:13:49,    14, 28.70, 44.10,-15.40
  12706615,  7024, 2, 8:22:12, 8:24:15,   123, 44.10, 26.10, 18.00
  12448521,  6134, 1, 8:23:15, 8:24:33,    78, 41.40, 31.80,  9.60
         0,     0, 2, 8:24:23, 8:24:40,    17, 26.10, 44.10,-18.00
         0,     0, 1, 8:24:42, 8:24:51,     9, 31.80, 41.30, -9.50
  12706707,     0, 8, 8:27:20, 8:27:25,     5, 40.10, 40.10,  0.00
  11724205,     0, 8, 8:30:13, 8:32:33,   140, 40.00, 35.50,  4.50
         0,     0, 8, 8:32:40, 8:32:45,     5, 35.50, 41.30, -5.80
  12706624,  7033, 1, 8:31:36, 8:33:42,   126, 41.30, 35.40,  5.90
         0,     0, 1, 8:33:49, 8:33:54,     5, 35.40, 41.40, -6.00
  12706656,  7065, 1, 8:34:48, 8:36:37,   109, 41.40, 30.60, 10.80
         0,     0, 1, 8:36:45, 8:36:54,     9, 30.60, 41.30,-10.70
  12448451,     0, 7, 8:37:08, 8:37:10,     2, 40.60, 40.60,  0.00
  12706700,     0, 7, 8:37:38, 8:38:50,    72, 40.60, 34.50,  6.10
         0,     0, 7, 8:38:58, 8:39:06,     8, 34.50, 41.10, -6.60
  12706700,     0, 7, 8:39:39, 8:39:52,    13, 41.10, 38.00,  3.10
         0,     0, 7, 8:39:59, 8:40:02,     3, 38.00, 41.10, -3.10
  12448472,     0, 8, 8:41:13, 8:42:17,    64, 41.00, 39.10,  1.90
         0,     0, 8, 8:42:24, 8:42:25,     1, 39.10, 41.20, -2.10
  12706614,  7023, 3, 8:42:04, 8:42:25,    21, 47.00, 46.50,  0.50
  12448518,  6131, 4, 8:41:51, 8:42:29,    38, 43.90, 36.40,  7.50
         0,     0, 4, 8:42:36, 8:42:42,     6, 36.40, 36.40,  0.00
  12448517,  6130, 1, 8:38:11, 8:43:11,   300, 41.30, 17.50, 23.80
  12706601,  7010, 2, 8:39:48, 8:43:22,   214, 44.10, 44.00,  0.10
         0,     0, 1, 8:43:18, 8:43:40,    22, 17.50, 41.30,-23.80
  12706614,  7023, 4, 8:42:52, 8:43:46,    54, 43.30, 27.90, 15.40
         0,     0, 4, 8:43:55, 8:44:09,    14, 27.90, 43.30,-15.40
  12706727,     0, 7, 8:43:49, 8:44:08,    19, 41.10, 39.20,  1.90
  12448472,     0, 8, 8:43:53, 8:44:11,    18, 41.20, 40.60,  0.60
         0,     0, 7, 8:44:18, 8:44:20,     2, 39.20, 40.80, -1.60
         0,     0, 7, 8:44:58, 8:45:04,     6, 36.30, 41.10, -4.80
  12706601,  7010, 2, 8:43:33, 8:45:31,   118, 44.00, 30.70, 13.30
         0,     0, 2, 8:45:39, 8:45:51,    12, 30.70, 44.10,-13.40
  12706727,     0, 8, 8:49:36, 8:49:45,     9, 40.60, 40.60,  0.00
  12706727,     0, 7, 8:49:51, 8:50:26,    35, 41.10, 37.20,  3.90
         0,     0, 7, 8:50:35, 8:50:39,     4, 37.20, 41.10, -3.90
  12448518,  6131, 3, 8:50:56, 8:51:13,    17, 46.50, 42.80,  3.70
         0,     0, 3, 8:51:21, 8:51:23,     2, 42.80, 46.50, -3.70
  12448518,  6131, 3, 8:51:41, 8:52:15,    34, 46.60, 37.30,  9.30
         0,     0, 3, 8:52:23, 8:52:30,     7, 37.30, 37.20,  0.10
  12706707,     0, 8, 8:53:40, 8:53:44,     4, 40.60, 40.50,  0.10
  11499184,  2074, 2, 8:52:49, 8:54:40,   111, 44.10, 18.30, 25.80
         0,     0, 2, 8:54:48, 8:55:13,    25, 18.30, 44.10,-25.80
  21268732,  6126, 1, 8:53:08, 8:55:20,   132, 41.40, 32.80,  8.60
         0,     0, 1, 8:55:27, 8:55:34,     7, 32.80, 41.40, -8.60
  12706705,     0, 8, 8:55:22, 8:55:37,    15, 40.60, 40.50,  0.10
  21268732,  6126, 2, 8:55:40, 8:56:06,    26, 44.00, 41.90,  2.10
         0,     0, 2, 8:56:15, 8:56:16,     1, 41.90, 44.00, -2.10
  12706705,     0, 7, 8:56:13, 8:56:16,     3, 41.10, 41.10,  0.00
  12706705,     0, 8, 8:56:27, 8:57:31,    64, 40.50, 39.70,  0.80
         0,     0, 8, 8:57:39, 8:57:40,     1, 39.70, 41.10, -1.40
  11724205,     0, 8, 8:57:50, 9:00:45,   175, 41.10, 29.50, 11.60
  21268732,  6126, 1, 8:59:36, 9:00:45,    69, 41.40, 36.40,  5.00
         0,     0, 1, 9:00:53, 9:00:57,     4, 36.40, 41.20, -4.80
         0,     0, 8, 9:00:53, 9:01:05,    12, 29.50, 41.20,-11.70
  12448451,     0, 7, 9:01:08, 9:01:29,    21, 41.10, 41.10,  0.00
  11724172,     0, 8, 9:05:09, 9:05:12,     3, 41.20, 41.20,  0.00
  12448472,     0, 7, 9:05:45, 9:05:54,     9, 41.10, 41.00,  0.10
  13008748,  7169, 4, 9:03:23, 9:06:26,   183, 43.70, 31.80, 11.90
  12706707,     0, 8, 9:06:26, 9:06:29,     3, 35.60, 35.60,  0.00
  12448472,     0, 7, 9:06:12, 9:06:33,    21, 40.70, 40.00,  0.70
         0,     0, 7, 9:06:41, 9:06:41,     0, 40.00, 40.80, -0.80
         0,     0, 8, 9:06:37, 9:06:42,     5, 35.60, 41.20, -5.60
         0,     0, 4, 9:06:34, 9:06:45,    11, 31.80, 43.30,-11.50
  12448472,     0, 7, 9:06:55, 9:07:07,    12, 40.30, 39.60,  0.70
         0,     0, 7, 9:07:15, 9:07:17,     2, 39.60, 41.10, -1.50
  12448472,     0, 7, 9:07:36, 9:07:49,    13, 39.00, 39.10, -0.10
         0,     0, 7, 9:07:57, 9:07:59,     2, 39.10, 41.10, -2.00
  12448472,     0, 7, 9:08:14, 9:09:24,    70, 39.50, 36.80,  2.70
         0,     0, 7, 9:09:33, 9:09:38,     5, 36.80, 41.10, -4.30
  12706705,     0, 8, 9:07:12, 9:09:45,   153, 41.20, 27.40, 13.80
         0,     0, 8, 9:09:54, 9:10:09,    15, 27.40, 41.20,-13.80
  12706630,  7039, 2, 9:10:45, 9:11:20,    35, 44.00, 43.80,  0.20
  12706630,  7039, 2, 9:11:30, 9:13:26,   116, 43.90, 27.60, 16.30
         0,     0, 2, 9:13:33, 9:13:50,    17, 27.60, 44.00,-16.40
  12706610,  7019, 2, 9:16:18, 9:18:30,   132, 44.00, 25.10, 18.90
  12448451,     0, 8, 9:18:40, 9:18:43,     3, 41.20, 41.20,  0.00
         0,     0, 2, 9:18:38, 9:18:56,    18, 25.10, 44.10,-19.00
  12448451,     0, 7, 9:18:48, 9:18:55,     7, 41.10, 41.10,  0.00
  12448482,     0, 7, 9:19:31, 9:19:40,     9, 41.10, 41.00,  0.10
  12448482,     0, 7, 9:19:52, 9:19:53,     1, 41.00, 41.00,  0.00
  11499184,  2074, 2, 9:19:20, 9:20:09,    49, 44.10, 29.00, 15.10
         0,     0, 2, 9:20:17, 9:20:31,    14, 29.00, 44.10,-15.10
  12706707,     0, 7, 9:21:41, 9:22:19,    38, 35.50, 33.40,  2.10
         0,     0, 7, 9:22:27, 9:22:37,    10, 33.40, 41.10, -7.70
  12448482,     0, 8, 9:20:02, 9:23:07,   185, 41.20, 27.70, 13.50
         0,     0, 8, 9:23:14, 9:23:28,    14, 27.70, 41.30,-13.60
  12448518,  6131, 2, 9:22:37, 9:23:55,    78, 44.10, 32.60, 11.50
         0,     0, 2, 9:24:02, 9:24:12,    10, 32.60, 44.10,-11.50
  12706628,  7037, 1, 9:23:24, 9:24:13,    49, 41.20, 33.90,  7.30
  12448451,     0, 8, 9:24:08, 9:24:16,     8, 34.40, 34.40,  0.00
  12448482,     0, 7, 9:23:22, 9:24:25,    63, 41.10, 36.40,  4.70
         0,     0, 1, 9:24:21, 9:24:28,     7, 33.90, 41.20, -7.30
         0,     0, 8, 9:24:24, 9:24:31,     7, 34.40, 41.20, -6.80
         0,     0, 7, 9:24:33, 9:24:38,     5, 36.40, 41.10, -4.70
  12448451,     0, 8, 9:25:05, 9:25:08,     3, 34.10, 34.10,  0.00
         0,     0, 8, 9:25:17, 9:25:24,     7, 34.10, 41.20, -7.10
         0,     0, 8, 9:25:49, 9:25:51,     2, 38.20, 41.20, -3.00
  12706727,     0, 7, 9:27:04, 9:27:43,    39, 41.20, 35.80,  5.40
         0,     0, 7, 9:27:51, 9:27:58,     7, 35.80, 41.10, -5.30
  12448437,  6050, 3, 9:25:42, 9:28:00,   138, 46.50, 33.60, 12.90
         0,     0, 3, 9:28:07, 9:28:17,    10, 33.60, 33.30,  0.30
  11954042,  4072, 4, 9:30:43, 9:30:50,     7, 43.40, 43.40,  0.00
  12448415,  6028, 2, 9:30:54, 9:30:56,     2, 44.00, 44.00,  0.00
  12448417,  6030, 3, 9:31:09, 9:31:54,    45, 46.10, 38.20,  7.90
         0,     0, 3, 9:32:01, 9:32:07,     6, 38.20, 38.10,  0.10
  12448417,  6030, 4, 9:32:22, 9:32:45,    23, 43.10, 37.00,  6.10
         0,     0, 4, 9:32:52, 9:32:58,     6, 37.00, 43.30, -6.30
  11954042,  4072, 4, 9:33:09, 9:33:35,    26, 43.30, 43.30,  0.00
  11954042,  4072, 4, 9:33:46, 9:34:08,    22, 43.50, 43.30,  0.20
  12448415,  6028, 1, 9:31:07, 9:34:19,   192, 41.20, 21.50, 19.70
         0,     0, 1, 9:34:27, 9:34:45,    18, 21.50, 41.20,-19.70
  12706628,  7037, 4, 9:35:00, 9:35:08,     8, 42.80, 43.20, -0.40
  11499231,     0, 8, 9:32:04, 9:35:17,   193, 41.20, 24.50, 16.70
  11954042,  4072, 2, 9:35:19, 9:35:25,     6, 44.00, 44.00,  0.00
         0,     0, 8, 9:35:26, 9:35:43,    17, 24.50, 41.30,-16.80
  11954042,  4072, 2, 9:35:43, 9:36:42,    59, 44.00, 38.00,  6.00
         0,     0, 2, 9:36:49, 9:36:54,     5, 38.00, 44.10, -6.10
  11954042,  4072, 2, 9:37:05, 9:37:39,    34, 44.10, 34.70,  9.40
         0,     0, 2, 9:37:47, 9:37:55,     8, 34.70, 44.10, -9.40
  11954042,  4072, 2, 9:38:05, 9:38:24,    19, 44.10, 40.40,  3.70
         0,     0, 2, 9:38:32, 9:38:34,     2, 40.40, 44.10, -3.70
  12706628,  7037, 2, 9:39:37, 9:40:41,    64, 44.10, 41.40,  2.70
         0,     0, 2, 9:40:49, 9:40:50,     1, 41.40, 44.10, -2.70
  13008842,     0, 7, 9:41:22, 9:41:25,     3, 41.10, 41.10,  0.00
  12448426,  6039, 2, 9:41:07, 9:42:26,    79, 44.10, 26.80, 17.30
         0,     0, 2, 9:42:33, 9:42:49,    16, 26.80, 44.10,-17.30
  12706613,  7022, 3, 9:42:38, 9:44:26,   108, 46.20, 36.70,  9.50
         0,     0, 3, 9:44:33, 9:44:40,     7, 36.70, 36.60,  0.10
  13008906,     0, 7, 9:45:12, 9:45:13,     1, 41.10, 41.10,  0.00
  13008906,     0, 7, 9:45:32, 9:45:33,     1, 40.30, 40.30,  0.00
  12200083,  5137, 3, 9:46:21, 9:47:11,    50, 46.20, 35.60, 10.60
         0,     0, 3, 9:47:19, 9:47:27,     8, 35.60, 35.40,  0.20
  13008748,  7169, 4, 9:45:36, 9:47:37,   121, 43.30, 41.30,  2.00
         0,     0, 4, 9:47:45, 9:47:46,     1, 41.30, 43.20, -1.90
  13008738,  7159, 4, 9:47:57, 9:48:18,    21, 43.80, 43.30,  0.50
  11953971,  4001, 2, 9:49:39, 9:50:01,    22, 44.00, 43.90,  0.10
  12448472,     0, 7, 9:49:55, 9:50:34,    39, 40.20, 39.00,  1.20
         0,     0, 7, 9:50:43, 9:50:45,     2, 39.00, 41.10, -2.10
  12448391,  6004, 3, 9:49:37, 9:51:28,   111, 46.20, 30.40, 15.80
  12448472,     0, 8, 9:51:29, 9:51:34,     5, 29.30, 29.30,  0.00
         0,     0, 3, 9:51:35, 9:51:48,    13, 30.40, 30.20,  0.20
         0,     0, 8, 9:51:41, 9:51:53,    12, 29.30, 41.20,-11.90
  11953971,  4001, 1, 9:50:11, 9:51:55,   104, 41.20, 21.00, 20.20
  12200079,  5133, 2, 9:50:14, 9:51:55,   101, 43.90, 21.60, 22.30
         0,     0, 1, 9:52:02, 9:52:22,    20, 21.00, 41.30,-20.30
         0,     0, 2, 9:52:03, 9:52:26,    23, 21.60, 44.00,-22.40
  12448516,  6129, 2, 9:52:56, 9:54:29,    93, 44.00, 23.90, 20.10
         0,     0, 2, 9:54:37, 9:54:56,    19, 23.90, 44.00,-20.10
  13008738,  7159, 4, 9:52:48, 9:55:32,   164, 43.20, 24.90, 18.30
         0,     0, 4, 9:55:39, 9:55:56,    17, 24.90, 24.80,  0.10
  12706621,  7030, 3, 9:55:13, 9:57:11,   118, 46.30, 24.70, 21.60
  12200081,  5135, 4, 9:56:07, 9:57:25,    78, 43.30, 29.70, 13.60
         0,     0, 3, 9:57:18, 9:57:36,    18, 24.70, 24.60,  0.10
         0,     0, 4, 9:57:32, 9:57:45,    13, 29.70, 43.10,-13.40
  12448434,  6047, 1, 9:56:11, 9:58:48,   157, 41.30, 23.70, 17.60
  12706727,     0, 7, 9:58:33, 9:59:06,    33, 40.70, 37.20,  3.50
         0,     0, 1, 9:58:56, 9:59:12,    16, 23.70, 41.30,-17.60
         0,     0, 7, 9:59:14, 9:59:18,     4, 37.20, 41.10, -3.90
  12200091,  5145, 2,10:09:10,10:10:28,    78, 44.00, 23.20, 20.80
         0,     0, 2,10:10:36,10:10:56,    20, 23.20, 44.00,-20.80
  12200083,  5137, 2,10:13:03,10:13:47,    44, 44.00, 37.90,  6.10
         0,     0, 2,10:13:54,10:13:59,     5, 37.90, 44.10, -6.20
  13008774,  8015, 2,10:17:02,10:17:55,    53, 44.10, 41.00,  3.10
         0,     0, 2,10:18:02,10:18:04,     2, 41.00, 44.10, -3.10
  13008774,  8015, 2,10:18:29,10:19:18,    49, 44.10, 37.60,  6.50
         0,     0, 2,10:19:26,10:19:31,     5, 37.60, 44.10, -6.50
  12448426,  6039, 2,10:21:04,10:21:42,    38, 44.10, 35.40,  8.70
         0,     0, 2,10:21:49,10:21:56,     7, 35.40, 44.10, -8.70
  12448415,  6028, 2,10:22:23,10:24:19,   116, 44.10, 29.60, 14.50
  12448391,  6004, 4,10:23:05,10:24:26,    81, 43.50, 34.60,  8.90
         0,     0, 2,10:24:28,10:24:42,    14, 29.60, 44.10,-14.50
         0,     0, 4,10:24:34,10:24:42,     8, 34.60, 43.20, -8.60
  12448434,  6047, 1,10:25:57,10:26:43,    46, 41.30, 40.80,  0.50
  12706707,     0, 7,10:26:49,10:27:02,    13, 39.20, 39.20,  0.00
         0,     0, 7,10:27:10,10:27:12,     2, 39.20, 40.70, -1.50
  12706707,     0, 7,10:27:23,10:27:24,     1, 39.60, 39.60,  0.00
         0,     0, 7,10:27:32,10:27:33,     1, 39.60, 41.10, -1.50
  12200083,  5137, 1,10:27:28,10:28:01,    33, 40.80, 36.00,  4.80
         0,     0, 1,10:28:10,10:28:14,     4, 36.00, 41.30, -5.30
  13008738,  7159, 4,10:30:16,10:30:34,    18, 43.50, 43.50,  0.00
  11724205,     0, 8,10:27:29,10:30:45,   196, 41.10, 25.40, 15.70
  12706700,     0, 7,10:30:43,10:30:51,     8, 36.40, 34.70,  1.70
         0,     0, 7,10:30:59,10:31:08,     9, 34.70, 41.00, -6.30
         0,     0, 8,10:30:52,10:31:09,    17, 25.40, 41.20,-15.80
  12200081,  5135, 2,10:30:30,10:31:29,    59, 44.10, 30.10, 14.00
         0,     0, 2,10:31:37,10:31:50,    13, 30.10, 44.10,-14.00
  12448451,     0, 7,10:32:44,10:32:47,     3, 41.00, 41.00,  0.00
  12448451,     0, 8,10:33:01,10:33:08,     7, 41.20, 41.20,  0.00
  13008738,  7159, 4,10:31:02,10:33:11,   129, 43.60, 29.10, 14.50
         0,     0, 4,10:33:19,10:33:32,    13, 29.10, 43.30,-14.20
  11953971,  4001, 2,10:32:00,10:33:35,    95, 44.00, 32.10, 11.90
         0,     0, 2,10:33:43,10:33:54,    11, 32.10, 44.00,-11.90
  12448451,     0, 7,10:33:18,10:34:18,    60, 41.00, 37.30,  3.70
         0,     0, 7,10:34:26,10:34:30,     4, 37.30, 41.10, -3.80
  12448472,     0, 7,10:34:42,10:35:02,    20, 41.10, 40.00,  1.10
  12448472,     0, 7,10:35:13,10:35:50,    37, 39.80, 38.00,  1.80
         0,     0, 7,10:35:58,10:36:01,     3, 38.00, 40.70, -2.70
  12200085,  5139, 2,10:34:56,10:36:20,    84, 44.00, 31.20, 12.80
  12448472,     0, 7,10:36:20,10:36:27,     7, 39.70, 38.90,  0.80
         0,     0, 7,10:36:35,10:36:37,     2, 38.90, 41.10, -2.20
         0,     0, 2,10:36:29,10:36:41,    12, 31.20, 44.20,-13.00
  12448472,     0, 8,10:37:17,10:37:32,    15, 39.90, 40.00, -0.10
         0,     0, 8,10:37:40,10:37:40,     0, 40.00, 39.60,  0.40
  12448434,  6047, 3,10:36:19,10:37:50,    91, 46.00, 37.30,  8.70
         0,     0, 3,10:37:59,10:38:05,     6, 37.30, 37.20,  0.10
  12706705,     0, 8,10:38:31,10:38:55,    24, 39.50, 39.30,  0.20
         0,     0, 8,10:39:02,10:39:03,     1, 39.30, 41.30, -2.00
  12706618,  7027, 3,10:38:15,10:39:06,    51, 46.20, 34.00, 12.20
         0,     0, 3,10:39:14,10:39:24,    10, 34.00, 33.80,  0.20
  12706705,     0, 8,10:39:17,10:40:10,    53, 41.00, 38.50,  2.50
         0,     0, 8,10:40:17,10:40:19,     2, 38.50, 41.30, -2.80
  12706700,     0, 7,10:40:48,10:41:18,    30, 41.10, 35.50,  5.60
         0,     0, 7,10:41:26,10:41:33,     7, 35.50, 41.10, -5.60
  12200079,  5133, 1,10:43:08,10:43:29,    21, 41.30, 35.30,  6.00
         0,     0, 1,10:43:37,10:43:42,     5, 35.30, 41.30, -6.00
  13008774,  8015, 1,10:43:52,10:44:05,    13, 41.30, 41.10,  0.20
  12200079,  5133, 2,10:43:37,10:44:05,    28, 44.10, 35.30,  8.80
         0,     0, 2,10:44:14,10:44:22,     8, 35.30, 44.00, -8.70
  13008774,  8015, 2,10:44:33,10:44:40,     7, 44.00, 43.80,  0.20
  12706705,     0, 8,10:45:02,10:45:31,    29, 41.30, 40.30,  1.00
  13008774,  8015, 1,10:44:52,10:45:48,    56, 41.10, 33.50,  7.60
         0,     0, 1,10:45:57,10:46:04,     7, 33.50, 41.30, -7.80
  12448516,  6129, 3,10:45:33,10:47:28,   115, 46.20, 32.40, 13.80
         0,     0, 3,10:47:36,10:47:47,    11, 32.40, 32.30,  0.10
  12706705,     0, 8,10:45:42,10:47:53,   131, 40.30, 27.10, 13.20
         0,     0, 8,10:48:02,10:48:16,    14, 27.10, 41.30,-14.20
  12199951,  5005, 2,10:51:27,10:54:26,   179, 43.80, 34.50,  9.30
         0,     0, 2,10:54:34,10:54:42,     8, 34.50, 44.10, -9.60
  12448521,  6134, 4,10:53:02,10:55:38,   156, 43.60, 26.10, 17.50
         0,     0, 4,10:55:46,10:56:02,    16, 26.10, 43.20,-17.10
  12706737,  7146, 4,10:56:18,10:56:46,    28, 43.20, 43.50, -0.30
  12706737,  7146, 4,11:01:59,11:03:12,    73, 43.60, 40.50,  3.10
         0,     0, 4,11:03:21,11:03:23,     2, 40.50, 43.30, -2.80
  12706618,  7027, 2,11:03:32,11:04:30,    58, 44.10, 31.90, 12.20
         0,     0, 2,11:04:38,11:04:49,    11, 31.90, 44.20,-12.30
  12706727,     0, 7,11:06:04,11:06:35,    31, 41.10, 41.10,  0.00
  12706727,     0, 7,11:06:54,11:08:18,    84, 41.10, 38.10,  3.00
         0,     0, 7,11:08:27,11:08:30,     3, 38.10, 41.10, -3.00
  12706737,  7146, 1,11:08:17,11:09:29,    72, 41.30, 28.30, 13.00
         0,     0, 1,11:09:38,11:09:50,    12, 28.30, 41.30,-13.00
  12448434,  6047, 2,11:10:09,11:10:49,    40, 44.10, 43.20,  0.90
  12448434,  6047, 2,11:11:07,11:11:30,    23, 43.20, 42.10,  1.10
  13008842,     0, 7,11:17:34,11:17:38,     4, 41.10, 41.10,  0.00
  12706610,  7019, 2,11:18:03,11:18:47,    44, 42.00, 35.70,  6.30
  12448420,  6033, 4,11:16:39,11:18:57,   138, 43.50, 33.00, 10.50
         0,     0, 2,11:18:55,11:19:02,     7, 35.70, 44.10, -8.40
         0,     0, 4,11:19:05,11:19:14,     9, 33.00, 43.20,-10.20
  13008842,     0, 7,11:21:11,11:21:51,    40, 41.10, 36.90,  4.20
         0,     0, 7,11:21:59,11:22:04,     5, 36.90, 41.00, -4.10
  12706615,  7024, 2,11:21:34,11:24:36,   182, 44.10, 25.10, 19.00
         0,     0, 2,11:24:44,11:25:02,    18, 25.10, 44.20,-19.10
  12200085,  5139, 4,11:24:50,11:25:37,    47, 43.10, 33.20,  9.90
         0,     0, 4,11:25:45,11:25:54,     9, 33.20, 43.20,-10.00
  13008842,     0, 8,11:26:33,11:26:37,     4, 41.10, 39.00,  2.10
         0,     0, 8,11:26:46,11:26:47,     1, 39.00, 41.20, -2.20
  13008842,     0, 8,11:26:58,11:27:12,    14, 41.20, 39.20,  2.00
         0,     0, 8,11:27:20,11:27:21,     1, 39.20, 41.20, -2.00
  12706642,  7051, 1,11:26:00,11:29:28,   208, 41.30, 12.40, 28.90
         0,     0, 1,11:29:36,11:30:03,    27, 12.40, 41.30,-28.90
  11499231,     0, 8,11:31:15,11:31:16,     1, 41.20, 41.20,  0.00
  12706727,     0, 7,11:33:20,11:33:33,    13, 41.00, 40.30,  0.70
  12706727,     0, 7,11:33:43,11:34:02,    19, 40.30, 38.80,  1.50
         0,     0, 7,11:34:10,11:34:12,     2, 38.80, 41.10, -2.30
  12706737,  7146, 3,11:36:41,11:37:46,    65, 46.30, 42.00,  4.30
         0,     0, 3,11:37:54,11:37:57,     3, 42.00, 46.30, -4.30
  12448518,  6131, 2,11:37:06,11:38:13,    67, 44.20, 32.10, 12.10
         0,     0, 2,11:38:21,11:38:32,    11, 32.10, 44.00,-11.90
  12448392,  6005, 4,11:38:08,11:39:19,    71, 43.40, 21.70, 21.70
         0,     0, 4,11:39:27,11:39:47,    20, 21.70, 43.30,-21.60
  12706634,  7043, 2,11:41:01,11:41:19,    18, 44.00, 44.00,  0.00
  12706634,  7043, 1,11:41:26,11:41:45,    19, 41.30, 41.30,  0.00
  12448417,  6030, 4,11:42:22,11:43:55,    93, 43.30, 25.00, 18.30
         0,     0, 4,11:44:03,11:44:20,    17, 25.00, 43.20,-18.20
  12706634,  7043, 1,11:42:55,11:45:11,   136, 41.30, 39.50,  1.80
         0,     0, 1,11:45:20,11:45:21,     1, 39.50, 41.30, -1.80
  12706634,  7043, 1,11:45:31,11:45:48,    17, 41.30, 41.20,  0.10
  12706610,  7019, 2,11:44:40,11:45:47,    67, 44.00, 31.00, 13.00
         0,     0, 2,11:45:56,11:46:08,    12, 31.00, 44.10,-13.10
  12448472,     0, 8,11:46:41,11:46:45,     4, 28.00, 28.10, -0.10
         0,     0, 8,11:46:53,11:47:06,    13, 28.10, 41.30,-13.20
  12448472,     0, 7,11:47:07,11:47:18,    11, 41.10, 40.70,  0.40
  12706737,  7146, 2,11:47:47,11:48:37,    50, 44.10, 44.00,  0.10
  12706609,  7018, 3,11:49:16,11:49:41,    25, 46.20, 45.40,  0.80
  12706707,     0, 8,11:50:12,11:50:39,    27, 41.30, 36.40,  4.90
         0,     0, 8,11:50:46,11:50:50,     4, 36.40, 41.20, -4.80
  12706609,  7018, 3,11:49:50,11:51:03,    73, 45.40, 29.50, 15.90
  12706707,     0, 8,11:51:07,11:51:08,     1, 38.90, 38.90,  0.00
         0,     0, 8,11:51:15,11:51:16,     1, 38.90, 41.20, -2.30
         0,     0, 3,11:51:12,11:51:26,    14, 29.50, 29.40,  0.10
  12448420,  6033, 4,11:47:53,11:52:16,   263, 43.20, 30.00, 13.20
         0,     0, 4,11:52:25,11:52:37,    12, 30.00, 43.30,-13.30
  11499231,     0, 8,11:53:31,11:53:55,    24, 41.10, 41.00,  0.10
  11499231,     0, 7,11:54:24,11:55:53,    89, 40.80, 37.40,  3.40
         0,     0, 7,11:56:01,11:56:05,     4, 37.40, 41.10, -3.70
  12448472,     0, 8,11:58:34,11:59:09,    35, 41.00, 40.60,  0.40
  12448472,     0, 8,11:59:52,11:59:54,     2, 39.90, 40.00, -0.10
         0,     0, 8,12:00:02,12:00:02,     0, 40.00, 40.40, -0.40
  12706620,  7029, 2,11:58:39,12:01:44,   185, 44.00, 21.50, 22.50
  12706727,     0, 7,12:01:03,12:02:01,    58, 41.10, 36.50,  4.60
         0,     0, 7,12:02:08,12:02:14,     6, 36.50, 41.10, -4.60
         0,     0, 2,12:01:53,12:02:15,    22, 21.50, 44.00,-22.50
  12448408,  6021, 3,12:02:43,12:02:58,    15, 46.10, 43.30,  2.80
         0,     0, 3,12:03:05,12:03:06,     1, 43.30, 46.30, -3.00
  12448408,  6021, 4,12:03:11,12:03:58,    47, 43.50, 29.70, 13.80
         0,     0, 4,12:04:06,12:04:18,    12, 29.70, 43.20,-13.50
  12706707,     0, 8,12:05:42,12:05:55,    13, 40.40, 38.20,  2.20
         0,     0, 8,12:06:03,12:06:05,     2, 38.20, 41.20, -3.00
  12448451,     0, 8,12:08:00,12:08:07,     7, 41.20, 41.20,  0.00
  12448451,     0, 7,12:08:12,12:08:47,    35, 41.10, 40.00,  1.10
         0,     0, 7,12:08:54,12:08:54,     0, 40.00, 40.40, -0.40
  12448451,     0, 7,12:09:38,12:09:46,     8, 31.70, 31.80, -0.10
         0,     0, 7,12:09:54,12:10:06,    12, 31.80, 41.10, -9.30
  12200086,  5140, 3,12:08:08,12:10:45,   157, 46.40, 29.50, 16.90
         0,     0, 3,12:10:52,12:11:05,    13, 29.50, 29.30,  0.20
  12706630,  7039, 2,12:09:33,12:12:10,   157, 43.90, 25.60, 18.30
         0,     0, 2,12:12:19,12:12:36,    17, 25.60, 44.10,-18.50
  12448482,     0, 8,12:23:32,12:24:17,    45, 41.10, 40.90,  0.20
  12706700,     0, 7,12:24:22,12:24:59,    37, 41.10, 34.10,  7.00
         0,     0, 7,12:25:07,12:25:16,     9, 34.10, 41.10, -7.00
  12706609,  7018, 2,12:24:51,12:25:47,    56, 44.00, 39.10,  4.90
         0,     0, 2,12:25:54,12:25:57,     3, 39.10, 44.00, -4.90
  12706630,  7039, 2,12:29:08,12:29:25,    17, 44.00, 43.60,  0.40
  11724167,  3067, 3,12:28:34,12:29:38,    64, 46.10, 24.40, 21.70
         0,     0, 3,12:29:46,12:30:04,    18, 24.40, 24.30,  0.10
  21268732,  6126, 3,12:38:07,12:39:51,   104, 46.10, 39.20,  6.90
         0,     0, 3,12:39:58,12:40:03,     5, 39.20, 39.10,  0.10
  21268732,  6126, 3,12:40:21,12:40:59,    38, 46.20, 41.70,  4.50
         0,     0, 3,12:41:07,12:41:10,     3, 41.70, 46.20, -4.50
  12448482,     0, 8,12:38:52,12:42:00,   188, 40.70, 24.40, 16.30
         0,     0, 8,12:42:08,12:42:25,    17, 24.40, 41.20,-16.80
  12448482,     0, 8,12:43:02,12:44:03,    61, 36.80, 33.70,  3.10
         0,     0, 8,12:44:11,12:44:18,     7, 33.70, 41.20, -7.50
  12706630,  7039, 1,12:43:53,12:45:06,    73, 41.20, 34.10,  7.10
  12448426,  6039, 3,12:44:21,12:45:18,    57, 46.40, 32.40, 14.00
         0,     0, 1,12:45:14,12:45:20,     6, 34.10, 41.30, -7.20
         0,     0, 3,12:45:25,12:45:36,    11, 32.40, 32.20,  0.20
  12448426,  6039, 3,12:45:59,12:46:29,    30, 46.30, 37.50,  8.80
         0,     0, 3,12:46:36,12:46:43,     7, 37.50, 37.30,  0.20
  12706700,     0, 7,12:46:53,12:46:57,     4, 41.10, 41.10,  0.00
  13008842,     0, 8,12:50:56,12:50:58,     2, 41.20, 41.20,  0.00
  12448408,  6021, 4,12:50:34,12:51:22,    48, 43.60, 30.50, 13.10
         0,     0, 4,12:51:29,12:51:41,    12, 30.50, 43.30,-12.80
  12706642,  7051, 3,12:52:54,12:56:44,   230, 46.30, 32.60, 13.70
         0,     0, 3,12:56:51,12:57:02,    11, 32.60, 32.60,  0.00
  12448472,     0, 7,12:55:00,12:57:11,   131, 41.10, 39.40,  1.70
         0,     0, 7,12:57:20,12:57:22,     2, 39.40, 41.20, -1.80
  12448472,     0, 7,12:57:35,12:58:04,    29, 40.30, 37.40,  2.90
         0,     0, 7,12:58:13,12:58:17,     4, 37.40, 41.10, -3.70
  12448472,     0, 8,12:58:18,12:58:40,    22, 40.90, 39.00,  1.90
         0,     0, 8,12:58:49,12:58:50,     1, 39.00, 41.20, -2.20
  13008842,     0, 8,12:59:07,12:59:26,    19, 41.20, 39.20,  2.00
         0,     0, 8,12:59:35,12:59:36,     1, 39.20, 41.40, -2.20
         0,     0, 8,13:00:04,13:00:10,     6, 34.50, 41.20, -6.70
  12706705,     0, 8,13:03:06,13:03:09,     3, 41.20, 41.20,  0.00
  12706705,     0, 8,13:03:21,13:04:00,    39, 41.20, 40.90,  0.30
  21268732,  6126, 3,13:03:35,13:04:16,    41, 46.10, 43.70,  2.40
         0,     0, 3,13:04:24,13:04:25,     1, 43.70, 46.20, -2.50
  12706705,     0, 8,13:04:11,13:04:37,    26, 41.00, 40.60,  0.40
  21268732,  6126, 2,13:05:16,13:05:49,    33, 43.50, 40.70,  2.80
         0,     0, 2,13:05:58,13:06:00,     2, 40.70, 44.10, -3.40
  21268732,  6126, 1,13:06:07,13:06:19,    12, 41.40, 40.20,  1.20
  12706705,     0, 8,13:04:48,13:06:43,   115, 40.50, 33.10,  7.40
         0,     0, 8,13:06:51,13:06:59,     8, 33.10, 41.20, -8.10
  12706737,  7146, 3,13:07:03,13:08:57,   114, 46.40, 37.40,  9.00
         0,     0, 3,13:09:05,13:09:11,     6, 37.40, 37.20,  0.20
  11724205,     0, 8,13:07:15,13:10:04,   169, 41.10, 30.00, 11.10
         0,     0, 8,13:10:11,13:10:23,    12, 30.00, 41.30,-11.30
  13008842,     0, 8,13:22:14,13:22:20,     6, 41.20, 41.30, -0.10
  13008842,     0, 8,13:22:30,13:22:31,     1, 41.20, 41.20,  0.00
  12706624,  7033, 3,13:22:29,13:23:19,    50, 46.20, 45.50,  0.70
  12706656,  7065, 3,13:23:31,13:23:35,     4, 45.40, 45.40,  0.00
  12706624,  7033, 4,13:23:35,13:23:36,     1, 43.80, 44.00, -0.20
  12706656,  7065, 4,13:23:45,13:25:01,    76, 43.80, 34.70,  9.10
  12706624,  7033, 3,13:23:54,13:25:06,    72, 45.50, 31.40, 14.10
         0,     0, 4,13:25:10,13:25:18,     8, 34.70, 43.10, -8.40
         0,     0, 3,13:25:13,13:25:25,    12, 31.40, 31.30,  0.10
  12706601,  7010, 4,13:25:39,13:26:32,    53, 43.10, 43.30, -0.20
  12706656,  7065, 3,13:25:57,13:26:36,    39, 46.20, 39.20,  7.00
         0,     0, 3,13:26:43,13:26:48,     5, 39.20, 46.40, -7.20
  12706624,  7033, 2,13:26:07,13:27:09,    62, 44.10, 27.50, 16.60
         0,     0, 2,13:27:17,13:27:32,    15, 27.50, 44.10,-16.60
  13008748,  7169, 4,13:26:59,13:28:13,    74, 43.40, 42.10,  1.30
  12706624,  7033, 1,13:28:04,13:28:23,    19, 40.20, 38.70,  1.50
         0,     0, 1,13:28:30,13:28:32,     2, 38.70, 41.30, -2.60
  13008748,  7169, 4,13:28:22,13:31:37,   195, 42.10, 26.80, 15.30
         0,     0, 4,13:31:45,13:32:00,    15, 26.80, 43.20,-16.40
  12706601,  7010, 3,13:28:35,13:36:15,   460, 46.50, 19.80, 26.70
  11499117,  2007, 2,13:34:46,13:36:27,   101, 44.10, 24.60, 19.50
         0,     0, 3,13:36:22,13:36:45,    23, 19.80, 19.80,  0.00
         0,     0, 2,13:36:34,13:36:53,    19, 24.60, 44.00,-19.40
  12706628,  7037, 4,13:37:42,13:38:59,    77, 43.60, 42.00,  1.60
         0,     0, 4,13:39:06,13:39:06,     0, 42.00, 43.10, -1.10
  12706737,  7146, 4,13:39:17,13:39:25,     8, 43.10, 43.00,  0.10
  12706628,  7037, 3,13:39:04,13:40:40,    96, 46.10, 32.50, 13.60
  12448437,  6050, 1,13:38:05,13:40:51,   166, 41.30, 22.00, 19.30
  12706613,  7022, 2,13:38:49,13:40:55,   126, 44.10, 30.00, 14.10
         0,     0, 3,13:40:48,13:40:59,    11, 32.50, 32.30,  0.20
         0,     0, 2,13:41:02,13:41:16,    14, 30.00, 44.10,-14.10
         0,     0, 1,13:40:59,13:41:19,    20, 22.00, 41.30,-19.30
  12706737,  7146, 3,13:41:14,13:41:48,    34, 46.10, 45.20,  0.90
  12706613,  7022, 4,13:42:08,13:42:36,    28, 42.90, 39.00,  3.90
         0,     0, 4,13:42:43,13:42:47,     4, 39.00, 43.20, -4.20
  13008906,     0, 8,13:43:59,13:44:00,     1, 30.40, 30.40,  0.00
         0,     0, 8,13:44:09,13:44:20,    11, 30.40, 41.20,-10.80
  13008774,  8015, 4,13:50:06,13:50:14,     8, 43.20, 43.30, -0.10
  13008774,  8015, 4,13:50:28,13:52:10,   102, 43.40, 28.40, 15.00
         0,     0, 4,13:52:17,13:52:31,    14, 28.40, 28.30,  0.10
  13008774,  8015, 3,13:52:48,13:53:33,    45, 45.30, 41.70,  3.60
         0,     0, 3,13:53:42,13:53:45,     3, 41.70, 46.10, -4.40
  11724205,     0, 8,13:58:55,14:03:58,   303, 41.20, 33.90,  7.30
         0,     0, 8,14:04:06,14:04:13,     7, 33.90, 41.20, -7.30
  13008774,  8015, 2,14:04:43,14:04:50,     7, 44.00, 43.90,  0.10
  12448415,  6028, 2,14:11:23,14:14:32,   189, 43.90, 23.70, 20.20
         0,     0, 2,14:14:41,14:15:00,    19, 23.70, 44.10,-20.40
  11499231,     0, 8,14:14:44,14:14:59,    15, 41.20, 41.20,  0.00
  12706615,  7024, 2,14:15:27,14:15:31,     4, 44.20, 44.20,  0.00
  12706615,  7024, 1,14:15:37,14:16:37,    60, 41.30, 38.30,  3.00
         0,     0, 1,14:16:45,14:16:47,     2, 38.30, 41.30, -3.00
  12706615,  7024, 1,14:17:10,14:18:28,    78, 41.30, 26.50, 14.80
         0,     0, 1,14:18:36,14:18:50,    14, 26.50, 41.20,-14.70
  11499231,     0, 8,14:25:19,14:28:12,   173, 41.20, 24.20, 17.00
         0,     0, 8,14:28:21,14:28:39,    18, 24.20, 41.20,-17.00
  12199951,  5005, 4,14:31:04,14:32:01,    57, 43.40, 41.70,  1.70
         0,     0, 4,14:32:10,14:32:11,     1, 41.70, 43.20, -1.50
  13008906,     0, 8,14:32:36,14:32:51,    15, 41.20, 40.90,  0.30
  13008906,     0, 8,14:33:13,14:33:29,    16, 39.00, 37.10,  1.90
         0,     0, 8,14:33:36,14:33:39,     3, 37.10, 41.20, -4.10
  12199951,  5005, 4,14:32:21,14:33:57,    96, 43.20, 33.60,  9.60
         0,     0, 4,14:34:05,14:34:14,     9, 33.60, 43.30, -9.70
  12200091,  5145, 1,14:40:45,14:41:54,    69, 41.30, 19.80, 21.50
  12200085,  5139, 2,14:40:10,14:42:04,   114, 44.00, 20.30, 23.70
         0,     0, 1,14:42:02,14:42:24,    22, 19.80, 41.30,-21.50
         0,     0, 2,14:42:13,14:42:36,    23, 20.30, 44.20,-23.90
  12706705,     0, 8,14:51:15,14:51:46,    31, 41.20, 41.00,  0.20
  12706705,     0, 7,14:51:51,14:52:01,    10, 41.20, 41.00,  0.20
  12706705,     0, 8,14:56:13,14:56:20,     7, 41.00, 40.90,  0.10
  12448434,  6047, 1,14:55:30,14:58:09,   159, 41.30, 26.20, 15.10
         0,     0, 1,14:58:17,14:58:31,    14, 26.20, 41.20,-15.00
  12706705,     0, 8,14:56:30,14:59:07,   157, 40.90, 34.80,  6.10
         0,     0, 8,14:59:15,14:59:21,     6, 34.80, 40.10, -5.30
  12448434,  6047, 1,14:58:42,14:59:49,    67, 41.30, 38.50,  2.80
         0,     0, 1,14:59:57,14:59:59,     2, 38.50, 41.30, -2.80
  12706705,     0, 7,14:59:37,15:00:24,    47, 41.00, 38.10,  2.90
         0,     0, 7,15:00:31,15:00:34,     3, 38.10, 41.10, -3.00
  12200083,  5137, 2,15:00:06,15:01:25,    79, 44.10, 28.50, 15.60
  12706727,     0, 8,15:00:46,15:01:33,    47, 40.10, 35.60,  4.50
  12448392,  6005, 3,14:59:19,15:01:37,   138, 46.30, 19.80, 26.50
         0,     0, 8,15:01:41,15:01:47,     6, 35.60, 41.10, -5.50
         0,     0, 2,15:01:34,15:01:49,    15, 28.50, 44.10,-15.60
         0,     0, 3,15:01:45,15:02:07,    22, 19.80, 19.70,  0.10
  12448392,  6005, 3,15:02:17,15:03:21,    64, 46.20, 34.10, 12.10
         0,     0, 3,15:03:29,15:03:38,     9, 34.10, 33.90,  0.20
  12200083,  5137, 2,15:03:19,15:04:09,    50, 44.10, 39.60,  4.50
  12448392,  6005, 4,15:03:54,15:04:12,    18, 43.30, 39.10,  4.20
         0,     0, 2,15:04:17,15:04:20,     3, 39.60, 44.10, -4.50
         0,     0, 4,15:04:21,15:04:25,     4, 39.10, 43.20, -4.10
  12200083,  5137, 4,15:07:42,15:08:11,    29, 43.20, 36.90,  6.30
         0,     0, 4,15:08:20,15:08:26,     6, 36.90, 43.20, -6.30
  12200081,  5135, 2,15:06:01,15:08:52,   171, 44.10, 18.80, 25.30
         0,     0, 2,15:09:00,15:09:24,    24, 18.80, 44.10,-25.30
  12706621,  7030, 1,15:08:27,15:09:40,    73, 41.30, 24.20, 17.10
  12200081,  5135, 2,15:09:35,15:09:55,    20, 44.10, 40.30,  3.80
         0,     0, 1,15:09:48,15:10:04,    16, 24.20, 41.30,-17.10
         0,     0, 2,15:10:02,15:10:04,     2, 40.30, 44.10, -3.80
  21268732,  6126, 3,15:14:15,15:14:53,    38, 46.10, 43.50,  2.60
         0,     0, 3,15:15:01,15:15:02,     1, 43.50, 46.30, -2.80
  11724217,  3117, 4,15:14:10,15:15:06,    56, 43.20, 27.50, 15.70
         0,     0, 4,15:15:15,15:15:30,    15, 27.50, 43.10,-15.60
  12706727,     0, 8,15:15:47,15:15:57,    10, 41.10, 40.30,  0.80
  12706727,     0, 7,15:16:30,15:16:52,    22, 41.20, 38.70,  2.50
         0,     0, 7,15:17:00,15:17:02,     2, 38.70, 41.10, -2.40
  12448391,  6004, 4,15:16:26,15:17:25,    59, 43.30, 30.10, 13.20
         0,     0, 4,15:17:33,15:17:45,    12, 30.10, 43.10,-13.00
  12448472,     0, 8,15:38:52,15:39:09,    17, 40.20, 40.10,  0.10
  12448472,     0, 8,15:39:38,15:40:33,    55, 40.10, 39.70,  0.40
         0,     0, 8,15:40:40,15:40:40,     0, 39.70, 41.10, -1.40
  12448472,     0, 7,15:40:58,15:41:05,     7, 41.10, 41.00,  0.10
  12706634,  7043, 3,15:43:35,15:44:44,    69, 46.50, 38.90,  7.60
         0,     0, 3,15:44:52,15:44:57,     5, 38.90, 38.80,  0.10
  11953971,  4001, 1,15:45:04,15:45:21,    17, 41.30, 41.10,  0.20
  12706634,  7043, 3,15:45:19,15:45:35,    16, 46.30, 42.20,  4.10
         0,     0, 3,15:45:44,15:45:46,     2, 42.20, 46.20, -4.00
  13008842,     0, 7,15:46:05,15:46:07,     2, 41.00, 40.10,  0.90
  12706634,  7043, 2,15:46:24,15:46:30,     6, 43.90, 43.30,  0.60
  13008842,     0, 7,15:46:31,15:46:52,    21, 36.50, 34.10,  2.40
         0,     0, 7,15:47:00,15:47:09,     9, 34.10, 41.10, -7.00
  12706634,  7043, 2,15:46:40,15:47:25,    45, 43.30, 30.20, 13.10
         0,     0, 2,15:47:34,15:47:47,    13, 30.20, 44.10,-13.90
  12706618,  7027, 2,15:48:37,15:48:38,     1, 44.10, 44.10,  0.00
  12448472,     0, 8,15:48:53,15:50:29,    96, 41.10, 34.90,  6.20
         0,     0, 8,15:50:36,15:50:42,     6, 34.90, 41.30, -6.40
  12448472,     0, 8,15:50:52,15:50:58,     6, 40.40, 40.00,  0.40
         0,     0, 8,15:51:06,15:51:06,     0, 40.00, 40.90, -0.90
  12448521,  6134, 1,15:50:09,15:51:49,   100, 41.10, 30.20, 10.90
         0,     0, 1,15:51:56,15:52:06,    10, 30.20, 41.30,-11.10
  13008906,     0, 7,15:53:21,15:53:31,    10, 41.10, 41.10,  0.00
  13008906,     0, 7,15:54:12,15:54:13,     1, 37.90, 37.90,  0.00
  12706707,     0, 8,15:54:05,15:54:15,    10, 41.00, 39.60,  1.40
         0,     0, 8,15:54:23,15:54:24,     1, 39.60, 41.20, -1.60
         0,     0, 7,15:54:22,15:54:26,     4, 37.90, 40.40, -2.50
  12706707,     0, 7,15:54:37,15:54:38,     1, 39.60, 39.70, -0.10
         0,     0, 7,15:54:47,15:54:48,     1, 39.70, 41.10, -1.40
  12448420,  6033, 2,15:54:13,15:55:04,    51, 44.10, 44.10,  0.00
  12706707,     0, 7,15:55:15,15:55:17,     2, 37.80, 37.80,  0.00
         0,     0, 7,15:55:24,15:55:28,     4, 37.80, 41.00, -3.20
  12200079,  5133, 1,15:55:16,15:57:02,   106, 41.30, 25.00, 16.30
         0,     0, 1,15:57:10,15:57:25,    15, 25.00, 41.30,-16.30
  12448420,  6033, 4,15:58:08,16:00:00,   112, 43.60, 34.80,  8.80
         0,     0, 4,16:00:07,16:00:15,     8, 34.80, 43.30, -8.50
  12706618,  7027, 2,16:00:56,16:01:27,    31, 44.00, 38.30,  5.70
         0,     0, 2,16:01:34,16:01:38,     4, 38.30, 44.10, -5.80
  12706618,  7027, 2,16:01:49,16:02:16,    27, 44.10, 37.70,  6.40
         0,     0, 2,16:02:24,16:02:29,     5, 37.70, 44.10, -6.40
  13008738,  7159, 4,16:00:58,16:04:02,   184, 42.90, 23.70, 19.20
  12706700,     0, 7,16:03:58,16:04:04,     6, 41.10, 41.00,  0.10
         0,     0, 4,16:04:09,16:04:27,    18, 23.70, 43.10,-19.40
  12706700,     0, 7,16:04:31,16:05:02,    31, 38.40, 33.70,  4.70
         0,     0, 7,16:05:10,16:05:19,     9, 33.70, 41.10, -7.40
  12706656,  7065, 4,16:05:33,16:06:13,    40, 43.10, 39.70,  3.40
         0,     0, 4,16:06:21,16:06:24,     3, 39.70, 43.20, -3.50
  21268732,  6126, 4,16:08:40,16:09:40,    60, 43.30, 38.00,  5.30
         0,     0, 4,16:09:48,16:09:53,     5, 38.00, 43.30, -5.30
  12706737,  7146, 4,16:10:31,16:10:43,    12, 43.30, 43.50, -0.20
  12200091,  5145, 2,16:12:00,16:12:08,     8, 44.10, 44.10,  0.00
  12706609,  7018, 3,16:12:32,16:12:52,    20, 46.20, 42.00,  4.20
         0,     0, 3,16:13:01,16:13:03,     2, 42.00, 41.90,  0.10
  12706610,  7019, 4,16:11:48,16:13:09,    81, 43.60, 31.30, 12.30
         0,     0, 4,16:13:16,16:13:27,    11, 31.30, 31.40, -0.10
  12706609,  7018, 4,16:13:38,16:13:38,     0, 43.60, 43.80, -0.20
  12706609,  7018, 4,16:13:48,16:14:27,    39, 43.90, 35.00,  8.90
         0,     0, 4,16:14:35,16:14:42,     7, 35.00, 43.10, -8.10
  12706737,  7146, 3,16:13:14,16:14:58,   104, 46.20, 31.90, 14.30
  12199951,  5005, 1,16:12:42,16:14:59,   137, 41.20, 29.20, 12.00
         0,     0, 1,16:15:06,16:15:17,    11, 29.20, 41.30,-12.10
         0,     0, 3,16:15:05,16:15:17,    12, 31.90, 31.80,  0.10
  12200086,  5140, 2,16:13:29,16:15:21,   112, 44.00, 32.30, 11.70
         0,     0, 2,16:15:30,16:15:41,    11, 32.30, 44.10,-11.80
  11724167,  3067, 2,16:15:52,16:17:09,    77, 44.10, 14.70, 29.40
         0,     0, 2,16:17:17,16:17:46,    29, 14.70, 44.10,-29.40
  12706614,  7023, 4,16:18:50,16:18:59,     9, 43.40, 43.30,  0.10
  12448517,  6130, 2,16:17:56,16:20:50,   174, 44.00, 27.50, 16.50
  12200091,  5145, 1,16:19:41,16:20:54,    73, 41.30, 29.30, 12.00
         0,     0, 1,16:21:01,16:21:13,    12, 29.30, 41.30,-12.00
         0,     0, 2,16:20:59,16:21:16,    17, 27.50, 44.00,-16.50
  13008774,  8015, 4,16:19:56,16:21:28,    92, 43.40, 38.00,  5.40
         0,     0, 4,16:21:35,16:21:40,     5, 38.00, 43.30, -5.30
  13008774,  8015, 4,16:21:52,16:21:57,     5, 43.30, 43.40, -0.10
  21268732,  6126, 1,16:22:45,16:23:07,    22, 41.30, 39.40,  1.90
         0,     0, 1,16:23:16,16:23:17,     1, 39.40, 41.30, -1.90
  21268732,  6126, 1,16:23:28,16:23:48,    20, 41.30, 39.20,  2.10
         0,     0, 1,16:23:56,16:23:57,     1, 39.20, 41.30, -2.10
  12448434,  6047, 2,16:23:13,16:24:01,    48, 44.00, 42.80,  1.20
  12448434,  6047, 1,16:24:10,16:24:42,    32, 41.30, 38.40,  2.90
         0,     0, 1,16:24:50,16:24:52,     2, 38.40, 41.20, -2.80
  12448437,  6050, 2,16:24:58,16:25:09,    11, 42.80, 42.80,  0.00
  12448437,  6050, 1,16:25:35,16:26:11,    36, 41.20, 38.80,  2.40
         0,     0, 1,16:26:20,16:26:21,     1, 38.80, 41.30, -2.50
  12448518,  6131, 4,16:26:29,16:26:34,     5, 43.30, 43.50, -0.20
  12706618,  7027, 2,16:26:16,16:27:02,    46, 42.80, 33.00,  9.80
  12706613,  7022, 1,16:26:31,16:27:10,    39, 41.30, 36.90,  4.40
         0,     0, 2,16:27:09,16:27:19,    10, 33.00, 43.90,-10.90
         0,     0, 1,16:27:18,16:27:21,     3, 36.90, 41.30, -4.40
  12706620,  7029, 3,16:25:44,16:27:32,   108, 45.90, 32.40, 13.50
         0,     0, 3,16:27:40,16:27:51,    11, 32.40, 32.30,  0.10
  12448391,  6004, 4,16:26:59,16:28:17,    78, 43.60, 33.90,  9.70
         0,     0, 4,16:28:25,16:28:34,     9, 33.90, 43.20, -9.30
  12706621,  7030, 2,16:28:13,16:29:08,    55, 44.00, 34.80,  9.20
         0,     0, 2,16:29:15,16:29:23,     8, 34.80, 44.20, -9.40
  12706621,  7030, 1,16:29:24,16:29:50,    26, 41.30, 36.90,  4.40
         0,     0, 1,16:29:58,16:30:01,     3, 36.90, 41.30, -4.40
  12448420,  6033, 3,16:28:01,16:29:59,   118, 46.00, 36.70,  9.30
         0,     0, 3,16:30:08,16:30:15,     7, 36.70, 36.60,  0.10
  12706656,  7065, 2,16:30:11,16:30:46,    35, 44.20, 36.90,  7.30
         0,     0, 2,16:30:55,16:31:01,     6, 36.90, 44.10, -7.20
  12448472,     0, 8,16:29:48,16:32:29,   161, 40.90, 38.20,  2.70
  12448518,  6131, 2,16:31:32,16:32:32,    60, 44.10, 30.20, 13.90
         0,     0, 8,16:32:37,16:32:39,     2, 38.20, 41.20, -3.00
         0,     0, 2,16:32:40,16:32:53,    13, 30.20, 44.10,-13.90
  12706620,  7029, 2,16:33:08,16:34:02,    54, 44.10, 33.10, 11.00
  13008774,  8015, 1,16:31:36,16:34:02,   146, 41.30, 36.40,  4.90
  13008748,  7169, 4,16:33:44,16:34:07,    23, 43.10, 42.90,  0.20
         0,     0, 1,16:34:10,16:34:15,     5, 36.40, 41.20, -4.80
         0,     0, 2,16:34:09,16:34:20,    11, 33.10, 44.10,-11.00
  12448516,  6129, 3,16:33:56,16:34:42,    46, 46.40, 36.40, 10.00
         0,     0, 3,16:34:50,16:34:58,     8, 36.40, 37.50, -1.10
  12706737,  7146, 2,16:34:31,16:35:37,    66, 44.10, 41.20,  2.90
         0,     0, 2,16:35:45,16:35:46,     1, 41.20, 44.00, -2.80
  12448408,  6021, 4,16:34:18,16:35:49,    91, 42.90, 23.70, 19.20
  12706727,     0, 8,16:35:33,16:36:13,    40, 41.20, 35.60,  5.60
         0,     0, 4,16:35:58,16:36:18,    20, 23.70, 43.00,-19.30
         0,     0, 8,16:36:22,16:36:27,     5, 35.60, 41.20, -5.60
  12706737,  7146, 2,16:35:56,16:37:20,    84, 44.00, 42.10,  1.90
  12448516,  6129, 4,16:36:35,16:38:01,    86, 43.20, 33.00, 10.20
  13008748,  7169, 3,16:35:10,16:38:07,   177, 45.90, 36.80,  9.10
         0,     0, 4,16:38:08,16:38:18,    10, 33.00, 43.20,-10.20
         0,     0, 3,16:38:15,16:38:22,     7, 36.80, 36.80,  0.00
  12706656,  7065, 1,16:38:14,16:39:12,    58, 41.30, 34.60,  6.70
  12706614,  7023, 2,16:38:58,16:39:16,    18, 42.00, 41.90,  0.10
         0,     0, 2,16:39:24,16:39:24,     0, 41.90, 43.80, -1.90
         0,     0, 1,16:39:19,16:39:25,     6, 34.60, 41.20, -6.60
  11499117,  2007, 4,16:40:50,16:41:55,    65, 43.20, 29.40, 13.80
         0,     0, 4,16:42:02,16:42:15,    13, 29.40, 43.20,-13.80
  12706614,  7023, 2,16:39:41,16:42:55,   194, 43.90, 18.00, 25.90
         0,     0, 2,16:43:04,16:43:30,    26, 18.00, 44.00,-26.00
  12706634,  7043, 1,16:42:34,16:44:08,    94, 41.20, 33.50,  7.70
         0,     0, 1,16:44:16,16:44:23,     7, 33.50, 41.20, -7.70
  12706707,     0, 8,16:44:26,16:44:44,    18, 41.20, 40.30,  0.90
  12448415,  6028, 2,16:44:31,16:44:55,    24, 44.00, 44.00,  0.00
  12448437,  6050, 2,16:45:23,16:46:17,    54, 44.00, 32.30, 11.70
  13008774,  8015, 1,16:45:57,16:46:20,    23, 41.30, 41.20,  0.10
         0,     0, 2,16:46:26,16:46:37,    11, 32.30, 44.00,-11.70
  13008774,  8015, 1,16:46:44,16:47:05,    21, 41.20, 41.10,  0.10
  13008774,  8015, 1,16:47:19,16:48:12,    53, 41.10, 40.10,  1.00
  12706630,  7039, 3,16:47:13,16:49:25,   132, 46.20, 29.50, 16.70
         0,     0, 3,16:49:32,16:49:46,    14, 29.50, 29.40,  0.10
  12706610,  7019, 1,16:48:59,16:49:46,    47, 40.10, 30.20,  9.90
  12448415,  6028, 2,16:47:23,16:49:52,   149, 44.00, 28.80, 15.20
         0,     0, 1,16:49:53,16:50:03,    10, 30.20, 41.30,-11.10
  12448391,  6004, 4,16:48:43,16:50:09,    86, 43.10, 36.30,  6.80
         0,     0, 2,16:50:00,16:50:15,    15, 28.80, 44.00,-15.20
         0,     0, 4,16:50:17,16:50:23,     6, 36.30, 43.20, -6.90
  12706628,  7037, 2,16:50:33,16:51:03,    30, 44.00, 40.50,  3.50
         0,     0, 2,16:51:11,16:51:13,     2, 40.50, 44.10, -3.60
  12706618,  7027, 1,16:51:23,16:51:49,    26, 41.40, 38.60,  2.80
         0,     0, 1,16:51:56,16:51:58,     2, 38.60, 41.40, -2.80
  12706613,  7022, 2,16:52:27,16:53:01,    34, 44.10, 39.00,  5.10
  12706707,     0, 8,16:52:51,16:53:05,    14, 40.20, 38.50,  1.70
         0,     0, 2,16:53:09,16:53:13,     4, 39.00, 44.00, -5.00
         0,     0, 8,16:53:13,16:53:15,     2, 38.50, 41.20, -2.70
  11954042,  4072, 2,16:53:29,16:53:57,    28, 44.00, 43.70,  0.30
  11724217,  3117, 4,16:53:55,16:54:00,     5, 43.10, 43.30, -0.20
  12706628,  7037, 3,16:54:33,16:54:58,    25, 46.20, 41.60,  4.60
         0,     0, 3,16:55:06,16:55:09,     3, 41.60, 41.50,  0.10
  11954042,  4072, 2,16:54:40,16:56:04,    84, 43.70, 21.10, 22.60
         0,     0, 2,16:56:11,16:56:34,    23, 21.10, 44.10,-23.00
  12706642,  7051, 1,16:56:14,16:57:36,    82, 41.40, 31.30, 10.10
         0,     0, 1,16:57:45,16:57:54,     9, 31.30, 41.40,-10.10
  12706613,  7022, 1,16:59:34,17:00:05,    31, 41.40, 38.20,  3.20
         0,     0, 1,17:00:13,17:00:15,     2, 38.20, 41.30, -3.10
  11724205,     0, 8,16:59:18,17:02:28,   190, 41.20, 31.60,  9.60
         0,     0, 8,17:02:36,17:02:46,    10, 31.60, 41.20, -9.60
  12448420,  6033, 1,17:03:05,17:04:48,   103, 41.30, 38.00,  3.30
         0,     0, 1,17:04:55,17:04:57,     2, 38.00, 41.30, -3.30
  11953971,  4001, 4,17:05:27,17:06:50,    83, 43.20, 39.70,  3.50
         0,     0, 4,17:06:58,17:07:01,     3, 39.70, 43.20, -3.50
  12448398,  6011, 1,17:06:42,17:08:07,    85, 41.30, 24.50, 16.80
  12448517,  6130, 2,17:06:26,17:08:09,   103, 44.00, 31.30, 12.70
  11953971,  4001, 4,17:07:12,17:08:09,    57, 43.30, 22.40, 20.90
         0,     0, 2,17:08:16,17:08:30,    14, 31.30, 44.00,-12.70
         0,     0, 1,17:08:15,17:08:33,    18, 24.50, 41.30,-16.80
  11724217,  3117, 3,17:07:13,17:08:32,    79, 46.10, 26.40, 19.70
         0,     0, 4,17:08:17,17:08:38,    21, 22.40, 43.20,-20.80
         0,     0, 3,17:08:39,17:08:55,    16, 26.40, 26.40,  0.00
  12448518,  6131, 2,17:08:57,17:10:15,    78, 44.00, 30.50, 13.50
         0,     0, 2,17:10:22,17:10:36,    14, 30.50, 44.10,-13.60
  12448516,  6129, 4,17:10:22,17:11:11,    49, 43.30, 37.40,  5.90
         0,     0, 4,17:11:19,17:11:24,     5, 37.40, 43.00, -5.60
  12706628,  7037, 3,17:11:26,17:12:28,    62, 46.20, 34.70, 11.50
  12706620,  7029, 1,17:10:14,17:12:36,   142, 41.30, 37.20,  4.10
         0,     0, 3,17:12:35,17:12:44,     9, 34.70, 34.50,  0.20
         0,     0, 1,17:12:43,17:12:47,     4, 37.20, 41.20, -4.00
  12706628,  7037, 4,17:12:45,17:13:09,    24, 43.20, 39.10,  4.10
         0,     0, 4,17:13:17,17:13:21,     4, 39.10, 43.10, -4.00
  12448408,  6021, 2,17:13:28,17:14:36,    68, 44.00, 27.40, 16.60
         0,     0, 2,17:14:44,17:15:00,    16, 27.40, 44.10,-16.70
  12706618,  7027, 1,17:14:35,17:15:22,    47, 41.30, 30.80, 10.50
         0,     0, 1,17:15:31,17:15:41,    10, 30.80, 41.30,-10.50
  12706705,     0, 8,17:15:46,17:15:58,    12, 41.20, 41.20,  0.00
  12706613,  7022, 1,17:16:22,17:16:50,    28, 41.30, 37.50,  3.80
         0,     0, 1,17:16:58,17:17:01,     3, 37.50, 41.30, -3.80
  12706613,  7022, 2,17:17:33,17:17:43,    10, 44.10, 43.60,  0.50
  12448437,  6050, 3,17:20:04,17:21:21,    77, 45.90, 38.80,  7.10
         0,     0, 3,17:21:29,17:21:34,     5, 38.80, 38.70,  0.10
  13008842,     0, 7,17:24:22,17:24:27,     5, 41.10, 41.10,  0.00
  13008748,  7169, 4,17:21:57,17:25:32,   215, 43.20, 37.10,  6.10
         0,     0, 4,17:25:39,17:25:44,     5, 37.10, 43.20, -6.10
  12448521,  6134, 1,17:25:21,17:26:36,    75, 41.30, 29.20, 12.10
         0,     0, 1,17:26:45,17:26:56,    11, 29.20, 41.30,-12.10
  11499117,  2007, 2,17:26:39,17:27:56,    77, 43.60, 34.60,  9.00
         0,     0, 2,17:28:03,17:28:11,     8, 34.60, 44.00, -9.40
  12706634,  7043, 1,17:29:13,17:31:05,   112, 41.30, 26.00, 15.30
         0,     0, 1,17:31:12,17:31:27,    15, 26.00, 41.30,-15.30
  12706642,  7051, 2,17:30:52,17:33:30,   158, 44.00, 35.20,  8.80
         0,     0, 2,17:33:38,17:33:46,     8, 35.20, 44.00, -8.80
  13008906,     0, 8,17:33:58,17:34:00,     2, 39.70, 39.90, -0.20
         0,     0, 8,17:34:08,17:34:09,     1, 39.90, 41.20, -1.30
  13008906,     0, 8,17:34:40,17:34:42,     2, 35.90, 35.90,  0.00
         0,     0, 8,17:34:51,17:34:56,     5, 35.90, 41.20, -5.30
  13008906,     0, 8,17:35:08,17:35:11,     3, 41.20, 41.20,  0.00
  12448434,  6047, 3,17:35:57,17:37:21,    84, 46.00, 34.60, 11.40
         0,     0, 3,17:37:28,17:37:37,     9, 34.60, 46.20,-11.60
  12706601,  7010, 2,17:42:15,17:45:08,   173, 44.00, 24.40, 19.60
  12706624,  7033, 1,17:44:35,17:45:22,    47, 41.20, 40.70,  0.50
         0,     0, 2,17:45:17,17:45:36,    19, 24.40, 44.10,-19.70
  11724217,  3117, 3,17:46:19,17:47:27,    68, 46.20, 28.10, 18.10
         0,     0, 3,17:47:34,17:47:49,    15, 28.10, 28.00,  0.10
  12706624,  7033, 2,17:48:01,17:48:22,    21, 44.00, 43.80,  0.20
  12706624,  7033, 2,17:48:32,17:48:55,    23, 43.80, 42.90,  0.90
  12706624,  7033, 2,17:49:05,17:50:10,    65, 42.90, 39.50,  3.40
         0,     0, 2,17:50:19,17:50:22,     3, 39.50, 44.00, -4.50
  13008906,     0, 8,17:50:58,17:51:09,    11, 41.10, 41.10,  0.00
  12706624,  7033, 2,17:50:47,17:51:09,    22, 44.00, 42.60,  1.40
  12706628,  7037, 1,17:51:25,17:52:09,    44, 40.70, 29.30, 11.40
  13008906,     0, 8,17:51:55,17:52:19,    24, 40.30, 37.60,  2.70
         0,     0, 1,17:52:17,17:52:28,    11, 29.30, 41.20,-11.90
         0,     0, 8,17:52:27,17:52:30,     3, 37.60, 41.20, -3.60
  13008738,  7159, 3,17:52:59,17:55:17,   138, 46.10, 28.40, 17.70
         0,     0, 3,17:55:25,17:55:40,    15, 28.40, 28.30,  0.10
  12200086,  5140, 2,17:55:49,17:56:18,    29, 42.60, 39.10,  3.50
         0,     0, 2,17:56:25,17:56:29,     4, 39.10, 44.00, -4.90
  12448518,  6131, 1,17:56:06,17:56:35,    29, 41.30, 41.00,  0.30
  12448518,  6131, 1,17:57:08,17:57:23,    15, 41.00, 37.70,  3.30
         0,     0, 1,17:57:31,17:57:34,     3, 37.70, 41.30, -3.60
  12200085,  5139, 2,17:56:43,17:58:23,   100, 44.00, 23.20, 20.80
         0,     0, 2,17:58:32,17:58:52,    20, 23.20, 44.00,-20.80
  12448521,  6134, 1,17:57:44,17:59:12,    88, 41.30, 32.60,  8.70
         0,     0, 1,17:59:21,17:59:29,     8, 32.60, 41.20, -8.60
  12448434,  6047, 1,18:00:44,18:02:13,    89, 41.20, 32.30,  8.90
         0,     0, 1,18:02:21,18:02:29,     8, 32.30, 41.30, -9.00
  12200086,  5140, 2,18:01:09,18:02:50,   101, 44.00, 37.80,  6.20
         0,     0, 2,18:02:58,18:03:03,     5, 37.80, 44.10, -6.30
  11724167,  3067, 1,18:02:39,18:03:53,    74, 41.30, 15.30, 26.00
         0,     0, 1,18:04:02,18:04:27,    25, 15.30, 41.30,-26.00
  12706621,  7030, 2,18:05:48,18:06:47,    59, 44.10, 34.00, 10.10
         0,     0, 2,18:06:55,18:07:04,     9, 34.00, 44.10,-10.10
  12706656,  7065, 4,18:11:34,18:12:43,    69, 43.30, 27.30, 16.00
  12706610,  7019, 2,18:11:58,18:13:03,    65, 44.10, 30.70, 13.40
         0,     0, 4,18:12:52,18:13:07,    15, 27.30, 43.20,-15.90
  12706628,  7037, 1,18:12:32,18:13:04,    32, 41.40, 36.80,  4.60
         0,     0, 1,18:13:13,18:13:17,     4, 36.80, 41.30, -4.50
         0,     0, 2,18:13:10,18:13:23,    13, 30.70, 44.10,-13.40
  12448398,  6011, 1,18:15:23,18:16:37,    74, 41.30, 26.50, 14.80
         0,     0, 1,18:16:45,18:16:59,    14, 26.50, 41.30,-14.80
  11724217,  3117, 3,18:16:16,18:17:26,    70, 46.20, 29.30, 16.90
         0,     0, 3,18:17:34,18:17:48,    14, 29.30, 29.10,  0.20
  12706700,     0, 7,18:17:58,18:18:40,    42, 41.10, 34.20,  6.90
         0,     0, 7,18:18:49,18:18:58,     9, 34.20, 41.10, -6.90
  12706624,  7033, 2,18:20:11,18:21:01,    50, 44.10, 42.70,  1.40
  12706707,     0, 8,18:21:41,18:21:52,    11, 41.10, 40.30,  0.80
  12706707,     0, 8,18:22:58,18:23:07,     9, 40.20, 40.20,  0.00
  12706707,     0, 7,18:23:28,18:23:46,    18, 41.10, 39.40,  1.70
         0,     0, 7,18:23:54,18:23:55,     1, 39.40, 41.10, -1.70
  12706624,  7033, 2,18:24:08,18:25:11,    63, 42.60, 40.00,  2.60
  12200086,  5140, 3,18:24:49,18:25:19,    30, 46.10, 41.80,  4.30
         0,     0, 2,18:25:20,18:25:23,     3, 40.00, 44.20, -4.20
         0,     0, 3,18:25:27,18:25:30,     3, 41.80, 46.20, -4.40
  13323412,     0, 5,18:28:13,18:29:57,   104,  4.50,  4.30,  0.20
  12706628,  7037, 3,18:29:37,18:30:10,    33, 46.20, 41.90,  4.30
         0,     0, 3,18:30:18,18:30:21,     3, 41.90, 41.80,  0.10
         0,     0, 5,18:30:04,18:30:36,    32,  4.30, 41.60,-37.30
  12448426,  6039, 1,18:29:58,18:30:47,    49, 41.40, 25.60, 15.80
         0,     0, 1,18:30:56,18:31:11,    15, 25.60, 41.30,-15.70
  12448426,  6039, 1,18:31:47,18:32:01,    14, 41.30, 37.30,  4.00
         0,     0, 1,18:32:08,18:32:11,     3, 37.30, 41.20, -3.90
  12706628,  7037, 4,18:32:04,18:32:27,    23, 43.40, 38.90,  4.50
         0,     0, 4,18:32:35,18:32:39,     4, 38.90, 43.20, -4.30
  12706705,     0, 8,18:32:32,18:32:37,     5, 40.20, 40.20,  0.00
  12706601,  7010, 2,18:32:14,18:35:32,   198, 44.10, 35.80,  8.30
         0,     0, 2,18:35:40,18:35:47,     7, 35.80, 44.10, -8.30
  12200079,  5133, 1,18:33:37,18:36:11,   154, 41.20, 13.20, 28.00
         0,     0, 1,18:36:19,18:36:46,    27, 13.20, 41.20,-28.00
  12706628,  7037, 2,18:36:50,18:37:02,    12, 44.10, 42.80,  1.30
  12706620,  7029, 3,18:36:12,18:37:20,    68, 46.20, 37.90,  8.30
         0,     0, 3,18:37:28,18:37:34,     6, 37.90, 37.90,  0.00
  12706621,  7030, 1,18:37:20,18:38:13,    53, 41.20, 28.80, 12.40
         0,     0, 1,18:38:21,18:38:33,    12, 28.80, 41.30,-12.50
  11499231,     0, 7,18:37:31,18:38:40,    69, 41.10, 38.00,  3.10
         0,     0, 7,18:38:48,18:38:51,     3, 38.00, 41.00, -3.00
  11499231,     0, 7,18:39:14,18:39:30,    16, 41.00, 39.50,  1.50
         0,     0, 7,18:39:38,18:39:39,     1, 39.50, 41.20, -1.70
  13323412,     0, 5,18:40:18,18:40:30,    12, 35.80, 35.80,  0.00
         0,     0, 5,18:40:37,18:40:41,     4, 35.80, 35.90, -0.10
  12706613,  7022, 4,18:40:52,18:42:06,    74, 43.10, 31.90, 11.20
         0,     0, 4,18:42:13,18:42:23,    10, 31.90, 43.30,-11.40
  12706613,  7022, 3,18:42:47,18:43:23,    36, 46.40, 43.20,  3.20
         0,     0, 3,18:43:30,18:43:31,     1, 43.20, 46.30, -3.10
  11953971,  4001, 4,18:42:33,18:44:04,    91, 43.20, 25.30, 17.90
         0,     0, 4,18:44:13,18:44:30,    17, 25.30, 43.30,-18.00
  12200086,  5140, 4,18:44:40,18:44:59,    19, 43.30, 40.60,  2.70
         0,     0, 4,18:45:07,18:45:09,     2, 40.60, 43.30, -2.70
  12706737,  7146, 2,18:43:21,18:45:19,   118, 42.80, 33.40,  9.40
         0,     0, 2,18:45:28,18:45:37,     9, 33.40, 44.10,-10.70
  12200086,  5140, 4,18:45:19,18:45:50,    31, 43.30, 39.00,  4.30
         0,     0, 4,18:45:59,18:46:03,     4, 39.00, 43.10, -4.10
  12200081,  5135, 4,18:46:38,18:46:53,    15, 43.20, 42.70,  0.50
  11954042,  4072, 2,18:48:38,18:48:56,    18, 44.00, 44.00,  0.00
  12200081,  5135, 4,18:47:12,18:49:00,   108, 42.70, 20.50, 22.20
         0,     0, 4,18:49:08,18:49:30,    22, 20.50, 43.30,-22.80
  11954042,  4072, 2,18:49:07,18:49:37,    30, 44.00, 42.80,  1.20
  12448392,  6005, 3,18:49:45,18:50:46,    61, 46.40, 38.10,  8.30
         0,     0, 3,18:50:55,18:51:01,     6, 38.10, 37.90,  0.20
  11954042,  4072, 2,18:49:47,18:51:10,    83, 42.90, 24.20, 18.70
  12448482,     0, 8,18:50:27,18:51:26,    59, 40.10, 39.90,  0.20
         0,     0, 8,18:51:35,18:51:35,     0, 39.90, 41.00, -1.10
         0,     0, 2,18:51:18,18:51:37,    19, 24.20, 44.10,-19.90
  12448482,     0, 7,18:51:47,18:51:54,     7, 41.10, 41.00,  0.10
  12448482,     0, 7,18:52:22,18:52:30,     8, 41.00, 41.00,  0.00
  12448472,     0, 8,18:51:54,18:52:28,    34, 41.00, 38.40,  2.60
         0,     0, 8,18:52:37,18:52:39,     2, 38.40, 41.20, -2.80
  12448472,     0, 7,18:52:45,18:52:46,     1, 39.90, 39.90,  0.00
  12448415,  6028, 4,18:50:44,18:52:47,   123, 43.50, 29.30, 14.20
         0,     0, 7,18:52:53,18:52:54,     1, 39.90, 41.00, -1.10
         0,     0, 4,18:52:56,18:53:09,    13, 29.30, 43.20,-13.90
  12200083,  5137, 2,18:54:33,18:55:24,    51, 44.10, 33.30, 10.80
         0,     0, 2,18:55:32,18:55:42,    10, 33.30, 44.00,-10.70
  12200085,  5139, 3,18:54:19,18:55:40,    81, 45.90, 34.40, 11.50
         0,     0, 3,18:55:49,18:55:58,     9, 34.40, 34.40,  0.00
  12706656,  7065, 3,18:56:08,18:57:10,    62, 46.30, 39.40,  6.90
         0,     0, 3,18:57:19,18:57:24,     5, 39.40, 39.30,  0.10
  12706615,  7024, 4,18:56:01,18:57:41,   100, 43.40, 30.30, 13.10
  12706613,  7022, 1,18:56:49,18:57:41,    52, 41.30, 36.90,  4.40
         0,     0, 1,18:57:50,18:57:53,     3, 36.90, 41.30, -4.40
         0,     0, 4,18:57:49,18:58:01,    12, 30.30, 43.20,-12.90
  13008842,     0, 8,18:58:42,18:59:11,    29, 41.20, 32.30,  8.90
         0,     0, 8,18:59:19,18:59:28,     9, 32.30, 41.20, -8.90
  12706630,  7039, 1,18:58:04,18:59:30,    86, 41.30, 26.30, 15.00
         0,     0, 1,18:59:37,18:59:52,    15, 26.30, 41.30,-15.00
  12200083,  5137, 1,19:00:02,19:00:36,    34, 41.30, 34.70,  6.60
         0,     0, 1,19:00:45,19:00:51,     6, 34.70, 41.30, -6.60
  12706620,  7029, 2,19:01:45,19:03:32,   107, 44.00, 38.50,  5.50
         0,     0, 2,19:03:39,19:03:43,     4, 38.50, 44.10, -5.60
  12706613,  7022, 2,19:04:15,19:04:36,    21, 44.10, 42.60,  1.50
  12706737,  7146, 3,19:08:17,19:09:08,    51, 46.30, 43.70,  2.60
  12706628,  7037, 2,19:08:21,19:09:10,    49, 42.60, 38.90,  3.70
         0,     0, 3,19:09:15,19:09:16,     1, 43.70, 46.20, -2.50
         0,     0, 2,19:09:19,19:09:23,     4, 38.90, 44.00, -5.10
  12448451,     0, 7,19:09:00,19:09:57,    57, 41.00, 38.50,  2.50
         0,     0, 7,19:10:04,19:10:07,     3, 38.50, 40.20, -1.70
  12448451,     0, 7,19:10:23,19:10:25,     2, 37.70, 37.70,  0.00
  12706628,  7037, 1,19:09:43,19:10:25,    42, 41.30, 38.40,  2.90
         0,     0, 1,19:10:33,19:10:35,     2, 38.40, 41.20, -2.80
         0,     0, 7,19:10:32,19:10:36,     4, 37.70, 41.10, -3.40
  12448516,  6129, 4,19:09:05,19:10:41,    96, 43.30, 22.30, 21.00
  12448451,     0, 7,19:10:53,19:11:01,     8, 41.10, 40.00,  1.10
         0,     0, 7,19:11:08,19:11:08,     0, 40.00, 40.90, -0.90
         0,     0, 4,19:10:49,19:11:09,    20, 22.30, 43.40,-21.10
  12706620,  7029, 2,19:11:06,19:12:33,    87, 44.10, 40.60,  3.50
         0,     0, 2,19:12:41,19:12:43,     2, 40.60, 44.10, -3.50
  12706707,     0, 7,19:13:17,19:13:21,     4, 40.90, 40.80,  0.10
  12706707,     0, 7,19:13:52,19:14:06,    14, 40.80, 39.10,  1.70
         0,     0, 7,19:14:14,19:14:16,     2, 39.10, 41.10, -2.00
  21268732,  6126, 4,19:12:55,19:14:25,    90, 43.40, 37.30,  6.10
         0,     0, 4,19:14:34,19:14:39,     5, 37.30, 43.00, -5.70
  21268732,  6126, 4,19:14:49,19:15:40,    51, 42.90, 36.50,  6.40
         0,     0, 4,19:15:48,19:15:54,     6, 36.50, 43.20, -6.70
  11724172,     0, 8,19:16:57,19:17:04,     7, 41.20, 41.10,  0.10
  12448521,  6134, 4,19:16:04,19:17:17,    73, 43.20, 34.10,  9.10
  12448482,     0, 8,19:17:19,19:17:21,     2, 43.50, 41.00,  2.50
         0,     0, 4,19:17:25,19:17:34,     9, 34.10, 33.80,  0.30
  12448420,  6033, 3,19:16:10,19:17:43,    93, 46.20, 38.00,  8.20
  12448482,     0, 8,19:17:52,19:17:54,     2, 40.80, 40.80,  0.00
         0,     0, 3,19:17:52,19:17:58,     6, 38.00, 37.90,  0.10
  11499184,  2074, 2,19:17:51,19:18:12,    21, 44.10, 35.20,  8.90
         0,     0, 5,19:18:19,19:18:22,     3, 37.40, 41.50, -4.10
         0,     0, 2,19:18:20,19:18:28,     8, 35.20, 44.20, -9.00
  12448482,     0, 8,19:19:16,19:19:19,     3, 40.60, 40.70, -0.10
  12706727,     0, 7,19:19:27,19:19:42,    15, 41.10, 39.10,  2.00
         0,     0, 7,19:19:51,19:19:53,     2, 39.10, 41.20, -2.10
  12706609,  7018, 4,19:21:18,19:22:07,    49, 43.40, 36.80,  6.60
         0,     0, 4,19:22:14,19:22:20,     6, 36.80, 36.80,  0.00
  12448415,  6028, 3,19:21:28,19:23:06,    98, 46.10, 37.90,  8.20
         0,     0, 3,19:23:14,19:23:20,     6, 37.90, 46.20, -8.30
  21268732,  6126, 2,19:23:23,19:24:56,    93, 44.10, 36.50,  7.60
         0,     0, 2,19:25:04,19:25:10,     6, 36.50, 44.10, -7.60
  12706628,  7037, 3,19:25:19,19:27:13,   114, 46.30, 41.30,  5.00
         0,     0, 3,19:27:21,19:27:24,     3, 41.30, 41.20,  0.10
  12706630,  7039, 1,19:28:53,19:29:47,    54, 41.20, 33.90,  7.30
         0,     0, 1,19:29:54,19:30:01,     7, 33.90, 41.30, -7.40
  11954042,  4072, 2,19:30:19,19:31:06,    47, 44.20, 36.80,  7.40
         0,     0, 2,19:31:14,19:31:20,     6, 36.80, 44.10, -7.30
  12200081,  5135, 4,19:30:21,19:31:25,    64, 43.10, 33.70,  9.40
         0,     0, 4,19:31:34,19:31:43,     9, 33.70, 43.30, -9.60
  12706615,  7024, 3,19:31:17,19:32:37,    80, 46.20, 32.30, 13.90
         0,     0, 3,19:32:44,19:32:55,    11, 32.30, 32.20,  0.10
  12706624,  7033, 2,19:35:05,19:37:23,   138, 44.10, 31.30, 12.80
         0,     0, 2,19:37:30,19:37:42,    12, 31.30, 44.10,-12.80
  12200091,  5145, 4,19:38:22,19:39:09,    47, 43.20, 31.40, 11.80
         0,     0, 4,19:39:17,19:39:28,    11, 31.40, 43.30,-11.90
  12706614,  7023, 1,19:39:24,19:40:16,    52, 41.30, 40.70,  0.60
  13008774,  8015, 2,19:39:27,19:40:46,    79, 44.10, 32.30, 11.80
  12448521,  6134, 1,19:40:33,19:40:51,    18, 40.70, 40.50,  0.20
         0,     0, 2,19:40:54,19:41:05,    11, 32.30, 44.10,-11.80
  12706614,  7023, 1,19:41:15,19:42:44,    89, 40.50, 22.70, 17.80
         0,     0, 1,19:42:51,19:43:09,    18, 22.70, 41.30,-18.60
  12448392,  6005, 3,19:41:50,19:43:13,    83, 46.10, 32.10, 14.00
         0,     0, 3,19:43:20,19:43:31,    11, 32.10, 31.90,  0.20
  12199951,  5005, 2,19:41:17,19:44:22,   185, 44.10, 27.90, 16.20
         0,     0, 2,19:44:30,19:44:45,    15, 27.90, 44.10,-16.20
  12448437,  6050, 4,19:43:36,19:45:18,   102, 43.40, 30.40, 13.00
         0,     0, 4,19:45:26,19:45:38,    12, 30.40, 42.70,-12.30
  12706705,     0, 8,19:46:28,19:46:42,    14, 40.50, 39.80,  0.70
  12706609,  7018, 3,19:45:58,19:46:45,    47, 46.10, 38.90,  7.20
         0,     0, 8,19:46:51,19:46:52,     1, 39.80, 41.20, -1.40
         0,     0, 3,19:46:53,19:46:58,     5, 38.90, 38.80,  0.10
  12448391,  6004, 2,19:47:09,19:48:03,    54, 44.10, 29.70, 14.40
         0,     0, 2,19:48:10,19:48:23,    13, 29.70, 44.20,-14.50
  12448516,  6129, 3,19:47:57,19:48:37,    40, 46.40, 40.10,  6.30
         0,     0, 3,19:48:44,19:48:48,     4, 40.10, 40.00,  0.10
  12706705,     0, 8,19:47:11,19:49:20,   129, 40.10, 29.50, 10.60
         0,     0, 8,19:49:28,19:49:40,    12, 29.50, 41.30,-11.80
  12200079,  5133, 2,19:48:33,19:50:00,    87, 44.20, 31.10, 13.10
         0,     0, 2,19:50:08,19:50:20,    12, 31.10, 44.00,-12.90
  12448518,  6131, 4,19:50:00,19:50:58,    58, 42.70, 31.00, 11.70
         0,     0, 4,19:51:06,19:51:17,    11, 31.00, 43.10,-12.10
  12448408,  6021, 2,19:51:46,19:52:42,    56, 44.00, 33.30, 10.70
         0,     0, 2,19:52:50,19:53:00,    10, 33.30, 44.10,-10.80
  12448408,  6021, 2,19:53:10,19:53:54,    44, 44.10, 35.80,  8.30
         0,     0, 2,19:54:02,19:54:09,     7, 35.80, 44.00, -8.20
  12706630,  7039, 2,19:57:30,19:58:07,    37, 44.10, 40.20,  3.90
         0,     0, 2,19:58:15,19:58:17,     2, 40.20, 44.10, -3.90
  12706630,  7039, 1,19:58:12,19:58:30,    18, 41.30, 38.60,  2.70
         0,     0, 1,19:58:38,19:58:40,     2, 38.60, 41.40, -2.80
  12706624,  7033, 2,20:02:19,20:02:53,    34, 44.10, 43.00,  1.10
  12706614,  7023, 4,20:02:35,20:03:06,    31, 43.40, 41.30,  2.10
         0,     0, 4,20:03:14,20:03:15,     1, 41.30, 43.20, -1.90
  12448391,  6004, 1,20:04:13,20:04:24,    11, 41.40, 41.40,  0.00
  12448517,  6130, 2,20:03:05,20:05:53,   168, 43.00, 27.80, 15.20
         0,     0, 2,20:06:00,20:06:16,    16, 27.80, 44.00,-16.20
  12706609,  7018, 4,20:05:49,20:06:30,    41, 43.20, 39.00,  4.20
         0,     0, 4,20:06:37,20:06:41,     4, 39.00, 43.20, -4.20
  12200085,  5139, 1,20:06:22,20:07:22,    60, 41.30, 28.70, 12.60
         0,     0, 1,20:07:30,20:07:42,    12, 28.70, 41.40,-12.70
  12706642,  7051, 3,20:06:23,20:07:41,    78, 46.20, 32.10, 14.10
         0,     0, 3,20:07:49,20:08:00,    11, 32.10, 31.90,  0.20
  13008906,     0, 8,20:11:08,20:11:56,    48, 41.20, 35.70,  5.50
         0,     0, 8,20:12:05,20:12:10,     5, 35.70, 41.20, -5.50
  12200091,  5145, 3,20:12:33,20:13:32,    59, 46.20, 36.50,  9.70
         0,     0, 3,20:13:39,20:13:46,     7, 36.50, 36.40,  0.10
  12448426,  6039, 1,20:13:49,20:14:28,    39, 41.40, 27.10, 14.30
  12448420,  6033, 4,20:12:56,20:14:37,   101, 43.40, 38.00,  5.40
         0,     0, 4,20:14:44,20:14:49,     5, 38.00, 43.20, -5.20
         0,     0, 1,20:14:35,20:14:49,    14, 27.10, 41.30,-14.20
  13008774,  8015, 4,20:15:24,20:15:37,    13, 43.30, 43.30,  0.00
  13008774,  8015, 4,20:16:29,20:17:49,    80, 43.40, 38.10,  5.30
         0,     0, 4,20:17:58,20:18:02,     4, 38.10, 38.20, -0.10
  13008774,  8015, 4,20:18:35,20:19:06,    31, 43.20, 41.80,  1.40
         0,     0, 4,20:19:14,20:19:15,     1, 41.80, 43.10, -1.30
  12706642,  7051, 1,20:27:24,20:28:39,    75, 41.30, 30.80, 10.50
  12448518,  6131, 4,20:27:44,20:28:43,    59, 42.90, 31.10, 11.80
         0,     0, 1,20:28:46,20:28:56,    10, 30.80, 41.30,-10.50
         0,     0, 4,20:28:50,20:29:02,    12, 31.10, 43.20,-12.10
  12706614,  7023, 4,20:29:33,20:30:17,    44, 43.20, 37.30,  5.90
         0,     0, 4,20:30:25,20:30:30,     5, 37.30, 37.30,  0.00
  21268732,  6126, 1,20:30:04,20:30:42,    38, 41.30, 39.10,  2.20
         0,     0, 1,20:30:50,20:30:51,     1, 39.10, 41.20, -2.10
  13008738,  7159, 4,20:30:52,20:30:56,     4, 43.30, 43.30,  0.00
  21268732,  6126, 2,20:30:48,20:31:21,    33, 44.00, 41.50,  2.50
         0,     0, 2,20:31:28,20:31:29,     1, 41.50, 44.00, -2.50
  12448391,  6004, 1,20:31:02,20:31:52,    50, 41.20, 29.00, 12.20
         0,     0, 1,20:31:59,20:32:10,    11, 29.00, 41.20,-12.20
  13008738,  7159, 4,20:31:08,20:33:26,   138, 43.30, 30.70, 12.60
         0,     0, 4,20:33:33,20:33:45,    12, 30.70, 43.20,-12.50
  12706634,  7043, 1,20:32:21,20:35:59,   218, 41.20, 20.80, 20.40
         0,     0, 1,20:36:07,20:36:27,    20, 20.80, 41.30,-20.50
  21268732,  6126, 2,20:36:19,20:36:59,    40, 44.00, 41.00,  3.00
         0,     0, 2,20:37:06,20:37:08,     2, 41.00, 44.20, -3.20
  12448420,  6033, 4,20:36:57,20:38:01,    64, 43.10, 39.20,  3.90
         0,     0, 4,20:38:10,20:38:13,     3, 39.20, 43.20, -4.00
  12706621,  7030, 1,20:38:07,20:38:17,    10, 41.30, 41.30,  0.00
  12706610,  7019, 2,20:37:21,20:38:42,    81, 44.10, 25.20, 18.90
         0,     0, 2,20:38:49,20:39:07,    18, 25.20, 44.10,-18.90
  11499117,  2007, 1,20:38:28,20:40:03,    95, 41.30, 25.50, 15.80
         0,     0, 1,20:40:11,20:40:26,    15, 25.50, 41.20,-15.70
  13008842,     0, 8,20:40:51,20:41:02,    11, 41.10, 39.50,  1.60
         0,     0, 8,20:41:10,20:41:11,     1, 39.50, 41.20, -1.70
  12706621,  7030, 3,20:41:40,20:42:21,    41, 46.20, 33.80, 12.40
         0,     0, 3,20:42:28,20:42:38,    10, 33.80, 33.80,  0.00
  12448521,  6134, 1,20:44:18,20:45:44,    86, 41.30, 27.70, 13.60
         0,     0, 1,20:45:51,20:46:04,    13, 27.70, 41.20,-13.50
  12199951,  5005, 3,20:45:35,20:50:37,   302, 46.20, 37.00,  9.20
         0,     0, 3,20:50:44,20:50:51,     7, 37.00, 36.90,  0.10
  13008842,     0, 8,20:56:39,20:57:27,    48, 41.10, 35.90,  5.20
         0,     0, 8,20:57:35,20:57:40,     5, 35.90, 41.20, -5.30
  12448434,  6047, 1,20:56:05,20:58:10,   125, 41.20, 25.40, 15.80
         0,     0, 1,20:58:17,20:58:32,    15, 25.40, 41.30,-15.90
  12706613,  7022, 3,20:57:27,20:58:44,    77, 46.10, 37.20,  8.90
         0,     0, 3,20:58:52,20:58:59,     7, 37.20, 37.00,  0.20
  12706613,  7022, 4,20:58:58,20:59:01,     3, 43.40, 43.20,  0.20
  12448417,  6030, 4,20:59:12,21:01:09,   117, 43.20, 22.50, 20.70
         0,     0, 4,21:01:17,21:01:37,    20, 22.50, 43.50,-21.00
  12448417,  6030, 3,21:01:14,21:01:37,    23, 46.10, 40.30,  5.80
         0,     0, 3,21:01:45,21:01:49,     4, 40.30, 40.10,  0.20
  11499184,  2074, 2,21:06:38,21:06:58,    20, 44.10, 37.30,  6.80
         0,     0, 2,21:07:06,21:07:12,     6, 37.30, 44.10, -6.80
  12706618,  7027, 1,21:07:12,21:07:30,    18, 41.30, 38.60,  2.70
         0,     0, 1,21:07:37,21:07:39,     2, 38.60, 38.70, -0.10
  12706618,  7027, 2,21:07:36,21:08:32,    56, 44.10, 29.10, 15.00
  21268732,  6126, 1,21:07:49,21:08:42,    53, 41.30, 39.70,  1.60
         0,     0, 1,21:08:51,21:08:51,     0, 39.70, 41.20, -1.50
         0,     0, 2,21:08:40,21:08:54,    14, 29.10, 44.00,-14.90
  11499184,  2074, 3,21:09:16,21:09:42,    26, 46.40, 36.40, 10.00
         0,     0, 3,21:09:49,21:09:56,     7, 36.40, 36.20,  0.20
  12448517,  6130, 3,21:13:41,21:15:54,   133, 46.10, 37.40,  8.70
         0,     0, 3,21:16:02,21:16:09,     7, 37.40, 37.40,  0.00
  21268732,  6126, 4,21:20:37,21:21:35,    58, 43.70, 40.10,  3.60
         0,     0, 4,21:21:42,21:21:45,     3, 40.10, 43.30, -3.20
  12706613,  7022, 4,21:23:13,21:26:37,   204, 43.40, 35.70,  7.70
         0,     0, 4,21:26:44,21:26:51,     7, 35.70, 43.30, -7.60
  12448434,  6047, 1,21:26:58,21:28:02,    64, 41.20, 35.40,  5.80
         0,     0, 1,21:28:10,21:28:15,     5, 35.40, 41.30, -5.90
  12706613,  7022, 4,21:29:14,21:29:30,    16, 43.40, 42.30,  1.10
  13008748,  7169, 3,21:27:20,21:29:51,   151, 46.20, 39.20,  7.00
         0,     0, 3,21:29:59,21:30:04,     5, 39.20, 39.10,  0.10
  12448482,     0, 8,21:31:30,21:31:53,    23, 41.10, 41.00,  0.10
  11954042,  4072, 2,21:33:21,21:33:29,     8, 44.00, 43.90,  0.10
  11954042,  4072, 1,21:34:59,21:35:10,    11, 41.30, 41.20,  0.10
  11954042,  4072, 2,21:35:15,21:36:04,    49, 44.00, 34.60,  9.40
         0,     0, 2,21:36:13,21:36:22,     9, 34.60, 44.00, -9.40
  12448482,     0, 7,21:31:58,21:36:49,   291, 41.00, 28.70, 12.30
         0,     0, 7,21:36:57,21:37:13,    16, 28.70, 41.10,-12.40
  12706737,  7146, 3,21:35:54,21:37:22,    88, 46.10, 38.40,  7.70
         0,     0, 3,21:37:29,21:37:35,     6, 38.40, 38.20,  0.20
  13008774,  8015, 4,21:36:39,21:37:53,    74, 42.10, 37.60,  4.50
         0,     0, 4,21:38:00,21:38:05,     5, 37.60, 43.20, -5.60
  12706737,  7146, 1,21:38:57,21:39:47,    50, 41.20, 35.70,  5.50
         0,     0, 1,21:39:55,21:40:00,     5, 35.70, 41.30, -5.60
  12706628,  7037, 1,21:41:17,21:43:24,   127, 41.30, 28.70, 12.60
         0,     0, 1,21:43:32,21:43:44,    12, 28.70, 41.20,-12.50
  12200083,  5137, 2,21:43:55,21:44:50,    55, 44.00, 33.20, 10.80
         0,     0, 2,21:44:59,21:45:09,    10, 33.20, 44.10,-10.90
  12706642,  7051, 1,21:45:21,21:46:25,    64, 41.20, 32.10,  9.10
         0,     0, 1,21:46:32,21:46:40,     8, 32.10, 41.30, -9.20
  11499231,     0, 7,21:51:07,21:53:36,   149, 41.00, 28.70, 12.30
         0,     0, 7,21:53:44,21:54:00,    16, 28.70, 41.10,-12.40
  12706737,  7146, 3,21:59:02,22:00:07,    65, 46.10, 41.90,  4.20
         0,     0, 3,22:00:16,22:00:19,     3, 41.90, 46.30, -4.40
  12706737,  7146, 4,22:00:12,22:01:24,    72, 43.20, 42.30,  0.90
  12706618,  7027, 3,22:01:52,22:02:37,    45, 46.20, 36.80,  9.40
         0,     0, 3,22:02:45,22:02:52,     7, 36.80, 36.60,  0.20
  13008774,  8015, 4,22:02:12,22:03:21,    69, 42.50, 33.30,  9.20
         0,     0, 4,22:03:29,22:03:38,     9, 33.30, 43.20, -9.90
  11953971,  4001, 1,22:04:55,22:05:23,    28, 41.30, 41.10,  0.20
  11953971,  4001, 1,22:05:46,22:06:30,    44, 41.10, 40.80,  0.30
  11953971,  4001, 2,22:06:39,22:07:36,    57, 44.10, 21.90, 22.20
  11724205,     0, 8,22:04:17,22:07:39,   202, 40.90, 33.60,  7.30
         0,     0, 8,22:07:47,22:07:55,     8, 33.60, 41.20, -7.60
         0,     0, 2,22:07:44,22:08:06,    22, 21.90, 44.10,-22.20
  12448398,  6011, 4,22:11:45,22:14:08,   143, 43.20, 26.20, 17.00
  12448482,     0, 7,22:14:05,22:14:10,     5, 41.00, 41.00,  0.00
         0,     0, 4,22:14:17,22:14:33,    16, 26.20, 43.30,-17.10
  12448398,  6011, 4,22:14:43,22:15:05,    22, 43.30, 40.00,  3.30
  12448482,     0, 7,22:14:19,22:15:10,    51, 41.00, 41.00,  0.00
         0,     0, 4,22:15:13,22:15:16,     3, 40.00, 43.30, -3.30
  12448482,     0, 8,22:15:26,22:17:47,   141, 41.10, 38.70,  2.40
         0,     0, 8,22:17:54,22:17:56,     2, 38.70, 41.20, -2.50
  13008748,  7169, 4,22:20:29,22:21:38,    69, 43.30, 42.70,  0.60
  12200085,  5139, 4,22:21:56,22:22:10,    14, 42.70, 40.00,  2.70
         0,     0, 4,22:22:18,22:22:21,     3, 40.00, 43.30, -3.30
  12200085,  5139, 4,22:22:37,22:22:43,     6, 43.40, 43.30,  0.10
  12706618,  7027, 1,22:25:24,22:26:29,    65, 40.70, 35.10,  5.60
         0,     0, 1,22:26:37,22:26:42,     5, 35.10, 41.30, -6.20
  12706620,  7029, 1,22:31:28,22:34:01,   153, 41.30, 21.30, 20.00
  13008748,  7169, 4,22:30:43,22:34:20,   217, 43.30, 36.10,  7.20
         0,     0, 1,22:34:09,22:34:28,    19, 21.30, 41.30,-20.00
         0,     0, 4,22:34:28,22:34:35,     7, 36.10, 43.30, -7.20
  13008748,  7169, 3,22:34:49,22:35:08,    19, 46.20, 45.40,  0.80
  12706609,  7018, 4,22:35:11,22:36:04,    53, 43.30, 36.30,  7.00
         0,     0, 4,22:36:12,22:36:18,     6, 36.30, 36.30,  0.00
  12706620,  7029, 2,22:38:51,22:39:34,    43, 44.10, 41.30,  2.80
         0,     0, 2,22:39:42,22:39:43,     1, 41.30, 44.10, -2.80
  11499184,  2074, 1,22:39:42,22:40:23,    41, 41.30, 28.70, 12.60
         0,     0, 1,22:40:31,22:40:43,    12, 28.70, 41.30,-12.60
  12706700,     0, 8,22:43:28,22:43:53,    25, 41.10, 34.90,  6.20
         0,     0, 8,22:44:02,22:44:08,     6, 34.90, 41.20, -6.30
  12706624,  7033, 3,22:43:02,22:45:20,   138, 45.40, 24.20, 21.20
         0,     0, 3,22:45:28,22:45:46,    18, 24.20, 24.20,  0.00
  12706624,  7033, 4,22:45:45,22:46:20,    35, 43.30, 34.70,  8.60
         0,     0, 4,22:46:28,22:46:36,     8, 34.70, 43.20, -8.50
  12706700,     0, 7,22:48:01,22:48:24,    23, 41.00, 36.90,  4.10
         0,     0, 7,22:48:32,22:48:37,     5, 36.90, 41.00, -4.10
  12706615,  7024, 2,22:48:39,22:50:44,   125, 44.10, 25.90, 18.20
         0,     0, 2,22:50:51,22:51:09,    18, 25.90, 44.00,-18.10
  12448451,     0, 7,22:51:17,22:52:06,    49, 41.00, 40.90,  0.10
  11499184,  2074, 2,22:53:09,22:53:44,    35, 44.00, 33.40, 10.60
         0,     0, 2,22:53:52,22:54:02,    10, 33.40, 44.10,-10.70
  12448451,     0, 7,22:52:57,22:55:21,   144, 40.90, 33.50,  7.40
         0,     0, 7,22:55:29,22:55:39,    10, 33.50, 41.00, -7.50
  12448426,  6039, 3,22:55:37,22:56:21,    44, 46.20, 39.50,  6.70
         0,     0, 3,22:56:29,22:56:34,     5, 39.50, 39.30,  0.20
  12448426,  6039, 3,22:57:00,22:57:29,    29, 46.30, 37.10,  9.20
         0,     0, 3,22:57:37,22:57:44,     7, 37.10, 37.00,  0.10
  12706618,  7027, 3,23:06:41,23:07:24,    43, 46.30, 37.50,  8.80
         0,     0, 3,23:07:33,23:07:40,     7, 37.50, 37.40,  0.10
  11724217,  3117, 4,23:13:59,23:15:17,    78, 43.20, 25.10, 18.10
         0,     0, 4,23:15:26,23:15:44,    18, 25.10, 43.20,-18.10
  12706628,  7037, 3,23:25:18,23:25:54,    36, 46.20, 44.50,  1.70
  12706621,  7030, 1,23:26:59,23:27:53,    54, 41.30, 32.10,  9.20
         0,     0, 1,23:28:00,23:28:08,     8, 32.10, 41.30, -9.20
  12448408,  6021, 4,23:28:12,23:29:08,    56, 43.40, 25.00, 18.40
         0,     0, 4,23:29:15,23:29:33,    18, 25.00, 43.10,-18.10
  12706630,  7039, 1,23:29:01,23:31:20,   139, 41.20, 24.50, 16.70
         0,     0, 1,23:31:29,23:31:46,    17, 24.50, 41.30,-16.80
  13008906,     0, 8,23:32:31,23:33:12,    41, 36.10, 32.90,  3.20
         0,     0, 8,23:33:19,23:33:27,     8, 32.90, 41.20, -8.30
  12448420,  6033, 3,23:31:32,23:33:31,   119, 44.50, 35.00,  9.50
  13008748,  7169, 4,23:32:49,23:33:43,    54, 43.40, 43.10,  0.30
         0,     0, 3,23:33:40,23:33:49,     9, 35.00, 34.70,  0.30
  13008906,     0, 8,23:34:07,23:34:19,    12, 41.10, 41.20, -0.10
  13008748,  7169, 4,23:34:23,23:38:27,   244, 43.10, 36.00,  7.10
         0,     0, 4,23:38:34,23:38:40,     6, 36.00, 36.10, -0.10
         0,     0, 3,23:45:01,23:45:11,    10, 46.10, 46.10,  0.00
         0,     0, 4,23:45:01,23:45:11,    10, 43.20, 43.20,  0.00
         0,     0, 5,23:45:01,23:45:11,    10, 34.50, 34.50,  0.00
         0,     0, 7,23:45:01,23:45:11,    10, 41.00, 41.00,  0.00
         0,     0, 8,23:45:01,23:45:11,    10, 41.10, 41.10,  0.00
         0,     0, 1,23:45:02,23:45:12,    10, 41.30, 41.30,  0.00
         0,     0, 2,23:45:02,23:45:12,    10, 44.10, 44.10,  0.00
