         0,     0, 7, 0:03:23, 0:03:33,    10, 41.10, 41.10,  0.00
         0,     0, 8, 0:03:23, 0:03:33,    10, 41.10, 41.10,  0.00
         0,     0, 1, 0:03:23, 0:03:33,    10, 41.30, 41.30,  0.00
         0,     0, 2, 0:03:23, 0:03:33,    10, 44.10, 44.10,  0.00
         0,     0, 3, 0:03:24, 0:03:34,    10, 46.10, 46.10,  0.00
         0,     0, 4, 0:03:24, 0:03:34,    10, 43.90, 43.90,  0.00
         0,     0, 5, 0:03:24, 0:03:34,    10, 11.80, 11.80,  0.00
  12706707,     0, 8, 0:03:56, 0:04:07,    11, 41.10, 39.40,  1.70
         0,     0, 8, 0:04:14, 0:04:15,     1, 39.40, 41.20, -1.80
  12448408,  6021, 3, 0:03:30, 0:04:51,    81, 46.10, 27.00, 19.10
         0,     0, 3, 0:04:58, 0:05:14,    16, 27.00, 26.90,  0.10
  12448521,  6134, 1, 0:03:25, 0:05:25,   120, 41.30, 30.70, 10.60
         0,     0, 1, 0:05:32, 0:05:41,     9, 30.70, 41.20,-10.50
  12200085,  5139, 2, 0:05:39, 0:05:45,     6, 44.10, 44.10,  0.00
  12200085,  5139, 1, 0:05:52, 0:08:28,   156, 41.20, 20.60, 20.60
         0,     0, 1, 0:08:35, 0:08:54,    19, 20.60, 41.30,-20.70
  13008906,     0, 8, 0:14:57, 0:14:57,     0, 41.20, 40.90,  0.30
  13008906,     0, 8, 0:15:21, 0:15:50,    29, 37.90, 33.20,  4.70
         0,     0, 8, 0:15:58, 0:16:06,     8, 33.20, 41.20, -8.00
  12706620,  7029, 1, 0:15:25, 0:16:28,    63, 41.30, 41.10,  0.20
  12706707,     0, 7, 0:17:20, 0:17:31,    11, 38.50, 38.50,  0.00
         0,     0, 7, 0:17:39, 0:17:42,     3, 38.50, 41.10, -2.60
  12706620,  7029, 2, 0:16:42, 0:18:50,   128, 44.10, 32.70, 11.40
         0,     0, 2, 0:18:58, 0:19:08,    10, 32.70, 44.10,-11.40
  12448391,  6004, 1, 0:19:24, 0:19:31,     7, 41.10, 41.10,  0.00
  12448434,  6047, 3, 0:19:15, 0:20:46,    91, 46.10, 36.40,  9.70
  12706737,  7146, 2, 0:20:29, 0:20:46,    17, 44.10, 44.10,  0.00
         0,     0, 3, 0:20:54, 0:21:01,     7, 36.40, 36.20,  0.20
  12448415,  6028, 3, 0:21:20, 0:22:28,    68, 46.00, 37.20,  8.80
  12448391,  6004, 2, 0:20:58, 0:22:34,    96, 44.10, 34.70,  9.40
         0,     0, 3, 0:22:36, 0:22:43,     7, 37.20, 37.10,  0.10
         0,     0, 2, 0:22:41, 0:22:49,     8, 34.70, 44.10, -9.40
  12706737,  7146, 1, 0:22:43, 0:22:48,     5, 41.10, 41.10,  0.00
  12448415,  6028, 4, 0:22:50, 0:23:17,    27, 43.20, 40.70,  2.50
         0,     0, 4, 0:23:25, 0:23:27,     2, 40.70, 43.30, -2.60
  13008906,     0, 7, 0:25:00, 0:25:04,     4, 41.10, 41.10,  0.00
  12706614,  7023, 3, 0:23:32, 0:26:07,   155, 46.10, 31.80, 14.30
  12706620,  7029, 2, 0:25:23, 0:26:08,    45, 44.10, 39.90,  4.20
         0,     0, 2, 0:26:15, 0:26:18,     3, 39.90, 44.00, -4.10
         0,     0, 3, 0:26:14, 0:26:26,    12, 31.80, 31.60,  0.20
  12706624,  7033, 4, 0:28:32, 0:29:09,    37, 43.40, 42.30,  1.10
  12706737,  7146, 4, 0:29:48, 0:31:52,   124, 42.30, 26.00, 16.30
         0,     0, 4, 0:32:00, 0:32:16,    16, 26.00, 43.20,-17.20
  12706613,  7022, 2, 0:32:23, 0:33:56,    93, 44.00, 32.90, 11.10
         0,     0, 2, 0:34:04, 0:34:14,    10, 32.90, 44.10,-11.20
  13008748,  7169, 4, 0:33:19, 0:35:57,   158, 43.30, 40.20,  3.10
         0,     0, 4, 0:36:04, 0:36:06,     2, 40.20, 43.20, -3.00
  12706613,  7022, 2, 0:36:26, 0:37:05,    39, 44.10, 39.60,  4.50
         0,     0, 2, 0:37:13, 0:37:16,     3, 39.60, 44.00, -4.40
  12706630,  7039, 1, 0:44:56, 0:45:01,     5, 41.10, 41.10,  0.00
  13008738,  7159, 1, 0:45:43, 0:45:47,     4, 41.00, 41.00,  0.00
  12706624,  7033, 2, 0:46:34, 0:47:47,    73, 44.00, 41.20,  2.80
         0,     0, 2, 0:47:56, 0:47:57,     1, 41.20, 44.10, -2.90
  12706630,  7039, 4, 0:47:58, 0:49:03,    65, 43.20, 35.50,  7.70
         0,     0, 4, 0:49:11, 0:49:18,     7, 35.50, 35.40,  0.10
  12448482,     0, 8, 0:52:35, 0:52:37,     2, 41.10, 41.10,  0.00
  13008774,  8015, 4, 0:55:08, 0:56:27,    79, 43.30, 38.10,  5.20
         0,     0, 4, 0:56:35, 0:56:40,     5, 38.10, 38.00,  0.10
  12448482,     0, 8, 0:52:58, 0:58:43,   345, 41.00, 32.70,  8.30
         0,     0, 8, 0:58:51, 0:58:59,     8, 32.70, 41.20, -8.50
  12448426,  6039, 1, 0:59:16, 0:59:27,    11, 41.00, 41.00,  0.00
  12448391,  6004, 4, 1:00:09, 1:01:14,    65, 43.50, 34.80,  8.70
         0,     0, 4, 1:01:21, 1:01:29,     8, 34.80, 43.20, -8.40
  12448517,  6130, 2, 1:01:30, 1:02:18,    48, 44.10, 34.20,  9.90
         0,     0, 2, 1:02:26, 1:02:35,     9, 34.20, 44.10, -9.90
  12706618,  7027, 3, 1:01:37, 1:02:38,    61, 46.00, 33.80, 12.20
         0,     0, 3, 1:02:45, 1:02:55,    10, 33.80, 33.80,  0.00
  13008738,  7159, 4, 1:01:40, 1:03:47,   127, 43.30, 30.80, 12.50
         0,     0, 4, 1:03:54, 1:04:06,    12, 30.80, 43.30,-12.50
  12448426,  6039, 2, 1:02:45, 1:04:34,   109, 44.10, 21.30, 22.80
         0,     0, 2, 1:04:43, 1:05:05,    22, 21.30, 44.10,-22.80
  12448518,  6131, 4, 1:05:30, 1:06:45,    75, 43.20, 29.80, 13.40
         0,     0, 4, 1:06:52, 1:07:05,    13, 29.80, 43.20,-13.40
  12448518,  6131, 3, 1:07:03, 1:07:08,     5, 46.10, 46.00,  0.10
  12448451,     0, 7, 1:06:08, 1:09:26,   198, 41.00, 40.70,  0.30
  12706656,  7065, 3, 1:08:25, 1:09:55,    90, 46.10, 36.20,  9.90
         0,     0, 3, 1:10:04, 1:10:11,     7, 36.20, 36.00,  0.20
  12448451,     0, 8, 1:09:39, 1:10:51,    72, 41.20, 32.80,  8.40
         0,     0, 8, 1:11:00, 1:11:08,     8, 32.80, 41.20, -8.40
  12448517,  6130, 1, 1:12:29, 1:12:34,     5, 41.00, 41.00,  0.00
  12706630,  7039, 3, 1:16:24, 1:16:44,    20, 46.10, 43.10,  3.00
         0,     0, 3, 1:16:51, 1:16:53,     2, 43.10, 46.30, -3.20
  12706630,  7039, 4, 1:16:57, 1:17:32,    35, 43.50, 38.60,  4.90
         0,     0, 4, 1:17:40, 1:17:44,     4, 38.60, 43.20, -4.60
  12448517,  6130, 2, 1:22:20, 1:22:26,     6, 44.10, 44.10,  0.00
  11499184,  2074, 1, 1:23:20, 1:23:27,     7, 41.00, 41.00,  0.00
  11499184,  2074, 2, 1:23:52, 1:24:40,    48, 44.10, 32.30, 11.80
         0,     0, 2, 1:24:48, 1:24:58,    10, 32.30, 44.10,-11.80
  12706618,  7027, 2, 1:34:35, 1:34:56,    21, 44.10, 42.90,  1.20
  12706618,  7027, 1, 1:40:38, 1:40:47,     9, 41.00, 41.00,  0.00
  12448420,  6033, 4, 1:40:44, 1:41:15,    31, 43.30, 41.00,  2.30
         0,     0, 4, 1:41:22, 1:41:24,     2, 41.00, 43.40, -2.40
  11499184,  2074, 2, 1:41:13, 1:41:37,    24, 42.90, 35.70,  7.20
         0,     0, 2, 1:41:45, 1:41:52,     7, 35.70, 44.10, -8.40
  12706630,  7039, 2, 1:45:47, 1:46:53,    66, 44.10, 36.10,  8.00
         0,     0, 2, 1:47:02, 1:47:09,     7, 36.10, 44.10, -8.00
  12448472,     0, 8, 1:47:46, 1:47:49,     3, 41.10, 41.10,  0.00
  12706618,  7027, 2, 1:52:13, 1:52:57,    44, 44.10, 38.20,  5.90
         0,     0, 2, 1:53:04, 1:53:08,     4, 38.20, 44.10, -5.90
  12448472,     0, 7, 1:53:50, 1:55:43,   113, 40.40, 37.60,  2.80
         0,     0, 7, 1:55:52, 1:55:56,     4, 37.60, 41.10, -3.50
  12448472,     0, 7, 1:57:02, 1:57:24,    22, 40.20, 40.10,  0.10
  12706642,  7051, 4, 2:07:38, 2:09:11,    93, 43.30, 27.70, 15.60
         0,     0, 4, 2:09:18, 2:09:33,    15, 27.70, 43.20,-15.50
  11724217,  3117, 1, 2:12:25, 2:14:15,   110, 41.00, 22.10, 18.90
         0,     0, 1, 2:14:23, 2:14:41,    18, 22.10, 41.30,-19.20
  12706615,  7024, 4, 2:12:04, 2:15:13,   189, 43.70, 28.30, 15.40
         0,     0, 4, 2:15:22, 2:15:36,    14, 28.30, 43.20,-14.90
  11953971,  4001, 2, 2:15:25, 2:19:03,   218, 44.10, 23.90, 20.20
         0,     0, 2, 2:19:11, 2:19:30,    19, 23.90, 44.10,-20.20
  12448420,  6033, 4, 2:18:10, 2:22:54,   284, 43.60, 32.60, 11.00
         0,     0, 4, 2:23:02, 2:23:12,    10, 32.60, 43.30,-10.70
  12448398,  6011, 1, 2:24:58, 2:26:18,    80, 41.30, 33.60,  7.70
         0,     0, 1, 2:26:25, 2:26:32,     7, 33.60, 41.30, -7.70
  12448417,  6030, 3, 2:31:25, 2:32:56,    91, 46.30, 33.40, 12.90
         0,     0, 3, 2:33:05, 2:33:15,    10, 33.40, 33.20,  0.20
  12200079,  5133, 4, 2:36:14, 2:38:07,   113, 43.40, 25.10, 18.30
         0,     0, 4, 2:38:14, 2:38:31,    17, 25.10, 43.10,-18.00
  21268732,  6126, 1, 2:54:17, 2:56:36,   139, 41.30, 31.70,  9.60
         0,     0, 1, 2:56:44, 2:56:53,     9, 31.70, 41.30, -9.60
  12448516,  6129, 2, 2:56:44, 2:58:25,   101, 44.10, 26.20, 17.90
  21268732,  6126, 1, 2:57:15, 2:58:36,    81, 41.30, 35.30,  6.00
         0,     0, 1, 2:58:43, 2:58:48,     5, 35.30, 41.20, -5.90
         0,     0, 2, 2:58:32, 2:58:49,    17, 26.20, 44.10,-17.90
  11499117,  2007, 4, 3:02:09, 3:02:52,    43, 43.30, 37.00,  6.30
         0,     0, 4, 3:02:59, 3:03:05,     6, 37.00, 43.10, -6.10
  12200091,  5145, 4, 3:03:50, 3:05:29,    99, 43.20, 34.20,  9.00
         0,     0, 4, 3:05:38, 3:05:46,     8, 34.20, 43.30, -9.10
  12200091,  5145, 4, 3:06:00, 3:06:20,    20, 43.30, 40.50,  2.80
         0,     0, 4, 3:06:28, 3:06:30,     2, 40.50, 43.30, -2.80
  11499117,  2007, 1, 3:08:26, 3:09:00,    34, 41.20, 37.20,  4.00
         0,     0, 1, 3:09:09, 3:09:12,     3, 37.20, 41.30, -4.10
  12706610,  7019, 4, 3:28:28, 3:29:45,    77, 43.30, 31.00, 12.30
         0,     0, 4, 3:29:52, 3:30:03,    11, 31.00, 43.20,-12.20
  11724167,  3067, 2, 3:50:34, 3:50:41,     7, 44.00, 44.00,  0.00
  11724167,  3067, 2, 3:50:54, 3:51:52,    58, 44.00, 25.00, 19.00
         0,     0, 2, 3:51:59, 3:52:17,    18, 25.00, 44.10,-19.10
  12706601,  7010, 2, 4:08:55, 4:11:45,   170, 44.10, 24.30, 19.80
         0,     0, 2, 4:11:54, 4:12:13,    19, 24.30, 44.10,-19.80
  12706601,  7010, 2, 4:12:23, 4:13:06,    43, 44.00, 38.80,  5.20
         0,     0, 2, 4:13:14, 4:13:18,     4, 38.80, 44.00, -5.20
  12706620,  7029, 1, 4:59:28, 4:59:37,     9, 41.30, 41.30,  0.00
  12706620,  7029, 2, 5:04:49, 5:05:06,    17, 44.00, 44.00,  0.00
  12448434,  6047, 1, 5:02:44, 5:05:19,   155, 41.30, 25.80, 15.50
         0,     0, 1, 5:05:26, 5:05:41,    15, 25.80, 41.30,-15.50
  12706620,  7029, 2, 5:05:38, 5:06:20,    42, 44.00, 43.60,  0.40
  13008748,  7169, 4, 5:07:09, 5:07:26,    17, 43.40, 43.20,  0.20
  13008748,  7169, 4, 5:07:42, 5:08:37,    55, 43.30, 41.00,  2.30
         0,     0, 4, 5:08:45, 5:08:47,     2, 41.00, 43.30, -2.30
  13008842,     0, 7, 5:16:00, 5:16:27,    27, 40.10, 39.10,  1.00
         0,     0, 7, 5:16:35, 5:16:37,     2, 39.10, 41.10, -2.00
  13008842,     0, 7, 5:22:19, 5:22:27,     8, 41.10, 41.10,  0.00
  12448392,  6005, 1, 5:58:32, 5:58:55,    23, 41.30, 37.10,  4.20
         0,     0, 1, 5:59:03, 5:59:06,     3, 37.10, 41.30, -4.20
  12448392,  6005, 2, 5:59:00, 5:59:30,    30, 43.60, 35.80,  7.80
         0,     0, 2, 5:59:38, 5:59:45,     7, 35.80, 44.10, -8.30
  12200091,  5145, 3, 5:59:56, 6:00:28,    32, 46.20, 45.10,  1.10
  12200091,  5145, 4, 6:00:35, 6:01:11,    36, 43.40, 31.50, 11.90
         0,     0, 4, 6:01:19, 6:01:30,    11, 31.50, 31.50,  0.00
  12448415,  6028, 1, 6:00:15, 6:03:33,   198, 41.30, 19.90, 21.40
         0,     0, 1, 6:03:40, 6:04:00,    20, 19.90, 41.30,-21.40
  12706656,  7065, 4, 6:04:30, 6:08:27,   237, 43.10, 17.60, 25.50
         0,     0, 4, 6:08:34, 6:08:58,    24, 17.60, 43.30,-25.70
  12448392,  6005, 1, 6:09:27, 6:10:17,    50, 41.30, 35.40,  5.90
         0,     0, 1, 6:10:25, 6:10:30,     5, 35.40, 41.30, -5.90
  12200086,  5140, 4, 6:10:07, 6:10:54,    47, 43.80, 41.00,  2.80
         0,     0, 4, 6:11:02, 6:11:03,     1, 41.00, 43.20, -2.20
  11954042,  4072, 2, 6:11:36, 6:11:53,    17, 44.10, 44.00,  0.10
  11499117,  2007, 3, 6:12:30, 6:12:49,    19, 45.20, 42.30,  2.90
         0,     0, 3, 6:12:57, 6:12:59,     2, 42.30, 46.30, -4.00
  12706613,  7022, 4, 6:13:25, 6:13:30,     5, 43.20, 43.50, -0.30
  11954042,  4072, 2, 6:12:28, 6:13:31,    63, 44.00, 32.70, 11.30
         0,     0, 2, 6:13:38, 6:13:48,    10, 32.70, 44.10,-11.40
  12706613,  7022, 3, 6:13:36, 6:17:05,   209, 46.30, 23.60, 22.70
         0,     0, 3, 6:17:13, 6:17:32,    19, 23.60, 23.40,  0.20
  13008774,  8015, 4, 6:18:28, 6:19:09,    41, 43.40, 41.10,  2.30
  12200086,  5140, 3, 6:18:29, 6:19:13,    44, 46.30, 44.10,  2.20
         0,     0, 4, 6:19:17, 6:19:19,     2, 41.10, 43.30, -2.20
  11499117,  2007, 2, 6:20:18, 6:21:52,    94, 44.10, 30.10, 14.00
  13008774,  8015, 1, 6:20:52, 6:21:54,    62, 41.30, 37.70,  3.60
         0,     0, 1, 6:22:02, 6:22:05,     3, 37.70, 41.30, -3.60
         0,     0, 2, 6:21:59, 6:22:12,    13, 30.10, 44.10,-14.00
  12706737,  7146, 4, 6:19:59, 6:22:13,   134, 43.30, 37.50,  5.80
         0,     0, 4, 6:22:21, 6:22:26,     5, 37.50, 43.30, -5.80
  12706737,  7146, 3, 6:22:39, 6:24:09,    90, 44.10, 39.50,  4.60
         0,     0, 3, 6:24:17, 6:24:22,     5, 39.50, 39.30,  0.20
  12448437,  6050, 3, 6:24:35, 6:24:53,    18, 46.10, 46.10,  0.00
  12448521,  6134, 3, 6:25:04, 6:26:02,    58, 46.20, 37.00,  9.20
         0,     0, 3, 6:26:10, 6:26:17,     7, 37.00, 36.80,  0.20
  12706609,  7018, 2, 6:24:45, 6:26:28,   103, 44.10, 26.90, 17.20
         0,     0, 2, 6:26:35, 6:26:51,    16, 26.90, 44.10,-17.20
  13008738,  7159, 4, 6:24:11, 6:27:32,   201, 43.30, 23.90, 19.40
  12199951,  5005, 2, 6:27:13, 6:27:43,    30, 44.10, 44.10,  0.00
  12448437,  6050, 3, 6:27:23, 6:27:44,    21, 46.30, 45.10,  1.20
         0,     0, 4, 6:27:40, 6:27:58,    18, 23.90, 43.20,-19.30
  12448437,  6050, 4, 6:28:08, 6:29:37,    89, 43.30, 25.40, 17.90
         0,     0, 4, 6:29:46, 6:30:04,    18, 25.40, 43.50,-18.10
  12448434,  6047, 1, 6:29:08, 6:30:29,    81, 41.30, 31.30, 10.00
         0,     0, 1, 6:30:37, 6:30:46,     9, 31.30, 41.30,-10.00
  12706634,  7043, 3, 6:30:17, 6:32:54,   157, 45.20, 26.50, 18.70
         0,     0, 3, 6:33:02, 6:33:18,    16, 26.50, 26.30,  0.20
  12199951,  5005, 1, 6:33:28, 6:36:15,   167, 41.30, 24.50, 16.80
         0,     0, 1, 6:36:22, 6:36:38,    16, 24.50, 41.30,-16.80
  12706620,  7029, 3, 6:36:31, 6:37:43,    72, 46.10, 39.40,  6.70
         0,     0, 3, 6:37:51, 6:37:56,     5, 39.40, 39.20,  0.20
  12706624,  7033, 2, 6:38:49, 6:39:01,    12, 44.10, 44.10,  0.00
  13008774,  8015, 1, 6:38:44, 6:39:05,    21, 41.30, 41.30,  0.00
  12200083,  5137, 4, 6:38:50, 6:39:41,    51, 43.40, 33.90,  9.50
  13008774,  8015, 2, 6:39:34, 6:39:54,    20, 44.10, 44.00,  0.10
         0,     0, 4, 6:39:49, 6:39:58,     9, 33.90, 43.20, -9.30
  12706624,  7033, 1, 6:39:40, 6:39:58,    18, 41.30, 41.30,  0.00
  12706624,  7033, 2, 6:40:17, 6:40:36,    19, 44.00, 44.00,  0.00
  13008774,  8015, 1, 6:40:16, 6:41:15,    59, 41.30, 37.80,  3.50
         0,     0, 1, 6:41:22, 6:41:24,     2, 37.80, 41.20, -3.40
  12706620,  7029, 4, 6:41:21, 6:41:59,    38, 43.20, 38.50,  4.70
         0,     0, 4, 6:42:08, 6:42:12,     4, 38.50, 43.30, -4.80
  13008774,  8015, 1, 6:41:56, 6:42:32,    36, 41.30, 37.60,  3.70
         0,     0, 1, 6:42:39, 6:42:42,     3, 37.60, 41.30, -3.70
  12448518,  6131, 3, 6:42:39, 6:43:45,    66, 46.20, 33.50, 12.70
  12706642,  7051, 4, 6:42:26, 6:43:46,    80, 43.20, 33.70,  9.50
  13008774,  8015, 1, 6:43:18, 6:43:54,    36, 41.30, 38.90,  2.40
         0,     0, 3, 6:43:53, 6:44:03,    10, 33.50, 33.40,  0.10
         0,     0, 4, 6:43:54, 6:44:03,     9, 33.70, 43.00, -9.30
         0,     0, 1, 6:44:02, 6:44:03,     1, 38.90, 41.20, -2.30
  13008774,  8015, 1, 6:44:37, 6:45:01,    24, 41.30, 40.30,  1.00
  12448398,  6011, 2, 6:42:25, 6:45:01,   156, 44.00, 19.60, 24.40
  12706614,  7023, 3, 6:44:32, 6:45:17,    45, 45.80, 45.80,  0.00
  12448516,  6129, 4, 6:44:16, 6:45:27,    71, 43.10, 22.10, 21.00
         0,     0, 2, 6:45:09, 6:45:33,    24, 19.60, 44.10,-24.50
         0,     0, 4, 6:45:35, 6:45:55,    20, 22.10, 43.30,-21.20
  12448516,  6129, 3, 6:45:46, 6:46:10,    24, 45.80, 41.30,  4.50
         0,     0, 3, 6:46:18, 6:46:21,     3, 41.30, 46.20, -4.90
  12448391,  6004, 4, 6:46:06, 6:47:45,    99, 43.40, 28.70, 14.70
  12448408,  6021, 2, 6:47:00, 6:47:53,    53, 44.10, 27.40, 16.70
         0,     0, 4, 6:47:52, 6:48:06,    14, 28.70, 43.20,-14.50
         0,     0, 2, 6:48:01, 6:48:17,    16, 27.40, 44.10,-16.70
  12200079,  5133, 3, 6:46:37, 6:48:18,   101, 46.20, 26.30, 19.90
         0,     0, 3, 6:48:27, 6:48:43,    16, 26.30, 38.80,-12.50
  12448521,  6134, 3, 6:48:57, 6:50:11,    74, 46.10, 33.70, 12.40
  12706624,  7033, 4, 6:48:39, 6:50:21,   102, 44.00, 36.30,  7.70
  12448392,  6005, 2, 6:48:49, 6:50:21,    92, 44.10, 35.70,  8.40
         0,     0, 3, 6:50:20, 6:50:30,    10, 33.70, 33.70,  0.00
         0,     0, 4, 6:50:28, 6:50:35,     7, 36.30, 43.20, -6.90
         0,     0, 2, 6:50:28, 6:50:35,     7, 35.70, 44.10, -8.40
  12706628,  7037, 2, 6:51:19, 6:51:26,     7, 44.10, 44.10,  0.00
  12706624,  7033, 4, 6:50:45, 6:51:50,    65, 43.20, 25.60, 17.60
         0,     0, 4, 6:51:58, 6:52:15,    17, 25.60, 43.30,-17.70
  12706620,  7029, 1, 6:57:35, 6:59:50,   135, 40.30, 36.80,  3.50
         0,     0, 1, 6:59:58, 7:00:02,     4, 36.80, 41.20, -4.40
  13008748,  7169, 4, 7:03:00, 7:04:36,    96, 43.50, 42.50,  1.00
  12706628,  7037, 1, 7:03:53, 7:05:37,   104, 41.20, 37.00,  4.20
         0,     0, 1, 7:05:44, 7:05:47,     3, 37.00, 41.20, -4.20
  12706707,     0, 8, 7:08:25, 7:08:28,     3, 40.30, 40.30,  0.00
  11724217,  3117, 3, 7:08:45, 7:09:04,    19, 46.10, 43.50,  2.60
         0,     0, 3, 7:09:12, 7:09:13,     1, 43.50, 46.40, -2.90
  12706609,  7018, 1, 7:08:59, 7:09:36,    37, 41.20, 34.90,  6.30
  11724217,  3117, 4, 7:09:09, 7:09:40,    31, 42.40, 34.80,  7.60
         0,     0, 1, 7:09:44, 7:09:49,     5, 34.90, 41.30, -6.40
         0,     0, 4, 7:09:47, 7:09:55,     8, 34.80, 43.20, -8.40
  12706642,  7051, 3, 7:09:28, 7:10:11,    43, 46.30, 39.00,  7.30
         0,     0, 3, 7:10:19, 7:10:24,     5, 39.00, 38.90,  0.10
  11724167,  3067, 4, 7:12:40, 7:13:07,    27, 43.30, 39.60,  3.70
         0,     0, 4, 7:13:15, 7:13:18,     3, 39.60, 43.30, -3.70
  11724217,  3117, 3, 7:12:36, 7:13:17,    41, 46.30, 40.10,  6.20
  12199951,  5005, 2, 7:11:22, 7:13:19,   117, 44.10, 37.70,  6.40
         0,     0, 3, 7:13:25, 7:13:29,     4, 40.10, 46.10, -6.00
         0,     0, 2, 7:13:27, 7:13:32,     5, 37.70, 44.00, -6.30
  12706628,  7037, 1, 7:14:34, 7:15:23,    49, 41.30, 38.00,  3.30
         0,     0, 1, 7:15:30, 7:15:32,     2, 38.00, 41.30, -3.30
  11499184,  2074, 3, 7:18:53, 7:19:49,    56, 46.20, 32.20, 14.00
         0,     0, 3, 7:19:57, 7:20:08,    11, 32.20, 32.00,  0.20
  12448408,  6021, 4, 7:22:53, 7:23:53,    60, 43.40, 27.20, 16.20
         0,     0, 4, 7:24:01, 7:24:16,    15, 27.20, 43.20,-16.00
  12706610,  7019, 2, 7:27:00, 7:28:35,    95, 44.10, 23.00, 21.10
         0,     0, 2, 7:28:42, 7:29:04,    22, 23.00, 44.00,-21.00
  12448437,  6050, 2, 7:29:19, 7:30:20,    61, 44.00, 43.80,  0.20
  13008748,  7169, 4, 7:26:30, 7:31:28,   298, 43.40, 38.20,  5.20
         0,     0, 4, 7:31:36, 7:31:41,     5, 38.20, 43.20, -5.00
  12448437,  6050, 1, 7:30:30, 7:31:46,    76, 41.30, 28.70, 12.60
         0,     0, 1, 7:31:53, 7:32:06,    13, 28.70, 41.20,-12.50
  11953971,  4001, 3, 7:32:52, 7:33:15,    23, 46.20, 46.00,  0.20
  11953971,  4001, 4, 7:33:30, 7:34:53,    83, 43.10, 29.90, 13.20
         0,     0, 4, 7:35:02, 7:35:16,    14, 29.90, 43.10,-13.20
  11499184,  2074, 1, 7:38:48, 7:38:53,     5, 41.20, 41.20,  0.00
  12706634,  7043, 2, 7:43:41, 7:45:47,   126, 43.80, 27.40, 16.40
         0,     0, 2, 7:45:55, 7:46:11,    16, 27.40, 44.10,-16.70
  12706615,  7024, 3, 7:44:36, 7:48:50,   254, 46.00, 27.00, 19.00
         0,     0, 3, 7:48:58, 7:49:14,    16, 27.00, 26.90,  0.10
  12706628,  7037, 1, 7:57:51, 7:58:44,    53, 41.20, 36.10,  5.10
         0,     0, 1, 7:58:52, 7:58:56,     4, 36.10, 41.30, -5.20
  12706628,  7037, 1, 7:59:15, 8:00:52,    97, 41.30, 38.40,  2.90
         0,     0, 1, 8:01:00, 8:01:02,     2, 38.40, 41.30, -2.90
  12706621,  7030, 2, 7:59:28, 8:01:23,   115, 44.10, 26.10, 18.00
         0,     0, 2, 8:01:31, 8:01:48,    17, 26.10, 44.00,-17.90
  12200086,  5140, 4, 8:04:15, 8:05:38,    83, 43.70, 35.00,  8.70
         0,     0, 4, 8:05:45, 8:05:52,     7, 35.00, 43.30, -8.30
  11724217,  3117, 1, 8:07:57, 8:09:19,    82, 41.30, 23.10, 18.20
         0,     0, 1, 8:09:27, 8:09:44,    17, 23.10, 41.20,-18.10
  12706628,  7037, 2, 8:09:41, 8:10:08,    27, 44.00, 41.40,  2.60
         0,     0, 2, 8:10:16, 8:10:17,     1, 41.40, 44.10, -2.70
  12448521,  6134, 1, 8:18:15, 8:20:25,   130, 41.20, 28.20, 13.00
         0,     0, 1, 8:20:34, 8:20:46,    12, 28.20, 41.20,-13.00
  12200086,  5140, 2, 8:27:25, 8:28:36,    71, 44.00, 37.40,  6.60
         0,     0, 2, 8:28:45, 8:28:50,     5, 37.40, 44.20, -6.80
  12706727,     0, 8, 8:29:47, 8:29:48,     1, 40.10, 40.10,  0.00
  12448517,  6130, 2, 8:29:00, 8:29:57,    57, 44.10, 43.80,  0.30
  12706727,     0, 8, 8:30:42, 8:30:45,     3, 38.50, 38.50,  0.00
         0,     0, 8, 8:30:53, 8:30:55,     2, 38.50, 41.20, -2.70
  11724205,     0, 7, 8:31:05, 8:31:08,     3, 41.00, 41.10, -0.10
  11954042,  4072, 4, 8:30:23, 8:32:17,   114, 43.10, 26.30, 16.80
         0,     0, 4, 8:32:24, 8:32:40,    16, 26.30, 43.20,-16.90
  12448517,  6130, 1, 8:30:02, 8:33:35,   213, 41.20, 15.20, 26.00
         0,     0, 1, 8:33:42, 8:34:07,    25, 15.20, 41.30,-26.10
  21268732,  6126, 2, 8:34:12, 8:37:29,   197, 43.80, 30.70, 13.10
         0,     0, 2, 8:37:37, 8:37:49,    12, 30.70, 44.00,-13.30
  12706630,  7039, 3, 8:35:39, 8:39:03,   204, 46.10, 29.40, 16.70
         0,     0, 3, 8:39:11, 8:39:25,    14, 29.40, 29.30,  0.10
  11724205,     0, 7, 8:31:46, 8:40:54,   548, 41.10, 31.10, 10.00
         0,     0, 7, 8:41:02, 8:41:15,    13, 31.10, 41.10,-10.00
  12706700,     0, 7, 8:43:48, 8:43:53,     5, 41.10, 41.10,  0.00
  12706700,     0, 8, 8:44:01, 8:44:41,    40, 41.20, 34.00,  7.20
         0,     0, 8, 8:44:50, 8:44:57,     7, 34.00, 41.20, -7.20
  12706700,     0, 8, 8:45:37, 8:45:39,     2, 36.40, 36.50, -0.10
         0,     0, 8, 8:45:47, 8:45:51,     4, 36.50, 41.20, -4.70
  12448415,  6028, 1, 8:42:55, 8:46:10,   195, 41.30, 22.80, 18.50
  21268732,  6126, 2, 8:45:10, 8:46:13,    63, 44.00, 40.40,  3.60
         0,     0, 2, 8:46:21, 8:46:23,     2, 40.40, 44.00, -3.60
         0,     0, 1, 8:46:18, 8:46:35,    17, 22.80, 41.20,-18.40
  12200081,  5135, 4, 8:45:38, 8:47:39,   121, 43.70, 26.80, 16.90
         0,     0, 4, 8:47:46, 8:48:01,    15, 26.80, 43.30,-16.50
  12706628,  7037, 1, 8:48:40, 8:49:25,    45, 41.30, 37.10,  4.20
         0,     0, 1, 8:49:33, 8:49:37,     4, 37.10, 41.20, -4.10
  12706707,     0, 8, 8:50:41, 8:50:51,    10, 40.00, 40.00,  0.00
  12448434,  6047, 1, 8:51:56, 8:54:58,   182, 41.20, 27.60, 13.60
         0,     0, 1, 8:55:07, 8:55:20,    13, 27.60, 41.20,-13.60
  12706705,     0, 7, 8:54:56, 8:56:03,    67, 41.10, 40.80,  0.30
  12706705,     0, 8, 8:59:01, 8:59:05,     4, 24.90, 25.00, -0.10
         0,     0, 8, 8:59:13, 8:59:30,    17, 25.00, 41.30,-16.30
  12706614,  7023, 3, 8:57:39, 8:59:33,   114, 46.30, 36.60,  9.70
         0,     0, 3, 8:59:40, 8:59:47,     7, 36.60, 36.50,  0.10
  12706707,     0, 8, 9:00:16, 9:00:42,    26, 41.30, 40.30,  1.00
  12706624,  7033, 2, 8:59:29, 9:01:40,   131, 44.00, 36.70,  7.30
         0,     0, 2, 9:01:48, 9:01:54,     6, 36.70, 44.10, -7.40
  12706707,     0, 8, 9:01:17, 9:02:18,    61, 40.30, 33.30,  7.00
  12706624,  7033, 2, 9:02:04, 9:02:27,    23, 44.10, 41.10,  3.00
         0,     0, 8, 9:02:27, 9:02:34,     7, 33.30, 41.20, -7.90
         0,     0, 2, 9:02:35, 9:02:36,     1, 41.10, 44.10, -3.00
  12706630,  7039, 2, 9:08:33, 9:10:40,   127, 44.10, 35.10,  9.00
         0,     0, 2, 9:10:48, 9:10:56,     8, 35.10, 44.10, -9.00
  12200081,  5135, 4, 9:13:25, 9:14:36,    71, 43.40, 35.00,  8.40
         0,     0, 4, 9:14:44, 9:14:52,     8, 35.00, 43.20, -8.20
  21268732,  6126, 1, 9:20:40, 9:21:11,    31, 41.20, 40.20,  1.00
  11499117,  2007, 2, 9:21:03, 9:21:15,    12, 44.10, 43.70,  0.40
  11724172,     0, 8, 9:22:02, 9:22:02,     0, 41.20, 41.10,  0.10
  21268732,  6126, 3, 9:21:45, 9:22:24,    39, 46.10, 43.80,  2.30
         0,     0, 3, 9:22:32, 9:22:33,     1, 43.80, 46.30, -2.50
  12448482,     0, 8, 9:22:12, 9:22:33,    21, 41.10, 41.10,  0.00
  12706618,  7027, 2, 9:21:38, 9:23:11,    93, 43.70, 25.20, 18.50
  12448437,  6050, 1, 9:21:33, 9:23:15,   102, 40.20, 30.20, 10.00
         0,     0, 1, 9:23:23, 9:23:34,    11, 30.20, 41.30,-11.10
         0,     0, 2, 9:23:19, 9:23:38,    19, 25.20, 44.10,-18.90
  12448482,     0, 8, 9:24:01, 9:24:24,    23, 41.00, 41.10, -0.10
  12200085,  5139, 1, 9:24:20, 9:25:34,    74, 41.30, 24.20, 17.10
  12200091,  5145, 4, 9:24:29, 9:25:43,    74, 43.20, 33.60,  9.60
         0,     0, 1, 9:25:42, 9:25:58,    16, 24.20, 41.30,-17.10
         0,     0, 4, 9:25:51, 9:26:00,     9, 33.60, 43.10, -9.50
  12706613,  7022, 2, 9:25:54, 9:26:22,    28, 44.10, 44.10,  0.00
  12448451,     0, 7, 9:27:39, 9:27:56,    17, 40.80, 40.80,  0.00
  12706613,  7022, 1, 9:26:27, 9:28:16,   109, 41.30, 31.60,  9.70
         0,     0, 1, 9:28:23, 9:28:32,     9, 31.60, 41.30, -9.70
  12706614,  7023, 2, 9:27:23, 9:28:57,    94, 44.10, 32.60, 11.50
         0,     0, 2, 9:29:05, 9:29:15,    10, 32.60, 44.10,-11.50
  11724205,     0, 8, 9:29:09, 9:31:14,   125, 41.10, 40.90,  0.20
  11954042,  4072, 4, 9:30:57, 9:32:17,    80, 43.10, 42.60,  0.50
  11954042,  4072, 4, 9:32:28, 9:32:41,    13, 42.60, 42.60,  0.00
  11954042,  4072, 4, 9:32:51, 9:34:13,    82, 42.60, 32.20, 10.40
  21268732,  6126, 3, 9:32:35, 9:34:18,   103, 46.40, 39.80,  6.60
  12706634,  7043, 1, 9:33:28, 9:34:20,    52, 41.40, 38.10,  3.30
         0,     0, 1, 9:34:27, 9:34:29,     2, 38.10, 41.20, -3.10
         0,     0, 3, 9:34:27, 9:34:32,     5, 39.80, 46.00, -6.20
         0,     0, 4, 9:34:22, 9:34:33,    11, 32.20, 43.10,-10.90
  12706634,  7043, 1, 9:34:40, 9:35:27,    47, 41.20, 31.90,  9.30
  11499117,  2007, 2, 9:34:26, 9:35:37,    71, 44.10, 30.60, 13.50
         0,     0, 1, 9:35:36, 9:35:44,     8, 31.90, 41.40, -9.50
         0,     0, 2, 9:35:45, 9:35:57,    12, 30.60, 44.00,-13.40
  12448451,     0, 7, 9:35:49, 9:36:53,    64, 40.80, 40.60,  0.20
  12706601,  7010, 2, 9:36:07, 9:37:50,   103, 44.00, 26.40, 17.60
         0,     0, 2, 9:37:59, 9:38:16,    17, 26.40, 44.10,-17.70
  12448451,     0, 7, 9:37:17, 9:39:27,   130, 40.60, 28.10, 12.50
         0,     0, 7, 9:39:35, 9:39:52,    17, 28.10, 41.10,-13.00
  13008906,     0, 7, 9:41:22, 9:41:29,     7, 41.20, 41.20,  0.00
  12706707,     0, 7, 9:44:05, 9:44:27,    22, 41.20, 39.40,  1.80
         0,     0, 7, 9:44:34, 9:44:35,     1, 39.40, 41.10, -1.70
  12706624,  7033, 2, 9:42:01, 9:44:53,   172, 44.10, 37.90,  6.20
         0,     0, 2, 9:45:01, 9:45:06,     5, 37.90, 44.10, -6.20
  12706707,     0, 8, 9:45:30, 9:45:32,     2, 37.60, 37.60,  0.00
         0,     0, 8, 9:45:40, 9:45:43,     3, 37.60, 41.20, -3.60
  21268732,  6126, 3, 9:45:40, 9:46:35,    55, 46.00, 43.30,  2.70
         0,     0, 3, 9:46:43, 9:46:44,     1, 43.30, 46.40, -3.10
  12706642,  7051, 4, 9:48:53, 9:51:30,   157, 43.30, 25.90, 17.40
  12706620,  7029, 1, 9:49:45, 9:51:38,   113, 41.40, 32.10,  9.30
         0,     0, 4, 9:51:38, 9:51:54,    16, 25.90, 43.20,-17.30
         0,     0, 1, 9:51:46, 9:51:54,     8, 32.10, 41.30, -9.20
  12706707,     0, 8, 9:52:19, 9:52:35,    16, 41.20, 39.60,  1.60
         0,     0, 8, 9:52:43, 9:52:44,     1, 39.60, 41.20, -1.60
  12706620,  7029, 1, 9:54:56, 9:55:49,    53, 41.30, 38.10,  3.20
         0,     0, 1, 9:55:56, 9:55:58,     2, 38.10, 41.30, -3.20
  11499231,     0, 8, 9:56:56, 9:57:41,    45, 41.20, 41.00,  0.20
  12706628,  7037, 1, 9:56:08, 9:58:36,   148, 41.30, 28.70, 12.60
  12448517,  6130, 2, 9:57:43, 9:58:40,    57, 44.10, 36.80,  7.30
         0,     0, 2, 9:58:48, 9:58:54,     6, 36.80, 44.00, -7.20
         0,     0, 1, 9:58:44, 9:58:56,    12, 28.70, 41.30,-12.60
  12448517,  6130, 2, 9:59:04,10:00:11,    67, 44.00, 41.90,  2.10
         0,     0, 2,10:00:20,10:00:20,     0, 41.90, 43.80, -1.90
  12448426,  6039, 4, 9:59:51,10:00:40,    49, 43.50, 37.20,  6.30
         0,     0, 4,10:00:48,10:00:54,     6, 37.20, 43.20, -6.00
  12448426,  6039, 4,10:01:14,10:01:51,    37, 43.30, 35.50,  7.80
         0,     0, 4,10:02:00,10:02:07,     7, 35.50, 43.20, -7.70
  12448408,  6021, 2,10:02:52,10:03:49,    57, 43.80, 28.00, 15.80
         0,     0, 2,10:03:56,10:04:11,    15, 28.00, 44.00,-16.00
  12448426,  6039, 2,10:04:37,10:04:43,     6, 44.00, 42.40,  1.60
  12706613,  7022, 3,10:04:54,10:05:18,    24, 46.40, 43.80,  2.60
         0,     0, 3,10:05:26,10:05:27,     1, 43.80, 46.30, -2.50
  12448518,  6131, 2,10:06:17,10:06:36,    19, 42.40, 40.30,  2.10
         0,     0, 2,10:06:43,10:06:45,     2, 40.30, 44.10, -3.80
  13008748,  7169, 4,10:02:17,10:07:35,   318, 43.30, 33.90,  9.40
  12448518,  6131, 1,10:06:51,10:07:41,    50, 41.30, 27.10, 14.20
         0,     0, 4,10:07:44,10:07:53,     9, 33.90, 43.20, -9.30
         0,     0, 1,10:07:48,10:08:01,    13, 27.10, 41.20,-14.10
  12706610,  7019, 2,10:06:56,10:08:07,    71, 44.10, 28.80, 15.30
         0,     0, 2,10:08:14,10:08:28,    14, 28.80, 44.00,-15.20
  12448391,  6004, 1,10:08:11,10:10:51,   160, 41.20, 31.10, 10.10
         0,     0, 1,10:10:59,10:11:08,     9, 31.10, 41.40,-10.30
  12706737,  7146, 4,10:12:40,10:12:56,    16, 43.30, 43.20,  0.10
  12706656,  7065, 2,10:12:19,10:14:37,   138, 44.00, 29.90, 14.10
         0,     0, 2,10:14:45,10:14:58,    13, 29.90, 44.00,-14.10
  12200083,  5137, 4,10:13:46,10:14:58,    72, 43.40, 35.70,  7.70
         0,     0, 4,10:15:06,10:15:13,     7, 35.70, 43.30, -7.60
  11499231,     0, 8,10:12:03,10:15:12,   189, 41.00, 24.80, 16.20
         0,     0, 8,10:15:21,10:15:38,    17, 24.80, 41.20,-16.40
  13008774,  8015, 3,10:16:25,10:16:41,    16, 46.30, 46.10,  0.20
  12200083,  5137, 2,10:16:01,10:16:59,    58, 44.10, 37.70,  6.40
  21268732,  6126, 1,10:15:01,10:17:02,   121, 41.40, 34.40,  7.00
  13008748,  7169, 4,10:15:41,10:17:04,    83, 43.40, 42.40,  1.00
         0,     0, 2,10:17:06,10:17:11,     5, 37.70, 43.90, -6.20
         0,     0, 1,10:17:10,10:17:16,     6, 34.40, 41.30, -6.90
  12706642,  7051, 4,10:17:58,10:18:25,    27, 42.40, 38.90,  3.50
         0,     0, 4,10:18:33,10:18:37,     4, 38.90, 43.30, -4.40
  12706642,  7051, 3,10:18:31,10:19:07,    36, 46.20, 42.50,  3.70
         0,     0, 3,10:19:15,10:19:17,     2, 42.50, 46.40, -3.90
  12706618,  7027, 4,10:18:47,10:19:37,    50, 43.10, 34.00,  9.10
         0,     0, 4,10:19:45,10:19:53,     8, 34.00, 43.10, -9.10
  12706615,  7024, 1,10:17:29,10:20:58,   209, 41.30, 28.10, 13.20
         0,     0, 1,10:21:05,10:21:17,    12, 28.10, 41.30,-13.20
  12706737,  7146, 4,10:20:43,10:21:56,    73, 43.10, 38.20,  4.90
         0,     0, 4,10:22:04,10:22:08,     4, 38.20, 43.00, -4.80
  12706727,     0, 7,10:22:57,10:22:59,     2, 41.10, 41.10,  0.00
  12706620,  7029, 1,10:22:32,10:23:27,    55, 41.30, 37.90,  3.40
         0,     0, 1,10:23:34,10:23:36,     2, 37.90, 41.30, -3.40
  12706727,     0, 8,10:23:18,10:23:55,    37, 41.20, 39.80,  1.40
         0,     0, 8,10:24:03,10:24:03,     0, 39.80, 41.10, -1.30
  13008906,     0, 7,10:24:30,10:25:28,    58, 41.10, 31.80,  9.30
         0,     0, 7,10:25:37,10:25:49,    12, 31.80, 41.00, -9.20
  13008774,  8015, 4,10:26:32,10:27:42,    70, 43.00, 33.80,  9.20
         0,     0, 4,10:27:50,10:27:59,     9, 33.80, 43.20, -9.40
  12448391,  6004, 2,10:27:04,10:28:02,    58, 43.90, 42.40,  1.50
  12706727,     0, 8,10:28:47,10:29:12,    25, 39.30, 37.20,  2.10
         0,     0, 8,10:29:19,10:29:22,     3, 37.20, 41.30, -4.10
  12448417,  6030, 4,10:28:55,10:30:18,    83, 43.20, 24.30, 18.90
  12448426,  6039, 2,10:29:59,10:30:29,    30, 42.40, 40.10,  2.30
         0,     0, 2,10:30:36,10:30:39,     3, 40.10, 44.10, -4.00
         0,     0, 4,10:30:27,10:30:45,    18, 24.30, 43.30,-19.00
  12706621,  7030, 3,10:30:56,10:31:01,     5, 46.50, 46.30,  0.20
  12706621,  7030, 4,10:32:49,10:33:56,    67, 43.90, 30.30, 13.60
         0,     0, 4,10:34:05,10:34:17,    12, 30.30, 43.30,-13.00
  12706613,  7022, 3,10:34:25,10:35:11,    46, 46.40, 40.90,  5.50
         0,     0, 3,10:35:19,10:35:22,     3, 40.90, 46.30, -5.40
  12706609,  7018, 4,10:36:16,10:37:11,    55, 43.10, 31.50, 11.60
         0,     0, 4,10:37:20,10:37:31,    11, 31.50, 43.10,-11.60
  12448516,  6129, 4,10:37:47,10:39:43,   116, 43.20, 26.50, 16.70
         0,     0, 4,10:39:52,10:40:08,    16, 26.50, 43.60,-17.10
  13008842,     0, 7,10:41:16,10:41:51,    35, 41.10, 36.40,  4.70
         0,     0, 7,10:41:58,10:42:04,     6, 36.40, 41.00, -4.60
  12448420,  6033, 4,10:41:47,10:42:15,    28, 43.80, 43.30,  0.50
  12448420,  6033, 4,10:42:27,10:44:46,   139, 43.20, 30.60, 12.60
  12706737,  7146, 3,10:43:13,10:45:01,   108, 46.30, 32.00, 14.30
         0,     0, 4,10:44:55,10:45:07,    12, 30.60, 43.10,-12.50
         0,     0, 3,10:45:09,10:45:20,    11, 32.00, 32.00,  0.00
  13008842,     0, 7,10:45:45,10:46:16,    31, 41.00, 36.70,  4.30
         0,     0, 7,10:46:24,10:46:29,     5, 36.70, 41.10, -4.40
  11499184,  2074, 3,10:47:03,10:47:40,    37, 46.20, 37.20,  9.00
         0,     0, 3,10:47:49,10:47:55,     6, 37.20, 37.00,  0.20
  12448392,  6005, 4,10:47:22,10:48:21,    59, 43.30, 33.40,  9.90
         0,     0, 4,10:48:29,10:48:38,     9, 33.40, 43.30, -9.90
  12706601,  7010, 1,10:48:05,10:48:39,    34, 41.40, 36.60,  4.80
         0,     0, 1,10:48:46,10:48:49,     3, 36.60, 41.10, -4.50
  12706601,  7010, 1,10:49:00,10:49:42,    42, 41.10, 35.50,  5.60
         0,     0, 1,10:49:49,10:49:54,     5, 35.50, 41.30, -5.80
  12200085,  5139, 4,10:49:56,10:49:58,     2, 43.50, 43.00,  0.50
  12706601,  7010, 2,10:49:59,10:50:28,    29, 44.10, 39.40,  4.70
         0,     0, 2,10:50:35,10:50:38,     3, 39.40, 44.00, -4.60
  12200085,  5139, 3,10:50:19,10:51:46,    87, 46.20, 27.00, 19.20
         0,     0, 3,10:51:55,10:52:11,    16, 27.00, 46.10,-19.10
  12200085,  5139, 4,10:52:24,10:52:51,    27, 43.00, 36.00,  7.00
         0,     0, 4,10:52:58,10:53:05,     7, 36.00, 43.20, -7.20
  12448426,  6039, 4,10:53:29,10:54:42,    73, 43.30, 36.10,  7.20
         0,     0, 4,10:54:50,10:54:57,     7, 36.10, 36.00,  0.10
  12706727,     0, 7,10:55:52,10:56:41,    49, 41.10, 36.70,  4.40
         0,     0, 7,10:56:49,10:56:54,     5, 36.70, 41.10, -4.40
  13008774,  8015, 2,11:01:22,11:01:32,    10, 44.00, 43.80,  0.20
  13008774,  8015, 2,11:01:42,11:02:00,    18, 43.80, 43.10,  0.70
  13008774,  8015, 2,11:02:12,11:03:58,   106, 43.10, 33.40,  9.70
         0,     0, 2,11:04:05,11:04:15,    10, 33.40, 44.10,-10.70
  13008774,  8015, 2,11:04:30,11:04:32,     2, 44.10, 44.10,  0.00
  12200079,  5133, 2,11:06:04,11:08:37,   153, 44.10, 27.80, 16.30
         0,     0, 2,11:08:46,11:09:01,    15, 27.80, 44.10,-16.30
  12448472,     0, 8,11:10:41,11:10:44,     3, 41.10, 41.10,  0.00
  12706618,  7027, 2,11:10:07,11:10:59,    52, 44.10, 33.10, 11.00
         0,     0, 2,11:11:06,11:11:16,    10, 33.10, 44.10,-11.00
  12448472,     0, 8,11:11:20,11:13:40,   140, 40.90, 30.30, 10.60
         0,     0, 8,11:13:47,11:13:58,    11, 30.30, 41.20,-10.90
  11953971,  4001, 3,11:15:49,11:16:04,    15, 46.20, 46.00,  0.20
  11953971,  4001, 3,11:16:17,11:18:35,   138, 46.10, 35.20, 10.90
         0,     0, 3,11:18:43,11:18:51,     8, 35.20, 35.00,  0.20
  11953971,  4001, 3,11:19:04,11:19:39,    35, 46.20, 34.40, 11.80
         0,     0, 3,11:19:47,11:19:57,    10, 34.40, 34.20,  0.20
  12706614,  7023, 4,11:19:13,11:20:32,    79, 43.40, 25.00, 18.40
         0,     0, 4,11:20:40,11:20:57,    17, 25.00, 43.40,-18.40
  12706700,     0, 7,11:21:30,11:21:41,    11, 41.10, 41.10,  0.00
  12706609,  7018, 2,11:21:17,11:22:04,    47, 44.10, 34.70,  9.40
         0,     0, 2,11:22:12,11:22:20,     8, 34.70, 44.00, -9.30
  12706700,     0, 7,11:21:53,11:23:08,    75, 41.10, 30.40, 10.70
         0,     0, 7,11:23:16,11:23:30,    14, 30.40, 41.10,-10.70
  11724167,  3067, 4,11:26:20,11:27:37,    77, 43.40, 23.50, 19.90
         0,     0, 4,11:27:45,11:28:04,    19, 23.50, 43.30,-19.80
  11724205,     0, 7,11:27:41,11:31:22,   221, 41.10, 27.20, 13.90
         0,     0, 7,11:31:30,11:31:49,    19, 27.20, 41.10,-13.90
  12448420,  6033, 4,11:29:21,11:33:05,   224, 43.30, 33.90,  9.40
         0,     0, 4,11:33:13,11:33:22,     9, 33.90, 43.20, -9.30
  12448434,  6047, 1,11:31:43,11:34:14,   151, 41.30, 29.30, 12.00
         0,     0, 1,11:34:22,11:34:33,    11, 29.30, 41.30,-12.00
  21268732,  6126, 1,11:34:43,11:37:52,   189, 41.30, 32.50,  8.80
  13008738,  7159, 3,11:35:35,11:38:02,   147, 46.40, 27.10, 19.30
         0,     0, 1,11:38:01,11:38:09,     8, 32.50, 41.40, -8.90
         0,     0, 3,11:38:10,11:38:25,    15, 27.10, 27.10,  0.00
  12448482,     0, 8,11:43:56,11:44:18,    22, 39.30, 39.30,  0.00
         0,     0, 8,11:44:25,11:44:26,     1, 39.30, 41.20, -1.90
  12448482,     0, 8,11:44:40,11:49:24,   284, 41.30, 24.60, 16.70
         0,     0, 8,11:49:32,11:49:49,    17, 24.60, 41.20,-16.60
  13008906,     0, 7,11:51:46,11:51:48,     2, 40.70, 40.70,  0.00
  21268732,  6126, 3,11:59:19,11:59:58,    39, 46.10, 43.50,  2.60
         0,     0, 3,12:00:06,12:00:07,     1, 43.50, 46.20, -2.70
  12199951,  5005, 4,11:59:53,12:03:46,   233, 43.60, 32.80, 10.80
         0,     0, 4,12:03:53,12:04:03,    10, 32.80, 32.80,  0.00
  13008906,     0, 8,12:04:28,12:04:28,     0, 41.00, 41.10, -0.10
  12448434,  6047, 3,12:05:58,12:07:33,    95, 46.30, 40.20,  6.10
         0,     0, 3,12:07:41,12:07:45,     4, 40.20, 40.20,  0.00
  12706609,  7018, 4,12:09:03,12:09:40,    37, 43.40, 34.20,  9.20
         0,     0, 4,12:09:47,12:09:55,     8, 34.20, 43.30, -9.10
  12448415,  6028, 1,12:10:35,12:13:48,   193, 41.40, 21.50, 19.90
         0,     0, 1,12:13:56,12:14:14,    18, 21.50, 41.30,-19.80
  12448521,  6134, 4,12:12:06,12:15:47,   221, 43.30, 28.80, 14.50
  12706610,  7019, 3,12:14:31,12:15:52,    81, 46.20, 30.20, 16.00
         0,     0, 4,12:15:54,12:16:07,    13, 28.80, 43.30,-14.50
         0,     0, 3,12:16:00,12:16:13,    13, 30.20, 30.10,  0.10
  12706630,  7039, 4,12:21:32,12:22:16,    44, 43.40, 43.10,  0.30
  12706630,  7039, 3,12:22:30,12:23:57,    87, 46.10, 35.20, 10.90
         0,     0, 3,12:24:04,12:24:12,     8, 35.20, 35.00,  0.20
  12448521,  6134, 4,12:30:37,12:30:53,    16, 43.20, 43.10,  0.10
  12706707,     0, 7,12:31:54,12:32:07,    13, 40.80, 39.00,  1.80
         0,     0, 7,12:32:15,12:32:17,     2, 39.00, 41.20, -2.20
  12706707,     0, 8,12:33:08,12:33:15,     7, 34.80, 34.80,  0.00
         0,     0, 8,12:33:24,12:33:30,     6, 34.80, 41.30, -6.50
  12200086,  5140, 2,12:32:01,12:33:33,    92, 43.80, 34.00,  9.80
         0,     0, 2,12:33:40,12:33:49,     9, 34.00, 44.10,-10.10
  12448434,  6047, 3,12:35:33,12:36:13,    40, 46.10, 42.50,  3.60
         0,     0, 3,12:36:20,12:36:22,     2, 42.50, 46.20, -3.70
  12448521,  6134, 3,12:36:46,12:38:11,    85, 46.40, 44.90,  1.50
  12706727,     0, 7,12:40:01,12:40:37,    36, 41.20, 39.10,  2.10
         0,     0, 7,12:40:45,12:40:47,     2, 39.10, 40.60, -1.50
  12706727,     0, 7,12:41:04,12:41:06,     2, 38.60, 38.60,  0.00
         0,     0, 7,12:41:14,12:41:16,     2, 38.60, 41.10, -2.50
  12706727,     0, 8,12:41:50,12:42:10,    20, 41.20, 37.20,  4.00
         0,     0, 8,12:42:18,12:42:21,     3, 37.20, 41.20, -4.00
  12706628,  7037, 4,12:45:34,12:46:28,    54, 43.00, 41.30,  1.70
         0,     0, 4,12:46:35,12:46:36,     1, 41.30, 43.30, -2.00
  11499117,  2007, 3,12:51:11,12:51:57,    46, 45.00, 31.90, 13.10
         0,     0, 3,12:52:05,12:52:16,    11, 31.90, 31.90,  0.00
  12706630,  7039, 3,12:52:35,12:52:51,    16, 46.20, 46.10,  0.10
  12706705,     0, 7,12:50:48,12:53:14,   146, 42.00, 31.20, 10.80
  12448472,     0, 8,12:50:48,12:53:16,   148, 41.20, 31.60,  9.60
         0,     0, 7,12:53:21,12:53:34,    13, 31.20, 41.10, -9.90
         0,     0, 8,12:53:25,12:53:35,    10, 31.60, 41.10, -9.50
  12706630,  7039, 4,12:52:55,12:54:00,    65, 43.30, 35.60,  7.70
         0,     0, 4,12:54:09,12:54:16,     7, 35.60, 43.20, -7.60
  12199951,  5005, 3,12:55:52,12:58:13,   141, 46.20, 37.90,  8.30
         0,     0, 3,12:58:20,12:58:26,     6, 37.90, 37.70,  0.20
  12706700,     0, 8,12:59:19,12:59:20,     1, 41.10, 41.10,  0.00
  12448417,  6030, 4,13:04:52,13:06:28,    96, 43.10, 26.10, 17.00
         0,     0, 4,13:06:35,13:06:51,    16, 26.10, 43.20,-17.10
  12448415,  6028, 1,13:09:25,13:12:22,   177, 41.30, 28.70, 12.60
         0,     0, 1,13:12:29,13:12:40,    11, 28.70, 41.20,-12.50
  12448518,  6131, 4,13:11:45,13:12:51,    66, 43.20, 32.50, 10.70
         0,     0, 4,13:12:59,13:13:09,    10, 32.50, 43.20,-10.70
  12706737,  7146, 4,13:14:38,13:14:48,    10, 43.40, 43.40,  0.00
  13008842,     0, 7,13:17:41,13:17:52,    11, 41.10, 40.30,  0.80
  12448437,  6050, 4,13:18:03,13:19:41,    98, 43.40, 30.20, 13.20
  12706737,  7146, 3,13:16:24,13:19:46,   202, 46.20, 27.90, 18.30
         0,     0, 4,13:19:49,13:20:02,    13, 30.20, 43.10,-12.90
         0,     0, 3,13:19:54,13:20:09,    15, 27.90, 27.90,  0.00
  12706628,  7037, 1,13:19:44,13:20:26,    42, 41.20, 41.20,  0.00
  12448391,  6004, 3,13:22:38,13:24:06,    88, 46.10, 36.60,  9.50
         0,     0, 3,13:24:15,13:24:22,     7, 36.60, 36.40,  0.20
  12706628,  7037, 2,13:24:48,13:24:57,     9, 44.10, 43.70,  0.40
  12706628,  7037, 2,13:29:16,13:31:43,   147, 43.70, 42.40,  1.30
  12706621,  7030, 3,13:33:31,13:35:06,    95, 46.00, 31.00, 15.00
         0,     0, 3,13:35:14,13:35:26,    12, 31.00, 46.20,-15.20
  12448518,  6131, 2,13:36:29,13:36:37,     8, 42.40, 42.40,  0.00
  12448518,  6131, 1,13:36:54,13:37:34,    40, 41.20, 34.20,  7.00
         0,     0, 1,13:37:41,13:37:47,     6, 34.20, 41.30, -7.10
  13008842,     0, 8,13:47:48,13:48:12,    24, 41.00, 34.90,  6.10
         0,     0, 8,13:48:20,13:48:26,     6, 34.90, 41.30, -6.40
  12706615,  7024, 1,13:45:49,13:48:24,   155, 41.30, 21.70, 19.60
         0,     0, 1,13:48:31,13:48:50,    19, 21.70, 41.20,-19.50
  13008774,  8015, 4,13:49:53,13:50:07,    14, 43.50, 42.40,  1.10
  12448451,     0, 8,13:50:17,13:50:32,    15, 41.20, 41.20,  0.00
  12448451,     0, 7,13:51:00,13:51:36,    36, 40.30, 40.20,  0.10
  12448451,     0, 8,13:51:49,13:52:02,    13, 41.20, 41.10,  0.10
  12448521,  6134, 1,13:51:05,13:52:49,   104, 41.20, 27.60, 13.60
         0,     0, 1,13:52:56,13:53:09,    13, 27.60, 41.30,-13.70
  12448451,     0, 7,13:52:17,13:53:11,    54, 40.20, 37.00,  3.20
         0,     0, 7,13:53:20,13:53:25,     5, 37.00, 41.00, -4.00
  12200083,  5137, 4,13:53:32,13:54:49,    77, 42.50, 31.00, 11.50
         0,     0, 4,13:54:57,13:55:09,    12, 31.00, 43.20,-12.20
  12200083,  5137, 3,13:55:38,13:55:56,    18, 46.20, 41.90,  4.30
         0,     0, 3,13:56:04,13:56:07,     3, 41.90, 46.20, -4.30
  12706613,  7022, 4,13:56:21,13:58:54,   153, 43.30, 23.60, 19.70
         0,     0, 4,13:59:03,13:59:22,    19, 23.60, 43.20,-19.60
  11724205,     0, 7,13:53:35,14:00:47,   432, 41.00, 35.60,  5.40
         0,     0, 7,14:00:56,14:01:03,     7, 35.60, 41.10, -5.50
  12706613,  7022, 3,13:59:19,14:01:13,   114, 46.20, 34.20, 12.00
         0,     0, 3,14:01:21,14:01:30,     9, 34.20, 34.10,  0.10
  13008906,     0, 7,14:02:15,14:02:16,     1, 31.70, 31.70,  0.00
         0,     0, 7,14:02:25,14:02:37,    12, 31.70, 41.10, -9.40
  13008842,     0, 8,14:05:32,14:06:01,    29, 41.10, 35.80,  5.30
         0,     0, 8,14:06:09,14:06:14,     5, 35.80, 41.20, -5.40
  12448451,     0, 8,14:06:24,14:06:52,    28, 41.20, 41.10,  0.10
  12448451,     0, 7,14:07:05,14:07:57,    52, 41.10, 38.90,  2.20
         0,     0, 7,14:08:06,14:08:08,     2, 38.90, 41.10, -2.20
  12448451,     0, 7,14:08:31,14:08:32,     1, 36.70, 36.70,  0.00
         0,     0, 7,14:08:40,14:08:45,     5, 36.70, 41.10, -4.40
  12200086,  5140, 1,14:08:11,14:09:14,    63, 41.30, 37.80,  3.50
         0,     0, 1,14:09:22,14:09:24,     2, 37.80, 41.20, -3.40
  12448434,  6047, 3,14:07:42,14:09:50,   128, 46.20, 33.90, 12.30
         0,     0, 3,14:09:58,14:10:07,     9, 33.90, 33.90,  0.00
  12200083,  5137, 4,14:10:29,14:10:38,     9, 43.60, 42.90,  0.70
  12200086,  5140, 1,14:09:42,14:11:01,    79, 41.20, 33.10,  8.10
         0,     0, 1,14:11:08,14:11:15,     7, 33.10, 41.20, -8.10
  12706656,  7065, 1,14:11:25,14:12:33,    68, 41.30, 29.10, 12.20
         0,     0, 1,14:12:41,14:12:52,    11, 29.10, 41.20,-12.10
  13008748,  7169, 4,14:11:31,14:14:06,   155, 42.90, 36.50,  6.40
         0,     0, 4,14:14:13,14:14:19,     6, 36.50, 36.50,  0.00
  12200083,  5137, 4,14:15:18,14:15:51,    33, 43.20, 36.20,  7.00
  12200081,  5135, 2,14:15:12,14:15:53,    41, 42.30, 40.80,  1.50
         0,     0, 2,14:16:00,14:16:02,     2, 40.80, 44.10, -3.30
         0,     0, 4,14:15:58,14:16:04,     6, 36.20, 36.20,  0.00
  12200081,  5135, 2,14:16:13,14:16:23,    10, 44.10, 42.90,  1.20
  12448426,  6039, 1,14:16:12,14:17:11,    59, 41.20, 26.50, 14.70
         0,     0, 1,14:17:18,14:17:32,    14, 26.50, 41.30,-14.80
  12200081,  5135, 2,14:16:38,14:17:45,    67, 42.90, 26.90, 16.00
         0,     0, 2,14:17:53,14:18:09,    16, 26.90, 44.10,-17.20
  12448392,  6005, 2,14:18:19,14:18:53,    34, 44.10, 41.70,  2.40
         0,     0, 2,14:19:01,14:19:02,     1, 41.70, 44.00, -2.30
  12448392,  6005, 1,14:18:58,14:21:30,   152, 41.30, 19.10, 22.20
  12448420,  6033, 2,14:19:13,14:21:47,   154, 44.10, 35.10,  9.00
         0,     0, 1,14:21:38,14:22:00,    22, 19.10, 41.30,-22.20
         0,     0, 2,14:21:54,14:22:02,     8, 35.10, 44.00, -8.90
  12706628,  7037, 3,14:23:21,14:24:39,    78, 46.10, 45.70,  0.40
  12706628,  7037, 4,14:26:18,14:31:11,   293, 43.10, 28.10, 15.00
         0,     0, 4,14:31:19,14:31:33,    14, 28.10, 43.30,-15.20
  12706620,  7029, 4,14:40:37,14:42:43,   126, 43.70, 28.40, 15.30
         0,     0, 4,14:42:52,14:43:06,    14, 28.40, 43.10,-14.70
  12706601,  7010, 4,14:43:16,14:44:50,    94, 43.10, 29.40, 13.70
         0,     0, 4,14:44:59,14:45:12,    13, 29.40, 43.20,-13.80
  12706620,  7029, 1,14:44:09,14:45:21,    72, 41.30, 35.20,  6.10
         0,     0, 1,14:45:30,14:45:35,     5, 35.20, 41.30, -6.10
  12448472,     0, 7,14:55:09,14:55:16,     7, 41.10, 41.10,  0.00
  12448472,     0, 7,14:55:36,14:57:33,   117, 40.90, 39.20,  1.70
         0,     0, 7,14:57:41,14:57:43,     2, 39.20, 41.10, -1.90
  12706628,  7037, 3,14:59:09,14:59:56,    47, 45.90, 45.00,  0.90
  12448408,  6021, 3,15:00:06,15:01:14,    68, 44.90, 27.00, 17.90
         0,     0, 3,15:01:22,15:01:38,    16, 27.00, 26.90,  0.10
  12448408,  6021, 4,15:01:37,15:01:38,     1, 43.50, 43.50,  0.00
  12448482,     0, 8,15:07:25,15:08:56,    91, 40.80, 40.70,  0.10
  12448482,     0, 8,15:09:09,15:10:02,    53, 40.40, 39.60,  0.80
         0,     0, 8,15:10:11,15:10:12,     1, 39.60, 41.30, -1.70
  12706700,     0, 7,15:10:45,15:12:18,    93, 41.10, 32.90,  8.20
         0,     0, 7,15:12:26,15:12:36,    10, 32.90, 41.10, -8.20
  12448482,     0, 8,15:13:49,15:13:59,    10, 41.20, 41.20,  0.00
  12448472,     0, 7,15:14:27,15:14:31,     4, 41.10, 41.10,  0.00
  12448482,     0, 8,15:14:12,15:14:35,    23, 41.20, 41.10,  0.10
  11724172,     0, 7,15:14:59,15:15:08,     9, 41.10, 41.10,  0.00
  12448472,     0, 8,15:16:01,15:18:01,   120, 40.90, 36.10,  4.80
         0,     0, 8,15:18:09,15:18:13,     4, 36.10, 41.00, -4.90
  12448482,     0, 7,15:15:36,15:18:40,   184, 40.90, 32.20,  8.70
  12448472,     0, 8,15:18:37,15:18:49,    12, 40.80, 40.80,  0.00
         0,     0, 7,15:18:47,15:18:58,    11, 32.20, 41.10, -8.90
  12706618,  7027, 4,15:33:09,15:33:58,    49, 43.50, 31.40, 12.10
         0,     0, 4,15:34:06,15:34:17,    11, 31.40, 43.20,-11.80
  12200085,  5139, 2,15:38:48,15:39:55,    67, 43.80, 26.20, 17.60
         0,     0, 2,15:40:03,15:40:20,    17, 26.20, 44.20,-18.00
  11953971,  4001, 2,15:42:20,15:42:33,    13, 44.20, 44.20,  0.00
  11953971,  4001, 2,15:42:44,15:43:04,    20, 44.10, 43.90,  0.20
  11953971,  4001, 2,15:43:15,15:44:45,    90, 44.00, 24.30, 19.70
         0,     0, 2,15:44:53,15:45:12,    19, 24.30, 44.10,-19.80
  12706634,  7043, 4,15:45:53,15:47:23,    90, 43.30, 26.80, 16.50
         0,     0, 4,15:47:31,15:47:46,    15, 26.80, 43.30,-16.50
  21268732,  6126, 1,15:47:52,15:48:09,    17, 41.30, 40.60,  0.70
  12706609,  7018, 3,15:47:44,15:48:26,    42, 46.00, 34.90, 11.10
         0,     0, 3,15:48:33,15:48:42,     9, 34.90, 34.90,  0.00
  21268732,  6126, 2,15:48:25,15:48:56,    31, 44.10, 41.70,  2.40
         0,     0, 2,15:49:05,15:49:06,     1, 41.70, 44.00, -2.30
  12200091,  5145, 4,15:49:06,15:49:26,    20, 43.50, 41.50,  2.00
         0,     0, 4,15:49:33,15:49:34,     1, 41.50, 42.90, -1.40
  13008906,     0, 7,15:49:32,15:49:50,    18, 41.10, 41.10,  0.00
  11499184,  2074, 2,15:49:16,15:49:51,    35, 44.00, 28.80, 15.20
         0,     0, 2,15:50:00,15:50:16,    16, 28.80, 44.00,-15.20
  12200091,  5145, 3,15:49:39,15:50:31,    52, 46.10, 24.20, 21.90
         0,     0, 3,15:50:39,15:50:59,    20, 24.20, 24.20,  0.00
  12706656,  7065, 2,15:57:02,15:57:44,    42, 44.00, 40.00,  4.00
         0,     0, 2,15:57:53,15:57:56,     3, 40.00, 44.00, -4.00
  12706618,  7027, 2,16:00:00,16:01:04,    64, 44.10, 34.20,  9.90
         0,     0, 2,16:01:13,16:01:22,     9, 34.20, 44.00, -9.80
  11499117,  2007, 4,16:00:51,16:02:09,    78, 42.60, 24.90, 17.70
         0,     0, 4,16:02:16,16:02:33,    17, 24.90, 43.20,-18.30
  12448415,  6028, 1,16:04:07,16:04:35,    28, 40.60, 40.60,  0.00
  12199951,  5005, 4,16:02:43,16:05:45,   182, 43.20, 30.60, 12.60
  12448521,  6134, 1,16:04:55,16:05:59,    64, 40.60, 30.10, 10.50
  12448415,  6028, 2,16:04:39,16:06:03,    84, 44.00, 37.20,  6.80
         0,     0, 4,16:05:54,16:06:06,    12, 30.60, 43.20,-12.60
         0,     0, 2,16:06:10,16:06:16,     6, 37.20, 44.00, -6.80
         0,     0, 1,16:06:06,16:06:17,    11, 30.10, 41.20,-11.10
  12448415,  6028, 2,16:06:26,16:07:13,    47, 44.10, 36.40,  7.70
         0,     0, 2,16:07:21,16:07:27,     6, 36.40, 44.00, -7.60
  11954042,  4072, 1,16:07:38,16:08:07,    29, 41.20, 37.90,  3.30
         0,     0, 1,16:08:15,16:08:17,     2, 37.90, 41.30, -3.40
  11724217,  3117, 3,16:07:16,16:08:28,    72, 46.00, 26.90, 19.10
         0,     0, 3,16:08:36,16:08:52,    16, 26.90, 26.80,  0.10
  11724167,  3067, 2,16:08:19,16:09:16,    57, 44.00, 23.80, 20.20
  12200079,  5133, 4,16:09:21,16:09:28,     7, 43.50, 43.50,  0.00
  13008738,  7159, 1,16:08:28,16:09:29,    61, 41.30, 41.10,  0.20
         0,     0, 2,16:09:24,16:09:44,    20, 23.80, 44.10,-20.30
  12706614,  7023, 4,16:09:48,16:10:03,    15, 43.50, 43.60, -0.10
  12448420,  6033, 4,16:10:20,16:10:58,    38, 43.70, 40.40,  3.30
         0,     0, 4,16:11:07,16:11:09,     2, 40.40, 43.20, -2.80
  13008738,  7159, 2,16:09:54,16:12:38,   164, 44.10, 21.70, 22.40
  12448426,  6039, 4,16:12:01,16:12:48,    47, 43.30, 34.70,  8.60
         0,     0, 4,16:12:56,16:13:04,     8, 34.70, 43.30, -8.60
         0,     0, 2,16:12:46,16:13:08,    22, 21.70, 43.90,-22.20
  12706614,  7023, 4,16:13:30,16:13:50,    20, 43.30, 43.30,  0.00
  12706737,  7146, 2,16:14:06,16:14:51,    45, 43.90, 43.90,  0.00
  12448437,  6050, 3,16:13:44,16:15:47,   123, 46.20, 33.60, 12.60
         0,     0, 3,16:15:54,16:16:04,    10, 33.60, 33.50,  0.10
  12448391,  6004, 4,16:15:06,16:16:27,    81, 43.30, 26.80, 16.50
  11954042,  4072, 2,16:15:43,16:16:37,    54, 43.90, 31.40, 12.50
  13008774,  8015, 3,16:16:41,16:16:45,     4, 46.30, 46.20,  0.10
         0,     0, 4,16:16:35,16:16:51,    16, 26.80, 43.30,-16.50
         0,     0, 2,16:16:45,16:16:57,    12, 31.40, 44.00,-12.60
  12706737,  7146, 1,16:14:56,16:17:16,   140, 41.10, 29.10, 12.00
         0,     0, 1,16:17:25,16:17:36,    11, 29.10, 41.40,-12.30
  12706656,  7065, 2,16:17:07,16:17:53,    46, 44.10, 36.80,  7.30
         0,     0, 2,16:18:02,16:18:08,     6, 36.80, 44.00, -7.20
  13008774,  8015, 4,16:17:01,16:18:12,    71, 43.60, 35.20,  8.40
         0,     0, 4,16:18:20,16:18:28,     8, 35.20, 43.40, -8.20
  12448398,  6011, 2,16:19:34,16:19:48,    14, 44.10, 44.10,  0.00
  12706614,  7023, 3,16:18:43,16:20:07,    84, 46.20, 30.00, 16.20
  12200079,  5133, 1,16:19:10,16:20:09,    59, 41.40, 22.20, 19.20
         0,     0, 3,16:20:14,16:20:27,    13, 30.00, 29.90,  0.10
         0,     0, 1,16:20:17,16:20:35,    18, 22.20, 41.30,-19.10
  12448518,  6131, 4,16:20:47,16:21:03,    16, 43.30, 41.60,  1.70
         0,     0, 4,16:21:11,16:21:12,     1, 41.60, 42.90, -1.30
  12706634,  7043, 1,16:22:20,16:23:25,    65, 41.30, 33.20,  8.10
  13008842,     0, 8,16:23:24,16:23:33,     9, 40.60, 40.10,  0.50
         0,     0, 1,16:23:33,16:23:40,     7, 33.20, 41.30, -8.10
  12448398,  6011, 2,16:22:29,16:24:35,   126, 44.00, 19.90, 24.10
         0,     0, 2,16:24:43,16:25:07,    24, 19.90, 44.10,-24.20
  12706610,  7019, 1,16:23:53,16:25:12,    79, 41.30, 29.50, 11.80
         0,     0, 1,16:25:20,16:25:31,    11, 29.50, 41.30,-11.80
  12448398,  6011, 2,16:25:17,16:25:46,    29, 44.00, 37.60,  6.40
  12448420,  6033, 3,16:23:04,16:25:56,   172, 46.20, 39.80,  6.40
         0,     0, 2,16:25:54,16:25:59,     5, 37.60, 44.10, -6.50
         0,     0, 3,16:26:03,16:26:07,     4, 39.80, 39.70,  0.10
  12706601,  7010, 1,16:25:46,16:27:27,   101, 41.30, 29.30, 12.00
         0,     0, 1,16:27:35,16:27:46,    11, 29.30, 41.30,-12.00
  12706642,  7051, 4,16:27:05,16:27:54,    49, 43.00, 31.30, 11.70
         0,     0, 4,16:28:01,16:28:12,    11, 31.30, 43.10,-11.80
  12706601,  7010, 1,16:28:11,16:28:25,    14, 41.30, 38.90,  2.40
         0,     0, 1,16:28:33,16:28:34,     1, 38.90, 41.20, -2.30
  13008842,     0, 7,16:28:42,16:28:59,    17, 41.10, 40.30,  0.80
  12706621,  7030, 3,16:30:01,16:30:51,    50, 46.10, 32.00, 14.10
         0,     0, 3,16:30:58,16:31:09,    11, 32.00, 32.00,  0.00
  12706630,  7039, 2,16:32:37,16:32:52,    15, 44.10, 44.00,  0.10
  12200081,  5135, 4,16:32:13,16:33:01,    48, 43.40, 30.80, 12.60
         0,     0, 4,16:33:08,16:33:19,    11, 30.80, 43.40,-12.60
  12706624,  7033, 3,16:33:59,16:34:28,    29, 46.10, 45.60,  0.50
  12706630,  7039, 1,16:32:57,16:35:49,   172, 41.20, 24.10, 17.10
  12200086,  5140, 2,16:35:00,16:36:05,    65, 44.10, 36.50,  7.60
         0,     0, 1,16:35:56,16:36:12,    16, 24.10, 41.30,-17.20
         0,     0, 2,16:36:13,16:36:19,     6, 36.50, 44.00, -7.50
  12448516,  6129, 3,16:34:37,16:36:38,   121, 45.70, 22.10, 23.60
  13008748,  7169, 4,16:33:44,16:36:47,   183, 43.40, 37.80,  5.60
         0,     0, 4,16:36:55,16:37:01,     6, 37.80, 43.30, -5.50
         0,     0, 3,16:36:46,16:37:06,    20, 22.10, 33.10,-11.00
  12448517,  6130, 2,16:36:31,16:37:49,    78, 44.10, 25.90, 18.20
         0,     0, 2,16:37:58,16:38:15,    17, 25.90, 44.10,-18.20
  12448518,  6131, 4,16:37:19,16:38:34,    75, 43.60, 31.00, 12.60
         0,     0, 4,16:38:42,16:38:53,    11, 31.00, 43.20,-12.20
  12706624,  7033, 3,16:37:16,16:39:06,   110, 46.10, 27.80, 18.30
         0,     0, 3,16:39:14,16:39:29,    15, 27.80, 27.70,  0.10
  12200083,  5137, 3,16:40:23,16:41:03,    40, 46.30, 38.50,  7.80
         0,     0, 3,16:41:10,16:41:16,     6, 38.50, 38.40,  0.10
  13008774,  8015, 2,16:40:30,16:42:20,   110, 44.10, 37.00,  7.10
         0,     0, 2,16:42:29,16:42:35,     6, 37.00, 44.10, -7.10
  13008774,  8015, 1,16:43:02,16:43:23,    21, 41.30, 39.60,  1.70
         0,     0, 1,16:43:31,16:43:32,     1, 39.60, 41.20, -1.60
  12706613,  7022, 1,16:43:42,16:44:06,    24, 41.30, 38.40,  2.90
         0,     0, 1,16:44:15,16:44:17,     2, 38.40, 41.30, -2.90
  12200086,  5140, 1,16:46:18,16:46:59,    41, 41.30, 39.90,  1.40
         0,     0, 1,16:47:07,16:47:07,     0, 39.90, 41.10, -1.20
  12706618,  7027, 2,16:47:21,16:47:36,    15, 44.10, 43.40,  0.70
  12706618,  7027, 2,16:47:46,16:48:33,    47, 43.40, 33.00, 10.40
         0,     0, 2,16:48:41,16:48:51,    10, 33.00, 44.00,-11.00
  12448408,  6021, 2,16:49:09,16:49:50,    41, 44.00, 31.60, 12.40
         0,     0, 2,16:49:57,16:50:08,    11, 31.60, 43.80,-12.20
  12706656,  7065, 2,16:50:18,16:51:31,    73, 43.80, 31.70, 12.10
         0,     0, 2,16:51:39,16:51:50,    11, 31.70, 44.00,-12.30
  13008748,  7169, 4,16:52:27,16:53:14,    47, 43.80, 42.30,  1.50
  12200079,  5133, 2,16:53:28,16:54:07,    39, 44.00, 40.60,  3.40
         0,     0, 2,16:54:14,16:54:16,     2, 40.60, 44.10, -3.50
  12706621,  7030, 3,16:54:17,16:55:10,    53, 46.40, 35.30, 11.10
         0,     0, 3,16:55:18,16:55:26,     8, 35.30, 45.90,-10.60
  13008748,  7169, 4,16:53:25,16:55:29,   124, 42.40, 37.40,  5.00
  12706610,  7019, 2,16:54:28,16:55:31,    63, 44.10, 29.70, 14.40
         0,     0, 4,16:55:36,16:55:41,     5, 37.40, 43.10, -5.70
         0,     0, 2,16:55:39,16:55:52,    13, 29.70, 44.10,-14.40
  12706707,     0, 8,16:56:00,16:56:13,    13, 39.50, 39.50,  0.00
         0,     0, 8,16:56:22,16:56:23,     1, 39.50, 41.20, -1.70
  12706620,  7029, 1,16:56:51,16:57:42,    51, 41.10, 40.40,  0.70
  12706628,  7037, 1,16:58:26,16:58:56,    30, 40.40, 37.40,  3.00
         0,     0, 1,16:59:03,16:59:06,     3, 37.40, 41.30, -3.90
  12706620,  7029, 2,16:58:43,16:59:07,    24, 44.10, 42.30,  1.80
  11724217,  3117, 1,16:59:26,16:59:50,    24, 41.30, 36.90,  4.40
         0,     0, 1,16:59:58,17:00:01,     3, 36.90, 41.30, -4.40
  11724217,  3117, 2,17:00:12,17:00:46,    34, 42.30, 32.00, 10.30
         0,     0, 2,17:00:55,17:01:06,    11, 32.00, 44.10,-12.10
  12706620,  7029, 2,17:01:16,17:02:05,    49, 44.10, 39.10,  5.00
  12199951,  5005, 1,17:00:11,17:02:07,   116, 41.30, 31.50,  9.80
         0,     0, 2,17:02:14,17:02:18,     4, 39.10, 44.10, -5.00
         0,     0, 1,17:02:15,17:02:24,     9, 31.50, 41.20, -9.70
  11499231,     0, 8,16:58:38,17:02:31,   233, 41.20, 27.30, 13.90
  12706642,  7051, 3,17:01:56,17:02:46,    50, 46.00, 33.70, 12.30
         0,     0, 8,17:02:40,17:02:54,    14, 27.30, 41.20,-13.90
         0,     0, 3,17:02:53,17:03:03,    10, 33.70, 46.20,-12.50
  12200081,  5135, 4,17:02:07,17:03:07,    60, 43.20, 30.20, 13.00
         0,     0, 4,17:03:16,17:03:28,    12, 30.20, 43.20,-13.00
  11724205,     0, 7,17:02:51,17:07:04,   253, 40.30, 33.10,  7.20
         0,     0, 7,17:07:13,17:07:23,    10, 33.10, 41.10, -8.00
  12448408,  6021, 4,17:08:29,17:08:57,    28, 43.20, 33.70,  9.50
         0,     0, 4,17:09:05,17:09:14,     9, 33.70, 43.30, -9.60
  12448516,  6129, 4,17:09:27,17:10:11,    44, 43.40, 29.20, 14.20
         0,     0, 4,17:10:20,17:10:33,    13, 29.20, 43.20,-14.00
  12706628,  7037, 4,17:11:01,17:11:41,    40, 43.30, 35.00,  8.30
         0,     0, 4,17:11:48,17:11:55,     7, 35.00, 43.20, -8.20
  12448518,  6131, 2,17:12:40,17:13:45,    65, 44.00, 33.80, 10.20
         0,     0, 2,17:13:52,17:14:01,     9, 33.80, 44.10,-10.30
  13008738,  7159, 2,17:16:13,17:17:07,    54, 44.10, 43.90,  0.20
  13008738,  7159, 2,17:17:58,17:18:09,    11, 43.90, 43.90,  0.00
  12448415,  6028, 2,17:19:32,17:21:50,   138, 43.90, 32.10, 11.80
  12706634,  7043, 1,17:19:44,17:21:53,   129, 41.20, 23.00, 18.20
         0,     0, 2,17:21:58,17:22:09,    11, 32.10, 44.10,-12.00
         0,     0, 1,17:22:00,17:22:18,    18, 23.00, 41.30,-18.30
  12448517,  6130, 2,17:22:48,17:24:11,    83, 44.10, 28.00, 16.10
         0,     0, 2,17:24:19,17:24:34,    15, 28.00, 44.00,-16.00
  12706628,  7037, 4,17:24:52,17:25:22,    30, 43.30, 39.00,  4.30
         0,     0, 4,17:25:30,17:25:34,     4, 39.00, 43.20, -4.20
  11499184,  2074, 2,17:27:48,17:28:31,    43, 44.00, 29.20, 14.80
         0,     0, 2,17:28:38,17:28:52,    14, 29.20, 44.20,-15.00
  13008738,  7159, 1,17:27:43,17:29:59,   136, 41.30, 26.20, 15.10
         0,     0, 1,17:30:06,17:30:21,    15, 26.20, 41.30,-15.10
  12706642,  7051, 1,17:30:39,17:31:17,    38, 41.30, 31.20, 10.10
  12448398,  6011, 2,17:29:28,17:31:22,   114, 44.20, 33.10, 11.10
         0,     0, 1,17:31:26,17:31:35,     9, 31.20, 41.20,-10.00
         0,     0, 2,17:31:30,17:31:40,    10, 33.10, 44.10,-11.00
  12706628,  7037, 3,17:31:22,17:32:04,    42, 46.20, 39.60,  6.60
         0,     0, 3,17:32:12,17:32:16,     4, 39.60, 39.40,  0.20
  12448408,  6021, 4,17:31:16,17:32:20,    64, 43.60, 28.10, 15.50
         0,     0, 4,17:32:29,17:32:43,    14, 28.10, 43.20,-15.10
  12706624,  7033, 2,17:31:51,17:33:54,   123, 44.10, 32.50, 11.60
  12448434,  6047, 3,17:32:40,17:33:54,    74, 46.30, 38.40,  7.90
         0,     0, 3,17:34:03,17:34:09,     6, 38.40, 38.30,  0.10
         0,     0, 2,17:34:01,17:34:12,    11, 32.50, 44.10,-11.60
  12706624,  7033, 2,17:34:29,17:34:58,    29, 44.10, 42.30,  1.80
  11724205,     0, 7,17:36:09,17:36:44,    35, 41.10, 41.10,  0.00
  11724205,     0, 8,17:37:01,17:41:07,   246, 41.10, 40.80,  0.30
  12706700,     0, 7,17:42:44,17:42:47,     3, 41.10, 41.10,  0.00
  11724217,  3117, 3,17:43:41,17:44:54,    73, 46.00, 29.60, 16.40
         0,     0, 3,17:45:02,17:45:15,    13, 29.60, 29.40,  0.20
  12448417,  6030, 4,17:53:10,17:54:05,    55, 43.50, 30.30, 13.20
  13008906,     0, 7,17:53:39,17:54:15,    36, 41.10, 35.30,  5.80
         0,     0, 4,17:54:14,17:54:26,    12, 30.30, 43.10,-12.80
         0,     0, 7,17:54:22,17:54:29,     7, 35.30, 41.10, -5.80
  12448517,  6130, 2,17:54:46,17:55:04,    18, 42.20, 42.30, -0.10
  12706628,  7037, 2,17:55:50,17:56:31,    41, 42.20, 41.00,  1.20
         0,     0, 2,17:56:38,17:56:39,     1, 41.00, 44.10, -3.10
  12706628,  7037, 2,17:58:47,17:59:14,    27, 44.10, 42.10,  2.00
  12706628,  7037, 1,18:00:21,18:01:42,    81, 41.20, 38.20,  3.00
         0,     0, 1,18:01:50,18:01:52,     2, 38.20, 41.30, -3.10
  12448434,  6047, 2,18:03:13,18:03:36,    23, 42.10, 41.60,  0.50
         0,     0, 2,18:03:44,18:03:45,     1, 41.60, 44.00, -2.40
  12448434,  6047, 2,18:03:55,18:04:49,    54, 44.00, 40.20,  3.80
         0,     0, 2,18:04:58,18:05:00,     2, 40.20, 44.00, -3.80
  11954042,  4072, 1,18:07:41,18:07:59,    18, 41.30, 41.30,  0.00
  11954042,  4072, 1,18:08:09,18:09:50,   101, 41.30, 20.60, 20.70
         0,     0, 1,18:09:57,18:10:16,    19, 20.60, 41.40,-20.80
  12706624,  7033, 2,18:10:57,18:11:06,     9, 44.00, 44.00,  0.00
  12706624,  7033, 1,18:11:14,18:12:51,    97, 41.40, 38.50,  2.90
         0,     0, 1,18:12:59,18:13:01,     2, 38.50, 41.30, -2.80
  12200085,  5139, 2,18:11:16,18:13:28,   132, 44.00, 25.70, 18.30
  12706615,  7024, 4,18:10:55,18:13:28,   153, 43.50, 24.90, 18.60
  12706624,  7033, 1,18:13:16,18:13:30,    14, 41.30, 40.20,  1.10
         0,     0, 2,18:13:36,18:13:54,    18, 25.70, 44.10,-18.40
         0,     0, 4,18:13:36,18:13:54,    18, 24.90, 43.30,-18.40
  12200085,  5139, 1,18:13:48,18:14:39,    51, 40.20, 32.40,  7.80
         0,     0, 1,18:14:46,18:14:54,     8, 32.40, 41.30, -8.90
  12448392,  6005, 1,18:15:50,18:17:14,    84, 41.30, 23.30, 18.00
         0,     0, 1,18:17:21,18:17:38,    17, 23.30, 41.30,-18.00
  12706737,  7146, 3,18:17:41,18:19:18,    97, 46.20, 35.50, 10.70
         0,     0, 3,18:19:26,18:19:34,     8, 35.50, 35.50,  0.00
  12448420,  6033, 4,18:20:00,18:20:52,    52, 43.30, 39.40,  3.90
         0,     0, 4,18:21:00,18:21:03,     3, 39.40, 43.20, -3.80
  12706614,  7023, 1,18:21:12,18:21:31,    19, 41.30, 41.20,  0.10
  11724217,  3117, 3,18:21:25,18:22:08,    43, 46.10, 36.80,  9.30
         0,     0, 3,18:22:16,18:22:23,     7, 36.80, 36.70,  0.10
  12706614,  7023, 1,18:21:58,18:23:14,    76, 41.20, 40.40,  0.80
  12706614,  7023, 1,18:23:27,18:23:53,    26, 40.40, 34.90,  5.50
         0,     0, 1,18:24:02,18:24:08,     6, 34.90, 41.30, -6.40
  12706609,  7018, 2,18:24:30,18:25:51,    81, 44.00, 44.10, -0.10
  12706609,  7018, 2,18:26:02,18:26:09,     7, 44.10, 44.10,  0.00
  12706601,  7010, 2,18:27:17,18:27:28,    11, 44.10, 43.00,  1.10
  12706656,  7065, 2,18:27:45,18:27:52,     7, 43.00, 42.90,  0.10
  12706609,  7018, 4,18:26:54,18:28:01,    67, 43.50, 30.00, 13.50
         0,     0, 4,18:28:09,18:28:21,    12, 30.00, 43.20,-13.20
  12706705,     0, 8,18:29:03,18:30:25,    82, 40.60, 38.90,  1.70
         0,     0, 8,18:30:33,18:30:34,     1, 38.90, 39.60, -0.70
  12200079,  5133, 2,18:29:07,18:30:38,    91, 42.90, 20.90, 22.00
  12448521,  6134, 1,18:30:00,18:30:44,    44, 41.30, 36.90,  4.40
         0,     0, 1,18:30:52,18:30:56,     4, 36.90, 41.40, -4.50
         0,     0, 2,18:30:46,18:31:09,    23, 20.90, 44.10,-23.20
  12706613,  7022, 3,18:29:28,18:31:13,   105, 46.10, 32.20, 13.90
         0,     0, 3,18:31:22,18:31:33,    11, 32.20, 32.10,  0.10
  12448521,  6134, 1,18:31:06,18:31:31,    25, 41.30, 36.10,  5.20
         0,     0, 1,18:31:39,18:31:43,     4, 36.10, 41.20, -5.10
  12706613,  7022, 4,18:31:44,18:32:07,    23, 43.50, 40.90,  2.60
  12706705,     0, 8,18:30:45,18:32:08,    83, 39.50, 32.00,  7.50
         0,     0, 4,18:32:15,18:32:17,     2, 40.90, 43.20, -2.30
         0,     0, 8,18:32:15,18:32:24,     9, 32.00, 41.20, -9.20
  12706727,     0, 8,18:32:34,18:32:55,    21, 41.20, 41.10,  0.10
  12706656,  7065, 1,18:32:29,18:33:19,    50, 41.20, 33.70,  7.50
         0,     0, 1,18:33:27,18:33:33,     6, 33.70, 41.30, -7.60
  12706727,     0, 8,18:33:06,18:33:45,    39, 41.20, 36.80,  4.40
         0,     0, 8,18:33:54,18:33:58,     4, 36.80, 41.20, -4.40
  12706601,  7010, 2,18:33:18,18:34:08,    50, 44.10, 41.40,  2.70
         0,     0, 2,18:34:17,18:34:18,     1, 41.40, 44.00, -2.60
  12706727,     0, 8,18:34:17,18:34:38,    21, 41.20, 38.50,  2.70
         0,     0, 8,18:34:45,18:34:47,     2, 38.50, 41.20, -2.70
  12706615,  7024, 2,18:37:56,18:38:23,    27, 44.00, 43.90,  0.10
  21268732,  6126, 1,18:38:28,18:42:09,   221, 41.30, 26.60, 14.70
  12706615,  7024, 2,18:42:08,18:42:13,     5, 43.90, 43.90,  0.00
         0,     0, 1,18:42:17,18:42:31,    14, 26.60, 41.30,-14.70
  12706628,  7037, 3,18:42:19,18:42:37,    18, 46.10, 44.40,  1.70
  12706737,  7146, 4,18:41:13,18:43:10,   117, 43.50, 38.30,  5.20
         0,     0, 4,18:43:18,18:43:22,     4, 38.30, 43.20, -4.90
  12706707,     0, 8,18:43:41,18:43:44,     3, 41.20, 41.20,  0.00
  12706707,     0, 8,18:44:03,18:44:13,    10, 41.20, 41.20,  0.00
  12448391,  6004, 1,18:43:00,18:44:16,    76, 41.30, 27.50, 13.80
         0,     0, 1,18:44:24,18:44:37,    13, 27.50, 41.30,-13.80
  21268732,  6126, 2,18:44:46,18:46:20,    94, 43.90, 39.30,  4.60
         0,     0, 2,18:46:28,18:46:31,     3, 39.30, 44.10, -4.80
  12706707,     0, 7,18:44:24,18:47:01,   157, 41.10, 34.80,  6.30
         0,     0, 7,18:47:08,18:47:16,     8, 34.80, 41.00, -6.20
  11724167,  3067, 4,18:47:48,18:48:46,    58, 43.20, 24.70, 18.50
  12706614,  7023, 3,18:48:45,18:48:59,    14, 44.50, 44.40,  0.10
         0,     0, 4,18:48:53,18:49:10,    17, 24.70, 24.70,  0.00
  12706614,  7023, 4,18:50:20,18:51:09,    49, 43.50, 31.40, 12.10
         0,     0, 4,18:51:18,18:51:29,    11, 31.40, 43.20,-11.80
  13008774,  8015, 2,18:50:10,18:51:32,    82, 44.10, 36.60,  7.50
  11954042,  4072, 1,18:50:28,18:51:33,    65, 41.30, 31.10, 10.20
         0,     0, 2,18:51:39,18:51:45,     6, 36.60, 44.00, -7.40
         0,     0, 1,18:51:41,18:51:51,    10, 31.10, 41.30,-10.20
  13008774,  8015, 1,18:52:49,18:53:20,    31, 41.30, 41.00,  0.30
  12706613,  7022, 3,18:53:28,18:54:42,    74, 44.40, 40.50,  3.90
  12448420,  6033, 4,18:53:23,18:54:47,    84, 43.20, 35.90,  7.30
         0,     0, 3,18:54:49,18:54:53,     4, 40.50, 40.50,  0.00
         0,     0, 4,18:54:54,18:55:01,     7, 35.90, 43.30, -7.40
  12706610,  7019, 1,18:54:29,18:55:29,    60, 41.00, 29.20, 11.80
         0,     0, 1,18:55:37,18:55:48,    11, 29.20, 41.30,-12.10
  12200079,  5133, 2,18:55:45,18:56:27,    42, 44.00, 33.10, 10.90
         0,     0, 2,18:56:36,18:56:46,    10, 33.10, 44.00,-10.90
  12448417,  6030, 3,18:56:21,18:57:09,    48, 46.50, 34.90, 11.60
         0,     0, 3,18:57:18,18:57:27,     9, 34.90, 46.20,-11.30
  12706618,  7027, 1,19:00:56,19:01:27,    31, 41.30, 36.10,  5.20
         0,     0, 1,19:01:34,19:01:38,     4, 36.10, 41.30, -5.20
  12706609,  7018, 4,19:01:45,19:02:19,    34, 43.30, 36.70,  6.60
         0,     0, 4,19:02:26,19:02:32,     6, 36.70, 36.70,  0.00
  12706634,  7043, 2,19:00:55,19:03:40,   165, 44.00, 32.90, 11.10
         0,     0, 2,19:03:49,19:03:59,    10, 32.90, 43.90,-11.00
  12448521,  6134, 3,19:06:47,19:08:02,    75, 46.30, 34.40, 11.90
         0,     0, 3,19:08:09,19:08:18,     9, 34.40, 34.30,  0.10
  12448516,  6129, 4,19:09:08,19:09:18,    10, 43.10, 42.00,  1.10
  12706700,     0, 8,19:09:15,19:09:28,    13, 41.10, 37.70,  3.40
         0,     0, 8,19:09:36,19:09:39,     3, 37.70, 41.20, -3.50
  13008774,  8015, 2,19:08:35,19:09:48,    73, 43.90, 39.60,  4.30
         0,     0, 2,19:09:56,19:09:59,     3, 39.60, 44.10, -4.50
  12448516,  6129, 3,19:09:34,19:09:59,    25, 46.20, 36.60,  9.60
         0,     0, 3,19:10:06,19:10:13,     7, 36.60, 36.50,  0.10
  13008774,  8015, 1,19:10:33,19:11:42,    69, 41.30, 37.10,  4.20
  12706656,  7065, 4,19:10:14,19:11:51,    97, 42.00, 31.60, 10.40
         0,     0, 1,19:11:51,19:11:54,     3, 37.10, 41.30, -4.20
         0,     0, 4,19:11:58,19:12:09,    11, 31.60, 43.20,-11.60
  12200086,  5140, 2,19:12:35,19:13:30,    55, 44.10, 39.90,  4.20
         0,     0, 2,19:13:37,19:13:40,     3, 39.90, 44.00, -4.10
  12200086,  5140, 1,19:13:42,19:14:28,    46, 41.30, 31.90,  9.40
         0,     0, 1,19:14:37,19:14:45,     8, 31.90, 41.30, -9.40
  12200081,  5135, 4,19:14:10,19:15:02,    52, 43.40, 32.20, 11.20
         0,     0, 4,19:15:10,19:15:21,    11, 32.20, 32.20,  0.00
  12706601,  7010, 2,19:14:49,19:17:05,   136, 44.00, 37.40,  6.60
         0,     0, 2,19:17:13,19:17:18,     5, 37.40, 44.00, -6.60
  13008842,     0, 7,19:17:36,19:17:50,    14, 41.00, 41.00,  0.00
  12706621,  7030, 3,19:18:54,19:19:50,    56, 46.20, 33.80, 12.40
  12200091,  5145, 4,19:18:57,19:19:59,    62, 43.60, 22.30, 21.30
         0,     0, 3,19:19:57,19:20:07,    10, 33.80, 33.70,  0.10
         0,     0, 4,19:20:08,19:20:28,    20, 22.30, 43.20,-20.90
  12448451,     0, 7,19:20:19,19:20:27,     8, 41.00, 41.00,  0.00
  12448426,  6039, 2,19:19:45,19:20:34,    49, 44.00, 24.60, 19.40
         0,     0, 2,19:20:42,19:21:01,    19, 24.60, 44.10,-19.50
  12448451,     0, 7,19:20:37,19:22:04,    87, 41.00, 32.00,  9.00
         0,     0, 7,19:22:13,19:22:25,    12, 32.00, 41.10, -9.10
  12706630,  7039, 3,19:21:24,19:23:27,   123, 46.20, 32.30, 13.90
  13008842,     0, 8,19:23:20,19:23:28,     8, 41.20, 41.10,  0.10
         0,     0, 3,19:23:36,19:23:47,    11, 32.30, 32.20,  0.10
  12448437,  6050, 2,19:21:24,19:23:59,   155, 44.10, 30.30, 13.80
  12706630,  7039, 4,19:23:32,19:24:04,    32, 43.60, 43.70, -0.10
         0,     0, 2,19:24:06,19:24:19,    13, 30.30, 44.10,-13.80
  12448472,     0, 8,19:28:09,19:28:24,    15, 41.00, 40.80,  0.20
  12448472,     0, 8,19:28:53,19:28:56,     3, 40.20, 40.30, -0.10
  12448392,  6005, 4,19:29:16,19:29:58,    42, 43.70, 32.60, 11.10
  12448516,  6129, 3,19:29:37,19:30:03,    26, 46.30, 41.80,  4.50
         0,     0, 3,19:30:11,19:30:14,     3, 41.80, 46.20, -4.40
         0,     0, 4,19:30:07,19:30:17,    10, 32.60, 43.10,-10.50
  12448472,     0, 8,19:29:15,19:30:29,    74, 39.80, 37.40,  2.40
         0,     0, 8,19:30:38,19:30:41,     3, 37.40, 41.00, -3.60
  12706707,     0, 7,19:31:39,19:32:28,    49, 41.10, 40.40,  0.70
  12200083,  5137, 2,19:31:07,19:32:32,    85, 44.10, 29.30, 14.80
         0,     0, 2,19:32:40,19:32:54,    14, 29.30, 44.10,-14.80
  12706618,  7027, 1,19:33:20,19:34:04,    44, 41.30, 32.40,  8.90
  12448518,  6131, 2,19:33:05,19:34:06,    61, 44.20, 32.10, 12.10
         0,     0, 1,19:34:12,19:34:20,     8, 32.40, 41.30, -8.90
         0,     0, 2,19:34:14,19:34:25,    11, 32.10, 44.00,-11.90
  12706628,  7037, 4,19:35:05,19:35:30,    25, 43.30, 41.50,  1.80
         0,     0, 4,19:35:38,19:35:39,     1, 41.50, 43.20, -1.70
  12706613,  7022, 3,19:35:39,19:36:35,    56, 46.20, 41.00,  5.20
         0,     0, 3,19:36:44,19:36:47,     3, 41.00, 46.30, -5.30
  12706618,  7027, 1,19:36:44,19:37:14,    30, 41.30, 36.20,  5.10
  11724205,     0, 7,19:34:12,19:37:20,   188, 40.40, 31.20,  9.20
         0,     0, 1,19:37:22,19:37:26,     4, 36.20, 41.30, -5.10
         0,     0, 7,19:37:29,19:37:42,    13, 31.20, 41.10, -9.90
  12706705,     0, 7,19:38:16,19:38:18,     2, 41.10, 41.10,  0.00
  12448482,     0, 8,19:38:15,19:38:28,    13, 40.70, 40.60,  0.10
  12448398,  6011, 1,19:37:36,19:38:54,    78, 41.30, 27.50, 13.80
         0,     0, 1,19:39:03,19:39:16,    13, 27.50, 41.30,-13.80
  12706707,     0, 7,19:39:30,19:39:32,     2, 41.10, 41.10,  0.00
  12200086,  5140, 4,19:40:28,19:41:19,    51, 43.40, 36.90,  6.50
         0,     0, 4,19:41:26,19:41:32,     6, 36.90, 43.30, -6.40
  12706620,  7029, 3,19:40:29,19:42:24,   115, 46.20, 29.50, 16.70
         0,     0, 3,19:42:32,19:42:45,    13, 29.50, 29.50,  0.00
  12706609,  7018, 4,19:43:02,19:43:51,    49, 43.30, 36.80,  6.50
         0,     0, 4,19:44:00,19:44:06,     6, 36.80, 43.30, -6.50
  12448482,     0, 8,19:41:13,19:44:07,   174, 40.40, 33.30,  7.10
         0,     0, 8,19:44:16,19:44:24,     8, 33.30, 41.20, -7.90
  11953971,  4001, 2,19:48:48,19:48:51,     3, 44.00, 44.00,  0.00
  12448415,  6028, 1,19:46:19,19:48:52,   153, 41.30, 23.00, 18.30
         0,     0, 1,19:49:00,19:49:17,    17, 23.00, 41.20,-18.20
  11953971,  4001, 1,19:50:22,19:51:24,    62, 41.30, 38.90,  2.40
         0,     0, 1,19:51:32,19:51:33,     1, 38.90, 41.30, -2.40
  12200081,  5135, 4,19:50:56,19:51:47,    51, 43.30, 34.20,  9.10
  12706656,  7065, 3,19:51:11,19:51:48,    37, 45.90, 44.30,  1.60
         0,     0, 4,19:51:54,19:52:03,     9, 34.20, 43.10, -8.90
  12706628,  7037, 4,19:52:24,19:52:42,    18, 43.20, 41.80,  1.40
  11953971,  4001, 1,19:51:59,19:52:48,    49, 41.30, 26.20, 15.10
         0,     0, 4,19:52:51,19:52:52,     1, 41.80, 43.20, -1.40
         0,     0, 1,19:52:56,19:53:11,    15, 26.20, 41.30,-15.10
  13008774,  8015, 2,19:51:57,19:53:11,    74, 44.00, 41.70,  2.30
         0,     0, 2,19:53:19,19:53:20,     1, 41.70, 43.90, -2.20
  12706630,  7039, 2,19:53:39,19:54:38,    59, 44.00, 33.50, 10.50
         0,     0, 2,19:54:46,19:54:56,    10, 33.50, 44.00,-10.50
  12706620,  7029, 1,19:55:07,19:56:01,    54, 41.30, 34.40,  6.90
         0,     0, 1,19:56:09,19:56:15,     6, 34.40, 41.30, -6.90
  12448516,  6129, 4,19:58:18,19:58:56,    38, 43.40, 33.20, 10.20
         0,     0, 4,19:59:04,19:59:13,     9, 33.20, 43.30,-10.10
  13008842,     0, 8,19:59:47,20:00:07,    20, 41.20, 37.80,  3.40
         0,     0, 8,20:00:15,20:00:18,     3, 37.80, 41.20, -3.40
  11499117,  2007, 4,20:01:36,20:02:23,    47, 43.40, 30.60, 12.80
         0,     0, 4,20:02:31,20:02:43,    12, 30.60, 43.20,-12.60
  12200079,  5133, 2,20:02:19,20:03:11,    52, 44.00, 35.10,  8.90
         0,     0, 2,20:03:19,20:03:27,     8, 35.10, 44.00, -8.90
  12448434,  6047, 1,20:02:32,20:04:23,   111, 41.40, 29.50, 11.90
         0,     0, 1,20:04:31,20:04:42,    11, 29.50, 41.30,-11.80
  12706615,  7024, 3,20:05:24,20:07:15,   111, 44.30, 30.10, 14.20
         0,     0, 3,20:07:23,20:07:36,    13, 30.10, 30.00,  0.10
  12200083,  5137, 2,20:08:50,20:09:40,    50, 44.00, 34.30,  9.70
         0,     0, 2,20:09:49,20:09:58,     9, 34.30, 44.20, -9.90
  12706613,  7022, 4,20:10:45,20:11:45,    60, 43.70, 38.40,  5.30
         0,     0, 4,20:11:53,20:11:57,     4, 38.40, 43.20, -4.80
  21268732,  6126, 3,20:10:47,20:12:06,    79, 46.00, 43.70,  2.30
         0,     0, 3,20:12:13,20:12:14,     1, 43.70, 46.40, -2.70
  21268732,  6126, 4,20:12:32,20:12:47,    15, 43.30, 42.20,  1.10
  12200085,  5139, 2,20:12:08,20:13:17,    69, 44.20, 29.20, 15.00
         0,     0, 2,20:13:25,20:13:39,    14, 29.20, 44.10,-14.90
  12448521,  6134, 4,20:14:27,20:14:46,    19, 42.20, 39.80,  2.40
         0,     0, 4,20:14:53,20:14:56,     3, 39.80, 43.20, -3.40
  12706642,  7051, 1,20:12:48,20:15:36,   168, 41.30, 17.70, 23.60
         0,     0, 1,20:15:43,20:16:05,    22, 17.70, 41.30,-23.60
  12706624,  7033, 2,20:14:19,20:16:05,   106, 44.10, 30.50, 13.60
         0,     0, 2,20:16:13,20:16:26,    13, 30.50, 44.00,-13.50
  12448472,     0, 7,20:15:24,20:16:31,    67, 41.00, 39.10,  1.90
         0,     0, 7,20:16:39,20:16:41,     2, 39.10, 41.10, -2.00
  11953971,  4001, 1,20:17:53,20:18:06,    13, 41.30, 41.20,  0.10
  12448437,  6050, 1,20:18:17,20:19:34,    77, 41.20, 32.70,  8.50
  11499184,  2074, 3,20:19:06,20:19:46,    40, 46.40, 30.10, 16.30
         0,     0, 1,20:19:42,20:19:50,     8, 32.70, 41.30, -8.60
         0,     0, 3,20:19:54,20:20:07,    13, 30.10, 30.00,  0.10
  12706620,  7029, 4,20:24:21,20:25:02,    41, 43.30, 40.90,  2.40
         0,     0, 4,20:25:11,20:25:13,     2, 40.90, 43.30, -2.40
  12200091,  5145, 4,20:25:59,20:26:50,    51, 43.60, 35.10,  8.50
         0,     0, 4,20:26:57,20:27:05,     8, 35.10, 43.20, -8.10
  12448521,  6134, 2,20:30:06,20:30:17,    11, 44.00, 44.00,  0.00
  12448521,  6134, 1,20:30:22,20:31:26,    64, 41.30, 30.50, 10.80
         0,     0, 1,20:31:33,20:31:43,    10, 30.50, 41.30,-10.80
  12448518,  6131, 3,20:31:47,20:32:13,    26, 46.20, 41.20,  5.00
         0,     0, 3,20:32:20,20:32:23,     3, 41.20, 46.10, -4.90
  11953971,  4001, 3,20:37:18,20:38:38,    80, 46.20, 33.90, 12.30
         0,     0, 3,20:38:45,20:38:55,    10, 33.90, 33.70,  0.20
  21268732,  6126, 1,20:36:56,20:40:46,   230, 41.30, 35.50,  5.80
         0,     0, 1,20:40:54,20:40:59,     5, 35.50, 41.30, -5.80
  12448516,  6129, 4,20:41:33,20:42:22,    49, 43.20, 34.70,  8.50
         0,     0, 4,20:42:29,20:42:37,     8, 34.70, 43.20, -8.50
  12448415,  6028, 1,20:44:10,20:46:02,   112, 41.30, 33.00,  8.30
         0,     0, 1,20:46:10,20:46:17,     7, 33.00, 41.30, -8.30
  12448434,  6047, 4,20:47:16,20:48:07,    51, 43.30, 36.20,  7.10
         0,     0, 4,20:48:15,20:48:21,     6, 36.20, 43.20, -7.00
  11499117,  2007, 2,20:47:59,20:48:38,    39, 43.90, 37.40,  6.50
         0,     0, 2,20:48:46,20:48:51,     5, 37.40, 44.00, -6.60
  13008774,  8015, 1,20:51:15,20:52:40,    85, 41.30, 32.80,  8.50
         0,     0, 1,20:52:47,20:52:55,     8, 32.80, 41.30, -8.50
  12706737,  7146, 2,20:53:12,20:55:24,   132, 44.00, 38.70,  5.30
         0,     0, 2,20:55:31,20:55:35,     4, 38.70, 44.10, -5.40
  12706737,  7146, 2,20:56:35,20:57:13,    38, 44.10, 40.80,  3.30
         0,     0, 2,20:57:21,20:57:23,     2, 40.80, 44.10, -3.30
  12706656,  7065, 4,20:57:31,20:59:50,   139, 43.10, 32.50, 10.60
         0,     0, 4,20:59:57,21:00:07,    10, 32.50, 43.20,-10.70
  12199951,  5005, 1,21:00:22,21:02:23,   121, 41.30, 32.70,  8.60
         0,     0, 1,21:02:30,21:02:38,     8, 32.70, 41.30, -8.60
  12706737,  7146, 1,21:03:13,21:04:02,    49, 41.30, 38.90,  2.40
         0,     0, 1,21:04:10,21:04:11,     1, 38.90, 41.40, -2.50
  11954042,  4072, 4,21:03:45,21:04:37,    52, 43.30, 35.90,  7.40
  12706614,  7023, 3,21:04:01,21:04:46,    45, 46.20, 45.90,  0.30
         0,     0, 4,21:04:45,21:04:52,     7, 35.90, 43.20, -7.30
  12706614,  7023, 3,21:04:57,21:05:28,    31, 45.90, 38.00,  7.90
         0,     0, 3,21:05:36,21:05:42,     6, 38.00, 37.90,  0.10
  13008842,     0, 7,21:13:23,21:13:43,    20, 41.10, 38.80,  2.30
         0,     0, 7,21:13:52,21:13:54,     2, 38.80, 41.10, -2.30
  13008842,     0, 8,21:14:59,21:15:16,    17, 38.60, 35.30,  3.30
         0,     0, 8,21:15:24,21:15:29,     5, 35.30, 41.20, -5.90
  12200086,  5140, 3,21:15:14,21:16:15,    61, 46.10, 38.10,  8.00
         0,     0, 3,21:16:23,21:16:29,     6, 38.10, 46.20, -8.10
  12706737,  7146, 1,21:16:16,21:17:36,    80, 41.30, 38.40,  2.90
         0,     0, 1,21:17:43,21:17:45,     2, 38.40, 41.30, -2.90
  13008748,  7169, 4,21:14:03,21:18:34,   271, 43.40, 37.00,  6.40
         0,     0, 4,21:18:42,21:18:48,     6, 37.00, 43.20, -6.20
  12706613,  7022, 2,21:17:49,21:19:10,    81, 44.00, 35.60,  8.40
         0,     0, 2,21:19:17,21:19:24,     7, 35.60, 44.10, -8.50
  12706613,  7022, 1,21:19:36,21:20:46,    70, 41.30, 36.50,  4.80
         0,     0, 1,21:20:53,21:20:57,     4, 36.50, 41.20, -4.70
  11499231,     0, 7,21:20:03,21:23:06,   183, 41.10, 26.00, 15.10
         0,     0, 7,21:23:15,21:23:35,    20, 26.00, 41.10,-15.10
  12706621,  7030, 4,21:23:05,21:23:45,    40, 43.30, 35.40,  7.90
         0,     0, 4,21:23:52,21:23:59,     7, 35.40, 43.20, -7.80
  12448408,  6021, 2,21:26:46,21:28:06,    80, 44.10, 26.70, 17.40
         0,     0, 2,21:28:14,21:28:31,    17, 26.70, 44.10,-17.40
  12706618,  7027, 4,21:28:28,21:28:59,    31, 43.30, 38.10,  5.20
         0,     0, 4,21:29:07,21:29:11,     4, 38.10, 43.30, -5.20
  12706618,  7027, 4,21:30:11,21:30:36,    25, 43.30, 38.70,  4.60
         0,     0, 4,21:30:44,21:30:48,     4, 38.70, 43.20, -4.50
  12706601,  7010, 2,21:31:49,21:34:53,   184, 44.10, 26.30, 17.80
         0,     0, 2,21:35:00,21:35:17,    17, 26.30, 44.10,-17.80
  12706700,     0, 8,21:36:05,21:36:45,    40, 41.20, 35.00,  6.20
         0,     0, 8,21:36:52,21:36:58,     6, 35.00, 41.20, -6.20
  12706601,  7010, 2,21:36:12,21:37:07,    55, 44.10, 44.00,  0.10
  12706642,  7051, 3,21:36:50,21:37:22,    32, 46.30, 39.30,  7.00
         0,     0, 3,21:37:30,21:37:35,     5, 39.30, 39.20,  0.10
  12448517,  6130, 2,21:39:34,21:42:25,   171, 44.00, 31.60, 12.40
         0,     0, 2,21:42:33,21:42:44,    11, 31.60, 44.00,-12.40
  11954042,  4072, 2,21:43:33,21:43:56,    23, 44.00, 44.00,  0.00
  11954042,  4072, 2,21:44:17,21:45:08,    51, 44.00, 38.60,  5.40
         0,     0, 2,21:45:16,21:45:20,     4, 38.60, 44.00, -5.40
  12200081,  5135, 4,21:44:07,21:45:31,    84, 43.30, 33.70,  9.60
         0,     0, 4,21:45:40,21:45:49,     9, 33.70, 43.20, -9.50
  12706628,  7037, 1,22:01:42,22:03:12,    90, 41.20, 34.70,  6.50
         0,     0, 1,22:03:19,22:03:25,     6, 34.70, 41.30, -6.60
  11953971,  4001, 2,22:01:31,22:03:36,   125, 44.10, 43.00,  1.10
  12706610,  7019, 4,22:03:22,22:04:30,    68, 43.50, 31.70, 11.80
  11953971,  4001, 2,22:03:46,22:04:38,    52, 43.00, 24.50, 18.50
         0,     0, 4,22:04:38,22:04:49,    11, 31.70, 43.10,-11.40
         0,     0, 2,22:04:45,22:05:04,    19, 24.50, 44.10,-19.60
  12448417,  6030, 4,22:12:24,22:13:53,    89, 43.20, 26.80, 16.40
         0,     0, 4,22:14:01,22:14:17,    16, 26.80, 43.30,-16.50
  12448517,  6130, 2,22:14:13,22:14:58,    45, 44.10, 39.60,  4.50
         0,     0, 2,22:15:06,22:15:09,     3, 39.60, 44.10, -4.50
  12448521,  6134, 3,22:14:44,22:15:27,    43, 46.20, 40.00,  6.20
         0,     0, 3,22:15:35,22:15:39,     4, 40.00, 39.90,  0.10
  12448521,  6134, 3,22:15:51,22:16:01,    10, 46.20, 45.30,  0.90
  12706618,  7027, 4,22:15:58,22:16:42,    44, 43.60, 35.50,  8.10
         0,     0, 4,22:16:49,22:16:56,     7, 35.50, 35.40,  0.10
  12448391,  6004, 2,22:18:50,22:20:31,   101, 44.10, 30.40, 13.70
         0,     0, 2,22:20:40,22:20:53,    13, 30.40, 44.10,-13.70
  12448408,  6021, 4,22:23:42,22:24:39,    57, 43.20, 31.70, 11.50
         0,     0, 4,22:24:46,22:24:57,    11, 31.70, 43.20,-11.50
  12706615,  7024, 4,22:33:23,22:36:10,   167, 43.20, 27.80, 15.40
         0,     0, 4,22:36:17,22:36:32,    15, 27.80, 43.20,-15.40
  11499117,  2007, 3,22:38:08,22:39:07,    59, 45.40, 32.10, 13.30
         0,     0, 3,22:39:16,22:39:27,    11, 32.10, 32.00,  0.10
  12706737,  7146, 2,22:44:58,22:45:03,     5, 44.10, 44.10,  0.00
  13008842,     0, 7,22:50:10,22:50:22,    12, 41.10, 40.60,  0.50
  12706609,  7018, 4,22:56:57,22:57:19,    22, 43.50, 43.80, -0.30
  11499184,  2074, 2,22:56:50,22:57:38,    48, 44.10, 30.10, 14.00
         0,     0, 2,22:57:46,22:57:59,    13, 30.10, 44.10,-14.00
  12706609,  7018, 4,22:58:22,23:00:27,   125, 43.80, 31.90, 11.90
         0,     0, 4,23:00:34,23:00:44,    10, 31.90, 43.10,-11.20
  12448517,  6130, 4,23:05:30,23:07:03,    93, 43.20, 36.30,  6.90
         0,     0, 4,23:07:10,23:07:16,     6, 36.30, 36.20,  0.10
  12200085,  5139, 1,23:06:25,23:07:56,    91, 41.20, 27.80, 13.40
         0,     0, 1,23:08:04,23:08:16,    12, 27.80, 41.30,-13.50
  12706642,  7051, 2,23:08:37,23:09:57,    80, 44.10, 29.70, 14.40
         0,     0, 2,23:10:05,23:10:19,    14, 29.70, 44.10,-14.40
  21268732,  6126, 1,23:08:26,23:10:54,   148, 41.30, 31.30, 10.00
         0,     0, 1,23:11:03,23:11:12,     9, 31.30, 41.20, -9.90
  11499184,  2074, 1,23:11:26,23:11:31,     5, 41.20, 41.20,  0.00
  21268732,  6126, 2,23:11:54,23:12:26,    32, 44.10, 41.00,  3.10
         0,     0, 2,23:12:35,23:12:37,     2, 41.00, 44.10, -3.10
  13008906,     0, 8,23:14:11,23:14:18,     7, 33.60, 33.70, -0.10
         0,     0, 8,23:14:25,23:14:32,     7, 33.70, 41.20, -7.50
  21268732,  6126, 1,23:12:54,23:14:34,   100, 41.30, 36.80,  4.50
  12706624,  7033, 2,23:13:34,23:14:36,    62, 44.10, 44.10,  0.00
         0,     0, 1,23:14:42,23:14:45,     3, 36.80, 41.20, -4.40
  12706624,  7033, 2,23:15:54,23:16:15,    21, 44.10, 44.00,  0.10
  12706727,     0, 7,23:15:24,23:16:16,    52, 40.60, 34.70,  5.90
         0,     0, 7,23:16:25,23:16:33,     8, 34.70, 41.10, -6.40
  12706624,  7033, 2,23:16:30,23:17:08,    38, 44.00, 43.30,  0.70
  12706624,  7033, 1,23:17:11,23:17:20,     9, 41.30, 41.00,  0.30
  12706624,  7033, 2,23:17:41,23:19:06,    85, 43.30, 28.20, 15.10
  12706620,  7029, 1,23:17:31,23:19:12,   101, 41.00, 28.50, 12.50
         0,     0, 2,23:19:14,23:19:30,    16, 28.20, 43.90,-15.70
         0,     0, 1,23:19:20,23:19:32,    12, 28.50, 41.30,-12.80
  12706620,  7029, 2,23:22:21,23:23:10,    49, 44.00, 38.70,  5.30
         0,     0, 2,23:23:18,23:23:22,     4, 38.70, 44.10, -5.40
  11499184,  2074, 2,23:28:31,23:29:11,    40, 44.10, 34.60,  9.50
         0,     0, 2,23:29:20,23:29:28,     8, 34.60, 44.10, -9.50
  12448518,  6131, 3,23:30:01,23:31:33,    92, 46.10, 31.30, 14.80
         0,     0, 3,23:31:41,23:31:53,    12, 31.30, 46.20,-14.90
  11954042,  4072, 2,23:30:51,23:34:12,   201, 44.10, 32.70, 11.40
         0,     0, 2,23:34:20,23:34:30,    10, 32.70, 44.10,-11.40
  11724217,  3117, 3,23:35:18,23:36:19,    61, 46.10, 32.40, 13.70
         0,     0, 3,23:36:26,23:36:37,    11, 32.40, 32.30,  0.10
  12448392,  6005, 1,23:38:33,23:41:01,   148, 41.30, 23.50, 17.80
         0,     0, 1,23:41:09,23:41:26,    17, 23.50, 41.30,-17.80
  12706630,  7039, 2,23:44:24,23:44:54,    30, 44.10, 42.70,  1.40
         0,     0, 3,23:45:07,23:45:17,    10, 46.20, 46.20,  0.00
         0,     0, 4,23:45:07,23:45:17,    10, 43.30, 43.30,  0.00
         0,     0, 5,23:45:07,23:45:17,    10, 11.80, 11.80,  0.00
         0,     0, 7,23:45:07,23:45:17,    10, 41.10, 41.10,  0.00
         0,     0, 8,23:45:07,23:45:17,    10, 41.10, 41.10,  0.00
         0,     0, 1,23:45:07,23:45:17,    10, 41.30, 41.30,  0.00
