         0,     0, 3, 0:03:06, 0:03:16,    10, 46.10, 46.10,  0.00
         0,     0, 4, 0:03:06, 0:03:16,    10, 43.20, 43.20,  0.00
         0,     0, 5, 0:03:06, 0:03:16,    10, 40.70, 40.70,  0.00
         0,     0, 7, 0:03:06, 0:03:16,    10, 40.90, 40.90,  0.00
         0,     0, 8, 0:03:06, 0:03:16,    10, 41.10, 41.10,  0.00
         0,     0, 1, 0:03:06, 0:03:16,    10, 41.30, 41.30,  0.00
         0,     0, 2, 0:03:06, 0:03:16,    10, 44.00, 44.00,  0.00
  12706651,     0, 8, 0:03:59, 0:04:01,     2, 41.10, 41.10,  0.00
  12706651,     0, 7, 0:04:22, 0:04:47,    25, 40.90, 40.30,  0.60
  12448521,  6134, 4, 0:15:03, 0:15:08,     5, 43.40, 43.60, -0.20
  12448521,  6134, 1, 0:16:17, 0:16:41,    24, 41.30, 41.20,  0.10
  12448521,  6134, 1, 0:16:59, 0:18:47,   108, 41.20, 29.90, 11.30
         0,     0, 1, 0:18:54, 0:19:04,    10, 29.90, 41.30,-11.40
  12706651,     0, 7, 0:17:48, 0:19:37,   109, 40.30, 37.10,  3.20
         0,     0, 7, 0:19:46, 0:19:50,     4, 37.10, 41.10, -4.00
  12706621,  7030, 1, 0:25:54, 0:27:14,    80, 41.30, 27.00, 14.30
         0,     0, 1, 0:27:21, 0:27:34,    13, 27.00, 41.30,-14.30
  13008738,  7159, 3, 0:27:49, 0:27:53,     4, 46.30, 46.20,  0.10
  13008738,  7159, 4, 0:32:14, 0:34:33,   139, 43.60, 28.20, 15.40
         0,     0, 4, 0:34:41, 0:34:55,    14, 28.20, 43.30,-15.10
  12200085,  5139, 4, 0:35:39, 0:37:06,    87, 43.40, 27.30, 16.10
         0,     0, 4, 0:37:14, 0:37:29,    15, 27.30, 43.30,-16.00
  12448480,     0, 5, 0:38:29, 0:39:37,    68, 40.50, 40.10,  0.40
  12448480,     0, 5, 0:40:07, 0:41:02,    55, 40.20, 38.10,  2.10
  12448420,  6033, 4, 0:38:33, 0:41:06,   153, 43.30, 36.50,  6.80
         0,     0, 5, 0:41:10, 0:41:12,     2, 38.10, 41.60, -3.50
         0,     0, 4, 0:41:13, 0:41:19,     6, 36.50, 43.30, -6.80
  12706634,  7043, 1, 0:40:13, 0:41:57,   104, 41.40, 28.50, 12.90
         0,     0, 1, 0:42:05, 0:42:17,    12, 28.50, 41.40,-12.90
  12448516,  6129, 1, 0:42:27, 0:43:42,    75, 41.40, 28.40, 13.00
  12706634,  7043, 2, 0:43:11, 0:43:46,    35, 43.90, 36.20,  7.70
         0,     0, 2, 0:43:55, 0:44:02,     7, 36.20, 44.10, -7.90
         0,     0, 1, 0:43:50, 0:44:02,    12, 28.40, 41.30,-12.90
  12706610,  7019, 3, 0:44:13, 0:44:20,     7, 46.30, 46.20,  0.10
  12448518,  6131, 4, 0:44:55, 0:45:50,    55, 43.40, 33.50,  9.90
         0,     0, 4, 0:45:58, 0:46:07,     9, 33.50, 43.20, -9.70
  12706651,     0, 7, 0:49:02, 0:49:14,    12, 41.10, 41.10,  0.00
  13008906,     0, 7, 0:50:13, 0:51:38,    85, 41.10, 37.40,  3.70
         0,     0, 7, 0:51:47, 0:51:51,     4, 37.40, 41.20, -3.80
  12448408,  6021, 4, 0:53:41, 0:54:40,    59, 43.50, 26.20, 17.30
  11499184,  2074, 2, 0:53:54, 0:54:46,    52, 44.00, 35.10,  8.90
         0,     0, 2, 0:54:55, 0:55:03,     8, 35.10, 44.10, -9.00
         0,     0, 4, 0:54:48, 0:55:03,    15, 26.20, 43.00,-16.80
  12448472,     0, 8, 0:56:18, 0:56:23,     5, 40.90, 40.90,  0.00
  12448472,     0, 7, 0:56:29, 0:59:15,   166, 41.20, 35.90,  5.30
         0,     0, 7, 0:59:22, 0:59:28,     6, 35.90, 41.10, -5.20
  12448398,  6011, 4, 0:59:01, 0:59:57,    56, 43.00, 34.40,  8.60
         0,     0, 4, 1:00:05, 1:00:13,     8, 34.40, 43.30, -8.90
  12448437,  6050, 1, 0:58:36, 1:00:41,   125, 41.30, 28.40, 12.90
         0,     0, 1, 1:00:49, 1:01:01,    12, 28.40, 41.20,-12.80
  12706642,  7051, 1, 1:03:09, 1:04:44,    95, 41.20, 26.00, 15.20
         0,     0, 1, 1:04:53, 1:05:07,    14, 26.00, 41.30,-15.30
  12706642,  7051, 1, 1:05:19, 1:05:44,    25, 41.30, 37.10,  4.20
         0,     0, 1, 1:05:52, 1:05:55,     3, 37.10, 41.00, -3.90
  21268732,  6126, 3, 1:05:43, 1:06:12,    29, 46.20, 45.00,  1.20
  21268732,  6126, 4, 1:06:37, 1:08:39,   122, 43.40, 35.50,  7.90
         0,     0, 4, 1:08:47, 1:08:54,     7, 35.50, 43.40, -7.90
  11724250,  3150, 1, 1:08:11, 1:09:21,    70, 41.00, 29.00, 12.00
         0,     0, 1, 1:09:29, 1:09:40,    11, 29.00, 41.40,-12.40
  12706705,     0, 8, 1:10:17, 1:13:33,   196, 40.90, 31.10,  9.80
         0,     0, 8, 1:13:41, 1:13:51,    10, 31.10, 41.20,-10.10
  11499184,  2074, 3, 1:16:45, 1:16:49,     4, 45.10, 44.90,  0.20
  12448518,  6131, 2, 1:18:00, 1:20:39,   159, 44.00, 32.80, 11.20
         0,     0, 2, 1:20:47, 1:20:57,    10, 32.80, 44.10,-11.30
  12448420,  6033, 4, 1:21:09, 1:21:17,     8, 43.40, 43.60, -0.20
  12448420,  6033, 4, 1:21:26, 1:23:20,   114, 43.60, 36.20,  7.40
         0,     0, 4, 1:23:28, 1:23:34,     6, 36.20, 43.20, -7.00
  12706615,  7024, 4, 1:25:23, 1:26:53,    90, 43.20, 28.60, 14.60
  11499117,  2007, 2, 1:26:05, 1:26:58,    53, 44.10, 34.10, 10.00
         0,     0, 4, 1:27:00, 1:27:14,    14, 28.60, 43.20,-14.60
         0,     0, 2, 1:27:06, 1:27:15,     9, 34.10, 44.00, -9.90
  12706624,  7033, 4, 1:32:00, 1:32:35,    35, 43.40, 40.70,  2.70
         0,     0, 4, 1:32:43, 1:32:45,     2, 40.70, 43.20, -2.50
  12706624,  7033, 4, 1:32:59, 1:33:20,    21, 43.10, 41.10,  2.00
         0,     0, 4, 1:33:27, 1:33:28,     1, 41.10, 43.20, -2.10
  11954042,  4072, 1, 1:36:35, 1:38:18,   103, 41.40, 30.10, 11.30
         0,     0, 1, 1:38:26, 1:38:36,    10, 30.10, 41.30,-11.20
  12448392,  6005, 4, 1:38:36, 1:40:43,   127, 43.20, 23.60, 19.60
         0,     0, 4, 1:40:51, 1:41:09,    18, 23.60, 24.50, -0.90
  12706630,  7039, 1, 1:39:41, 1:41:23,   102, 41.30, 29.10, 12.20
         0,     0, 1, 1:41:30, 1:41:41,    11, 29.10, 41.20,-12.10
  12706630,  7039, 2, 1:41:27, 1:41:58,    31, 44.00, 41.40,  2.60
         0,     0, 2, 1:42:06, 1:42:07,     1, 41.40, 44.00, -2.60
  11499231,     0, 7, 1:52:44, 1:54:39,   115, 41.20, 33.00,  8.20
         0,     0, 7, 1:54:48, 1:54:58,    10, 33.00, 41.20, -8.20
  12448472,     0, 8, 1:55:31, 1:55:44,    13, 39.80, 39.70,  0.10
         0,     0, 8, 1:55:52, 1:55:53,     1, 39.70, 41.10, -1.40
  12448415,  6028, 4, 1:58:15, 2:01:10,   175, 44.00, 27.50, 16.50
         0,     0, 4, 2:01:17, 2:01:32,    15, 27.50, 43.30,-15.80
  12200086,  5140, 4, 2:14:10, 2:15:10,    60, 43.60, 38.20,  5.40
         0,     0, 4, 2:15:18, 2:15:22,     4, 38.20, 43.20, -5.00
  13008774,  8015, 2, 2:18:23, 2:18:31,     8, 44.00, 43.90,  0.10
  13008774,  8015, 1, 2:18:40, 2:19:48,    68, 41.30, 32.50,  8.80
         0,     0, 1, 2:19:55, 2:20:02,     7, 32.50, 41.20, -8.70
  12706609,  7018, 4, 2:22:33, 2:23:09,    36, 43.20, 35.70,  7.50
         0,     0, 4, 2:23:17, 2:23:23,     6, 35.70, 43.20, -7.50
  12706620,  7029, 1, 2:47:34, 2:49:57,   143, 41.30, 34.90,  6.40
         0,     0, 1, 2:50:06, 2:50:11,     5, 34.90, 41.30, -6.40
  12706618,  7027, 1, 2:50:21, 2:52:01,   100, 41.30, 24.90, 16.40
         0,     0, 1, 2:52:09, 2:52:24,    15, 24.90, 41.30,-16.40
  12706630,  7039, 2, 3:11:05, 3:11:09,     4, 43.90, 43.90,  0.00
  12200091,  5145, 4, 3:12:53, 3:13:47,    54, 43.20, 34.90,  8.30
         0,     0, 4, 3:13:55, 3:14:02,     7, 34.90, 43.30, -8.40
  12200091,  5145, 4, 3:14:32, 3:14:50,    18, 43.30, 39.10,  4.20
         0,     0, 4, 3:14:58, 3:15:01,     3, 39.10, 43.30, -4.20
  12706621,  7030, 1, 3:25:50, 3:27:11,    81, 41.30, 39.40,  1.90
         0,     0, 1, 3:27:18, 3:27:19,     1, 39.40, 41.30, -1.90
  12706621,  7030, 1, 3:27:33, 3:28:13,    40, 41.30, 31.60,  9.70
         0,     0, 1, 3:28:21, 3:28:30,     9, 31.60, 41.30, -9.70
  21268732,  6126, 1, 3:50:33, 3:52:20,   107, 41.20, 40.30,  0.90
  21268732,  6126, 1, 3:53:03, 3:54:56,   113, 40.30, 37.20,  3.10
         0,     0, 1, 3:55:03, 3:55:06,     3, 37.20, 41.30, -4.10
  21268732,  6126, 1, 3:57:42, 3:58:07,    25, 41.30, 41.00,  0.30
  12706656,  7065, 1, 3:59:35, 4:02:01,   146, 41.00, 28.30, 12.70
         0,     0, 1, 4:02:09, 4:02:21,    12, 28.30, 41.30,-13.00
  12706613,  7022, 2, 5:06:25, 5:06:45,    20, 43.70, 43.40,  0.30
  12706613,  7022, 2, 5:06:56, 5:07:57,    61, 43.40, 34.80,  8.60
         0,     0, 2, 5:08:06, 5:08:14,     8, 34.80, 44.00, -9.20
  11499184,  2074, 2, 6:08:24, 6:08:30,     6, 43.90, 43.20,  0.70
  11499184,  2074, 1, 6:08:37, 6:08:45,     8, 41.20, 40.10,  1.10
  12706609,  7018, 2, 6:09:10, 6:09:21,    11, 43.20, 43.10,  0.10
  12706609,  7018, 2, 6:09:32, 6:09:41,     9, 43.10, 43.20, -0.10
  12448392,  6005, 4, 6:09:13, 6:10:45,    92, 43.10, 23.90, 19.20
  11499184,  2074, 3, 6:10:11, 6:10:48,    37, 45.10, 34.00, 11.10
         0,     0, 3, 6:10:56, 6:11:06,    10, 34.00, 33.90,  0.10
  12706609,  7018, 1, 6:10:35, 6:11:07,    32, 40.20, 38.00,  2.20
         0,     0, 4, 6:10:53, 6:11:12,    19, 23.90, 43.20,-19.30
  12199987,  5041, 2, 6:10:24, 6:11:10,    46, 43.20, 42.90,  0.30
         0,     0, 1, 6:11:15, 6:11:17,     2, 38.00, 41.30, -3.30
  12706609,  7018, 1, 6:11:33, 6:12:28,    55, 41.40, 30.70, 10.70
         0,     0, 1, 6:12:35, 6:12:44,     9, 30.70, 41.30,-10.60
  12448516,  6129, 2, 6:12:51, 6:12:56,     5, 42.90, 42.90,  0.00
  12448398,  6011, 1, 6:13:29, 6:13:43,    14, 41.20, 41.20,  0.00
  12448521,  6134, 4, 6:13:17, 6:14:48,    91, 43.40, 41.00,  2.40
         0,     0, 4, 6:14:56, 6:14:58,     2, 41.00, 43.30, -2.30
  12200079,  5133, 2, 6:15:51, 6:15:58,     7, 42.90, 42.90,  0.00
  12448521,  6134, 4, 6:15:24, 6:16:48,    84, 43.40, 28.10, 15.30
         0,     0, 4, 6:16:56, 6:17:10,    14, 28.10, 43.20,-15.10
  12200004,  5058, 2, 6:16:35, 6:17:33,    58, 42.90, 32.40, 10.50
         0,     0, 2, 6:17:40, 6:17:51,    11, 32.40, 44.00,-11.60
  12448516,  6129, 1, 6:18:17, 6:18:23,     6, 41.20, 41.30, -0.10
  12706615,  7024, 1, 6:19:28, 6:19:34,     6, 41.30, 41.30,  0.00
  13008738,  7159, 4, 6:18:47, 6:20:12,    85, 43.60, 42.60,  1.00
  12706615,  7024, 2, 6:19:43, 6:20:25,    42, 44.00, 43.90,  0.10
  12200079,  5133, 1, 6:20:54, 6:21:00,     6, 41.20, 41.30, -0.10
  21268732,  6126, 1, 6:22:16, 6:22:22,     6, 41.30, 41.20,  0.10
  12200004,  5058, 4, 6:22:10, 6:22:59,    49, 42.50, 33.00,  9.50
         0,     0, 4, 6:23:08, 6:23:18,    10, 33.00, 43.30,-10.30
  12448415,  6028, 3, 6:23:38, 6:23:42,     4, 46.00, 46.00,  0.00
  12200081,  5135, 2, 6:23:51, 6:25:54,   123, 43.90, 29.20, 14.70
         0,     0, 2, 6:26:01, 6:26:15,    14, 29.20, 44.10,-14.90
  12200086,  5140, 4, 6:25:50, 6:27:35,   105, 43.50, 30.20, 13.30
         0,     0, 4, 6:27:43, 6:27:55,    12, 30.20, 43.30,-13.10
  12706615,  7024, 4, 6:29:12, 6:30:43,    91, 43.30, 32.30, 11.00
  12448415,  6028, 2, 6:30:20, 6:30:50,    30, 44.10, 44.10,  0.00
         0,     0, 4, 6:30:51, 6:31:01,    10, 32.30, 43.20,-10.90
  12448415,  6028, 1, 6:30:54, 6:31:02,     8, 41.20, 41.20,  0.00
  12199951,  5005, 3, 6:32:17, 6:32:23,     6, 45.90, 46.00, -0.10
  12448415,  6028, 2, 6:31:07, 6:33:49,   162, 44.00, 29.10, 14.90
  21268732,  6126, 4, 6:32:57, 6:34:05,    68, 43.40, 38.80,  4.60
         0,     0, 2, 6:33:58, 6:34:12,    14, 29.10, 44.10,-15.00
         0,     0, 4, 6:34:14, 6:34:18,     4, 38.80, 43.30, -4.50
  12199951,  5005, 2, 6:34:24, 6:34:57,    33, 44.10, 44.00,  0.10
  12199951,  5005, 1, 6:35:09, 6:35:25,    16, 41.20, 41.30, -0.10
  21268732,  6126, 4, 6:34:35, 6:35:46,    71, 43.30, 37.30,  6.00
         0,     0, 4, 6:35:54, 6:35:59,     5, 37.30, 37.30,  0.00
  12706613,  7022, 4, 6:36:44, 6:38:30,   106, 43.20, 30.10, 13.10
  13008738,  7159, 1, 6:38:31, 6:38:42,    11, 41.30, 41.30,  0.00
  12199951,  5005, 2, 6:38:06, 6:38:48,    42, 44.00, 44.00,  0.00
         0,     0, 4, 6:38:39, 6:38:51,    12, 30.10, 43.20,-13.10
  11724250,  3150, 3, 6:39:00, 6:39:55,    55, 46.10, 37.10,  9.00
         0,     0, 3, 6:40:03, 6:40:10,     7, 37.10, 37.00,  0.10
  13008738,  7159, 2, 6:39:17, 6:41:38,   141, 44.00, 39.20,  4.80
         0,     0, 2, 6:41:45, 6:41:48,     3, 39.20, 44.10, -4.90
  12706630,  7039, 2, 6:42:15, 6:42:55,    40, 44.10, 44.10,  0.00
  12706630,  7039, 1, 6:42:58, 6:43:08,    10, 41.30, 41.30,  0.00
  12706601,  7010, 4, 6:44:23, 6:45:39,    76, 43.20, 33.90,  9.30
  12706601,  7010, 3, 6:45:41, 6:45:48,     7, 46.10, 45.90,  0.20
         0,     0, 4, 6:45:46, 6:45:54,     8, 33.90, 43.00, -9.10
  11499117,  2007, 1, 6:46:30, 6:48:01,    91, 41.30, 40.50,  0.80
  12199951,  5005, 2, 6:44:09, 6:48:05,   236, 44.10, 32.50, 11.60
  13008774,  8015, 4, 6:46:23, 6:48:09,   106, 43.10, 28.50, 14.60
         0,     0, 2, 6:48:12, 6:48:22,    10, 32.50, 44.10,-11.60
         0,     0, 4, 6:48:18, 6:48:32,    14, 28.50, 43.40,-14.90
  12706737,  7146, 3, 6:48:27, 6:48:35,     8, 46.20, 46.10,  0.10
  12706737,  7146, 4, 6:48:42, 6:49:03,    21, 43.60, 41.80,  1.80
         0,     0, 4, 6:49:12, 6:49:13,     1, 41.80, 43.20, -1.40
  12706630,  7039, 1, 6:49:14, 6:49:32,    18, 40.50, 40.50,  0.00
  11499117,  2007, 2, 6:48:54, 6:49:56,    62, 44.00, 23.40, 20.60
         0,     0, 2, 6:50:04, 6:50:23,    19, 23.40, 44.20,-20.80
  12448437,  6050, 1, 6:50:49, 6:50:58,     9, 40.50, 40.40,  0.10
  12448517,  6130, 1, 6:52:06, 6:52:15,     9, 40.40, 40.50, -0.10
  12706630,  7039, 4, 6:51:12, 6:53:41,   149, 43.30, 24.70, 18.60
         0,     0, 4, 6:53:50, 6:54:08,    18, 24.70, 43.30,-18.60
  12448437,  6050, 2, 6:51:01, 6:54:51,   230, 44.10, 29.00, 15.10
         0,     0, 2, 6:54:59, 6:55:13,    14, 29.00, 44.10,-15.10
  12200066,  5120, 1, 6:55:22, 6:55:30,     8, 40.40, 40.50, -0.10
  12448408,  6021, 3, 6:55:51, 6:55:58,     7, 46.10, 46.10,  0.00
  12706642,  7051, 2, 6:55:45, 6:56:00,    15, 44.10, 43.80,  0.30
  11724167,  3067, 4, 6:54:46, 6:56:02,    76, 43.40, 23.00, 20.40
         0,     0, 4, 6:56:10, 6:56:29,    19, 23.00, 43.30,-20.30
  12448408,  6021, 4, 6:56:39, 6:57:49,    70, 43.40, 25.00, 18.40
  12706642,  7051, 1, 6:56:11, 6:58:07,   116, 40.50, 23.90, 16.60
         0,     0, 4, 6:57:57, 6:58:15,    18, 25.00, 43.10,-18.10
         0,     0, 1, 6:58:14, 6:58:30,    16, 23.90, 41.40,-17.50
  12448517,  6130, 2, 6:56:09, 6:59:48,   219, 43.80, 23.90, 19.90
         0,     0, 2, 6:59:57, 7:00:16,    19, 23.90, 44.10,-20.20
  12706737,  7146, 3, 7:01:43, 7:01:49,     6, 46.10, 45.90,  0.20
  12200083,  5137, 3, 7:02:21, 7:02:28,     7, 46.10, 46.10,  0.00
  12706610,  7019, 1, 7:02:24, 7:02:37,    13, 41.40, 41.40,  0.00
  12200066,  5120, 2, 7:00:41, 7:03:13,   152, 44.10, 22.70, 21.40
         0,     0, 2, 7:03:21, 7:03:41,    20, 22.70, 44.20,-21.50
  12706737,  7146, 4, 7:02:13, 7:05:10,   177, 43.70, 34.20,  9.50
         0,     0, 4, 7:05:19, 7:05:27,     8, 34.20, 34.20,  0.00
  12200083,  5137, 4, 7:07:03, 7:07:56,    53, 43.00, 33.10,  9.90
         0,     0, 4, 7:08:04, 7:08:13,     9, 33.10, 43.30,-10.20
  12706610,  7019, 4, 7:08:23, 7:08:40,    17, 43.20, 43.00,  0.20
  12706614,  7023, 3, 7:12:16, 7:13:08,    52, 46.00, 33.60, 12.40
         0,     0, 3, 7:13:16, 7:13:26,    10, 33.60, 46.30,-12.70
  12706614,  7023, 4, 7:14:05, 7:14:21,    16, 43.20, 38.10,  5.10
         0,     0, 4, 7:14:28, 7:14:32,     4, 38.10, 43.30, -5.20
  12706613,  7022, 4, 7:18:46, 7:20:04,    78, 43.40, 35.30,  8.10
         0,     0, 4, 7:20:13, 7:20:20,     7, 35.30, 43.20, -7.90
  12706634,  7043, 2, 7:20:03, 7:21:18,    75, 44.00, 44.10, -0.10
  12706634,  7043, 1, 7:21:24, 7:21:30,     6, 41.20, 41.30, -0.10
  12706634,  7043, 2, 7:21:42, 7:23:57,   135, 44.10, 25.50, 18.60
         0,     0, 2, 7:24:04, 7:24:21,    17, 25.50, 44.00,-18.50
  12706628,  7037, 1, 7:25:00, 7:25:06,     6, 41.40, 41.40,  0.00
  12199959,     0, 7, 7:24:15, 7:25:42,    87, 41.00, 39.50,  1.50
         0,     0, 7, 7:25:50, 7:25:51,     1, 39.50, 41.10, -1.60
  12199959,     0, 8, 7:26:11, 7:26:24,    13, 40.30, 39.70,  0.60
         0,     0, 8, 7:26:32, 7:26:33,     1, 39.70, 41.10, -1.40
  12199959,     0, 8, 7:26:43, 7:26:56,    13, 41.20, 40.80,  0.40
  12706628,  7037, 2, 7:25:38, 7:27:30,   112, 44.00, 27.40, 16.60
         0,     0, 2, 7:27:37, 7:27:53,    16, 27.40, 44.10,-16.70
  12706628,  7037, 2, 7:28:11, 7:28:34,    23, 44.10, 43.50,  0.60
  11724217,  3117, 3, 7:29:39, 7:30:59,    80, 46.30, 33.20, 13.10
         0,     0, 3, 7:31:07, 7:31:17,    10, 33.20, 33.00,  0.20
  12448412,     0, 5, 7:34:02, 7:34:19,    17, 37.20, 37.20,  0.00
         0,     0, 5, 7:34:28, 7:34:31,     3, 37.20, 41.60, -4.40
  12706613,  7022, 4, 7:36:47, 7:37:30,    43, 43.50, 40.60,  2.90
         0,     0, 4, 7:37:39, 7:37:41,     2, 40.60, 43.30, -2.70
  11724167,  3067, 4, 7:42:07, 7:43:13,    66, 43.30, 22.60, 20.70
         0,     0, 4, 7:43:21, 7:43:40,    19, 22.60, 43.20,-20.60
  12199959,     0, 7, 7:44:57, 7:47:07,   130, 41.10, 38.90,  2.20
         0,     0, 7, 7:47:16, 7:47:18,     2, 38.90, 41.10, -2.20
  12706707,     0, 7, 7:52:32, 7:52:52,    20, 41.10, 41.10,  0.00
  12706621,  7030, 2, 7:57:55, 7:59:18,    83, 43.40, 38.30,  5.10
         0,     0, 2, 7:59:25, 7:59:29,     4, 38.30, 44.10, -5.80
  12706621,  7030, 1, 7:59:26, 7:59:32,     6, 41.40, 41.40,  0.00
  12706613,  7022, 4, 7:58:43, 7:59:34,    51, 43.20, 36.90,  6.30
         0,     0, 4, 7:59:42, 7:59:48,     6, 36.90, 36.90,  0.00
  12448516,  6129, 2, 8:00:00, 8:00:44,    44, 44.10, 41.60,  2.50
         0,     0, 2, 8:00:52, 8:00:53,     1, 41.60, 43.90, -2.30
  12448480,     0, 5, 8:01:01, 8:01:12,    11, 28.80, 28.80,  0.00
         0,     0, 5, 8:01:19, 8:01:29,    10, 28.80, 29.00, -0.20
  12448516,  6129, 2, 8:01:04, 8:02:35,    91, 43.90, 22.00, 21.90
         0,     0, 2, 8:02:42, 8:03:03,    21, 22.00, 44.00,-22.00
  12448480,     0, 5, 8:04:01, 8:04:31,    30, 41.60, 41.50,  0.10
  11499184,  2074, 2, 8:03:54, 8:04:41,    47, 44.00, 30.90, 13.10
         0,     0, 2, 8:04:50, 8:05:02,    12, 30.90, 44.20,-13.30
  12706624,  7033, 2, 8:05:12, 8:05:27,    15, 44.10, 44.10,  0.00
  11724217,  3117, 4, 8:04:25, 8:05:54,    89, 43.30, 23.50, 19.80
         0,     0, 4, 8:06:01, 8:06:20,    19, 23.50, 43.30,-19.80
  12706624,  7033, 1, 8:08:52, 8:08:57,     5, 41.40, 41.40,  0.00
  12448412,     0, 5, 8:06:56, 8:09:37,   161, 41.30, 26.30, 15.00
         0,     0, 5, 8:09:44, 8:09:57,    13, 26.30, 26.40, -0.10
  12706624,  7033, 2, 8:09:04, 8:11:49,   165, 44.10, 23.20, 20.90
         0,     0, 2, 8:11:57, 8:12:17,    20, 23.20, 44.10,-20.90
  12706628,  7037, 4, 8:18:23, 8:19:26,    63, 43.60, 36.10,  7.50
         0,     0, 4, 8:19:33, 8:19:39,     6, 36.10, 43.50, -7.40
  12706628,  7037, 4, 8:19:49, 8:20:33,    44, 43.80, 34.40,  9.40
         0,     0, 4, 8:20:41, 8:20:49,     8, 34.40, 34.40,  0.00
  13323412,     0, 5, 8:26:51, 8:26:52,     1, 41.40, 41.30,  0.10
  12448519,     0, 5, 8:34:20, 8:35:43,    83, 39.10, 36.40,  2.70
         0,     0, 5, 8:35:51, 8:35:54,     3, 36.40, 41.60, -5.20
  11724217,  3117, 4, 8:36:46, 8:37:28,    42, 43.30, 34.50,  8.80
         0,     0, 4, 8:37:36, 8:37:44,     8, 34.50, 43.10, -8.60
  13323409,     0, 5, 8:37:47, 8:38:17,    30, 41.60, 41.50,  0.10
  11499184,  2074, 1, 8:38:20, 8:38:33,    13, 41.40, 41.40,  0.00
  11499184,  2074, 2, 8:38:55, 8:39:30,    35, 44.10, 35.50,  8.60
         0,     0, 2, 8:39:38, 8:39:45,     7, 35.50, 44.10, -8.60
  12448516,  6129, 1, 8:44:20, 8:44:25,     5, 41.40, 41.40,  0.00
  12706610,  7019, 4, 8:43:34, 8:45:01,    87, 43.20, 26.30, 16.90
         0,     0, 4, 8:45:09, 8:45:25,    16, 26.30, 43.30,-17.00
  12200091,  5145, 1, 8:49:26, 8:49:34,     8, 41.40, 41.40,  0.00
  12706727,     0, 7, 8:52:22, 8:52:25,     3, 41.10, 41.10,  0.00
  12706727,     0, 8, 8:52:35, 8:52:42,     7, 40.60, 40.60,  0.00
  12706727,     0, 7, 8:52:50, 8:53:41,    51, 41.10, 35.70,  5.40
         0,     0, 7, 8:53:50, 8:53:57,     7, 35.70, 41.10, -5.40
  12706727,     0, 7, 8:54:21, 8:54:22,     1, 37.60, 37.60,  0.00
         0,     0, 7, 8:54:30, 8:54:34,     4, 37.60, 41.10, -3.50
  12200091,  5145, 2, 8:53:16, 8:54:48,    92, 44.10, 27.40, 16.70
         0,     0, 2, 8:54:57, 8:55:13,    16, 27.40, 44.10,-16.70
  12200079,  5133, 2, 8:56:33, 8:57:17,    44, 44.10, 42.80,  1.30
  12200079,  5133, 1, 8:57:41, 8:57:47,     6, 41.40, 41.40,  0.00
  12706634,  7043, 1, 9:00:58, 9:01:21,    23, 41.40, 41.40,  0.00
  12706628,  7037, 4, 9:01:02, 9:02:23,    81, 43.50, 29.70, 13.80
         0,     0, 4, 9:02:31, 9:02:44,    13, 29.70, 43.20,-13.50
  12706634,  7043, 2, 9:02:34, 9:03:30,    56, 42.80, 42.80,  0.00
  11953971,  4001, 2, 9:03:44, 9:03:50,     6, 42.80, 42.80,  0.00
  12706634,  7043, 1, 9:03:37, 9:05:27,   110, 41.40, 35.90,  5.50
         0,     0, 1, 9:05:35, 9:05:39,     4, 35.90, 41.30, -5.40
  11953971,  4001, 4, 9:04:52, 9:06:02,    70, 43.30, 42.90,  0.40
  12706634,  7043, 2, 9:05:35, 9:06:06,    31, 42.80, 36.40,  6.40
         0,     0, 2, 9:06:15, 9:06:21,     6, 36.40, 44.00, -7.60
  12706707,     0, 8, 9:05:40, 9:06:32,    52, 40.60, 38.10,  2.50
         0,     0, 8, 9:06:40, 9:06:42,     2, 38.10, 41.20, -3.10
  12448521,  6134, 2, 9:06:47, 9:07:02,    15, 43.90, 44.00, -0.10
  11953971,  4001, 4, 9:06:11, 9:07:22,    71, 43.00, 20.80, 22.20
         0,     0, 4, 9:07:30, 9:07:51,    21, 20.80, 43.20,-22.40
  12448521,  6134, 2, 9:07:39, 9:08:00,    21, 44.00, 43.90,  0.10
  12448521,  6134, 1, 9:08:05, 9:08:25,    20, 41.30, 41.20,  0.10
  11954042,  4072, 2, 9:09:46, 9:09:53,     7, 43.90, 43.90,  0.00
  11954042,  4072, 1, 9:10:00, 9:10:15,    15, 41.30, 41.30,  0.00
  12448398,  6011, 2, 9:10:06, 9:10:19,    13, 44.00, 42.90,  1.10
  11954042,  4072, 1, 9:10:45, 9:11:11,    26, 41.30, 41.20,  0.10
  12706707,     0, 7, 9:10:43, 9:11:13,    30, 41.10, 37.80,  3.30
         0,     0, 7, 9:11:20, 9:11:24,     4, 37.80, 41.10, -3.30
  11954042,  4072, 1, 9:11:21, 9:11:57,    36, 41.20, 41.20,  0.00
  12448398,  6011, 2, 9:10:33, 9:12:03,    90, 42.90, 23.80, 19.10
         0,     0, 2, 9:12:12, 9:12:32,    20, 23.80, 44.10,-20.30
  12199987,  5041, 2, 9:13:05, 9:13:15,    10, 44.10, 44.00,  0.10
  12199987,  5041, 1, 9:13:18, 9:13:26,     8, 41.20, 41.20,  0.00
  12448521,  6134, 4, 9:12:31, 9:13:58,    87, 43.40, 32.20, 11.20
  12200079,  5133, 2, 9:13:39, 9:14:07,    28, 44.00, 39.80,  4.20
         0,     0, 2, 9:14:14, 9:14:17,     3, 39.80, 44.00, -4.20
         0,     0, 4, 9:14:07, 9:14:17,    10, 32.20, 43.20,-11.00
  12200079,  5133, 2, 9:14:27, 9:14:39,    12, 44.00, 40.50,  3.50
         0,     0, 2, 9:14:48, 9:14:50,     2, 40.50, 44.00, -3.50
  12706618,  7027, 2, 9:15:00, 9:15:28,    28, 44.00, 43.30,  0.70
  13323409,     0, 5, 9:15:59, 9:16:01,     2, 41.00, 41.00,  0.00
  12706618,  7027, 2, 9:15:38, 9:17:02,    84, 43.30, 24.70, 18.60
         0,     0, 2, 9:17:10, 9:17:29,    19, 24.70, 43.90,-19.20
  12706615,  7024, 2, 9:17:41, 9:17:45,     4, 43.90, 44.00, -0.10
  11954042,  4072, 4, 9:17:51, 9:18:08,    17, 43.30, 43.20,  0.10
  12200079,  5133, 2, 9:17:55, 9:18:53,    58, 44.00, 29.50, 14.50
         0,     0, 2, 9:19:02, 9:19:16,    14, 29.50, 44.10,-14.60
  11954042,  4072, 4, 9:18:24, 9:19:49,    85, 42.90, 24.80, 18.10
  13323409,     0, 5, 9:20:04, 9:20:05,     1, 41.00, 41.00,  0.00
         0,     0, 4, 9:19:56, 9:20:14,    18, 24.80, 43.40,-18.60
  12200079,  5133, 2, 9:19:40, 9:20:41,    61, 44.10, 40.20,  3.90
         0,     0, 2, 9:20:50, 9:20:52,     2, 40.20, 44.10, -3.90
  12706656,  7065, 1, 9:21:30, 9:21:36,     6, 41.20, 41.20,  0.00
  12706610,  7019, 2, 9:21:31, 9:21:59,    28, 44.10, 41.60,  2.50
         0,     0, 2, 9:22:06, 9:22:07,     1, 41.60, 44.00, -2.40
  12200085,  5139, 4, 9:21:16, 9:22:25,    69, 43.60, 26.10, 17.50
  12706610,  7019, 1, 9:22:16, 9:22:28,    12, 41.20, 41.20,  0.00
  12706656,  7065, 2, 9:22:17, 9:22:38,    21, 44.00, 41.10,  2.90
  13323409,     0, 5, 9:22:36, 9:22:43,     7, 40.90, 41.00, -0.10
         0,     0, 2, 9:22:46, 9:22:47,     1, 41.10, 44.10, -3.00
         0,     0, 4, 9:22:32, 9:22:48,    16, 26.10, 43.20,-17.10
  12706656,  7065, 1, 9:22:43, 9:22:54,    11, 41.20, 41.00,  0.20
  12706656,  7065, 2, 9:23:04, 9:23:50,    46, 44.00, 29.80, 14.20
  13323409,     0, 5, 9:23:13, 9:23:54,    41, 38.70, 29.90,  8.80
  12200086,  5140, 4, 9:22:58, 9:23:59,    61, 43.30, 33.60,  9.70
         0,     0, 5, 9:24:02, 9:24:12,    10, 29.90, 30.00, -0.10
         0,     0, 2, 9:23:58, 9:24:12,    14, 29.80, 44.10,-14.30
         0,     0, 4, 9:24:08, 9:24:17,     9, 33.60, 43.30, -9.70
  12448440,     0, 8, 9:24:39, 9:25:55,    76, 41.10, 37.50,  3.60
         0,     0, 8, 9:26:02, 9:26:05,     3, 37.50, 41.20, -3.70
  12448440,     0, 8, 9:26:18, 9:26:19,     1, 39.90, 39.90,  0.00
         0,     0, 8, 9:26:26, 9:26:26,     0, 39.90, 40.90, -1.00
  12706615,  7024, 2, 9:25:15, 9:27:24,   129, 44.00, 26.10, 17.90
         0,     0, 2, 9:27:32, 9:27:49,    17, 26.10, 44.10,-18.00
  12199987,  5041, 1, 9:30:55, 9:31:11,    16, 41.00, 41.00,  0.00
  12706705,     0, 8, 9:31:19, 9:31:26,     7, 40.90, 41.00, -0.10
  12200081,  5135, 1, 9:31:44, 9:31:48,     4, 41.00, 41.00,  0.00
  12706705,     0, 8, 9:31:37, 9:34:24,   167, 40.80, 26.00, 14.80
         0,     0, 8, 9:34:32, 9:34:48,    16, 26.00, 41.20,-15.20
  12200081,  5135, 2, 9:34:47, 9:35:59,    72, 44.10, 27.40, 16.70
         0,     0, 2, 9:36:08, 9:36:24,    16, 27.40, 44.10,-16.70
  12199987,  5041, 4, 9:36:17, 9:40:31,   254, 43.40, 19.10, 24.30
         0,     0, 4, 9:40:38, 9:41:01,    23, 19.10, 43.20,-24.10
  12706620,  7029, 2, 9:39:25, 9:41:36,   131, 44.10, 34.20,  9.90
         0,     0, 2, 9:41:43, 9:41:52,     9, 34.20, 44.10, -9.90
  12199959,     0, 7, 9:40:07, 9:42:03,   116, 41.10, 32.20,  8.90
         0,     0, 7, 9:42:11, 9:42:22,    11, 32.20, 41.10, -8.90
  12706620,  7029, 1, 9:41:40, 9:42:38,    58, 41.00, 39.00,  2.00
         0,     0, 1, 9:42:47, 9:42:48,     1, 39.00, 41.30, -2.30
  12448412,     0, 5, 9:44:12, 9:44:42,    30, 21.70, 21.60,  0.10
         0,     0, 5, 9:44:51, 9:45:08,    17, 21.60, 41.60,-20.00
  12448412,     0, 5, 9:45:24, 9:46:07,    43, 41.50, 41.40,  0.10
  12706727,     0, 7, 9:48:03, 9:48:11,     8, 41.10, 40.20,  0.90
  12706707,     0, 7, 9:48:51, 9:48:52,     1, 35.20, 35.20,  0.00
  12706727,     0, 8, 9:48:19, 9:48:54,    35, 41.20, 32.90,  8.30
  12448519,     0, 5, 9:47:23, 9:49:04,   101, 30.50, 15.40, 15.10
         0,     0, 7, 9:48:59, 9:49:07,     8, 35.20, 41.10, -5.90
         0,     0, 8, 9:49:03, 9:49:11,     8, 32.90, 41.20, -8.30
         0,     0, 5, 9:49:11, 9:49:34,    23, 15.40, 15.50, -0.10
  12448519,     0, 5, 9:49:56, 9:49:59,     3, 37.80, 37.80,  0.00
         0,     0, 5, 9:50:06, 9:50:08,     2, 37.80, 41.60, -3.80
  12448408,  6021, 4, 9:49:56, 9:50:50,    54, 43.40, 30.70, 12.70
         0,     0, 4, 9:50:57, 9:51:09,    12, 30.70, 43.20,-12.50
  13008842,     0, 7, 9:51:40, 9:51:44,     4, 41.10, 41.10,  0.00
  12448517,  6130, 2, 9:55:07, 9:55:21,    14, 44.10, 44.10,  0.00
  12448517,  6130, 1, 9:55:32, 9:55:36,     4, 41.30, 41.30,  0.00
  12706610,  7019, 4, 9:54:11, 9:55:36,    85, 43.30, 29.40, 13.90
         0,     0, 4, 9:55:44, 9:55:57,    13, 29.40, 43.20,-13.80
  12448415,  6028, 2, 9:55:31, 9:58:10,   159, 44.00, 26.10, 17.90
         0,     0, 2, 9:58:18, 9:58:35,    17, 26.10, 44.00,-17.90
  12448440,     0, 8, 9:58:02, 9:58:58,    56, 41.20, 37.90,  3.30
         0,     0, 8, 9:59:05, 9:59:07,     2, 37.90, 41.20, -3.30
  12706634,  7043, 1, 9:57:48, 9:59:12,    84, 41.30, 32.00,  9.30
         0,     0, 1, 9:59:20, 9:59:28,     8, 32.00, 41.20, -9.20
  12448440,     0, 7, 9:59:55,10:00:24,    29, 41.10, 39.10,  2.00
         0,     0, 7,10:00:32,10:00:34,     2, 39.10, 41.20, -2.10
  13323409,     0, 5,10:01:48,10:02:46,    58, 41.50, 35.20,  6.30
         0,     0, 5,10:02:54,10:02:59,     5, 35.20, 41.60, -6.40
  12448480,     0, 5,10:03:11,10:03:41,    30, 41.40, 38.90,  2.50
         0,     0, 5,10:03:48,10:03:49,     1, 38.90, 41.70, -2.80
  13008842,     0, 7,10:04:22,10:04:31,     9, 41.20, 41.10,  0.10
  12448480,     0, 5,10:04:15,10:05:15,    60, 35.50, 24.90, 10.60
         0,     0, 5,10:05:23,10:05:36,    13, 24.90, 41.60,-16.70
  12448480,     0, 5,10:05:52,10:06:09,    17, 41.60, 37.10,  4.50
         0,     0, 5,10:06:17,10:06:20,     3, 37.10, 41.50, -4.40
  13008842,     0, 7,10:05:28,10:06:18,    50, 41.20, 36.20,  5.00
         0,     0, 7,10:06:26,10:06:32,     6, 36.20, 41.10, -4.90
  12706618,  7027, 4,10:06:52,10:07:40,    48, 43.80, 36.60,  7.20
         0,     0, 4,10:07:49,10:07:54,     5, 36.60, 36.70, -0.10
  12448472,     0, 8,10:07:18,10:08:39,    81, 40.70, 31.90,  8.80
         0,     0, 8,10:08:47,10:08:56,     9, 31.90, 41.20, -9.30
  12706737,  7146, 3,10:10:30,10:10:39,     9, 46.20, 46.00,  0.20
  12448412,     0, 5,10:08:41,10:11:22,   161, 41.40, 26.40, 15.00
         0,     0, 5,10:11:30,10:11:43,    13, 26.40, 41.70,-15.30
  12448420,  6033, 4,10:09:50,10:12:08,   138, 42.80, 31.30, 11.50
         0,     0, 4,10:12:16,10:12:27,    11, 31.30, 43.20,-11.90
  12706737,  7146, 4,10:12:37,10:15:00,   143, 43.50, 25.80, 17.70
         0,     0, 4,10:15:08,10:15:24,    16, 25.80, 42.80,-17.00
  11499231,     0, 8,10:13:37,10:16:51,   194, 41.20, 22.10, 19.10
         0,     0, 8,10:16:58,10:17:18,    20, 22.10, 41.30,-19.20
  12448482,     0, 7,10:17:20,10:17:22,     2, 41.10, 41.10,  0.00
  12448516,  6129, 2,10:17:47,10:18:00,    13, 43.90, 43.90,  0.00
  12448516,  6129, 1,10:18:23,10:19:16,    53, 41.30, 41.30,  0.00
  12706738,     0, 5,10:18:21,10:19:33,    72, 34.80, 29.60,  5.20
         0,     0, 5,10:19:41,10:19:51,    10, 29.60, 29.70, -0.10
  12199987,  5041, 2,10:18:10,10:20:50,   160, 43.90, 36.00,  7.90
         0,     0, 2,10:20:59,10:21:06,     7, 36.00, 44.10, -8.10
  12199987,  5041, 1,10:21:06,10:21:25,    19, 41.30, 40.90,  0.40
  12448517,  6130, 2,10:21:17,10:21:28,    11, 44.10, 44.10,  0.00
  12448516,  6129, 3,10:20:49,10:21:58,    69, 46.10, 40.30,  5.80
         0,     0, 3,10:22:06,10:22:10,     4, 40.30, 46.20, -5.90
  12706656,  7065, 4,10:24:18,10:24:54,    36, 42.90, 39.10,  3.80
         0,     0, 4,10:25:02,10:25:06,     4, 39.10, 43.20, -4.10
  12448517,  6130, 2,10:21:38,10:25:40,   242, 44.10, 22.30, 21.80
         0,     0, 2,10:25:48,10:26:09,    21, 22.30, 43.90,-21.60
  12200062,  1556, 5,10:26:23,10:26:45,    22, 36.20, 36.20,  0.00
  12706656,  7065, 4,10:26:13,10:26:46,    33, 43.30, 40.90,  2.40
         0,     0, 4,10:26:55,10:26:57,     2, 40.90, 43.30, -2.40
         0,     0, 5,10:26:53,10:26:57,     4, 36.20, 41.60, -5.40
  12706656,  7065, 4,10:27:12,10:27:34,    22, 43.30, 40.30,  3.00
         0,     0, 4,10:27:42,10:27:44,     2, 40.30, 43.30, -3.00
  12200001,     0, 5,10:27:46,10:27:47,     1, 37.00, 37.00,  0.00
         0,     0, 5,10:27:55,10:27:58,     3, 37.00, 41.60, -4.60
  12448521,  6134, 4,10:29:49,10:29:57,     8, 43.40, 43.50, -0.10
  12706601,  7010, 2,10:28:31,10:31:06,   155, 44.00, 21.80, 22.20
         0,     0, 2,10:31:14,10:31:36,    22, 21.80, 44.10,-22.30
  12448482,     0, 8,10:29:06,10:32:05,   179, 41.20, 27.80, 13.40
         0,     0, 8,10:32:12,10:32:26,    14, 27.80, 41.00,-13.20
  12448472,     0, 8,10:32:59,10:33:20,    21, 38.70, 37.10,  1.60
         0,     0, 8,10:33:27,10:33:30,     3, 37.10, 41.20, -4.10
  12706609,  7018, 3,10:34:16,10:34:27,    11, 46.20, 46.20,  0.00
  12448518,  6131, 4,10:33:25,10:34:46,    81, 43.60, 30.80, 12.80
         0,     0, 4,10:34:55,10:35:06,    11, 30.80, 42.60,-11.80
  12199974,  5028, 2,10:32:59,10:35:38,   159, 44.00, 15.20, 28.80
         0,     0, 2,10:35:46,10:36:14,    28, 15.20, 44.10,-28.90
  12706621,  7030, 4,10:35:27,10:36:39,    72, 44.30, 28.80, 15.50
         0,     0, 4,10:36:47,10:37:01,    14, 28.80, 43.60,-14.80
  12706609,  7018, 4,10:37:11,10:37:15,     4, 43.70, 43.50,  0.20
  12706618,  7027, 2,10:36:41,10:37:41,    60, 44.10, 36.50,  7.60
         0,     0, 2,10:37:48,10:37:54,     6, 36.50, 44.10, -7.60
  13323409,     0, 5,10:36:52,10:38:15,    83, 41.50, 33.70,  7.80
         0,     0, 5,10:38:23,10:38:29,     6, 33.70, 33.80, -0.10
  12448516,  6129, 4,10:37:32,10:38:41,    69, 43.50, 25.40, 18.10
  12706609,  7018, 3,10:37:41,10:38:45,    64, 46.20, 42.70,  3.50
         0,     0, 3,10:38:54,10:38:56,     2, 42.70, 46.10, -3.40
         0,     0, 4,10:38:50,10:39:07,    17, 25.40, 43.20,-17.80
  12706609,  7018, 4,10:40:05,10:41:13,    68, 43.10, 30.40, 12.70
  13008738,  7159, 2,10:38:04,10:41:14,   190, 44.10, 26.00, 18.10
         0,     0, 4,10:41:20,10:41:32,    12, 30.40, 43.50,-13.10
         0,     0, 2,10:41:23,10:41:40,    17, 26.00, 44.10,-18.10
  12448415,  6028, 4,10:41:42,10:43:22,   100, 43.30, 32.90, 10.40
         0,     0, 4,10:43:30,10:43:40,    10, 32.90, 43.20,-10.30
  12200066,  5120, 2,10:42:35,10:44:55,   140, 44.10, 26.20, 17.90
  12448437,  6050, 1,10:43:44,10:45:06,    82, 40.90, 40.70,  0.20
         0,     0, 2,10:45:03,10:45:20,    17, 26.20, 44.10,-17.90
  12448437,  6050, 2,10:45:30,10:48:57,   207, 44.10, 29.10, 15.00
         0,     0, 2,10:49:05,10:49:19,    14, 29.10, 44.10,-15.00
  12448420,  6033, 4,10:47:50,10:50:56,   186, 43.60, 38.60,  5.00
         0,     0, 4,10:51:05,10:51:09,     4, 38.60, 43.20, -4.60
  13323412,     0, 5,10:50:02,10:51:14,    72, 39.00, 34.10,  4.90
         0,     0, 5,10:51:22,10:51:28,     6, 34.10, 41.50, -7.40
  12706628,  7037, 1,10:53:03,10:53:13,    10, 40.80, 40.80,  0.00
  12706737,  7146, 3,10:54:41,10:55:03,    22, 46.20, 46.10,  0.10
  12706656,  7065, 3,10:55:26,10:55:47,    21, 46.20, 46.20,  0.00
  12706737,  7146, 4,10:55:12,10:55:56,    44, 43.30, 39.40,  3.90
         0,     0, 4,10:56:04,10:56:07,     3, 39.40, 43.40, -4.00
  12706628,  7037, 2,10:53:43,10:56:23,   160, 44.10, 26.40, 17.70
         0,     0, 2,10:56:30,10:56:47,    17, 26.40, 44.00,-17.60
  12706656,  7065, 4,10:56:17,10:57:01,    44, 43.30, 40.40,  2.90
         0,     0, 4,10:57:10,10:57:12,     2, 40.40, 43.30, -2.90
  12706628,  7037, 2,10:56:58,10:58:59,   121, 44.00, 41.60,  2.40
         0,     0, 2,10:59:07,10:59:08,     1, 41.60, 44.00, -2.40
  12706621,  7030, 2,10:59:18,10:59:30,    12, 44.00, 44.00,  0.00
  12706621,  7030, 2,10:59:40,10:59:41,     1, 44.00, 44.00,  0.00
  12706621,  7030, 1,10:59:47,10:59:55,     8, 40.80, 40.80,  0.00
  12448518,  6131, 4,11:00:07,11:00:57,    50, 43.20, 33.40,  9.80
  12706621,  7030, 2,11:00:03,11:01:00,    57, 44.00, 33.60, 10.40
         0,     0, 4,11:01:04,11:01:13,     9, 33.40, 43.10, -9.70
         0,     0, 2,11:01:08,11:01:17,     9, 33.60, 44.10,-10.50
  12200004,  5058, 4,11:02:06,11:03:26,    80, 43.30, 32.10, 11.20
         0,     0, 4,11:03:33,11:03:44,    11, 32.10, 43.30,-11.20
  13008906,     0, 8,11:05:04,11:05:06,     2, 41.00, 40.90,  0.10
  13008906,     0, 8,11:05:17,11:05:17,     0, 40.90, 40.80,  0.10
  12706601,  7010, 2,11:04:27,11:05:38,    71, 44.10, 32.10, 12.00
         0,     0, 2,11:05:45,11:05:56,    11, 32.10, 44.10,-12.00
  13008906,     0, 8,11:06:17,11:06:32,    15, 40.90, 40.50,  0.40
  12448440,     0, 7,11:06:35,11:07:30,    55, 41.10, 37.80,  3.30
         0,     0, 7,11:07:39,11:07:43,     4, 37.80, 41.10, -3.30
  12706651,     0, 7,11:11:37,11:13:09,    92, 41.10, 34.10,  7.00
         0,     0, 7,11:13:18,11:13:28,    10, 34.10, 41.00, -6.90
  12706707,     0, 7,11:14:10,11:14:26,    16, 41.00, 38.50,  2.50
         0,     0, 7,11:14:34,11:14:37,     3, 38.50, 41.10, -2.60
  12706737,  7146, 4,11:13:55,11:15:13,    78, 43.50, 34.20,  9.30
         0,     0, 4,11:15:20,11:15:29,     9, 34.20, 43.30, -9.10
  12200004,  5058, 4,11:16:06,11:16:31,    25, 43.50, 42.70,  0.80
  12706727,     0, 7,11:17:07,11:17:41,    34, 41.10, 38.10,  3.00
         0,     0, 7,11:17:50,11:17:53,     3, 38.10, 41.10, -3.00
  12200083,  5137, 4,11:17:15,11:18:28,    73, 42.70, 29.00, 13.70
  12448440,     0, 7,11:18:14,11:18:36,    22, 40.20, 38.20,  2.00
         0,     0, 7,11:18:45,11:18:48,     3, 38.20, 41.00, -2.80
         0,     0, 4,11:18:37,11:18:51,    14, 29.00, 43.30,-14.30
  12706727,     0, 8,11:18:32,11:19:04,    32, 40.50, 33.40,  7.10
         0,     0, 8,11:19:13,11:19:21,     8, 33.40, 41.20, -7.80
  12706613,  7022, 4,11:19:15,11:19:37,    22, 43.30, 43.50, -0.20
  12448440,     0, 7,11:19:34,11:19:58,    24, 41.00, 40.10,  0.90
  12200062,  1556, 5,11:19:56,11:20:01,     5, 41.30, 41.30,  0.00
  12706707,     0, 7,11:20:18,11:20:19,     1, 38.60, 38.60,  0.00
         0,     0, 7,11:20:28,11:20:31,     3, 38.60, 40.40, -1.80
  12200062,  1556, 5,11:20:28,11:20:35,     7, 41.30, 41.30,  0.00
  11724250,  3150, 2,11:19:37,11:21:10,    93, 44.10, 31.40, 12.70
  12706707,     0, 7,11:20:54,11:21:12,    18, 37.70, 37.70,  0.00
  12200062,  1556, 5,11:20:56,11:21:22,    26, 41.20, 40.70,  0.50
         0,     0, 7,11:21:21,11:21:25,     4, 37.70, 41.10, -3.40
         0,     0, 2,11:21:18,11:21:30,    12, 31.40, 44.00,-12.60
  12706642,  7051, 1,11:17:42,11:21:29,   227, 40.80, 12.40, 28.40
         0,     0, 1,11:21:36,11:22:04,    28, 12.40, 41.30,-28.90
  12200062,  1556, 5,11:22:53,11:22:54,     1, 21.20, 21.20,  0.00
         0,     0, 5,11:23:02,11:23:19,    17, 21.20, 21.30, -0.10
  13008774,  8015, 2,11:23:10,11:24:56,   106, 44.00, 38.20,  5.80
         0,     0, 2,11:25:03,11:25:07,     4, 38.20, 44.10, -5.90
  12706610,  7019, 1,11:27:02,11:27:10,     8, 41.40, 41.40,  0.00
  11953971,  4001, 4,11:24:52,11:27:53,   181, 43.50, 26.80, 16.70
         0,     0, 4,11:28:01,11:28:17,    16, 26.80, 43.20,-16.40
  12706634,  7043, 3,11:26:16,11:28:46,   150, 46.20, 40.20,  6.00
         0,     0, 3,11:28:54,11:28:58,     4, 40.20, 40.90, -0.70
  12706610,  7019, 2,11:29:17,11:29:31,    14, 44.10, 43.20,  0.90
  13008906,     0, 7,11:29:32,11:29:36,     4, 41.10, 41.10,  0.00
  11499117,  2007, 4,11:28:27,11:29:53,    86, 43.20, 33.20, 10.00
  12200091,  5145, 3,11:29:45,11:29:56,    11, 46.20, 46.00,  0.20
         0,     0, 4,11:30:01,11:30:10,     9, 33.20, 43.20,-10.00
  12200085,  5139, 4,11:30:26,11:30:32,     6, 43.30, 43.60, -0.30
  12200085,  5139, 3,11:30:39,11:30:48,     9, 46.20, 46.10,  0.10
  12706705,     0, 8,11:27:57,11:30:52,   175, 41.10, 27.80, 13.30
  13008906,     0, 7,11:31:03,11:31:05,     2, 31.40, 31.40,  0.00
         0,     0, 8,11:31:00,11:31:14,    14, 27.80, 41.20,-13.40
         0,     0, 7,11:31:14,11:31:26,    12, 31.40, 41.00, -9.60
  12706614,  7023, 4,11:30:43,11:32:20,    97, 43.60, 27.10, 16.50
  12448408,  6021, 3,11:32:31,11:32:38,     7, 46.20, 46.00,  0.20
         0,     0, 4,11:32:28,11:32:43,    15, 27.10, 43.40,-16.30
  12200066,  5120, 2,11:29:55,11:32:41,   166, 43.20, 29.40, 13.80
         0,     0, 2,11:32:48,11:33:02,    14, 29.40, 44.10,-14.70
  12448392,  6005, 1,11:30:09,11:33:03,   174, 41.40, 15.20, 26.20
         0,     0, 1,11:33:10,11:33:35,    25, 15.20, 41.30,-26.10
  12706610,  7019, 2,11:33:13,11:33:55,    42, 44.10, 35.30,  8.80
         0,     0, 2,11:34:03,11:34:10,     7, 35.30, 44.10, -8.80
  12448408,  6021, 4,11:32:53,11:34:08,    75, 43.40, 23.90, 19.50
  12706614,  7023, 3,11:33:25,11:34:18,    53, 46.30, 44.60,  1.70
         0,     0, 4,11:34:16,11:34:34,    18, 23.90, 43.20,-19.30
  12199959,     0, 7,11:35:22,11:36:46,    84, 41.10, 33.90,  7.20
         0,     0, 7,11:36:54,11:37:03,     9, 33.90, 41.20, -7.30
  12448521,  6134, 1,11:34:58,11:37:15,   137, 41.30, 40.80,  0.50
  12200091,  5145, 2,11:38:03,11:39:01,    58, 44.10, 26.90, 17.20
         0,     0, 2,11:39:09,11:39:25,    16, 26.90, 44.00,-17.10
  12448521,  6134, 1,11:37:39,11:39:23,   104, 40.80, 27.30, 13.50
         0,     0, 1,11:39:32,11:39:45,    13, 27.30, 41.40,-14.10
  12706615,  7024, 4,11:40:14,11:41:29,    75, 43.50, 42.20,  1.30
  11954042,  4072, 2,11:41:41,11:42:28,    47, 44.00, 43.90,  0.10
  12706618,  7027, 1,11:41:46,11:42:32,    46, 41.40, 41.40,  0.00
  12706615,  7024, 3,11:42:33,11:42:39,     6, 44.90, 44.70,  0.20
  21268732,  6126, 4,11:41:43,11:42:53,    70, 42.20, 37.40,  4.80
         0,     0, 4,11:43:01,11:43:06,     5, 37.40, 37.40,  0.00
  12448472,     0, 7,11:39:25,11:43:23,   238, 41.20, 35.40,  5.80
  12200081,  5135, 4,11:43:16,11:43:29,    13, 43.30, 43.00,  0.30
         0,     0, 7,11:43:31,11:43:38,     7, 35.40, 41.20, -5.80
  12448472,     0, 8,11:43:38,11:44:00,    22, 40.80, 39.80,  1.00
         0,     0, 8,11:44:08,11:44:08,     0, 39.80, 41.10, -1.30
  12448420,  6033, 3,11:43:44,11:44:12,    28, 44.70, 44.50,  0.20
  13008842,     0, 7,11:44:12,11:44:15,     3, 41.20, 41.20,  0.00
  11954042,  4072, 2,11:42:38,11:46:23,   225, 43.90, 27.40, 16.50
         0,     0, 2,11:46:32,11:46:47,    15, 27.40, 44.10,-16.70
  12706651,     0, 8,11:46:59,11:47:11,    12, 41.10, 40.40,  0.70
  12200004,  5058, 4,11:46:27,11:47:45,    78, 43.20, 33.80,  9.40
         0,     0, 4,11:47:53,11:48:01,     8, 33.80, 43.20, -9.40
  12448472,     0, 8,11:47:54,11:47:59,     5, 37.00, 36.90,  0.10
         0,     0, 8,11:48:07,11:48:11,     4, 36.90, 41.20, -4.30
  13323412,     0, 5,11:48:51,11:48:53,     2, 36.90, 37.00, -0.10
         0,     0, 5,11:49:00,11:49:03,     3, 37.00, 41.50, -4.50
  12706601,  7010, 1,11:51:23,11:51:42,    19, 41.30, 41.40, -0.10
  13008774,  8015, 4,11:52:47,11:53:48,    61, 43.40, 34.80,  8.60
         0,     0, 4,11:53:55,11:54:03,     8, 34.80, 43.20, -8.40
  12706618,  7027, 2,11:52:01,11:54:14,   133, 44.10, 34.50,  9.60
         0,     0, 2,11:54:22,11:54:30,     8, 34.50, 44.10, -9.60
  12200062,  1556, 5,11:53:07,11:55:10,   123, 41.50, 27.50, 14.00
         0,     0, 5,11:55:19,11:55:30,    11, 27.50, 41.30,-13.80
  12200062,  1556, 5,11:55:45,11:55:47,     2, 38.20, 38.20,  0.00
         0,     0, 5,11:55:55,11:55:57,     2, 38.20, 41.70, -3.50
  12706630,  7039, 1,11:54:02,11:58:01,   239, 41.40, 41.40,  0.00
  21268732,  6126, 4,11:55:24,11:58:11,   167, 43.20, 34.10,  9.10
         0,     0, 4,11:58:18,11:58:26,     8, 34.10, 34.10,  0.00
  12200081,  5135, 2,11:58:20,11:58:52,    32, 44.10, 44.10,  0.00
  12200081,  5135, 1,12:00:16,12:00:26,    10, 41.40, 41.30,  0.10
  12200081,  5135, 2,12:00:36,12:02:47,   131, 44.10, 29.20, 14.90
  12199951,  5005, 4,11:59:21,12:02:49,   208, 43.40, 32.80, 10.60
  12706738,     0, 5,12:01:45,12:02:53,    68, 41.60, 31.50, 10.10
         0,     0, 4,12:02:57,12:03:07,    10, 32.80, 43.30,-10.50
         0,     0, 5,12:03:01,12:03:09,     8, 31.50, 31.60, -0.10
         0,     0, 2,12:02:55,12:03:09,    14, 29.20, 44.20,-15.00
  12706738,     0, 5,12:03:24,12:03:33,     9, 37.90, 38.00, -0.10
         0,     0, 5,12:03:41,12:03:43,     2, 38.00, 41.60, -3.60
  12448420,  6033, 3,12:02:33,12:04:46,   133, 44.50, 36.40,  8.10
         0,     0, 3,12:04:53,12:05:00,     7, 36.40, 36.20,  0.20
  12200083,  5137, 4,12:03:17,12:05:15,   118, 43.40, 26.10, 17.30
         0,     0, 4,12:05:24,12:05:40,    16, 26.10, 43.30,-17.20
  12448417,  6030, 2,12:06:27,12:08:22,   115, 44.10, 25.00, 19.10
         0,     0, 2,12:08:30,12:08:48,    18, 25.00, 44.10,-19.10
  11499117,  2007, 4,12:09:50,12:11:03,    73, 43.60, 31.10, 12.50
         0,     0, 4,12:11:11,12:11:22,    11, 31.10, 43.20,-12.10
  12199959,     0, 7,12:12:12,12:12:27,    15, 41.20, 40.40,  0.80
  12199959,     0, 7,12:12:40,12:13:13,    33, 40.10, 37.30,  2.80
         0,     0, 7,12:13:22,12:13:26,     4, 37.30, 41.20, -3.90
  12448518,  6131, 1,12:15:51,12:16:00,     9, 41.40, 41.40,  0.00
  12706624,  7033, 3,12:16:05,12:16:25,    20, 46.10, 46.10,  0.00
  11724167,  3067, 4,12:16:02,12:17:26,    84, 43.60, 23.90, 19.70
         0,     0, 4,12:17:33,12:17:52,    19, 23.90, 43.40,-19.50
  12448518,  6131, 2,12:16:11,12:18:26,   135, 44.10, 39.20,  4.90
         0,     0, 2,12:18:34,12:18:37,     3, 39.20, 44.10, -4.90
  12706624,  7033, 4,12:18:34,12:20:28,   114, 43.50, 22.00, 21.50
         0,     0, 4,12:20:35,12:20:55,    20, 22.00, 43.20,-21.20
  12706613,  7022, 4,12:21:32,12:22:10,    38, 43.40, 37.90,  5.50
         0,     0, 4,12:22:17,12:22:22,     5, 37.90, 43.30, -5.40
  12706613,  7022, 4,12:22:33,12:23:15,    42, 43.30, 40.20,  3.10
         0,     0, 4,12:23:22,12:23:24,     2, 40.20, 43.20, -3.00
  21268732,  6126, 2,12:24:09,12:25:10,    61, 44.00, 39.80,  4.20
         0,     0, 2,12:25:19,12:25:22,     3, 39.80, 44.00, -4.20
  12706737,  7146, 1,12:26:33,12:26:41,     8, 41.30, 41.30,  0.00
  12706651,     0, 7,12:27:26,12:28:27,    61, 41.20, 37.50,  3.70
         0,     0, 7,12:28:36,12:28:40,     4, 37.50, 41.10, -3.60
  12706737,  7146, 2,12:28:54,12:29:43,    49, 44.10, 38.30,  5.80
         0,     0, 2,12:29:51,12:29:55,     4, 38.30, 44.10, -5.80
  12706609,  7018, 4,12:30:36,12:31:25,    49, 42.90, 32.90, 10.00
  13008906,     0, 8,12:31:29,12:31:30,     1, 32.60, 32.60,  0.00
         0,     0, 4,12:31:33,12:31:43,    10, 32.90, 43.20,-10.30
         0,     0, 8,12:31:39,12:31:48,     9, 32.60, 41.20, -8.60
  12200086,  5140, 1,12:33:37,12:33:52,    15, 41.30, 41.30,  0.00
  12706656,  7065, 1,12:36:17,12:36:21,     4, 41.40, 41.30,  0.10
  12706656,  7065, 2,12:36:27,12:37:03,    36, 44.10, 40.40,  3.70
         0,     0, 2,12:37:10,12:37:12,     2, 40.40, 44.10, -3.70
  12706656,  7065, 2,12:37:25,12:38:04,    39, 44.10, 35.50,  8.60
         0,     0, 2,12:38:11,12:38:18,     7, 35.50, 44.20, -8.70
  12199987,  5041, 2,12:39:49,12:41:43,   114, 44.20, 37.80,  6.40
         0,     0, 2,12:41:51,12:41:56,     5, 37.80, 44.00, -6.20
  12200086,  5140, 4,12:41:38,12:42:11,    33, 43.70, 37.30,  6.40
         0,     0, 4,12:42:18,12:42:23,     5, 37.30, 43.10, -5.80
  12200086,  5140, 4,12:42:39,12:43:13,    34, 43.10, 35.70,  7.40
         0,     0, 4,12:43:22,12:43:29,     7, 35.70, 43.20, -7.50
  12448521,  6134, 1,12:42:10,12:43:28,    78, 41.30, 26.70, 14.60
         0,     0, 1,12:43:37,12:43:51,    14, 26.70, 41.30,-14.60
  13008842,     0, 8,12:45:03,12:45:37,    34, 41.20, 41.20,  0.00
  13008842,     0, 8,12:45:50,12:47:23,    93, 41.20, 40.20,  1.00
  13008842,     0, 8,12:47:46,12:48:28,    42, 40.20, 40.10,  0.10
  12199987,  5041, 2,12:47:02,12:49:15,   133, 44.00, 39.10,  4.90
         0,     0, 2,12:49:24,12:49:28,     4, 39.10, 44.00, -4.90
  13008842,     0, 7,12:48:35,12:49:45,    70, 41.10, 36.50,  4.60
         0,     0, 7,12:49:53,12:49:58,     5, 36.50, 41.10, -4.60
  12706613,  7022, 4,12:50:34,12:51:30,    56, 43.30, 34.60,  8.70
         0,     0, 4,12:51:38,12:51:46,     8, 34.60, 43.20, -8.60
  12448517,  6130, 4,12:54:34,12:56:45,   131, 43.30, 34.20,  9.10
  12200004,  5058, 2,12:54:25,12:56:46,   141, 44.00, 30.00, 14.00
         0,     0, 4,12:56:52,12:57:01,     9, 34.20, 43.30, -9.10
         0,     0, 2,12:56:53,12:57:06,    13, 30.00, 44.00,-14.00
  12706618,  7027, 4,12:59:41,13:00:25,    44, 43.50, 34.00,  9.50
         0,     0, 4,13:00:33,13:00:42,     9, 34.00, 43.40, -9.40
  21268732,  6126, 2,13:04:58,13:05:12,    14, 44.00, 43.70,  0.30
  13008842,     0, 7,13:04:19,13:05:31,    72, 41.10, 36.20,  4.90
         0,     0, 7,13:05:39,13:05:45,     6, 36.20, 41.10, -4.90
  21268732,  6126, 2,13:05:21,13:06:50,    89, 43.70, 37.90,  5.80
         0,     0, 2,13:06:58,13:07:03,     5, 37.90, 44.00, -6.10
  21268732,  6126, 2,13:12:00,13:13:20,    80, 44.00, 41.10,  2.90
         0,     0, 2,13:13:27,13:13:28,     1, 41.10, 44.00, -2.90
  12448437,  6050, 1,13:21:38,13:23:35,   117, 41.30, 34.40,  6.90
         0,     0, 1,13:23:43,13:23:49,     6, 34.40, 41.40, -7.00
  12448437,  6050, 1,13:24:09,13:25:13,    64, 41.40, 30.00, 11.40
         0,     0, 1,13:25:20,13:25:30,    10, 30.00, 41.30,-11.30
  12706601,  7010, 4,13:27:23,13:28:39,    76, 43.80, 32.80, 11.00
         0,     0, 4,13:28:46,13:28:56,    10, 32.80, 43.30,-10.50
  13008842,     0, 7,13:29:27,13:30:37,    70, 41.10, 41.00,  0.10
  13008842,     0, 8,13:30:41,13:30:56,    15, 40.00, 40.00,  0.00
  21268732,  6126, 1,13:33:54,13:34:32,    38, 41.40, 40.00,  1.40
  13008738,  7159, 3,13:35:13,13:35:18,     5, 46.00, 46.00,  0.00
  21268732,  6126, 1,13:35:48,13:36:19,    31, 40.10, 38.00,  2.10
         0,     0, 1,13:36:26,13:36:28,     2, 38.00, 41.30, -3.30
  21268732,  6126, 2,13:36:45,13:37:00,    15, 44.00, 42.20,  1.80
  13008842,     0, 8,13:36:41,13:38:07,    86, 40.00, 34.90,  5.10
         0,     0, 8,13:38:15,13:38:21,     6, 34.90, 41.20, -6.30
  12448519,     0, 5,13:38:19,13:39:27,    68, 39.80, 26.30, 13.50
         0,     0, 5,13:39:35,13:39:48,    13, 26.30, 26.40, -0.10
  13008738,  7159, 4,13:42:07,13:44:46,   159, 43.50, 23.70, 19.80
         0,     0, 4,13:44:54,13:45:13,    19, 23.70, 43.30,-19.60
  12200004,  5058, 2,13:45:06,13:45:49,    43, 42.20, 35.60,  6.60
         0,     0, 2,13:45:57,13:46:04,     7, 35.60, 44.00, -8.40
  12706621,  7030, 1,13:52:41,13:53:08,    27, 41.30, 41.20,  0.10
  12706621,  7030, 2,13:53:12,13:54:24,    72, 44.00, 28.10, 15.90
         0,     0, 2,13:54:32,13:54:47,    15, 28.10, 44.10,-16.00
  11724172,     0, 8,13:56:40,13:56:47,     7, 41.20, 41.20,  0.00
  12448482,     0, 8,13:57:05,14:01:04,   239, 41.00, 27.90, 13.10
         0,     0, 8,14:01:11,14:01:25,    14, 27.90, 41.30,-13.40
  13008774,  8015, 4,14:05:56,14:07:34,    98, 43.60, 29.00, 14.60
         0,     0, 4,14:07:42,14:07:56,    14, 29.00, 43.30,-14.30
  13008906,     0, 8,14:09:23,14:10:36,    73, 41.30, 37.60,  3.70
         0,     0, 8,14:10:44,14:10:47,     3, 37.60, 41.20, -3.60
  13008906,     0, 8,14:11:40,14:11:44,     4, 34.30, 34.30,  0.00
         0,     0, 8,14:11:51,14:11:58,     7, 34.30, 41.20, -6.90
  13008906,     0, 8,14:12:25,14:12:27,     2, 41.20, 41.20,  0.00
  12448412,     0, 5,14:16:11,14:16:24,    13, 41.20, 41.20,  0.00
  12706621,  7030, 1,14:15:44,14:16:26,    42, 41.20, 30.30, 10.90
         0,     0, 1,14:16:34,14:16:44,    10, 30.30, 41.30,-11.00
  12448437,  6050, 3,14:18:30,14:19:05,    35, 46.00, 45.90,  0.10
  12448412,     0, 5,14:16:33,14:19:28,   175, 41.20, 26.60, 14.60
         0,     0, 5,14:19:37,14:19:49,    12, 26.60, 26.70, -0.10
  12448415,  6028, 4,14:19:15,14:21:18,   123, 43.40, 26.10, 17.30
         0,     0, 4,14:21:26,14:21:42,    16, 26.10, 43.20,-17.10
  12448437,  6050, 2,14:20:18,14:21:47,    89, 44.00, 35.50,  8.50
  12448437,  6050, 1,14:21:54,14:21:58,     4, 41.30, 41.30,  0.00
         0,     0, 2,14:21:55,14:22:02,     7, 35.50, 44.00, -8.50
  12706610,  7019, 4,14:22:09,14:22:11,     2, 43.20, 43.60, -0.40
  12200004,  5058, 1,14:37:07,14:38:35,    88, 41.30, 36.50,  4.80
         0,     0, 1,14:38:42,14:38:46,     4, 36.50, 41.20, -4.70
  12706610,  7019, 4,14:38:16,14:39:07,    51, 43.60, 28.70, 14.90
         0,     0, 4,14:39:16,14:39:30,    14, 28.70, 43.30,-14.60
  12200004,  5058, 2,14:39:15,14:39:42,    27, 44.00, 39.90,  4.10
         0,     0, 2,14:39:49,14:39:52,     3, 39.90, 44.00, -4.10
  12706610,  7019, 4,14:39:44,14:40:22,    38, 43.30, 37.80,  5.50
         0,     0, 4,14:40:31,14:40:36,     5, 37.80, 43.30, -5.50
  13008774,  8015, 4,14:43:58,14:44:41,    43, 43.50, 40.70,  2.80
         0,     0, 4,14:44:49,14:44:51,     2, 40.70, 43.30, -2.60
  12448398,  6011, 2,14:44:50,14:45:39,    49, 44.00, 40.40,  3.60
         0,     0, 2,14:45:46,14:45:48,     2, 40.40, 44.10, -3.70
  12448398,  6011, 1,14:45:53,14:45:58,     5, 41.30, 41.20,  0.10
  12448392,  6005, 2,14:46:08,14:47:17,    69, 44.10, 30.90, 13.20
  12448398,  6011, 1,14:46:10,14:47:20,    70, 41.20, 28.80, 12.40
         0,     0, 2,14:47:24,14:47:37,    13, 30.90, 44.00,-13.10
         0,     0, 1,14:47:27,14:47:39,    12, 28.80, 41.40,-12.60
  13008774,  8015, 4,14:46:53,14:48:47,   114, 43.30, 39.20,  4.10
         0,     0, 4,14:48:55,14:48:58,     3, 39.20, 43.20, -4.00
  12448482,     0, 7,14:55:30,14:55:32,     2, 41.10, 41.10,  0.00
  12448482,     0, 7,14:56:01,14:56:10,     9, 41.10, 41.10,  0.00
  12448482,     0, 8,14:56:32,14:56:35,     3, 41.10, 41.10,  0.00
  11724172,     0, 8,14:56:45,14:56:52,     7, 41.10, 41.10,  0.00
  12706727,     0, 7,14:58:11,14:58:21,    10, 41.10, 41.00,  0.10
  12706727,     0, 7,14:58:47,14:59:31,    44, 41.00, 38.20,  2.80
  12448412,     0, 5,14:57:55,14:59:35,   100, 41.10, 36.70,  4.40
         0,     0, 7,14:59:40,14:59:43,     3, 38.20, 41.10, -2.90
         0,     0, 5,14:59:43,14:59:47,     4, 36.70, 41.60, -4.90
  12448412,     0, 5,15:01:17,15:01:26,     9, 41.60, 40.50,  1.10
  12448412,     0, 5,15:02:18,15:02:29,    11, 40.50, 38.90,  1.60
         0,     0, 5,15:02:36,15:02:37,     1, 38.90, 41.50, -2.60
  12448472,     0, 8,15:04:42,15:06:20,    98, 41.10, 35.80,  5.30
         0,     0, 8,15:06:29,15:06:34,     5, 35.80, 41.20, -5.40
  12448472,     0, 7,15:06:26,15:06:39,    13, 41.10, 40.50,  0.60
  13323409,     0, 5,15:13:31,15:14:45,    74, 41.40, 33.20,  8.20
         0,     0, 5,15:14:52,15:14:58,     6, 33.20, 41.60, -8.40
  12706738,     0, 5,15:19:30,15:20:46,    76, 40.50, 32.70,  7.80
         0,     0, 5,15:20:54,15:21:01,     7, 32.70, 41.50, -8.80
  12448480,     0, 5,15:23:50,15:23:58,     8, 41.50, 41.50,  0.00
  11499231,     0, 7,15:26:50,15:27:49,    59, 40.50, 38.40,  2.10
         0,     0, 7,15:27:58,15:28:01,     3, 38.40, 41.10, -2.70
  12448440,     0, 7,15:29:51,15:30:03,    12, 41.10, 40.70,  0.40
  12448440,     0, 7,15:30:51,15:31:33,    42, 39.80, 38.40,  1.40
         0,     0, 7,15:31:42,15:31:46,     4, 38.40, 41.10, -2.70
  13323409,     0, 5,15:31:33,15:31:42,     9, 41.30, 41.30,  0.00
  12448480,     0, 5,15:32:00,15:32:24,    24, 41.20, 41.10,  0.10
  12199959,     0, 7,15:31:56,15:34:11,   135, 41.10, 31.60,  9.50
  12448480,     0, 5,15:34:02,15:34:13,    11, 23.30, 23.30,  0.00
         0,     0, 7,15:34:20,15:34:33,    13, 31.60, 41.10, -9.50
         0,     0, 5,15:34:20,15:34:36,    16, 23.30, 23.40, -0.10
  13323409,     0, 5,15:35:19,15:35:42,    23, 41.50, 40.70,  0.80
  13323409,     0, 5,15:36:52,15:37:50,    58, 40.60, 40.30,  0.30
  11724250,  3150, 3,15:37:21,15:38:18,    57, 46.00, 29.50, 16.50
         0,     0, 3,15:38:27,15:38:41,    14, 29.50, 29.50,  0.00
  13323409,     0, 5,15:39:42,15:39:43,     1, 40.10, 40.10,  0.00
  13323409,     0, 5,15:40:17,15:40:27,    10, 40.10, 39.80,  0.30
         0,     0, 5,15:40:34,15:40:34,     0, 39.80, 41.30, -1.50
  12199951,  5005, 4,15:40:04,15:43:20,   196, 43.30, 26.80, 16.50
         0,     0, 4,15:43:28,15:43:43,    15, 26.80, 43.20,-16.40
  12200091,  5145, 1,15:42:39,15:44:26,   107, 41.40, 39.90,  1.50
         0,     0, 1,15:44:34,15:44:34,     0, 39.90, 41.10, -1.20
  12706727,     0, 7,15:44:40,15:45:07,    27, 41.10, 38.20,  2.90
         0,     0, 7,15:45:15,15:45:18,     3, 38.20, 41.10, -2.90
  12706656,  7065, 2,15:44:40,15:45:43,    63, 43.80, 31.00, 12.80
  12200085,  5139, 1,15:45:42,15:45:45,     3, 41.10, 41.10,  0.00
  12706609,  7018, 4,15:44:38,15:45:49,    71, 43.60, 28.50, 15.10
         0,     0, 2,15:45:51,15:46:04,    13, 31.00, 44.00,-13.00
         0,     0, 4,15:45:57,15:46:11,    14, 28.50, 43.30,-14.80
  12706727,     0, 7,15:45:57,15:46:16,    19, 41.10, 38.20,  2.90
         0,     0, 7,15:46:24,15:46:27,     3, 38.20, 41.10, -2.90
  12200091,  5145, 2,15:46:24,15:46:37,    13, 44.00, 42.20,  1.80
  12200085,  5139, 1,15:48:01,15:48:11,    10, 41.10, 41.00,  0.10
  12200079,  5133, 2,15:48:11,15:48:14,     3, 42.20, 42.20,  0.00
  12200091,  5145, 4,15:48:11,15:49:33,    82, 43.40, 26.50, 16.90
  12200085,  5139, 2,15:48:25,15:49:37,    72, 42.20, 24.50, 17.70
         0,     0, 4,15:49:41,15:49:57,    16, 26.50, 43.30,-16.80
         0,     0, 2,15:49:45,15:50:04,    19, 24.50, 44.10,-19.60
  12200079,  5133, 2,15:50:14,15:50:20,     6, 44.10, 43.90,  0.20
  11499184,  2074, 3,15:50:06,15:50:47,    41, 46.10, 37.50,  8.60
         0,     0, 3,15:50:55,15:51:02,     7, 37.50, 46.20, -8.70
  12200079,  5133, 1,15:51:07,15:51:13,     6, 41.00, 41.00,  0.00
  12200085,  5139, 2,15:50:54,15:51:24,    30, 43.90, 36.90,  7.00
         0,     0, 2,15:51:32,15:51:38,     6, 36.90, 44.10, -7.20
  12706630,  7039, 3,15:51:40,15:51:47,     7, 46.20, 46.10,  0.10
  12706705,     0, 8,15:49:07,15:52:13,   186, 41.10, 29.10, 12.00
         0,     0, 8,15:52:22,15:52:34,    12, 29.10, 41.20,-12.10
  12706707,     0, 7,15:52:52,15:53:22,    30, 41.20, 37.20,  4.00
         0,     0, 7,15:53:30,15:53:34,     4, 37.20, 41.10, -3.90
  12200079,  5133, 2,15:51:48,15:53:48,   120, 44.10, 15.30, 28.80
  12448420,  6033, 3,15:53:57,15:54:04,     7, 46.20, 46.10,  0.10
  12706630,  7039, 4,15:51:50,15:54:04,   134, 43.60, 27.90, 15.70
         0,     0, 2,15:53:56,15:54:25,    29, 15.30, 44.00,-28.70
         0,     0, 4,15:54:11,15:54:26,    15, 27.90, 43.20,-15.30
  12448472,     0, 7,15:54:15,15:54:59,    44, 41.10, 40.90,  0.20
  12448420,  6033, 4,15:54:36,15:56:46,   130, 43.40, 29.30, 14.10
         0,     0, 4,15:56:54,15:57:07,    13, 29.30, 43.20,-13.90
  12448440,     0, 7,15:57:10,15:58:02,    52, 40.90, 39.10,  1.80
         0,     0, 7,15:58:11,15:58:13,     2, 39.10, 41.20, -2.10
  12448440,     0, 7,15:58:24,15:58:41,    17, 41.20, 40.70,  0.50
  12706615,  7024, 1,15:59:32,16:00:35,    63, 41.00, 40.70,  0.30
  12200086,  5140, 4,15:57:50,16:00:57,   187, 43.20, 20.40, 22.80
         0,     0, 4,16:01:05,16:01:30,    25, 20.40, 43.10,-22.70
  11499117,  2007, 3,16:01:33,16:02:04,    31, 46.30, 37.30,  9.00
         0,     0, 3,16:02:11,16:02:18,     7, 37.30, 37.20,  0.10
  12706615,  7024, 2,16:00:39,16:02:31,   112, 44.10, 21.40, 22.70
         0,     0, 2,16:02:39,16:03:01,    22, 21.40, 44.00,-22.60
  12448521,  6134, 1,16:01:15,16:03:20,   125, 40.70, 26.30, 14.40
  12706613,  7022, 2,16:03:11,16:03:32,    21, 44.20, 44.00,  0.20
  13008774,  8015, 3,16:03:29,16:03:32,     3, 46.20, 46.20,  0.00
  12200083,  5137, 4,16:02:32,16:03:35,    63, 43.10, 28.60, 14.50
         0,     0, 1,16:03:29,16:03:43,    14, 26.30, 41.40,-15.10
         0,     0, 4,16:03:44,16:03:58,    14, 28.60, 43.20,-14.60
  11499117,  2007, 2,16:03:42,16:04:45,    63, 44.10, 33.60, 10.50
         0,     0, 2,16:04:53,16:05:02,     9, 33.60, 44.00,-10.40
  12706613,  7022, 1,16:03:53,16:05:12,    79, 41.40, 26.20, 15.20
         0,     0, 1,16:05:20,16:05:34,    14, 26.20, 41.30,-15.10
  12448408,  6021, 3,16:06:20,16:06:29,     9, 46.30, 46.10,  0.20
  12706613,  7022, 1,16:05:44,16:06:39,    55, 41.30, 32.00,  9.30
  13008774,  8015, 4,16:05:13,16:06:48,    95, 43.30, 35.90,  7.40
         0,     0, 1,16:06:48,16:06:56,     8, 32.00, 41.30, -9.30
         0,     0, 4,16:06:57,16:07:04,     7, 35.90, 35.90,  0.00
  12448517,  6130, 3,16:07:18,16:07:29,    11, 46.30, 46.10,  0.20
  12706613,  7022, 1,16:07:19,16:07:34,    15, 41.30, 39.30,  2.00
  12706624,  7033, 2,16:07:34,16:07:38,     4, 44.00, 44.00,  0.00
         0,     0, 1,16:07:43,16:07:44,     1, 39.30, 41.30, -2.00
  13008738,  7159, 3,16:07:42,16:07:51,     9, 46.00, 46.10, -0.10
  12448518,  6131, 3,16:08:17,16:08:50,    33, 46.20, 46.30, -0.10
  12706624,  7033, 1,16:08:42,16:08:54,    12, 41.30, 41.20,  0.10
  12448408,  6021, 4,16:07:14,16:09:13,   119, 43.20, 20.30, 22.90
         0,     0, 4,16:09:22,16:09:43,    21, 20.30, 43.60,-23.30
  12448417,  6030, 1,16:09:30,16:10:24,    54, 41.20, 27.40, 13.80
         0,     0, 1,16:10:32,16:10:45,    13, 27.40, 41.30,-13.90
  12706624,  7033, 2,16:08:59,16:11:14,   135, 44.00, 24.10, 19.90
         0,     0, 2,16:11:21,16:11:41,    20, 24.10, 44.00,-19.90
  12448518,  6131, 4,16:09:53,16:11:50,   117, 43.40, 21.00, 22.40
         0,     0, 4,16:11:58,16:12:19,    21, 21.00, 43.20,-22.20
  12200081,  5135, 2,16:13:02,16:14:42,   100, 44.00, 24.20, 19.80
         0,     0, 2,16:14:50,16:15:09,    19, 24.20, 44.00,-19.80
  11954042,  4072, 2,16:15:19,16:15:22,     3, 44.00, 44.10, -0.10
  13008738,  7159, 1,16:14:01,16:15:25,    84, 41.30, 40.60,  0.70
  13008738,  7159, 2,16:15:34,16:17:33,   119, 44.10, 22.70, 21.40
  11954042,  4072, 1,16:16:08,16:17:43,    95, 40.60, 23.80, 16.80
         0,     0, 2,16:17:42,16:18:04,    22, 22.70, 44.10,-21.40
         0,     0, 1,16:17:52,16:18:09,    17, 23.80, 41.30,-17.50
  12706634,  7043, 3,16:17:49,16:18:55,    66, 46.30, 35.80, 10.50
  12706609,  7018, 2,16:18:23,16:19:07,    44, 44.10, 36.70,  7.40
         0,     0, 3,16:19:04,16:19:12,     8, 35.80, 36.20, -0.40
         0,     0, 2,16:19:15,16:19:21,     6, 36.70, 44.10, -7.40
  12199987,  5041, 4,16:17:46,16:20:13,   147, 43.50, 27.80, 15.70
         0,     0, 4,16:20:21,16:20:35,    14, 27.80, 43.20,-15.40
  12706737,  7146, 3,16:21:35,16:21:40,     5, 45.90, 46.00, -0.10
  12448517,  6130, 4,16:21:25,16:21:55,    30, 43.40, 39.10,  4.30
         0,     0, 4,16:22:03,16:22:07,     4, 39.10, 43.10, -4.00
  12199959,     0, 7,16:21:11,16:22:09,    58, 40.70, 39.90,  0.80
         0,     0, 7,16:22:17,16:22:17,     0, 39.90, 40.90, -1.00
  12448517,  6130, 4,16:22:17,16:23:20,    63, 43.10, 27.50, 15.60
         0,     0, 4,16:23:28,16:23:43,    15, 27.50, 27.50,  0.00
  12200083,  5137, 2,16:23:25,16:24:21,    56, 44.10, 32.00, 12.10
         0,     0, 2,16:24:29,16:24:40,    11, 32.00, 44.00,-12.00
  11724217,  3117, 3,16:24:35,16:24:56,    21, 46.00, 45.90,  0.10
  11724217,  3117, 4,16:25:01,16:27:00,   119, 43.50, 17.70, 25.80
         0,     0, 4,16:27:08,16:27:32,    24, 17.70, 43.50,-25.80
  11724167,  3067, 2,16:26:46,16:27:40,    54, 44.20, 26.50, 17.70
         0,     0, 2,16:27:49,16:28:06,    17, 26.50, 44.10,-17.60
  12448516,  6129, 4,16:27:42,16:29:17,    95, 43.40, 20.00, 23.40
  12706737,  7146, 2,16:28:16,16:29:31,    75, 44.20, 32.00, 12.20
         0,     0, 4,16:29:26,16:29:48,    22, 20.00, 43.20,-23.20
         0,     0, 2,16:29:39,16:29:51,    12, 32.00, 44.10,-12.10
  12706737,  7146, 1,16:29:49,16:30:15,    26, 41.30, 37.20,  4.10
         0,     0, 1,16:30:23,16:30:26,     3, 37.20, 41.30, -4.10
  12200062,  1556, 5,16:29:39,16:31:20,   101, 40.90, 28.00, 12.90
         0,     0, 5,16:31:29,16:31:40,    11, 28.00, 41.60,-13.60
  12448415,  6028, 2,16:30:01,16:32:32,   151, 44.20, 24.70, 19.50
  12706614,  7023, 1,16:30:36,16:32:38,   122, 41.30, 20.00, 21.30
         0,     0, 2,16:32:40,16:33:03,    23, 24.70, 43.90,-19.20
         0,     0, 1,16:32:46,16:33:11,    25, 20.00, 41.20,-21.20
  12706620,  7029, 4,16:31:48,16:33:35,   107, 43.40, 33.30, 10.10
         0,     0, 4,16:33:43,16:33:53,    10, 33.30, 43.10, -9.80
  12706620,  7029, 2,16:35:42,16:36:15,    33, 43.90, 42.80,  1.10
  12199959,     0, 8,16:34:01,16:37:19,   198, 40.40, 34.50,  5.90
         0,     0, 8,16:37:28,16:37:34,     6, 34.50, 41.30, -6.80
  12706642,  7051, 4,16:40:24,16:41:11,    47, 43.10, 37.30,  5.80
         0,     0, 4,16:41:18,16:41:23,     5, 37.30, 43.20, -5.90
  12448408,  6021, 4,16:42:00,16:42:48,    48, 43.40, 27.60, 15.80
         0,     0, 4,16:42:55,16:43:10,    15, 27.60, 43.30,-15.70
  12448420,  6033, 1,16:42:44,16:44:30,   106, 41.20, 32.50,  8.70
         0,     0, 1,16:44:37,16:44:45,     8, 32.50, 41.30, -8.80
  12706707,     0, 7,16:46:06,16:47:31,    85, 40.90, 35.40,  5.50
         0,     0, 7,16:47:39,16:47:46,     7, 35.40, 41.10, -5.70
  11499184,  2074, 2,16:48:53,16:49:26,    33, 42.70, 31.20, 11.50
         0,     0, 2,16:49:34,16:49:46,    12, 31.20, 44.20,-13.00
  12200079,  5133, 2,16:49:56,16:51:25,    89, 44.20, 24.30, 19.90
         0,     0, 2,16:51:34,16:51:53,    19, 24.30, 44.00,-19.70
  12448518,  6131, 2,16:52:03,16:53:47,   104, 44.10, 29.70, 14.40
         0,     0, 2,16:53:55,16:54:09,    14, 29.70, 44.10,-14.40
  12706628,  7037, 1,16:52:20,16:54:11,   111, 41.30, 26.30, 15.00
         0,     0, 1,16:54:19,16:54:33,    14, 26.30, 41.40,-15.10
  12448472,     0, 7,16:54:52,16:56:25,    93, 41.10, 37.70,  3.40
         0,     0, 7,16:56:34,16:56:38,     4, 37.70, 41.10, -3.40
  12706642,  7051, 2,16:57:16,16:57:55,    39, 44.10, 35.70,  8.40
         0,     0, 2,16:58:03,16:58:10,     7, 35.70, 44.10, -8.40
  12706737,  7146, 1,16:58:42,17:01:44,   182, 41.40, 34.10,  7.30
         0,     0, 1,17:01:52,17:01:58,     6, 34.10, 41.30, -7.20
  11499184,  2074, 1,17:05:14,17:05:42,    28, 41.30, 32.30,  9.00
         0,     0, 1,17:05:49,17:05:57,     8, 32.30, 41.20, -8.90
  12706610,  7019, 2,17:05:00,17:05:56,    56, 44.00, 27.30, 16.70
         0,     0, 2,17:06:04,17:06:20,    16, 27.30, 44.00,-16.70
  12706651,     0, 7,17:06:58,17:06:59,     1, 41.10, 41.10,  0.00
  12706634,  7043, 1,17:07:34,17:08:51,    77, 41.20, 27.70, 13.50
         0,     0, 1,17:08:58,17:09:10,    12, 27.70, 41.40,-13.70
  11724217,  3117, 3,17:09:31,17:09:39,     8, 46.00, 45.90,  0.10
  11724217,  3117, 4,17:09:44,17:10:55,    71, 43.40, 25.80, 17.60
         0,     0, 4,17:11:02,17:11:19,    17, 25.80, 43.30,-17.50
  12199987,  5041, 1,17:11:13,17:13:44,   151, 41.40, 29.20, 12.20
         0,     0, 1,17:13:52,17:14:03,    11, 29.20, 41.30,-12.10
  12706628,  7037, 2,17:16:44,17:16:53,     9, 44.00, 43.30,  0.70
  12706642,  7051, 1,17:16:58,17:17:16,    18, 41.30, 36.70,  4.60
         0,     0, 1,17:17:23,17:17:27,     4, 36.70, 41.30, -4.60
  12448519,     0, 5,17:21:21,17:22:27,    66, 40.60, 26.10, 14.50
         0,     0, 5,17:22:34,17:22:47,    13, 26.10, 41.60,-15.50
  12200062,  1556, 5,17:23:26,17:24:35,    69, 41.60, 35.80,  5.80
         0,     0, 5,17:24:43,17:24:47,     4, 35.80, 35.80,  0.00
  12200062,  1556, 5,17:25:13,17:25:14,     1, 37.60, 37.60,  0.00
         0,     0, 5,17:25:22,17:25:24,     2, 37.60, 41.60, -4.00
  12706651,     0, 8,17:27:10,17:27:23,    13, 40.80, 40.30,  0.50
  12448412,     0, 5,17:28:28,17:28:32,     4, 41.50, 41.50,  0.00
  12706651,     0, 7,17:27:54,17:28:48,    54, 41.10, 35.90,  5.20
         0,     0, 7,17:28:56,17:29:02,     6, 35.90, 41.10, -5.20
  12706651,     0, 8,17:28:56,17:29:05,     9, 40.20, 39.30,  0.90
         0,     0, 8,17:29:13,17:29:14,     1, 39.30, 41.20, -1.90
  12448412,     0, 5,17:28:58,17:30:52,   114, 41.40, 28.40, 13.00
  12706618,  7027, 2,17:29:59,17:31:02,    63, 43.30, 32.30, 11.00
         0,     0, 5,17:31:00,17:31:11,    11, 28.40, 28.50, -0.10
         0,     0, 2,17:31:10,17:31:21,    11, 32.30, 44.00,-11.70
  12448472,     0, 8,17:31:42,17:31:43,     1, 41.20, 41.20,  0.00
  12448440,     0, 7,17:31:00,17:31:45,    45, 41.20, 39.80,  1.40
         0,     0, 7,17:31:54,17:31:55,     1, 39.80, 41.00, -1.20
  12448472,     0, 8,17:32:03,17:32:54,    51, 41.20, 38.00,  3.20
         0,     0, 8,17:33:01,17:33:04,     3, 38.00, 41.20, -3.20
  12448521,  6134, 1,17:32:05,17:33:22,    77, 41.30, 25.20, 16.10
         0,     0, 1,17:33:30,17:33:45,    15, 25.20, 41.30,-16.10
  12706705,     0, 7,17:35:41,17:35:44,     3, 41.00, 41.00,  0.00
  12706705,     0, 8,17:36:09,17:37:51,   102, 40.30, 30.30, 10.00
         0,     0, 8,17:37:59,17:38:11,    12, 30.30, 41.20,-10.90
  12706628,  7037, 4,17:39:09,17:40:22,    73, 43.60, 33.40, 10.20
         0,     0, 4,17:40:30,17:40:39,     9, 33.40, 43.20, -9.80
  12706628,  7037, 4,17:41:00,17:41:26,    26, 43.20, 40.20,  3.00
         0,     0, 4,17:41:34,17:41:36,     2, 40.20, 43.20, -3.00
  12706628,  7037, 3,17:41:42,17:41:48,     6, 45.90, 45.90,  0.00
  11724172,     0, 7,17:41:53,17:42:00,     7, 41.00, 41.00,  0.00
  12448482,     0, 7,17:42:19,17:44:20,   121, 41.00, 40.70,  0.30
  12706651,     0, 7,17:44:30,17:44:32,     2, 40.70, 40.70,  0.00
  12706651,     0, 8,17:45:08,17:45:49,    41, 41.20, 36.30,  4.90
         0,     0, 8,17:45:57,17:46:01,     4, 36.30, 41.20, -4.90
  12448398,  6011, 1,17:46:25,17:47:41,    76, 41.30, 22.80, 18.50
         0,     0, 1,17:47:48,17:48:06,    18, 22.80, 41.30,-18.50
  12448482,     0, 7,17:44:51,17:48:07,   196, 40.60, 34.30,  6.30
         0,     0, 7,17:48:15,17:48:23,     8, 34.30, 41.10, -6.80
  12706624,  7033, 2,17:49:03,17:49:44,    41, 43.90, 43.10,  0.80
  12706624,  7033, 2,17:50:04,17:50:53,    49, 43.10, 40.00,  3.10
         0,     0, 2,17:51:00,17:51:03,     3, 40.00, 44.00, -4.00
  12448440,     0, 7,17:51:42,17:52:53,    71, 41.10, 38.50,  2.60
         0,     0, 7,17:53:01,17:53:04,     3, 38.50, 41.10, -2.60
  12200004,  5058, 3,17:57:54,17:58:04,    10, 45.90, 45.20,  0.70
  12706618,  7027, 2,17:58:48,17:59:40,    52, 44.00, 33.10, 10.90
         0,     0, 2,17:59:48,17:59:58,    10, 33.10, 44.10,-11.00
  12448417,  6030, 4,17:59:43,18:00:41,    58, 43.30, 31.40, 11.90
  12706634,  7043, 1,17:57:25,18:00:52,   207, 41.30, 38.80,  2.50
         0,     0, 4,18:00:49,18:01:00,    11, 31.40, 43.20,-11.80
         0,     0, 1,18:01:00,18:01:01,     1, 38.80, 41.30, -2.50
  12706634,  7043, 1,18:01:25,18:01:44,    19, 41.30, 39.90,  1.40
         0,     0, 1,18:01:52,18:01:52,     0, 39.90, 41.10, -1.20
  12706634,  7043, 2,18:02:21,18:02:27,     6, 44.00, 44.00,  0.00
  12200004,  5058, 3,18:03:27,18:04:12,    45, 45.20, 40.70,  4.50
         0,     0, 3,18:04:20,18:04:24,     4, 40.70, 40.50,  0.20
  13323409,     0, 5,18:04:45,18:04:47,     2, 40.20, 40.20,  0.00
  12200004,  5058, 4,18:04:26,18:04:48,    22, 43.50, 39.40,  4.10
         0,     0, 4,18:04:56,18:04:59,     3, 39.40, 43.20, -3.80
  13323409,     0, 5,18:05:17,18:05:35,    18, 38.60, 34.00,  4.60
         0,     0, 5,18:05:43,18:05:49,     6, 34.00, 34.10, -0.10
  12706624,  7033, 2,18:06:19,18:06:27,     8, 44.00, 44.00,  0.00
  12706624,  7033, 1,18:06:59,18:07:49,    50, 41.10, 38.70,  2.40
         0,     0, 1,18:07:56,18:07:58,     2, 38.70, 41.40, -2.70
  12706628,  7037, 2,18:06:49,18:08:08,    79, 44.00, 37.20,  6.80
  12706727,     0, 8,18:07:48,18:08:18,    30, 41.10, 35.80,  5.30
         0,     0, 2,18:08:16,18:08:22,     6, 37.20, 44.10, -6.90
         0,     0, 8,18:08:25,18:08:30,     5, 35.80, 41.30, -5.50
  12706628,  7037, 2,18:08:33,18:08:54,    21, 44.00, 43.00,  1.00
  12706628,  7037, 2,18:09:11,18:10:41,    90, 43.00, 41.50,  1.50
  12706601,  7010, 4,18:08:47,18:10:45,   118, 43.20, 28.60, 14.60
  11499117,  2007, 3,18:09:34,18:10:47,    73, 46.20, 27.20, 19.00
         0,     0, 2,18:10:50,18:10:51,     1, 41.50, 44.10, -2.60
         0,     0, 4,18:10:53,18:11:08,    15, 28.60, 43.20,-14.60
         0,     0, 3,18:10:55,18:11:11,    16, 27.20, 27.10,  0.10
  12200086,  5140, 4,18:12:28,18:15:23,   175, 43.30, 32.90, 10.40
  12448392,  6005, 2,18:14:15,18:15:27,    72, 44.00, 30.00, 14.00
         0,     0, 4,18:15:30,18:15:40,    10, 32.90, 43.10,-10.20
         0,     0, 2,18:15:35,18:15:48,    13, 30.00, 44.10,-14.10
  11499231,     0, 8,18:15:20,18:17:01,   101, 41.30, 28.70, 12.60
         0,     0, 8,18:17:09,18:17:24,    15, 28.70, 40.60,-11.90
  11499231,     0, 8,18:17:53,18:17:55,     2, 37.30, 37.40, -0.10
         0,     0, 8,18:18:02,18:18:05,     3, 37.40, 41.20, -3.80
  12706614,  7023, 1,18:16:36,18:18:07,    91, 41.40, 26.30, 15.10
         0,     0, 1,18:18:14,18:18:28,    14, 26.30, 41.20,-14.90
  11499231,     0, 7,18:18:01,18:18:32,    31, 41.10, 38.20,  2.90
         0,     0, 7,18:18:40,18:18:43,     3, 38.20, 41.10, -2.90
  13323409,     0, 5,18:19:47,18:20:09,    22, 28.60, 28.50,  0.10
         0,     0, 5,18:20:16,18:20:27,    11, 28.50, 41.60,-13.10
  12448420,  6033, 2,18:21:09,18:22:36,    87, 44.00, 34.30,  9.70
         0,     0, 2,18:22:43,18:22:52,     9, 34.30, 44.10, -9.80
  12706621,  7030, 2,18:24:59,18:26:40,   101, 44.10, 22.10, 22.00
         0,     0, 2,18:26:48,18:27:09,    21, 22.10, 44.10,-22.00
  12706651,     0, 8,18:29:16,18:29:18,     2, 41.20, 41.20,  0.00
  12200004,  5058, 2,18:29:35,18:30:24,    49, 44.10, 36.30,  7.80
         0,     0, 2,18:30:31,18:30:38,     7, 36.30, 44.10, -7.80
  21268732,  6126, 3,18:32:48,18:32:55,     7, 46.10, 46.20, -0.10
  12199951,  5005, 4,18:31:44,18:34:21,   157, 43.00, 30.20, 12.80
         0,     0, 4,18:34:29,18:34:41,    12, 30.20, 43.20,-13.00
  13008842,     0, 8,18:35:23,18:35:43,    20, 41.20, 40.00,  1.20
  12448420,  6033, 3,18:36:05,18:37:09,    64, 46.20, 40.70,  5.50
         0,     0, 3,18:37:17,18:37:21,     4, 40.70, 46.30, -5.60
  12448417,  6030, 2,18:37:04,18:38:08,    64, 44.10, 33.20, 10.90
         0,     0, 2,18:38:17,18:38:27,    10, 33.20, 44.00,-10.80
  11724250,  3150, 4,18:39:01,18:39:54,    53, 44.10, 27.50, 16.60
  12706610,  7019, 2,18:38:59,18:40:04,    65, 44.00, 31.50, 12.50
         0,     0, 4,18:40:01,18:40:16,    15, 27.50, 43.30,-15.80
         0,     0, 2,18:40:11,18:40:23,    12, 31.50, 44.00,-12.50
  11953971,  4001, 3,18:40:20,18:40:33,    13, 46.30, 46.10,  0.20
  11953971,  4001, 4,18:40:39,18:42:08,    89, 43.30, 21.10, 22.20
  11954042,  4072, 2,18:41:34,18:42:19,    45, 44.00, 43.40,  0.60
  11954042,  4072, 2,18:42:29,18:42:31,     2, 43.40, 43.40,  0.00
         0,     0, 4,18:42:16,18:42:37,    21, 21.10, 43.30,-22.20
  11724250,  3150, 3,18:42:35,18:43:22,    47, 46.20, 33.70, 12.50
         0,     0, 3,18:43:29,18:43:39,    10, 33.70, 33.60,  0.10
  12706618,  7027, 1,18:43:10,18:44:05,    55, 41.20, 33.50,  7.70
         0,     0, 1,18:44:14,18:44:21,     7, 33.50, 41.30, -7.80
  11954042,  4072, 2,18:42:41,18:44:23,   102, 43.40, 23.20, 20.20
         0,     0, 2,18:44:31,18:44:51,    20, 23.20, 44.10,-20.90
  12199959,     0, 7,18:47:07,18:47:10,     3, 40.90, 40.90,  0.00
  12199959,     0, 7,18:47:21,18:47:40,    19, 40.30, 39.90,  0.40
         0,     0, 7,18:47:49,18:47:50,     1, 39.90, 41.00, -1.10
  12199959,     0, 7,18:48:04,18:48:09,     5, 41.00, 40.60,  0.40
  13008842,     0, 7,18:50:51,18:50:55,     4, 40.60, 40.60,  0.00
  13008774,  8015, 2,18:49:01,18:50:57,   116, 44.10, 30.00, 14.10
  13008738,  7159, 1,18:49:16,18:51:04,   108, 41.30, 33.90,  7.40
         0,     0, 2,18:51:06,18:51:19,    13, 30.00, 44.00,-14.00
         0,     0, 1,18:51:12,18:51:19,     7, 33.90, 41.30, -7.40
  13008738,  7159, 2,18:51:29,18:51:30,     1, 43.90, 43.90,  0.00
  12706613,  7022, 4,18:50:18,18:51:38,    80, 43.40, 36.90,  6.50
         0,     0, 4,18:51:45,18:51:51,     6, 36.90, 43.20, -6.30
  13008738,  7159, 2,18:51:41,18:52:24,    43, 43.90, 37.60,  6.30
         0,     0, 2,18:52:33,18:52:38,     5, 37.60, 44.10, -6.50
  12448482,     0, 7,18:52:00,18:52:36,    36, 40.60, 40.50,  0.10
  12706609,  7018, 4,18:52:07,18:52:38,    31, 43.20, 37.70,  5.50
         0,     0, 4,18:52:46,18:52:51,     5, 37.70, 43.30, -5.60
  13323412,     0, 5,18:53:23,18:53:41,    18, 41.20, 41.00,  0.20
  12200091,  5145, 2,18:52:48,18:53:49,    61, 44.10, 29.10, 15.00
         0,     0, 2,18:53:58,18:54:12,    14, 29.10, 44.10,-15.00
  13323412,     0, 5,18:54:09,18:54:10,     1, 40.70, 40.70,  0.00
  12448472,     0, 7,18:53:08,18:54:24,    76, 40.40, 36.10,  4.30
         0,     0, 7,18:54:33,18:54:39,     6, 36.10, 41.10, -5.00
  12200004,  5058, 3,18:54:35,18:54:47,    12, 46.30, 45.70,  0.60
         0,     0, 5,18:54:53,18:54:53,     0, 39.80, 41.30, -1.50
  12706615,  7024, 4,18:58:33,18:59:04,    31, 43.40, 43.10,  0.30
  12199987,  5041, 2,18:56:54,18:59:23,   149, 44.10, 32.10, 12.00
         0,     0, 2,18:59:31,18:59:42,    11, 32.10, 44.10,-12.00
  11724167,  3067, 4,18:59:15,19:00:24,    69, 43.10, 22.10, 21.00
  12706615,  7024, 3,18:59:07,19:00:36,    89, 45.70, 27.30, 18.40
         0,     0, 4,19:00:32,19:00:52,    20, 22.10, 43.20,-21.10
         0,     0, 3,19:00:44,19:01:00,    16, 27.30, 27.10,  0.20
  12200079,  5133, 2,19:01:03,19:02:27,    84, 44.10, 25.50, 18.60
         0,     0, 2,19:02:36,19:02:54,    18, 25.50, 44.10,-18.60
  12200004,  5058, 3,19:06:15,19:07:20,    65, 45.80, 41.80,  4.00
         0,     0, 3,19:07:28,19:07:31,     3, 41.80, 46.30, -4.50
  12706621,  7030, 2,19:07:09,19:08:17,    68, 44.10, 34.80,  9.30
         0,     0, 2,19:08:25,19:08:33,     8, 34.80, 44.00, -9.20
  13008906,     0, 7,19:08:32,19:08:33,     1, 35.30, 35.30,  0.00
  12448516,  6129, 1,19:07:36,19:08:34,    58, 41.30, 24.40, 16.90
         0,     0, 7,19:08:41,19:08:48,     7, 35.30, 41.00, -5.70
         0,     0, 1,19:08:42,19:08:58,    16, 24.40, 41.30,-16.90
  12448420,  6033, 4,19:08:37,19:09:52,    75, 43.40, 38.30,  5.10
         0,     0, 4,19:09:59,19:10:03,     4, 38.30, 43.20, -4.90
  13008774,  8015, 2,19:10:16,19:11:43,    87, 44.00, 40.30,  3.70
         0,     0, 2,19:11:51,19:11:53,     2, 40.30, 44.10, -3.80
  13008774,  8015, 1,19:11:57,19:12:33,    36, 41.30, 36.60,  4.70
         0,     0, 1,19:12:41,19:12:45,     4, 36.60, 41.40, -4.80
  12200004,  5058, 3,19:12:45,19:14:15,    90, 46.30, 43.30,  3.00
         0,     0, 3,19:14:23,19:14:24,     1, 43.30, 46.40, -3.10
  12448415,  6028, 4,19:13:10,19:14:42,    92, 43.20, 26.70, 16.50
         0,     0, 4,19:14:50,19:15:06,    16, 26.70, 43.30,-16.60
  12706609,  7018, 4,19:15:35,19:16:09,    34, 43.30, 34.70,  8.60
  12199951,  5005, 3,19:16:09,19:16:14,     5, 46.40, 46.40,  0.00
         0,     0, 4,19:16:17,19:16:25,     8, 34.70, 34.60,  0.10
  12706707,     0, 8,19:17:26,19:17:29,     3, 36.80, 36.80,  0.00
  12448518,  6131, 2,19:16:48,19:17:32,    44, 44.10, 31.80, 12.30
         0,     0, 8,19:17:37,19:17:41,     4, 36.80, 41.20, -4.40
         0,     0, 2,19:17:39,19:17:50,    11, 31.80, 44.00,-12.20
  12706738,     0, 5,19:17:00,19:18:17,    77, 28.60, 18.40, 10.20
         0,     0, 5,19:18:24,19:18:44,    20, 18.40, 41.60,-23.20
  21268732,  6126, 1,19:18:36,19:19:14,    38, 41.30, 39.50,  1.80
         0,     0, 1,19:19:23,19:19:23,     0, 39.50, 40.90, -1.40
  12706727,     0, 7,19:18:58,19:19:39,    41, 41.00, 35.90,  5.10
  12199951,  5005, 4,19:16:35,19:19:45,   190, 43.30, 33.70,  9.60
         0,     0, 7,19:19:48,19:19:54,     6, 35.90, 41.00, -5.10
  11954042,  4072, 1,19:19:33,19:19:58,    25, 40.90, 39.70,  1.20
         0,     0, 4,19:19:53,19:20:02,     9, 33.70, 43.20, -9.50
         0,     0, 1,19:20:06,19:20:07,     1, 39.70, 41.30, -1.60
  12706656,  7065, 3,19:18:50,19:20:24,    94, 46.40, 33.80, 12.60
         0,     0, 3,19:20:33,19:20:42,     9, 33.80, 33.70,  0.10
  11954042,  4072, 2,19:20:26,19:21:02,    36, 44.00, 39.30,  4.70
         0,     0, 2,19:21:10,19:21:13,     3, 39.30, 44.00, -4.70
  12448521,  6134, 1,19:20:30,19:22:14,   104, 41.30, 23.80, 17.50
         0,     0, 1,19:22:21,19:22:37,    16, 23.80, 41.30,-17.50
  11953971,  4001, 2,19:22:31,19:22:40,     9, 44.10, 44.00,  0.10
  12199959,     0, 7,19:21:21,19:23:09,   108, 41.10, 35.00,  6.10
         0,     0, 7,19:23:17,19:23:25,     8, 35.00, 41.10, -6.10
  13323409,     0, 5,19:23:45,19:24:32,    47, 41.50, 36.80,  4.70
         0,     0, 5,19:24:40,19:24:43,     3, 36.80, 41.60, -4.80
  12706737,  7146, 2,19:22:50,19:24:42,   112, 44.00, 35.50,  8.50
         0,     0, 2,19:24:50,19:24:57,     7, 35.50, 44.10, -8.60
  13323409,     0, 5,19:24:55,19:24:56,     1, 41.50, 41.60, -0.10
  12706737,  7146, 1,19:24:49,19:25:46,    57, 41.30, 38.50,  2.80
         0,     0, 1,19:25:54,19:25:56,     2, 38.50, 41.30, -2.80
  11953971,  4001, 2,19:25:07,19:26:14,    67, 44.20, 27.40, 16.80
         0,     0, 2,19:26:22,19:26:37,    15, 27.40, 44.10,-16.70
  11724250,  3150, 1,19:27:56,19:28:18,    22, 41.30, 38.40,  2.90
         0,     0, 1,19:28:26,19:28:28,     2, 38.40, 41.40, -3.00
  12448517,  6130, 4,19:28:18,19:29:57,    99, 43.60, 33.20, 10.40
         0,     0, 4,19:30:06,19:30:15,     9, 33.20, 43.30,-10.10
  11724250,  3150, 1,19:29:51,19:30:28,    37, 41.40, 37.70,  3.70
         0,     0, 1,19:30:36,19:30:38,     2, 37.70, 41.30, -3.60
  12706620,  7029, 2,19:30:16,19:31:05,    49, 44.10, 36.90,  7.20
         0,     0, 2,19:31:14,19:31:20,     6, 36.90, 44.10, -7.20
  12706656,  7065, 4,19:32:10,19:33:00,    50, 43.50, 37.50,  6.00
         0,     0, 4,19:33:08,19:33:13,     5, 37.50, 43.20, -5.70
  12200091,  5145, 3,19:33:58,19:34:26,    28, 46.00, 44.90,  1.10
  12200091,  5145, 3,19:34:42,19:35:44,    62, 44.90, 40.70,  4.20
         0,     0, 3,19:35:52,19:35:55,     3, 40.70, 40.70,  0.00
  12706613,  7022, 4,19:34:36,19:36:04,    88, 43.40, 37.30,  6.10
         0,     0, 4,19:36:11,19:36:16,     5, 37.30, 43.60, -6.30
  12200085,  5139, 4,19:39:51,19:40:28,    37, 43.60, 39.80,  3.80
         0,     0, 4,19:40:35,19:40:38,     3, 39.80, 43.10, -3.30
  12706628,  7037, 2,19:43:00,19:44:44,   104, 44.10, 38.10,  6.00
         0,     0, 2,19:44:52,19:44:56,     4, 38.10, 44.10, -6.00
  12448516,  6129, 3,19:45:21,19:45:27,     6, 46.10, 46.10,  0.00
  12706628,  7037, 1,19:44:50,19:46:12,    82, 41.20, 37.20,  4.00
         0,     0, 1,19:46:20,19:46:23,     3, 37.20, 41.30, -4.10
  12448480,     0, 5,19:44:38,19:47:00,   142, 41.30, 22.40, 18.90
  12448518,  6131, 2,19:45:32,19:47:13,   101, 44.10, 35.40,  8.70
         0,     0, 5,19:47:09,19:47:25,    16, 22.40, 22.50, -0.10
         0,     0, 2,19:47:20,19:47:27,     7, 35.40, 44.10, -8.70
  12199987,  5041, 4,19:45:48,19:47:50,   122, 43.20, 33.20, 10.00
         0,     0, 4,19:47:57,19:48:06,     9, 33.20, 43.30,-10.10
  12706705,     0, 8,19:46:53,19:48:45,   112, 41.20, 32.10,  9.10
         0,     0, 8,19:48:53,19:49:02,     9, 32.10, 41.20, -9.10
  12706624,  7033, 1,19:47:27,19:49:00,    93, 41.30, 25.70, 15.60
         0,     0, 1,19:49:08,19:49:23,    15, 25.70, 41.20,-15.50
  12448482,     0, 8,19:51:05,19:51:06,     1, 41.20, 41.20,  0.00
  12200066,  5120, 1,19:55:41,19:56:33,    52, 41.20, 40.00,  1.20
         0,     0, 1,19:56:42,19:56:42,     0, 40.00, 40.90, -0.90
  11724172,     0, 7,19:57:22,19:57:25,     3, 41.10, 41.10,  0.00
  12448415,  6028, 3,19:57:15,19:57:25,    10, 46.10, 45.90,  0.20
  12448415,  6028, 4,19:57:29,19:58:46,    77, 43.50, 32.30, 11.20
         0,     0, 4,19:58:54,19:59:04,    10, 32.30, 43.30,-11.00
  21268732,  6126, 1,19:57:52,19:59:54,   122, 40.90, 34.70,  6.20
         0,     0, 1,20:00:02,20:00:08,     6, 34.70, 41.20, -6.50
  12448482,     0, 7,19:57:46,20:00:33,   167, 41.10, 31.20,  9.90
         0,     0, 7,20:00:41,20:00:54,    13, 31.20, 41.10, -9.90
  21268732,  6126, 1,20:00:31,20:01:14,    43, 41.20, 38.80,  2.40
         0,     0, 1,20:01:22,20:01:24,     2, 38.80, 41.30, -2.50
  12200086,  5140, 3,20:03:02,20:03:16,    14, 46.00, 45.90,  0.10
  12200086,  5140, 4,20:03:22,20:04:49,    87, 43.60, 35.10,  8.50
         0,     0, 4,20:04:57,20:05:04,     7, 35.10, 43.10, -8.00
  21268732,  6126, 1,20:02:23,20:05:40,   197, 41.40, 38.10,  3.30
         0,     0, 1,20:05:49,20:05:51,     2, 38.10, 41.30, -3.20
  12706642,  7051, 4,20:05:14,20:06:57,   103, 43.30, 24.20, 19.10
         0,     0, 4,20:07:05,20:07:23,    18, 24.20, 43.40,-19.20
  12200081,  5135, 2,20:07:12,20:07:29,    17, 44.00, 40.70,  3.30
         0,     0, 2,20:07:37,20:07:39,     2, 40.70, 44.10, -3.40
  11499184,  2074, 1,20:07:20,20:07:42,    22, 41.30, 33.40,  7.90
         0,     0, 1,20:07:49,20:07:56,     7, 33.40, 41.30, -7.90
  12706630,  7039, 3,20:07:23,20:07:56,    33, 46.00, 45.20,  0.80
  11499184,  2074, 1,20:08:10,20:08:13,     3, 41.30, 40.70,  0.60
  13008842,     0, 8,20:07:51,20:08:44,    53, 41.10, 34.40,  6.70
         0,     0, 8,20:08:52,20:08:58,     6, 34.40, 41.20, -6.80
  12706614,  7023, 1,20:08:23,20:09:02,    39, 40.70, 25.20, 15.50
  12200081,  5135, 2,20:07:49,20:09:02,    73, 44.10, 21.20, 22.90
         0,     0, 1,20:09:11,20:09:27,    16, 25.20, 41.20,-16.00
         0,     0, 2,20:09:11,20:09:34,    23, 21.20, 44.10,-22.90
  12706614,  7023, 1,20:09:39,20:09:40,     1, 41.30, 41.30,  0.00
  13008906,     0, 7,20:09:04,20:09:59,    55, 41.10, 36.00,  5.10
         0,     0, 7,20:10:08,20:10:14,     6, 36.00, 41.00, -5.00
  12200066,  5120, 2,20:11:17,20:12:36,    79, 44.10, 29.90, 14.20
         0,     0, 2,20:12:45,20:12:58,    13, 29.90, 44.00,-14.10
  13008774,  8015, 4,20:13:04,20:14:36,    92, 43.60, 36.30,  7.30
         0,     0, 4,20:14:44,20:14:50,     6, 36.30, 43.20, -6.90
  12200086,  5140, 4,20:16:34,20:17:22,    48, 43.20, 40.00,  3.20
         0,     0, 4,20:17:30,20:17:33,     3, 40.00, 43.30, -3.30
  12706656,  7065, 4,20:19:45,20:21:02,    77, 42.70, 34.10,  8.60
         0,     0, 4,20:21:09,20:21:17,     8, 34.10, 43.30, -9.20
  12706628,  7037, 2,20:25:28,20:25:46,    18, 44.10, 42.70,  1.40
  12706628,  7037, 2,20:26:06,20:26:20,    14, 42.70, 41.70,  1.00
         0,     0, 2,20:26:28,20:26:29,     1, 41.70, 44.00, -2.30
  12706628,  7037, 2,20:26:44,20:27:01,    17, 44.00, 43.70,  0.30
  11499184,  2074, 1,20:27:09,20:27:59,    50, 41.20, 30.50, 10.70
  12706610,  7019, 4,20:27:05,20:27:58,    53, 43.50, 28.00, 15.50
         0,     0, 1,20:28:06,20:28:15,     9, 30.50, 39.70, -9.20
  11499184,  2074, 2,20:28:07,20:28:17,    10, 43.70, 42.20,  1.50
         0,     0, 4,20:28:07,20:28:21,    14, 28.00, 43.10,-15.10
  12448392,  6005, 3,20:27:37,20:28:27,    50, 45.30, 36.30,  9.00
         0,     0, 3,20:28:34,20:28:42,     8, 36.30, 36.20,  0.10
  12706628,  7037, 1,20:28:25,20:29:17,    52, 39.70, 37.80,  1.90
         0,     0, 1,20:29:25,20:29:27,     2, 37.80, 41.30, -3.50
  12448408,  6021, 4,20:28:45,20:30:06,    81, 43.30, 28.20, 15.10
  12706628,  7037, 2,20:29:39,20:30:25,    46, 42.30, 40.80,  1.50
         0,     0, 4,20:30:14,20:30:29,    15, 28.20, 43.20,-15.00
         0,     0, 2,20:30:33,20:30:35,     2, 40.80, 44.10, -3.30
  12200062,  1556, 5,20:30:00,20:30:41,    41, 37.70, 37.30,  0.40
         0,     0, 5,20:30:49,20:30:52,     3, 37.30, 41.50, -4.20
  12200062,  1556, 5,20:31:46,20:31:47,     1, 32.00, 32.00,  0.00
         0,     0, 5,20:31:56,20:32:04,     8, 32.00, 32.10, -0.10
  12200083,  5137, 2,20:30:51,20:32:02,    71, 44.10, 32.00, 12.10
         0,     0, 2,20:32:10,20:32:21,    11, 32.00, 44.10,-12.10
  12448440,     0, 7,20:33:17,20:34:23,    66, 41.00, 38.60,  2.40
         0,     0, 7,20:34:30,20:34:33,     3, 38.60, 41.10, -2.50
  12706630,  7039, 4,20:35:15,20:36:18,    63, 43.40, 35.10,  8.30
         0,     0, 4,20:36:27,20:36:35,     8, 35.10, 43.10, -8.00
  12706642,  7051, 3,20:36:57,20:37:23,    26, 46.20, 42.90,  3.30
         0,     0, 3,20:37:30,20:37:32,     2, 42.90, 42.80,  0.10
  12448417,  6030, 2,20:38:49,20:38:55,     6, 44.10, 44.00,  0.10
  12706642,  7051, 2,20:39:52,20:40:40,    48, 44.10, 36.70,  7.40
         0,     0, 2,20:40:47,20:40:53,     6, 36.70, 44.00, -7.30
  12448437,  6050, 2,20:48:07,20:50:27,   140, 44.10, 32.60, 11.50
  12706618,  7027, 1,20:49:30,20:50:42,    72, 41.30, 23.60, 17.70
         0,     0, 2,20:50:35,20:50:45,    10, 32.60, 44.20,-11.60
         0,     0, 1,20:50:49,20:51:06,    17, 23.60, 41.40,-17.80
  12200083,  5137, 4,20:51:17,20:51:49,    32, 43.20, 35.90,  7.30
         0,     0, 4,20:51:56,20:52:03,     7, 35.90, 43.20, -7.30
  12706630,  7039, 1,20:52:59,20:53:50,    51, 41.40, 33.10,  8.30
         0,     0, 1,20:53:58,20:54:05,     7, 33.10, 41.30, -8.20
  11953971,  4001, 2,20:54:05,20:54:47,    42, 44.20, 43.60,  0.60
  11953971,  4001, 2,20:54:56,20:56:07,    71, 43.60, 20.60, 23.00
         0,     0, 2,20:56:15,20:56:38,    23, 20.60, 44.00,-23.40
  12448521,  6134, 1,20:55:49,20:57:48,   119, 41.30, 29.70, 11.60
         0,     0, 1,20:57:56,20:58:07,    11, 29.70, 41.30,-11.60
  12448516,  6129, 4,20:57:25,20:58:26,    61, 43.40, 29.90, 13.50
         0,     0, 4,20:58:33,20:58:46,    13, 29.90, 43.20,-13.30
  12706613,  7022, 4,20:58:57,21:01:14,   137, 43.30, 36.70,  6.60
         0,     0, 4,21:01:22,21:01:28,     6, 36.70, 36.70,  0.00
  12448440,     0, 8,21:14:27,21:14:40,    13, 39.60, 38.90,  0.70
         0,     0, 8,21:14:48,21:14:49,     1, 38.90, 41.20, -2.30
  12448408,  6021, 4,21:16:49,21:18:11,    82, 43.10, 25.40, 17.70
  12706615,  7024, 2,21:14:54,21:18:16,   202, 44.10, 25.20, 18.90
         0,     0, 4,21:18:18,21:18:35,    17, 25.40, 43.20,-17.80
         0,     0, 2,21:18:24,21:18:42,    18, 25.20, 44.10,-18.90
  21268732,  6126, 1,21:18:31,21:20:45,   134, 41.30, 34.40,  6.90
         0,     0, 1,21:20:54,21:21:00,     6, 34.40, 41.30, -6.90
  21268732,  6126, 1,21:21:39,21:22:04,    25, 41.30, 37.40,  3.90
         0,     0, 1,21:22:11,21:22:14,     3, 37.40, 41.20, -3.80
  21268732,  6126, 2,21:22:22,21:22:39,    17, 44.10, 41.10,  3.00
         0,     0, 2,21:22:47,21:22:48,     1, 41.10, 44.10, -3.00
  11954042,  4072, 1,21:25:07,21:25:13,     6, 41.20, 41.30, -0.10
  11724217,  3117, 1,21:27:10,21:28:18,    68, 41.30, 25.40, 15.90
         0,     0, 1,21:28:26,21:28:41,    15, 25.40, 41.30,-15.90
  11954042,  4072, 2,21:29:57,21:31:23,    86, 44.10, 32.60, 11.50
  12706630,  7039, 1,21:30:53,21:31:31,    38, 41.30, 35.00,  6.30
         0,     0, 2,21:31:30,21:31:41,    11, 32.60, 43.90,-11.30
         0,     0, 1,21:31:38,21:31:43,     5, 35.00, 41.30, -6.30
  21268732,  6126, 3,21:35:10,21:35:36,    26, 46.20, 46.00,  0.20
  12448517,  6130, 2,21:36:24,21:37:40,    76, 44.00, 42.70,  1.30
  12448517,  6130, 2,21:38:00,21:39:25,    85, 42.80, 36.20,  6.60
         0,     0, 2,21:39:32,21:39:39,     7, 36.20, 44.10, -7.90
  11499184,  2074, 3,21:46:12,21:46:24,    12, 46.20, 46.20,  0.00
  11499184,  2074, 2,21:54:27,21:55:04,    37, 44.10, 33.10, 11.00
         0,     0, 2,21:55:12,21:55:22,    10, 33.10, 44.00,-10.90
  12706609,  7018, 4,21:55:08,21:55:59,    51, 43.50, 31.00, 12.50
         0,     0, 4,21:56:07,21:56:19,    12, 31.00, 43.10,-12.10
  11724250,  3150, 2,21:56:24,21:57:28,    64, 44.00, 29.90, 14.10
         0,     0, 2,21:57:36,21:57:50,    14, 29.90, 44.20,-14.30
  13008842,     0, 8,21:59:23,21:59:33,    10, 41.00, 39.10,  1.90
         0,     0, 8,21:59:40,21:59:41,     1, 39.10, 41.30, -2.20
  12448517,  6130, 4,22:03:57,22:05:41,   104, 43.20, 37.50,  5.70
         0,     0, 4,22:05:50,22:05:55,     5, 37.50, 38.60, -1.10
  13008906,     0, 8,22:07:12,22:07:59,    47, 38.20, 31.90,  6.30
         0,     0, 8,22:08:07,22:08:16,     9, 31.90, 41.20, -9.30
  12706634,  7043, 1,22:06:29,22:09:55,   206, 41.30, 12.40, 28.90
  13008738,  7159, 2,22:09:29,22:10:12,    43, 44.10, 43.80,  0.30
         0,     0, 1,22:10:03,22:10:31,    28, 12.40, 41.30,-28.90
  12706634,  7043, 2,22:10:24,22:11:17,    53, 43.80, 37.40,  6.40
         0,     0, 2,22:11:25,22:11:30,     5, 37.40, 44.00, -6.60
  13008738,  7159, 4,22:10:42,22:12:29,   107, 43.40, 31.30, 12.10
  13008842,     0, 8,22:11:57,22:12:36,    39, 41.20, 36.70,  4.50
         0,     0, 4,22:12:37,22:12:48,    11, 31.30, 43.30,-12.00
         0,     0, 8,22:12:44,22:12:48,     4, 36.70, 41.20, -4.50
  11499184,  2074, 2,22:16:05,22:16:44,    39, 44.00, 36.10,  7.90
         0,     0, 2,22:16:52,22:16:59,     7, 36.10, 44.00, -7.90
  12706609,  7018, 4,22:24:45,22:25:16,    31, 43.20, 38.50,  4.70
         0,     0, 4,22:25:24,22:25:28,     4, 38.50, 43.20, -4.70
  11724250,  3150, 4,22:33:21,22:33:50,    29, 43.20, 40.10,  3.10
         0,     0, 4,22:33:57,22:34:00,     3, 40.10, 43.30, -3.20
  12448392,  6005, 3,22:36:35,22:37:18,    43, 46.20, 36.10, 10.10
         0,     0, 3,22:37:26,22:37:34,     8, 36.10, 36.00,  0.10
  12448472,     0, 7,22:41:41,22:43:42,   121, 41.00, 37.00,  4.00
         0,     0, 7,22:43:50,22:43:55,     5, 37.00, 41.10, -4.10
  12448472,     0, 8,22:44:53,22:44:56,     3, 35.30, 35.30,  0.00
         0,     0, 8,22:45:05,22:45:10,     5, 35.30, 41.20, -5.90
  12199987,  5041, 2,22:43:24,22:46:44,   200, 44.00, 30.00, 14.00
         0,     0, 2,22:46:52,22:47:05,    13, 30.00, 44.00,-14.00
  12448420,  6033, 4,22:50:14,22:50:56,    42, 43.50, 39.40,  4.10
         0,     0, 4,22:51:03,22:51:06,     3, 39.40, 43.20, -3.80
  12448420,  6033, 4,22:51:16,22:52:32,    76, 43.10, 39.90,  3.20
         0,     0, 4,22:52:40,22:52:43,     3, 39.90, 43.20, -3.30
  12200091,  5145, 2,22:53:23,22:53:28,     5, 44.00, 43.90,  0.10
  12200091,  5145, 2,22:53:40,22:54:43,    63, 43.90, 26.40, 17.50
  12199951,  5005, 4,22:53:07,22:54:49,   102, 43.20, 36.30,  6.90
         0,     0, 4,22:54:57,22:55:03,     6, 36.30, 43.20, -6.90
         0,     0, 2,22:54:50,22:55:07,    17, 26.40, 44.10,-17.70
  12706642,  7051, 3,22:56:00,22:56:38,    38, 46.30, 42.20,  4.10
         0,     0, 3,22:56:46,22:56:48,     2, 42.20, 46.30, -4.10
  12706642,  7051, 4,22:56:44,22:57:32,    48, 43.30, 33.80,  9.50
         0,     0, 4,22:57:40,22:57:49,     9, 33.80, 33.70,  0.10
  11724167,  3067, 1,22:57:07,22:58:58,   111, 41.30, 10.30, 31.00
         0,     0, 1,22:59:06,22:59:36,    30, 10.30, 41.30,-31.00
  11724167,  3067, 2,22:59:31,23:00:06,    35, 44.10, 30.70, 13.40
         0,     0, 2,23:00:14,23:00:27,    13, 30.70, 44.10,-13.40
  12706614,  7023, 1,23:00:20,23:00:54,    34, 41.30, 41.20,  0.10
  12706614,  7023, 2,23:01:01,23:02:02,    61, 44.10, 30.00, 14.10
         0,     0, 2,23:02:11,23:02:24,    13, 30.00, 44.00,-14.00
  12706642,  7051, 4,23:04:27,23:05:41,    74, 43.20, 35.80,  7.40
         0,     0, 4,23:05:49,23:05:56,     7, 35.80, 43.20, -7.40
  12448420,  6033, 4,23:08:47,23:09:40,    53, 43.20, 40.40,  2.80
         0,     0, 4,23:09:49,23:09:51,     2, 40.40, 43.20, -2.80
  12448420,  6033, 4,23:12:09,23:14:20,   131, 43.20, 39.90,  3.30
         0,     0, 4,23:14:29,23:14:32,     3, 39.90, 43.30, -3.40
  12448437,  6050, 3,23:15:08,23:15:13,     5, 46.20, 46.20,  0.00
  12200066,  5120, 2,23:16:58,23:18:23,    85, 44.00, 33.40, 10.60
         0,     0, 2,23:18:31,23:18:41,    10, 33.40, 44.00,-10.60
  12200091,  5145, 4,23:17:46,23:18:57,    71, 43.40, 36.60,  6.80
         0,     0, 4,23:19:04,23:19:10,     6, 36.60, 43.20, -6.60
  12448518,  6131, 2,23:19:38,23:20:38,    60, 44.00, 30.10, 13.90
         0,     0, 2,23:20:46,23:20:59,    13, 30.10, 44.10,-14.00
  12706624,  7033, 4,23:19:58,23:20:59,    61, 43.30, 42.10,  1.20
  12706624,  7033, 3,23:21:25,23:21:48,    23, 46.20, 46.20,  0.00
  12448437,  6050, 4,23:21:19,23:22:40,    81, 41.90, 29.90, 12.00
         0,     0, 4,23:22:48,23:23:01,    13, 29.90, 43.20,-13.30
  12706737,  7146, 1,23:24:11,23:27:23,   192, 41.20, 32.10,  9.10
         0,     0, 1,23:27:31,23:27:39,     8, 32.10, 41.30, -9.20
  12706737,  7146, 2,23:27:41,23:28:32,    51, 44.10, 42.40,  1.70
  12448417,  6030, 1,23:30:34,23:32:10,    96, 41.30, 18.00, 23.30
         0,     0, 1,23:32:17,23:32:40,    23, 18.00, 41.30,-23.30
  12448417,  6030, 2,23:32:31,23:33:22,    51, 42.40, 35.30,  7.10
         0,     0, 2,23:33:30,23:33:37,     7, 35.30, 44.00, -8.70
  11499231,     0, 8,23:32:32,23:34:36,   124, 41.10, 27.20, 13.90
         0,     0, 8,23:34:44,23:34:58,    14, 27.20, 41.20,-14.00
  12706620,  7029, 1,23:34:03,23:37:07,   184, 41.30, 32.90,  8.40
  12448516,  6129, 2,23:35:58,23:37:12,    74, 44.00, 33.40, 10.60
         0,     0, 1,23:37:14,23:37:22,     8, 32.90, 41.30, -8.40
         0,     0, 2,23:37:20,23:37:30,    10, 33.40, 44.10,-10.70
  12448521,  6134, 1,23:38:38,23:40:40,   122, 41.30, 31.10, 10.20
  12706628,  7037, 2,23:38:42,23:40:50,   128, 44.10, 36.50,  7.60
         0,     0, 1,23:40:48,23:40:57,     9, 31.10, 41.30,-10.20
         0,     0, 2,23:40:58,23:41:04,     6, 36.50, 44.00, -7.50
  12706620,  7029, 1,23:43:27,23:44:07,    40, 41.30, 37.10,  4.20
         0,     0, 1,23:44:15,23:44:18,     3, 37.10, 41.30, -4.20
         0,     0, 5,23:44:49,23:44:59,    10, 40.00, 40.00,  0.00
         0,     0, 7,23:44:49,23:44:59,    10, 41.10, 41.10,  0.00
         0,     0, 8,23:44:49,23:44:59,    10, 41.20, 41.20,  0.00
         0,     0, 1,23:44:49,23:44:59,    10, 41.30, 41.30,  0.00
         0,     0, 2,23:44:49,23:44:59,    10, 44.00, 44.00,  0.00
         0,     0, 3,23:44:49,23:44:59,    10, 46.20, 46.20,  0.00
         0,     0, 4,23:44:49,23:44:59,    10, 43.40, 43.40,  0.00
