         0,     0, 7, 0:03:16, 0:03:26,    10, 41.20, 41.20,  0.00
         0,     0, 8, 0:03:16, 0:03:26,    10, 41.10, 41.10,  0.00
         0,     0, 1, 0:03:16, 0:03:26,    10, 41.10, 41.10,  0.00
         0,     0, 2, 0:03:16, 0:03:26,    10, 44.00, 44.00,  0.00
         0,     0, 3, 0:03:16, 0:03:26,    10, 46.00, 46.00,  0.00
         0,     0, 4, 0:03:16, 0:03:26,    10, 43.90, 43.90,  0.00
         0,     0, 5, 0:03:16, 0:03:26,    10, 11.80, 11.80,  0.00
  12200091,  5145, 4, 0:03:16, 0:04:25,    69, 43.90, 30.10, 13.80
         0,     0, 4, 0:04:33, 0:04:45,    12, 30.10, 43.20,-13.10
  12706630,  7039, 1, 0:03:17, 0:05:01,   104, 41.10, 24.30, 16.80
         0,     0, 1, 0:05:08, 0:05:23,    15, 24.30, 41.30,-17.00
  12200085,  5139, 1, 0:07:06, 0:09:35,   149, 41.30, 24.30, 17.00
         0,     0, 1, 0:09:42, 0:09:58,    16, 24.30, 41.30,-17.00
  12706614,  7023, 3, 0:17:52, 0:20:45,   173, 46.10, 31.40, 14.70
         0,     0, 3, 0:20:54, 0:21:06,    12, 31.40, 31.30,  0.10
  12706642,  7051, 1, 0:21:56, 0:24:45,   169, 41.30, 22.70, 18.60
         0,     0, 1, 0:24:53, 0:25:10,    17, 22.70, 41.20,-18.50
  12706601,  7010, 4, 0:32:28, 0:35:40,   192, 43.80, 25.10, 18.70
         0,     0, 4, 0:35:48, 0:36:05,    17, 25.10, 43.30,-18.20
  12706618,  7027, 4, 0:41:12, 0:41:51,    39, 43.40, 35.60,  7.80
         0,     0, 4, 0:41:59, 0:42:06,     7, 35.60, 43.30, -7.70
  12706737,  7146, 3, 0:47:04, 0:48:37,    93, 46.20, 37.40,  8.80
         0,     0, 3, 0:48:45, 0:48:51,     6, 37.40, 37.40,  0.00
  12448518,  6131, 2, 0:51:00, 0:51:58,    58, 44.00, 29.10, 14.90
         0,     0, 2, 0:52:06, 0:52:20,    14, 29.10, 44.10,-15.00
  12706630,  7039, 2, 0:55:35, 0:56:23,    48, 44.10, 39.70,  4.40
         0,     0, 2, 0:56:31, 0:56:34,     3, 39.70, 44.00, -4.30
  12706656,  7065, 3, 0:57:57, 1:00:25,   148, 46.20, 28.90, 17.30
         0,     0, 3, 1:00:32, 1:00:46,    14, 28.90, 28.90,  0.00
  12200083,  5137, 4, 1:02:54, 1:04:27,    93, 43.50, 27.50, 16.00
         0,     0, 4, 1:04:35, 1:04:49,    14, 27.50, 43.30,-15.80
  13008774,  8015, 4, 1:06:25, 1:06:47,    22, 43.30, 42.40,  0.90
  13008774,  8015, 4, 1:07:04, 1:07:37,    33, 42.40, 38.20,  4.20
         0,     0, 4, 1:07:44, 1:07:48,     4, 38.20, 43.20, -5.00
  13008774,  8015, 2, 1:08:13, 1:08:31,    18, 44.00, 42.50,  1.50
  12706737,  7146, 2, 1:11:09, 1:12:14,    65, 42.50, 38.10,  4.40
         0,     0, 2, 1:12:22, 1:12:26,     4, 38.10, 44.10, -6.00
  12706613,  7022, 2, 1:18:17, 1:19:24,    67, 44.00, 35.60,  8.40
         0,     0, 2, 1:19:32, 1:19:39,     7, 35.60, 44.10, -8.50
  12706613,  7022, 2, 1:19:54, 1:20:22,    28, 44.10, 41.80,  2.30
         0,     0, 2, 1:20:30, 1:20:31,     1, 41.80, 44.00, -2.20
  12706610,  7019, 2, 1:22:02, 1:23:33,    91, 44.00, 32.00, 12.00
         0,     0, 2, 1:23:41, 1:23:52,    11, 32.00, 44.10,-12.10
  12706618,  7027, 4, 1:24:28, 1:25:11,    43, 43.20, 34.20,  9.00
         0,     0, 4, 1:25:19, 1:25:27,     8, 34.20, 43.20, -9.00
  12448426,  6039, 2, 1:27:29, 1:28:26,    57, 44.10, 37.30,  6.80
         0,     0, 2, 1:28:34, 1:28:39,     5, 37.30, 44.00, -6.70
  12448426,  6039, 2, 1:29:11, 1:29:30,    19, 44.00, 41.90,  2.10
         0,     0, 2, 1:29:39, 1:29:40,     1, 41.90, 43.90, -2.00
  12448516,  6129, 4, 1:33:16, 1:34:22,    66, 43.20, 30.50, 12.70
         0,     0, 4, 1:34:30, 1:34:42,    12, 30.50, 43.30,-12.80
  13008774,  8015, 4, 1:45:33, 1:46:37,    64, 43.30, 36.20,  7.10
         0,     0, 4, 1:46:46, 1:46:52,     6, 36.20, 36.10,  0.10
  12448517,  6130, 2, 1:49:44, 1:50:11,    27, 44.00, 44.00,  0.00
  12448517,  6130, 1, 1:50:24, 1:53:02,   158, 41.20, 34.60,  6.60
         0,     0, 1, 1:53:10, 1:53:16,     6, 34.60, 41.20, -6.60
  12448517,  6130, 2, 1:53:11, 1:53:39,    28, 44.00, 42.10,  1.90
  12448521,  6134, 1, 1:59:04, 2:00:23,    79, 41.20, 29.90, 11.30
         0,     0, 1, 2:00:31, 2:00:41,    10, 29.90, 41.30,-11.40
  12706618,  7027, 2, 2:01:41, 2:02:27,    46, 42.10, 33.10,  9.00
         0,     0, 2, 2:02:34, 2:02:44,    10, 33.10, 44.10,-11.00
  13008738,  7159, 1, 2:05:51, 2:05:55,     4, 41.30, 41.30,  0.00
  12706609,  7018, 4, 2:04:52, 2:06:12,    80, 43.50, 30.50, 13.00
         0,     0, 4, 2:06:20, 2:06:32,    12, 30.50, 43.20,-12.70
  13008738,  7159, 2, 2:06:03, 2:08:18,   135, 44.10, 41.90,  2.20
         0,     0, 2, 2:08:25, 2:08:25,     0, 41.90, 43.90, -2.00
  13008738,  7159, 2, 2:08:35, 2:09:33,    58, 43.80, 36.20,  7.60
         0,     0, 2, 2:09:42, 2:09:48,     6, 36.20, 44.00, -7.80
  11953971,  4001, 2, 2:14:09, 2:15:10,    61, 44.10, 43.90,  0.20
  11953971,  4001, 1, 2:15:15, 2:15:46,    31, 41.30, 41.10,  0.20
  12448408,  6021, 4, 2:18:16, 2:18:20,     4, 43.50, 43.80, -0.30
  11499184,  2074, 2, 2:17:54, 2:19:27,    93, 43.90, 26.60, 17.30
  12448408,  6021, 4, 2:18:49, 2:19:42,    53, 43.80, 36.60,  7.20
         0,     0, 2, 2:19:35, 2:19:51,    16, 26.60, 44.00,-17.40
         0,     0, 4, 2:19:50, 2:19:56,     6, 36.60, 36.50,  0.10
  11953971,  4001, 2, 2:46:17, 2:46:59,    42, 44.00, 43.70,  0.30
  11499117,  2007, 4, 2:49:28, 2:50:47,    79, 43.20, 28.10, 15.10
         0,     0, 4, 2:50:55, 2:51:09,    14, 28.10, 43.30,-15.20
  11953971,  4001, 2, 2:52:39, 2:55:36,   177, 43.70, 42.60,  1.10
  11953971,  4001, 2, 2:55:46, 2:56:32,    46, 42.60, 32.10, 10.50
         0,     0, 2, 2:56:41, 2:56:52,    11, 32.10, 44.00,-11.90
  12448408,  6021, 3, 3:00:21, 3:00:50,    29, 46.20, 40.50,  5.70
         0,     0, 3, 3:00:58, 3:01:02,     4, 40.50, 40.30,  0.20
  12706615,  7024, 2, 3:20:23, 3:23:28,   185, 44.00, 26.50, 17.50
         0,     0, 2, 3:23:35, 3:23:51,    16, 26.50, 44.10,-17.60
  12448521,  6134, 1, 3:37:17, 3:38:51,    94, 41.10, 32.40,  8.70
         0,     0, 1, 3:38:58, 3:39:06,     8, 32.40, 41.30, -8.90
  11499117,  2007, 4, 3:44:33, 3:45:46,    73, 44.10, 31.40, 12.70
         0,     0, 4, 3:45:54, 3:46:05,    11, 31.40, 43.30,-11.90
  12448420,  6033, 4, 3:50:36, 3:56:40,   364, 43.40, 32.60, 10.80
         0,     0, 4, 3:56:48, 3:56:58,    10, 32.60, 43.40,-10.80
  12200091,  5145, 2, 4:06:30, 4:07:53,    83, 44.10, 30.20, 13.90
         0,     0, 2, 4:08:01, 4:08:13,    12, 30.20, 44.00,-13.80
  12706620,  7029, 1, 4:10:09, 4:14:10,   241, 41.30, 27.00, 14.30
         0,     0, 1, 4:14:18, 4:14:31,    13, 27.00, 41.30,-14.30
  12448415,  6028, 3, 4:37:04, 4:39:23,   139, 46.40, 29.80, 16.60
         0,     0, 3, 4:39:30, 4:39:43,    13, 29.80, 29.70,  0.10
  12200079,  5133, 4, 6:13:57, 6:17:25,   208, 43.50, 22.40, 21.10
         0,     0, 4, 6:17:33, 6:17:52,    19, 22.40, 43.30,-20.90
  12448420,  6033, 2, 6:22:30, 6:24:49,   139, 43.90, 40.10,  3.80
         0,     0, 2, 6:24:56, 6:24:58,     2, 40.10, 44.00, -3.90
  12200085,  5139, 3, 6:24:10, 6:25:25,    75, 46.30, 31.30, 15.00
         0,     0, 3, 6:25:33, 6:25:45,    12, 31.30, 31.30,  0.00
  12448437,  6050, 1, 6:26:29, 6:28:26,   117, 41.30, 29.50, 11.80
         0,     0, 1, 6:28:34, 6:28:44,    10, 29.50, 41.30,-11.80
  12199951,  5005, 2, 6:28:48, 6:28:55,     7, 44.00, 44.10, -0.10
  12448434,  6047, 1, 6:30:32, 6:30:36,     4, 41.30, 41.30,  0.00
  12706609,  7018, 3, 6:30:38, 6:31:22,    44, 46.10, 40.90,  5.20
         0,     0, 3, 6:31:30, 6:31:34,     4, 40.90, 41.50, -0.60
  12448434,  6047, 1, 6:30:53, 6:32:13,    80, 41.30, 36.20,  5.10
         0,     0, 1, 6:32:21, 6:32:25,     4, 36.20, 41.30, -5.10
  12448417,  6030, 2, 6:30:55, 6:32:26,    91, 44.10, 21.30, 22.80
         0,     0, 2, 6:32:33, 6:32:54,    21, 21.30, 44.10,-22.80
  12199951,  5005, 2, 6:33:04, 6:36:35,   211, 44.10, 26.10, 18.00
         0,     0, 2, 6:36:44, 6:37:00,    16, 26.10, 44.10,-18.00
  11954042,  4072, 3, 6:37:08, 6:37:14,     6, 46.50, 46.40,  0.10
  12448392,  6005, 1, 6:35:55, 6:37:33,    98, 41.30, 23.40, 17.90
         0,     0, 1, 6:37:40, 6:37:57,    17, 23.40, 41.30,-17.90
  11954042,  4072, 4, 6:37:18, 6:39:27,   129, 43.80, 30.30, 13.50
         0,     0, 4, 6:39:35, 6:39:47,    12, 30.30, 43.30,-13.00
  12448521,  6134, 1, 6:38:55, 6:40:13,    78, 41.30, 26.40, 14.90
  21268732,  6126, 2, 6:39:42, 6:40:14,    32, 44.10, 43.20,  0.90
         0,     0, 1, 6:40:21, 6:40:35,    14, 26.40, 41.30,-14.90
  21268732,  6126, 1, 6:40:45, 6:40:54,     9, 41.30, 40.40,  0.90
  12200081,  5135, 4, 6:40:11, 6:41:42,    91, 43.30, 29.40, 13.90
         0,     0, 4, 6:41:50, 6:42:03,    13, 29.40, 43.30,-13.90
  11499117,  2007, 2, 6:41:08, 6:42:13,    65, 43.20, 29.30, 13.90
  21268732,  6126, 1, 6:41:08, 6:42:15,    67, 40.40, 35.40,  5.00
         0,     0, 1, 6:42:23, 6:42:28,     5, 35.40, 41.20, -5.80
         0,     0, 2, 6:42:20, 6:42:34,    14, 29.30, 44.10,-14.80
  12200086,  5140, 4, 6:42:13, 6:43:39,    86, 43.20, 32.20, 11.00
         0,     0, 4, 6:43:47, 6:43:57,    10, 32.20, 32.70, -0.50
  12448516,  6129, 4, 6:44:07, 6:45:45,    98, 43.30, 26.20, 17.10
         0,     0, 4, 6:45:54, 6:46:10,    16, 26.20, 26.20,  0.00
  12706624,  7033, 2, 6:47:08, 6:47:24,    16, 44.10, 44.00,  0.10
  12448391,  6004, 3, 6:47:52, 6:49:53,   121, 46.50, 29.60, 16.90
         0,     0, 3, 6:50:01, 6:50:15,    14, 29.60, 29.60,  0.00
  12706624,  7033, 1, 6:51:49, 6:52:31,    42, 41.20, 40.90,  0.30
  13008774,  8015, 1, 6:52:40, 6:52:48,     8, 40.90, 40.90,  0.00
  12706621,  7030, 2, 6:51:46, 6:52:51,    65, 44.00, 29.50, 14.50
         0,     0, 2, 6:52:59, 6:53:12,    13, 29.50, 44.10,-14.60
  12448434,  6047, 1, 6:55:32, 6:57:01,    89, 40.90, 30.40, 10.50
  13008774,  8015, 2, 6:54:56, 6:57:01,   125, 44.10, 32.00, 12.10
  13008748,  7169, 4, 6:53:00, 6:57:07,   247, 44.20, 33.70, 10.50
         0,     0, 1, 6:57:08, 6:57:19,    11, 30.40, 41.30,-10.90
         0,     0, 2, 6:57:09, 6:57:21,    12, 32.00, 44.10,-12.10
         0,     0, 4, 6:57:15, 6:57:24,     9, 33.70, 43.20, -9.50
  12706634,  7043, 3, 6:56:44, 6:58:11,    87, 46.50, 32.10, 14.40
         0,     0, 3, 6:58:19, 6:58:30,    11, 32.10, 32.10,  0.00
  12706624,  7033, 2, 6:57:53, 6:59:16,    83, 44.10, 41.60,  2.50
         0,     0, 2, 6:59:23, 6:59:24,     1, 41.60, 43.90, -2.30
  12706634,  7043, 4, 6:58:48, 6:59:39,    51, 43.20, 35.70,  7.50
         0,     0, 4, 6:59:47, 6:59:54,     7, 35.70, 35.60,  0.10
  12706609,  7018, 2, 6:59:38, 7:00:45,    67, 43.90, 32.00, 11.90
  12706624,  7033, 1, 6:59:41, 7:00:55,    74, 41.30, 26.90, 14.40
         0,     0, 2, 7:00:52, 7:01:03,    11, 32.00, 44.00,-12.00
         0,     0, 1, 7:01:02, 7:01:15,    13, 26.90, 41.30,-14.40
  12448398,  6011, 2, 7:01:45, 7:04:00,   135, 44.00, 20.20, 23.80
         0,     0, 2, 7:04:08, 7:04:31,    23, 20.20, 44.20,-24.00
  12706620,  7029, 2, 7:05:15, 7:05:20,     5, 44.20, 44.20,  0.00
  12448426,  6039, 3, 7:05:38, 7:06:23,    45, 46.30, 36.90,  9.40
         0,     0, 3, 7:06:31, 7:06:38,     7, 36.90, 36.90,  0.00
  12706620,  7029, 1, 7:05:40, 7:06:38,    58, 41.30, 40.90,  0.40
  12448417,  6030, 1, 7:06:55, 7:07:20,    25, 40.90, 40.80,  0.10
  12706620,  7029, 2, 7:09:19, 7:10:22,    63, 44.20, 37.30,  6.90
  12448437,  6050, 3, 7:08:06, 7:10:23,   137, 46.70, 30.60, 16.10
         0,     0, 2, 7:10:29, 7:10:34,     5, 37.30, 44.00, -6.70
         0,     0, 3, 7:10:31, 7:10:44,    13, 30.60, 30.60,  0.00
  12448426,  6039, 4, 7:12:46, 7:12:54,     8, 43.70, 42.40,  1.30
  11724167,  3067, 2, 7:12:09, 7:13:29,    80, 44.00, 17.50, 26.50
         0,     0, 2, 7:13:36, 7:14:05,    29, 17.50, 44.00,-26.50
  12200081,  5135, 4, 7:14:26, 7:16:24,   118, 42.40, 28.10, 14.30
         0,     0, 4, 7:16:31, 7:16:45,    14, 28.10, 43.30,-15.20
  12448451,     0, 7, 7:16:48, 7:16:49,     1, 40.90, 40.90,  0.00
  12706642,  7051, 3, 7:15:49, 7:16:54,    65, 46.40, 38.90,  7.50
         0,     0, 3, 7:17:03, 7:17:09,     6, 38.90, 38.90,  0.00
  12200083,  5137, 2, 7:16:46, 7:17:54,    68, 44.00, 38.30,  5.70
         0,     0, 2, 7:18:01, 7:18:05,     4, 38.30, 44.10, -5.80
  12448415,  6028, 2, 7:18:15, 7:20:49,   154, 44.20, 25.80, 18.40
         0,     0, 2, 7:20:57, 7:21:15,    18, 25.80, 44.10,-18.30
  12200086,  5140, 1, 7:20:02, 7:21:21,    79, 40.80, 36.80,  4.00
         0,     0, 1, 7:21:28, 7:21:31,     3, 36.80, 41.30, -4.50
  12706620,  7029, 1, 7:24:36, 7:25:38,    62, 41.30, 39.10,  2.20
         0,     0, 1, 7:25:45, 7:25:46,     1, 39.10, 41.30, -2.20
  12706628,  7037, 2, 7:26:08, 7:27:13,    65, 44.10, 39.40,  4.70
  12706642,  7051, 3, 7:26:51, 7:27:17,    26, 46.60, 41.70,  4.90
         0,     0, 2, 7:27:20, 7:27:23,     3, 39.40, 44.00, -4.60
         0,     0, 3, 7:27:25, 7:27:28,     3, 41.70, 46.40, -4.70
  12706628,  7037, 1, 7:27:57, 7:29:01,    64, 41.30, 36.30,  5.00
         0,     0, 1, 7:29:08, 7:29:12,     4, 36.30, 41.30, -5.00
  11724217,  3117, 2, 7:28:02, 7:29:18,    76, 44.00, 30.90, 13.10
         0,     0, 2, 7:29:26, 7:29:38,    12, 30.90, 44.10,-13.20
  12706656,  7065, 1, 7:32:25, 7:33:48,    83, 41.30, 26.80, 14.50
         0,     0, 1, 7:33:55, 7:34:09,    14, 26.80, 41.30,-14.50
  12448472,     0, 7, 7:39:27, 7:39:31,     4, 40.90, 40.90,  0.00
  11724205,     0, 7, 7:45:01, 7:45:05,     4, 40.90, 40.90,  0.00
  13008774,  8015, 2, 7:45:34, 7:46:41,    67, 44.10, 37.50,  6.60
         0,     0, 2, 7:46:49, 7:46:54,     5, 37.50, 44.10, -6.60
  11953971,  4001, 3, 7:48:03, 7:48:23,    20, 46.80, 46.50,  0.30
  11953971,  4001, 3, 7:48:48, 7:50:37,   109, 46.50, 28.00, 18.50
         0,     0, 3, 7:50:44, 7:50:59,    15, 28.00, 27.90,  0.10
  12706628,  7037, 2, 7:53:09, 7:54:01,    52, 44.10, 40.40,  3.70
         0,     0, 2, 7:54:09, 7:54:11,     2, 40.40, 44.10, -3.70
  12448434,  6047, 2, 7:55:29, 7:56:22,    53, 44.10, 35.30,  8.80
         0,     0, 2, 7:56:30, 7:56:38,     8, 35.30, 44.20, -8.90
  12448434,  6047, 1, 7:56:31, 7:56:53,    22, 41.30, 37.90,  3.40
         0,     0, 1, 7:57:01, 7:57:03,     2, 37.90, 41.30, -3.40
  12706628,  7037, 2, 7:56:48, 7:57:27,    39, 44.10, 40.40,  3.70
         0,     0, 2, 7:57:35, 7:57:37,     2, 40.40, 44.10, -3.70
  12448517,  6130, 1, 7:57:14, 7:57:56,    42, 41.30, 41.20,  0.10
  12448517,  6130, 2, 7:58:01, 7:58:08,     7, 44.10, 44.10,  0.00
  13008748,  7169, 4, 7:55:30, 7:59:38,   248, 43.50, 34.50,  9.00
         0,     0, 4, 7:59:46, 7:59:54,     8, 34.50, 43.20, -8.70
  12706628,  7037, 2, 7:59:27, 8:00:06,    39, 44.10, 40.30,  3.80
         0,     0, 2, 8:00:15, 8:00:17,     2, 40.30, 44.10, -3.80
  12706642,  7051, 1, 7:59:22, 8:00:17,    55, 41.20, 32.70,  8.50
         0,     0, 1, 8:00:26, 8:00:34,     8, 32.70, 41.20, -8.50
  12448517,  6130, 1, 8:01:03, 8:01:08,     5, 41.20, 41.20,  0.00
  12706613,  7022, 2, 8:02:44, 8:04:03,    79, 44.10, 34.50,  9.60
         0,     0, 2, 8:04:11, 8:04:21,    10, 34.50, 44.00, -9.50
  12706634,  7043, 1, 8:05:03, 8:07:41,   158, 41.20, 29.10, 12.10
         0,     0, 1, 8:07:50, 8:08:02,    12, 29.10, 41.20,-12.10
  12448517,  6130, 1, 8:08:12, 8:10:01,   109, 41.20, 32.60,  8.60
  12706737,  7146, 4, 8:07:37, 8:10:14,   157, 43.30, 31.20, 12.10
         0,     0, 1, 8:10:10, 8:10:18,     8, 32.60, 41.30, -8.70
         0,     0, 4, 8:10:22, 8:10:33,    11, 31.20, 43.20,-12.00
  12448437,  6050, 2, 8:10:32, 8:12:29,   117, 44.00, 30.10, 13.90
         0,     0, 2, 8:12:37, 8:12:50,    13, 30.10, 44.10,-14.00
  12448517,  6130, 1, 8:10:39, 8:12:56,   137, 41.40, 30.10, 11.30
         0,     0, 1, 8:13:04, 8:13:14,    10, 30.10, 41.20,-11.10
  12448518,  6131, 2, 8:13:10, 8:13:56,    46, 44.10, 32.00, 12.10
         0,     0, 2, 8:14:05, 8:14:16,    11, 32.00, 43.70,-11.70
  12448415,  6028, 2, 8:14:26, 8:16:41,   135, 43.80, 30.90, 12.90
         0,     0, 2, 8:16:49, 8:17:01,    12, 30.90, 44.10,-13.20
  12706727,     0, 8, 8:21:40, 8:21:46,     6, 40.10, 40.10,  0.00
  12706727,     0, 7, 8:22:10, 8:22:22,    12, 40.90, 40.90,  0.00
  12706727,     0, 8, 8:22:36, 8:22:58,    22, 40.10, 38.30,  1.80
         0,     0, 8, 8:23:05, 8:23:07,     2, 38.30, 41.30, -3.00
  12706727,     0, 8, 8:23:30, 8:23:59,    29, 41.30, 36.50,  4.80
         0,     0, 8, 8:24:07, 8:24:11,     4, 36.50, 41.30, -4.80
  12706615,  7024, 2, 8:21:50, 8:24:39,   169, 44.10, 29.50, 14.60
         0,     0, 2, 8:24:47, 8:25:01,    14, 29.50, 44.10,-14.60
  11724217,  3117, 3, 8:23:59, 8:25:28,    89, 46.70, 27.30, 19.40
         0,     0, 3, 8:25:36, 8:25:52,    16, 27.30, 27.30,  0.00
  12448518,  6131, 2, 8:25:11, 8:27:39,   148, 44.10, 27.00, 17.10
         0,     0, 2, 8:27:47, 8:28:03,    16, 27.00, 44.10,-17.10
  12706613,  7022, 2, 8:29:12, 8:30:05,    53, 44.00, 37.10,  6.90
         0,     0, 2, 8:30:13, 8:30:19,     6, 37.10, 44.00, -6.90
  13008842,     0, 8, 8:30:44, 8:30:47,     3, 41.30, 41.20,  0.10
  12706613,  7022, 1, 8:33:13, 8:33:40,    27, 41.30, 38.50,  2.80
         0,     0, 1, 8:33:48, 8:33:50,     2, 38.50, 41.30, -2.80
  13008842,     0, 8, 8:37:30, 8:37:37,     7, 41.20, 40.70,  0.50
  11953971,  4001, 1, 8:39:19, 8:39:40,    21, 41.30, 41.10,  0.20
  13008748,  7169, 4, 8:36:56, 8:40:10,   194, 43.70, 37.00,  6.70
         0,     0, 4, 8:40:18, 8:40:24,     6, 37.00, 36.90,  0.10
  12706737,  7146, 3, 8:40:05, 8:40:39,    34, 46.60, 43.70,  2.90
         0,     0, 3, 8:40:47, 8:40:48,     1, 43.70, 46.40, -2.70
  12706614,  7023, 3, 8:41:06, 8:41:46,    40, 46.50, 46.50,  0.00
  12706737,  7146, 4, 8:41:30, 8:41:54,    24, 43.20, 41.40,  1.80
         0,     0, 4, 8:42:01, 8:42:02,     1, 41.40, 43.30, -1.90
  12706601,  7010, 2, 8:39:51, 8:42:05,   134, 44.00, 23.90, 20.10
         0,     0, 2, 8:42:14, 8:42:34,    20, 23.90, 44.00,-20.10
  12706601,  7010, 1, 8:42:12, 8:42:39,    27, 41.20, 41.20,  0.00
  12706614,  7023, 4, 8:42:12, 8:42:51,    39, 43.20, 42.90,  0.30
  12706601,  7010, 2, 8:42:44, 8:43:25,    41, 44.00, 38.00,  6.00
         0,     0, 2, 8:43:34, 8:43:39,     5, 38.00, 44.10, -6.10
  12706614,  7023, 4, 8:43:05, 8:44:14,    69, 42.90, 24.90, 18.00
         0,     0, 4, 8:44:21, 8:44:38,    17, 24.90, 43.40,-18.50
  11724205,     0, 7, 8:40:11, 8:44:55,   284, 40.90, 37.80,  3.10
         0,     0, 7, 8:45:03, 8:45:07,     4, 37.80, 41.00, -3.20
  12706707,     0, 7, 8:46:07, 8:46:15,     8, 39.50, 38.50,  1.00
         0,     0, 7, 8:46:23, 8:46:26,     3, 38.50, 40.40, -1.90
  12706707,     0, 7, 8:46:36, 8:46:37,     1, 39.80, 39.80,  0.00
  12706618,  7027, 2, 8:45:00, 8:46:38,    98, 44.10, 30.80, 13.30
         0,     0, 7, 8:46:45, 8:46:46,     1, 39.80, 41.00, -1.20
         0,     0, 2, 8:46:47, 8:46:59,    12, 30.80, 44.10,-13.30
  12706700,     0, 7, 8:51:41, 8:51:44,     3, 41.00, 41.00,  0.00
  12706634,  7043, 1, 8:49:02, 8:52:10,   188, 41.20, 25.80, 15.40
         0,     0, 1, 8:52:18, 8:52:32,    14, 25.80, 41.30,-15.50
  12706700,     0, 7, 8:53:02, 8:53:35,    33, 34.50, 31.20,  3.30
         0,     0, 7, 8:53:42, 8:53:55,    13, 31.20, 41.10, -9.90
  11499184,  2074, 1, 8:54:33, 8:54:44,    11, 41.40, 39.10,  2.30
  11724217,  3117, 3, 8:54:22, 8:54:50,    28, 46.50, 41.30,  5.20
         0,     0, 1, 8:54:52, 8:54:53,     1, 39.10, 41.30, -2.20
         0,     0, 3, 8:54:57, 8:55:01,     4, 41.30, 46.40, -5.10
  11499184,  2074, 1, 8:55:03, 8:55:22,    19, 41.30, 34.20,  7.10
         0,     0, 1, 8:55:30, 8:55:36,     6, 34.20, 41.40, -7.20
  12706610,  7019, 2, 8:54:33, 8:56:04,    91, 44.10, 24.00, 20.10
  12706630,  7039, 1, 8:55:47, 8:56:19,    32, 41.40, 41.30,  0.10
         0,     0, 2, 8:56:11, 8:56:30,    19, 24.00, 44.00,-20.00
  12448451,     0, 7, 9:00:02, 9:01:20,    78, 41.10, 41.00,  0.10
  12448451,     0, 7, 9:01:37, 9:02:08,    31, 40.90, 41.00, -0.10
  12448451,     0, 8, 9:02:23, 9:02:33,    10, 40.70, 40.40,  0.30
  12448451,     0, 7, 9:02:39, 9:03:25,    46, 41.00, 39.50,  1.50
         0,     0, 7, 9:03:34, 9:03:36,     2, 39.50, 41.20, -1.70
  12448451,     0, 7, 9:04:12, 9:05:05,    53, 41.20, 30.60, 10.60
         0,     0, 7, 9:05:13, 9:05:27,    14, 30.60, 41.10,-10.50
  12448408,  6021, 1, 9:04:54, 9:06:02,    68, 41.30, 25.50, 15.80
         0,     0, 1, 9:06:11, 9:06:26,    15, 25.50, 41.30,-15.80
  12448408,  6021, 2, 9:06:14, 9:06:40,    26, 44.00, 37.00,  7.00
         0,     0, 2, 9:06:47, 9:06:53,     6, 37.00, 44.00, -7.00
  11724205,     0, 8, 9:03:39, 9:07:37,   238, 40.40, 33.40,  7.00
         0,     0, 8, 9:07:45, 9:07:52,     7, 33.40, 41.30, -7.90
  12706727,     0, 7, 9:07:19, 9:07:53,    34, 41.10, 37.50,  3.60
         0,     0, 7, 9:08:00, 9:08:04,     4, 37.50, 41.10, -3.60
  12706727,     0, 7, 9:08:40, 9:09:11,    31, 41.10, 36.50,  4.60
         0,     0, 7, 9:09:20, 9:09:26,     6, 36.50, 41.10, -4.60
  12448392,  6005, 1, 9:07:31, 9:10:36,   185, 41.30, 19.40, 21.90
         0,     0, 1, 9:10:44, 9:11:08,    24, 19.40, 41.20,-21.80
  12200091,  5145, 2, 9:09:48, 9:11:56,   128, 44.00, 23.30, 20.70
         0,     0, 2, 9:12:04, 9:12:27,    23, 23.30, 44.00,-20.70
  12448521,  6134, 1, 9:11:21, 9:13:50,   149, 41.30, 30.00, 11.30
         0,     0, 1, 9:13:57, 9:14:09,    12, 30.00, 41.20,-11.20
  12706705,     0, 7, 9:13:06, 9:15:33,   147, 41.10, 36.50,  4.60
  12706609,  7018, 2, 9:15:32, 9:15:42,    10, 44.10, 44.10,  0.00
         0,     0, 7, 9:15:40, 9:15:45,     5, 36.50, 41.10, -4.60
         0,     0, 8, 9:16:11, 9:16:14,     3, 37.10, 41.20, -4.10
  12706705,     0, 7, 9:16:50, 9:16:51,     1, 36.00, 36.00,  0.00
         0,     0, 7, 9:17:00, 9:17:06,     6, 36.00, 41.20, -5.20
  11954042,  4072, 2, 9:18:32, 9:18:45,    13, 44.10, 44.00,  0.10
  11954042,  4072, 1, 9:18:50, 9:18:56,     6, 41.20, 41.20,  0.00
  11724172,     0, 8, 9:19:27, 9:19:31,     4, 41.20, 41.10,  0.10
  12448482,     0, 8, 9:19:47, 9:20:05,    18, 41.00, 41.10, -0.10
  11954042,  4072, 2, 9:19:11, 9:21:26,   135, 44.00, 23.90, 20.10
         0,     0, 2, 9:21:33, 9:21:52,    19, 23.90, 44.00,-20.10
  12706707,     0, 8, 9:22:03, 9:22:39,    36, 41.10, 35.60,  5.50
  12706628,  7037, 4, 9:22:12, 9:22:49,    37, 43.80, 41.70,  2.10
         0,     0, 8, 9:22:47, 9:22:52,     5, 35.60, 41.20, -5.60
         0,     0, 4, 9:22:57, 9:22:58,     1, 41.70, 43.20, -1.50
  12706707,     0, 8, 9:23:25, 9:23:26,     1, 36.50, 36.50,  0.00
         0,     0, 8, 9:23:35, 9:23:39,     4, 36.50, 41.30, -4.80
  12706630,  7039, 1, 9:23:32, 9:23:38,     6, 41.20, 41.20,  0.00
  12706630,  7039, 2, 9:24:23, 9:26:08,   105, 44.00, 34.70,  9.30
         0,     0, 2, 9:26:16, 9:26:24,     8, 34.70, 44.00, -9.30
  12706628,  7037, 1, 9:26:37, 9:26:42,     5, 41.20, 41.20,  0.00
  11499231,     0, 7, 9:26:57, 9:28:10,    73, 41.20, 40.80,  0.40
  12448482,     0, 8, 9:28:42, 9:28:58,    16, 41.30, 41.20,  0.10
  12448482,     0, 7, 9:29:13, 9:29:14,     1, 40.80, 40.80,  0.00
  13008738,  7159, 2, 9:26:34, 9:29:39,   185, 44.00, 24.60, 19.40
  12448516,  6129, 3, 9:28:48, 9:29:40,    52, 46.80, 32.10, 14.70
         0,     0, 3, 9:29:49, 9:30:00,    11, 32.10, 32.00,  0.10
         0,     0, 2, 9:29:47, 9:30:06,    19, 24.60, 44.10,-19.50
  11499231,     0, 7, 9:30:25, 9:33:33,   188, 40.80, 26.30, 14.50
         0,     0, 7, 9:33:42, 9:34:02,    20, 26.30, 41.00,-14.70
  12448482,     0, 8, 9:29:29, 9:35:23,   354, 41.20, 15.60, 25.60
         0,     0, 8, 9:35:31, 9:35:58,    27, 15.60, 41.20,-25.60
  12200085,  5139, 2, 9:35:04, 9:36:36,    92, 44.10, 30.20, 13.90
         0,     0, 2, 9:36:43, 9:36:57,    14, 30.20, 44.00,-13.80
  12706601,  7010, 4, 9:36:03, 9:38:11,   128, 43.40, 33.30, 10.10
         0,     0, 4, 9:38:20, 9:38:29,     9, 33.30, 43.30,-10.00
  12706609,  7018, 4, 9:38:39, 9:39:26,    47, 43.30, 32.60, 10.70
         0,     0, 4, 9:39:35, 9:39:45,    10, 32.60, 43.20,-10.60
  12448517,  6130, 2, 9:46:18, 9:49:59,   221, 44.00, 30.40, 13.60
         0,     0, 2, 9:50:06, 9:50:18,    12, 30.40, 44.00,-13.60
  12706618,  7027, 1, 9:50:17, 9:50:23,     6, 41.20, 41.20,  0.00
  12706618,  7027, 1, 9:50:44, 9:51:41,    57, 41.20, 35.20,  6.00
         0,     0, 1, 9:51:48, 9:51:53,     5, 35.20, 41.20, -6.00
  12200086,  5140, 2, 9:52:13, 9:53:09,    56, 44.10, 44.10,  0.00
  12200086,  5140, 1, 9:53:36, 9:53:45,     9, 41.20, 41.20,  0.00
  12706700,     0, 7, 9:54:38, 9:54:42,     4, 41.10, 41.00,  0.10
  12200081,  5135, 3, 9:53:52, 9:55:16,    84, 46.10, 32.00, 14.10
         0,     0, 3, 9:55:24, 9:55:35,    11, 32.00, 46.30,-14.30
  12706700,     0, 8, 9:55:32, 9:55:54,    22, 33.90, 27.80,  6.10
         0,     0, 8, 9:56:03, 9:56:17,    14, 27.80, 41.30,-13.50
  11724205,     0, 7, 9:54:53, 9:56:53,   120, 41.00, 36.60,  4.40
  12200086,  5140, 4, 9:54:27, 9:57:04,   157, 43.50, 30.10, 13.40
         0,     0, 7, 9:57:02, 9:57:07,     5, 36.60, 41.20, -4.60
         0,     0, 4, 9:57:12, 9:57:24,    12, 30.10, 43.50,-13.40
  12706727,     0, 8, 9:59:40, 9:59:42,     2, 41.30, 41.30,  0.00
  12706727,     0, 8, 9:59:53,10:00:06,    13, 41.30, 39.10,  2.20
  12200079,  5133, 2, 9:57:30,10:00:09,   159, 44.10, 31.70, 12.40
         0,     0, 8,10:00:14,10:00:15,     1, 39.10, 41.20, -2.10
         0,     0, 2,10:00:17,10:00:28,    11, 31.70, 44.10,-12.40
  12706628,  7037, 2,10:01:49,10:02:29,    40, 44.10, 43.70,  0.40
  13008842,     0, 8,10:05:52,10:06:02,    10, 41.20, 40.00,  1.20
         0,     0, 8,10:06:11,10:06:11,     0, 40.00, 39.20,  0.80
  13008842,     0, 8,10:06:31,10:06:49,    18, 33.10, 31.40,  1.70
         0,     0, 8,10:06:58,10:07:08,    10, 31.40, 41.30, -9.90
  13008748,  7169, 4,10:04:47,10:08:22,   215, 43.70, 36.00,  7.70
         0,     0, 4,10:08:30,10:08:37,     7, 36.00, 43.20, -7.20
  12448426,  6039, 4,10:15:51,10:17:34,   103, 43.50, 22.70, 20.80
  12706624,  7033, 2,10:15:13,10:17:34,   141, 43.70, 41.30,  2.40
         0,     0, 2,10:17:42,10:17:43,     1, 41.30, 44.00, -2.70
  12448472,     0, 8,10:17:16,10:17:44,    28, 29.20, 27.70,  1.50
         0,     0, 4,10:17:42,10:18:02,    20, 22.70, 43.30,-20.60
         0,     0, 8,10:17:52,10:18:06,    14, 27.70, 40.80,-13.10
  12448426,  6039, 4,10:18:12,10:18:41,    29, 43.40, 36.50,  6.90
         0,     0, 4,10:18:49,10:18:55,     6, 36.50, 43.20, -6.70
  12706624,  7033, 1,10:17:44,10:19:17,    93, 41.30, 24.40, 16.90
         0,     0, 1,10:19:24,10:19:40,    16, 24.40, 41.20,-16.80
  12448472,     0, 8,10:18:59,10:19:38,    39, 28.80, 26.10,  2.70
         0,     0, 8,10:19:47,10:20:03,    16, 26.10, 41.30,-15.20
  12448516,  6129, 3,10:19:50,10:22:10,   140, 46.30, 32.60, 13.70
  21268732,  6126, 2,10:17:53,10:22:16,   263, 44.10, 25.50, 18.60
         0,     0, 3,10:22:19,10:22:30,    11, 32.60, 32.40,  0.20
         0,     0, 2,10:22:24,10:22:42,    18, 25.50, 44.10,-18.60
  12448408,  6021, 3,10:23:12,10:23:15,     3, 46.30, 46.20,  0.10
  12448408,  6021, 4,10:23:20,10:24:11,    51, 43.20, 27.60, 15.60
         0,     0, 4,10:24:20,10:24:35,    15, 27.60, 43.20,-15.60
  12200081,  5135, 4,10:25:15,10:26:25,    70, 43.70, 30.70, 13.00
         0,     0, 4,10:26:32,10:26:44,    12, 30.70, 43.20,-12.50
  21268732,  6126, 1,10:27:39,10:27:45,     6, 41.20, 41.20,  0.00
  12200086,  5140, 3,10:29:42,10:30:42,    60, 46.20, 42.20,  4.00
         0,     0, 3,10:30:50,10:30:52,     2, 42.20, 46.30, -4.10
  12706621,  7030, 1,10:32:08,10:32:16,     8, 41.20, 41.20,  0.00
  12706621,  7030, 2,10:32:19,10:33:23,    64, 44.10, 29.70, 14.40
         0,     0, 2,10:33:32,10:33:45,    13, 29.70, 44.00,-14.30
  12706610,  7019, 2,10:36:06,10:37:16,    70, 44.00, 28.00, 16.00
         0,     0, 2,10:37:25,10:37:40,    15, 28.00, 44.00,-16.00
  12448482,     0, 8,10:39:59,10:40:11,    12, 40.50, 40.30,  0.20
  12448482,     0, 8,10:40:27,10:43:04,   157, 40.30, 30.80,  9.50
         0,     0, 8,10:43:13,10:43:23,    10, 30.80, 41.20,-10.40
  12448420,  6033, 4,10:41:08,10:43:52,   164, 43.80, 28.00, 15.80
         0,     0, 4,10:44:00,10:44:14,    14, 28.00, 43.20,-15.20
         0,     0, 8,10:44:29,10:44:32,     3, 37.20, 41.20, -4.00
  12706615,  7024, 1,10:45:14,10:45:43,    29, 41.20, 41.10,  0.10
  21268732,  6126, 2,10:46:08,10:49:06,   178, 44.00, 35.00,  9.00
  12706613,  7022, 4,10:47:23,10:49:08,   105, 43.30, 31.30, 12.00
  12706615,  7024, 1,10:46:13,10:49:08,   175, 41.10, 23.60, 17.50
         0,     0, 2,10:49:14,10:49:23,     9, 35.00, 43.90, -8.90
         0,     0, 4,10:49:15,10:49:27,    12, 31.30, 43.20,-11.90
         0,     0, 1,10:49:16,10:49:33,    17, 23.60, 41.20,-17.60
  12706624,  7033, 2,10:49:52,10:50:18,    26, 43.90, 43.90,  0.00
  12448521,  6134, 4,10:50:00,10:50:46,    46, 43.40, 43.10,  0.30
  12706613,  7022, 3,10:49:53,10:50:47,    54, 46.30, 40.00,  6.30
  12706624,  7033, 2,10:50:28,10:50:53,    25, 43.90, 43.40,  0.50
         0,     0, 3,10:50:56,10:51:00,     4, 40.00, 46.10, -6.10
  12706624,  7033, 2,10:51:08,10:51:51,    43, 43.50, 41.30,  2.20
         0,     0, 2,10:51:59,10:52:00,     1, 41.30, 44.00, -2.70
  12448521,  6134, 3,10:51:50,10:52:12,    22, 46.10, 46.10,  0.00
  12706705,     0, 8,10:52:33,10:52:42,     9, 41.20, 41.20,  0.00
  12448434,  6047, 3,10:52:38,10:52:53,    15, 46.20, 45.90,  0.30
  12706705,     0, 7,10:52:45,10:53:11,    26, 41.20, 41.00,  0.20
  13008748,  7169, 4,10:50:58,10:53:32,   154, 43.10, 40.10,  3.00
         0,     0, 4,10:53:39,10:53:42,     3, 40.10, 43.30, -3.20
  12448434,  6047, 3,10:53:03,10:53:47,    44, 46.10, 43.40,  2.70
         0,     0, 3,10:53:55,10:53:56,     1, 43.40, 46.30, -2.90
  12448391,  6004, 2,10:52:11,10:54:50,   159, 43.90, 41.00,  2.90
         0,     0, 2,10:54:57,10:54:59,     2, 41.00, 44.00, -3.00
  12448521,  6134, 4,10:53:59,10:55:25,    86, 43.30, 28.90, 14.40
  12706705,     0, 8,10:53:24,10:55:34,   130, 41.10, 33.30,  7.80
         0,     0, 4,10:55:32,10:55:46,    14, 28.90, 28.80,  0.10
         0,     0, 8,10:55:43,10:55:51,     8, 33.30, 41.20, -7.90
  12448434,  6047, 3,10:56:33,10:57:38,    65, 46.40, 38.00,  8.40
         0,     0, 3,10:57:47,10:57:53,     6, 38.00, 37.90,  0.10
  11499184,  2074, 1,10:59:46,11:00:30,    44, 41.30, 26.10, 15.20
  12448391,  6004, 2,10:59:09,11:00:42,    93, 44.00, 38.40,  5.60
         0,     0, 1,11:00:37,11:00:51,    14, 26.10, 41.20,-15.10
         0,     0, 2,11:00:49,11:00:54,     5, 38.40, 44.10, -5.70
  11953971,  4001, 2,11:01:28,11:04:18,   170, 44.10, 18.60, 25.50
         0,     0, 2,11:04:25,11:04:50,    25, 18.60, 44.10,-25.50
  12706727,     0, 7,11:04:11,11:05:03,    52, 41.00, 36.20,  4.80
         0,     0, 7,11:05:11,11:05:17,     6, 36.20, 41.10, -4.90
  12706737,  7146, 3,11:03:20,11:08:06,   286, 46.00, 32.30, 13.70
         0,     0, 3,11:08:14,11:08:25,    11, 32.30, 32.30,  0.00
  12706621,  7030, 3,11:16:29,11:18:20,   111, 46.20, 32.20, 14.00
         0,     0, 3,11:18:27,11:18:38,    11, 32.20, 32.00,  0.20
  12706707,     0, 7,11:21:48,11:22:00,    12, 41.10, 40.00,  1.10
  12706624,  7033, 1,11:21:13,11:22:03,    50, 41.20, 39.80,  1.40
         0,     0, 7,11:22:09,11:22:09,     0, 40.00, 40.50, -0.50
         0,     0, 1,11:22:12,11:22:12,     0, 39.80, 41.20, -1.40
         0,     0, 7,11:22:34,11:22:37,     3, 38.60, 41.10, -2.50
  12706615,  7024, 2,11:21:31,11:22:47,    76, 44.10, 43.30,  0.80
  12706624,  7033, 1,11:22:33,11:22:58,    25, 41.20, 39.60,  1.60
         0,     0, 1,11:23:06,11:23:07,     1, 39.60, 41.20, -1.60
  12448434,  6047, 2,11:24:38,11:25:20,    42, 43.30, 37.30,  6.00
  12706613,  7022, 3,11:25:13,11:25:24,    11, 46.10, 45.40,  0.70
         0,     0, 2,11:25:29,11:25:34,     5, 37.30, 44.20, -6.90
  11499184,  2074, 3,11:25:59,11:26:05,     6, 45.50, 45.30,  0.20
  12448415,  6028, 2,11:25:44,11:28:06,   142, 44.10, 26.60, 17.50
  12706700,     0, 8,11:27:49,11:28:15,    26, 37.10, 30.40,  6.70
         0,     0, 2,11:28:14,11:28:31,    17, 26.60, 44.10,-17.50
         0,     0, 8,11:28:23,11:28:34,    11, 30.40, 41.20,-10.80
  11499184,  2074, 3,11:28:17,11:28:59,    42, 45.50, 35.90,  9.60
         0,     0, 3,11:29:08,11:29:16,     8, 35.90, 35.70,  0.20
  12706628,  7037, 1,11:30:43,11:33:21,   158, 41.20, 40.90,  0.30
  12448420,  6033, 4,11:29:17,11:33:23,   246, 43.40, 33.70,  9.70
         0,     0, 4,11:33:30,11:33:39,     9, 33.70, 43.20, -9.50
  12706620,  7029, 3,11:35:13,11:35:26,    13, 46.10, 46.10,  0.00
  12706620,  7029, 4,11:35:31,11:36:38,    67, 43.30, 42.60,  0.70
  11724205,     0, 7,11:34:03,11:37:21,   198, 41.20, 33.70,  7.50
  12706613,  7022, 2,11:37:12,11:37:30,    18, 44.00, 42.20,  1.80
         0,     0, 7,11:37:29,11:37:38,     9, 33.70, 41.10, -7.40
  12706620,  7029, 2,11:40:22,11:41:51,    89, 42.10, 27.60, 14.50
         0,     0, 2,11:42:00,11:42:15,    15, 27.60, 44.10,-16.50
  12706737,  7146, 3,11:40:08,11:45:26,   318, 46.10, 37.20,  8.90
         0,     0, 3,11:45:35,11:45:42,     7, 37.20, 46.00, -8.80
  12706609,  7018, 1,11:47:54,11:48:01,     7, 40.90, 40.90,  0.00
  21268732,  6126, 1,11:48:13,11:48:19,     6, 40.90, 40.90,  0.00
  12706609,  7018, 2,11:48:16,11:48:21,     5, 44.10, 44.10,  0.00
  11724167,  3067, 3,11:47:29,11:48:37,    68, 46.00, 24.20, 21.80
         0,     0, 3,11:48:45,11:49:03,    18, 24.20, 24.00,  0.20
  21268732,  6126, 2,11:48:31,11:49:03,    32, 44.10, 42.50,  1.60
  21268732,  6126, 2,11:49:13,11:49:42,    29, 42.60, 41.30,  1.30
  12706609,  7018, 1,11:49:40,11:49:45,     5, 40.90, 40.90,  0.00
         0,     0, 2,11:49:50,11:49:51,     1, 41.30, 44.10, -2.80
  12448434,  6047, 4,11:48:37,11:50:07,    90, 42.50, 37.20,  5.30
         0,     0, 4,11:50:14,11:50:20,     6, 37.20, 43.30, -6.10
  12706609,  7018, 1,11:49:55,11:51:01,    66, 40.90, 36.70,  4.20
  21268732,  6126, 2,11:50:01,11:51:05,    64, 44.10, 41.70,  2.40
         0,     0, 1,11:51:09,11:51:13,     4, 36.70, 41.20, -4.50
         0,     0, 2,11:51:13,11:51:14,     1, 41.70, 44.00, -2.30
  12706609,  7018, 2,11:51:24,11:52:19,    55, 44.00, 37.80,  6.20
         0,     0, 2,11:52:27,11:52:32,     5, 37.80, 44.10, -6.30
  13008906,     0, 7,11:53:17,11:54:08,    51, 41.10, 32.60,  8.50
         0,     0, 7,11:54:16,11:54:27,    11, 32.60, 41.10, -8.50
  12448451,     0, 7,12:01:04,12:02:09,    65, 41.10, 40.90,  0.20
  12448451,     0, 8,12:02:15,12:02:19,     4, 41.20, 41.10,  0.10
  12448472,     0, 7,12:02:29,12:02:48,    19, 40.90, 40.50,  0.40
  12199951,  5005, 3,12:00:58,12:03:33,   155, 46.10, 32.60, 13.50
         0,     0, 3,12:03:41,12:03:52,    11, 32.60, 46.10,-13.50
  12448472,     0, 8,12:03:22,12:03:54,    32, 40.60, 39.40,  1.20
         0,     0, 8,12:04:02,12:04:03,     1, 39.40, 41.00, -1.60
  12448472,     0, 8,12:04:24,12:05:04,    40, 40.00, 37.30,  2.70
         0,     0, 8,12:05:12,12:05:15,     3, 37.30, 41.30, -4.00
  12448472,     0, 8,12:06:04,12:06:09,     5, 39.70, 39.70,  0.00
         0,     0, 8,12:06:17,12:06:17,     0, 39.70, 41.20, -1.50
  12706642,  7051, 2,12:06:49,12:07:16,    27, 44.00, 43.60,  0.40
  12448472,     0, 7,12:06:38,12:07:17,    39, 40.50, 39.90,  0.60
         0,     0, 7,12:07:25,12:07:26,     1, 39.90, 41.00, -1.10
  12200083,  5137, 4,12:05:43,12:07:26,   103, 43.70, 27.00, 16.70
         0,     0, 4,12:07:34,12:07:50,    16, 27.00, 43.20,-16.20
  12706642,  7051, 2,12:07:44,12:08:10,    26, 43.70, 39.40,  4.30
         0,     0, 2,12:08:18,12:08:21,     3, 39.40, 44.10, -4.70
  12706707,     0, 8,12:08:38,12:08:39,     1, 41.20, 41.20,  0.00
  12706642,  7051, 2,12:08:31,12:08:53,    22, 44.10, 35.80,  8.30
         0,     0, 2,12:09:02,12:09:09,     7, 35.80, 44.10, -8.30
  12706707,     0, 7,12:09:10,12:09:19,     9, 41.00, 41.00,  0.00
  12706628,  7037, 3,12:13:37,12:14:49,    72, 46.10, 43.40,  2.70
         0,     0, 3,12:14:57,12:14:58,     1, 43.40, 46.20, -2.80
  12706609,  7018, 3,12:15:33,12:16:32,    59, 46.20, 36.70,  9.50
         0,     0, 3,12:16:39,12:16:46,     7, 36.70, 46.10, -9.40
  12448437,  6050, 4,12:16:18,12:18:34,   136, 43.40, 31.10, 12.30
  12706727,     0, 8,12:17:58,12:18:42,    44, 41.10, 33.80,  7.30
  12706628,  7037, 3,12:16:57,12:18:50,   113, 46.00, 37.60,  8.40
         0,     0, 4,12:18:41,12:18:53,    12, 31.10, 43.20,-12.10
         0,     0, 8,12:18:49,12:18:56,     7, 33.80, 41.20, -7.40
         0,     0, 3,12:18:58,12:19:04,     6, 37.60, 37.60,  0.00
  12706628,  7037, 3,12:20:10,12:21:09,    59, 46.10, 44.10,  2.00
  12706707,     0, 7,12:23:12,12:23:13,     1, 40.00, 40.00,  0.00
         0,     0, 7,12:23:20,12:23:21,     1, 40.00, 40.40, -0.40
         0,     0, 7,12:24:10,12:24:15,     5, 36.80, 41.20, -4.40
  13008774,  8015, 4,12:23:34,12:24:15,    41, 43.80, 41.60,  2.20
         0,     0, 4,12:24:22,12:24:23,     1, 41.60, 43.20, -1.60
  12200083,  5137, 4,12:28:26,12:29:12,    46, 43.30, 31.40, 11.90
         0,     0, 4,12:29:20,12:29:31,    11, 31.40, 43.30,-11.90
  12200091,  5145, 2,12:31:57,12:32:13,    16, 44.00, 43.90,  0.10
  12706656,  7065, 4,12:30:31,12:32:30,   119, 43.40, 30.50, 12.90
         0,     0, 4,12:32:37,12:32:49,    12, 30.50, 43.20,-12.70
  12200091,  5145, 2,12:32:44,12:33:00,    16, 44.00, 43.50,  0.50
  12200091,  5145, 2,12:33:10,12:34:10,    60, 43.50, 22.90, 20.60
         0,     0, 2,12:34:18,12:34:38,    20, 22.90, 44.10,-21.20
  12706620,  7029, 2,12:35:19,12:35:24,     5, 44.10, 44.10,  0.00
  12448518,  6131, 2,12:35:55,12:36:31,    36, 44.10, 37.20,  6.90
  12706620,  7029, 1,12:35:40,12:36:36,    56, 41.30, 34.70,  6.60
         0,     0, 2,12:36:38,12:36:43,     5, 37.20, 44.00, -6.80
         0,     0, 1,12:36:43,12:36:49,     6, 34.70, 41.20, -6.50
  12200085,  5139, 4,12:37:03,12:37:14,    11, 43.30, 43.70, -0.40
  12448518,  6131, 2,12:37:47,12:37:52,     5, 43.90, 43.40,  0.50
  13008774,  8015, 1,12:38:03,12:38:24,    21, 41.20, 40.60,  0.60
  12200085,  5139, 4,12:37:24,12:38:36,    72, 43.80, 25.40, 18.40
  13008842,     0, 8,12:38:36,12:38:37,     1, 41.20, 41.20,  0.00
  13008842,     0, 8,12:38:46,12:38:47,     1, 41.10, 41.10,  0.00
         0,     0, 4,12:38:43,12:39:00,    17, 25.40, 43.20,-17.80
  13008774,  8015, 1,12:38:37,12:39:31,    54, 40.60, 33.20,  7.40
         0,     0, 1,12:39:39,12:39:46,     7, 33.20, 41.30, -8.10
  12200085,  5139, 1,12:40:34,12:41:16,    42, 41.30, 39.10,  2.20
         0,     0, 1,12:41:24,12:41:25,     1, 39.10, 41.20, -2.10
  13008842,     0, 7,12:42:24,12:42:44,    20, 41.20, 39.70,  1.50
         0,     0, 7,12:42:51,12:42:53,     2, 39.70, 40.60, -0.90
  12448417,  6030, 4,12:44:29,12:45:52,    83, 43.40, 27.50, 15.90
         0,     0, 4,12:45:59,12:46:14,    15, 27.50, 43.30,-15.80
  12706610,  7019, 2,12:49:06,12:50:33,    87, 43.40, 28.90, 14.50
         0,     0, 2,12:50:40,12:50:54,    14, 28.90, 44.10,-15.20
  12448518,  6131, 2,12:51:06,12:51:50,    44, 44.10, 32.70, 11.40
         0,     0, 2,12:51:58,12:52:08,    10, 32.70, 44.00,-11.30
  11499117,  2007, 4,12:52:44,12:54:13,    89, 43.60, 30.90, 12.70
         0,     0, 4,12:54:21,12:54:33,    12, 30.90, 30.90,  0.00
  13008842,     0, 7,12:56:35,12:56:41,     6, 40.70, 40.60,  0.10
  13008842,     0, 8,12:58:16,12:58:22,     6, 41.00, 41.00,  0.00
  13008738,  7159, 4,12:56:03,12:58:47,   164, 43.60, 25.50, 18.10
  13008842,     0, 8,12:58:36,12:58:50,    14, 41.00, 37.80,  3.20
         0,     0, 8,12:58:58,12:59:01,     3, 37.80, 41.20, -3.40
         0,     0, 4,12:58:55,12:59:12,    17, 25.50, 43.10,-17.60
  12706642,  7051, 4,12:59:23,12:59:46,    23, 43.20, 41.20,  2.00
         0,     0, 4,12:59:53,12:59:54,     1, 41.20, 43.30, -2.10
  12706642,  7051, 4,13:00:05,13:00:44,    39, 43.30, 37.90,  5.40
         0,     0, 4,13:00:51,13:00:56,     5, 37.90, 43.30, -5.40
  12706618,  7027, 3,13:07:33,13:08:09,    36, 44.20, 34.10, 10.10
  12448392,  6005, 4,13:06:26,13:08:11,   105, 43.20, 23.90, 19.30
         0,     0, 3,13:08:18,13:08:28,    10, 34.10, 45.90,-11.80
         0,     0, 4,13:08:19,13:08:38,    19, 23.90, 43.30,-19.40
  12200086,  5140, 2,13:09:32,13:09:46,    14, 44.00, 42.70,  1.30
  12200086,  5140, 2,13:10:05,13:10:31,    26, 42.70, 41.20,  1.50
         0,     0, 2,13:10:38,13:10:39,     1, 41.20, 44.10, -2.90
  12200086,  5140, 1,13:10:42,13:10:53,    11, 41.30, 40.00,  1.30
  13008842,     0, 7,13:10:32,13:10:52,    20, 40.70, 40.30,  0.40
  13008842,     0, 7,13:11:16,13:11:19,     3, 37.50, 37.60, -0.10
         0,     0, 7,13:11:27,13:11:31,     4, 37.60, 41.20, -3.60
  12706618,  7027, 4,13:16:27,13:16:43,    16, 43.50, 40.80,  2.70
  12448434,  6047, 3,13:14:51,13:16:44,   113, 46.00, 34.10, 11.90
         0,     0, 4,13:16:50,13:16:52,     2, 40.80, 43.30, -2.50
         0,     0, 3,13:16:53,13:17:02,     9, 34.10, 34.00,  0.10
  12200086,  5140, 4,13:22:33,13:23:37,    64, 43.30, 37.00,  6.30
         0,     0, 4,13:23:45,13:23:50,     5, 37.00, 43.20, -6.20
  12706705,     0, 7,13:28:32,13:29:07,    35, 41.10, 41.00,  0.10
  12706705,     0, 8,13:29:20,13:29:36,    16, 40.70, 40.20,  0.50
  12706707,     0, 7,13:29:26,13:29:47,    21, 40.10, 38.60,  1.50
         0,     0, 7,13:29:55,13:29:58,     3, 38.60, 41.10, -2.50
         0,     0, 8,13:30:05,13:30:07,     2, 38.90, 41.30, -2.40
  12706707,     0, 8,13:30:20,13:30:30,    10, 40.10, 37.70,  2.40
         0,     0, 8,13:30:38,13:30:41,     3, 37.70, 41.20, -3.50
  11499117,  2007, 1,13:30:36,13:30:46,    10, 40.00, 37.10,  2.90
         0,     0, 1,13:30:53,13:30:56,     3, 37.10, 41.30, -4.20
  12706705,     0, 7,13:30:54,13:30:55,     1, 40.70, 40.40,  0.30
  12706705,     0, 7,13:31:06,13:31:47,    41, 40.30, 38.10,  2.20
         0,     0, 7,13:31:56,13:31:59,     3, 38.10, 41.10, -3.00
  21268732,  6126, 3,13:31:46,13:33:25,    99, 46.10, 41.80,  4.30
         0,     0, 3,13:33:33,13:33:35,     2, 41.80, 45.90, -4.10
  21268732,  6126, 3,13:33:52,13:34:18,    26, 45.90, 42.60,  3.30
         0,     0, 3,13:34:27,13:34:29,     2, 42.60, 46.20, -3.60
  12706642,  7051, 1,13:34:08,13:34:27,    19, 41.30, 37.00,  4.30
         0,     0, 1,13:34:35,13:34:38,     3, 37.00, 41.20, -4.20
  11499117,  2007, 1,13:34:48,13:35:01,    13, 41.30, 37.70,  3.60
         0,     0, 1,13:35:09,13:35:12,     3, 37.70, 41.30, -3.60
  11499117,  2007, 2,13:35:17,13:35:32,    15, 43.90, 39.40,  4.50
         0,     0, 2,13:35:39,13:35:42,     3, 39.40, 44.10, -4.70
  21268732,  6126, 3,13:35:07,13:35:48,    41, 46.30, 43.80,  2.50
  12706707,     0, 8,13:35:42,13:35:47,     5, 35.20, 35.20,  0.00
         0,     0, 3,13:35:56,13:35:57,     1, 43.80, 45.90, -2.10
         0,     0, 8,13:35:56,13:36:02,     6, 35.20, 41.20, -6.00
  12448451,     0, 8,13:36:46,13:36:50,     4, 41.30, 41.20,  0.10
  11499231,     0, 8,13:37:09,13:37:42,    33, 41.20, 39.10,  2.10
         0,     0, 8,13:37:50,13:37:51,     1, 39.10, 41.20, -2.10
  12448415,  6028, 2,13:35:52,13:38:34,   162, 44.00, 26.50, 17.50
         0,     0, 2,13:38:43,13:38:59,    16, 26.50, 44.00,-17.50
  11499231,     0, 8,13:38:05,13:40:05,   120, 41.20, 29.10, 12.10
         0,     0, 8,13:40:13,13:40:25,    12, 29.10, 41.20,-12.10
  12448451,     0, 8,13:41:44,13:41:49,     5, 41.30, 41.20,  0.10
  12448451,     0, 7,13:41:53,13:43:11,    78, 41.10, 30.70, 10.40
         0,     0, 7,13:43:19,13:43:33,    14, 30.70, 41.10,-10.40
  12706642,  7051, 1,13:42:42,13:43:56,    74, 41.30, 32.90,  8.40
         0,     0, 1,13:44:03,13:44:10,     7, 32.90, 41.30, -8.40
  12706618,  7027, 4,13:43:45,13:44:36,    51, 43.50, 30.40, 13.10
         0,     0, 4,13:44:45,13:44:57,    12, 30.40, 43.20,-12.80
  21268732,  6126, 1,13:45:36,13:47:54,   138, 41.30, 36.30,  5.00
         0,     0, 1,13:48:01,13:48:05,     4, 36.30, 41.30, -5.00
  12448434,  6047, 1,13:48:15,13:48:16,     1, 41.30, 41.30,  0.00
  12448434,  6047, 2,13:48:23,13:49:26,    63, 44.00, 37.30,  6.70
         0,     0, 2,13:49:33,13:49:38,     5, 37.30, 44.00, -6.70
  12706727,     0, 7,13:54:15,13:54:31,    16, 41.20, 39.80,  1.40
         0,     0, 7,13:54:40,13:54:41,     1, 39.80, 41.00, -1.20
  11499117,  2007, 4,13:56:28,13:57:10,    42, 43.20, 33.10, 10.10
         0,     0, 4,13:57:18,13:57:27,     9, 33.10, 43.20,-10.10
  12706601,  7010, 4,14:08:20,14:11:01,   161, 43.30, 23.70, 19.60
  21268732,  6126, 1,14:08:30,14:11:09,   159, 41.30, 38.50,  2.80
         0,     0, 4,14:11:10,14:11:28,    18, 23.70, 43.20,-19.50
  11954042,  4072, 3,14:11:12,14:14:05,   173, 45.90, 26.50, 19.40
         0,     0, 3,14:14:13,14:14:29,    16, 26.50, 26.40,  0.10
  13008906,     0, 8,14:15:53,14:15:57,     4, 41.10, 41.10,  0.00
  13008906,     0, 8,14:16:09,14:16:59,    50, 41.10, 36.40,  4.70
         0,     0, 8,14:17:07,14:17:11,     4, 36.40, 41.20, -4.80
  21268732,  6126, 2,14:20:32,14:21:42,    70, 43.90, 42.40,  1.50
  12448521,  6134, 4,14:26:43,14:28:14,    91, 43.60, 43.80, -0.20
  12706656,  7065, 1,14:29:17,14:30:44,    87, 38.50, 23.80, 14.70
         0,     0, 1,14:30:51,14:31:08,    17, 23.80, 41.40,-17.60
  12448420,  6033, 4,14:31:28,14:32:22,    54, 43.70, 40.30,  3.40
         0,     0, 4,14:32:30,14:32:32,     2, 40.30, 43.20, -2.90
  13008906,     0, 7,14:32:01,14:32:40,    39, 41.00, 35.00,  6.00
         0,     0, 7,14:32:49,14:32:57,     8, 35.00, 41.10, -6.10
  12448521,  6134, 4,14:35:27,14:36:27,    60, 43.30, 37.70,  5.60
         0,     0, 4,14:36:35,14:36:40,     5, 37.70, 43.30, -5.60
  12200081,  5135, 4,14:36:51,14:38:03,    72, 43.30, 38.60,  4.70
         0,     0, 4,14:38:11,14:38:15,     4, 38.60, 43.30, -4.70
  12200081,  5135, 4,14:38:25,14:38:45,    20, 43.30, 38.60,  4.70
         0,     0, 4,14:38:53,14:38:57,     4, 38.60, 38.50,  0.10
  12200081,  5135, 4,14:39:07,14:40:04,    57, 43.10, 26.80, 16.30
         0,     0, 4,14:40:12,14:40:28,    16, 26.80, 43.20,-16.40
  12706615,  7024, 2,14:40:37,14:42:42,   125, 42.30, 24.40, 17.90
         0,     0, 2,14:42:49,14:43:08,    19, 24.40, 44.00,-19.60
  12448437,  6050, 4,14:43:22,14:44:11,    49, 43.30, 44.10, -0.80
  12448437,  6050, 4,14:44:31,14:45:36,    65, 44.00, 43.30,  0.70
  12706610,  7019, 2,14:45:32,14:46:13,    41, 44.10, 39.30,  4.80
         0,     0, 2,14:46:20,14:46:23,     3, 39.30, 44.10, -4.80
  12448437,  6050, 3,14:45:40,14:46:58,    78, 46.10, 37.40,  8.70
  12706614,  7023, 4,14:45:56,14:47:02,    66, 43.30, 43.20,  0.10
         0,     0, 3,14:47:07,14:47:13,     6, 37.40, 37.20,  0.20
  12706614,  7023, 3,14:48:07,14:49:06,    59, 46.20, 28.40, 17.80
         0,     0, 3,14:49:14,14:49:28,    14, 28.40, 28.30,  0.10
  12706610,  7019, 2,14:49:13,14:49:28,    15, 44.10, 43.00,  1.10
  12448516,  6129, 4,14:47:12,14:50:16,   184, 43.20, 29.40, 13.80
         0,     0, 4,14:50:25,14:50:38,    13, 29.40, 43.30,-13.90
  12706634,  7043, 2,14:51:38,14:52:02,    24, 43.00, 42.90,  0.10
  12706634,  7043, 1,14:52:13,14:52:50,    37, 41.40, 38.80,  2.60
         0,     0, 1,14:52:59,14:53:00,     1, 38.80, 41.30, -2.50
  12448392,  6005, 3,14:52:57,14:52:58,     1, 46.20, 46.10,  0.10
  12706634,  7043, 1,14:53:10,14:53:37,    27, 41.40, 35.90,  5.50
         0,     0, 1,14:53:45,14:53:49,     4, 35.90, 41.20, -5.30
  12706634,  7043, 2,14:53:45,14:54:18,    33, 42.90, 34.40,  8.50
  12448392,  6005, 3,14:53:46,14:54:28,    42, 46.20, 39.50,  6.70
         0,     0, 2,14:54:27,14:54:35,     8, 34.40, 44.00, -9.60
         0,     0, 3,14:54:37,14:54:42,     5, 39.50, 39.30,  0.20
  12706634,  7043, 2,14:54:48,14:55:18,    30, 44.00, 37.10,  6.90
         0,     0, 2,14:55:26,14:55:32,     6, 37.10, 44.00, -6.90
  12448437,  6050, 3,15:01:17,15:01:28,    11, 46.20, 46.10,  0.10
  12706700,     0, 8,15:08:09,15:08:58,    49, 41.10, 31.70,  9.40
         0,     0, 8,15:09:07,15:09:16,     9, 31.70, 41.20, -9.50
  12706700,     0, 7,15:09:39,15:10:03,    24, 41.10, 39.50,  1.60
         0,     0, 7,15:10:12,15:10:13,     1, 39.50, 41.10, -1.60
  12448472,     0, 7,15:16:07,15:17:16,    69, 41.10, 39.80,  1.30
         0,     0, 7,15:17:24,15:17:25,     1, 39.80, 41.00, -1.20
  12448472,     0, 8,15:18:02,15:18:14,    12, 34.50, 34.50,  0.00
         0,     0, 8,15:18:23,15:18:29,     6, 34.50, 41.30, -6.80
  11724205,     0, 7,15:23:28,15:27:59,   271, 41.00, 28.80, 12.20
         0,     0, 7,15:28:07,15:28:23,    16, 28.80, 41.10,-12.30
  12199961,     0, 5,15:32:56,15:32:57,     1,  0.60,  0.60,  0.00
         0,     0, 5,15:33:04,15:33:42,    38,  0.60, 41.60,-41.00
  12706618,  7027, 1,15:41:13,15:41:18,     5, 41.30, 41.30,  0.00
  12706618,  7027, 1,15:41:29,15:42:05,    36, 41.30, 35.00,  6.30
         0,     0, 1,15:42:13,15:42:19,     6, 35.00, 41.20, -6.20
  12706618,  7027, 1,15:42:29,15:43:17,    48, 41.20, 26.20, 15.00
         0,     0, 1,15:43:26,15:43:41,    15, 26.20, 41.30,-15.10
  13008774,  8015, 3,15:44:01,15:44:21,    20, 46.20, 44.30,  1.90
  12706705,     0, 8,15:44:06,15:44:30,    24, 41.00, 40.70,  0.30
  12199951,  5005, 1,15:44:50,15:44:53,     3, 41.30, 41.30,  0.00
  12706705,     0, 8,15:44:42,15:46:29,   107, 40.70, 31.70,  9.00
         0,     0, 8,15:46:38,15:46:48,    10, 31.70, 41.20, -9.50
  12706727,     0, 7,15:46:08,15:46:49,    41, 41.10, 35.40,  5.70
         0,     0, 7,15:46:57,15:47:04,     7, 35.40, 41.10, -5.70
  12706621,  7030, 2,15:46:26,15:47:05,    39, 43.90, 28.60, 15.30
  13008774,  8015, 4,15:46:24,15:47:08,    44, 43.80, 36.40,  7.40
         0,     0, 4,15:47:16,15:47:22,     6, 36.40, 43.20, -6.80
         0,     0, 2,15:47:12,15:47:27,    15, 28.60, 44.10,-15.50
  12448517,  6130, 2,15:56:24,15:56:38,    14, 44.10, 42.70,  1.40
  12448517,  6130, 2,15:56:47,15:56:55,     8, 42.70, 42.70,  0.00
  12448517,  6130, 2,15:57:05,15:57:18,    13, 42.70, 41.90,  0.80
         0,     0, 2,15:57:26,15:57:26,     0, 41.90, 43.80, -1.90
  12706613,  7022, 2,15:59:05,15:59:25,    20, 43.80, 41.00,  2.80
         0,     0, 2,15:59:33,15:59:35,     2, 41.00, 44.00, -3.00
  12706613,  7022, 1,15:59:30,16:00:21,    51, 41.30, 31.50,  9.80
         0,     0, 1,16:00:30,16:00:40,    10, 31.50, 41.70,-10.20
  11724167,  3067, 2,15:59:46,16:00:46,    60, 44.00, 16.80, 27.20
  12448521,  6134, 1,16:00:50,16:01:09,    19, 41.20, 40.00,  1.20
         0,     0, 1,16:01:18,16:01:18,     0, 40.00, 40.60, -0.60
         0,     0, 2,16:00:54,16:01:25,    31, 16.80, 44.00,-27.20
  12448521,  6134, 1,16:01:28,16:02:08,    40, 40.60, 33.10,  7.50
         0,     0, 1,16:02:16,16:02:24,     8, 33.10, 41.30, -8.20
  12200091,  5145, 2,16:01:43,16:02:23,    40, 44.00, 35.90,  8.10
         0,     0, 2,16:02:32,16:02:40,     8, 35.90, 44.00, -8.10
  12706624,  7033, 3,16:03:06,16:03:27,    21, 44.40, 42.90,  1.50
         0,     0, 3,16:03:35,16:03:37,     2, 42.90, 46.20, -3.30
  12200079,  5133, 4,16:03:01,16:04:13,    72, 43.20, 25.40, 17.80
         0,     0, 4,16:04:21,16:04:38,    17, 25.40, 43.20,-17.80
  12706609,  7018, 1,16:06:37,16:07:38,    61, 41.30, 28.10, 13.20
  12448517,  6130, 2,16:04:13,16:07:52,   219, 44.00, 22.90, 21.10
         0,     0, 1,16:07:46,16:07:58,    12, 28.10, 41.20,-13.10
  11499184,  2074, 3,16:07:25,16:07:59,    34, 46.30, 32.90, 13.40
  12706624,  7033, 4,16:06:17,16:08:04,   107, 43.50, 27.10, 16.40
         0,     0, 3,16:08:08,16:08:20,    12, 32.90, 45.90,-13.00
         0,     0, 2,16:08:01,16:08:23,    22, 22.90, 44.00,-21.10
         0,     0, 4,16:08:11,16:08:28,    17, 27.10, 43.30,-16.20
  21268732,  6126, 1,16:09:40,16:10:28,    48, 41.20, 39.30,  1.90
         0,     0, 1,16:10:36,16:10:37,     1, 39.30, 41.30, -2.00
  21268732,  6126, 2,16:10:43,16:11:43,    60, 44.00, 41.00,  3.00
         0,     0, 2,16:11:51,16:11:53,     2, 41.00, 44.00, -3.00
  12706630,  7039, 3,16:11:06,16:12:22,    76, 46.00, 42.60,  3.40
         0,     0, 3,16:12:30,16:12:32,     2, 42.60, 46.20, -3.60
  12448392,  6005, 1,16:11:52,16:12:42,    50, 41.30, 33.10,  8.20
         0,     0, 1,16:12:49,16:12:56,     7, 33.10, 41.20, -8.10
  12706630,  7039, 4,16:12:26,16:13:38,    72, 43.90, 30.60, 13.30
         0,     0, 4,16:13:45,16:13:57,    12, 30.60, 43.20,-12.60
  12448437,  6050, 3,16:12:49,16:14:07,    78, 46.10, 37.30,  8.80
         0,     0, 3,16:14:15,16:14:22,     7, 37.30, 37.20,  0.10
  21268732,  6126, 2,16:15:11,16:15:38,    27, 43.90, 42.80,  1.10
  13008748,  7169, 4,16:14:33,16:16:16,   103, 43.70, 42.60,  1.10
  13008906,     0, 8,16:16:39,16:17:11,    32, 41.10, 37.60,  3.50
  12199951,  5005, 1,16:16:15,16:17:19,    64, 41.30, 38.50,  2.80
         0,     0, 8,16:17:19,16:17:22,     3, 37.60, 41.20, -3.60
         0,     0, 1,16:17:27,16:17:29,     2, 38.50, 41.40, -2.90
  12706621,  7030, 2,16:17:32,16:18:21,    49, 42.80, 32.90,  9.90
         0,     0, 2,16:18:29,16:18:39,    10, 32.90, 44.10,-11.20
  13008748,  7169, 4,16:16:27,16:18:46,   139, 42.50, 36.10,  6.40
         0,     0, 4,16:18:53,16:19:00,     7, 36.10, 43.10, -7.00
  12199951,  5005, 1,16:17:39,16:19:09,    90, 41.40, 29.00, 12.40
         0,     0, 1,16:19:17,16:19:29,    12, 29.00, 41.30,-12.30
  13008748,  7169, 4,16:19:13,16:20:33,    80, 43.10, 38.50,  4.60
  12706737,  7146, 3,16:16:40,16:20:40,   240, 46.20, 33.50, 12.70
         0,     0, 4,16:20:40,16:20:44,     4, 38.50, 43.20, -4.70
  12706707,     0, 8,16:20:24,16:20:45,    21, 41.20, 40.40,  0.80
         0,     0, 3,16:20:47,16:20:57,    10, 33.50, 33.50,  0.00
  11499117,  2007, 1,16:20:05,16:20:58,    53, 41.40, 29.90, 11.50
  12706707,     0, 8,16:20:58,16:21:05,     7, 40.40, 39.00,  1.40
  12200083,  5137, 4,16:20:54,16:21:05,    11, 43.00, 43.30, -0.30
         0,     0, 8,16:21:13,16:21:14,     1, 39.00, 41.10, -2.10
         0,     0, 1,16:21:06,16:21:17,    11, 29.90, 41.20,-11.30
  12448408,  6021, 2,16:20:01,16:21:21,    80, 44.10, 23.70, 20.40
         0,     0, 2,16:21:28,16:21:48,    20, 23.70, 44.00,-20.30
  12200083,  5137, 3,16:21:32,16:22:43,    71, 46.20, 36.20, 10.00
  12448391,  6004, 4,16:21:56,16:22:56,    60, 43.20, 29.40, 13.80
         0,     0, 3,16:22:51,16:22:59,     8, 36.20, 36.20,  0.00
  13008774,  8015, 1,16:21:58,16:23:07,    69, 41.20, 35.80,  5.40
         0,     0, 4,16:23:03,16:23:16,    13, 29.40, 43.10,-13.70
         0,     0, 1,16:23:14,16:23:19,     5, 35.80, 41.20, -5.40
  12706613,  7022, 2,16:23:16,16:23:50,    34, 44.10, 39.00,  5.10
         0,     0, 2,16:23:58,16:24:02,     4, 39.00, 44.00, -5.00
  12448420,  6033, 4,16:23:26,16:25:39,   133, 43.20, 33.90,  9.30
         0,     0, 4,16:25:48,16:25:57,     9, 33.90, 43.20, -9.30
  12706601,  7010, 2,16:25:54,16:26:05,    11, 44.10, 43.50,  0.60
  12706656,  7065, 1,16:25:27,16:27:17,   110, 41.20, 31.50,  9.70
         0,     0, 1,16:27:24,16:27:33,     9, 31.50, 41.30, -9.80
  12706601,  7010, 2,16:26:15,16:27:40,    85, 43.50, 33.30, 10.20
         0,     0, 2,16:27:48,16:27:58,    10, 33.30, 44.10,-10.80
  12448518,  6131, 2,16:28:08,16:29:32,    84, 44.10, 25.20, 18.90
  12706601,  7010, 1,16:27:44,16:29:45,   121, 41.30, 34.90,  6.40
         0,     0, 1,16:29:53,16:29:59,     6, 34.90, 41.20, -6.30
         0,     0, 2,16:29:40,16:29:59,    19, 25.20, 44.00,-18.80
  13008738,  7159, 4,16:27:54,16:30:17,   143, 43.40, 26.00, 17.40
         0,     0, 4,16:30:24,16:30:41,    17, 26.00, 43.30,-17.30
  12706620,  7029, 3,16:29:09,16:31:00,   111, 46.20, 29.30, 16.90
         0,     0, 3,16:31:07,16:31:21,    14, 29.30, 29.20,  0.10
  12706628,  7037, 1,16:30:48,16:31:37,    49, 41.20, 37.00,  4.20
         0,     0, 1,16:31:45,16:31:48,     3, 37.00, 41.30, -4.30
  12706628,  7037, 1,16:31:58,16:32:43,    45, 41.30, 36.20,  5.10
         0,     0, 1,16:32:51,16:32:55,     4, 36.20, 41.30, -5.10
  12200085,  5139, 2,16:31:56,16:33:31,    95, 44.00, 27.90, 16.10
         0,     0, 2,16:33:38,16:33:54,    16, 27.90, 44.10,-16.20
  12448516,  6129, 4,16:34:01,16:34:26,    25, 43.40, 37.50,  5.90
  13008774,  8015, 1,16:33:55,16:34:35,    40, 41.30, 39.60,  1.70
         0,     0, 4,16:34:34,16:34:39,     5, 37.50, 37.50,  0.00
         0,     0, 1,16:34:44,16:34:45,     1, 39.60, 41.20, -1.60
  12448516,  6129, 3,16:34:36,16:35:13,    37, 46.20, 44.30,  1.90
  13008774,  8015, 1,16:34:58,16:35:42,    44, 41.20, 38.30,  2.90
         0,     0, 1,16:35:49,16:35:51,     2, 38.30, 41.30, -3.00
  12706610,  7019, 4,16:34:52,16:35:55,    63, 43.20, 25.60, 17.60
         0,     0, 4,16:36:03,16:36:20,    17, 25.60, 25.60,  0.00
  13008774,  8015, 1,16:36:07,16:37:13,    66, 41.30, 38.60,  2.70
  12200079,  5133, 2,16:35:28,16:37:16,   108, 44.00, 26.10, 17.90
         0,     0, 1,16:37:20,16:37:22,     2, 38.60, 41.30, -2.70
         0,     0, 2,16:37:24,16:37:42,    18, 26.10, 44.10,-18.00
  13008774,  8015, 1,16:37:50,16:38:34,    44, 41.20, 40.00,  1.20
  12706620,  7029, 2,16:38:30,16:39:34,    64, 44.20, 36.90,  7.30
         0,     0, 2,16:39:42,16:39:48,     6, 36.90, 44.00, -7.10
  12448521,  6134, 1,16:39:59,16:40:57,    58, 40.00, 26.80, 13.20
  12706737,  7146, 4,16:40:42,16:40:59,    17, 43.40, 43.60, -0.20
         0,     0, 1,16:41:05,16:41:19,    14, 26.80, 41.30,-14.50
  12706707,     0, 7,16:41:50,16:41:51,     1, 40.40, 40.40,  0.00
  12706707,     0, 7,16:42:34,16:42:35,     1, 39.70, 39.70,  0.00
         0,     0, 7,16:42:43,16:42:44,     1, 39.70, 41.00, -1.30
  12706707,     0, 8,16:42:55,16:43:07,    12, 41.10, 38.40,  2.70
  12200081,  5135, 4,16:42:47,16:43:09,    22, 43.60, 40.20,  3.40
         0,     0, 8,16:43:16,16:43:18,     2, 38.40, 41.20, -2.80
         0,     0, 4,16:43:16,16:43:19,     3, 40.20, 43.30, -3.10
  12200083,  5137, 2,16:43:29,16:44:08,    39, 44.00, 33.60, 10.40
         0,     0, 2,16:44:16,16:44:26,    10, 33.60, 44.10,-10.50
  12706707,     0, 8,16:44:33,16:44:34,     1, 39.60, 39.60,  0.00
         0,     0, 8,16:44:42,16:44:43,     1, 39.60, 41.20, -1.60
  12200081,  5135, 2,16:45:06,16:45:37,    31, 44.10, 37.70,  6.40
         0,     0, 2,16:45:44,16:45:49,     5, 37.70, 44.10, -6.40
  12706642,  7051, 4,16:44:30,16:46:23,   113, 43.30, 32.80, 10.50
  12200081,  5135, 2,16:46:00,16:46:28,    28, 44.10, 38.50,  5.60
         0,     0, 2,16:46:36,16:46:40,     4, 38.50, 44.10, -5.60
         0,     0, 4,16:46:31,16:46:41,    10, 32.80, 43.30,-10.50
  12706707,     0, 8,16:46:44,16:47:00,    16, 41.10, 40.10,  1.00
  12448434,  6047, 4,16:46:52,16:48:13,    81, 43.30, 38.80,  4.50
         0,     0, 4,16:48:20,16:48:24,     4, 38.80, 43.30, -4.50
  11724217,  3117, 2,16:49:54,16:50:26,    32, 44.10, 36.70,  7.40
         0,     0, 2,16:50:33,16:50:39,     6, 36.70, 44.10, -7.40
  12448391,  6004, 3,16:50:22,16:51:13,    51, 44.40, 32.80, 11.60
         0,     0, 3,16:51:20,16:51:31,    11, 32.80, 32.70,  0.10
  13008748,  7169, 4,16:49:07,16:52:41,   214, 43.40, 35.00,  8.40
  12448408,  6021, 3,16:51:43,16:52:42,    59, 32.70, 27.30,  5.40
         0,     0, 4,16:52:48,16:52:56,     8, 35.00, 43.10, -8.10
         0,     0, 3,16:52:51,16:53:07,    16, 27.30, 27.10,  0.20
  12706620,  7029, 1,16:54:26,16:55:29,    63, 41.30, 37.40,  3.90
         0,     0, 1,16:55:37,16:55:40,     3, 37.40, 41.30, -3.90
  12448516,  6129, 4,16:57:17,16:58:01,    44, 43.10, 31.10, 12.00
         0,     0, 4,16:58:08,16:58:20,    12, 31.10, 43.30,-12.20
  12706630,  7039, 4,16:58:39,16:58:40,     1, 43.30, 43.60, -0.30
  12706630,  7039, 3,16:58:44,16:59:49,    65, 46.10, 32.70, 13.40
         0,     0, 3,16:59:57,17:00:08,    11, 32.70, 32.70,  0.00
  12448392,  6005, 1,16:59:40,17:00:32,    52, 41.30, 26.50, 14.80
         0,     0, 1,17:00:40,17:00:56,    16, 26.50, 41.20,-14.70
  12706628,  7037, 4,17:00:54,17:01:36,    42, 43.60, 35.70,  7.90
         0,     0, 4,17:01:44,17:01:52,     8, 35.70, 43.00, -7.30
  11724217,  3117, 1,17:03:01,17:04:10,    69, 41.20, 23.00, 18.20
         0,     0, 1,17:04:18,17:04:38,    20, 23.00, 41.20,-18.20
  12200086,  5140, 3,17:02:41,17:04:38,   117, 46.20, 31.80, 14.40
         0,     0, 3,17:04:46,17:04:59,    13, 31.80, 31.70,  0.10
  12448415,  6028, 2,17:02:23,17:05:12,   169, 44.10, 25.90, 18.20
         0,     0, 2,17:05:21,17:05:42,    21, 25.90, 44.00,-18.10
  12706628,  7037, 4,17:06:03,17:06:35,    32, 43.10, 39.30,  3.80
         0,     0, 4,17:06:44,17:06:47,     3, 39.30, 43.10, -3.80
  11953971,  4001, 4,17:07:31,17:09:27,   116, 43.20, 29.90, 13.30
         0,     0, 4,17:09:35,17:09:48,    13, 29.90, 43.60,-13.70
  13008842,     0, 7,17:13:19,17:13:32,    13, 41.00, 40.10,  0.90
  13008842,     0, 7,17:14:51,17:14:54,     3, 40.10, 40.10,  0.00
  13008842,     0, 7,17:15:06,17:15:30,    24, 40.10, 36.70,  3.40
         0,     0, 7,17:15:38,17:15:43,     5, 36.70, 41.00, -4.30
  12199951,  5005, 4,17:18:21,17:20:08,   107, 43.40, 32.10, 11.30
         0,     0, 4,17:20:16,17:20:27,    11, 32.10, 43.20,-11.10
  12448517,  6130, 2,17:22:25,17:22:52,    27, 43.90, 41.30,  2.60
         0,     0, 2,17:22:59,17:23:00,     1, 41.30, 44.10, -2.80
  12706628,  7037, 4,17:22:40,17:23:00,    20, 43.40, 42.10,  1.30
  11954042,  4072, 3,17:23:37,17:24:08,    31, 45.90, 45.70,  0.20
  12448516,  6129, 3,17:25:26,17:26:00,    34, 45.70, 38.30,  7.40
         0,     0, 3,17:26:08,17:26:14,     6, 38.30, 38.10,  0.20
  12706614,  7023, 2,17:26:12,17:26:18,     6, 44.10, 44.00,  0.10
  12448517,  6130, 1,17:27:09,17:27:32,    23, 41.20, 40.00,  1.20
         0,     0, 1,17:27:39,17:27:39,     0, 40.00, 40.50, -0.50
  12448426,  6039, 4,17:27:23,17:27:58,    35, 42.20, 30.30, 11.90
         0,     0, 4,17:28:06,17:28:18,    12, 30.30, 43.20,-12.90
  11954042,  4072, 4,17:28:28,17:29:19,    51, 43.20, 35.20,  8.00
         0,     0, 4,17:29:27,17:29:34,     7, 35.20, 43.20, -8.00
  12706614,  7023, 1,17:27:50,17:29:39,   109, 40.50, 20.90, 19.60
  12706628,  7037, 2,17:28:56,17:29:42,    46, 44.00, 39.10,  4.90
         0,     0, 2,17:29:50,17:29:54,     4, 39.10, 43.90, -4.80
         0,     0, 1,17:29:47,17:30:07,    20, 20.90, 41.30,-20.40
  12200086,  5140, 3,17:29:47,17:30:07,    20, 46.10, 42.90,  3.20
         0,     0, 3,17:30:16,17:30:18,     2, 42.90, 42.80,  0.10
  11954042,  4072, 2,17:30:18,17:31:25,    67, 43.90, 27.30, 16.60
         0,     0, 2,17:31:32,17:31:48,    16, 27.30, 44.00,-16.70
  12448472,     0, 7,17:30:46,17:32:46,   120, 41.00, 37.30,  3.70
         0,     0, 7,17:32:54,17:32:58,     4, 37.30, 41.10, -3.80
  12448426,  6039, 4,17:32:51,17:33:11,    20, 43.40, 37.90,  5.50
  12448472,     0, 8,17:33:01,17:33:15,    14, 39.60, 39.60,  0.00
         0,     0, 4,17:33:19,17:33:23,     4, 37.90, 42.90, -5.00
         0,     0, 8,17:33:23,17:33:24,     1, 39.60, 41.10, -1.50
  13008748,  7169, 4,17:33:34,17:35:15,   101, 42.90, 41.40,  1.50
         0,     0, 4,17:35:23,17:35:24,     1, 41.40, 43.20, -1.80
  12448472,     0, 8,17:34:26,17:35:34,    68, 40.10, 38.00,  2.10
         0,     0, 8,17:35:41,17:35:44,     3, 38.00, 41.20, -3.20
  12448398,  6011, 4,17:39:32,17:40:46,    74, 43.40, 31.60, 11.80
         0,     0, 4,17:40:53,17:41:04,    11, 31.60, 43.40,-11.80
  12448420,  6033, 4,17:41:14,17:41:35,    21, 43.20, 42.60,  0.60
  11953971,  4001, 2,17:41:47,17:42:31,    44, 44.00, 43.00,  1.00
  12448420,  6033, 4,17:41:55,17:43:04,    69, 42.60, 32.80,  9.80
  11953971,  4001, 1,17:42:39,17:43:16,    37, 41.30, 28.70, 12.60
         0,     0, 4,17:43:13,17:43:23,    10, 32.80, 43.10,-10.30
         0,     0, 1,17:43:23,17:43:35,    12, 28.70, 41.20,-12.50
  12448417,  6030, 3,17:43:35,17:44:43,    68, 46.20, 29.60, 16.60
         0,     0, 3,17:44:52,17:45:05,    13, 29.60, 29.50,  0.10
  12448417,  6030, 4,17:44:49,17:45:33,    44, 43.30, 35.00,  8.30
         0,     0, 4,17:45:41,17:45:49,     8, 35.00, 43.20, -8.20
  12706737,  7146, 3,17:46:59,17:47:54,    55, 46.10, 39.10,  7.00
         0,     0, 3,17:48:03,17:48:08,     5, 39.10, 39.00,  0.10
  11724217,  3117, 1,17:50:58,17:51:50,    52, 41.20, 27.20, 14.00
         0,     0, 1,17:51:58,17:52:11,    13, 27.20, 41.30,-14.10
  12706609,  7018, 2,17:52:06,17:52:46,    40, 43.00, 33.90,  9.10
         0,     0, 2,17:52:53,17:53:02,     9, 33.90, 44.10,-10.20
  12448426,  6039, 3,17:52:37,17:53:18,    41, 46.10, 33.90, 12.20
         0,     0, 3,17:53:25,17:53:34,     9, 33.90, 33.90,  0.00
  11499184,  2074, 2,17:54:51,17:55:14,    23, 44.10, 35.80,  8.30
         0,     0, 2,17:55:21,17:55:28,     7, 35.80, 44.00, -8.20
  11499184,  2074, 2,17:55:39,17:56:04,    25, 44.00, 35.50,  8.50
         0,     0, 2,17:56:11,17:56:18,     7, 35.50, 44.00, -8.50
  12448420,  6033, 4,17:56:46,17:58:05,    79, 43.50, 42.40,  1.10
  12706614,  7023, 4,18:01:57,18:02:01,     4, 42.50, 42.40,  0.10
  12706614,  7023, 4,18:03:52,18:04:48,    56, 42.60, 27.30, 15.30
         0,     0, 4,18:04:56,18:05:11,    15, 27.30, 43.20,-15.90
  12706634,  7043, 4,18:05:53,18:08:03,   130, 43.40, 32.50, 10.90
         0,     0, 4,18:08:10,18:08:20,    10, 32.50, 43.20,-10.70
  12706737,  7146, 3,18:07:36,18:08:20,    44, 46.10, 40.70,  5.40
         0,     0, 3,18:08:27,18:08:31,     4, 40.70, 40.60,  0.10
  12706737,  7146, 1,18:08:55,18:09:31,    36, 41.30, 37.20,  4.10
         0,     0, 1,18:09:39,18:09:42,     3, 37.20, 41.20, -4.00
  11724167,  3067, 2,18:11:10,18:11:48,    38, 44.00, 30.60, 13.40
         0,     0, 2,18:11:56,18:12:09,    13, 30.60, 44.10,-13.50
  12448420,  6033, 4,18:11:16,18:13:46,   150, 43.30, 35.70,  7.60
         0,     0, 4,18:13:54,18:14:01,     7, 35.70, 43.10, -7.40
  12706628,  7037, 2,18:16:59,18:17:59,    60, 44.10, 42.10,  2.00
  12706628,  7037, 1,18:18:56,18:20:18,    82, 41.20, 38.70,  2.50
         0,     0, 1,18:20:27,18:20:29,     2, 38.70, 41.30, -2.60
  12200091,  5145, 2,18:19:03,18:20:57,   114, 42.10, 21.90, 20.20
         0,     0, 2,18:21:05,18:21:27,    22, 21.90, 44.10,-22.20
  12706737,  7146, 2,18:21:58,18:23:39,   101, 44.10, 40.40,  3.70
         0,     0, 2,18:23:47,18:23:49,     2, 40.40, 44.10, -3.70
  12448518,  6131, 1,18:24:38,18:26:16,    98, 41.30, 23.60, 17.70
         0,     0, 1,18:26:23,18:26:41,    18, 23.60, 41.30,-17.70
  12448451,     0, 7,18:25:26,18:27:44,   138, 41.10, 33.60,  7.50
         0,     0, 7,18:27:51,18:28:01,    10, 33.60, 41.10, -7.50
  12448420,  6033, 4,18:29:07,18:30:28,    81, 43.20, 36.90,  6.30
         0,     0, 4,18:30:37,18:30:43,     6, 36.90, 43.10, -6.20
  11724217,  3117, 1,18:33:52,18:34:48,    56, 41.30, 27.80, 13.50
         0,     0, 1,18:34:56,18:35:09,    13, 27.80, 41.30,-13.50
  12706610,  7019, 2,18:34:09,18:35:15,    66, 44.00, 26.40, 17.60
         0,     0, 2,18:35:23,18:35:40,    17, 26.40, 44.10,-17.70
  12448392,  6005, 1,18:38:00,18:39:02,    62, 41.30, 27.80, 13.50
         0,     0, 1,18:39:10,18:39:23,    13, 27.80, 41.20,-13.40
  12706613,  7022, 4,18:39:05,18:39:47,    42, 43.40, 36.10,  7.30
         0,     0, 4,18:39:54,18:40:01,     7, 36.10, 43.20, -7.10
  12448415,  6028, 3,18:40:02,18:42:14,   132, 46.20, 33.50, 12.70
         0,     0, 3,18:42:21,18:42:31,    10, 33.50, 33.40,  0.10
  12706624,  7033, 2,18:42:09,18:42:37,    28, 44.10, 44.00,  0.10
  12448415,  6028, 4,18:42:31,18:42:41,    10, 43.40, 43.50, -0.10
  12706624,  7033, 2,18:42:52,18:43:14,    22, 44.00, 43.90,  0.10
  12706634,  7043, 3,18:42:41,18:44:03,    82, 46.00, 30.60, 15.40
         0,     0, 3,18:44:11,18:44:24,    13, 30.60, 30.40,  0.20
  12706624,  7033, 2,18:43:24,18:46:06,   162, 43.90, 27.30, 16.60
         0,     0, 2,18:46:14,18:46:31,    17, 27.30, 44.00,-16.70
  12706707,     0, 7,18:47:21,18:47:39,    18, 41.00, 41.00,  0.00
  12448398,  6011, 1,18:47:21,18:49:03,   102, 41.20, 30.00, 11.20
         0,     0, 1,18:49:11,18:49:22,    11, 30.00, 41.90,-11.90
  12706656,  7065, 3,18:48:37,18:49:45,    68, 46.10, 41.10,  5.00
         0,     0, 3,18:49:53,18:49:56,     3, 41.10, 46.20, -5.10
  12448398,  6011, 1,18:49:32,18:50:05,    33, 41.30, 33.90,  7.40
         0,     0, 1,18:50:13,18:50:20,     7, 33.90, 41.30, -7.40
  12200079,  5133, 2,18:50:41,18:50:53,    12, 44.00, 43.40,  0.60
  12200079,  5133, 2,18:51:03,18:51:39,    36, 43.40, 35.30,  8.10
         0,     0, 2,18:51:47,18:51:55,     8, 35.30, 44.10, -8.80
  12706737,  7146, 3,18:51:30,18:52:51,    81, 46.20, 43.30,  2.90
         0,     0, 3,18:52:59,18:53:00,     1, 43.30, 46.30, -3.00
  12448420,  6033, 3,18:53:13,18:55:07,   114, 46.40, 43.20,  3.20
         0,     0, 3,18:55:16,18:55:17,     1, 43.20, 46.30, -3.10
  12706621,  7030, 4,18:56:47,18:57:55,    68, 43.30, 30.70, 12.60
         0,     0, 4,18:58:03,18:58:15,    12, 30.70, 43.20,-12.50
  12200085,  5139, 2,18:59:16,19:00:45,    89, 44.10, 23.90, 20.20
  12200086,  5140, 4,18:59:54,19:00:55,    61, 43.40, 36.10,  7.30
         0,     0, 4,19:01:03,19:01:10,     7, 36.10, 43.10, -7.00
         0,     0, 2,19:00:54,19:01:14,    20, 23.90, 44.00,-20.10
  12706700,     0, 8,19:01:19,19:01:53,    34, 41.00, 34.40,  6.60
         0,     0, 8,19:02:00,19:02:07,     7, 34.40, 41.20, -6.80
  12706613,  7022, 4,19:02:31,19:02:49,    18, 43.20, 40.60,  2.60
         0,     0, 4,19:02:57,19:02:59,     2, 40.60, 43.10, -2.50
  12706700,     0, 8,19:02:53,19:03:03,    10, 41.20, 38.90,  2.30
         0,     0, 8,19:03:12,19:03:14,     2, 38.90, 41.20, -2.30
  12706613,  7022, 4,19:03:09,19:03:33,    24, 43.30, 39.30,  4.00
  12448521,  6134, 1,19:02:17,19:03:42,    85, 41.30, 26.40, 14.90
         0,     0, 4,19:03:41,19:03:44,     3, 39.30, 43.20, -3.90
  13008738,  7159, 2,19:01:24,19:03:50,   146, 44.00, 23.60, 20.40
         0,     0, 1,19:03:49,19:04:03,    14, 26.40, 41.30,-14.90
         0,     0, 2,19:03:59,19:04:19,    20, 23.60, 44.00,-20.40
  12706707,     0, 7,19:07:39,19:07:43,     4, 40.80, 40.80,  0.00
  12706630,  7039, 1,19:07:55,19:09:00,    65, 41.30, 30.50, 10.80
  12200086,  5140, 2,19:07:56,19:09:03,    67, 44.10, 40.10,  4.00
         0,     0, 2,19:09:11,19:09:14,     3, 40.10, 43.90, -3.80
         0,     0, 1,19:09:08,19:09:18,    10, 30.50, 41.30,-10.80
  12448482,     0, 8,19:08:53,19:09:23,    30, 41.20, 40.90,  0.30
  12448482,     0, 8,19:09:37,19:09:38,     1, 40.90, 40.90,  0.00
  12448482,     0, 7,19:09:48,19:10:00,    12, 40.80, 40.70,  0.10
  11499231,     0, 8,19:10:12,19:10:15,     3, 40.90, 40.90,  0.00
  12448482,     0, 8,19:10:34,19:11:55,    81, 40.10, 32.70,  7.40
         0,     0, 8,19:12:03,19:12:11,     8, 32.70, 41.20, -8.50
  12706615,  7024, 3,19:11:43,19:12:40,    57, 46.30, 45.70,  0.60
  12706613,  7022, 3,19:12:57,19:13:23,    26, 45.90, 42.30,  3.60
         0,     0, 3,19:13:32,19:13:34,     2, 42.30, 46.30, -4.00
  12706615,  7024, 2,19:13:12,19:14:53,   101, 43.90, 25.30, 18.60
  12448516,  6129, 3,19:13:54,19:14:56,    62, 46.30, 33.10, 13.20
         0,     0, 3,19:15:04,19:15:14,    10, 33.10, 33.00,  0.10
         0,     0, 2,19:15:00,19:15:18,    18, 25.30, 44.00,-18.70
  12706621,  7030, 4,19:15:39,19:16:22,    43, 43.40, 32.10, 11.30
         0,     0, 4,19:16:30,19:16:40,    10, 32.10, 43.20,-11.10
  11499231,     0, 8,19:14:07,19:16:38,   151, 41.30, 28.00, 13.30
  12448415,  6028, 1,19:15:13,19:16:53,   100, 41.30, 32.80,  8.50
         0,     0, 8,19:16:45,19:16:59,    14, 28.00, 41.20,-13.20
         0,     0, 1,19:17:01,19:17:08,     7, 32.80, 41.20, -8.40
  12448408,  6021, 4,19:17:17,19:18:55,    98, 43.20, 22.60, 20.60
         0,     0, 4,19:19:02,19:19:22,    20, 22.60, 43.30,-20.70
  12448437,  6050, 3,19:17:41,19:19:46,   125, 46.10, 31.50, 14.60
         0,     0, 3,19:19:53,19:20:05,    12, 31.50, 31.30,  0.20
  12706610,  7019, 2,19:19:44,19:20:39,    55, 44.00, 34.50,  9.50
         0,     0, 2,19:20:47,19:20:56,     9, 34.50, 44.00, -9.50
  13008906,     0, 8,19:21:33,19:21:41,     8, 41.20, 41.20,  0.00
  11953971,  4001, 2,19:22:58,19:25:06,   128, 44.00, 27.60, 16.40
         0,     0, 2,19:25:14,19:25:30,    16, 27.60, 44.00,-16.40
  12706601,  7010, 2,19:25:42,19:26:28,    46, 44.00, 35.80,  8.20
         0,     0, 2,19:26:36,19:26:43,     7, 35.80, 44.10, -8.30
  12706624,  7033, 3,19:27:27,19:28:21,    54, 46.10, 43.90,  2.20
         0,     0, 3,19:28:30,19:28:31,     1, 43.90, 46.10, -2.20
  12448472,     0, 7,19:28:01,19:28:36,    35, 40.60, 39.60,  1.00
  12706620,  7029, 1,19:27:38,19:28:41,    63, 41.20, 33.20,  8.00
         0,     0, 7,19:28:43,19:28:44,     1, 39.60, 40.90, -1.30
         0,     0, 1,19:28:48,19:28:55,     7, 33.20, 41.40, -8.20
  12706624,  7033, 3,19:28:48,19:29:14,    26, 46.20, 43.30,  2.90
         0,     0, 3,19:29:23,19:29:24,     1, 43.30, 46.30, -3.00
  12200079,  5133, 2,19:28:58,19:30:22,    84, 44.10, 29.40, 14.70
         0,     0, 2,19:30:31,19:30:45,    14, 29.40, 44.10,-14.70
  13008748,  7169, 4,19:26:02,19:31:15,   313, 43.70, 39.10,  4.60
         0,     0, 4,19:31:23,19:31:27,     4, 39.10, 43.20, -4.10
  12448451,     0, 7,19:31:05,19:31:33,    28, 40.60, 40.60,  0.00
  12448472,     0, 7,19:32:05,19:32:07,     2, 40.60, 40.60,  0.00
  12706620,  7029, 1,19:31:47,19:32:25,    38, 41.30, 36.60,  4.70
         0,     0, 1,19:32:32,19:32:36,     4, 36.60, 41.30, -4.70
  12448391,  6004, 2,19:34:45,19:36:24,    99, 44.10, 27.00, 17.10
  12706630,  7039, 1,19:35:36,19:36:39,    63, 41.30, 32.20,  9.10
  12706705,     0, 8,19:36:36,19:36:40,     4, 41.10, 41.10,  0.00
         0,     0, 2,19:36:32,19:36:48,    16, 27.00, 44.00,-17.00
         0,     0, 1,19:36:48,19:36:56,     8, 32.20, 41.30, -9.10
  11724205,     0, 8,19:37:26,19:38:10,    44, 41.10, 40.90,  0.20
  12448521,  6134, 4,19:37:51,19:38:56,    65, 43.10, 31.00, 12.10
         0,     0, 4,19:39:05,19:39:17,    12, 31.00, 43.30,-12.30
  11724205,     0, 7,19:39:39,19:41:07,    88, 40.60, 37.30,  3.30
  13008774,  8015, 1,19:39:55,19:41:14,    79, 41.30, 32.40,  8.90
         0,     0, 7,19:41:14,19:41:19,     5, 37.30, 41.10, -3.80
         0,     0, 1,19:41:22,19:41:30,     8, 32.40, 41.20, -8.80
  12448426,  6039, 1,19:43:39,19:44:30,    51, 41.20, 24.90, 16.30
         0,     0, 1,19:44:38,19:44:54,    16, 24.90, 41.20,-16.30
  12200083,  5137, 2,19:44:45,19:45:55,    70, 43.90, 30.80, 13.10
         0,     0, 2,19:46:03,19:46:15,    12, 30.80, 44.10,-13.30
  12448434,  6047, 3,19:46:01,19:46:55,    54, 46.30, 40.90,  5.40
         0,     0, 3,19:47:03,19:47:07,     4, 40.90, 46.10, -5.20
  12200085,  5139, 2,19:46:25,19:47:46,    81, 44.10, 32.50, 11.60
  12706628,  7037, 4,19:45:51,19:47:47,   116, 43.50, 37.30,  6.20
  12706615,  7024, 1,19:47:28,19:47:52,    24, 41.20, 41.10,  0.10
         0,     0, 4,19:47:55,19:48:01,     6, 37.30, 37.40, -0.10
         0,     0, 2,19:47:54,19:48:05,    11, 32.50, 44.10,-11.60
  12200083,  5137, 1,19:50:17,19:50:46,    29, 41.10, 35.30,  5.80
  12706642,  7051, 3,19:47:17,19:50:45,   208, 46.10, 20.00, 26.10
         0,     0, 1,19:50:54,19:50:59,     5, 35.30, 41.20, -5.90
         0,     0, 3,19:50:54,19:51:16,    22, 20.00, 20.00,  0.00
  12706601,  7010, 2,19:52:07,19:53:35,    88, 44.20, 33.70, 10.50
         0,     0, 2,19:53:44,19:53:53,     9, 33.70, 44.10,-10.40
  12706705,     0, 7,19:54:35,19:54:39,     4, 41.10, 41.10,  0.00
  12200079,  5133, 3,19:54:24,19:55:40,    76, 46.20, 44.40,  1.80
  12448472,     0, 7,19:54:52,19:55:57,    65, 41.20, 40.10,  1.10
  12448516,  6129, 4,19:56:47,19:58:00,    73, 43.50, 35.70,  7.80
         0,     0, 4,19:58:08,19:58:16,     8, 35.70, 43.20, -7.50
  12706615,  7024, 2,19:56:57,19:58:36,    99, 44.10, 33.50, 10.60
         0,     0, 2,19:58:43,19:58:53,    10, 33.50, 44.10,-10.60
  12448434,  6047, 3,19:59:24,20:00:31,    67, 44.40, 39.20,  5.20
         0,     0, 3,20:00:39,20:00:44,     5, 39.20, 39.10,  0.10
  21268732,  6126, 4,20:00:17,20:02:31,   134, 43.20, 29.50, 13.70
         0,     0, 4,20:02:38,20:02:51,    13, 29.50, 43.10,-13.60
  12448415,  6028, 3,20:02:41,20:03:34,    53, 46.20, 40.00,  6.20
  12448472,     0, 8,20:03:06,20:03:40,    34, 40.80, 40.00,  0.80
         0,     0, 3,20:03:42,20:03:46,     4, 40.00, 39.90,  0.10
  11499117,  2007, 1,20:03:41,20:04:19,    38, 41.20, 30.30, 10.90
         0,     0, 1,20:04:27,20:04:37,    10, 30.30, 41.30,-11.00
  12706737,  7146, 3,20:06:38,20:07:35,    57, 46.10, 41.40,  4.70
         0,     0, 3,20:07:44,20:07:47,     3, 41.40, 41.30,  0.10
  13008774,  8015, 2,20:09:01,20:10:11,    70, 44.10, 38.30,  5.80
  12448434,  6047, 1,20:09:56,20:10:15,    19, 41.30, 38.00,  3.30
         0,     0, 2,20:10:18,20:10:22,     4, 38.30, 43.80, -5.50
         0,     0, 1,20:10:22,20:10:24,     2, 38.00, 41.40, -3.40
  12706705,     0, 7,20:09:50,20:10:51,    61, 40.10, 39.50,  0.60
         0,     0, 7,20:10:58,20:10:59,     1, 39.50, 41.00, -1.50
  12200081,  5135, 4,20:10:30,20:11:37,    67, 43.10, 35.70,  7.40
         0,     0, 4,20:11:45,20:11:52,     7, 35.70, 43.20, -7.50
  12448517,  6130, 2,20:12:16,20:14:34,   138, 43.90, 38.20,  5.70
         0,     0, 2,20:14:41,20:14:46,     5, 38.20, 44.00, -5.80
  12448517,  6130, 2,20:14:56,20:15:39,    43, 44.00, 40.90,  3.10
         0,     0, 2,20:15:48,20:15:50,     2, 40.90, 44.10, -3.20
  21268732,  6126, 1,20:15:41,20:16:55,    74, 41.40, 34.80,  6.60
         0,     0, 1,20:17:03,20:17:08,     5, 34.80, 41.20, -6.40
  12706705,     0, 7,20:17:53,20:18:05,    12, 41.00, 41.00,  0.00
  12706620,  7029, 1,20:17:19,20:20:00,   161, 41.20, 33.50,  7.70
         0,     0, 1,20:20:08,20:20:15,     7, 33.50, 41.20, -7.70
  12448391,  6004, 2,20:18:40,20:20:14,    94, 44.10, 30.90, 13.20
         0,     0, 2,20:20:21,20:20:33,    12, 30.90, 44.10,-13.20
  12706727,     0, 7,20:21:22,20:21:28,     6, 40.90, 40.90,  0.00
  12706737,  7146, 4,20:21:32,20:24:16,   164, 43.30, 31.80, 11.50
         0,     0, 4,20:24:25,20:24:36,    11, 31.80, 43.20,-11.40
  12200091,  5145, 3,20:24:09,20:25:45,    96, 46.10, 28.90, 17.20
         0,     0, 3,20:25:52,20:26:06,    14, 28.90, 28.80,  0.10
  13008738,  7159, 4,20:26:50,20:26:58,     8, 43.40, 43.50, -0.10
  12448472,     0, 7,20:26:45,20:27:46,    61, 40.90, 40.50,  0.40
  12706614,  7023, 3,20:27:13,20:28:06,    53, 46.00, 45.70,  0.30
  12448472,     0, 7,20:27:59,20:28:16,    17, 40.30, 39.90,  0.40
         0,     0, 7,20:28:25,20:28:26,     1, 39.90, 41.00, -1.10
  11954042,  4072, 1,20:27:34,20:28:24,    50, 41.20, 39.10,  2.10
         0,     0, 1,20:28:31,20:28:32,     1, 39.10, 41.40, -2.30
  12448472,     0, 8,20:28:58,20:29:12,    14, 39.20, 39.00,  0.20
         0,     0, 8,20:29:21,20:29:22,     1, 39.00, 41.20, -2.20
  12706614,  7023, 3,20:28:25,20:29:42,    77, 45.90, 32.30, 13.60
  13008738,  7159, 4,20:28:37,20:29:48,    71, 43.70, 42.30,  1.40
         0,     0, 3,20:29:51,20:30:02,    11, 32.30, 32.20,  0.10
  12448472,     0, 8,20:29:35,20:30:08,    33, 41.20, 40.70,  0.50
  13008738,  7159, 4,20:31:13,20:32:24,    71, 42.30, 34.90,  7.40
         0,     0, 4,20:32:31,20:32:39,     8, 34.90, 43.30, -8.40
  12200081,  5135, 4,20:32:50,20:33:36,    46, 43.30, 34.00,  9.30
         0,     0, 4,20:33:43,20:33:51,     8, 34.00, 43.20, -9.20
  13008774,  8015, 4,20:34:50,20:35:54,    64, 43.30, 39.10,  4.20
         0,     0, 4,20:36:02,20:36:05,     3, 39.10, 43.20, -4.10
  12706656,  7065, 2,20:35:08,20:36:57,   109, 44.10, 31.80, 12.30
         0,     0, 2,20:37:06,20:37:17,    11, 31.80, 44.00,-12.20
  12448518,  6131, 2,20:37:31,20:38:35,    64, 44.00, 28.00, 16.00
  11499117,  2007, 4,20:38:01,20:38:50,    49, 43.10, 33.30,  9.80
         0,     0, 2,20:38:43,20:38:59,    16, 28.00, 44.00,-16.00
         0,     0, 4,20:38:58,20:39:07,     9, 33.30, 43.30,-10.00
  21268732,  6126, 1,20:40:21,20:40:49,    28, 41.40, 38.70,  2.70
         0,     0, 1,20:40:57,20:40:59,     2, 38.70, 41.30, -2.60
  21268732,  6126, 1,20:41:31,20:41:48,    17, 41.30, 39.60,  1.70
         0,     0, 1,20:41:56,20:41:57,     1, 39.60, 41.30, -1.70
  12448517,  6130, 2,20:42:17,20:43:04,    47, 44.00, 43.00,  1.00
  12448408,  6021, 4,20:42:57,20:44:18,    81, 43.50, 26.90, 16.60
         0,     0, 4,20:44:25,20:44:41,    16, 26.90, 43.20,-16.30
  12448517,  6130, 2,20:43:22,20:45:15,   113, 43.00, 37.40,  5.60
         0,     0, 2,20:45:22,20:45:28,     6, 37.40, 44.00, -6.60
  12706614,  7023, 4,20:45:36,20:46:01,    25, 43.20, 43.50, -0.30
  12706609,  7018, 3,20:48:17,20:49:02,    45, 46.10, 38.00,  8.10
         0,     0, 3,20:49:09,20:49:15,     6, 38.00, 37.80,  0.20
  12448472,     0, 7,20:49:46,20:51:14,    88, 41.00, 39.70,  1.30
         0,     0, 7,20:51:22,20:51:23,     1, 39.70, 41.00, -1.30
  12448472,     0, 8,20:52:53,20:53:28,    35, 39.50, 38.50,  1.00
         0,     0, 8,20:53:37,20:53:39,     2, 38.50, 41.20, -2.70
  11954042,  4072, 1,21:00:48,21:02:01,    73, 41.20, 27.30, 13.90
  21268732,  6126, 2,21:01:08,21:02:06,    58, 44.00, 40.80,  3.20
         0,     0, 2,21:02:13,21:02:15,     2, 40.80, 44.00, -3.20
         0,     0, 1,21:02:09,21:02:23,    14, 27.30, 41.30,-14.00
  21268732,  6126, 2,21:02:42,21:03:44,    62, 44.00, 41.00,  3.00
         0,     0, 2,21:03:51,21:03:53,     2, 41.00, 44.10, -3.10
  11954042,  4072, 2,21:04:12,21:04:20,     8, 44.10, 44.10,  0.00
  12706609,  7018, 3,21:04:14,21:04:41,    27, 46.20, 40.40,  5.80
         0,     0, 3,21:04:49,21:04:53,     4, 40.40, 46.10, -5.70
  11499184,  2074, 1,21:06:37,21:07:11,    34, 41.30, 32.80,  8.50
         0,     0, 1,21:07:19,21:07:27,     8, 32.80, 41.30, -8.50
  11499184,  2074, 1,21:10:12,21:10:44,    32, 41.30, 31.40,  9.90
         0,     0, 1,21:10:51,21:11:00,     9, 31.40, 41.30, -9.90
  12448521,  6134, 2,21:10:31,21:10:58,    27, 44.10, 42.50,  1.60
  12448521,  6134, 1,21:11:14,21:12:02,    48, 41.30, 35.10,  6.20
         0,     0, 1,21:12:09,21:12:14,     5, 35.10, 41.30, -6.20
  11724167,  3067, 2,21:11:29,21:13:02,    93, 42.50, 13.40, 29.10
         0,     0, 2,21:13:10,21:13:41,    31, 13.40, 44.10,-30.70
  12200086,  5140, 3,21:11:42,21:13:51,   129, 46.10, 33.80, 12.30
         0,     0, 3,21:14:00,21:14:10,    10, 33.80, 33.60,  0.20
  21268732,  6126, 4,21:17:16,21:18:18,    62, 43.40, 40.90,  2.50
         0,     0, 4,21:18:26,21:18:28,     2, 40.90, 43.20, -2.30
  12706621,  7030, 2,21:20:55,21:21:44,    49, 44.10, 34.60,  9.50
         0,     0, 2,21:21:51,21:21:59,     8, 34.60, 44.10, -9.50
  12448517,  6130, 4,21:21:01,21:22:27,    86, 43.10, 36.30,  6.80
         0,     0, 4,21:22:35,21:22:41,     6, 36.30, 43.20, -6.90
  12448516,  6129, 3,21:23:32,21:25:02,    90, 46.10, 28.60, 17.50
         0,     0, 3,21:25:11,21:25:25,    14, 28.60, 28.40,  0.20
  11724217,  3117, 1,21:31:47,21:32:52,    65, 41.20, 26.50, 14.70
         0,     0, 1,21:32:59,21:33:13,    14, 26.50, 41.20,-14.70
  12448408,  6021, 4,21:38:15,21:39:09,    54, 43.60, 29.70, 13.90
         0,     0, 4,21:39:16,21:39:29,    13, 29.70, 43.10,-13.40
  12448417,  6030, 1,21:42:15,21:43:31,    76, 41.20, 26.80, 14.40
         0,     0, 1,21:43:39,21:43:52,    13, 26.80, 41.30,-14.50
  12706634,  7043, 3,21:44:40,21:45:56,    76, 46.10, 33.90, 12.20
         0,     0, 3,21:46:03,21:46:13,    10, 33.90, 33.80,  0.10
  12706634,  7043, 3,21:46:23,21:48:36,   133, 46.10, 29.00, 17.10
         0,     0, 3,21:48:45,21:48:59,    14, 29.00, 28.90,  0.10
  12706618,  7027, 4,21:48:59,21:50:46,   107, 43.50, 24.60, 18.90
  13008842,     0, 7,21:51:03,21:51:08,     5, 40.90, 40.90,  0.00
         0,     0, 4,21:50:53,21:51:11,    18, 24.60, 43.20,-18.60
  11953971,  4001, 2,21:48:24,21:51:11,   167, 44.00, 23.60, 20.40
         0,     0, 2,21:51:18,21:51:38,    20, 23.60, 44.10,-20.50
  12706620,  7029, 1,21:52:09,21:54:35,   146, 41.30, 29.50, 11.80
  13008906,     0, 8,21:53:54,21:54:50,    56, 41.00, 34.10,  6.90
         0,     0, 1,21:54:42,21:54:53,    11, 29.50, 41.30,-11.80
         0,     0, 8,21:54:58,21:55:05,     7, 34.10, 41.20, -7.10
  12706624,  7033, 3,22:00:19,22:00:24,     5, 46.30, 46.10,  0.20
  12706624,  7033, 2,22:01:56,22:03:59,   123, 44.00, 32.90, 11.10
         0,     0, 2,22:04:07,22:04:17,    10, 32.90, 44.00,-11.10
  12706624,  7033, 2,22:05:14,22:05:23,     9, 44.00, 43.60,  0.40
  12706727,     0, 7,22:05:07,22:05:29,    22, 40.90, 38.30,  2.60
         0,     0, 7,22:05:37,22:05:40,     3, 38.30, 41.10, -2.80
         0,     0, 8,22:06:12,22:06:13,     1, 39.30, 41.20, -1.90
  12706624,  7033, 2,22:05:58,22:06:29,    31, 43.60, 42.00,  1.60
         0,     0, 2,22:06:37,22:06:37,     0, 42.00, 43.70, -1.70
  13008748,  7169, 4,22:10:23,22:13:49,   206, 43.70, 37.90,  5.80
         0,     0, 4,22:13:56,22:14:01,     5, 37.90, 43.30, -5.40
  12448517,  6130, 3,22:15:54,22:16:12,    18, 46.10, 46.10,  0.00
  12448517,  6130, 4,22:16:29,22:18:01,    92, 43.30, 37.30,  6.00
         0,     0, 4,22:18:09,22:18:14,     5, 37.30, 43.20, -5.90
  12706618,  7027, 2,22:23:46,22:24:33,    47, 43.70, 34.40,  9.30
         0,     0, 2,22:24:41,22:24:49,     8, 34.40, 44.10, -9.70
  21268732,  6126, 1,22:29:39,22:31:38,   119, 41.30, 33.50,  7.80
         0,     0, 1,22:31:46,22:31:53,     7, 33.50, 41.30, -7.80
  21268732,  6126, 1,22:32:11,22:32:15,     4, 41.30, 41.30,  0.00
  21268732,  6126, 1,22:32:24,22:32:52,    28, 41.30, 39.00,  2.30
         0,     0, 1,22:33:00,22:33:01,     1, 39.00, 41.30, -2.30
  12706624,  7033, 2,22:43:07,22:44:14,    67, 44.10, 41.10,  3.00
         0,     0, 2,22:44:23,22:44:25,     2, 41.10, 44.20, -3.10
  12706624,  7033, 2,22:45:05,22:45:25,    20, 44.20, 43.20,  1.00
  12200079,  5133, 4,22:45:20,22:45:50,    30, 43.30, 43.50, -0.20
  12448392,  6005, 3,22:54:04,22:55:27,    83, 46.10, 29.40, 16.70
         0,     0, 3,22:55:35,22:55:49,    14, 29.40, 29.20,  0.20
  13008748,  7169, 4,22:52:20,22:56:47,   267, 43.50, 37.90,  5.60
         0,     0, 4,22:56:56,22:57:01,     5, 37.90, 43.30, -5.40
  12200091,  5145, 4,23:10:28,23:11:54,    86, 43.20, 31.70, 11.50
         0,     0, 4,23:12:02,23:12:13,    11, 31.70, 43.10,-11.40
  12706630,  7039, 2,23:11:38,23:12:45,    67, 43.20, 31.50, 11.70
         0,     0, 2,23:12:53,23:13:04,    11, 31.50, 44.10,-12.60
  12706630,  7039, 1,23:12:58,23:13:15,    17, 41.30, 39.10,  2.20
         0,     0, 1,23:13:22,23:13:23,     1, 39.10, 41.30, -2.20
  12200091,  5145, 4,23:13:50,23:14:05,    15, 43.30, 43.50, -0.20
  12200079,  5133, 2,23:15:02,23:16:07,    65, 44.00, 31.60, 12.40
         0,     0, 2,23:16:15,23:16:26,    11, 31.60, 44.10,-12.50
  12706618,  7027, 4,23:19:58,23:20:44,    46, 43.50, 33.90,  9.60
         0,     0, 4,23:20:51,23:21:00,     9, 33.90, 43.20, -9.30
  11954042,  4072, 2,23:29:04,23:30:46,   102, 44.10, 26.00, 18.10
         0,     0, 2,23:30:54,23:31:11,    17, 26.00, 44.10,-18.10
  12200081,  5135, 4,23:34:00,23:35:33,    93, 43.20, 25.50, 17.70
         0,     0, 4,23:35:41,23:35:58,    17, 25.50, 43.30,-17.80
  12706613,  7022, 1,23:43:32,23:44:49,    77, 41.20, 28.40, 12.80
         0,     0, 2,23:45:02,23:45:12,    10, 44.10, 44.10,  0.00
         0,     0, 3,23:45:02,23:45:12,    10, 46.10, 46.10,  0.00
         0,     0, 4,23:45:02,23:45:12,    10, 43.50, 43.50,  0.00
         0,     0, 5,23:45:02,23:45:12,    10, 34.40, 34.40,  0.00
         0,     0, 7,23:45:02,23:45:12,    10, 41.00, 41.00,  0.00
         0,     0, 8,23:45:02,23:45:12,    10, 40.90, 40.90,  0.00
         0,     0, 1,23:44:56,23:45:08,    12, 28.40, 41.20,-12.80
