         0,     0, 6, 0:02:58, 0:03:08,    10, 34.60, 34.60,  0.00
         0,     0, 5, 0:02:58, 0:03:08,    10, 41.00, 41.00,  0.00
         0,     0, 7, 0:02:58, 0:03:08,    10, 41.10, 41.10,  0.00
         0,     0, 8, 0:02:58, 0:03:08,    10, 31.30, 31.30,  0.00
         0,     0, 9, 0:02:58, 0:03:08,    10, 41.10, 41.10,  0.00
         0,     0,10, 0:02:58, 0:03:08,    10, 32.70, 32.70,  0.00
         0,     0, 1, 0:02:58, 0:03:08,    10, 41.30, 41.30,  0.00
         0,     0, 2, 0:02:58, 0:03:08,    10, 43.20, 43.20,  0.00
         0,     0, 3, 0:02:58, 0:03:08,    10, 46.10, 46.10,  0.00
         0,     0, 4, 0:02:58, 0:03:08,    10, 43.30, 43.30,  0.00
  21307343,  6027, 2, 0:02:58, 0:03:17,    19, 43.20, 43.00,  0.20
  12448466,  6079, 1, 0:03:46, 0:04:41,    55, 41.30, 29.40, 11.90
         0,     0, 1, 0:04:49, 0:05:00,    11, 29.40, 41.40,-12.00
  12200005,  5059, 2, 0:03:55, 0:06:08,   133, 43.00, 30.00, 13.00
         0,     0, 2, 0:06:15, 0:06:28,    13, 30.00, 43.90,-13.90
  12200005,  5059, 1, 0:08:47, 0:10:59,   132, 41.40, 24.60, 16.80
         0,     0, 1, 0:11:07, 0:11:22,    15, 24.60, 41.30,-16.70
  11954027,     0, 9, 0:19:25, 0:22:04,   159, 41.10, 37.30,  3.80
         0,     0, 9, 0:22:12, 0:22:16,     4, 37.30, 41.10, -3.80
  12448477,  6090, 4, 0:21:34, 0:22:53,    79, 43.50, 34.60,  8.90
         0,     0, 4, 0:23:01, 0:23:09,     8, 34.60, 43.20, -8.60
  12448477,  6090, 4, 0:23:28, 0:23:57,    29, 43.30, 39.10,  4.20
         0,     0, 4, 0:24:05, 0:24:08,     3, 39.10, 43.10, -4.00
  12448417,  6030, 4, 0:25:19, 0:26:22,    63, 43.20, 30.50, 12.70
         0,     0, 4, 0:26:30, 0:26:42,    12, 30.50, 43.20,-12.70
  12706609,  7018, 3, 0:41:28, 0:42:28,    60, 46.20, 36.00, 10.20
  12200013,  5067, 4, 0:41:24, 0:42:32,    68, 43.20, 42.70,  0.50
         0,     0, 3, 0:42:35, 0:42:43,     8, 36.00, 46.10,-10.10
  12200013,  5067, 4, 0:42:53, 0:44:40,   107, 42.60, 21.10, 21.50
         0,     0, 4, 0:44:48, 0:45:09,    21, 21.10, 43.10,-22.00
  12200004,  5058, 2, 0:45:22, 0:48:28,   186, 43.90, 28.30, 15.60
         0,     0, 2, 0:48:35, 0:48:50,    15, 28.30, 44.00,-15.70
  12199987,  5041, 4, 0:47:24, 0:50:15,   171, 43.50, 33.10, 10.40
         0,     0, 4, 0:50:22, 0:50:31,     9, 33.10, 43.10,-10.00
  12448392,  6005, 1, 0:48:54, 0:51:31,   157, 41.30, 14.30, 27.00
         0,     0, 1, 0:51:38, 0:52:03,    25, 14.30, 41.30,-27.00
  12448516,  6129, 4, 0:51:39, 0:53:03,    84, 43.30, 34.40,  8.90
         0,     0, 4, 0:53:11, 0:53:19,     8, 34.40, 43.20, -8.80
  12706615,  7024, 5, 0:57:45, 1:00:38,   173, 41.00, 25.70, 15.30
         0,     0, 5, 1:00:46, 1:01:01,    15, 25.70, 40.90,-15.20
  11499117,     0, 7, 0:37:07, 1:02:04,  1497, 41.00, 25.90, 15.10
         0,     0, 7, 1:02:11, 1:02:21,    10, 25.90, 41.30,-15.40
  13008748,     0, 8, 1:01:47, 1:05:19,   212, 22.20, 16.40,  5.80
         0,     0, 8, 1:05:27, 1:05:54,    27, 16.40, 41.20,-24.80
  12706729,     0,10, 1:15:19, 1:16:48,    89, 32.60, 27.50,  5.10
         0,     0,10, 1:16:56, 1:17:10,    14, 27.50, 41.20,-13.70
  21268732,  6126, 1, 1:19:15, 1:20:45,    90, 41.40, 39.10,  2.30
         0,     0, 1, 1:20:52, 1:20:53,     1, 39.10, 41.20, -2.10
  12448475,     0,10, 1:24:08, 1:25:33,    85, 41.20, 30.00, 11.20
         0,     0,10, 1:25:41, 1:25:52,    11, 30.00, 41.20,-11.20
  12706609,  7018, 3, 1:30:39, 1:31:57,    78, 46.10, 36.90,  9.20
         0,     0, 3, 1:32:04, 1:32:11,     7, 36.90, 36.70,  0.20
  12706624,  7033, 1, 1:44:47, 1:45:30,    43, 41.30, 41.20,  0.10
  21268732,  6126, 2, 1:20:52, 1:45:42,  1490, 44.00, 32.30, 11.70
         0,     0, 2, 1:45:50, 1:46:01,    11, 32.30, 44.00,-11.70
  12706624,  7033, 1, 1:46:03, 1:48:29,   146, 41.20, 34.80,  6.40
         0,     0, 1, 1:48:38, 1:48:43,     5, 34.80, 41.30, -6.50
  12706624,  7033, 1, 1:49:00, 1:49:24,    24, 41.30, 39.10,  2.20
         0,     0, 1, 1:49:32, 1:49:33,     1, 39.10, 41.30, -2.20
  11724250,  3150, 2, 1:54:19, 2:03:41,   562, 44.00, 24.60, 19.40
         0,     0, 2, 2:03:49, 2:04:08,    19, 24.60, 44.00,-19.40
  21268732,  6126, 4, 2:03:29, 2:04:13,    44, 43.50, 42.30,  1.20
  12706613,  7022, 3, 2:14:53, 2:17:41,   168, 46.20, 35.90, 10.30
         0,     0, 3, 2:17:48, 2:17:56,     8, 35.90, 35.70,  0.20
  21299607,  6130, 3, 2:18:25, 2:22:49,   264, 46.10, 28.70, 17.40
         0,     0, 3, 2:22:56, 2:23:10,    14, 28.70, 28.50,  0.20
  12706618,  7027, 4, 2:32:20, 2:33:36,    76, 42.50, 27.20, 15.30
         0,     0, 4, 2:33:44, 2:33:59,    15, 27.20, 43.10,-15.90
  12706620,  7029, 6, 2:46:01, 2:52:01,   360, 34.60, 22.00, 12.60
         0,     0, 6, 2:52:09, 2:52:27,    18, 22.00, 41.40,-19.40
  12200086,     0, 8, 2:54:55, 2:56:12,    77, 41.20, 39.00,  2.20
         0,     0, 8, 2:56:20, 2:56:21,     1, 39.00, 41.10, -2.10
  12200086,     0, 8, 2:59:26, 3:02:00,   154, 39.80, 34.20,  5.60
         0,     0, 8, 3:02:09, 3:02:16,     7, 34.20, 41.10, -6.90
  12706725,     0, 8, 3:31:21, 3:31:52,    31, 41.10, 41.00,  0.10
  12200036,     0, 7, 1:02:51, 3:32:20,  8969, 40.80, 31.60,  9.20
         0,     0, 7, 3:32:28, 3:32:34,     6, 31.60, 41.60,-10.00
  12200046,  5100, 4, 3:35:42, 3:37:23,   101, 43.50, 27.10, 16.40
         0,     0, 4, 3:37:31, 3:37:46,    15, 27.10, 43.10,-16.00
  12706725,     0, 7, 3:32:51, 3:40:10,   439, 40.70, 34.80,  5.90
         0,     0, 7, 3:40:18, 3:40:22,     4, 34.80, 41.50, -6.70
  12200079,  5133, 8, 3:41:10, 3:41:11,     1, 40.90, 40.90,  0.00
  21307343,  6027, 2, 3:08:40, 3:54:48,  2768, 44.00, 23.70, 20.30
         0,     0, 2, 3:54:56, 3:55:16,    20, 23.70, 43.90,-20.20
  11954050,  4080, 1, 3:55:13, 3:55:57,    44, 41.30, 40.80,  0.50
  11954050,  4080, 1, 3:56:07, 3:56:38,    31, 40.80, 39.80,  1.00
  12200005,  5059, 3, 3:53:19, 3:56:40,   201, 46.20, 33.00, 13.20
         0,     0, 1, 3:56:46, 3:56:46,     0, 39.80, 41.20, -1.40
         0,     0, 3, 3:56:49, 3:56:59,    10, 33.00, 32.80,  0.20
  11954050,  4080, 2, 3:56:50, 4:01:03,   253, 44.00, 34.10,  9.90
         0,     0, 2, 4:01:10, 4:01:19,     9, 34.10, 43.90, -9.80
  12448477,  6090, 1, 4:41:47, 4:44:40,   173, 41.20, 34.00,  7.20
         0,     0, 1, 4:44:48, 4:44:54,     6, 34.00, 41.30, -7.30
  11724250,  3150, 5, 5:09:00, 5:10:17,    77, 40.90, 32.80,  8.10
         0,     0, 5, 5:10:25, 5:10:33,     8, 32.80, 41.00, -8.20
  12448442,  6055, 2, 4:01:29, 6:05:49,  7460, 43.90, 27.60, 16.30
         0,     0, 2, 6:05:58, 6:06:14,    16, 27.60, 44.00,-16.40
  12448416,  6029, 4, 6:08:44, 6:10:48,   124, 43.40, 24.80, 18.60
  12448466,  6079, 3, 6:09:00, 6:10:55,   115, 46.10, 30.70, 15.40
         0,     0, 4, 6:10:55, 6:11:14,    19, 24.80, 43.10,-18.30
         0,     0, 3, 6:11:03, 6:11:16,    13, 30.70, 30.60,  0.10
  12448416,  6029, 4, 6:11:25, 6:12:09,    44, 43.20, 31.00, 12.20
         0,     0, 4, 6:12:18, 6:12:29,    11, 31.00, 43.20,-12.20
  12706634,  7043, 3, 6:12:57, 6:15:03,   126, 46.30, 31.10, 15.20
         0,     0, 3, 6:15:10, 6:15:22,    12, 31.10, 31.00,  0.10
  12706634,  7043, 4, 6:15:40, 6:17:27,   107, 43.70, 38.50,  5.20
         0,     0, 4, 6:17:35, 6:17:39,     4, 38.50, 43.30, -4.80
  12448437,  6050, 3, 6:18:03, 6:18:08,     5, 46.30, 46.40, -0.10
  12448437,  6050, 4, 6:18:12, 6:20:30,   138, 43.40, 43.40,  0.00
  12200004,  5058, 2, 6:07:33, 6:20:33,   780, 44.00, 33.70, 10.30
         0,     0, 2, 6:20:41, 6:20:50,     9, 33.70, 44.00,-10.30
  12200070,  5124, 1, 6:20:48, 6:21:49,    61, 41.30, 38.20,  3.10
         0,     0, 1, 6:21:57, 6:21:59,     2, 38.20, 41.30, -3.10
  12448392,  6005, 5, 6:21:56, 6:23:08,    72, 40.90, 30.60, 10.30
         0,     0, 5, 6:23:16, 6:23:26,    10, 30.60, 41.00,-10.40
  12448437,  6050, 4, 6:20:52, 6:24:39,   227, 43.40, 20.30, 23.10
         0,     0, 4, 6:24:47, 6:25:09,    22, 20.30, 43.20,-22.90
  12448474,  6087, 2, 6:26:39, 6:27:59,    80, 44.10, 42.90,  1.20
  12448474,  6087, 1, 6:27:38, 6:30:02,   144, 41.30, 25.70, 15.60
         0,     0, 1, 6:30:09, 6:30:23,    14, 25.70, 25.80, -0.10
  12448420,  6033, 2, 6:28:09, 6:30:42,   153, 42.90, 33.20,  9.70
  12200066,  5120, 5, 6:27:47, 6:30:42,   175, 41.00, 24.50, 16.50
         0,     0, 2, 6:30:50, 6:31:00,    10, 33.20, 44.00,-10.80
         0,     0, 5, 6:30:52, 6:31:08,    16, 24.50, 40.90,-16.40
  12200007,  5061, 1, 6:30:52, 6:31:47,    55, 41.20, 31.70,  9.50
         0,     0, 1, 6:31:56, 6:32:04,     8, 31.70, 41.30, -9.60
  12200004,  5058, 4, 6:33:10, 6:33:50,    40, 43.80, 36.60,  7.20
         0,     0, 4, 6:33:58, 6:34:04,     6, 36.60, 43.10, -6.50
  12200069,  5123, 3, 6:34:17, 6:34:56,    39, 46.40, 37.50,  8.90
         0,     0, 3, 6:35:03, 6:35:10,     7, 37.50, 37.40,  0.10
  12199987,  5041, 1, 6:34:37, 6:35:40,    63, 41.30, 39.30,  2.00
         0,     0, 1, 6:35:48, 6:35:49,     1, 39.30, 41.30, -2.00
  12200013,  5067, 2, 6:31:11, 6:36:16,   305, 44.00, 18.40, 25.60
  12199987,  5041, 1, 6:36:20, 6:36:29,     9, 41.30, 40.60,  0.70
         0,     0, 2, 6:36:24, 6:36:49,    25, 18.40, 44.00,-25.60
  12200004,  5058, 4, 6:36:56, 6:37:33,    37, 43.20, 35.40,  7.80
  12199988,  5042, 2, 6:36:59, 6:37:34,    35, 43.90, 43.60,  0.30
  12199987,  5041, 1, 6:36:51, 6:37:43,    52, 40.60, 37.20,  3.40
         0,     0, 4, 6:37:40, 6:37:47,     7, 35.40, 35.50, -0.10
         0,     0, 1, 6:37:50, 6:37:53,     3, 37.20, 41.20, -4.00
  12199987,  5041, 1, 6:38:03, 6:38:12,     9, 41.20, 40.20,  1.00
  12706610,  7019, 5, 6:37:08, 6:38:30,    82, 40.90, 23.60, 17.30
         0,     0, 5, 6:38:39, 6:38:55,    16, 23.60, 40.90,-17.30
  12200069,  5123, 1, 6:38:23, 6:38:52,    29, 40.20, 31.10,  9.10
         0,     0, 1, 6:39:01, 6:39:10,     9, 31.10, 41.30,-10.20
  12200070,  5124, 1, 6:39:23, 6:40:30,    67, 41.30, 38.00,  3.30
         0,     0, 1, 6:40:37, 6:40:39,     2, 38.00, 41.20, -3.20
  12448508,  6121, 3, 6:39:24, 6:41:24,   120, 46.40, 40.70,  5.70
  12448471,  6084, 4, 6:38:44, 6:41:26,   162, 43.20, 26.10, 17.10
         0,     0, 3, 6:41:31, 6:41:35,     4, 40.70, 46.10, -5.40
         0,     0, 4, 6:41:33, 6:41:50,    17, 26.10, 43.00,-16.90
  12706725,     0, 8, 6:36:18, 6:41:49,   331, 40.90, 40.10,  0.80
  21292850,  6069, 1, 6:41:15, 6:42:01,    46, 41.30, 41.20,  0.10
  12448508,  6121, 4, 6:42:01, 6:42:41,    40, 43.00, 38.80,  4.20
         0,     0, 4, 6:42:48, 6:42:52,     4, 38.80, 43.40, -4.60
  12199988,  5042, 2, 6:39:26, 6:42:56,   210, 43.60, 32.50, 11.10
  12448407,  6020, 5, 6:41:48, 6:43:01,    73, 41.00, 29.60, 11.40
  12200069,  5123, 1, 6:42:17, 6:43:10,    53, 41.20, 27.90, 13.30
         0,     0, 2, 6:43:03, 6:43:14,    11, 32.50, 43.90,-11.40
         0,     0, 5, 6:43:09, 6:43:20,    11, 29.60, 40.80,-11.20
         0,     0, 1, 6:43:18, 6:43:30,    12, 27.90, 41.20,-13.30
  21292850,  6069, 4, 6:43:43, 6:44:23,    40, 43.10, 43.20, -0.10
  12200046,  5100, 1, 6:43:44, 6:44:53,    69, 41.20, 28.00, 13.20
         0,     0, 1, 6:45:01, 6:45:13,    12, 28.00, 41.30,-13.30
  12200060,  5114, 1, 6:45:37, 6:45:57,    20, 41.30, 40.40,  0.90
  21292850,  6069, 5, 6:45:09, 6:46:16,    67, 40.90, 40.70,  0.20
  12200007,  5061, 4, 6:46:26, 6:47:41,    75, 43.40, 30.60, 12.80
         0,     0, 4, 6:47:49, 6:48:01,    12, 30.60, 43.20,-12.60
  21292850,  6069, 5, 6:46:26, 6:50:03,   217, 40.70, 19.70, 21.00
  12200070,  5124, 3, 6:49:19, 6:50:22,    63, 46.00, 42.40,  3.60
         0,     0, 5, 6:50:12, 6:50:32,    20, 19.70, 40.80,-21.10
         0,     0, 3, 6:50:30, 6:50:32,     2, 42.40, 46.40, -4.00
  11724231,  3131, 4, 6:53:26, 6:54:28,    62, 43.80, 40.60,  3.20
         0,     0, 4, 6:54:35, 6:54:37,     2, 40.60, 43.20, -2.60
  11954014,  4044, 4, 6:54:55, 6:55:57,    62, 43.30, 25.00, 18.30
         0,     0, 4, 6:56:06, 6:56:23,    17, 25.00, 43.20,-18.20
  12200083,  5137, 2, 6:46:09, 6:57:08,   659, 43.90, 21.40, 22.50
         0,     0, 2, 6:57:15, 6:57:37,    22, 21.40, 44.10,-22.70
  12448466,  6079, 4, 6:58:15, 6:59:22,    67, 43.20, 30.60, 12.60
         0,     0, 4, 6:59:29, 6:59:41,    12, 30.60, 44.30,-13.70
  11724231,  3131, 1, 7:00:27, 7:00:38,    11, 40.40, 39.10,  1.30
         0,     0, 1, 7:00:46, 7:00:47,     1, 39.10, 41.30, -2.20
  12200060,  5114, 1, 7:02:59, 7:05:05,   126, 41.30, 22.80, 18.50
         0,     0, 1, 7:05:12, 7:05:29,    17, 22.80, 41.30,-18.50
  11724231,  3131, 2, 6:57:52, 7:08:16,   624, 44.10, 23.30, 20.80
         0,     0, 2, 7:08:23, 7:08:44,    21, 23.30, 44.10,-20.80
  12200085,  5139, 4, 7:07:52, 7:09:14,    82, 43.50, 29.50, 14.00
         0,     0, 4, 7:09:21, 7:09:34,    13, 29.50, 43.30,-13.80
  12448508,  6121, 3, 7:09:47, 7:11:35,   108, 46.60, 39.30,  7.30
         0,     0, 3, 7:11:43, 7:11:48,     5, 39.30, 39.20,  0.10
  12448508,  6121, 4, 7:12:14, 7:12:35,    21, 43.40, 40.70,  2.70
         0,     0, 4, 7:12:44, 7:12:46,     2, 40.70, 43.20, -2.50
  12448407,  6020, 4, 7:16:41, 7:17:03,    22, 43.10, 37.90,  5.20
         0,     0, 4, 7:17:10, 7:17:15,     5, 37.90, 43.20, -5.30
  12448407,  6020, 4, 7:17:27, 7:17:40,    13, 43.20, 41.40,  1.80
         0,     0, 4, 7:17:48, 7:17:49,     1, 41.40, 43.20, -1.80
  12706613,  7022, 3, 7:32:20, 7:35:52,   212, 46.30, 24.40, 21.90
         0,     0, 3, 7:35:59, 7:36:17,    18, 24.40, 24.30,  0.10
  21292850,  6069, 4, 7:33:12, 7:37:41,   269, 43.50, 18.70, 24.80
         0,     0, 4, 7:37:49, 7:38:13,    24, 18.70, 43.30,-24.60
  12448437,  6050, 1, 7:36:41, 7:39:30,   169, 41.30, 30.10, 11.20
         0,     0, 1, 7:39:38, 7:39:48,    10, 30.10, 41.30,-11.20
  11954050,  4080, 3, 7:38:50, 7:40:35,   105, 46.10, 40.40,  5.70
         0,     0, 3, 7:40:43, 7:40:47,     4, 40.40, 40.70, -0.30
  12448508,  6121, 2, 7:27:31, 7:44:54,  1043, 44.10, 40.30,  3.80
         0,     0, 2, 7:45:01, 7:45:03,     2, 40.30, 44.00, -3.70
  12448417,  6030, 1, 7:45:10, 7:46:43,    93, 41.30, 23.60, 17.70
         0,     0, 1, 7:46:52, 7:47:09,    17, 23.60, 41.30,-17.70
  12200069,  5123, 4, 7:48:44, 7:49:36,    52, 44.00, 31.00, 13.00
         0,     0, 4, 7:49:44, 7:49:56,    12, 31.00, 43.20,-12.20
  12706624,  7033, 1, 7:47:32, 7:50:43,   191, 41.40, 34.20,  7.20
         0,     0, 1, 7:50:51, 7:50:57,     6, 34.20, 41.40, -7.20
  12706624,  7033, 1, 7:51:22, 7:52:37,    75, 41.50, 37.40,  4.10
         0,     0, 1, 7:52:44, 7:52:47,     3, 37.40, 41.30, -3.90
  11954050,  4080, 1, 7:58:15, 7:59:51,    96, 41.30, 30.00, 11.30
         0,     0, 1, 7:59:58, 8:00:08,    10, 30.00, 41.30,-11.30
  12448516,  6129, 4, 8:03:29, 8:04:48,    79, 43.70, 23.50, 20.20
         0,     0, 4, 8:04:56, 8:05:15,    19, 23.50, 43.20,-19.70
  12706734,     0,10, 8:05:15, 8:05:37,    22, 35.80, 35.20,  0.60
         0,     0,10, 8:05:45, 8:05:51,     6, 35.20, 41.10, -5.90
  12706734,     0,10, 8:06:01, 8:07:12,    71, 41.20, 36.90,  4.30
         0,     0,10, 8:07:20, 8:07:24,     4, 36.90, 41.20, -4.30
  12448474,  6087, 1, 8:06:34, 8:08:19,   105, 41.30, 28.10, 13.20
         0,     0, 1, 8:08:26, 8:08:38,    12, 28.10, 41.30,-13.20
  12448392,  6005, 5, 8:06:59, 8:08:36,    97, 40.90, 28.20, 12.70
         0,     0, 5, 8:08:44, 8:08:56,    12, 28.20, 40.90,-12.70
  12448392,  6005, 5, 8:09:09, 8:09:32,    23, 40.90, 36.60,  4.30
         0,     0, 5, 8:09:40, 8:09:44,     4, 36.60, 40.90, -4.30
  12448477,  6090, 4, 8:14:41, 8:16:40,   119, 43.60, 31.40, 12.20
         0,     0, 4, 8:16:48, 8:16:59,    11, 31.40, 43.20,-11.80
  12200070,  5124, 2, 8:00:03, 8:17:48,  1065, 44.00, 35.30,  8.70
         0,     0, 2, 8:17:56, 8:18:04,     8, 35.30, 44.00, -8.70
  12200007,  5061, 1, 8:18:03, 8:19:21,    78, 41.30, 28.30, 13.00
         0,     0, 1, 8:19:29, 8:19:41,    12, 28.30, 41.20,-12.90
  12200081,  5135, 4, 8:18:59, 8:20:20,    81, 43.30, 35.60,  7.70
         0,     0, 4, 8:20:28, 8:20:35,     7, 35.60, 43.20, -7.60
  12199951,     0, 8, 8:24:18, 8:26:38,   140, 40.10, 38.60,  1.50
         0,     0, 8, 8:26:46, 8:26:48,     2, 38.60, 41.00, -2.40
  12199993,     0,10, 8:24:33, 8:26:57,   144, 30.90, 26.30,  4.60
         0,     0,10, 8:27:05, 8:27:20,    15, 26.30, 41.20,-14.90
  12199951,     0, 8, 8:29:13, 8:29:15,     2, 33.90, 33.90,  0.00
         0,     0, 8, 8:29:23, 8:29:30,     7, 33.90, 41.10, -7.20
  12448471,  6084, 2, 8:19:20, 8:32:09,   769, 43.90, 27.20, 16.70
         0,     0, 2, 8:32:17, 8:32:33,    16, 27.20, 27.30, -0.10
  12706598,     0, 8, 8:34:34, 8:35:38,    64, 41.10, 40.80,  0.30
  12200079,  5133, 7, 3:40:35, 8:35:41, 17706, 41.50, 41.20,  0.30
  11499184,  2074, 2, 8:32:42, 8:36:08,   206, 43.90, 43.90,  0.00
  12200081,  5135, 1, 8:36:17, 8:36:21,     4, 41.30, 41.30,  0.00
  12706620,  7029, 6, 8:36:09, 8:37:21,    72, 41.40, 41.30,  0.10
  12706620,  7029, 6, 8:39:01, 8:39:07,     6, 41.10, 41.20, -0.10
  12706598,     0, 8, 8:37:16, 8:40:18,   182, 40.70, 25.40, 15.30
         0,     0, 8, 8:40:26, 8:40:43,    17, 25.40, 41.20,-15.80
  11499184,  2074, 4, 8:41:19, 8:42:59,   100, 43.50, 20.90, 22.60
         0,     0, 4, 8:43:07, 8:43:29,    22, 20.90, 43.20,-22.30
  12200081,  5135, 2, 8:40:34, 8:44:24,   230, 43.90, 29.70, 14.20
         0,     0, 2, 8:44:32, 8:44:46,    14, 29.70, 44.00,-14.30
  12706613,  7022, 3, 8:44:15, 8:45:06,    51, 46.70, 41.10,  5.60
         0,     0, 3, 8:45:14, 8:45:17,     3, 41.10, 46.20, -5.10
  21270655,     0, 6, 8:42:57, 8:47:06,   249, 41.20, 26.10, 15.10
         0,     0, 6, 8:47:14, 8:47:28,    14, 26.10, 41.50,-15.40
  12448477,  6090, 1, 8:46:38, 8:48:20,   102, 41.30, 30.50, 10.80
         0,     0, 1, 8:48:29, 8:48:39,    10, 30.50, 41.30,-10.80
  12706618,  7027, 4, 8:47:23, 8:49:00,    97, 43.70, 25.80, 17.90
         0,     0, 4, 8:49:08, 8:49:25,    17, 25.80, 43.30,-17.50
  12706734,     0,10, 8:50:17, 8:51:50,    93, 41.20, 37.90,  3.30
         0,     0,10, 8:51:59, 8:52:02,     3, 37.90, 41.20, -3.30
  11724250,  3150, 1, 8:52:18, 8:54:10,   112, 41.30, 24.30, 17.00
         0,     0, 1, 8:54:19, 8:54:34,    15, 24.30, 41.20,-16.90
  12706729,     0, 9, 8:54:00, 8:55:10,    70, 40.30, 39.90,  0.40
         0,     0, 9, 8:55:17, 8:55:18,     1, 39.90, 40.90, -1.00
  13008738,     0, 9, 8:55:31, 8:55:33,     2, 40.90, 40.90,  0.00
  12706615,  7024, 1, 8:54:44, 8:56:45,   121, 41.20, 26.00, 15.20
         0,     0, 1, 8:56:53, 8:57:07,    14, 26.00, 41.30,-15.30
  11954027,     0, 9, 8:56:02, 8:57:22,    80, 40.90, 40.30,  0.60
  13323354,     0, 6, 8:57:02, 8:58:54,   112, 41.40, 36.90,  4.50
         0,     0, 6, 8:59:02, 8:59:05,     3, 36.90, 41.40, -4.50
  13323354,     0, 6, 8:59:35, 8:59:41,     6, 40.60, 40.60,  0.00
  12706598,     0, 7, 8:35:58, 9:00:10,  1452, 41.20, 22.60, 18.60
  13008905,     0, 9, 8:57:41, 9:00:21,   160, 40.30, 34.30,  6.00
  13008773,     0, 8, 9:00:20, 9:00:21,     1, 41.10, 41.10,  0.00
         0,     0, 7, 9:00:18, 9:00:30,    12, 22.60, 41.40,-18.80
         0,     0, 9, 9:00:28, 9:00:36,     8, 34.30, 41.10, -6.80
  12199988,  5042, 1, 8:58:08, 9:00:47,   159, 41.30, 14.60, 26.70
  12448417,  6030, 4, 9:00:03, 9:01:09,    66, 43.80, 30.70, 13.10
         0,     0, 1, 9:00:55, 9:01:19,    24, 14.60, 41.30,-26.70
         0,     0, 4, 9:01:18, 9:01:30,    12, 30.70, 43.10,-12.40
  11954042,  4072, 1, 9:02:03, 9:02:09,     6, 41.30, 41.30,  0.00
  21307343,  6027, 2, 8:54:43, 9:02:28,   465, 44.00, 29.20, 14.80
  13008905,     0, 9, 9:01:50, 9:02:32,    42, 38.80, 37.80,  1.00
  12200007,  5061, 1, 9:02:29, 9:02:40,    11, 41.30, 40.60,  0.70
         0,     0, 9, 9:02:39, 9:02:43,     4, 37.80, 41.10, -3.30
         0,     0, 2, 9:02:36, 9:02:50,    14, 29.20, 43.50,-14.30
  12200007,  5061, 1, 9:02:50, 9:03:58,    68, 40.60, 27.30, 13.30
         0,     0, 1, 9:04:07, 9:04:19,    12, 27.30, 41.30,-14.00
  12706734,     0,10, 9:04:18, 9:04:20,     2, 29.90, 29.90,  0.00
         0,     0,10, 9:04:27, 9:04:38,    11, 29.90, 41.20,-11.30
  21268732,  6126, 4, 9:07:20, 9:09:42,   142, 43.50, 36.90,  6.60
         0,     0, 4, 9:09:49, 9:09:55,     6, 36.90, 43.20, -6.30
  21268732,  6126, 4, 9:10:05, 9:10:21,    16, 43.30, 41.60,  1.70
         0,     0, 4, 9:10:29, 9:10:30,     1, 41.60, 43.20, -1.60
  12199951,     0, 8, 9:07:07, 9:11:21,   254, 41.10, 33.00,  8.10
         0,     0, 8, 9:11:30, 9:11:38,     8, 33.00, 41.20, -8.20
  12200079,  5133, 7, 9:00:59, 9:13:32,   753, 41.30, 20.30, 21.00
         0,     0, 7, 9:13:39, 9:13:52,    13, 20.30, 41.50,-21.20
  12200066,  5120, 4, 9:11:55, 9:15:34,   219, 43.30, 17.50, 25.80
         0,     0, 4, 9:15:42, 9:16:07,    25, 17.50, 43.30,-25.80
  13323394,     0, 6, 9:12:33, 9:16:39,   246, 40.60, 28.00, 12.60
         0,     0, 6, 9:16:47, 9:16:59,    12, 28.00, 41.50,-13.50
  12706725,     0, 8, 9:14:30, 9:17:48,   198, 41.20, 30.10, 11.10
         0,     0, 8, 9:17:55, 9:18:06,    11, 30.10, 41.20,-11.10
  12706714,     0,10, 9:20:28, 9:20:32,     4, 41.20, 41.20,  0.00
  12199987,  5041, 4, 9:16:48, 9:20:39,   231, 43.50, 24.00, 19.50
  12706729,     0,10, 9:20:49, 9:20:51,     2, 41.20, 41.20,  0.00
  13323359,     0, 6, 9:21:02, 9:21:04,     2, 41.40, 41.40,  0.00
         0,     0, 4, 9:20:48, 9:21:06,    18, 24.00, 43.30,-19.30
  13008901,     0, 6, 9:22:59, 9:23:02,     3, 40.70, 40.70,  0.00
  12706729,     0, 9, 9:20:55, 9:23:46,   171, 41.10, 31.50,  9.60
         0,     0, 9, 9:23:54, 9:24:06,    12, 31.50, 41.10, -9.60
  13008738,     0,10, 9:24:36, 9:25:10,    34, 41.10, 41.10,  0.00
  13008738,     0, 9, 9:25:39, 9:25:57,    18, 41.10, 41.00,  0.10
  11954042,  4072, 2, 9:03:00, 9:26:05,  1385, 43.50, 23.30, 20.20
         0,     0, 2, 9:26:13, 9:26:33,    20, 23.30, 44.00,-20.70
  12448398,     0, 6, 9:27:38, 9:27:40,     2, 40.70, 40.70,  0.00
  12706610,  7019, 5, 9:26:16, 9:27:51,    95, 41.00, 26.10, 14.90
         0,     0, 5, 9:27:59, 9:28:13,    14, 26.10, 40.90,-14.80
  13008773,     0, 8, 9:29:07, 9:29:08,     1, 23.00, 23.00,  0.00
         0,     0, 8, 9:29:17, 9:29:36,    19, 23.00, 41.10,-18.10
  13323359,     0, 6, 9:29:17, 9:31:49,   152, 40.70, 37.60,  3.10
         0,     0, 6, 9:31:57, 9:32:00,     3, 37.60, 41.40, -3.80
  12200005,  5059, 1, 9:31:47, 9:32:26,    39, 41.30, 41.10,  0.20
  21270655,     0, 6, 9:32:11, 9:32:31,    20, 41.40, 41.30,  0.10
  13008738,     0, 9, 9:29:33, 9:33:26,   233, 41.00, 25.20, 15.80
  12706614,  7023, 4, 9:31:47, 9:33:33,   106, 43.80, 36.30,  7.50
         0,     0, 4, 9:33:40, 9:33:46,     6, 36.30, 43.20, -6.90
         0,     0, 9, 9:33:35, 9:33:56,    21, 25.20, 41.20,-16.00
  13008901,     0, 6, 9:33:53, 9:34:22,    29, 38.10, 31.10,  7.00
         0,     0, 6, 9:34:30, 9:34:40,    10, 31.10, 31.30, -0.20
  12706614,  7023, 1, 9:34:24, 9:35:24,    60, 41.10, 24.40, 16.70
  11724250,  3150, 4, 9:34:19, 9:35:38,    79, 43.30, 31.00, 12.30
         0,     0, 1, 9:35:32, 9:35:47,    15, 24.40, 24.50, -0.10
         0,     0, 4, 9:35:46, 9:35:57,    11, 31.00, 43.00,-12.00
  13008900,     0, 9, 9:37:53, 9:38:13,    20, 41.20, 41.20,  0.00
  12200005,  5059, 1, 9:38:30, 9:38:36,     6, 41.30, 41.40, -0.10
  13008900,     0,10, 9:38:45, 9:38:47,     2, 41.00, 41.00,  0.00
  13008900,     0,10, 9:39:08, 9:39:19,    11, 41.00, 41.00,  0.00
  13008900,     0, 9, 9:39:34, 9:40:00,    26, 41.20, 41.10,  0.10
  12200004,  5058, 1, 9:39:17, 9:40:05,    48, 41.40, 30.20, 11.20
  13008900,     0, 9, 9:40:10, 9:40:11,     1, 41.10, 41.10,  0.00
         0,     0, 1, 9:40:13, 9:40:23,    10, 30.20, 41.30,-11.10
  21270655,     0, 6, 9:35:00, 9:40:44,   344, 41.30, 24.20, 17.10
         0,     0, 6, 9:40:53, 9:41:09,    16, 24.20, 41.50,-17.30
  13008900,     0, 9, 9:40:51, 9:41:48,    57, 41.10, 40.70,  0.40
  13008900,     0, 9, 9:42:26, 9:43:59,    93, 39.40, 29.70,  9.70
         0,     0, 9, 9:44:07, 9:44:22,    15, 29.70, 41.20,-11.50
  12448433,     0, 8, 9:43:28, 9:45:00,    92, 41.10, 32.90,  8.20
  12706725,     0, 7, 9:14:02, 9:45:05,  1863, 41.60, 34.10,  7.50
         0,     0, 8, 9:45:08, 9:45:17,     9, 32.90, 41.10, -8.20
         0,     0, 7, 9:45:13, 9:45:18,     5, 34.10, 41.50, -7.40
  12706734,     0,10, 9:43:05, 9:45:35,   150, 41.00, 33.80,  7.20
         0,     0,10, 9:45:44, 9:45:52,     8, 33.80, 41.20, -7.40
  12199964,     0, 8, 9:46:11, 9:46:14,     3, 30.30, 30.30,  0.00
         0,     0, 8, 9:46:21, 9:46:32,    11, 30.30, 30.40, -0.10
  21307343,  6027, 4, 9:45:53, 9:47:21,    88, 43.40, 30.50, 12.90
         0,     0, 4, 9:47:29, 9:47:41,    12, 30.50, 43.20,-12.70
  12706734,     0, 9, 9:47:26, 9:47:42,    16, 40.40, 40.40,  0.00
  13323359,     0, 6, 9:47:55, 9:48:11,    16, 41.40, 41.40,  0.00
  21268732,  6126, 1, 9:46:55, 9:48:55,   120, 41.30, 34.10,  7.20
  12706734,     0, 9, 9:48:45, 9:49:04,    19, 40.40, 40.40,  0.00
  12200005,  5059, 2, 9:31:32, 9:49:05,  1053, 44.10,  9.70, 34.40
         0,     0, 1, 9:49:03, 9:49:09,     6, 34.10, 41.30, -7.20
  13323359,     0, 6, 9:48:33, 9:49:12,    39, 40.30, 37.30,  3.00
         0,     0, 6, 9:49:20, 9:49:23,     3, 37.30, 41.40, -4.10
  13323359,     0, 6, 9:49:41, 9:49:44,     3, 37.90, 37.90,  0.00
         0,     0, 2, 9:49:13, 9:49:49,    36,  9.70, 43.90,-34.20
         0,     0, 6, 9:49:53, 9:49:56,     3, 37.90, 40.30, -2.40
  12448442,  6055, 1, 9:49:28, 9:50:22,    54, 41.30, 38.40,  2.90
  12706618,  7027, 4, 9:49:35, 9:50:24,    49, 43.50, 34.10,  9.40
         0,     0, 1, 9:50:30, 9:50:32,     2, 38.40, 41.40, -3.00
         0,     0, 4, 9:50:32, 9:50:40,     8, 34.10, 43.10, -9.00
  12448433,     0, 7, 9:46:18, 9:50:40,   262, 32.10, 32.10,  0.00
         0,     0, 7, 9:50:48, 9:50:54,     6, 32.10, 32.10,  0.00
  12200091,  5145, 2, 9:49:59, 9:52:30,   151, 44.00, 21.10, 22.90
         0,     0, 2, 9:52:38, 9:53:00,    22, 21.10, 44.00,-22.90
  12200005,  5059, 3, 9:57:42, 9:57:49,     7, 46.40, 46.30,  0.10
  12200060,  5114, 4, 9:55:20, 9:57:53,   153, 43.10, 31.80, 11.30
         0,     0, 4, 9:58:01, 9:58:12,    11, 31.80, 43.20,-11.40
  12448442,  6055, 2, 9:53:28, 9:58:41,   313, 43.90, 38.60,  5.30
         0,     0, 2, 9:58:49, 9:58:53,     4, 38.60, 44.00, -5.40
  12706619,     0, 8, 9:58:54, 9:59:01,     7, 41.00, 41.10, -0.10
  13323354,     0, 6, 9:58:02,10:00:11,   129, 34.70, 28.30,  6.40
         0,     0, 6,10:00:19,10:00:31,    12, 28.30, 28.40, -0.10
  12448416,  6029, 1, 9:59:00,10:00:37,    97, 41.30, 19.20, 22.10
  13008901,     0, 6,10:00:45,10:00:47,     2, 41.40, 41.40,  0.00
         0,     0, 1,10:00:45,10:01:06,    21, 19.20, 19.10,  0.10
  13323365,     0, 6,10:01:27,10:01:30,     3, 41.40, 41.40,  0.00
  12706619,     0, 7, 9:59:44,10:04:09,   265, 41.50, 41.50,  0.00
  12448398,     0, 6,10:01:47,10:04:40,   173, 41.20, 17.00, 24.20
         0,     0, 6,10:04:48,10:05:12,    24, 17.00, 40.20,-23.20
  12448398,     0, 6,10:05:34,10:05:35,     1, 36.00, 36.10, -0.10
         0,     0, 6,10:05:43,10:05:47,     4, 36.10, 41.50, -5.40
  11499117,     0, 8,10:05:20,10:06:22,    62, 41.00, 40.90,  0.10
  11499117,     0, 8,10:06:48,10:06:50,     2, 40.90, 40.90,  0.00
  12199951,     0, 8,10:07:15,10:07:30,    15, 40.80, 40.80,  0.00
  12199951,     0, 8,10:11:09,10:11:10,     1, 33.80, 33.80,  0.00
         0,     0, 8,10:11:18,10:11:25,     7, 33.80, 41.30, -7.50
  11954014,  4044, 2,10:08:46,10:13:16,   270, 44.00, 27.50, 16.50
         0,     0, 2,10:13:24,10:13:40,    16, 27.50, 43.90,-16.40
  12199951,     0, 8,10:12:35,10:13:47,    72, 41.30, 40.30,  1.00
  13323389,     0,10,10:14:40,10:15:06,    26, 41.10, 41.00,  0.10
  21268732,  6126, 1,10:13:34,10:15:36,   122, 41.50, 35.00,  6.50
         0,     0, 1,10:15:45,10:15:50,     5, 35.00, 41.30, -6.30
  11499117,     0, 7,10:04:19,10:19:26,   907, 41.50, 21.30, 20.20
         0,     0, 7,10:19:33,10:19:45,    12, 21.30, 41.70,-20.40
  12200085,  5139, 4,10:19:49,10:20:27,    38, 43.70, 32.30, 11.40
         0,     0, 4,10:20:35,10:20:46,    11, 32.30, 43.10,-10.80
  12200004,  5058, 4,10:20:56,10:21:41,    45, 43.10, 33.20,  9.90
         0,     0, 4,10:21:49,10:21:58,     9, 33.20, 43.20,-10.00
  12448508,  6121, 2,10:21:14,10:22:43,    89, 43.90, 41.50,  2.40
         0,     0, 2,10:22:50,10:22:51,     1, 41.50, 43.90, -2.40
  12448508,  6121, 1,10:22:37,10:22:52,    15, 41.30, 39.90,  1.40
         0,     0, 1,10:22:59,10:22:59,     0, 39.90, 41.10, -1.20
  12448508,  6121, 1,10:23:10,10:23:30,    20, 41.10, 38.70,  2.40
         0,     0, 1,10:23:38,10:23:39,     1, 38.70, 41.40, -2.70
  12200005,  5059, 2,10:23:01,10:24:01,    60, 43.80, 41.70,  2.10
  13323389,     0, 9,10:23:54,10:24:06,    12, 40.40, 40.40,  0.00
         0,     0, 2,10:24:09,10:24:10,     1, 41.70, 43.80, -2.10
  12448508,  6121, 1,10:24:00,10:24:08,     8, 41.40, 40.30,  1.10
  12200079,  5133, 7,10:19:57,10:25:27,   330, 41.40, 29.50, 11.90
         0,     0, 7,10:25:35,10:25:42,     7, 29.50, 29.50,  0.00
  13323389,     0,10,10:25:01,10:25:43,    42, 40.90, 40.60,  0.30
         0,     0, 6,10:26:11,10:26:28,    17, 22.90, 41.50,-18.60
  12200013,  5067, 1,10:24:33,10:26:40,   127, 40.30, 21.30, 19.00
  13323389,     0,10,10:25:55,10:26:44,    49, 40.60, 37.60,  3.00
         0,     0,10,10:26:52,10:26:55,     3, 37.60, 41.20, -3.60
         0,     0, 1,10:26:47,10:27:05,    18, 21.30, 41.30,-20.00
  12200013,  5067, 2,10:24:20,10:27:10,   170, 43.80, 43.60,  0.20
  11954027,     0, 9,10:27:54,10:28:06,    12, 40.40, 40.20,  0.20
  12706619,     0, 7,10:26:39,10:29:10,   151, 41.70, 40.60,  1.10
         0,     0, 8,10:29:28,10:29:28,     0, 39.80, 40.80, -1.00
  13323403,     0, 6,10:27:30,10:29:34,   124, 32.40, 29.20,  3.20
  11954027,     0, 9,10:28:19,10:29:33,    74, 40.00, 34.40,  5.60
         0,     0, 9,10:29:42,10:29:50,     8, 34.40, 41.10, -6.70
         0,     0, 6,10:29:41,10:29:52,    11, 29.20, 29.30, -0.10
  11954027,     0, 9,10:30:02,10:30:28,    26, 41.10, 36.80,  4.30
  13008733,     0, 8,10:30:12,10:30:38,    26, 40.70, 40.70,  0.00
         0,     0, 9,10:30:37,10:30:42,     5, 36.80, 41.10, -4.30
  13323389,     0, 9,10:31:04,10:31:06,     2, 41.00, 41.00,  0.00
  13323389,     0, 9,10:31:55,10:32:21,    26, 41.00, 40.70,  0.30
  13008733,     0, 8,10:31:01,10:32:36,    95, 40.60, 32.40,  8.20
         0,     0, 8,10:32:44,10:32:53,     9, 32.40, 41.00, -8.60
  13008733,     0, 8,10:33:41,10:33:43,     2, 32.50, 32.50,  0.00
  13323389,     0, 9,10:32:50,10:33:47,    57, 40.10, 32.00,  8.10
         0,     0, 8,10:33:51,10:34:00,     9, 32.50, 41.10, -8.60
         0,     0, 9,10:33:56,10:34:07,    11, 32.00, 41.20, -9.20
  12200046,  5100, 4,10:33:24,10:34:24,    60, 43.80, 31.50, 12.30
         0,     0, 4,10:34:33,10:34:44,    11, 31.50, 43.40,-11.90
  13008741,     0, 8,10:35:39,10:35:57,    18, 41.20, 41.10,  0.10
  12200005,  5059, 2,10:27:20,10:36:52,   572, 43.60, 31.30, 12.30
         0,     0, 2,10:37:00,10:37:12,    12, 31.30, 43.90,-12.60
  13008741,     0, 8,10:36:13,10:38:00,   107, 41.10, 36.70,  4.40
         0,     0, 8,10:38:07,10:38:11,     4, 36.70, 41.10, -4.40
  12706619,     0, 7,10:30:01,10:38:45,   524, 40.40, 22.80, 17.60
  12199964,     0, 8,10:38:59,10:39:00,     1, 28.50, 28.50,  0.00
         0,     0, 7,10:38:52,10:39:04,    12, 22.80, 22.80,  0.00
         0,     0, 8,10:39:08,10:39:21,    13, 28.50, 41.20,-12.70
  12706599,     0, 9,10:37:57,10:39:19,    82, 40.30, 30.90,  9.40
         0,     0, 9,10:39:27,10:39:40,    13, 30.90, 41.10,-10.20
  13008741,     0, 8,10:39:38,10:40:26,    48, 41.20, 33.10,  8.10
         0,     0, 8,10:40:34,10:40:42,     8, 33.10, 41.20, -8.10
  11954050,  4080, 4,10:39:30,10:41:07,    97, 43.60, 34.70,  8.90
  12448442,  6055, 5,10:40:48,10:41:16,    28, 41.00, 32.20,  8.80
         0,     0, 4,10:41:15,10:41:23,     8, 34.70, 43.20, -8.50
         0,     0, 5,10:41:25,10:41:33,     8, 32.20, 32.20,  0.00
  12448442,  6055, 5,10:41:43,10:42:00,    17, 41.00, 36.70,  4.30
         0,     0, 5,10:42:08,10:42:12,     4, 36.70, 41.00, -4.30
  21270655,     0, 6,10:42:07,10:42:19,    12, 41.40, 41.30,  0.10
  12448520,     0, 8,10:46:39,10:47:50,    71, 41.20, 34.40,  6.80
         0,     0, 8,10:47:59,10:48:05,     6, 34.40, 34.50, -0.10
  12448508,  6121, 2,10:37:28,10:48:31,   663, 43.90, 36.90,  7.00
         0,     0, 2,10:48:39,10:48:45,     6, 36.90, 44.00, -7.10
  12200060,  5114, 1,10:48:39,10:50:35,   116, 41.40, 30.10, 11.30
         0,     0, 1,10:50:43,10:50:53,    10, 30.10, 41.40,-11.30
  12200036,     0, 8,10:58:25,10:59:44,    79, 40.30, 30.90,  9.40
         0,     0, 8,10:59:52,11:00:04,    12, 30.90, 39.60, -8.70
  12200036,     0, 8,11:00:19,11:00:21,     2, 37.10, 37.10,  0.00
         0,     0, 8,11:00:29,11:00:33,     4, 37.10, 41.20, -4.10
  11265403,     0, 8,11:03:45,11:04:09,    24, 41.20, 40.90,  0.30
  12199988,  5042, 5,11:02:32,11:04:44,   132, 41.00, 21.70, 19.30
         0,     0, 5,11:04:53,11:05:11,    18, 21.70, 41.00,-19.30
  11265403,     0, 8,11:05:35,11:05:37,     2, 22.00, 22.00,  0.00
         0,     0, 8,11:05:46,11:06:06,    20, 22.00, 41.20,-19.20
  12448508,  6121, 4,11:06:04,11:07:50,   106, 43.50, 37.70,  5.80
         0,     0, 4,11:07:57,11:08:02,     5, 37.70, 43.20, -5.50
  12448514,     0, 9,11:07:04,11:08:42,    98, 41.10, 29.50, 11.60
         0,     0, 9,11:08:50,11:09:05,    15, 29.50, 41.10,-11.60
  12448466,  6079, 4,11:10:55,11:13:09,   134, 43.30, 24.00, 19.30
  12706615,  7024, 5,11:10:46,11:13:20,   154, 41.00, 24.70, 16.30
         0,     0, 4,11:13:18,11:13:36,    18, 24.00, 43.20,-19.20
         0,     0, 5,11:13:29,11:13:44,    15, 24.70, 41.00,-16.30
  12448477,  6090, 1,11:13:59,11:14:52,    53, 41.40, 35.00,  6.40
         0,     0, 1,11:15:00,11:15:05,     5, 35.00, 41.30, -6.30
  12706609,  7018, 1,11:15:15,11:16:12,    57, 41.30, 26.20, 15.10
         0,     0, 1,11:16:21,11:16:35,    14, 26.20, 41.30,-15.10
  13008905,     0,10,11:14:49,11:16:49,   120, 41.10, 33.50,  7.60
         0,     0,10,11:16:56,11:17:03,     7, 33.50, 41.20, -7.70
  12706714,     0, 9,11:18:40,11:18:55,    15, 41.10, 41.00,  0.10
  11499117,     0, 8,11:16:54,11:19:39,   165, 41.20, 38.40,  2.80
  12706714,     0, 9,11:19:23,11:19:40,    17, 40.70, 40.50,  0.20
         0,     0, 8,11:19:47,11:19:49,     2, 38.40, 41.20, -2.80
  12706714,     0,10,11:19:57,11:21:16,    79, 39.90, 22.50, 17.40
  11499184,  2074, 2,11:11:18,11:21:23,   605, 44.00, 26.30, 17.70
         0,     0,10,11:21:24,11:21:44,    20, 22.50, 41.10,-18.60
         0,     0, 2,11:21:31,11:21:49,    18, 26.30, 44.00,-17.70
  12448512,     0, 8,11:20:04,11:22:09,   125, 41.20, 16.60, 24.60
         0,     0, 8,11:22:18,11:22:44,    26, 16.60, 16.70, -0.10
  12706624,  7033, 4,11:20:11,11:24:08,   237, 43.80, 29.80, 14.00
         0,     0, 4,11:24:15,11:24:27,    12, 29.80, 43.20,-13.40
  12200036,     0, 7,10:46:03,11:25:23,  2360, 41.40, 41.40,  0.00
  12199993,     0, 9,11:24:42,11:26:50,   128, 40.40, 35.40,  5.00
         0,     0, 9,11:26:59,11:27:06,     7, 35.40, 41.10, -5.70
  12199980,     0, 8,11:25:47,11:27:30,   103, 26.10, 15.10, 11.00
         0,     0, 8,11:27:38,11:28:06,    28, 15.10, 41.20,-26.10
  13323365,     0, 6,11:28:00,11:28:25,    25, 41.40, 41.30,  0.10
  12199980,     0, 7,11:25:33,11:31:19,   346, 41.40, 41.40,  0.00
  12706619,     0, 8,11:32:30,11:32:31,     1, 40.80, 40.70,  0.10
  12706619,     0, 8,11:33:30,11:33:39,     9, 40.10, 39.90,  0.20
         0,     0, 8,11:33:47,11:33:47,     0, 39.90, 39.80,  0.10
  13008901,     0, 6,11:33:12,11:33:53,    41, 29.10, 28.60,  0.50
         0,     0, 6,11:34:01,11:34:12,    11, 28.60, 41.40,-12.80
  13008901,     0, 6,11:34:31,11:34:33,     2, 41.00, 41.00,  0.00
  12200004,  5058, 2,11:22:19,11:34:41,   742, 44.00, 29.20, 14.80
         0,     0, 2,11:34:48,11:35:02,    14, 29.20, 43.90,-14.70
  12200046,  5100, 1,11:34:57,11:35:47,    50, 41.30, 29.20, 12.10
         0,     0, 1,11:35:54,11:36:05,    11, 29.20, 41.30,-12.10
  12706619,     0, 8,11:36:04,11:36:04,     0, 22.40, 22.50, -0.10
         0,     0, 8,11:36:13,11:36:33,    20, 22.50, 41.20,-18.70
  12448475,     0,10,11:37:21,11:39:11,   110, 41.00, 24.60, 16.40
         0,     0,10,11:39:19,11:39:36,    17, 24.60, 41.10,-16.50
  21299607,  6130, 1,11:38:27,11:39:39,    72, 41.30, 41.20,  0.10
  12448433,     0, 8,11:39:38,11:41:16,    98, 40.00, 26.40, 13.60
  12448463,     0, 6,11:35:59,11:41:36,   337, 41.00, 17.40, 23.60
         0,     0, 8,11:41:25,11:41:40,    15, 26.40, 26.50, -0.10
         0,     0, 6,11:41:43,11:42:06,    23, 17.40, 41.50,-24.10
  13323365,     0, 6,11:42:17,11:42:31,    14, 41.20, 40.80,  0.40
  21299607,  6130, 2,11:38:15,11:42:35,   260, 43.90, 43.90,  0.00
  13008733,     0, 8,11:42:35,11:42:36,     1, 41.10, 41.10,  0.00
  21299607,  6130, 1,11:39:51,11:42:41,   170, 41.20, 29.10, 12.10
         0,     0, 1,11:42:49,11:43:00,    11, 29.10, 41.40,-12.30
  13008733,     0, 8,11:42:46,11:42:57,    11, 41.00, 41.00,  0.00
         0,     0, 6,11:43:11,11:43:13,     2, 37.80, 41.50, -3.70
  12448420,  6033, 5,11:42:04,11:43:14,    70, 41.00, 33.10,  7.90
         0,     0, 5,11:43:22,11:43:29,     7, 33.10, 41.10, -8.00
  13323394,     0, 6,11:43:56,11:43:57,     1, 41.40, 41.40,  0.00
  11499117,     0, 8,11:44:51,11:48:00,   189, 41.00, 21.30, 19.70
  13323394,     0, 6,11:44:36,11:48:04,   208, 41.20, 29.10, 12.10
         0,     0, 6,11:48:12,11:48:23,    11, 29.10, 41.50,-12.40
         0,     0, 8,11:48:08,11:48:29,    21, 21.30, 21.40, -0.10
  12199964,     0, 8,11:50:29,11:51:55,    86, 41.30, 28.10, 13.20
         0,     0, 8,11:52:03,11:52:16,    13, 28.10, 28.20, -0.10
  12200066,  5120, 5,11:55:25,11:57:38,   133, 41.00, 29.00, 12.00
         0,     0, 5,11:57:45,11:57:56,    11, 29.00, 41.00,-12.00
  13008733,     0, 7,11:40:11,11:59:40,  1169, 41.20, 41.20,  0.00
  12200026,     0, 8,11:59:53,12:00:11,    18, 41.20, 41.10,  0.10
  12706613,  7022, 3,11:58:40,12:02:06,   206, 46.30, 28.20, 18.10
         0,     0, 3,12:02:14,12:02:28,    14, 28.20, 28.10,  0.10
  12200026,     0, 8,12:00:27,12:02:37,   130, 40.80, 25.00, 15.80
         0,     0, 8,12:02:46,12:03:02,    16, 25.00, 40.70,-15.70
  12448420,  6033, 3,12:02:38,12:03:52,    74, 46.20, 39.00,  7.20
         0,     0, 3,12:04:00,12:04:05,     5, 39.00, 46.20, -7.20
  12448508,  6121, 2,11:42:49,12:05:11,  1342, 43.90, 39.70,  4.20
         0,     0, 2,12:05:18,12:05:21,     3, 39.70, 43.80, -4.10
  12448466,  6079, 1,12:05:33,12:06:02,    29, 41.40, 32.10,  9.30
         0,     0, 1,12:06:09,12:06:17,     8, 32.10, 41.30, -9.20
  12200069,  5123, 1,12:06:28,12:08:51,   143, 41.30, 17.30, 24.00
         0,     0, 1,12:08:59,12:09:21,    22, 17.30, 41.30,-24.00
  12706620,  7029, 6,12:11:12,12:11:32,    20, 41.40, 41.40,  0.00
  12706734,     0,10,12:11:15,12:12:52,    97, 41.10, 36.30,  4.80
         0,     0,10,12:13:00,12:13:04,     4, 36.30, 41.20, -4.90
  12200086,     0, 8,12:15:15,12:15:46,    31, 24.80, 23.90,  0.90
  12706620,  7029, 6,12:14:09,12:15:59,   110, 41.40, 41.20,  0.20
  12200091,  5145, 2,12:09:50,12:16:04,   374, 43.80, 19.80, 24.00
         0,     0, 8,12:15:53,12:16:11,    18, 23.90, 41.00,-17.10
         0,     0, 2,12:16:11,12:16:34,    23, 19.80, 43.90,-24.10
  12200086,     0, 8,12:16:24,12:18:18,   114, 39.80, 27.90, 11.90
         0,     0, 8,12:18:27,12:18:40,    13, 27.90, 41.20,-13.30
  12200083,  5137, 2,12:16:45,12:19:07,   142, 43.90, 39.40,  4.50
         0,     0, 2,12:19:14,12:19:17,     3, 39.40, 43.80, -4.40
  12706620,  7029, 6,12:16:52,12:20:00,   188, 41.10, 23.30, 17.80
  12199980,     0, 8,12:18:59,12:20:14,    75, 41.20, 32.50,  8.70
         0,     0, 6,12:20:09,12:20:26,    17, 23.30, 41.50,-18.20
         0,     0, 8,12:20:21,12:20:30,     9, 32.50, 41.30, -8.80
  12706609,  7018, 5,12:19:32,12:20:36,    64, 40.90, 32.50,  8.40
         0,     0, 5,12:20:45,12:20:52,     7, 32.50, 41.00, -8.50
  12448516,  6129, 4,12:20:15,12:21:33,    78, 43.80, 27.30, 16.50
  12448474,  6087, 1,12:19:22,12:21:46,   144, 41.30, 22.20, 19.10
  11724250,  3150, 3,12:21:08,12:21:48,    40, 46.30, 45.40,  0.90
         0,     0, 4,12:21:42,12:21:57,    15, 27.30, 27.40, -0.10
         0,     0, 1,12:21:54,12:22:11,    17, 22.20, 41.30,-19.10
  11724250,  3150, 4,12:22:07,12:23:13,    66, 43.60, 29.00, 14.60
         0,     0, 4,12:23:22,12:23:36,    14, 29.00, 43.00,-14.00
  12200007,  5061, 4,12:23:46,12:24:51,    65, 43.20, 34.50,  8.70
         0,     0, 4,12:24:59,12:25:07,     8, 34.50, 43.20, -8.70
  21299607,  6130, 3,12:22:16,12:26:01,   225, 45.30, 32.90, 12.40
         0,     0, 3,12:26:09,12:26:19,    10, 32.90, 32.80,  0.10
  12200026,     0, 7,12:02:53,12:26:50,  1437, 38.70, 38.70,  0.00
         0,     0, 7,12:26:58,12:26:59,     1, 38.70, 41.60, -2.90
  12448392,  6005, 1,12:28:06,12:28:18,    12, 41.40, 38.90,  2.50
         0,     0, 1,12:28:26,12:28:27,     1, 38.90, 41.30, -2.40
  12448392,  6005, 2,12:27:13,12:28:33,    80, 43.80, 37.30,  6.50
         0,     0, 2,12:28:41,12:28:46,     5, 37.30, 43.90, -6.60
  11724231,  3131, 3,12:27:18,12:30:22,   184, 46.30, 25.90, 20.40
         0,     0, 3,12:30:30,12:30:46,    16, 25.90, 25.90,  0.00
  12706610,  7019, 5,12:29:51,12:31:14,    83, 41.00, 26.90, 14.10
  12448520,     0, 8,12:30:04,12:31:22,    78, 41.30, 29.20, 12.10
         0,     0, 5,12:31:22,12:31:35,    13, 26.90, 40.90,-14.00
  12448392,  6005, 4,12:30:35,12:31:33,    58, 43.60, 33.60, 10.00
  11954042,  4072, 1,12:28:43,12:31:39,   176, 41.30, 23.60, 17.70
         0,     0, 8,12:31:30,12:31:42,    12, 29.20, 41.10,-11.90
         0,     0, 4,12:31:41,12:31:50,     9, 33.60, 43.10, -9.50
         0,     0, 1,12:31:47,12:32:03,    16, 23.60, 41.30,-17.70
  12199993,     0, 9,12:30:06,12:32:03,   117, 40.90, 37.50,  3.40
         0,     0, 9,12:32:11,12:32:15,     4, 37.50, 41.10, -3.60
  21307343,  6027, 5,12:32:08,12:32:35,    27, 40.90, 37.90,  3.00
         0,     0, 5,12:32:42,12:32:45,     3, 37.90, 41.10, -3.20
  21307343,  6027, 5,12:33:00,12:34:01,    61, 41.00, 30.10, 10.90
  13323354,     0, 6,12:33:17,12:34:05,    48, 40.30, 35.40,  4.90
  12706634,  7043, 4,12:32:32,12:34:13,   101, 43.30, 22.90, 20.40
         0,     0, 6,12:34:13,12:34:18,     5, 35.40, 35.50, -0.10
         0,     0, 5,12:34:08,12:34:18,    10, 30.10, 40.90,-10.80
         0,     0, 4,12:34:21,12:34:40,    19, 22.90, 43.10,-20.20
  12200066,  5120, 5,12:35:08,12:36:46,    98, 40.90, 30.00, 10.90
         0,     0, 5,12:36:53,12:37:03,    10, 30.00, 41.00,-11.00
  12448471,  6084, 4,12:36:46,12:39:04,   138, 43.30, 23.30, 20.00
         0,     0, 4,12:39:11,12:39:30,    19, 23.30, 43.40,-20.10
  12448420,  6033, 4,12:44:21,12:45:39,    78, 43.60, 34.80,  8.80
         0,     0, 4,12:45:46,12:45:54,     8, 34.80, 43.20, -8.40
  12200013,  5067, 1,12:43:18,12:45:53,   155, 41.30, 12.70, 28.60
         0,     0, 1,12:46:02,12:46:30,    28, 12.70, 41.30,-28.60
  13008748,     0, 8,12:56:44,12:58:15,    91, 31.20, 30.10,  1.10
         0,     0, 8,12:58:23,12:58:34,    11, 30.10, 41.20,-11.10
  13008748,     0, 8,12:58:50,12:58:52,     2, 41.20, 41.20,  0.00
  12448437,  6050, 5,12:58:58,13:01:02,   124, 40.90, 24.90, 16.00
         0,     0, 5,13:01:09,13:01:24,    15, 24.90, 41.00,-16.10
  13008748,     0, 8,12:59:10,13:04:12,   302, 41.20, 29.20, 12.00
         0,     0, 8,13:04:19,13:04:31,    12, 29.20, 41.10,-11.90
  12200066,  5120, 5,13:05:37,13:06:55,    78, 40.90, 33.20,  7.70
  13323365,     0, 6,13:04:44,13:06:56,   132, 41.40, 33.00,  8.40
         0,     0, 5,13:07:03,13:07:10,     7, 33.20, 40.70, -7.50
         0,     0, 6,13:07:04,13:07:12,     8, 33.00, 41.50, -8.50
  12200069,  5123, 4,13:09:46,13:11:19,    93, 43.50, 32.60, 10.90
         0,     0, 4,13:11:26,13:11:36,    10, 32.60, 43.10,-10.50
  12200026,     0, 8,13:13:05,13:16:10,   185, 41.20, 23.80, 17.40
  12448471,  6084, 3,13:14:32,13:16:23,   111, 46.10, 33.50, 12.60
         0,     0, 8,13:16:19,13:16:37,    18, 23.80, 41.10,-17.30
         0,     0, 3,13:16:32,13:16:42,    10, 33.50, 33.40,  0.10
  12706598,     0, 8,13:16:57,13:17:33,    36, 41.10, 41.00,  0.10
  11265403,     0, 7,12:28:20,13:17:37,  2957, 23.50, 15.60,  7.90
         0,     0, 7,13:17:45,13:18:01,    16, 15.60, 41.70,-26.10
  12706618,  7027, 4,13:16:45,13:18:00,    75, 43.50, 27.90, 15.60
         0,     0, 4,13:18:09,13:18:23,    14, 27.90, 43.20,-15.30
  12706598,     0, 7,13:18:15,13:20:00,   105, 41.60, 40.90,  0.70
  12706610,  7019, 4,13:19:25,13:20:36,    71, 43.90, 30.80, 13.10
         0,     0, 4,13:20:45,13:20:57,    12, 30.80, 43.20,-12.40
  12706598,     0, 8,13:19:39,13:21:52,   133, 41.00, 25.70, 15.30
         0,     0, 8,13:22:00,13:22:13,    13, 25.70, 38.10,-12.40
  13008733,     0, 8,13:22:28,13:22:29,     1, 38.10, 38.10,  0.00
         0,     0, 8,13:22:36,13:22:38,     2, 38.10, 40.80, -2.70
  13008733,     0, 8,13:22:52,13:22:57,     5, 40.80, 40.80,  0.00
  13008733,     0, 8,13:23:12,13:23:33,    21, 40.80, 40.60,  0.20
  13323354,     0, 6,13:23:27,13:23:37,    10, 36.00, 36.00,  0.00
         0,     0, 6,13:23:45,13:23:49,     4, 36.00, 41.50, -5.50
  13008733,     0, 8,13:23:55,13:25:29,    94, 40.00, 25.30, 14.70
         0,     0, 8,13:25:36,13:25:52,    16, 25.30, 41.20,-15.90
  13323354,     0, 6,13:26:47,13:27:00,    13, 41.50, 41.50,  0.00
  12200083,  5137, 2,12:56:13,13:35:31,  2358, 43.90, 32.70, 11.20
         0,     0, 2,13:35:38,13:35:48,    10, 32.70, 43.90,-11.20
  12199987,  5041, 1,13:38:39,13:42:31,   232, 41.30, 17.90, 23.40
         0,     0, 1,13:42:39,13:43:01,    22, 17.90, 41.30,-23.40
  11724167,     0, 7,13:20:23,13:47:17,  1614, 39.50, 18.10, 21.40
         0,     0, 7,13:47:24,13:47:39,    15, 18.10, 41.60,-23.50
  12448437,  6050, 5,13:46:41,13:47:53,    72, 40.80, 33.30,  7.50
         0,     0, 5,13:48:02,13:48:09,     7, 33.30, 41.10, -7.80
  12706620,  7029, 6,13:45:05,13:49:16,   251, 41.50, 25.10, 16.40
         0,     0, 6,13:49:24,13:49:39,    15, 25.10, 25.20, -0.10
  12200085,  5139, 4,13:47:48,13:50:06,   138, 43.80, 24.80, 19.00
         0,     0, 4,13:50:15,13:50:33,    18, 24.80, 43.30,-18.50
  12199951,     0, 8,13:46:50,13:50:37,   227, 38.50, 30.40,  8.10
         0,     0, 8,13:50:44,13:50:55,    11, 30.40, 41.30,-10.90
  12199951,     0, 8,13:53:14,13:55:57,   163, 41.30, 38.20,  3.10
         0,     0, 8,13:56:04,13:56:06,     2, 38.20, 41.20, -3.00
  21292850,  6069, 5,13:50:38,13:56:34,   356, 41.00, 19.60, 21.40
         0,     0, 5,13:56:42,13:57:02,    20, 19.60, 41.00,-21.40
  12448407,  6020, 4,14:00:47,14:01:56,    69, 43.40, 22.30, 21.10
  12448481,     0, 7,13:47:49,14:02:14,   865, 41.40, 17.80, 23.60
         0,     0, 4,14:02:05,14:02:25,    20, 22.30, 22.30,  0.00
         0,     0, 7,14:02:22,14:02:37,    15, 17.80, 17.80,  0.00
  13008773,     0, 8,14:03:07,14:03:08,     1, 32.90, 32.90,  0.00
         0,     0, 8,14:03:16,14:03:25,     9, 32.90, 41.10, -8.20
  12448477,  6090, 5,14:03:19,14:04:24,    65, 40.90, 29.50, 11.40
         0,     0, 5,14:04:32,14:04:42,    10, 29.50, 40.80,-11.30
  13323359,     0, 6,14:12:07,14:15:09,   182, 41.40, 26.70, 14.70
         0,     0, 6,14:15:16,14:15:29,    13, 26.70, 41.40,-14.70
  12200070,  5124, 2,13:36:18,14:17:00,  2442, 43.90, 34.60,  9.30
         0,     0, 2,14:17:08,14:17:16,     8, 34.60, 44.00, -9.40
  13008905,     0, 9,14:19:37,14:21:29,   112, 33.00, 28.00,  5.00
         0,     0, 9,14:21:37,14:21:54,    17, 28.00, 41.10,-13.10
  12200070,  5124, 4,14:21:20,14:21:57,    37, 44.20, 39.00,  5.20
  12199988,  5042, 5,14:21:03,14:22:03,    60, 40.80, 39.80,  1.00
         0,     0, 4,14:22:05,14:22:09,     4, 39.00, 43.20, -4.20
         0,     0, 5,14:22:11,14:22:11,     0, 39.80, 40.70, -0.90
  12199988,  5042, 5,14:22:21,14:23:36,    75, 40.70, 27.00, 13.70
         0,     0, 5,14:23:44,14:23:57,    13, 27.00, 41.00,-14.00
  12448437,  6050, 4,14:22:19,14:24:17,   118, 43.20, 32.90, 10.30
  12200079,  5133, 7,14:17:32,14:24:24,   412, 41.30, 28.60, 12.70
         0,     0, 4,14:24:26,14:24:36,    10, 32.90, 43.10,-10.20
         0,     0, 7,14:24:31,14:24:39,     8, 28.60, 41.50,-12.90
  12200070,  5124, 1,14:24:13,14:25:11,    58, 41.30, 36.20,  5.10
         0,     0, 1,14:25:20,14:25:24,     4, 36.20, 41.30, -5.10
  12200070,  5124, 5,14:29:29,14:30:10,    41, 41.00, 37.60,  3.40
  12706624,  7033, 1,14:26:55,14:30:14,   199, 41.30, 19.10, 22.20
         0,     0, 5,14:30:17,14:30:20,     3, 37.60, 41.00, -3.40
         0,     0, 1,14:30:21,14:30:41,    20, 19.10, 41.30,-22.20
  12448417,  6030, 1,14:31:38,14:33:31,   113, 41.30, 22.10, 19.20
         0,     0, 1,14:33:38,14:33:56,    18, 22.10, 41.30,-19.20
  12706729,     0,10,14:32:44,14:35:06,   142, 40.90, 30.10, 10.80
         0,     0,10,14:35:13,14:35:24,    11, 30.10, 41.20,-11.10
  12448481,     0, 8,14:35:44,14:36:57,    73, 41.10, 26.00, 15.10
         0,     0, 8,14:37:06,14:37:21,    15, 26.00, 41.20,-15.20
  13008741,     0, 8,14:37:54,14:39:23,    89, 41.10, 32.80,  8.30
         0,     0, 8,14:39:32,14:39:40,     8, 32.80, 41.10, -8.30
  12448471,  6084, 4,14:41:25,14:42:50,    85, 43.30, 43.30,  0.00
  12448437,  6050, 5,14:41:50,14:43:46,   116, 40.80, 37.70,  3.10
         0,     0, 5,14:43:53,14:43:56,     3, 37.70, 41.00, -3.30
  12448471,  6084, 4,14:42:59,14:45:44,   165, 43.50, 26.30, 17.20
  11724167,     0, 7,14:24:59,14:45:54,  1255, 40.70, 21.60, 19.10
         0,     0, 4,14:45:53,14:46:10,    17, 26.30, 43.20,-16.90
         0,     0, 7,14:46:02,14:46:15,    13, 21.60, 21.70, -0.10
  13323403,     0, 6,14:47:55,14:47:57,     2, 41.40, 41.40,  0.00
  12706615,  7024, 5,14:45:47,14:48:30,   163, 40.90, 22.10, 18.80
  12200036,     0, 8,14:46:52,14:48:44,   112, 40.90, 28.30, 12.60
         0,     0, 5,14:48:39,14:48:56,    17, 22.10, 40.80,-18.70
         0,     0, 8,14:48:53,14:49:07,    14, 28.30, 41.20,-12.90
  13323403,     0, 6,14:48:38,14:50:46,   128, 40.70, 28.00, 12.70
         0,     0, 6,14:50:54,14:51:06,    12, 28.00, 41.50,-13.50
  12200070,  5124, 3,14:49:29,14:53:07,   218, 46.10, 38.70,  7.40
         0,     0, 3,14:53:14,14:53:19,     5, 38.70, 46.20, -7.50
  12706734,     0,10,14:54:16,14:55:37,    81, 41.10, 38.50,  2.60
         0,     0,10,14:55:44,14:55:46,     2, 38.50, 41.20, -2.70
  11954050,  4080, 2,14:17:26,15:02:01,  2675, 44.00, 28.70, 15.30
  13008738,     0,10,14:59:12,15:02:19,   187, 41.20, 25.30, 15.90
         0,     0, 2,15:02:09,15:02:23,    14, 28.70, 43.80,-15.10
         0,     0,10,15:02:28,15:02:44,    16, 25.30, 41.20,-15.90
  13008773,     0, 8,15:06:31,15:08:33,   122, 41.20, 25.80, 15.40
         0,     0, 8,15:08:42,15:08:57,    15, 25.80, 41.20,-15.40
  12448514,     0,10,15:12:16,15:12:42,    26, 40.50, 39.00,  1.50
         0,     0,10,15:12:50,15:12:51,     1, 39.00, 41.20, -2.20
  12448520,     0, 8,15:16:59,15:18:02,    63, 41.30, 27.00, 14.30
         0,     0, 8,15:18:09,15:18:24,    15, 27.00, 41.20,-14.20
  12448514,     0,10,15:28:18,15:29:22,    64, 39.70, 32.30,  7.40
         0,     0,10,15:29:30,15:29:39,     9, 32.30, 41.20, -8.90
  12448433,     0, 7,15:07:05,15:32:55,  1550, 41.50, 28.30, 13.20
         0,     0, 7,15:33:02,15:33:10,     8, 28.30, 28.40, -0.10
  12706734,     0,10,15:33:55,15:35:31,    96, 41.20, 37.80,  3.40
         0,     0,10,15:35:38,15:35:41,     3, 37.80, 41.20, -3.40
  12706734,     0,10,15:36:07,15:36:53,    46, 41.20, 39.80,  1.40
         0,     0,10,15:37:02,15:37:02,     0, 39.80, 41.10, -1.30
  12200046,  5100, 1,15:37:34,15:38:26,    52, 41.30, 32.10,  9.20
         0,     0, 1,15:38:33,15:38:41,     8, 32.10, 41.20, -9.10
  12200081,  5135, 2,15:02:33,15:38:55,  2182, 43.90, 22.80, 21.10
         0,     0, 2,15:39:03,15:39:25,    22, 22.80, 44.00,-21.20
  21268732,  6126, 5,15:38:42,15:40:13,    91, 40.90, 32.30,  8.60
  12200046,  5100, 2,15:39:36,15:40:17,    41, 44.00, 37.70,  6.30
  12706613,  7022, 3,15:39:46,15:40:18,    32, 46.30, 45.30,  1.00
  12448392,  6005, 4,15:39:18,15:40:21,    63, 43.70, 30.30, 13.40
         0,     0, 5,15:40:20,15:40:28,     8, 32.30, 40.90, -8.60
         0,     0, 2,15:40:24,15:40:29,     5, 37.70, 44.00, -6.30
  11499184,  2074, 1,15:40:24,15:40:28,     4, 41.20, 41.20,  0.00
         0,     0, 4,15:40:29,15:40:41,    12, 30.30, 43.10,-12.80
  21268732,  6126, 5,15:40:38,15:41:00,    22, 40.90, 37.20,  3.70
         0,     0, 5,15:41:09,15:41:12,     3, 37.20, 41.00, -3.80
  11724250,  3150, 1,15:40:49,15:41:42,    53, 41.30, 29.00, 12.30
  12706725,     0, 8,15:40:39,15:41:45,    66, 35.70, 33.60,  2.10
  21270655,     0, 6,15:38:33,15:41:45,   192, 41.40, 31.50,  9.90
         0,     0, 8,15:41:53,15:42:01,     8, 33.60, 41.10, -7.50
         0,     0, 1,15:41:50,15:42:02,    12, 29.00, 41.30,-12.30
         0,     0, 6,15:41:53,15:42:02,     9, 31.50, 31.60, -0.10
  12448420,  6033, 2,15:40:40,15:42:03,    83, 44.00, 38.10,  5.90
  12706613,  7022, 3,15:40:47,15:42:08,    81, 45.30, 35.30, 10.00
         0,     0, 2,15:42:10,15:42:15,     5, 38.10, 43.90, -5.80
         0,     0, 3,15:42:16,15:42:24,     8, 35.30, 35.20,  0.10
  12706618,  7027, 4,15:41:56,15:43:01,    65, 43.60, 31.60, 12.00
         0,     0, 4,15:43:09,15:43:20,    11, 31.60, 43.30,-11.70
  12448466,  6079, 5,15:42:18,15:43:32,    74, 40.90, 24.70, 16.20
         0,     0, 5,15:43:39,15:43:54,    15, 24.70, 41.00,-16.30
  21307343,  6027, 2,15:42:25,15:44:30,   125, 43.90, 19.30, 24.60
         0,     0, 2,15:44:38,15:45:03,    25, 19.30, 44.00,-24.70
  12448520,     0, 7,15:33:20,15:47:30,   850, 41.70, 41.60,  0.10
  12448416,  6029, 4,15:46:13,15:47:39,    86, 43.70, 20.20, 23.50
         0,     0, 4,15:47:47,15:48:09,    22, 20.20, 43.40,-23.20
  12706613,  7022, 4,15:50:31,15:50:37,     6, 43.80, 43.80,  0.00
  12706613,  7022, 3,15:50:44,15:50:44,     0, 46.20, 46.10,  0.10
  12706634,  7043, 5,15:50:57,15:51:13,    16, 40.90, 39.30,  1.60
         0,     0, 5,15:51:21,15:51:22,     1, 39.30, 41.10, -1.80
  21268732,  6126, 5,15:51:32,15:52:32,    60, 41.00, 36.60,  4.40
         0,     0, 5,15:52:41,15:52:45,     4, 36.60, 41.00, -4.40
  12706609,  7018, 3,15:52:32,15:54:26,   114, 46.10, 29.60, 16.50
  12200013,  5067, 1,15:54:27,15:54:32,     5, 41.30, 41.30,  0.00
  12706634,  7043, 4,15:53:37,15:54:38,    61, 44.10, 33.50, 10.60
         0,     0, 3,15:54:34,15:54:48,    14, 29.60, 29.50,  0.10
         0,     0, 4,15:54:46,15:54:54,     8, 33.50, 42.90, -9.40
  21307343,  6027, 2,15:52:20,15:55:01,   161, 44.00, 33.70, 10.30
         0,     0, 2,15:55:08,15:55:17,     9, 33.70, 44.00,-10.30
  12448420,  6033, 4,15:55:04,15:56:05,    61, 43.00, 32.70, 10.30
         0,     0, 4,15:56:14,15:56:24,    10, 32.70, 43.30,-10.60
  12200013,  5067, 1,15:55:19,15:56:58,    99, 41.30, 34.40,  6.90
         0,     0, 1,15:57:06,15:57:12,     6, 34.40, 41.20, -6.80
  12199993,     0, 9,15:55:39,15:57:18,    99, 37.60, 32.40,  5.20
         0,     0, 9,15:57:26,15:57:37,    11, 32.40, 41.10, -8.70
  11499117,     0, 7,15:47:41,15:57:44,   603, 41.60, 27.10, 14.50
  12200007,  5061, 3,15:56:36,15:57:47,    71, 46.10, 34.20, 11.90
  12706620,  7029, 6,15:56:27,15:57:54,    87, 41.40, 41.20,  0.20
         0,     0, 7,15:57:51,15:58:00,     9, 27.10, 41.20,-14.10
         0,     0, 3,15:57:55,15:58:05,    10, 34.20, 34.10,  0.10
  12448508,  6121, 4,15:57:16,15:58:24,    68, 43.70, 43.50,  0.20
  12200066,  5120, 4,15:58:34,15:58:46,    12, 43.50, 43.00,  0.50
  12448508,  6121, 3,15:58:28,16:00:38,   130, 45.90, 36.50,  9.40
         0,     0, 3,16:00:46,16:00:53,     7, 36.50, 36.50,  0.00
  12706620,  7029, 6,16:00:35,16:01:07,    32, 34.20, 32.00,  2.20
         0,     0, 6,16:01:15,16:01:23,     8, 32.00, 41.40, -9.40
  12200066,  5120, 4,16:00:33,16:03:39,   186, 43.20, 23.90, 19.30
         0,     0, 4,16:03:47,16:04:05,    18, 23.90, 43.20,-19.30
  12448481,     0, 8,16:02:57,16:04:10,    73, 17.60, 15.70,  1.90
         0,     0, 8,16:04:18,16:04:45,    27, 15.70, 41.20,-25.50
  12199993,     0,10,16:05:36,16:05:39,     3, 41.00, 41.00,  0.00
  11724250,  3150, 4,16:05:40,16:06:26,    46, 43.80, 36.40,  7.40
         0,     0, 4,16:06:34,16:06:40,     6, 36.40, 43.30, -6.90
  11724250,  3150, 4,16:06:50,16:07:16,    26, 43.40, 38.90,  4.50
         0,     0, 4,16:07:25,16:07:29,     4, 38.90, 43.20, -4.30
  21268732,  6126, 3,16:07:37,16:08:57,    80, 46.10, 42.10,  4.00
         0,     0, 3,16:09:05,16:09:08,     3, 42.10, 42.00,  0.10
  12200083,  5137, 4,16:09:03,16:10:14,    71, 43.20, 31.80, 11.40
         0,     0, 4,16:10:22,16:10:33,    11, 31.80, 43.20,-11.40
  12706613,  7022, 3,16:10:08,16:11:06,    58, 46.30, 39.40,  6.90
  12448407,  6020, 5,16:10:38,16:11:08,    30, 41.00, 36.20,  4.80
         0,     0, 3,16:11:14,16:11:19,     5, 39.40, 39.40,  0.00
         0,     0, 5,16:11:17,16:11:21,     4, 36.20, 40.80, -4.60
  12200083,  5137, 4,16:10:53,16:11:29,    36, 43.40, 38.40,  5.00
         0,     0, 4,16:11:37,16:11:41,     4, 38.40, 43.80, -5.40
  21292850,  6069, 2,15:59:27,16:12:33,   786, 43.90, 18.40, 25.50
         0,     0, 2,16:12:41,16:13:06,    25, 18.40, 44.00,-25.60
  12706614,  7023, 1,16:12:41,16:14:11,    90, 41.30, 25.40, 15.90
         0,     0, 1,16:14:19,16:14:34,    15, 25.40, 41.30,-15.90
  12200001,     0, 9,16:15:26,16:15:27,     1, 37.20, 37.20,  0.00
         0,     0, 9,16:15:35,16:15:39,     4, 37.20, 41.10, -3.90
  12448508,  6121, 4,16:15:00,16:16:24,    84, 43.30, 37.80,  5.50
  12448466,  6079, 5,16:15:14,16:16:32,    78, 40.60, 30.30, 10.30
         0,     0, 4,16:16:32,16:16:37,     5, 37.80, 43.20, -5.40
         0,     0, 5,16:16:41,16:16:51,    10, 30.30, 41.00,-10.70
  11954042,  4072, 3,16:15:07,16:17:11,   124, 46.00, 29.30, 16.70
         0,     0, 3,16:17:19,16:17:33,    14, 29.30, 29.10,  0.20
  12200069,  5123, 4,16:16:47,16:17:58,    71, 43.50, 24.30, 19.20
         0,     0, 4,16:18:07,16:18:25,    18, 24.30, 43.40,-19.10
  12200004,  5058, 4,16:18:35,16:19:53,    78, 43.40, 25.60, 17.80
  12448477,  6090, 3,16:18:45,16:19:56,    71, 46.00, 31.30, 14.70
         0,     0, 3,16:20:05,16:20:17,    12, 31.30, 31.20,  0.10
         0,     0, 4,16:20:01,16:20:19,    18, 25.60, 43.20,-17.60
  12448407,  6020, 2,16:17:31,16:20:40,   189, 44.00, 29.80, 14.20
  13323354,     0, 6,16:20:34,16:20:43,     9, 37.10, 37.10,  0.00
         0,     0, 6,16:20:52,16:20:55,     3, 37.10, 41.50, -4.40
         0,     0, 2,16:20:48,16:21:02,    14, 29.80, 43.90,-14.10
  12706725,     0, 8,16:21:18,16:21:21,     3, 40.90, 40.90,  0.00
  13323354,     0, 6,16:21:24,16:22:03,    39, 40.30, 40.30,  0.00
  12706725,     0, 8,16:22:32,16:23:21,    49, 35.10, 32.40,  2.70
         0,     0, 8,16:23:29,16:23:38,     9, 32.40, 41.20, -8.80
  21268732,  6126, 4,16:22:59,16:24:31,    92, 43.60, 39.10,  4.50
         0,     0, 4,16:24:39,16:24:43,     4, 39.10, 43.30, -4.20
  12706634,  7043, 3,16:24:05,16:25:00,    55, 46.30, 32.60, 13.70
         0,     0, 3,16:25:09,16:25:20,    11, 32.60, 32.60,  0.00
  12448474,  6087, 2,16:21:12,16:26:09,   297, 44.00, 26.30, 17.70
         0,     0, 2,16:26:17,16:26:34,    17, 26.30, 44.00,-17.70
  12706714,     0,10,16:26:25,16:26:34,     9, 41.00, 40.90,  0.10
  12448463,     0, 6,16:22:34,16:27:03,   269, 40.30, 16.90, 23.40
         0,     0, 6,16:27:12,16:27:34,    22, 16.90, 41.30,-24.40
  12200005,  5059, 4,16:26:01,16:28:05,   124, 43.00, 30.20, 12.80
  11954050,  4080, 3,16:26:47,16:28:07,    80, 46.10, 38.20,  7.90
  12199993,     0, 9,16:28:11,16:28:13,     2, 41.10, 41.10,  0.00
         0,     0, 3,16:28:14,16:28:20,     6, 38.20, 38.20,  0.00
         0,     0, 4,16:28:12,16:28:25,    13, 30.20, 43.30,-13.10
  12448508,  6121, 1,16:27:23,16:28:30,    67, 41.30, 39.50,  1.80
         0,     0, 1,16:28:38,16:28:39,     1, 39.50, 41.20, -1.70
  12448475,     0,10,16:27:35,16:28:37,    62, 40.80, 26.50, 14.30
         0,     0,10,16:28:45,16:29:01,    16, 26.50, 41.10,-14.60
  11954050,  4080, 3,16:28:32,16:29:35,    63, 46.10, 34.20, 11.90
  12448516,  6129, 1,16:28:49,16:29:46,    57, 41.20, 26.40, 14.80
         0,     0, 3,16:29:43,16:29:52,     9, 34.20, 34.10,  0.10
         0,     0, 1,16:29:54,16:30:07,    13, 26.40, 41.30,-14.90
  12200036,     0, 7,15:59:46,16:30:59,  1873, 29.90, 29.80,  0.10
  12199993,     0,10,16:29:49,16:31:04,    75, 40.80, 39.40,  1.40
         0,     0,10,16:31:11,16:31:12,     1, 39.40, 41.10, -1.70
  12706618,  7027, 1,16:30:17,16:31:10,    53, 41.30, 31.70,  9.60
         0,     0, 7,16:31:06,16:31:13,     7, 29.80, 29.80,  0.00
         0,     0, 1,16:31:18,16:31:26,     8, 31.70, 41.30, -9.60
  12448442,  6055, 2,16:26:44,16:31:48,   304, 44.00, 30.60, 13.40
         0,     0, 2,16:31:56,16:32:09,    13, 30.60, 44.00,-13.40
  12448481,     0, 8,16:31:50,16:32:59,    69, 40.80, 29.60, 11.20
  11954014,  4044, 1,16:32:08,16:33:09,    61, 41.40, 15.80, 25.60
         0,     0, 8,16:33:07,16:33:19,    12, 29.60, 41.20,-11.60
  12200046,  5100, 3,16:32:35,16:33:25,    50, 46.20, 36.70,  9.50
         0,     0, 1,16:33:18,16:33:41,    23, 15.80, 41.30,-25.50
         0,     0, 3,16:33:34,16:33:41,     7, 36.70, 36.60,  0.10
  12706610,  7019, 4,16:34:03,16:34:56,    53, 43.40, 30.30, 13.10
         0,     0, 4,16:35:04,16:35:16,    12, 30.30, 30.30,  0.00
  12706613,  7022, 3,16:35:21,16:35:48,    27, 46.10, 43.00,  3.10
         0,     0, 3,16:35:56,16:35:58,     2, 43.00, 46.30, -3.30
  12706613,  7022, 3,16:38:07,16:38:12,     5, 46.60, 46.50,  0.10
  12200060,  5114, 4,16:36:32,16:38:16,   104, 43.50, 25.50, 18.00
         0,     0, 4,16:38:24,16:38:40,    16, 25.50, 43.00,-17.50
  12706613,  7022, 3,16:38:27,16:39:23,    56, 46.50, 42.40,  4.10
  11954027,     0, 9,16:37:23,16:39:24,   121, 41.00, 34.80,  6.20
         0,     0, 3,16:39:30,16:39:32,     2, 42.40, 46.30, -3.90
         0,     0, 9,16:39:31,16:39:39,     8, 34.80, 41.10, -6.30
  11724231,  3131, 1,16:39:37,16:39:59,    22, 41.30, 41.00,  0.30
  11954027,     0, 9,16:39:58,16:40:05,     7, 41.10, 39.20,  1.90
         0,     0, 9,16:40:14,16:40:16,     2, 39.20, 40.80, -1.60
  13008741,     0, 8,16:40:42,16:41:07,    25, 41.20, 41.10,  0.10
  11724231,  3131, 1,16:41:03,16:42:20,    77, 41.00, 26.60, 14.40
  11954027,     0, 9,16:41:29,16:42:22,    53, 40.80, 37.90,  2.90
         0,     0, 9,16:42:29,16:42:32,     3, 37.90, 41.00, -3.10
  12200070,  5124, 2,16:32:27,16:42:32,   605, 44.00, 14.90, 29.10
         0,     0, 1,16:42:28,16:42:41,    13, 26.60, 41.30,-14.70
         0,     0, 2,16:42:40,16:43:09,    29, 14.90, 44.00,-29.10
  12200007,  5061, 1,16:42:56,16:44:20,    84, 41.30, 24.70, 16.60
         0,     0, 1,16:44:28,16:44:43,    15, 24.70, 24.80, -0.10
  12706624,  7033, 4,16:43:57,16:45:54,   117, 42.60, 38.30,  4.30
         0,     0, 4,16:46:02,16:46:06,     4, 38.30, 43.20, -4.90
  13008748,     0, 8,16:46:14,16:46:16,     2, 41.10, 41.20, -0.10
  12200079,  5133, 7,16:37:20,16:46:20,   540, 31.70, 18.10, 13.60
         0,     0, 7,16:46:28,16:46:42,    14, 18.10, 18.10,  0.00
  12706714,     0, 9,16:47:24,16:48:35,    71, 41.00, 38.10,  2.90
         0,     0, 9,16:48:43,16:48:46,     3, 38.10, 41.10, -3.00
  12448437,  6050, 1,16:49:19,16:50:33,    74, 41.30, 34.20,  7.10
         0,     0, 1,16:50:41,16:50:47,     6, 34.20, 41.30, -7.10
  12200069,  5123, 4,16:51:38,16:52:33,    55, 43.10, 29.20, 13.90
  12448477,  6090, 1,16:52:04,16:52:45,    41, 41.30, 35.70,  5.60
         0,     0, 1,16:52:53,16:52:58,     5, 35.70, 41.20, -5.50
         0,     0, 4,16:52:42,16:52:58,    16, 29.20, 42.90,-13.70
  12448508,  6121, 3,16:51:57,16:53:10,    73, 46.40, 42.40,  4.00
         0,     0, 3,16:53:18,16:53:20,     2, 42.40, 46.00, -3.60
  12200081,  5135, 5,16:53:06,16:54:13,    67, 41.00, 26.50, 14.50
  12448508,  6121, 4,16:54:03,16:54:31,    28, 43.20, 40.80,  2.40
         0,     0, 5,16:54:20,16:54:36,    16, 26.50, 40.80,-14.30
         0,     0, 4,16:54:40,16:54:42,     2, 40.80, 43.10, -2.30
  12200004,  5058, 4,16:58:14,16:59:05,    51, 43.20, 32.80, 10.40
         0,     0, 4,16:59:13,16:59:22,     9, 32.80, 43.00,-10.20
  21268732,  6126, 1,16:58:35,16:59:22,    47, 41.10, 38.40,  2.70
         0,     0, 1,16:59:30,16:59:32,     2, 38.40, 41.20, -2.80
  13008900,     0, 9,16:59:50,16:59:51,     1, 41.10, 41.10,  0.00
  21268732,  6126, 2,16:47:06,17:00:21,   795, 44.00, 42.30,  1.70
         0,     0, 6,17:01:22,17:01:42,    20, 20.30, 41.50,-21.20
  12200070,  5124, 5,17:01:48,17:01:57,     9, 40.70, 39.80,  0.90
         0,     0, 5,17:02:05,17:02:05,     0, 39.80, 40.70, -0.90
  12200070,  5124, 5,17:02:15,17:03:24,    69, 40.80, 35.30,  5.50
  13008900,     0,10,17:00:17,17:03:29,   192, 34.60, 19.20, 15.40
         0,     0, 5,17:03:32,17:03:37,     5, 35.30, 40.90, -5.60
         0,     0,10,17:03:38,17:04:02,    24, 19.20, 41.30,-22.10
  21270655,     0, 6,17:02:05,17:05:45,   220, 41.50, 29.90, 11.60
         0,     0, 6,17:05:54,17:06:04,    10, 29.90, 41.40,-11.50
  12200005,  5059, 4,17:03:51,17:06:18,   147, 44.20, 28.00, 16.20
         0,     0, 4,17:06:26,17:06:40,    14, 28.00, 43.30,-15.30
  12200060,  5114, 3,17:07:01,17:07:48,    47, 46.20, 37.20,  9.00
  12448516,  6129, 4,17:07:14,17:07:55,    41, 43.70, 32.50, 11.20
         0,     0, 3,17:07:56,17:08:03,     7, 37.20, 37.10,  0.10
         0,     0, 4,17:08:02,17:08:12,    10, 32.50, 43.30,-10.80
  11724250,  3150, 4,17:10:03,17:10:28,    25, 44.30, 38.90,  5.40
         0,     0, 4,17:10:36,17:10:40,     4, 38.90, 43.30, -4.40
  12706599,     0, 9,17:12:09,17:12:41,    32, 40.70, 37.80,  2.90
         0,     0, 9,17:12:49,17:12:53,     4, 37.80, 41.00, -3.20
  13323365,     0, 6,17:11:21,17:13:54,   153, 41.40, 30.30, 11.10
         0,     0, 6,17:14:02,17:14:12,    10, 30.30, 30.40, -0.10
  12200085,  5139, 4,17:15:30,17:17:07,    97, 43.30, 32.90, 10.40
         0,     0, 4,17:17:16,17:17:26,    10, 32.90, 43.20,-10.30
  12706624,  7033, 1,17:17:38,17:18:30,    52, 41.20, 38.90,  2.30
         0,     0, 1,17:18:37,17:18:38,     1, 38.90, 41.30, -2.40
  12199988,  5042, 1,17:19:07,17:19:20,    13, 41.30, 41.30,  0.00
  12200001,     0, 9,17:20:19,17:20:21,     2, 38.50, 38.60, -0.10
  12448471,  6084, 2,17:00:56,17:20:27,  1171, 42.30, 32.40,  9.90
         0,     0, 9,17:20:30,17:20:33,     3, 38.60, 41.10, -2.50
         0,     0, 2,17:20:34,17:20:44,    10, 32.40, 43.90,-11.50
  11265403,     0, 8,17:19:10,17:20:48,    98, 30.70, 18.30, 12.40
         0,     0, 8,17:20:56,17:21:20,    24, 18.30, 41.10,-22.80
  12448508,  6121, 4,17:19:47,17:21:30,   103, 43.40, 39.10,  4.30
         0,     0, 4,17:21:37,17:21:40,     3, 39.10, 43.20, -4.10
  12706613,  7022, 1,17:21:13,17:22:41,    88, 41.30, 33.70,  7.60
         0,     0, 1,17:22:49,17:22:55,     6, 33.70, 41.30, -7.60
  12200081,  5135, 4,17:23:08,17:23:51,    43, 43.20, 39.00,  4.20
         0,     0, 4,17:23:59,17:24:03,     4, 39.00, 43.20, -4.20
  13323389,     0, 9,17:24:05,17:24:34,    29, 41.10, 41.00,  0.10
  13008905,     0,10,17:22:46,17:24:41,   115, 41.30, 35.10,  6.20
         0,     0,10,17:24:49,17:24:55,     6, 35.10, 41.20, -6.10
  13323389,     0, 9,17:24:52,17:25:06,    14, 40.80, 40.40,  0.40
  12200007,  5061, 2,17:20:59,17:25:20,   261, 43.90, 22.60, 21.30
         0,     0, 2,17:25:28,17:25:49,    21, 22.60, 43.90,-21.30
  12199988,  5042, 1,17:25:15,17:26:36,    81, 41.30, 23.50, 17.80
         0,     0, 1,17:26:44,17:27:00,    16, 23.50, 41.30,-17.80
  12200007,  5061, 1,17:31:55,17:32:26,    31, 41.30, 36.70,  4.60
         0,     0, 1,17:32:33,17:32:36,     3, 36.70, 41.20, -4.50
  12200004,  5058, 4,17:32:23,17:33:24,    61, 43.40, 35.40,  8.00
         0,     0, 4,17:33:31,17:33:38,     7, 35.40, 43.40, -8.00
  12448417,  6030, 3,17:33:43,17:34:59,    76, 46.00, 29.20, 16.80
  12706619,     0, 8,17:34:29,17:35:08,    39, 41.20, 41.00,  0.20
         0,     0, 3,17:35:06,17:35:20,    14, 29.20, 29.10,  0.10
  12706619,     0, 8,17:36:04,17:36:04,     0, 40.90, 41.00, -0.10
  12706619,     0, 8,17:36:56,17:36:57,     1, 40.80, 40.80,  0.00
  12706619,     0, 8,17:37:57,17:37:57,     0, 40.50, 40.40,  0.10
  12200070,  5124, 1,17:36:33,17:38:08,    95, 41.20, 34.10,  7.10
         0,     0, 1,17:38:15,17:38:21,     6, 34.10, 41.40, -7.30
  13008748,     0, 7,16:48:31,17:38:54,  3023, 40.20, 33.40,  6.80
         0,     0, 7,17:39:01,17:39:06,     5, 33.40, 41.60, -8.20
  12706619,     0, 8,17:39:29,17:39:31,     2, 38.90, 38.80,  0.10
         0,     0, 8,17:39:38,17:39:40,     2, 38.80, 41.10, -2.30
  12200086,     0, 7,17:39:21,17:40:03,    42, 40.70, 40.70,  0.00
  12448512,     0, 8,17:39:54,17:40:43,    49, 41.10, 41.00,  0.10
  12200069,  5123, 4,17:40:50,17:41:46,    56, 43.80, 32.90, 10.90
  13323394,     0, 6,17:38:34,17:41:55,   201, 41.50, 33.50,  8.00
         0,     0, 4,17:41:54,17:42:04,    10, 32.90, 33.00, -0.10
         0,     0, 6,17:42:04,17:42:11,     7, 33.50, 41.60, -8.10
  12448392,  6005, 3,17:41:10,17:42:34,    84, 46.40, 33.60, 12.80
         0,     0, 3,17:42:42,17:42:52,    10, 33.60, 33.40,  0.20
  13323389,     0, 9,17:42:38,17:42:55,    17, 40.40, 40.30,  0.10
  13323389,     0, 9,17:43:09,17:43:14,     5, 40.30, 40.30,  0.00
  13008741,     0, 8,17:42:52,17:43:24,    32, 41.00, 40.60,  0.40
  13323389,     0, 9,17:43:26,17:43:49,    23, 40.30, 40.20,  0.10
  13008741,     0, 8,17:43:51,17:44:29,    38, 40.60, 39.40,  1.20
         0,     0, 8,17:44:37,17:44:38,     1, 39.40, 41.10, -1.70
  13008741,     0, 8,17:45:15,17:45:16,     1, 37.10, 37.20, -0.10
  13323389,     0, 9,17:44:00,17:45:23,    83, 40.20, 39.10,  1.10
         0,     0, 8,17:45:24,17:45:27,     3, 37.20, 41.10, -3.90
         0,     0, 9,17:45:32,17:45:34,     2, 39.10, 41.10, -2.00
  11724250,  3150, 4,17:47:57,17:48:53,    56, 43.60, 33.90,  9.70
         0,     0, 4,17:49:01,17:49:10,     9, 33.90, 43.30, -9.40
  12706613,  7022, 1,17:48:35,17:49:17,    42, 41.40, 35.40,  6.00
         0,     0, 1,17:49:24,17:49:29,     5, 35.40, 41.30, -5.90
  12200081,  5135, 2,17:41:42,17:50:52,   550, 43.90, 36.60,  7.30
         0,     0, 2,17:51:00,17:51:06,     6, 36.60, 44.00, -7.40
  12200060,  5114, 4,17:50:14,17:51:59,   105, 43.30, 33.00, 10.30
         0,     0, 4,17:52:07,17:52:17,    10, 33.00, 33.00,  0.00
  12200007,  5061, 1,17:51:59,17:52:38,    39, 41.40, 36.00,  5.40
         0,     0, 1,17:52:45,17:52:49,     4, 36.00, 41.20, -5.20
  12448512,     0, 7,17:40:58,17:54:42,   824, 40.70, 26.00, 14.70
         0,     0, 7,17:54:50,17:54:59,     9, 26.00, 41.60,-15.60
  12706598,     0, 8,17:56:32,17:57:02,    30, 41.10, 41.00,  0.10
  12706598,     0, 8,17:57:13,17:57:27,    14, 41.00, 40.90,  0.10
  12448474,  6087, 2,17:51:16,17:57:45,   389, 43.90, 32.60, 11.30
  13008748,     0, 8,17:57:43,17:57:52,     9, 40.90, 40.90,  0.00
         0,     0, 2,17:57:53,17:58:03,    10, 32.60, 44.00,-11.40
  12199987,  5041, 1,18:00:26,18:02:54,   148, 41.30, 24.50, 16.80
         0,     0, 1,18:03:02,18:03:17,    15, 24.50, 41.20,-16.70
  12448416,  6029, 2,17:58:13,18:05:46,   453, 44.00, 28.70, 15.30
         0,     0, 2,18:05:54,18:06:09,    15, 28.70, 44.00,-15.30
  12706610,  7019, 1,18:07:09,18:08:10,    61, 41.30, 28.10, 13.20
         0,     0, 1,18:08:18,18:08:30,    12, 28.10, 41.30,-13.20
  12200066,  5120, 2,18:06:19,18:08:41,   142, 44.00, 37.40,  6.60
  11954014,  4044, 4,18:07:57,18:08:47,    50, 43.80, 28.30, 15.50
         0,     0, 2,18:08:49,18:08:54,     5, 37.40, 43.90, -6.50
         0,     0, 4,18:08:54,18:09:08,    14, 28.30, 43.40,-15.10
  12706614,  7023, 1,18:10:27,18:11:29,    62, 41.30, 23.30, 18.00
         0,     0, 1,18:11:36,18:11:52,    16, 23.30, 41.40,-18.10
  12448407,  6020, 2,18:09:04,18:12:08,   184, 43.80, 27.70, 16.10
  12200091,  5145, 1,18:12:19,18:12:30,    11, 41.40, 41.30,  0.10
         0,     0, 2,18:12:16,18:12:32,    16, 27.70, 43.90,-16.20
  12200086,     0, 8,18:12:35,18:14:14,    99, 40.80, 33.80,  7.00
  12200091,  5145, 1,18:12:39,18:14:23,   104, 41.30, 18.90, 22.40
         0,     0, 8,18:14:22,18:14:29,     7, 33.80, 41.20, -7.40
  13008748,     0, 7,17:57:16,18:14:29,  1033, 41.60, 27.60, 14.00
         0,     0, 7,18:14:37,18:14:46,     9, 27.60, 27.50,  0.10
         0,     0, 1,18:14:32,18:14:53,    21, 18.90, 41.20,-22.30
  12199951,     0, 8,18:15:13,18:15:13,     0, 41.10, 41.20, -0.10
  21307343,  6027, 5,18:14:52,18:15:39,    47, 40.90, 36.50,  4.40
         0,     0, 5,18:15:46,18:15:50,     4, 36.50, 41.00, -4.50
  12200086,     0, 8,18:15:49,18:16:28,    39, 37.80, 35.60,  2.20
  21307343,  6027, 5,18:16:05,18:16:33,    28, 41.00, 35.20,  5.80
         0,     0, 8,18:16:37,18:16:42,     5, 35.60, 41.00, -5.40
         0,     0, 5,18:16:41,18:16:46,     5, 35.20, 40.90, -5.70
  12200013,  5067, 1,18:18:07,18:18:14,     7, 41.20, 39.10,  2.10
         0,     0, 1,18:18:22,18:18:23,     1, 39.10, 41.30, -2.20
  11954042,  4072, 1,18:18:35,18:20:38,   123, 41.30, 23.20, 18.10
         0,     0, 1,18:20:47,18:21:03,    16, 23.20, 41.40,-18.20
  12706598,     0, 8,18:20:20,18:21:54,    94, 41.00, 40.60,  0.40
  12706598,     0, 8,18:22:05,18:22:21,    16, 40.50, 40.30,  0.20
  12448417,  6030, 1,18:22:42,18:23:07,    25, 41.40, 38.90,  2.50
         0,     0, 1,18:23:14,18:23:15,     1, 38.90, 41.40, -2.50
  12448417,  6030, 1,18:23:53,18:24:22,    29, 41.40, 38.00,  3.40
         0,     0, 1,18:24:31,18:24:33,     2, 38.00, 41.40, -3.40
  13008901,     0, 6,18:24:17,18:24:41,    24, 40.90, 37.90,  3.00
         0,     0, 6,18:24:48,18:24:50,     2, 37.90, 40.90, -3.00
  12706598,     0, 8,18:22:32,18:25:16,   164, 40.30, 23.50, 16.80
  13008901,     0, 6,18:25:18,18:25:37,    19, 34.30, 34.30,  0.00
         0,     0, 8,18:25:24,18:25:42,    18, 23.50, 41.20,-17.70
         0,     0, 6,18:25:44,18:25:50,     6, 34.30, 41.00, -6.70
  13008901,     0, 6,18:26:05,18:26:06,     1, 39.80, 39.80,  0.00
         0,     0, 6,18:26:14,18:26:14,     0, 39.80, 41.30, -1.50
  12706734,     0, 9,18:24:43,18:26:31,   108, 40.60, 36.90,  3.70
  13323389,     0,10,18:26:25,18:26:34,     9, 41.10, 41.00,  0.10
         0,     0, 9,18:26:39,18:26:44,     5, 36.90, 41.10, -4.20
  12200013,  5067, 2,18:15:29,18:28:15,   766, 43.90, 24.20, 19.70
         0,     0, 2,18:28:23,18:28:42,    19, 24.20, 43.90,-19.70
  12200046,  5100, 5,18:28:22,18:29:07,    45, 40.90, 32.00,  8.90
         0,     0, 5,18:29:15,18:29:23,     8, 32.00, 40.90, -8.90
  21299607,  6130, 4,18:28:32,18:31:23,   171, 44.10, 23.30, 20.80
         0,     0, 4,18:31:31,18:31:50,    19, 23.30, 43.20,-19.90
  12200070,  5124, 2,18:28:57,18:32:36,   219, 43.90, 43.90,  0.00
  12200070,  5124, 1,18:30:17,18:33:15,   178, 41.40, 34.90,  6.50
         0,     0, 1,18:33:22,18:33:27,     5, 34.90, 41.30, -6.40
  13323354,     0, 6,18:32:18,18:33:35,    77, 41.10, 35.20,  5.90
         0,     0, 6,18:33:42,18:33:47,     5, 35.20, 41.50, -6.30
  12706613,  7022, 3,18:32:40,18:33:46,    66, 46.10, 38.10,  8.00
         0,     0, 3,18:33:54,18:34:00,     6, 38.10, 38.00,  0.10
  12199951,     0, 7,18:15:18,18:34:00,  1122, 41.50, 27.80, 13.70
         0,     0, 7,18:34:08,18:34:16,     8, 27.80, 27.80,  0.00
  12200026,     0, 8,18:34:30,18:34:35,     5, 29.40, 29.50, -0.10
         0,     0, 8,18:34:43,18:34:55,    12, 29.50, 41.20,-11.70
  13008741,     0, 8,18:35:17,18:36:15,    58, 41.20, 38.40,  2.80
         0,     0, 8,18:36:24,18:36:26,     2, 38.40, 41.20, -2.80
  13323389,     0,10,18:35:04,18:36:27,    83, 41.00, 39.40,  1.60
         0,     0,10,18:36:35,18:36:36,     1, 39.40, 41.20, -1.80
  13008741,     0, 8,18:36:38,18:37:05,    27, 41.20, 36.80,  4.40
  13008905,     0, 9,18:36:35,18:37:08,    33, 41.10, 39.60,  1.50
         0,     0, 9,18:37:16,18:37:17,     1, 39.60, 41.00, -1.40
         0,     0, 8,18:37:14,18:37:18,     4, 36.80, 41.20, -4.40
  13323359,     0, 6,18:36:02,18:37:18,    76, 41.40, 36.10,  5.30
         0,     0, 6,18:37:25,18:37:29,     4, 36.10, 41.50, -5.40
  13323389,     0, 9,18:37:50,18:37:56,     6, 41.00, 41.00,  0.00
  13323403,     0, 6,18:38:56,18:40:05,    69, 31.60, 30.20,  1.40
  13323389,     0, 9,18:38:56,18:40:05,    69, 40.70, 32.70,  8.00
         0,     0, 6,18:40:12,18:40:22,    10, 30.20, 41.50,-11.30
         0,     0, 9,18:40:13,18:40:24,    11, 32.70, 41.10, -8.40
  13323365,     0, 6,18:40:52,18:41:07,    15, 41.40, 41.40,  0.00
  12199964,     0, 8,18:40:51,18:41:43,    52, 41.20, 29.80, 11.40
         0,     0, 8,18:41:51,18:42:03,    12, 29.80, 41.20,-11.40
  13323365,     0, 6,18:42:06,18:42:10,     4, 41.40, 41.40,  0.00
  13323365,     0, 6,18:42:52,18:43:48,    56, 41.40, 41.20,  0.20
  12448416,  6029, 4,18:43:38,18:44:11,    33, 43.50, 34.50,  9.00
         0,     0, 4,18:44:18,18:44:26,     8, 34.50, 43.20, -8.70
  13323365,     0, 6,18:44:37,18:44:52,    15, 40.90, 40.50,  0.40
  12199980,     0, 8,18:45:12,18:45:13,     1, 41.20, 41.20,  0.00
  12199980,     0, 8,18:45:32,18:45:52,    20, 39.60, 36.60,  3.00
  12706615,  7024, 5,18:45:03,18:46:02,    59, 41.00, 40.90,  0.10
         0,     0, 8,18:46:00,18:46:05,     5, 36.60, 40.50, -3.90
  12706615,  7024, 5,18:46:49,18:47:02,    13, 40.90, 40.90,  0.00
  12448477,  6090, 1,18:45:20,18:47:05,   105, 41.40, 25.30, 16.10
         0,     0, 1,18:47:12,18:47:27,    15, 25.30, 41.30,-16.00
  21270655,     0, 6,18:47:14,18:47:41,    27, 40.50, 40.50,  0.00
  13008901,     0, 6,18:48:21,18:48:24,     3, 40.40, 40.40,  0.00
  12200026,     0, 8,18:47:54,18:49:51,   117, 37.40, 22.00, 15.40
  12199987,  5041, 1,18:47:47,18:49:56,   129, 41.30, 32.80,  8.50
         0,     0, 1,18:50:03,18:50:10,     7, 32.80, 41.30, -8.50
         0,     0, 8,18:49:59,18:50:19,    20, 22.00, 22.10, -0.10
  13008901,     0, 6,18:49:29,18:50:17,    48, 40.40, 40.30,  0.10
  13008901,     0, 6,18:51:26,18:52:06,    40, 40.30, 39.90,  0.40
         0,     0, 6,18:52:13,18:52:13,     0, 39.90, 41.20, -1.30
  12706615,  7024, 5,18:53:29,18:56:00,   151, 40.90, 24.40, 16.50
         0,     0, 5,18:56:07,18:56:22,    15, 24.40, 41.00,-16.60
  21268732,  6126, 2,18:32:45,18:56:59,  1454, 43.90, 31.40, 12.50
         0,     0, 2,18:57:07,18:57:19,    12, 31.40, 44.10,-12.70
  12200085,  5139, 5,18:56:43,18:58:11,    88, 41.00, 29.90, 11.10
         0,     0, 5,18:58:19,18:58:29,    10, 29.90, 40.90,-11.00
  12706609,  7018, 1,19:01:27,19:02:19,    52, 41.30, 30.00, 11.30
         0,     0, 1,19:02:26,19:02:36,    10, 30.00, 41.40,-11.40
  12200066,  5120, 2,18:57:30,19:02:58,   328, 44.10, 33.60, 10.50
         0,     0, 2,19:03:05,19:03:14,     9, 33.60, 44.00,-10.40
  12448481,     0, 8,19:02:02,19:03:36,    94, 40.80, 31.20,  9.60
         0,     0, 8,19:03:45,19:03:55,    10, 31.20, 41.10, -9.90
  11724231,  3131, 3,19:07:10,19:09:11,   121, 46.50, 30.80, 15.70
         0,     0, 3,19:09:18,19:09:30,    12, 30.80, 30.60,  0.20
  11724231,  3131, 4,19:10:08,19:10:30,    22, 43.60, 42.20,  1.40
  21268732,  6126, 4,19:11:31,19:11:56,    25, 42.20, 40.50,  1.70
         0,     0, 4,19:12:04,19:12:06,     2, 40.50, 43.20, -2.70
  21268732,  6126, 4,19:12:17,19:12:27,    10, 43.30, 42.60,  0.70
  13323359,     0, 6,19:15:19,19:15:25,     6, 41.30, 41.20,  0.10
  13323359,     0, 6,19:15:36,19:15:55,    19, 41.20, 41.00,  0.20
  13323359,     0, 6,19:16:11,19:17:03,    52, 41.00, 40.00,  1.00
         0,     0, 6,19:17:11,19:17:11,     0, 40.00, 40.10, -0.10
  12706624,  7033, 1,19:14:43,19:17:30,   167, 41.40, 30.90, 10.50
         0,     0, 1,19:17:37,19:17:46,     9, 30.90, 41.30,-10.40
  12200005,  5059, 2,19:08:19,19:18:53,   634, 44.00, 20.70, 23.30
  13323359,     0, 6,19:17:32,19:19:21,   109, 38.30, 28.10, 10.20
         0,     0, 2,19:19:00,19:19:23,    23, 20.70, 43.90,-23.20
         0,     0, 6,19:19:28,19:19:40,    12, 28.10, 41.40,-13.30
  13323359,     0, 6,19:20:16,19:21:10,    54, 41.40, 41.40,  0.00
  12706618,  7027, 4,19:21:14,19:22:34,    80, 42.60, 27.40, 15.20
  12706634,  7043, 1,19:19:51,19:22:47,   176, 41.30, 15.60, 25.70
         0,     0, 4,19:22:41,19:22:56,    15, 27.40, 43.20,-15.80
         0,     0, 1,19:22:54,19:23:18,    24, 15.60, 41.30,-25.70
  12706734,     0, 9,19:21:10,19:23:50,   160, 41.10, 37.70,  3.40
         0,     0, 9,19:23:58,19:24:02,     4, 37.70, 41.00, -3.30
  12706725,     0, 8,19:23:54,19:25:46,   112, 41.10, 36.30,  4.80
         0,     0, 8,19:25:54,19:25:58,     4, 36.30, 41.20, -4.90
  21307343,  6027, 3,19:25:26,19:26:30,    64, 46.20, 36.70,  9.50
         0,     0, 3,19:26:37,19:26:44,     7, 36.70, 36.70,  0.00
  12448514,     0, 9,19:27:28,19:27:35,     7, 41.00, 40.10,  0.90
  13323394,     0, 6,19:26:37,19:27:38,    61, 41.40, 41.30,  0.10
  13323394,     0, 6,19:32:16,19:32:19,     3, 28.10, 28.10,  0.00
         0,     0, 6,19:32:26,19:32:38,    12, 28.10, 41.50,-13.40
  11954050,  4080, 2,19:26:38,19:32:48,   370, 44.00, 22.70, 21.30
         0,     0, 2,19:32:55,19:33:16,    21, 22.70, 43.90,-21.20
  12448442,  6055, 5,19:32:59,19:34:27,    88, 41.00, 21.40, 19.60
         0,     0, 5,19:34:36,19:34:54,    18, 21.40, 21.40,  0.00
  11499184,  2074, 3,19:35:19,19:35:58,    39, 46.00, 35.50, 10.50
         0,     0, 3,19:36:05,19:36:13,     8, 35.50, 35.50,  0.00
  12200060,  5114, 1,19:35:46,19:37:53,   127, 41.40, 24.90, 16.50
         0,     0, 1,19:38:00,19:38:15,    15, 24.90, 41.40,-16.50
  12448466,  6079, 4,19:39:12,19:42:48,   216, 43.70, 20.20, 23.50
         0,     0, 4,19:42:56,19:43:18,    22, 20.20, 43.20,-23.00
  12706599,     0,10,19:46:34,19:46:35,     1, 41.00, 41.00,  0.00
  12706599,     0,10,19:47:49,19:48:08,    19, 29.90, 29.70,  0.20
         0,     0,10,19:48:15,19:48:26,    11, 29.70, 41.20,-11.50
  13008738,     0, 9,19:51:48,19:51:51,     3, 40.00, 40.00,  0.00
         0,     0, 9,19:51:59,19:51:59,     0, 40.00, 40.80, -0.80
  12448437,  6050, 2,19:33:27,19:52:09,  1122, 43.90, 27.90, 16.00
         0,     0, 2,19:52:17,19:52:32,    15, 27.90, 44.00,-16.10
  13008733,     0, 7,19:38:57,19:53:24,   867, 41.40, 32.90,  8.50
         0,     0, 7,19:53:31,19:53:36,     5, 32.90, 32.90,  0.00
  11499117,     0, 8,19:55:02,19:55:55,    53, 41.10, 41.10,  0.00
  12706609,  7018, 2,19:52:42,19:57:05,   263, 44.00, 35.70,  8.30
         0,     0, 2,19:57:13,19:57:20,     7, 35.70, 43.90, -8.20
  12448514,     0,10,20:01:44,20:02:29,    45, 40.40, 36.10,  4.30
         0,     0,10,20:02:36,20:02:41,     5, 36.10, 41.20, -5.10
  12199964,     0, 8,20:03:00,20:03:48,    48, 40.10, 35.00,  5.10
         0,     0, 8,20:03:56,20:04:02,     6, 35.00, 41.30, -6.30
  12706714,     0, 9,20:04:41,20:04:44,     3, 40.80, 40.70,  0.10
  12706714,     0, 9,20:04:56,20:05:03,     7, 40.70, 40.70,  0.00
  12706620,  7029, 6,20:08:39,20:08:40,     1, 41.50, 41.50,  0.00
  12706620,  7029, 6,20:10:05,20:11:49,   104, 41.20, 40.90,  0.30
  12448433,     0, 8,20:13:07,20:13:16,     9, 41.20, 40.40,  0.80
  12448433,     0, 8,20:13:48,20:13:49,     1, 38.00, 38.00,  0.00
         0,     0, 8,20:13:56,20:13:59,     3, 38.00, 40.60, -2.60
  11499184,  2074, 2,19:57:30,20:14:40,  1030, 44.00, 35.40,  8.60
  12448433,     0, 8,20:14:43,20:14:45,     2, 34.20, 34.20,  0.00
         0,     0, 2,20:14:48,20:14:56,     8, 35.40, 43.90, -8.50
         0,     0, 8,20:14:53,20:15:00,     7, 34.20, 41.30, -7.10
  12706620,  7029, 6,20:13:42,20:15:41,   119, 40.60, 34.10,  6.50
         0,     0, 6,20:15:49,20:15:55,     6, 34.10, 41.40, -7.30
  12200013,  5067, 1,20:14:58,20:17:08,   130, 41.40, 24.00, 17.40
  13008748,     0, 8,20:17:06,20:17:11,     5, 41.30, 41.30,  0.00
  11499117,     0, 7,19:56:13,20:17:15,  1262, 41.60, 26.40, 15.20
         0,     0, 7,20:17:23,20:17:32,     9, 26.40, 26.40,  0.00
         0,     0, 1,20:17:17,20:17:33,    16, 24.00, 41.30,-17.30
  11724231,  3131, 1,20:21:10,20:22:43,    93, 41.30, 33.30,  8.00
         0,     0, 1,20:22:52,20:22:59,     7, 33.30, 41.30, -8.00
  12200005,  5059, 2,20:17:35,20:29:14,   699, 43.90, 36.10,  7.80
         0,     0, 2,20:29:22,20:29:29,     7, 36.10, 43.90, -7.80
  12448442,  6055, 1,20:29:29,20:30:13,    44, 41.30, 32.40,  8.90
         0,     0, 1,20:30:21,20:30:29,     8, 32.40, 41.30, -8.90
  12200091,  5145, 5,20:31:39,20:32:41,    62, 41.00, 35.30,  5.70
         0,     0, 5,20:32:49,20:32:54,     5, 35.30, 40.90, -5.60
  12706613,  7022, 1,20:30:39,20:32:57,   138, 41.30, 29.20, 12.10
         0,     0, 1,20:33:05,20:33:16,    11, 29.20, 41.30,-12.10
  12200026,     0, 8,20:32:55,20:35:11,   136, 41.20, 30.40, 10.80
         0,     0, 8,20:35:19,20:35:30,    11, 30.40, 30.50, -0.10
  21299607,  6130, 5,20:36:32,20:36:51,    19, 40.90, 40.90,  0.00
  12199988,  5042, 4,20:37:32,20:43:09,   337, 43.70, 43.40,  0.30
  12706624,  7033, 1,20:38:03,20:43:15,   312, 41.30, 30.90, 10.40
         0,     0, 1,20:43:22,20:43:31,     9, 30.90, 41.30,-10.40
  12199988,  5042, 5,20:44:08,20:44:11,     3, 40.90, 40.90,  0.00
  12706614,  7023, 4,20:44:55,20:45:00,     5, 43.40, 43.60, -0.20
  12199988,  5042, 5,20:44:41,20:45:25,    44, 40.90, 40.90,  0.00
  12199988,  5042, 5,20:46:29,20:49:09,   160, 40.90, 21.20, 19.70
         0,     0, 5,20:49:17,20:49:36,    19, 21.20, 41.00,-19.80
  11724250,  3150, 5,20:51:45,20:52:11,    26, 41.00, 41.00,  0.00
  12706614,  7023, 5,20:52:36,20:52:47,    11, 41.00, 41.00,  0.00
  21299607,  6130, 3,20:52:45,20:54:36,   111, 46.30, 34.60, 11.70
         0,     0, 3,20:54:44,20:54:53,     9, 34.60, 34.50,  0.10
  12706614,  7023, 5,20:53:04,20:55:33,   149, 41.00, 26.30, 14.70
  11954014,  4044, 1,20:53:49,20:55:44,   115, 41.30, 41.00,  0.30
  21268732,  6126, 2,20:34:03,20:55:51,  1308, 43.90, 32.00, 11.90
         0,     0, 5,20:55:41,20:55:55,    14, 26.30, 41.10,-14.80
         0,     0, 2,20:55:59,20:56:10,    11, 32.00, 44.00,-12.00
  11954014,  4044, 1,20:56:13,20:57:40,    87, 41.00, 17.50, 23.50
         0,     0, 1,20:57:48,20:58:10,    22, 17.50, 41.30,-23.80
  13008900,     0,10,21:03:08,21:03:16,     8, 27.40, 27.50, -0.10
         0,     0,10,21:03:25,21:03:39,    14, 27.50, 41.20,-13.70
  11724250,  3150, 3,21:02:54,21:03:53,    59, 46.10, 38.60,  7.50
         0,     0, 3,21:04:02,21:04:08,     6, 38.60, 38.60,  0.00
  12448516,  6129, 3,21:04:18,21:05:36,    78, 46.30, 32.70, 13.60
         0,     0, 3,21:05:44,21:05:54,    10, 32.70, 46.30,-13.60
  11724250,  3150, 1,21:05:16,21:06:18,    62, 41.40, 31.30, 10.10
  13008900,     0, 9,21:04:02,21:06:26,   144, 38.40, 30.60,  7.80
         0,     0, 1,21:06:25,21:06:34,     9, 31.30, 41.30,-10.00
         0,     0, 9,21:06:35,21:06:49,    14, 30.60, 41.10,-10.50
  11724250,  3150, 1,21:06:58,21:07:30,    32, 41.30, 37.40,  3.90
         0,     0, 1,21:07:38,21:07:41,     3, 37.40, 41.30, -3.90
  12706729,     0,10,21:10:50,21:12:01,    71, 41.20, 41.10,  0.10
  12448520,     0, 8,21:13:32,21:13:56,    24, 41.10, 41.00,  0.10
  21292850,  6069, 1,21:11:33,21:16:27,   294, 41.30, 13.70, 27.60
         0,     0, 1,21:16:35,21:17:00,    25, 13.70, 13.80, -0.10
  12448392,  6005, 2,21:09:44,21:18:35,   531, 44.00, 25.70, 18.30
         0,     0, 2,21:18:42,21:19:00,    18, 25.70, 44.00,-18.30
  12200069,  5123, 4,21:19:04,21:19:11,     7, 43.60, 43.60,  0.00
  12706729,     0,10,21:21:42,21:23:19,    97, 41.00, 31.30,  9.70
         0,     0,10,21:23:28,21:23:38,    10, 31.30, 41.10, -9.80
  12448477,  6090, 4,21:28:49,21:28:58,     9, 43.80, 43.50,  0.30
  12448463,     0, 6,21:25:01,21:29:17,   256, 41.40, 41.10,  0.30
  12200081,  5135, 5,21:28:58,21:30:24,    86, 41.10, 26.80, 14.30
         0,     0, 5,21:30:32,21:30:45,    13, 26.80, 40.90,-14.10
  13008748,     0, 7,20:17:44,21:31:36,  4432, 41.60, 24.60, 17.00
         0,     0, 7,21:31:43,21:31:53,    10, 24.60, 24.60,  0.00
  12448477,  6090, 1,21:31:37,21:34:14,   157, 41.40, 26.90, 14.50
         0,     0, 1,21:34:22,21:34:35,    13, 26.90, 41.30,-14.40
  12448477,  6090, 1,21:34:48,21:34:49,     1, 41.30, 41.30,  0.00
  12448463,     0, 6,21:30:11,21:35:03,   292, 41.10, 32.00,  9.10
         0,     0, 6,21:35:10,21:35:18,     8, 32.00, 32.20, -0.20
  12200004,  5058, 2,21:19:10,21:41:05,  1315, 44.00, 30.60, 13.40
         0,     0, 2,21:41:13,21:41:26,    13, 30.60, 44.00,-13.40
  12200007,  5061, 1,21:41:28,21:42:46,    78, 41.30, 29.60, 11.70
         0,     0, 1,21:42:54,21:43:04,    10, 29.60, 41.30,-11.70
  12448471,  6084, 2,21:42:15,21:43:25,    70, 44.00, 44.00,  0.00
  12448471,  6084, 1,21:43:14,21:44:58,   104, 41.30, 26.70, 14.60
         0,     0, 1,21:45:07,21:45:20,    13, 26.70, 41.30,-14.60
  13323365,     0, 6,21:50:02,21:50:03,     1, 41.50, 41.50,  0.00
  12448508,  6121, 1,21:47:43,21:50:20,   157, 41.30, 32.20,  9.10
         0,     0, 1,21:50:28,21:50:36,     8, 32.20, 41.30, -9.10
  12448417,  6030, 4,21:53:51,21:53:56,     5, 43.70, 43.40,  0.30
  12200069,  5123, 3,21:53:46,21:54:27,    41, 46.00, 34.20, 11.80
         0,     0, 3,21:54:36,21:54:45,     9, 34.20, 34.50, -0.30
  12200069,  5123, 3,21:55:01,21:55:55,    54, 47.10, 39.30,  7.80
         0,     0, 3,21:56:02,21:56:07,     5, 39.30, 39.30,  0.00
  12448417,  6030, 1,21:57:02,21:58:24,    82, 41.30, 20.50, 20.80
         0,     0, 1,21:58:31,21:58:50,    19, 20.50, 41.20,-20.70
  12706619,     0, 8,22:04:35,22:04:37,     2, 41.00, 41.00,  0.00
  12706619,     0, 8,22:04:55,22:04:57,     2, 41.00, 41.00,  0.00
  12200036,     0, 7,21:32:22,22:04:59,  1957, 38.60, 27.90, 10.70
         0,     0, 7,22:05:07,22:05:15,     8, 27.90, 41.50,-13.60
  12200091,  5145, 1,22:04:29,22:05:29,    60, 41.20, 29.00, 12.20
         0,     0, 1,22:05:36,22:05:47,    11, 29.00, 41.40,-12.40
  12448433,     0, 7,22:06:39,22:07:35,    56, 30.00, 30.00,  0.00
         0,     0, 7,22:07:43,22:07:50,     7, 30.00, 41.50,-11.50
  12199951,     0, 7,22:10:26,22:16:38,   372, 41.60, 26.60, 15.00
  12448475,     0,10,22:15:04,22:16:51,   107, 41.00, 22.80, 18.20
         0,     0, 7,22:16:46,22:16:55,     9, 26.60, 26.60,  0.00
         0,     0,10,22:16:59,22:17:18,    19, 22.80, 41.20,-18.40
  12448520,     0, 8,22:18:13,22:19:28,    75, 38.60, 38.60,  0.00
  11954042,  4072, 1,22:19:10,22:19:32,    22, 41.40, 41.40,  0.00
         0,     0, 8,22:19:36,22:19:38,     2, 38.60, 41.10, -2.50
  11954042,  4072, 1,22:19:55,22:23:07,   192, 41.40, 25.10, 16.30
         0,     0, 1,22:23:14,22:23:29,    15, 25.10, 41.40,-16.30
  12448520,     0, 7,22:17:05,22:26:34,   569, 41.70, 41.60,  0.10
  12448508,  6121, 4,22:29:04,22:29:10,     6, 43.70, 43.50,  0.20
  12199980,     0, 8,22:29:16,22:29:19,     3, 41.10, 41.10,  0.00
  12199980,     0, 8,22:29:38,22:29:39,     1, 40.10, 39.40,  0.70
         0,     0, 8,22:29:47,22:29:48,     1, 39.40, 41.20, -1.80
  12199980,     0, 8,22:30:43,22:30:44,     1, 33.50, 33.60, -0.10
         0,     0, 8,22:30:52,22:31:00,     8, 33.60, 41.20, -7.60
  12448474,  6087, 3,22:30:21,22:32:15,   114, 46.40, 32.90, 13.50
         0,     0, 3,22:32:22,22:32:32,    10, 32.90, 32.80,  0.10
  12199987,  5041, 1,22:38:15,22:40:15,   120, 41.40, 36.20,  5.20
         0,     0, 1,22:40:22,22:40:26,     4, 36.20, 41.30, -5.10
  12448420,  6033, 4,22:43:05,22:43:14,     9, 43.50, 43.50,  0.00
  12448420,  6033, 1,22:44:38,22:46:13,    95, 41.30, 33.10,  8.20
         0,     0, 1,22:46:20,22:46:27,     7, 33.10, 41.30, -8.20
  12448471,  6084, 2,22:27:04,22:46:48,  1184, 44.00, 35.10,  8.90
         0,     0, 2,22:46:55,22:47:03,     8, 35.10, 43.90, -8.80
  12706609,  7018, 1,22:47:02,22:48:02,    60, 41.30, 29.30, 12.00
         0,     0, 1,22:48:09,22:48:20,    11, 29.30, 41.30,-12.00
  13323359,     0, 6,22:49:11,22:49:12,     1, 41.40, 41.40,  0.00
  13323359,     0, 6,22:49:38,22:50:18,    40, 41.40, 41.40,  0.00
  13008748,     0, 7,22:26:46,22:55:17,  1711, 41.60, 34.50,  7.10
         0,     0, 7,22:55:25,22:55:29,     4, 34.50, 34.50,  0.00
  12199980,     0, 8,22:56:18,22:56:19,     1, 41.20, 41.20,  0.00
  12199987,  5041, 1,22:56:32,22:59:12,   160, 41.30, 27.90, 13.40
         0,     0, 1,22:59:20,22:59:32,    12, 27.90, 41.30,-13.40
  12448466,  6079, 4,23:06:13,23:06:24,    11, 43.30, 43.30,  0.00
  12448466,  6079, 3,23:07:34,23:09:32,   118, 46.20, 31.00, 15.20
         0,     0, 3,23:09:40,23:09:52,    12, 31.00, 31.00,  0.00
  12200046,  5100, 2,22:52:48,23:11:02,  1094, 43.90, 30.40, 13.50
         0,     0, 2,23:11:09,23:11:22,    13, 30.40, 43.90,-13.50
  12706599,     0, 9,23:13:34,23:14:17,    43, 41.10, 33.00,  8.10
         0,     0, 9,23:14:26,23:14:36,    10, 33.00, 41.10, -8.10
  12199993,     0,10,23:12:01,23:15:36,   215, 41.10, 33.30,  7.80
         0,     0,10,23:15:43,23:15:51,     8, 33.30, 41.20, -7.90
  12448420,  6033, 5,23:15:47,23:16:30,    43, 41.00, 35.70,  5.30
         0,     0, 5,23:16:37,23:16:42,     5, 35.70, 40.90, -5.20
  12200005,  5059, 1,23:16:09,23:17:33,    84, 41.40, 32.30,  9.10
  12200005,  5059, 2,23:11:46,23:17:42,   356, 43.90, 43.50,  0.40
         0,     0, 1,23:17:40,23:17:47,     7, 32.30, 41.30, -9.00
  12200005,  5059, 1,23:18:25,23:19:36,    71, 41.30, 31.90,  9.40
         0,     0, 1,23:19:44,23:19:52,     8, 31.90, 41.40, -9.50
  21268732,  6126, 1,23:25:50,23:31:09,   319, 41.40, 29.40, 12.00
         0,     0, 1,23:31:17,23:31:27,    10, 29.40, 41.30,-11.90
  12200083,  5137, 4,23:35:27,23:35:32,     5, 43.50, 43.40,  0.10
  12200070,  5124, 1,23:34:49,23:36:02,    73, 41.30, 40.80,  0.50
  12448420,  6033, 1,23:36:12,23:37:14,    62, 40.80, 39.80,  1.00
         0,     0, 1,23:37:22,23:37:22,     0, 39.80, 41.30, -1.50
  12200070,  5124, 2,23:36:17,23:38:22,   125, 43.50, 39.80,  3.70
  12200083,  5137, 1,23:37:54,23:38:30,    36, 41.30, 41.20,  0.10
         0,     0, 2,23:38:30,23:38:33,     3, 39.80, 43.90, -4.10
  12200083,  5137, 1,23:40:44,23:41:51,    67, 41.20, 28.10, 13.10
         0,     0, 1,23:41:59,23:42:11,    12, 28.10, 41.40,-13.30
  12706610,  7019, 4,23:42:16,23:42:19,     3, 43.50, 43.60, -0.10
  12200070,  5124, 2,23:38:58,23:42:47,   229, 43.90, 34.70,  9.20
         0,     0, 2,23:42:55,23:43:03,     8, 34.70, 43.90, -9.20
  12199980,     0, 7,22:55:39,23:44:25,  2926, 40.60, 38.30,  2.30
         0,     0, 1,23:44:38,23:44:48,    10, 41.30, 41.30,  0.00
         0,     0, 2,23:44:38,23:44:48,    10, 43.90, 43.90,  0.00
         0,     0, 3,23:44:38,23:44:48,    10, 46.10, 46.10,  0.00
         0,     0, 4,23:44:38,23:44:48,    10, 43.60, 43.60,  0.00
         0,     0, 6,23:44:38,23:44:48,    10, 41.40, 41.40,  0.00
         0,     0, 5,23:44:38,23:44:48,    10, 40.80, 40.80,  0.00
         0,     0, 8,23:44:38,23:44:48,    10, 29.40, 29.40,  0.00
         0,     0, 7,23:44:33,23:44:34,     1, 38.30, 41.60, -3.30
         0,     0, 9,23:44:38,23:44:48,    10, 41.10, 41.10,  0.00
         0,     0,10,23:44:38,23:44:48,    10, 41.10, 41.10,  0.00
