         0,     0, 5, 0:03:18, 0:03:28,    10, 11.80, 11.80,  0.00
         0,     0, 7, 0:03:18, 0:03:28,    10, 41.10, 41.10,  0.00
         0,     0, 8, 0:03:18, 0:03:28,    10, 41.00, 41.00,  0.00
         0,     0, 1, 0:03:18, 0:03:28,    10, 41.30, 41.30,  0.00
         0,     0, 2, 0:03:18, 0:03:28,    10, 42.70, 42.70,  0.00
         0,     0, 3, 0:03:18, 0:03:28,    10, 46.20, 46.20,  0.00
         0,     0, 4, 0:03:18, 0:03:28,    10, 43.30, 43.30,  0.00
  12706610,  7019, 2, 0:03:28, 0:03:52,    24, 42.70, 42.70,  0.00
  12706634,  7043, 2, 0:05:01, 0:05:21,    20, 42.70, 42.70,  0.00
  12706634,  7043, 1, 0:05:26, 0:05:58,    32, 41.30, 41.30,  0.00
  12706634,  7043, 1, 0:06:21, 0:06:34,    13, 41.30, 41.40, -0.10
  12706634,  7043, 1, 0:06:45, 0:09:25,   160, 41.40, 28.20, 13.20
         0,     0, 1, 0:09:33, 0:09:45,    12, 28.20, 41.30,-13.10
  12706618,  7027, 4, 0:14:39, 0:15:51,    72, 43.30, 31.00, 12.30
         0,     0, 4, 0:15:59, 0:16:10,    11, 31.00, 43.30,-12.30
  12706614,  7023, 3, 0:25:57, 0:27:26,    89, 46.40, 29.70, 16.70
         0,     0, 3, 0:27:34, 0:27:47,    13, 29.70, 29.60,  0.10
  12706614,  7023, 3, 0:27:58, 0:28:22,    24, 29.60, 39.60,-10.00
         0,     0, 3, 0:28:29, 0:28:34,     5, 39.60, 46.30, -6.70
  12706700,     0, 8, 0:31:56, 0:32:07,    11, 41.00, 41.00,  0.00
  12706621,  7030, 1, 0:39:05, 0:40:07,    62, 41.30, 25.80, 15.50
         0,     0, 1, 0:40:15, 0:40:30,    15, 25.80, 41.40,-15.60
  13008738,  7159, 1, 0:42:53, 0:43:51,    58, 41.40, 41.00,  0.40
  12448408,  6021, 4, 0:43:08, 0:44:18,    70, 43.40, 29.10, 14.30
         0,     0, 4, 0:44:25, 0:44:38,    13, 29.10, 43.20,-14.10
  13008738,  7159, 2, 0:43:58, 0:46:33,   155, 42.70, 25.70, 17.00
         0,     0, 2, 0:46:41, 0:46:59,    18, 25.70, 44.00,-18.30
  12448434,  6047, 1, 0:47:28, 0:49:50,   142, 41.00, 24.40, 16.60
         0,     0, 1, 0:49:57, 0:50:13,    16, 24.40, 41.30,-16.90
  12200083,  5137, 4, 0:50:46, 0:52:25,    99, 43.30, 25.70, 17.60
         0,     0, 4, 0:52:32, 0:52:49,    17, 25.70, 43.30,-17.60
  12448426,  6039, 3, 1:01:59, 1:02:11,    12, 46.20, 45.50,  0.70
  12448426,  6039, 3, 1:02:29, 1:04:11,   102, 45.50, 24.20, 21.30
         0,     0, 3, 1:04:18, 1:04:36,    18, 24.20, 24.20,  0.00
  12448398,  6011, 1, 1:04:48, 1:05:43,    55, 41.30, 41.30,  0.00
  12448426,  6039, 2, 1:05:31, 1:05:47,    16, 44.00, 37.80,  6.20
         0,     0, 2, 1:05:54, 1:05:59,     5, 37.80, 44.00, -6.20
  12448398,  6011, 1, 1:13:01, 1:14:32,    91, 41.30, 27.10, 14.20
         0,     0, 1, 1:14:41, 1:14:54,    13, 27.10, 41.30,-14.20
  12706630,  7039, 2, 1:14:49, 1:16:30,   101, 44.00, 28.40, 15.60
         0,     0, 2, 1:16:39, 1:16:54,    15, 28.40, 44.00,-15.60
  12200083,  5137, 4, 1:18:22, 1:19:04,    42, 43.80, 36.30,  7.50
         0,     0, 4, 1:19:11, 1:19:17,     6, 36.30, 43.30, -7.00
  12200086,  5140, 4, 1:21:25, 1:22:45,    80, 43.30, 36.00,  7.30
         0,     0, 4, 1:22:52, 1:22:59,     7, 36.00, 43.40, -7.40
  12448415,  6028, 1, 1:24:16, 1:26:58,   162, 41.30, 33.20,  8.10
         0,     0, 1, 1:27:05, 1:27:12,     7, 33.20, 41.30, -8.10
  12448521,  6134, 1, 1:27:25, 1:27:32,     7, 41.30, 41.30,  0.00
  12448434,  6047, 4, 1:26:57, 1:27:43,    46, 43.40, 37.70,  5.70
  12448415,  6028, 2, 1:27:03, 1:27:45,    42, 44.00, 36.40,  7.60
         0,     0, 4, 1:27:51, 1:27:56,     5, 37.70, 43.30, -5.60
         0,     0, 2, 1:27:52, 1:27:58,     6, 36.40, 44.00, -7.60
  12448415,  6028, 1, 1:27:59, 1:28:24,    25, 41.30, 41.40, -0.10
  12448521,  6134, 4, 1:32:26, 1:33:49,    83, 43.40, 29.10, 14.30
         0,     0, 4, 1:33:58, 1:34:10,    12, 29.10, 43.30,-14.20
  12706630,  7039, 4, 1:49:16, 1:49:37,    21, 43.20, 39.90,  3.30
         0,     0, 4, 1:49:44, 1:49:47,     3, 39.90, 43.30, -3.40
  21268732,  6126, 1, 1:50:11, 1:51:26,    75, 41.40, 41.20,  0.20
  21268732,  6126, 2, 1:51:57, 1:54:27,   150, 44.00, 38.30,  5.70
         0,     0, 2, 1:54:34, 1:54:38,     4, 38.30, 44.10, -5.80
  12706615,  7024, 4, 1:56:53, 2:00:02,   189, 43.30, 38.90,  4.40
         0,     0, 4, 2:00:10, 2:00:14,     4, 38.90, 43.20, -4.30
  12706630,  7039, 2, 2:14:58, 2:15:53,    55, 44.10, 35.30,  8.80
         0,     0, 2, 2:16:01, 2:16:08,     7, 35.30, 44.00, -8.70
  12706628,  7037, 1, 2:18:33, 2:18:36,     3, 41.20, 41.20,  0.00
  12706601,  7010, 4, 2:24:05, 2:24:52,    47, 43.30, 35.00,  8.30
         0,     0, 4, 2:25:00, 2:25:08,     8, 35.00, 43.30, -8.30
  12448420,  6033, 3, 2:24:51, 2:25:59,    68, 46.20, 35.50, 10.70
         0,     0, 3, 2:26:07, 2:26:15,     8, 35.50, 35.30,  0.20
  12706624,  7033, 2, 2:34:35, 2:34:56,    21, 44.00, 43.90,  0.10
  13008774,  8015, 4, 2:34:11, 2:35:26,    75, 43.50, 35.80,  7.70
         0,     0, 4, 2:35:35, 2:35:42,     7, 35.80, 43.20, -7.40
  13008774,  8015, 3, 2:36:01, 2:36:16,    15, 46.10, 45.10,  1.00
  12706624,  7033, 1, 2:35:33, 2:36:36,    63, 41.20, 39.80,  1.40
         0,     0, 1, 2:36:44, 2:36:44,     0, 39.80, 41.20, -1.40
  12706624,  7033, 2, 2:37:42, 2:38:16,    34, 43.90, 42.60,  1.30
  11953971,  4001, 1, 2:37:44, 2:39:29,   105, 41.20, 40.80,  0.40
  12448415,  6028, 4, 2:43:14, 2:44:40,    86, 43.20, 33.30,  9.90
         0,     0, 4, 2:44:48, 2:44:57,     9, 33.30, 43.20, -9.90
  12448516,  6129, 3, 2:45:36, 2:46:24,    48, 45.20, 33.30, 11.90
         0,     0, 3, 2:46:32, 2:46:42,    10, 33.30, 33.10,  0.20
  12706601,  7010, 4, 2:58:36, 2:59:12,    36, 43.30, 37.70,  5.60
         0,     0, 4, 2:59:20, 2:59:25,     5, 37.70, 43.10, -5.40
  11499184,  2074, 2, 3:00:50, 3:01:45,    55, 42.60, 31.10, 11.50
         0,     0, 2, 3:01:54, 3:02:06,    12, 31.10, 44.00,-12.90
  12706737,  7146, 4, 2:59:59, 3:02:43,   164, 43.20, 32.40, 10.80
         0,     0, 4, 3:02:51, 3:03:01,    10, 32.40, 43.10,-10.70
  12448420,  6033, 4, 3:05:02, 3:07:05,   123, 43.00, 37.60,  5.40
         0,     0, 4, 3:07:13, 3:07:18,     5, 37.60, 43.20, -5.60
  11953971,  4001, 2, 3:06:49, 3:07:31,    42, 44.10, 43.90,  0.20
  13008774,  8015, 4, 3:35:13, 3:35:47,    34, 43.20, 40.40,  2.80
         0,     0, 4, 3:35:55, 3:35:57,     2, 40.40, 43.30, -2.90
  13008774,  8015, 3, 3:36:19, 3:36:31,    12, 46.00, 45.30,  0.70
  12706610,  7019, 4, 4:00:19, 4:01:39,    80, 43.20, 26.80, 16.40
         0,     0, 4, 4:01:47, 4:02:03,    16, 26.80, 43.30,-16.50
  12706620,  7029, 2, 4:31:16, 4:34:17,   181, 43.80, 43.60,  0.20
  21268732,  6126, 1, 4:34:44, 4:34:51,     7, 40.70, 40.70,  0.00
  12706656,  7065, 3, 5:10:00, 5:12:37,   157, 45.50, 28.50, 17.00
         0,     0, 3, 5:12:45, 5:12:59,    14, 28.50, 46.30,-17.80
  12448392,  6005, 3, 6:16:52, 6:18:00,    68, 46.30, 28.40, 17.90
         0,     0, 3, 6:18:08, 6:18:22,    14, 28.40, 28.40,  0.00
  12706618,  7027, 1, 6:17:57, 6:19:02,    65, 40.70, 34.60,  6.10
         0,     0, 1, 6:19:10, 6:19:16,     6, 34.60, 41.20, -6.60
  12706609,  7018, 3, 6:18:32, 6:19:47,    75, 28.40, 31.80, -3.40
         0,     0, 3, 6:19:55, 6:20:06,    11, 31.80, 31.70,  0.10
  12706621,  7030, 1, 6:23:55, 6:24:51,    56, 41.30, 41.20,  0.10
  12200091,  5145, 2, 6:24:48, 6:25:03,    15, 43.50, 43.00,  0.50
  12200091,  5145, 2, 6:25:28, 6:25:44,    16, 43.00, 42.30,  0.70
  12448521,  6134, 1, 6:25:43, 6:26:06,    23, 41.20, 40.30,  0.90
  12199951,  5005, 1, 6:26:16, 6:27:07,    51, 40.30, 40.30,  0.00
  12448521,  6134, 2, 6:26:18, 6:27:45,    87, 42.30, 30.80, 11.50
         0,     0, 2, 6:27:54, 6:28:06,    12, 30.80, 44.10,-13.30
  11954042,  4072, 4, 6:26:51, 6:29:33,   162, 43.80, 24.10, 19.70
  12448434,  6047, 3, 6:27:57, 6:29:39,   102, 46.40, 33.30, 13.10
  12706621,  7030, 1, 6:28:13, 6:29:47,    94, 40.30, 23.20, 17.10
         0,     0, 3, 6:29:47, 6:29:58,    11, 33.30, 33.10,  0.20
  12199951,  5005, 2, 6:28:16, 6:29:58,   102, 44.10, 37.80,  6.30
         0,     0, 4, 6:29:41, 6:30:01,    20, 24.10, 43.20,-19.10
         0,     0, 2, 6:30:06, 6:30:11,     5, 37.80, 44.00, -6.20
         0,     0, 1, 6:29:56, 6:30:14,    18, 23.20, 41.30,-18.10
  12706634,  7043, 4, 6:30:32, 6:30:35,     3, 43.60, 44.10, -0.50
  13008738,  7159, 1, 6:30:24, 6:30:49,    25, 41.30, 41.20,  0.10
  12706634,  7043, 3, 6:30:39, 6:31:17,    38, 46.10, 46.10,  0.00
  12199951,  5005, 2, 6:30:21, 6:31:47,    86, 44.00, 35.70,  8.30
         0,     0, 2, 6:31:55, 6:32:02,     7, 35.70, 44.00, -8.30
  12448517,  6130, 1, 6:33:12, 6:33:21,     9, 41.20, 41.20,  0.00
  12706601,  7010, 2, 6:32:12, 6:33:27,    75, 44.00, 31.50, 12.50
         0,     0, 2, 6:33:36, 6:33:48,    12, 31.50, 44.10,-12.60
  12706615,  7024, 4, 6:31:37, 6:34:10,   153, 44.00, 28.30, 15.70
         0,     0, 4, 6:34:17, 6:34:31,    14, 28.30, 43.20,-14.90
  12200086,  5140, 4, 6:34:41, 6:35:56,    75, 43.20, 29.90, 13.30
         0,     0, 4, 6:36:04, 6:36:17,    13, 29.90, 42.90,-13.00
  12448517,  6130, 2, 6:33:58, 6:36:53,   175, 44.10, 22.90, 21.20
  12200091,  5145, 3, 6:36:09, 6:37:10,    61, 46.00, 26.20, 19.80
         0,     0, 2, 6:37:01, 6:37:22,    21, 22.90, 44.10,-21.20
  12448516,  6129, 4, 6:36:33, 6:37:28,    55, 43.00, 25.90, 17.10
         0,     0, 3, 6:37:19, 6:37:36,    17, 26.20, 46.40,-20.20
         0,     0, 4, 6:37:36, 6:37:53,    17, 25.90, 43.10,-17.20
  12448391,  6004, 3, 6:37:46, 6:39:27,   101, 46.40, 27.30, 19.10
  13008842,     0, 7, 6:39:28, 6:39:36,     8, 40.90, 40.90,  0.00
         0,     0, 3, 6:39:35, 6:39:51,    16, 27.30, 30.70, -3.40
  12200079,  5133, 2, 6:37:32, 6:39:55,   143, 44.10, 24.80, 19.30
  12706634,  7043, 1, 6:35:19, 6:40:03,   284, 41.20, 20.40, 20.80
         0,     0, 2, 6:40:03, 6:40:22,    19, 24.80, 44.10,-19.30
         0,     0, 1, 6:40:11, 6:40:32,    21, 20.40, 41.20,-20.80
  12448417,  6030, 4, 6:39:49, 6:40:58,    69, 43.40, 25.40, 18.00
         0,     0, 4, 6:41:06, 6:41:23,    17, 25.40, 43.10,-17.70
  12200081,  5135, 4, 6:41:35, 6:42:50,    75, 43.20, 33.90,  9.30
         0,     0, 4, 6:42:59, 6:43:08,     9, 33.90, 33.90,  0.00
  13008774,  8015, 2, 6:43:17, 6:43:46,    29, 44.00, 44.10, -0.10
  12200081,  5135, 4, 6:43:20, 6:43:53,    33, 43.30, 36.60,  6.70
         0,     0, 4, 6:44:02, 6:44:08,     6, 36.60, 43.20, -6.60
  12448398,  6011, 1, 6:42:45, 6:44:43,   118, 41.20, 16.80, 24.40
         0,     0, 1, 6:44:51, 6:45:15,    24, 16.80, 41.20,-24.40
  13008748,  7169, 3, 6:43:48, 6:46:00,   132, 46.40, 42.30,  4.10
         0,     0, 3, 6:46:08, 6:46:11,     3, 42.30, 42.30,  0.00
  12706737,  7146, 4, 6:44:34, 6:46:15,   101, 43.10, 39.30,  3.80
         0,     0, 4, 6:46:24, 6:46:27,     3, 39.30, 43.70, -4.40
  12706613,  7022, 2, 6:46:42, 6:47:37,    55, 44.10, 35.30,  8.80
         0,     0, 2, 6:47:44, 6:47:52,     8, 35.30, 43.90, -8.60
  13008748,  7169, 3, 6:46:22, 6:48:17,   115, 46.60, 41.00,  5.60
  12706737,  7146, 4, 6:46:37, 6:48:18,   101, 43.10, 41.90,  1.20
         0,     0, 4, 6:48:27, 6:48:27,     0, 41.90, 41.20,  0.70
         0,     0, 3, 6:48:25, 6:48:29,     4, 41.00, 41.50, -0.50
  12706737,  7146, 3, 6:48:42, 6:49:10,    28, 46.50, 46.70, -0.20
  12448518,  6131, 4, 6:48:56, 6:49:12,    16, 41.10, 38.50,  2.60
         0,     0, 4, 6:49:21, 6:49:25,     4, 38.50, 43.30, -4.80
  12448518,  6131, 3, 6:49:35, 6:49:44,     9, 46.60, 46.60,  0.00
  13008774,  8015, 2, 6:48:59, 6:51:02,   123, 43.90, 31.70, 12.20
         0,     0, 2, 6:51:10, 6:51:21,    11, 31.70, 44.10,-12.40
  12706642,  7051, 1, 6:50:21, 6:51:57,    96, 41.20, 27.20, 14.00
         0,     0, 1, 6:52:05, 6:52:19,    14, 27.20, 41.30,-14.10
  11724217,  3117, 2, 6:51:41, 6:52:53,    72, 44.10, 27.90, 16.20
         0,     0, 2, 6:53:01, 6:53:16,    15, 27.90, 44.00,-16.10
  12706620,  7029, 1, 6:53:24, 6:53:29,     5, 41.40, 41.40,  0.00
  12706620,  7029, 2, 6:53:32, 6:55:09,    97, 44.00, 32.00, 12.00
         0,     0, 2, 6:55:18, 6:55:29,    11, 32.00, 44.00,-12.00
  12706628,  7037, 4, 6:58:39, 6:59:28,    49, 43.20, 39.40,  3.80
         0,     0, 4, 6:59:35, 6:59:38,     3, 39.40, 43.30, -3.90
  12706656,  7065, 2, 6:59:58, 7:01:35,    97, 44.00, 37.70,  6.30
  12200083,  5137, 1, 7:00:48, 7:01:45,    57, 41.40, 33.10,  8.30
         0,     0, 2, 7:01:44, 7:01:49,     5, 37.70, 44.10, -6.40
         0,     0, 1, 7:01:52, 7:01:59,     7, 33.10, 41.30, -8.20
  12448518,  6131, 2, 7:02:23, 7:03:29,    66, 44.10, 27.90, 16.20
  12200083,  5137, 1, 7:02:44, 7:03:29,    45, 41.30, 41.30,  0.00
         0,     0, 2, 7:03:37, 7:03:52,    15, 27.90, 44.10,-16.20
  11499117,  2007, 1, 7:05:53, 7:06:22,    29, 41.30, 33.50,  7.80
  12448408,  6021, 4, 7:05:48, 7:06:25,    37, 43.00, 32.20, 10.80
         0,     0, 1, 7:06:30, 7:06:37,     7, 33.50, 41.30, -7.80
         0,     0, 4, 7:06:33, 7:06:43,    10, 32.20, 43.10,-10.90
  12448415,  6028, 2, 7:11:53, 7:14:45,   172, 44.10, 26.60, 17.50
  12706620,  7029, 1, 7:13:48, 7:14:56,    68, 41.30, 34.90,  6.40
         0,     0, 2, 7:14:53, 7:15:10,    17, 26.60, 44.00,-17.40
         0,     0, 1, 7:15:05, 7:15:11,     6, 34.90, 41.30, -6.40
  12706613,  7022, 1, 7:15:21, 7:16:20,    59, 41.30, 31.30, 10.00
         0,     0, 1, 7:16:28, 7:16:37,     9, 31.30, 41.30,-10.00
  12448516,  6129, 4, 7:18:22, 7:19:29,    67, 43.30, 29.40, 13.90
         0,     0, 4, 7:19:38, 7:19:51,    13, 29.40, 43.20,-13.80
  12706642,  7051, 1, 7:21:14, 7:21:27,    13, 41.30, 40.40,  0.90
  11724205,     0, 8, 7:19:53, 7:21:47,   114, 40.10, 40.10,  0.00
  11724205,     0, 7, 7:21:56, 7:23:17,    81, 40.90, 40.90,  0.00
  13008748,  7169, 4, 7:20:54, 7:24:58,   244, 43.30, 38.70,  4.60
         0,     0, 4, 7:25:06, 7:25:10,     4, 38.70, 43.00, -4.30
  12706628,  7037, 4, 7:26:41, 7:28:16,    95, 42.80, 36.00,  6.80
         0,     0, 4, 7:28:23, 7:28:30,     7, 36.00, 43.20, -7.20
  11724217,  3117, 3, 7:29:01, 7:30:20,    79, 46.70, 27.50, 19.20
         0,     0, 3, 7:30:28, 7:30:44,    16, 27.50, 27.40,  0.10
  11953971,  4001, 2, 7:30:23, 7:32:24,   121, 44.10, 40.10,  4.00
         0,     0, 2, 7:32:32, 7:32:34,     2, 40.10, 44.10, -4.00
  11953971,  4001, 2, 7:32:44, 7:33:34,    50, 44.10, 25.90, 18.20
         0,     0, 2, 7:33:43, 7:34:00,    17, 25.90, 44.10,-18.20
  12448521,  6134, 1, 7:35:17, 7:36:46,    89, 40.40, 25.00, 15.40
         0,     0, 1, 7:36:55, 7:37:10,    15, 25.00, 41.30,-16.30
  12706613,  7022, 1, 7:37:26, 7:39:06,   100, 41.30, 29.70, 11.60
         0,     0, 1, 7:39:13, 7:39:24,    11, 29.70, 41.30,-11.60
  11499184,  2074, 2, 7:39:23, 7:40:15,    52, 44.10, 28.00, 16.10
         0,     0, 2, 7:40:22, 7:40:37,    15, 28.00, 44.10,-16.10
  12706624,  7033, 4, 7:43:45, 7:43:51,     6, 43.30, 43.40, -0.10
  12706642,  7051, 2, 7:46:59, 7:48:09,    70, 44.10, 32.90, 11.20
         0,     0, 2, 7:48:16, 7:48:26,    10, 32.90, 44.10,-11.20
  12706628,  7037, 4, 7:47:50, 7:49:23,    93, 42.90, 36.50,  6.40
         0,     0, 4, 7:49:31, 7:49:37,     6, 36.50, 43.20, -6.70
  12706618,  7027, 1, 7:51:53, 7:52:58,    65, 41.40, 28.40, 13.00
         0,     0, 1, 7:53:06, 7:53:18,    12, 28.40, 41.30,-12.90
  12706624,  7033, 4, 7:57:15, 7:57:46,    31, 42.70, 43.40, -0.70
  12706624,  7033, 4, 7:58:11, 8:01:25,   194, 43.20, 25.90, 17.30
         0,     0, 4, 8:01:33, 8:01:50,    17, 25.90, 43.30,-17.40
  12706614,  7023, 1, 8:01:23, 8:01:56,    33, 41.20, 41.10,  0.10
  12706614,  7023, 2, 8:02:04, 8:02:15,    11, 44.10, 44.10,  0.00
  12448417,  6030, 4, 8:07:34, 8:09:09,    95, 43.70, 26.80, 16.90
         0,     0, 4, 8:09:17, 8:09:33,    16, 26.80, 43.20,-16.40
  21268732,  6126, 1, 8:12:04, 8:13:05,    61, 41.10, 38.90,  2.20
         0,     0, 1, 8:13:13, 8:13:14,     1, 38.90, 41.30, -2.40
  21268732,  6126, 3, 8:13:35, 8:14:39,    64, 46.70, 40.00,  6.70
         0,     0, 3, 8:14:46, 8:14:51,     5, 40.00, 40.00,  0.00
  12706614,  7023, 1, 8:13:39, 8:15:28,   109, 41.30, 24.90, 16.40
         0,     0, 1, 8:15:35, 8:15:51,    16, 24.90, 41.20,-16.30
  21268732,  6126, 1, 8:16:53, 8:17:37,    44, 41.20, 39.50,  1.70
         0,     0, 1, 8:17:44, 8:17:45,     1, 39.50, 41.20, -1.70
  12200091,  5145, 1, 8:17:58, 8:19:39,   101, 41.30, 26.70, 14.60
         0,     0, 1, 8:19:46, 8:20:00,    14, 26.70, 41.40,-14.70
  13008748,  7169, 4, 8:18:51, 8:23:23,   272, 43.50, 35.80,  7.70
         0,     0, 4, 8:23:30, 8:23:37,     7, 35.80, 43.30, -7.50
  12706613,  7022, 1, 8:23:45, 8:24:26,    41, 41.40, 35.30,  6.10
         0,     0, 1, 8:24:35, 8:24:40,     5, 35.30, 41.30, -6.00
  12706613,  7022, 2, 8:25:02, 8:25:42,    40, 44.00, 39.80,  4.20
         0,     0, 2, 8:25:49, 8:25:52,     3, 39.80, 44.10, -4.30
  12706613,  7022, 2, 8:26:26, 8:26:46,    20, 44.10, 42.70,  1.40
  12706630,  7039, 4, 8:34:19, 8:36:12,   113, 43.20, 31.60, 11.60
         0,     0, 4, 8:36:20, 8:36:31,    11, 31.60, 43.20,-11.60
  12706601,  7010, 2, 8:35:00, 8:37:56,   176, 42.70, 22.60, 20.10
         0,     0, 2, 8:38:03, 8:38:24,    21, 22.60, 44.10,-21.50
  12706624,  7033, 2, 8:41:08, 8:41:33,    25, 44.10, 44.00,  0.10
  12706624,  7033, 2, 8:41:43, 8:42:34,    51, 44.00, 41.50,  2.50
         0,     0, 2, 8:42:43, 8:42:44,     1, 41.50, 44.00, -2.50
  12706624,  7033, 2, 8:42:59, 8:43:40,    41, 44.10, 39.90,  4.20
         0,     0, 2, 8:43:47, 8:43:50,     3, 39.90, 44.10, -4.20
  21268732,  6126, 1, 8:42:54, 8:45:55,   181, 41.30, 32.40,  8.90
         0,     0, 1, 8:46:04, 8:46:12,     8, 32.40, 41.20, -8.80
  12706705,     0, 8, 8:50:03, 8:50:04,     1, 39.90, 39.90,  0.00
         0,     0, 8, 8:50:13, 8:50:13,     0, 39.90, 40.90, -1.00
  12200086,  5140, 1, 8:49:43, 8:51:34,   111, 41.20, 36.30,  4.90
         0,     0, 1, 8:51:43, 8:51:47,     4, 36.30, 41.30, -5.00
  12448451,     0, 7, 8:51:52, 8:52:01,     9, 40.90, 40.90,  0.00
  13008842,     0, 7, 8:52:11, 8:52:12,     1, 40.90, 40.90,  0.00
  11499117,  2007, 2, 8:51:58, 8:52:40,    42, 44.10, 32.40, 11.70
         0,     0, 2, 8:52:49, 8:53:00,    11, 32.40, 44.10,-11.70
  12448392,  6005, 2, 8:53:22, 8:53:46,    24, 44.10, 39.40,  4.70
         0,     0, 2, 8:53:55, 8:53:58,     3, 39.40, 44.00, -4.60
  12200086,  5140, 3, 8:54:00, 8:55:18,    78, 46.70, 37.40,  9.30
         0,     0, 3, 8:55:26, 8:55:33,     7, 37.40, 37.30,  0.10
  12448392,  6005, 2, 8:54:14, 8:55:52,    98, 44.10, 21.30, 22.80
  12706610,  7019, 1, 8:54:12, 8:56:05,   113, 41.30, 16.20, 25.10
         0,     0, 2, 8:56:00, 8:56:23,    23, 21.30, 44.10,-22.80
         0,     0, 1, 8:56:12, 8:56:37,    25, 16.20, 41.20,-25.00
  11724205,     0, 7, 8:55:18, 9:00:57,   339, 40.90, 32.60,  8.30
         0,     0, 7, 9:01:06, 9:01:17,    11, 32.60, 41.10, -8.50
  13008842,     0, 8, 9:02:16, 9:02:55,    39, 40.90, 38.50,  2.40
         0,     0, 8, 9:03:04, 9:03:06,     2, 38.50, 41.20, -2.70
  13008842,     0, 7, 9:03:16, 9:04:31,    75, 41.10, 39.30,  1.80
         0,     0, 7, 9:04:39, 9:04:41,     2, 39.30, 41.10, -1.80
  12706707,     0, 7, 9:05:02, 9:05:38,    36, 41.10, 38.30,  2.80
         0,     0, 7, 9:05:46, 9:05:49,     3, 38.30, 41.10, -2.80
  12706727,     0, 8, 9:05:29, 9:07:00,    91, 41.20, 30.80, 10.40
         0,     0, 8, 9:07:07, 9:07:18,    11, 30.80, 41.20,-10.40
  12448451,     0, 7, 9:07:21, 9:07:33,    12, 41.10, 41.00,  0.10
  12706700,     0, 8, 9:07:58, 9:08:07,     9, 41.20, 39.50,  1.70
         0,     0, 8, 9:08:15, 9:08:16,     1, 39.50, 41.20, -1.70
  12706700,     0, 7, 9:08:13, 9:08:22,     9, 41.00, 39.30,  1.70
         0,     0, 7, 9:08:31, 9:08:33,     2, 39.30, 40.50, -1.20
  12706700,     0, 8, 9:08:46, 9:08:53,     7, 41.20, 39.40,  1.80
         0,     0, 8, 9:09:02, 9:09:03,     1, 39.40, 41.20, -1.80
  12200081,  5135, 3, 9:08:53, 9:09:02,     9, 46.60, 46.50,  0.10
  12200081,  5135, 4, 9:09:12, 9:10:01,    49, 43.80, 38.30,  5.50
         0,     0, 4, 9:10:08, 9:10:13,     5, 38.30, 43.30, -5.00
  12448472,     0, 8, 9:10:03, 9:10:36,    33, 37.40, 37.10,  0.30
         0,     0, 8, 9:10:44, 9:10:48,     4, 37.10, 41.20, -4.10
  12706615,  7024, 4, 9:11:37, 9:11:48,    11, 43.30, 43.30,  0.00
  12448472,     0, 8, 9:11:27, 9:11:52,    25, 40.10, 38.90,  1.20
  12448451,     0, 7, 9:11:38, 9:11:55,    17, 40.50, 40.50,  0.00
         0,     0, 8, 9:12:00, 9:12:01,     1, 38.90, 41.20, -2.30
  12448472,     0, 7, 9:12:12, 9:12:49,    37, 40.50, 38.70,  1.80
         0,     0, 7, 9:12:58, 9:13:00,     2, 38.70, 40.70, -2.00
  11724167,  3067, 4, 9:12:00, 9:13:16,    76, 43.30, 23.80, 19.50
         0,     0, 4, 9:13:23, 9:13:42,    19, 23.80, 43.20,-19.40
  12448472,     0, 7, 9:13:31, 9:14:21,    50, 40.30, 37.20,  3.10
         0,     0, 7, 9:14:29, 9:14:34,     5, 37.20, 41.10, -3.90
  11724167,  3067, 4, 9:13:52, 9:14:37,    45, 43.40, 27.40, 16.00
         0,     0, 4, 9:14:46, 9:15:01,    15, 27.40, 43.60,-16.20
  12448521,  6134, 1, 9:13:42, 9:15:38,   116, 41.30, 27.00, 14.30
         0,     0, 1, 9:15:46, 9:16:00,    14, 27.00, 41.30,-14.30
  12706615,  7024, 4, 9:16:55, 9:17:01,     6, 43.50, 43.60, -0.10
  11954042,  4072, 4, 9:17:38, 9:17:48,    10, 43.60, 43.60,  0.00
  12448482,     0, 7, 9:19:09, 9:19:10,     1, 41.10, 41.10,  0.00
  11954042,  4072, 4, 9:18:04, 9:19:41,    97, 43.70, 30.80, 12.90
         0,     0, 4, 9:19:48, 9:20:00,    12, 30.80, 43.30,-12.50
  12448517,  6130, 2, 9:17:31, 9:20:32,   181, 44.00, 26.80, 17.20
         0,     0, 2, 9:20:39, 9:20:56,    17, 26.80, 44.10,-17.30
  12706615,  7024, 1, 9:19:57, 9:21:23,    86, 41.30, 32.30,  9.00
         0,     0, 1, 9:21:30, 9:21:38,     8, 32.30, 41.30, -9.00
  12448482,     0, 8, 9:21:10, 9:22:37,    87, 41.20, 41.00,  0.20
  12200085,  5139, 2, 9:21:52, 9:23:07,    75, 44.10, 28.50, 15.60
  12706705,     0, 8, 9:22:58, 9:23:13,    15, 41.00, 40.90,  0.10
  12448451,     0, 7, 9:23:05, 9:23:15,    10, 41.10, 41.00,  0.10
         0,     0, 2, 9:23:15, 9:23:30,    15, 28.50, 44.10,-15.60
  12448451,     0, 7, 9:23:32, 9:23:49,    17, 41.00, 41.00,  0.00
  12448451,     0, 7, 9:24:01, 9:24:55,    54, 41.00, 33.50,  7.50
         0,     0, 7, 9:25:02, 9:25:12,    10, 33.50, 40.20, -6.70
  12200086,  5140, 1, 9:23:56, 9:25:20,    84, 41.30, 33.80,  7.50
         0,     0, 1, 9:25:28, 9:25:35,     7, 33.80, 41.20, -7.40
  12448482,     0, 8, 9:25:55, 9:26:31,    36, 40.80, 40.80,  0.00
  12706737,  7146, 3, 9:23:54, 9:26:45,   171, 46.50, 29.40, 17.10
         0,     0, 3, 9:26:53, 9:27:07,    14, 29.40, 29.40,  0.00
  12706705,     0, 8, 9:26:53, 9:27:33,    40, 40.70, 40.50,  0.20
  12706630,  7039, 1, 9:27:31, 9:28:35,    64, 41.30, 30.90, 10.40
         0,     0, 1, 9:28:43, 9:28:53,    10, 30.90, 41.30,-10.40
  12706705,     0, 8, 9:28:13, 9:30:43,   150, 39.80, 22.40, 17.40
  12448482,     0, 7, 9:28:56, 9:30:48,   112, 37.50, 35.80,  1.70
         0,     0, 7, 9:30:56, 9:31:03,     7, 35.80, 41.00, -5.20
         0,     0, 8, 9:30:51, 9:31:12,    21, 22.40, 41.20,-18.80
  12448482,     0, 7, 9:31:25, 9:31:31,     6, 41.00, 41.00,  0.00
  12706628,  7037, 4, 9:30:38, 9:31:39,    61, 43.40, 40.40,  3.00
         0,     0, 4, 9:31:46, 9:31:49,     3, 40.40, 43.10, -2.70
  21268732,  6126, 1, 9:31:10, 9:32:06,    56, 41.30, 38.50,  2.80
         0,     0, 1, 9:32:13, 9:32:15,     2, 38.50, 41.20, -2.70
  12448482,     0, 7, 9:31:48, 9:32:21,    33, 42.10, 40.00,  2.10
         0,     0, 7, 9:32:29, 9:32:29,     0, 40.00, 40.80, -0.80
  12706707,     0, 8, 9:32:34, 9:33:12,    38, 41.30, 34.50,  6.80
         0,     0, 8, 9:33:20, 9:33:27,     7, 34.50, 41.10, -6.60
  21268732,  6126, 1, 9:32:25, 9:33:32,    67, 41.20, 37.30,  3.90
         0,     0, 1, 9:33:40, 9:33:43,     3, 37.30, 41.20, -3.90
  12448482,     0, 8, 9:33:37, 9:36:16,   159, 41.10, 25.30, 15.80
         0,     0, 8, 9:36:24, 9:36:41,    17, 25.30, 41.30,-16.00
  12448415,  6028, 2, 9:34:43, 9:37:19,   156, 44.10, 30.10, 14.00
         0,     0, 2, 9:37:28, 9:37:41,    13, 30.10, 44.10,-14.00
  12706621,  7030, 1, 9:36:50, 9:38:00,    70, 41.20, 28.60, 12.60
         0,     0, 1, 9:38:07, 9:38:19,    12, 28.60, 41.30,-12.70
  12200081,  5135, 4, 9:37:51, 9:38:58,    67, 43.00, 31.80, 11.20
         0,     0, 4, 9:39:05, 9:39:16,    11, 31.80, 43.20,-11.40
  12200083,  5137, 1, 9:41:28, 9:42:59,    91, 41.30, 30.20, 11.10
         0,     0, 1, 9:43:07, 9:43:17,    10, 30.20, 41.30,-11.10
  12200083,  5137, 2, 9:43:40, 9:44:08,    28, 44.00, 40.50,  3.50
         0,     0, 2, 9:44:15, 9:44:17,     2, 40.50, 44.00, -3.50
  12200079,  5133, 1, 9:50:51, 9:50:54,     3, 41.30, 41.30,  0.00
  11953971,  4001, 1, 9:51:05, 9:51:09,     4, 41.30, 41.30,  0.00
  13008842,     0, 7, 9:51:55, 9:51:58,     3, 40.70, 40.80, -0.10
  11953971,  4001, 1, 9:51:21, 9:52:20,    59, 41.30, 41.00,  0.30
  11953971,  4001, 1, 9:52:42, 9:54:08,    86, 41.00, 27.00, 14.00
  12706609,  7018, 2, 9:52:44, 9:54:21,    97, 44.00, 32.10, 11.90
         0,     0, 1, 9:54:15, 9:54:29,    14, 27.00, 41.30,-14.30
         0,     0, 2, 9:54:28, 9:54:39,    11, 32.10, 44.00,-11.90
  12448426,  6039, 3, 9:55:34, 9:56:36,    62, 46.20, 36.60,  9.60
  12200079,  5133, 1, 9:54:54, 9:56:42,   108, 41.30, 26.50, 14.80
         0,     0, 3, 9:56:43, 9:56:50,     7, 36.60, 36.60,  0.00
         0,     0, 1, 9:56:50, 9:57:04,    14, 26.50, 26.60, -0.10
  12200079,  5133, 1, 9:57:15, 9:57:41,    26, 41.30, 35.60,  5.70
         0,     0, 1, 9:57:49, 9:57:54,     5, 35.60, 41.30, -5.70
  12448408,  6021, 3, 9:57:41, 9:57:50,     9, 46.10, 46.00,  0.10
  12448408,  6021, 4, 9:57:55, 9:59:01,    66, 43.40, 24.80, 18.60
         0,     0, 4, 9:59:08, 9:59:26,    18, 24.80, 43.10,-18.30
  12706707,     0, 8, 9:59:23, 9:59:32,     9, 27.60, 27.50,  0.10
         0,     0, 8, 9:59:40, 9:59:54,    14, 27.50, 41.20,-13.70
  12706656,  7065, 1, 9:59:31,10:00:39,    68, 41.30, 31.50,  9.80
         0,     0, 1,10:00:47,10:00:56,     9, 31.50, 41.30, -9.80
  13008748,  7169, 4, 9:59:56,10:03:48,   232, 43.30, 33.90,  9.40
         0,     0, 4,10:03:55,10:04:04,     9, 33.90, 43.30, -9.40
  12448426,  6039, 4,10:04:14,10:04:51,    37, 43.50, 32.10, 11.40
         0,     0, 4,10:05:00,10:05:11,    11, 32.10, 43.30,-11.20
  12706634,  7043, 3,10:04:19,10:06:04,   105, 46.10, 27.80, 18.30
         0,     0, 3,10:06:12,10:06:27,    15, 27.80, 27.70,  0.10
  12706642,  7051, 1,10:07:40,10:09:22,   102, 41.30, 31.30, 10.00
         0,     0, 1,10:09:31,10:09:40,     9, 31.30, 41.20, -9.90
  12706707,     0, 7,10:11:43,10:12:07,    24, 40.80, 38.00,  2.80
         0,     0, 7,10:12:14,10:12:17,     3, 38.00, 41.10, -3.10
  13008748,  7169, 4,10:11:10,10:12:18,    68, 43.40, 42.40,  1.00
  12200083,  5137, 2,10:11:53,10:12:38,    45, 44.00, 37.60,  6.40
         0,     0, 2,10:12:47,10:12:52,     5, 37.60, 44.20, -6.60
  12200085,  5139, 3,10:12:00,10:12:56,    56, 46.30, 36.30, 10.00
         0,     0, 3,10:13:05,10:13:13,     8, 36.30, 36.30,  0.00
  12706707,     0, 7,10:13:43,10:13:45,     2, 39.30, 39.30,  0.00
         0,     0, 7,10:13:53,10:13:55,     2, 39.30, 41.10, -1.80
  12200083,  5137, 1,10:13:56,10:14:03,     7, 41.20, 41.20,  0.00
  12706700,     0, 7,10:21:23,10:22:40,    77, 41.10, 31.90,  9.20
         0,     0, 7,10:22:48,10:23:00,    12, 31.90, 41.10, -9.20
  12706620,  7029, 3,10:21:48,10:23:50,   122, 46.20, 38.90,  7.30
         0,     0, 3,10:23:59,10:24:04,     5, 38.90, 38.90,  0.00
  12448391,  6004, 4,10:22:24,10:24:11,   107, 42.80, 25.70, 17.10
         0,     0, 4,10:24:19,10:24:36,    17, 25.70, 43.30,-17.60
  12706656,  7065, 2,10:27:10,10:28:04,    54, 44.20, 36.40,  7.80
         0,     0, 2,10:28:12,10:28:18,     6, 36.40, 44.10, -7.70
  12448434,  6047, 3,10:30:34,10:31:44,    70, 46.30, 43.60,  2.70
         0,     0, 3,10:31:53,10:31:54,     1, 43.60, 46.00, -2.40
  12448434,  6047, 4,10:32:00,10:32:49,    49, 43.60, 32.00, 11.60
         0,     0, 4,10:32:58,10:33:09,    11, 32.00, 43.40,-11.40
  12448426,  6039, 4,10:33:20,10:33:43,    23, 43.50, 39.20,  4.30
         0,     0, 4,10:33:51,10:33:55,     4, 39.20, 43.20, -4.00
  12448398,  6011, 2,10:32:27,10:34:46,   139, 44.10, 24.60, 19.50
         0,     0, 2,10:34:53,10:35:12,    19, 24.60, 44.10,-19.50
  12706727,     0, 7,10:34:49,10:35:28,    39, 41.10, 37.60,  3.50
         0,     0, 7,10:35:35,10:35:39,     4, 37.60, 41.10, -3.50
  12706620,  7029, 1,10:36:55,10:37:45,    50, 41.20, 35.00,  6.20
         0,     0, 1,10:37:53,10:37:58,     5, 35.00, 41.20, -6.20
  12200079,  5133, 2,10:40:00,10:40:06,     6, 44.00, 44.00,  0.00
  12448415,  6028, 3,10:39:41,10:41:57,   136, 46.10, 31.60, 14.50
         0,     0, 3,10:42:05,10:42:17,    12, 31.60, 31.40,  0.20
  13008748,  7169, 4,10:38:35,10:43:59,   324, 43.30, 37.90,  5.40
         0,     0, 4,10:44:08,10:44:13,     5, 37.90, 43.40, -5.50
  12706609,  7018, 4,10:46:43,10:46:50,     7, 43.40, 43.50, -0.10
  12706614,  7023, 3,10:44:49,10:46:52,   123, 46.20, 33.10, 13.10
         0,     0, 3,10:47:00,10:47:10,    10, 33.10, 33.00,  0.10
  13008738,  7159, 2,10:47:14,10:47:57,    43, 44.00, 43.80,  0.20
  12706609,  7018, 1,10:47:24,10:48:23,    59, 41.30, 32.80,  8.50
         0,     0, 1,10:48:31,10:48:39,     8, 32.80, 41.20, -8.40
  12448434,  6047, 1,10:49:05,10:50:33,    88, 41.30, 33.70,  7.60
  12448451,     0, 7,10:49:30,10:50:38,    68, 37.00, 36.90,  0.10
         0,     0, 1,10:50:41,10:50:48,     7, 33.70, 41.20, -7.50
         0,     0, 7,10:50:46,10:50:51,     5, 36.90, 41.10, -4.20
  13008738,  7159, 2,10:48:08,10:51:23,   195, 43.80, 24.00, 19.80
  12448408,  6021, 4,10:50:48,10:51:43,    55, 43.50, 25.80, 17.70
         0,     0, 2,10:51:31,10:51:50,    19, 24.00, 44.10,-20.10
         0,     0, 4,10:51:51,10:52:08,    17, 25.80, 43.30,-17.50
  11499117,  2007, 4,10:52:28,10:52:47,    19, 43.30, 43.10,  0.20
  11499184,  2074, 1,10:53:26,10:53:34,     8, 41.30, 41.00,  0.30
  11499117,  2007, 4,10:52:58,10:53:42,    44, 43.10, 32.60, 10.50
         0,     0, 4,10:53:50,10:54:00,    10, 32.60, 43.20,-10.60
  11499184,  2074, 1,10:53:44,10:54:24,    40, 41.00, 29.70, 11.30
         0,     0, 1,10:54:32,10:54:43,    11, 29.70, 41.30,-11.60
  12448420,  6033, 4,10:54:10,10:56:03,   113, 43.60, 28.80, 14.80
         0,     0, 4,10:56:11,10:56:25,    14, 28.80, 43.10,-14.30
  13008842,     0, 7,10:56:27,10:57:21,    54, 41.10, 37.40,  3.70
         0,     0, 7,10:57:29,10:57:33,     4, 37.40, 41.10, -3.70
  11499231,     0, 7,11:00:44,11:00:48,     4, 41.10, 41.10,  0.00
  11724205,     0, 7,11:04:28,11:05:40,    72, 41.10, 41.10,  0.00
  12706620,  7029, 4,11:07:03,11:07:59,    56, 43.80, 39.10,  4.70
         0,     0, 4,11:08:07,11:08:10,     3, 39.10, 43.20, -4.10
  12706656,  7065, 3,11:07:53,11:09:03,    70, 46.10, 37.30,  8.80
         0,     0, 3,11:09:12,11:09:19,     7, 37.30, 37.20,  0.10
  13008842,     0, 7,11:09:09,11:09:52,    43, 41.10, 39.90,  1.20
  11724205,     0, 8,11:05:49,11:09:53,   244, 41.10, 30.90, 10.20
         0,     0, 7,11:10:00,11:10:01,     1, 39.90, 40.90, -1.00
         0,     0, 8,11:10:00,11:10:11,    11, 30.90, 41.20,-10.30
  11953971,  4001, 1,11:17:11,11:19:06,   115, 41.40, 31.80,  9.60
         0,     0, 1,11:19:13,11:19:22,     9, 31.80, 41.20, -9.40
  12706707,     0, 8,11:19:34,11:19:41,     7, 37.00, 37.00,  0.00
         0,     0, 8,11:19:50,11:19:54,     4, 37.00, 41.20, -4.20
  12199951,  5005, 3,11:22:50,11:25:11,   141, 46.00, 33.50, 12.50
         0,     0, 3,11:25:18,11:25:28,    10, 33.50, 33.30,  0.20
  12706610,  7019, 2,11:24:40,11:26:10,    90, 43.90, 27.70, 16.20
         0,     0, 2,11:26:18,11:26:33,    15, 27.70, 44.00,-16.30
  12448516,  6129, 4,11:26:53,11:28:18,    85, 43.30, 28.20, 15.10
         0,     0, 4,11:28:25,11:28:40,    15, 28.20, 43.20,-15.00
  12448518,  6131, 3,11:28:28,11:28:44,    16, 46.20, 43.80,  2.40
         0,     0, 3,11:28:53,11:28:54,     1, 43.80, 46.20, -2.40
  12448518,  6131, 4,11:29:03,11:29:48,    45, 43.40, 35.70,  7.70
         0,     0, 4,11:29:56,11:30:03,     7, 35.70, 43.20, -7.50
  11499231,     0, 8,11:30:03,11:30:33,    30, 41.10, 41.10,  0.00
  11499231,     0, 7,11:30:38,11:30:57,    19, 40.90, 40.80,  0.10
  12706624,  7033, 1,11:29:52,11:31:10,    78, 41.20, 40.90,  0.30
  12706624,  7033, 1,11:31:22,11:31:30,     8, 40.90, 40.90,  0.00
  12448518,  6131, 2,11:32:15,11:32:33,    18, 44.10, 42.00,  2.10
  11499231,     0, 7,11:31:24,11:34:20,   176, 40.90, 30.60, 10.30
         0,     0, 7,11:34:29,11:34:43,    14, 30.60, 41.10,-10.50
  12706620,  7029, 4,11:35:03,11:36:16,    73, 43.30, 39.90,  3.40
         0,     0, 4,11:36:24,11:36:27,     3, 39.90, 43.20, -3.30
  12706727,     0, 7,11:36:40,11:37:00,    20, 41.10, 41.10,  0.00
  12706727,     0, 8,11:37:45,11:37:48,     3, 39.50, 39.50,  0.00
         0,     0, 8,11:37:56,11:37:57,     1, 39.50, 41.10, -1.60
  12706727,     0, 8,11:38:10,11:38:50,    40, 41.20, 35.80,  5.40
         0,     0, 8,11:38:57,11:39:02,     5, 35.80, 41.20, -5.40
  12448391,  6004, 3,11:41:37,11:42:05,    28, 46.20, 43.20,  3.00
         0,     0, 3,11:42:14,11:42:16,     2, 43.20, 46.30, -3.10
  12706624,  7033, 4,11:42:08,11:42:19,    11, 43.20, 43.10,  0.10
  12706624,  7033, 3,11:42:26,11:43:16,    50, 46.30, 44.00,  2.30
  12448420,  6033, 4,11:42:29,11:44:11,   102, 43.20, 37.10,  6.10
  12706624,  7033, 3,11:43:36,11:44:17,    41, 44.10, 37.80,  6.30
         0,     0, 4,11:44:19,11:44:24,     5, 37.10, 43.10, -6.00
         0,     0, 3,11:44:24,11:44:30,     6, 37.80, 37.70,  0.10
  12448437,  6050, 1,11:44:47,11:44:58,    11, 40.90, 40.90,  0.00
  13008842,     0, 8,11:47:48,11:48:14,    26, 41.20, 39.90,  1.30
  12706656,  7065, 4,11:46:36,11:48:16,   100, 43.30, 32.30, 11.00
         0,     0, 8,11:48:22,11:48:22,     0, 39.90, 41.00, -1.10
         0,     0, 4,11:48:25,11:48:35,    10, 32.30, 43.20,-10.90
  12448417,  6030, 3,11:47:23,11:48:53,    90, 46.20, 26.30, 19.90
         0,     0, 3,11:49:01,11:49:17,    16, 26.30, 26.30,  0.00
  12448437,  6050, 2,11:45:04,11:49:40,   276, 42.00, 15.20, 26.80
         0,     0, 2,11:49:48,11:50:16,    28, 15.20, 44.00,-28.80
  12706618,  7027, 4,11:51:19,11:51:35,    16, 43.60, 42.50,  1.10
  12200085,  5139, 2,11:51:58,11:52:08,    10, 44.00, 44.00,  0.00
  12706618,  7027, 4,11:51:45,11:52:32,    47, 42.50, 32.30, 10.20
         0,     0, 4,11:52:40,11:52:50,    10, 32.30, 43.20,-10.90
  12200085,  5139, 2,11:52:24,11:53:01,    37, 44.00, 42.90,  1.10
  12200085,  5139, 1,11:53:16,11:54:42,    86, 40.90, 26.80, 14.10
         0,     0, 1,11:54:50,11:55:04,    14, 26.80, 41.20,-14.40
  11954042,  4072, 4,11:54:49,11:55:52,    63, 43.20, 42.80,  0.40
  12200091,  5145, 3,12:00:31,12:01:57,    86, 46.30, 26.10, 20.20
         0,     0, 3,12:02:04,12:02:21,    17, 26.10, 26.00,  0.10
  13008738,  7159, 4,12:07:32,12:09:14,   102, 42.80, 42.10,  0.70
  12448518,  6131, 3,12:08:38,12:09:23,    45, 46.20, 37.30,  8.90
         0,     0, 3,12:09:30,12:09:37,     7, 37.30, 37.10,  0.20
  12706615,  7024, 1,12:10:46,12:12:21,    95, 41.20, 37.80,  3.40
         0,     0, 1,12:12:30,12:12:33,     3, 37.80, 41.30, -3.50
  13008738,  7159, 3,12:10:06,12:12:57,   171, 46.20, 28.50, 17.70
  13008774,  8015, 1,12:12:44,12:12:56,    12, 41.30, 41.30,  0.00
         0,     0, 3,12:13:04,12:13:18,    14, 28.50, 28.40,  0.10
  13008774,  8015, 2,12:13:06,12:15:06,   120, 42.90, 30.10, 12.80
  12448434,  6047, 4,12:13:37,12:15:12,    95, 42.20, 32.70,  9.50
         0,     0, 2,12:15:14,12:15:27,    13, 30.10, 44.10,-14.00
         0,     0, 4,12:15:19,12:15:29,    10, 32.70, 43.30,-10.60
  12448516,  6129, 3,12:13:54,12:15:37,   103, 46.20, 37.50,  8.70
         0,     0, 3,12:15:45,12:15:51,     6, 37.50, 37.40,  0.10
  12706707,     0, 7,12:16:16,12:16:59,    43, 41.20, 40.00,  1.20
         0,     0, 7,12:17:08,12:17:08,     0, 40.00, 40.90, -0.90
  12706707,     0, 7,12:17:27,12:17:29,     2, 39.10, 39.20, -0.10
         0,     0, 7,12:17:38,12:17:40,     2, 39.20, 41.20, -2.00
  12448451,     0, 7,12:18:43,12:18:47,     4, 41.20, 41.20,  0.00
  12706624,  7033, 2,12:19:14,12:19:17,     3, 44.10, 44.10,  0.00
  12706621,  7030, 3,12:19:38,12:20:45,    67, 46.20, 33.90, 12.30
         0,     0, 3,12:20:52,12:21:02,    10, 33.90, 33.70,  0.20
  12448451,     0, 7,12:18:57,12:21:15,   138, 41.20, 29.20, 12.00
         0,     0, 7,12:21:23,12:21:39,    16, 29.20, 41.10,-11.90
  12706705,     0, 8,12:19:11,12:22:40,   209, 38.80, 23.20, 15.60
         0,     0, 8,12:22:48,12:23:07,    19, 23.20, 41.20,-18.00
  12706618,  7027, 4,12:22:20,12:23:08,    48, 43.50, 35.40,  8.10
         0,     0, 4,12:23:15,12:23:22,     7, 35.40, 43.30, -7.90
  12200086,  5140, 2,12:24:25,12:24:34,     9, 44.10, 43.00,  1.10
  12200086,  5140, 2,12:25:19,12:25:35,    16, 43.00, 40.90,  2.10
         0,     0, 2,12:25:42,12:25:44,     2, 40.90, 44.20, -3.30
  12200086,  5140, 2,12:26:21,12:26:36,    15, 44.20, 41.70,  2.50
         0,     0, 2,12:26:44,12:26:45,     1, 41.70, 44.00, -2.30
  21268732,  6126, 3,12:26:40,12:26:51,    11, 46.30, 46.10,  0.20
  12200086,  5140, 2,12:27:29,12:27:54,    25, 44.00, 40.00,  4.00
         0,     0, 2,12:28:02,12:28:05,     3, 40.00, 44.00, -4.00
  21268732,  6126, 3,12:27:00,12:28:30,    90, 46.10, 42.10,  4.00
         0,     0, 3,12:28:38,12:28:41,     3, 42.10, 46.40, -4.30
  11724205,     0, 8,12:24:31,12:29:56,   325, 41.20, 30.40, 10.80
         0,     0, 8,12:30:05,12:30:16,    11, 30.40, 41.30,-10.90
  12448472,     0, 7,12:30:21,12:30:38,    17, 41.10, 41.10,  0.00
  21268732,  6126, 3,12:28:51,12:30:49,   118, 46.40, 34.10, 12.30
         0,     0, 3,12:30:57,12:31:07,    10, 34.10, 33.90,  0.20
  12448472,     0, 7,12:30:53,12:31:29,    36, 41.10, 40.80,  0.30
  12448472,     0, 7,12:31:52,12:32:31,    39, 39.50, 33.80,  5.70
         0,     0, 7,12:32:39,12:32:48,     9, 33.80, 41.10, -7.30
  12706615,  7024, 3,12:31:30,12:33:07,    97, 46.20, 34.60, 11.60
  12448472,     0, 8,12:33:09,12:33:10,     1, 41.00, 41.00,  0.00
         0,     0, 3,12:33:15,12:33:24,     9, 34.60, 34.50,  0.10
  12706727,     0, 8,12:36:39,12:37:46,    67, 41.00, 34.30,  6.70
         0,     0, 8,12:37:54,12:38:01,     7, 34.30, 41.20, -6.90
  12706727,     0, 7,12:38:08,12:38:27,    19, 41.10, 39.40,  1.70
         0,     0, 7,12:38:36,12:38:37,     1, 39.40, 41.10, -1.70
  12448420,  6033, 3,12:35:25,12:38:39,   194, 46.30, 36.60,  9.70
         0,     0, 3,12:38:46,12:38:53,     7, 36.60, 36.50,  0.10
  12448434,  6047, 4,12:38:11,12:39:04,    53, 43.80, 37.00,  6.80
         0,     0, 4,12:39:11,12:39:17,     6, 37.00, 37.00,  0.00
  12706707,     0, 8,12:41:02,12:41:13,    11, 41.20, 40.20,  1.00
  12448437,  6050, 3,12:50:10,12:52:10,   120, 46.10, 36.80,  9.30
         0,     0, 3,12:52:17,12:52:24,     7, 36.80, 36.80,  0.00
  12706615,  7024, 2,12:55:49,12:57:19,    90, 44.00, 28.60, 15.40
         0,     0, 2,12:57:27,12:57:41,    14, 28.60, 44.10,-15.50
  12448521,  6134, 3,12:55:51,12:57:45,   114, 46.30, 38.70,  7.60
  12706618,  7027, 4,12:57:42,12:57:50,     8, 43.30, 42.70,  0.60
         0,     0, 3,12:57:54,12:58:00,     6, 38.70, 46.20, -7.50
  12706618,  7027, 4,12:58:04,12:58:43,    39, 42.70, 34.00,  8.70
         0,     0, 4,12:58:50,12:58:59,     9, 34.00, 43.20, -9.20
  12448472,     0, 8,13:04:26,13:06:00,    94, 28.00, 20.90,  7.10
         0,     0, 8,13:06:08,13:06:30,    22, 20.90, 41.30,-20.40
  12706628,  7037, 3,13:11:29,13:12:42,    73, 46.30, 43.30,  3.00
         0,     0, 3,13:12:49,13:12:51,     2, 43.30, 46.40, -3.10
  12448521,  6134, 4,13:13:13,13:14:07,    54, 43.40, 38.40,  5.00
         0,     0, 4,13:14:14,13:14:18,     4, 38.40, 43.20, -4.80
  13008774,  8015, 3,13:14:50,13:15:05,    15, 46.60, 45.90,  0.70
  13008774,  8015, 4,13:15:22,13:16:21,    59, 43.30, 34.40,  8.90
         0,     0, 4,13:16:28,13:16:36,     8, 34.40, 43.20, -8.80
  12706628,  7037, 1,13:18:34,13:18:40,     6, 41.30, 41.30,  0.00
  12706628,  7037, 2,13:18:59,13:19:41,    42, 44.00, 44.00,  0.00
  12706613,  7022, 3,13:22:21,13:24:25,   124, 46.00, 31.50, 14.50
  12706700,     0, 7,13:24:28,13:24:31,     3, 41.00, 41.00,  0.00
         0,     0, 3,13:24:34,13:24:46,    12, 31.50, 31.30,  0.20
  12706700,     0, 8,13:25:27,13:25:29,     2, 30.60, 30.70, -0.10
         0,     0, 8,13:25:36,13:25:47,    11, 30.70, 41.20,-10.50
  12706601,  7010, 3,13:24:56,13:26:10,    74, 46.00, 35.20, 10.80
         0,     0, 3,13:26:18,13:26:27,     9, 35.20, 35.10,  0.10
  12448415,  6028, 1,13:31:16,13:31:20,     4, 41.30, 41.30,  0.00
  12448415,  6028, 4,13:33:01,13:35:33,   152, 43.80, 29.80, 14.00
         0,     0, 4,13:35:40,13:35:53,    13, 29.80, 43.20,-13.40
  12706642,  7051, 3,13:34:47,13:36:58,   131, 46.20, 26.90, 19.30
         0,     0, 3,13:37:06,13:37:22,    16, 26.90, 26.80,  0.10
  12706707,     0, 8,13:40:02,13:40:12,    10, 40.10, 38.70,  1.40
         0,     0, 8,13:40:20,13:40:22,     2, 38.70, 41.20, -2.50
  12706613,  7022, 4,13:43:44,13:43:51,     7, 43.40, 43.70, -0.30
  11954042,  4072, 2,13:43:56,13:44:18,    22, 43.90, 43.80,  0.10
  11954042,  4072, 2,13:44:32,13:45:01,    29, 43.80, 43.80,  0.00
  11954042,  4072, 2,13:45:11,13:45:30,    19, 43.80, 43.50,  0.30
  11954042,  4072, 2,13:45:40,13:47:20,   100, 43.50, 23.90, 19.60
         0,     0, 2,13:47:28,13:47:47,    19, 23.90, 44.00,-20.10
  12706628,  7037, 1,13:50:45,13:51:09,    24, 41.30, 41.30,  0.00
  12448398,  6011, 2,13:52:31,13:53:17,    46, 44.00, 44.00,  0.00
  11724217,  3117, 4,13:55:05,13:55:18,    13, 43.70, 42.10,  1.60
  12448398,  6011, 1,13:53:24,13:55:27,   123, 41.30, 22.00, 19.30
  12706737,  7146, 4,13:55:28,13:55:36,     8, 42.20, 41.90,  0.30
         0,     0, 4,13:55:43,13:55:44,     1, 41.90, 43.10, -1.20
         0,     0, 1,13:55:35,13:55:53,    18, 22.00, 41.30,-19.30
  11724217,  3117, 3,13:55:21,13:56:31,    70, 46.20, 30.90, 15.30
         0,     0, 3,13:56:39,13:56:51,    12, 30.90, 30.80,  0.10
  12706737,  7146, 4,13:55:55,13:57:25,    90, 43.40, 39.60,  3.80
         0,     0, 4,13:57:34,13:57:37,     3, 39.60, 43.20, -3.60
  12200081,  5135, 4,13:57:47,13:59:55,   128, 43.30, 21.40, 21.90
         0,     0, 4,14:00:03,14:00:24,    21, 21.40, 43.30,-21.90
  12448472,     0, 7,14:01:35,14:02:29,    54, 40.90, 37.30,  3.60
         0,     0, 7,14:02:37,14:02:41,     4, 37.30, 41.10, -3.80
  12706630,  7039, 2,14:00:42,14:02:56,   134, 43.90, 28.40, 15.50
  12448472,     0, 7,14:03:03,14:03:05,     2, 40.30, 40.20,  0.10
         0,     0, 2,14:03:05,14:03:20,    15, 28.40, 44.10,-15.70
  12706601,  7010, 3,14:00:47,14:03:20,   153, 46.20, 32.70, 13.50
         0,     0, 3,14:03:28,14:03:39,    11, 32.70, 32.50,  0.20
  12448472,     0, 8,14:03:37,14:03:50,    13, 40.20, 39.80,  0.40
         0,     0, 8,14:03:57,14:03:57,     0, 39.80, 41.10, -1.30
  12706609,  7018, 1,14:07:33,14:07:50,    17, 41.30, 38.10,  3.20
         0,     0, 1,14:07:58,14:08:00,     2, 38.10, 41.30, -3.20
  12706609,  7018, 1,14:08:10,14:09:10,    60, 41.40, 28.90, 12.50
         0,     0, 1,14:09:18,14:09:29,    11, 28.90, 41.30,-12.40
  12706737,  7146, 3,14:10:27,14:11:24,    57, 46.10, 42.70,  3.40
         0,     0, 3,14:11:32,14:11:34,     2, 42.70, 46.20, -3.50
  12706610,  7019, 2,14:10:52,14:12:10,    78, 44.10, 36.30,  7.80
         0,     0, 2,14:12:17,14:12:24,     7, 36.30, 44.10, -7.80
  12706610,  7019, 2,14:12:40,14:12:49,     9, 44.20, 44.10,  0.10
  12706737,  7146, 3,14:11:44,14:13:18,    94, 46.50, 36.70,  9.80
         0,     0, 3,14:13:26,14:13:33,     7, 36.70, 36.50,  0.20
  13008842,     0, 7,14:15:52,14:15:59,     7, 40.20, 40.20,  0.00
  13008842,     0, 8,14:27:15,14:27:28,    13, 41.00, 41.00,  0.00
  12706707,     0, 8,14:27:39,14:27:40,     1, 41.00, 41.00,  0.00
  13008842,     0, 7,14:27:32,14:27:46,    14, 40.20, 39.00,  1.20
         0,     0, 7,14:27:53,14:27:55,     2, 39.00, 41.20, -2.20
  12448417,  6030, 4,14:25:44,14:28:12,   148, 44.00, 22.10, 21.90
         0,     0, 4,14:28:20,14:28:40,    20, 22.10, 43.30,-21.20
  12706656,  7065, 4,14:32:33,14:33:07,    34, 43.40, 42.20,  1.20
  13008842,     0, 8,14:33:48,14:33:52,     4, 40.90, 40.90,  0.00
  13008842,     0, 7,14:34:09,14:34:19,    10, 41.20, 39.00,  2.20
         0,     0, 7,14:34:27,14:34:29,     2, 39.00, 41.10, -2.10
  13008842,     0, 8,14:34:48,14:35:00,    12, 40.90, 37.60,  3.30
         0,     0, 8,14:35:07,14:35:10,     3, 37.60, 41.20, -3.60
  12706656,  7065, 4,14:33:18,14:35:17,   119, 42.20, 29.80, 12.40
         0,     0, 4,14:35:25,14:35:38,    13, 29.80, 43.10,-13.30
  12706707,     0, 8,14:37:53,14:38:02,     9, 41.20, 40.20,  1.00
  12448392,  6005, 3,14:35:47,14:38:11,   144, 46.20, 20.20, 26.00
         0,     0, 3,14:38:19,14:38:41,    22, 20.20, 20.20,  0.00
  12706707,     0, 8,14:38:29,14:38:47,    18, 40.20, 36.80,  3.40
         0,     0, 8,14:38:54,14:38:58,     4, 36.80, 41.20, -4.40
  12706707,     0, 7,14:39:11,14:39:21,    10, 41.20, 40.40,  0.80
  12448392,  6005, 2,14:42:18,14:43:33,    75, 44.10, 30.80, 13.30
         0,     0, 2,14:43:41,14:43:53,    12, 30.80, 44.10,-13.30
  12706620,  7029, 2,14:44:22,14:44:37,    15, 44.00, 44.00,  0.00
  11499117,  2007, 4,14:43:18,14:45:11,   113, 43.30, 26.90, 16.40
         0,     0, 4,14:45:20,14:45:36,    16, 26.90, 43.20,-16.30
  13008842,     0, 7,14:45:54,14:46:09,    15, 40.40, 38.70,  1.70
         0,     0, 7,14:46:17,14:46:19,     2, 38.70, 41.10, -2.40
  12706620,  7029, 1,14:45:03,14:47:10,   127, 41.30, 22.90, 18.40
         0,     0, 1,14:47:17,14:47:34,    17, 22.90, 41.30,-18.40
  12200083,  5137, 2,14:45:10,14:47:46,   156, 44.00, 31.60, 12.40
         0,     0, 2,14:47:53,14:48:04,    11, 31.60, 44.10,-12.50
  11499231,     0, 8,14:57:49,15:00:50,   181, 41.20, 25.70, 15.50
         0,     0, 8,15:00:59,15:01:15,    16, 25.70, 41.20,-15.50
  11724205,     0, 7,15:12:36,15:16:36,   240, 41.00, 32.40,  8.60
         0,     0, 7,15:16:44,15:16:56,    12, 32.40, 41.10, -8.70
  11724172,     0, 8,15:39:38,15:39:46,     8, 41.10, 41.10,  0.00
  12448482,     0, 7,15:41:00,15:41:58,    58, 41.00, 40.80,  0.20
  12448482,     0, 7,15:42:19,15:45:09,   170, 40.30, 28.40, 11.90
         0,     0, 7,15:45:17,15:45:34,    17, 28.40, 41.00,-12.60
  11499184,  2074, 2,15:54:03,15:54:22,    19, 44.00, 36.40,  7.60
         0,     0, 2,15:54:29,15:54:36,     7, 36.40, 44.00, -7.60
  11499184,  2074, 2,15:54:46,15:55:29,    43, 44.00, 23.80, 20.20
         0,     0, 2,15:55:37,15:55:56,    19, 23.80, 44.10,-20.30
  11499184,  2074, 2,15:56:06,15:56:27,    21, 44.00, 35.80,  8.20
         0,     0, 2,15:56:36,15:56:43,     7, 35.80, 44.10, -8.30
  12200079,  5133, 4,15:57:26,15:58:02,    36, 43.60, 30.80, 12.80
         0,     0, 4,15:58:11,15:58:23,    12, 30.80, 43.90,-13.10
  12200079,  5133, 4,15:58:33,15:58:59,    26, 43.80, 33.50, 10.30
         0,     0, 4,15:59:07,15:59:16,     9, 33.50, 43.20, -9.70
  21268732,  6126, 3,16:02:04,16:03:32,    88, 46.20, 38.30,  7.90
         0,     0, 3,16:03:39,16:03:45,     6, 38.30, 46.20, -7.90
  12448434,  6047, 4,16:03:35,16:04:49,    74, 43.40, 31.90, 11.50
         0,     0, 4,16:04:56,16:05:07,    11, 31.90, 43.20,-11.30
  12448434,  6047, 4,16:05:45,16:05:54,     9, 44.00, 42.40,  1.60
  12706609,  7018, 4,16:06:29,16:06:35,     6, 42.50, 42.40,  0.10
  12448420,  6033, 3,16:06:06,16:06:48,    42, 46.20, 44.70,  1.50
  12706618,  7027, 1,16:10:02,16:10:14,    12, 41.40, 39.90,  1.50
         0,     0, 1,16:10:23,16:10:23,     0, 39.90, 41.00, -1.10
  12448518,  6131, 4,16:09:46,16:11:05,    79, 42.30, 23.40, 18.90
  12706613,  7022, 2,16:10:35,16:11:26,    51, 44.10, 36.10,  8.00
         0,     0, 4,16:11:12,16:11:31,    19, 23.40, 43.10,-19.70
         0,     0, 2,16:11:33,16:11:40,     7, 36.10, 44.00, -7.90
  12448420,  6033, 3,16:11:50,16:13:04,    74, 44.80, 39.10,  5.70
         0,     0, 3,16:13:13,16:13:18,     5, 39.10, 39.00,  0.10
  12448420,  6033, 4,16:13:10,16:13:15,     5, 43.40, 43.70, -0.30
  13008774,  8015, 1,16:12:33,16:13:22,    49, 41.00, 35.00,  6.00
         0,     0, 1,16:13:29,16:13:34,     5, 35.00, 41.20, -6.20
  12706613,  7022, 2,16:15:12,16:15:41,    29, 44.10, 40.20,  3.90
         0,     0, 2,16:15:48,16:15:51,     3, 40.20, 44.00, -3.80
  12448521,  6134, 1,16:16:00,16:17:19,    79, 41.30, 30.60, 10.70
         0,     0, 1,16:17:26,16:17:36,    10, 30.60, 41.20,-10.60
  13008748,  7169, 4,16:14:27,16:18:54,   267, 43.70, 35.10,  8.60
  12200091,  5145, 2,16:18:04,16:18:59,    55, 44.00, 25.50, 18.50
         0,     0, 4,16:19:01,16:19:09,     8, 35.10, 43.30, -8.20
         0,     0, 2,16:19:07,16:19:25,    18, 25.50, 44.10,-18.60
  12706614,  7023, 1,16:19:34,16:19:43,     9, 41.20, 41.20,  0.00
  12706624,  7033, 1,16:19:58,16:20:20,    22, 41.20, 41.20,  0.00
  12706624,  7033, 2,16:20:24,16:20:33,     9, 44.10, 44.10,  0.00
  12706609,  7018, 4,16:20:31,16:21:16,    45, 43.40, 36.80,  6.60
         0,     0, 4,16:21:23,16:21:29,     6, 36.80, 43.20, -6.40
  12706621,  7030, 1,16:20:42,16:22:03,    81, 41.20, 25.30, 15.90
  12706624,  7033, 2,16:21:15,16:22:06,    51, 44.10, 42.70,  1.40
         0,     0, 1,16:22:11,16:22:26,    15, 25.30, 41.30,-16.00
  12706624,  7033, 2,16:22:19,16:23:43,    84, 42.70, 23.90, 18.80
  12448451,     0, 8,16:23:35,16:23:46,    11, 41.00, 40.90,  0.10
  12448408,  6021, 3,16:23:02,16:24:04,    62, 46.10, 29.00, 17.10
  12448451,     0, 7,16:23:51,16:24:04,    13, 41.00, 41.00,  0.00
         0,     0, 2,16:23:51,16:24:11,    20, 23.90, 44.10,-20.20
  12448451,     0, 7,16:24:17,16:24:21,     4, 40.90, 40.90,  0.00
         0,     0, 3,16:24:12,16:24:26,    14, 29.00, 28.80,  0.20
  11724167,  3067, 4,16:24:53,16:25:03,    10, 43.20, 41.30,  1.90
  12706614,  7023, 3,16:24:59,16:25:07,     8, 46.40, 46.10,  0.30
         0,     0, 4,16:25:11,16:25:12,     1, 41.30, 43.50, -2.20
  12448420,  6033, 4,16:25:22,16:26:02,    40, 43.50, 39.60,  3.90
         0,     0, 4,16:26:10,16:26:13,     3, 39.60, 43.20, -3.60
  12448415,  6028, 2,16:24:40,16:26:23,   103, 44.10, 33.00, 11.10
  12706634,  7043, 1,16:25:07,16:26:25,    78, 41.30, 32.80,  8.50
  11724167,  3067, 3,16:25:26,16:26:30,    64, 46.20, 22.50, 23.70
         0,     0, 1,16:26:33,16:26:41,     8, 32.80, 41.20, -8.40
         0,     0, 2,16:26:30,16:26:41,    11, 33.00, 43.90,-10.90
         0,     0, 3,16:26:37,16:26:57,    20, 22.50, 22.30,  0.20
  12448420,  6033, 4,16:26:23,16:27:13,    50, 43.20, 38.50,  4.70
         0,     0, 4,16:27:21,16:27:25,     4, 38.50, 43.20, -4.70
  12448415,  6028, 2,16:26:51,16:27:33,    42, 44.00, 37.40,  6.60
         0,     0, 2,16:27:41,16:27:46,     5, 37.40, 44.10, -6.70
  12200085,  5139, 1,16:26:55,16:29:17,   142, 41.20, 17.80, 23.40
         0,     0, 1,16:29:24,16:29:46,    22, 17.80, 41.20,-23.40
  12706614,  7023, 4,16:29:16,16:30:12,    56, 43.20, 43.00,  0.20
  12706737,  7146, 2,16:28:01,16:30:15,   134, 44.10, 38.70,  5.40
         0,     0, 2,16:30:24,16:30:28,     4, 38.70, 44.10, -5.40
  12706614,  7023, 3,16:30:21,16:30:37,    16, 46.30, 45.20,  1.10
  12200086,  5140, 4,16:30:21,16:31:27,    66, 43.50, 34.70,  8.80
         0,     0, 4,16:31:35,16:31:43,     8, 34.70, 43.20, -8.50
  12706601,  7010, 1,16:29:56,16:32:37,   161, 41.20, 24.10, 17.10
  12706614,  7023, 2,16:31:35,16:32:46,    71, 44.10, 24.30, 19.80
         0,     0, 1,16:32:46,16:33:03,    17, 24.10, 41.30,-17.20
         0,     0, 2,16:32:54,16:33:14,    20, 24.30, 44.10,-19.80
  12448391,  6004, 3,16:30:46,16:33:49,   183, 45.10, 22.00, 23.10
  13008774,  8015, 1,16:33:15,16:34:06,    51, 41.30, 38.10,  3.20
         0,     0, 1,16:34:13,16:34:15,     2, 38.10, 41.10, -3.00
         0,     0, 3,16:33:57,16:34:17,    20, 22.00, 21.90,  0.10
  12199951,  5005, 4,16:31:53,16:34:43,   170, 43.20, 24.00, 19.20
         0,     0, 4,16:34:51,16:35:09,    18, 24.00, 43.30,-19.30
  12448437,  6050, 2,16:34:12,16:35:21,    69, 44.10, 42.20,  1.90
  12706613,  7022, 1,16:34:28,16:35:27,    59, 41.10, 35.60,  5.50
  13008738,  7159, 3,16:34:42,16:35:36,    54, 46.30, 45.00,  1.30
         0,     0, 1,16:35:35,16:35:40,     5, 35.60, 41.30, -5.70
  13008774,  8015, 2,16:35:31,16:35:47,    16, 42.30, 42.20,  0.10
  12706705,     0, 8,16:34:10,16:36:40,   150, 40.70, 32.30,  8.40
         0,     0, 8,16:36:48,16:36:57,     9, 32.30, 41.10, -8.80
  12706705,     0, 8,16:37:10,16:37:12,     2, 40.20, 40.20,  0.00
  13008774,  8015, 1,16:36:17,16:37:15,    58, 41.30, 36.60,  4.70
         0,     0, 1,16:37:23,16:37:27,     4, 36.60, 41.20, -4.60
  12448516,  6129, 4,16:36:06,16:37:27,    81, 43.60, 26.70, 16.90
  13008738,  7159, 3,16:35:49,16:37:31,   102, 45.00, 30.20, 14.80
         0,     0, 4,16:37:35,16:37:51,    16, 26.70, 43.20,-16.50
         0,     0, 3,16:37:39,16:37:52,    13, 30.20, 30.10,  0.10
  12448437,  6050, 2,16:36:18,16:37:57,    99, 42.20, 37.10,  5.10
         0,     0, 2,16:38:04,16:38:10,     6, 37.10, 44.00, -6.90
  12448516,  6129, 3,16:38:25,16:38:30,     5, 46.40, 46.20,  0.20
  12448517,  6130, 2,16:38:21,16:38:44,    23, 44.00, 43.40,  0.60
  13008774,  8015, 1,16:38:57,16:39:44,    47, 41.20, 37.80,  3.40
         0,     0, 1,16:39:51,16:39:53,     2, 37.80, 41.20, -3.40
  11499117,  2007, 4,16:39:44,16:40:41,    57, 43.50, 34.50,  9.00
  12448517,  6130, 2,16:38:57,16:40:44,   107, 43.40, 25.90, 17.50
         0,     0, 4,16:40:48,16:40:56,     8, 34.50, 43.10, -8.60
         0,     0, 2,16:40:51,16:41:09,    18, 25.90, 44.10,-18.20
  12448517,  6130, 1,16:41:04,16:42:23,    79, 41.30, 32.90,  8.40
         0,     0, 1,16:42:31,16:42:38,     7, 32.90, 41.30, -8.40
  12448518,  6131, 2,16:44:08,16:45:22,    74, 44.10, 32.90, 11.20
         0,     0, 2,16:45:29,16:45:39,    10, 32.90, 44.10,-11.20
  12706609,  7018, 3,16:46:13,16:46:56,    43, 46.10, 36.50,  9.60
         0,     0, 3,16:47:04,16:47:11,     7, 36.50, 36.40,  0.10
  12200083,  5137, 1,16:48:00,16:48:44,    44, 41.30, 32.50,  8.80
         0,     0, 1,16:48:51,16:48:59,     8, 32.50, 41.30, -8.80
  12448521,  6134, 1,16:49:50,16:50:50,    60, 41.30, 27.50, 13.80
         0,     0, 1,16:50:57,16:51:10,    13, 27.50, 41.30,-13.80
  12448398,  6011, 1,16:52:27,16:54:07,   100, 41.30, 20.90, 20.40
         0,     0, 1,16:54:14,16:54:34,    20, 20.90, 41.30,-20.40
  13008748,  7169, 4,16:55:07,16:57:34,   147, 43.40, 39.20,  4.20
         0,     0, 4,16:57:42,16:57:46,     4, 39.20, 43.20, -4.00
  12706613,  7022, 2,16:57:34,16:58:06,    32, 44.10, 39.20,  4.90
         0,     0, 2,16:58:13,16:58:17,     4, 39.20, 44.00, -4.80
  13008748,  7169, 4,16:57:56,16:59:27,    91, 43.20, 40.60,  2.60
         0,     0, 4,16:59:35,16:59:37,     2, 40.60, 43.20, -2.60
  12448408,  6021, 3,16:59:33,17:01:06,    93, 46.20, 25.80, 20.40
         0,     0, 3,17:01:13,17:01:30,    17, 25.80, 25.70,  0.10
  12706628,  7037, 4,16:59:47,17:01:32,   105, 43.30, 27.90, 15.40
         0,     0, 4,17:01:41,17:01:56,    15, 27.90, 27.90,  0.00
  12706610,  7019, 2,17:01:47,17:02:55,    68, 44.00, 26.10, 17.90
         0,     0, 2,17:03:02,17:03:20,    18, 26.10, 44.10,-18.00
  12448437,  6050, 3,17:01:57,17:04:00,   123, 46.20, 33.20, 13.00
         0,     0, 3,17:04:08,17:04:18,    10, 33.20, 34.30, -1.10
  12706620,  7029, 2,17:04:57,17:05:26,    29, 44.10, 41.20,  2.90
         0,     0, 2,17:05:33,17:05:34,     1, 41.20, 44.10, -2.90
  12706630,  7039, 1,17:04:44,17:06:05,    81, 41.30, 28.20, 13.10
         0,     0, 1,17:06:12,17:06:24,    12, 28.20, 41.30,-13.10
  12706613,  7022, 2,17:06:46,17:07:15,    29, 44.10, 40.50,  3.60
         0,     0, 2,17:07:23,17:07:25,     2, 40.50, 44.00, -3.50
  12706620,  7029, 1,17:06:45,17:09:05,   140, 41.20, 36.70,  4.50
         0,     0, 1,17:09:12,17:09:16,     4, 36.70, 41.20, -4.50
  12706642,  7051, 2,17:09:36,17:10:37,    61, 44.00, 35.20,  8.80
         0,     0, 2,17:10:44,17:10:52,     8, 35.20, 44.00, -8.80
  12706642,  7051, 1,17:10:51,17:11:16,    25, 41.30, 36.20,  5.10
         0,     0, 1,17:11:24,17:11:28,     4, 36.20, 41.30, -5.10
  12200083,  5137, 2,17:11:45,17:12:32,    47, 44.00, 35.30,  8.70
  12199951,  5005, 4,17:10:15,17:12:34,   139, 43.40, 33.50,  9.90
         0,     0, 2,17:12:39,17:12:47,     8, 35.30, 44.00, -8.70
         0,     0, 4,17:12:42,17:12:51,     9, 33.50, 43.20, -9.70
  12448516,  6129, 3,17:14:54,17:16:01,    67, 46.00, 34.50, 11.50
         0,     0, 3,17:16:09,17:16:18,     9, 34.50, 34.50,  0.00
  11499117,  2007, 4,17:15:30,17:16:24,    54, 43.30, 34.20,  9.10
         0,     0, 4,17:16:32,17:16:40,     8, 34.20, 43.20, -9.00
  11724217,  3117, 4,17:17:35,17:18:43,    68, 43.20, 26.70, 16.50
         0,     0, 4,17:18:50,17:19:06,    16, 26.70, 43.30,-16.60
  12448417,  6030, 4,17:19:56,17:21:22,    86, 43.40, 28.20, 15.20
         0,     0, 4,17:21:29,17:21:43,    14, 28.20, 43.10,-14.90
  12706621,  7030, 2,17:21:18,17:22:20,    62, 44.00, 32.30, 11.70
         0,     0, 2,17:22:29,17:22:40,    11, 32.30, 44.10,-11.80
  12706707,     0, 7,17:23:22,17:23:32,    10, 41.00, 40.20,  0.80
  12706628,  7037, 1,17:22:34,17:23:52,    78, 41.30, 34.10,  7.20
  12706707,     0, 7,17:23:48,17:24:00,    12, 40.20, 39.30,  0.90
         0,     0, 1,17:24:00,17:24:06,     6, 34.10, 41.20, -7.10
  12706628,  7037, 2,17:23:57,17:24:04,     7, 44.10, 43.60,  0.50
         0,     0, 7,17:24:08,17:24:10,     2, 39.30, 41.20, -1.90
  12448426,  6039, 3,17:23:43,17:24:40,    57, 46.00, 31.10, 14.90
         0,     0, 3,17:24:47,17:24:59,    12, 31.10, 30.90,  0.20
  13008748,  7169, 4,17:25:19,17:27:18,   119, 43.40, 41.40,  2.00
         0,     0, 4,17:27:25,17:27:26,     1, 41.40, 43.10, -1.70
  11724172,     0, 7,17:27:35,17:27:42,     7, 41.20, 41.20,  0.00
  13008748,  7169, 3,17:27:35,17:27:47,    12, 46.20, 45.00,  1.20
  12706634,  7043, 1,17:25:43,17:28:02,   139, 41.20, 19.80, 21.40
  12448415,  6028, 2,17:25:12,17:28:07,   175, 43.60, 32.70, 10.90
         0,     0, 2,17:28:15,17:28:26,    11, 32.70, 44.10,-11.40
         0,     0, 1,17:28:10,17:28:31,    21, 19.80, 41.30,-21.50
  12448482,     0, 7,17:28:19,17:28:29,    10, 41.10, 41.20, -0.10
  12448482,     0, 7,17:28:53,17:30:19,    86, 41.10, 40.90,  0.20
  11724172,     0, 8,17:30:24,17:30:43,    19, 36.90, 36.10,  0.80
         0,     0, 8,17:30:50,17:30:55,     5, 36.10, 41.20, -5.10
  12448482,     0, 8,17:31:05,17:31:37,    32, 41.10, 38.80,  2.30
         0,     0, 8,17:31:45,17:31:47,     2, 38.80, 41.10, -2.30
  12448482,     0, 8,17:32:01,17:32:44,    43, 41.10, 38.10,  3.00
         0,     0, 8,17:32:52,17:32:55,     3, 38.10, 41.20, -3.10
  12448472,     0, 8,17:33:06,17:34:14,    68, 41.20, 40.20,  1.00
  11953971,  4001, 2,17:33:15,17:34:16,    61, 44.10, 43.80,  0.30
  11953971,  4001, 2,17:34:33,17:36:10,    97, 43.80, 21.50, 22.30
         0,     0, 2,17:36:19,17:36:41,    22, 21.50, 44.10,-22.60
  11954042,  4072, 1,17:35:05,17:36:49,   104, 41.30, 24.10, 17.20
         0,     0, 1,17:36:57,17:37:13,    16, 24.10, 41.30,-17.20
  12706707,     0, 7,17:40:25,17:41:21,    56, 40.90, 39.40,  1.50
         0,     0, 7,17:41:28,17:41:30,     2, 39.40, 41.20, -1.80
  12706642,  7051, 2,17:40:51,17:41:31,    40, 44.00, 39.30,  4.70
         0,     0, 2,17:41:39,17:41:42,     3, 39.30, 44.00, -4.70
  12448408,  6021, 2,17:41:53,17:41:57,     4, 44.00, 44.00,  0.00
  12448408,  6021, 2,17:42:08,17:42:51,    43, 44.00, 31.70, 12.30
         0,     0, 2,17:42:59,17:43:10,    11, 31.70, 44.10,-12.40
  12448437,  6050, 1,17:43:51,17:45:30,    99, 41.30, 34.60,  6.70
         0,     0, 1,17:45:38,17:45:44,     6, 34.60, 41.30, -6.70
  11724167,  3067, 2,17:44:37,17:45:46,    69, 44.10, 24.60, 19.50
         0,     0, 2,17:45:54,17:46:13,    19, 24.60, 44.10,-19.50
  11724217,  3117, 3,17:45:52,17:47:01,    69, 45.20, 27.60, 17.60
         0,     0, 3,17:47:09,17:47:24,    15, 27.60, 27.50,  0.10
  12448472,     0, 8,17:46:27,17:48:17,   110, 40.20, 30.00, 10.20
         0,     0, 8,17:48:24,17:48:35,    11, 30.00, 41.20,-11.20
  11724205,     0, 7,17:43:25,17:50:24,   419, 41.20, 40.10,  1.10
  12706700,     0, 8,17:50:10,17:50:24,    14, 41.30, 40.50,  0.80
  12448426,  6039, 4,17:50:19,17:50:54,    35, 43.10, 33.10, 10.00
         0,     0, 4,17:51:02,17:51:12,    10, 33.10, 43.40,-10.30
  12200081,  5135, 2,17:50:16,17:51:11,    55, 44.10, 34.00, 10.10
         0,     0, 2,17:51:18,17:51:27,     9, 34.00, 44.10,-10.10
  12200081,  5135, 1,17:51:29,17:51:34,     5, 41.30, 41.30,  0.00
  12706700,     0, 7,17:51:17,17:51:40,    23, 40.10, 40.10,  0.00
  12706700,     0, 8,17:51:51,17:52:05,    14, 40.50, 40.50,  0.00
  12706700,     0, 7,17:52:15,17:53:12,    57, 40.10, 36.30,  3.80
         0,     0, 7,17:53:19,17:53:25,     6, 36.30, 40.70, -4.40
  12706700,     0, 7,17:53:35,17:53:39,     4, 40.10, 39.80,  0.30
         0,     0, 7,17:53:48,17:53:49,     1, 39.80, 41.00, -1.20
  12706707,     0, 7,17:58:03,17:58:06,     3, 41.10, 41.10,  0.00
  12706628,  7037, 1,18:00:48,18:04:25,   217, 41.30, 31.40,  9.90
         0,     0, 1,18:04:33,18:04:42,     9, 31.40, 41.30, -9.90
  12448417,  6030, 1,18:09:07,18:10:23,    76, 41.30, 25.60, 15.70
         0,     0, 1,18:10:31,18:10:46,    15, 25.60, 41.30,-15.70
  12706737,  7146, 2,18:10:32,18:12:17,   105, 44.10, 31.30, 12.80
  12706614,  7023, 1,18:12:26,18:12:28,     2, 41.40, 41.40,  0.00
         0,     0, 2,18:12:26,18:12:38,    12, 31.30, 44.10,-12.80
  12448451,     0, 7,18:12:20,18:15:04,   164, 41.10, 29.50, 11.60
         0,     0, 7,18:15:12,18:15:27,    15, 29.50, 41.10,-11.60
  12706624,  7033, 4,18:16:02,18:16:09,     7, 43.30, 43.40, -0.10
  12706624,  7033, 4,18:16:27,18:16:34,     7, 43.40, 43.40,  0.00
  12706615,  7024, 2,18:15:52,18:17:14,    82, 44.10, 35.00,  9.10
         0,     0, 2,18:17:23,18:17:31,     8, 35.00, 44.10, -9.10
  12448521,  6134, 4,18:16:45,18:17:39,    54, 43.40, 31.10, 12.30
         0,     0, 4,18:17:48,18:17:59,    11, 31.10, 43.20,-12.10
  12706615,  7024, 1,18:17:18,18:18:03,    45, 41.40, 30.40, 11.00
  11953971,  4001, 2,18:17:51,18:18:07,    16, 44.10, 44.00,  0.10
         0,     0, 1,18:18:11,18:18:21,    10, 30.40, 41.30,-10.90
  11724205,     0, 7,18:15:47,18:18:25,   158, 41.10, 34.80,  6.30
         0,     0, 7,18:18:33,18:18:41,     8, 34.80, 41.10, -6.30
  11953971,  4001, 2,18:18:17,18:19:40,    83, 44.00, 29.30, 14.70
  12706624,  7033, 1,18:18:31,18:19:58,    87, 41.30, 33.60,  7.70
         0,     0, 2,18:19:49,18:20:03,    14, 29.30, 44.10,-14.80
         0,     0, 1,18:20:06,18:20:13,     7, 33.60, 41.20, -7.60
  11953971,  4001, 1,18:20:25,18:20:32,     7, 41.20, 41.20,  0.00
  12448434,  6047, 3,18:21:24,18:22:40,    76, 46.30, 34.00, 12.30
  12706614,  7023, 4,18:21:23,18:22:46,    83, 43.40, 31.50, 11.90
         0,     0, 3,18:22:49,18:22:59,    10, 34.00, 46.00,-12.00
         0,     0, 4,18:22:54,18:23:05,    11, 31.50, 43.30,-11.80
  12448415,  6028, 2,18:23:36,18:25:25,   109, 44.10, 32.70, 11.40
         0,     0, 2,18:25:33,18:25:43,    10, 32.70, 44.30,-11.60
  12706618,  7027, 2,18:26:13,18:26:20,     7, 44.30, 44.30,  0.00
  12706618,  7027, 1,18:26:37,18:28:03,    86, 41.20, 23.60, 17.60
         0,     0, 1,18:28:12,18:28:28,    16, 23.60, 41.30,-17.70
  21268732,  6126, 1,18:28:38,18:30:31,   113, 41.30, 29.10, 12.20
  12448392,  6005, 2,18:28:15,18:30:42,   147, 44.30, 23.20, 21.10
         0,     0, 1,18:30:39,18:30:50,    11, 29.10, 41.40,-12.30
         0,     0, 2,18:30:51,18:31:10,    19, 23.20, 44.10,-20.90
  12706624,  7033, 1,18:31:33,18:32:31,    58, 41.40, 37.70,  3.70
         0,     0, 1,18:32:38,18:32:41,     3, 37.70, 41.20, -3.50
  13008738,  7159, 2,18:31:20,18:32:49,    89, 44.10, 41.90,  2.20
         0,     0, 2,18:32:58,18:32:58,     0, 41.90, 43.80, -1.90
  12200079,  5133, 2,18:33:08,18:34:56,   108, 43.80, 20.80, 23.00
         0,     0, 2,18:35:04,18:35:26,    22, 20.80, 44.10,-23.30
  11724167,  3067, 1,18:35:27,18:35:35,     8, 41.20, 41.20,  0.00
  11724167,  3067, 1,18:35:46,18:36:25,    39, 41.20, 29.70, 11.50
  11724217,  3117, 3,18:35:31,18:36:29,    58, 46.00, 30.80, 15.20
  21268732,  6126, 2,18:35:58,18:36:33,    35, 44.10, 40.70,  3.40
         0,     0, 2,18:36:41,18:36:43,     2, 40.70, 44.10, -3.40
         0,     0, 1,18:36:33,18:36:44,    11, 29.70, 41.20,-11.50
         0,     0, 3,18:36:37,18:36:50,    13, 30.80, 30.60,  0.20
  13008738,  7159, 4,18:38:22,18:40:16,   114, 43.80, 30.10, 13.70
         0,     0, 4,18:40:24,18:40:36,    12, 30.10, 43.20,-13.10
  12706727,     0, 8,18:40:52,18:40:56,     4, 40.30, 40.30,  0.00
  12706727,     0, 8,18:41:09,18:41:18,     9, 40.30, 40.30,  0.00
  12706727,     0, 7,18:41:34,18:41:43,     9, 41.10, 41.00,  0.10
  12706700,     0, 7,18:45:38,18:46:21,    43, 40.90, 35.10,  5.80
         0,     0, 7,18:46:28,18:46:35,     7, 35.10, 41.10, -6.00
  12706737,  7146, 2,18:48:23,18:49:10,    47, 44.00, 38.90,  5.10
         0,     0, 2,18:49:19,18:49:23,     4, 38.90, 44.00, -5.10
  12706613,  7022, 2,18:49:33,18:50:32,    59, 44.10, 32.60, 11.50
         0,     0, 2,18:50:41,18:50:51,    10, 32.60, 44.10,-11.50
  12199951,  5005, 1,18:49:06,18:50:59,   113, 41.20, 34.40,  6.80
         0,     0, 1,18:51:06,18:51:12,     6, 34.40, 41.20, -6.80
  12706613,  7022, 2,18:51:01,18:51:31,    30, 44.10, 40.10,  4.00
         0,     0, 2,18:51:40,18:51:42,     2, 40.10, 44.10, -4.00
  12448517,  6130, 2,18:53:16,18:53:27,    11, 44.10, 43.70,  0.40
  12448517,  6130, 1,18:53:41,18:53:57,    16, 41.30, 41.30,  0.00
  12448517,  6130, 2,18:54:02,18:54:22,    20, 43.70, 42.50,  1.20
  12706609,  7018, 3,18:54:35,18:55:10,    35, 46.20, 37.90,  8.30
         0,     0, 3,18:55:19,18:55:25,     6, 37.90, 37.80,  0.10
  12448472,     0, 8,18:54:49,18:55:34,    45, 40.20, 39.80,  0.40
         0,     0, 8,18:55:43,18:55:43,     0, 39.80, 41.10, -1.30
  12448517,  6130, 2,18:55:01,18:56:06,    65, 42.50, 40.50,  2.00
         0,     0, 2,18:56:13,18:56:15,     2, 40.50, 44.10, -3.60
  12448472,     0, 8,18:56:18,18:56:48,    30, 40.50, 40.50,  0.00
  12200086,  5140, 4,18:56:59,18:57:47,    48, 43.50, 36.10,  7.40
  12448517,  6130, 1,18:57:01,18:57:57,    56, 41.30, 39.90,  1.40
         0,     0, 4,18:57:54,18:58:00,     6, 36.10, 43.30, -7.20
         0,     0, 1,18:58:04,18:58:04,     0, 39.90, 41.00, -1.10
  13008906,     0, 7,18:58:21,18:58:22,     1, 41.10, 41.10,  0.00
  21268732,  6126, 4,18:58:42,19:00:00,    78, 43.20, 38.70,  4.50
         0,     0, 4,19:00:08,19:00:12,     4, 38.70, 43.20, -4.50
  12200079,  5133, 2,19:05:08,19:06:04,    56, 44.10, 35.00,  9.10
         0,     0, 2,19:06:12,19:06:20,     8, 35.00, 44.10, -9.10
  13008842,     0, 8,19:07:28,19:07:33,     5, 40.50, 39.30,  1.20
         0,     0, 8,19:07:42,19:07:43,     1, 39.30, 41.20, -1.90
  12706630,  7039, 1,19:08:59,19:09:40,    41, 41.00, 34.30,  6.70
  12706727,     0, 7,19:09:34,19:09:46,    12, 40.20, 39.30,  0.90
         0,     0, 1,19:09:49,19:09:55,     6, 34.30, 41.20, -6.90
         0,     0, 7,19:09:55,19:09:57,     2, 39.30, 41.10, -1.80
  12706727,     0, 8,19:10:22,19:10:32,    10, 41.20, 39.40,  1.80
         0,     0, 8,19:10:40,19:10:41,     1, 39.40, 41.20, -1.80
  12706618,  7027, 1,19:10:07,19:10:50,    43, 41.20, 31.40,  9.80
         0,     0, 1,19:10:59,19:11:08,     9, 31.40, 41.30, -9.90
  12706737,  7146, 2,19:09:38,19:11:16,    98, 44.10, 37.00,  7.10
         0,     0, 2,19:11:24,19:11:30,     6, 37.00, 44.10, -7.10
  11954042,  4072, 1,19:11:18,19:11:51,    33, 41.30, 34.00,  7.30
         0,     0, 1,19:11:59,19:12:05,     6, 34.00, 41.20, -7.20
  12706610,  7019, 2,19:15:02,19:16:29,    87, 44.10, 25.10, 19.00
         0,     0, 2,19:16:37,19:16:55,    18, 25.10, 44.00,-18.90
  12200086,  5140, 4,19:18:39,19:19:24,    45, 43.20, 36.10,  7.10
  12706628,  7037, 2,19:19:02,19:19:31,    29, 44.00, 42.40,  1.60
         0,     0, 4,19:19:32,19:19:38,     6, 36.10, 43.20, -7.10
  12706634,  7043, 1,19:17:41,19:19:37,   116, 41.20, 26.80, 14.40
         0,     0, 1,19:19:45,19:19:58,    13, 26.80, 41.30,-14.50
  12706628,  7037, 2,19:19:42,19:20:37,    55, 42.50, 38.00,  4.50
  12706634,  7043, 1,19:20:37,19:20:42,     5, 41.30, 41.30,  0.00
         0,     0, 2,19:20:46,19:20:51,     5, 38.00, 44.10, -6.10
  12706614,  7023, 3,19:22:02,19:22:55,    53, 46.20, 32.90, 13.30
         0,     0, 3,19:23:03,19:23:14,    11, 32.90, 32.70,  0.20
  12448516,  6129, 3,19:24:01,19:24:31,    30, 46.20, 42.30,  3.90
         0,     0, 3,19:24:40,19:24:42,     2, 42.30, 46.30, -4.00
  12706656,  7065, 4,19:24:35,19:25:40,    65, 43.30, 28.70, 14.60
         0,     0, 4,19:25:48,19:26:02,    14, 28.70, 43.30,-14.60
  13008906,     0, 7,19:25:56,19:26:00,     4, 33.50, 33.50,  0.00
         0,     0, 7,19:26:09,19:26:19,    10, 33.50, 41.10, -7.60
  13008774,  8015, 2,19:25:05,19:26:30,    85, 44.10, 35.20,  8.90
         0,     0, 2,19:26:38,19:26:46,     8, 35.20, 44.20, -9.00
  13008774,  8015, 1,19:27:26,19:28:07,    41, 41.30, 38.80,  2.50
         0,     0, 1,19:28:15,19:28:16,     1, 38.80, 41.20, -2.40
  12200091,  5145, 2,19:30:13,19:30:22,     9, 44.10, 44.10,  0.00
  12706601,  7010, 4,19:28:32,19:30:27,   115, 43.70, 29.60, 14.10
         0,     0, 4,19:30:34,19:30:47,    13, 29.60, 43.40,-13.80
  12200091,  5145, 1,19:30:27,19:31:17,    50, 41.20, 27.80, 13.40
  11499231,     0, 8,19:30:43,19:31:33,    50, 41.20, 38.40,  2.80
         0,     0, 1,19:31:24,19:31:37,    13, 27.80, 41.30,-13.50
         0,     0, 8,19:31:41,19:31:43,     2, 38.40, 41.20, -2.80
  12448516,  6129, 4,19:31:13,19:32:06,    53, 43.50, 29.60, 13.90
         0,     0, 4,19:32:13,19:32:26,    13, 29.60, 43.30,-13.70
  12706630,  7039, 1,19:32:58,19:34:02,    64, 41.30, 29.90, 11.40
         0,     0, 1,19:34:10,19:34:21,    11, 29.90, 41.30,-11.40
  12448415,  6028, 4,19:33:39,19:35:10,    91, 43.50, 34.80,  8.70
         0,     0, 4,19:35:19,19:35:27,     8, 34.80, 43.00, -8.20
  12448434,  6047, 3,19:34:49,19:36:16,    87, 46.40, 38.50,  7.90
  12200079,  5133, 1,19:34:32,19:36:20,   108, 41.30, 31.30, 10.00
         0,     0, 3,19:36:24,19:36:29,     5, 38.50, 38.40,  0.10
         0,     0, 1,19:36:27,19:36:36,     9, 31.30, 41.30,-10.00
  13008842,     0, 7,19:36:34,19:36:38,     4, 41.10, 41.10,  0.00
  12448417,  6030, 4,19:37:38,19:38:32,    54, 43.00, 31.50, 11.50
         0,     0, 4,19:38:40,19:38:51,    11, 31.50, 43.20,-11.70
  12199951,  5005, 1,19:38:31,19:40:09,    98, 41.30, 34.60,  6.70
         0,     0, 1,19:40:17,19:40:23,     6, 34.60, 41.30, -6.70
  21268732,  6126, 4,19:39:01,19:41:07,   126, 43.30, 36.00,  7.30
  12200086,  5140, 3,19:41:02,19:41:14,    12, 46.20, 45.60,  0.60
         0,     0, 4,19:41:15,19:41:22,     7, 36.00, 43.20, -7.20
  12448521,  6134, 4,19:42:08,19:43:02,    54, 43.30, 36.50,  6.80
         0,     0, 4,19:43:10,19:43:16,     6, 36.50, 43.10, -6.60
  13008748,  7169, 4,19:43:30,19:44:01,    31, 43.50, 43.30,  0.20
  12448408,  6021, 4,19:44:10,19:45:50,   100, 43.40, 26.60, 16.80
         0,     0, 4,19:45:58,19:46:14,    16, 26.60, 43.50,-16.90
  12448517,  6130, 2,19:43:57,19:47:29,   212, 44.00, 30.70, 13.30
  12706700,     0, 7,19:47:36,19:47:38,     2, 41.10, 41.10,  0.00
         0,     0, 2,19:47:37,19:47:49,    12, 30.70, 44.10,-13.40
  12706737,  7146, 3,19:45:06,19:48:45,   219, 45.60, 39.50,  6.10
         0,     0, 3,19:48:54,19:48:59,     5, 39.50, 39.30,  0.20
  12200086,  5140, 4,19:46:24,19:49:05,   161, 43.50, 32.40, 11.10
         0,     0, 4,19:49:13,19:49:23,    10, 32.40, 32.40,  0.00
  12200083,  5137, 1,19:49:20,19:50:19,    59, 41.30, 28.60, 12.70
  12706621,  7030, 2,19:49:18,19:50:23,    65, 44.10, 23.70, 20.40
         0,     0, 1,19:50:27,19:50:39,    12, 28.60, 41.20,-12.60
         0,     0, 2,19:50:32,19:50:52,    20, 23.70, 44.10,-20.40
  12448518,  6131, 4,19:51:32,19:52:30,    58, 43.40, 32.40, 11.00
         0,     0, 4,19:52:39,19:52:49,    10, 32.40, 43.30,-10.90
  12706620,  7029, 1,19:52:25,19:53:51,    86, 41.20, 29.80, 11.40
         0,     0, 1,19:53:58,19:54:09,    11, 29.80, 41.30,-11.50
  12706642,  7051, 2,19:51:37,19:55:06,   209, 44.10, 25.20, 18.90
         0,     0, 2,19:55:13,19:55:31,    18, 25.20, 44.10,-18.90
  12706615,  7024, 3,19:54:27,19:56:11,   104, 46.20, 35.80, 10.40
         0,     0, 3,19:56:19,19:56:27,     8, 35.80, 35.60,  0.20
  12706705,     0, 8,19:55:42,19:57:09,    87, 41.10, 38.50,  2.60
         0,     0, 8,19:57:17,19:57:19,     2, 38.50, 41.30, -2.80
  12706620,  7029, 1,19:57:09,19:57:55,    46, 41.40, 34.20,  7.20
         0,     0, 1,19:58:02,19:58:08,     6, 34.20, 41.30, -7.10
  12706624,  7033, 2,19:58:45,20:00:39,   114, 44.10, 29.70, 14.40
  12706630,  7039, 1,19:59:43,20:00:40,    57, 41.30, 31.20, 10.10
         0,     0, 1,20:00:49,20:00:58,     9, 31.20, 41.30,-10.10
         0,     0, 2,20:00:47,20:01:01,    14, 29.70, 44.10,-14.40
  12200081,  5135, 4,20:00:10,20:01:48,    98, 43.50, 31.40, 12.10
         0,     0, 4,20:01:56,20:02:08,    12, 31.40, 43.30,-11.90
  12448420,  6033, 4,20:02:19,20:03:11,    52, 43.50, 35.30,  8.20
         0,     0, 4,20:03:19,20:03:26,     7, 35.30, 36.00, -0.70
  11499231,     0, 8,20:03:43,20:03:47,     4, 41.20, 41.30, -0.10
  12706656,  7065, 2,20:03:09,20:03:53,    44, 44.00, 36.50,  7.50
         0,     0, 2,20:04:00,20:04:06,     6, 36.50, 44.00, -7.50
  12448434,  6047, 4,20:04:28,20:04:38,    10, 43.00, 43.20, -0.20
  12200085,  5139, 3,20:05:42,20:06:57,    75, 46.10, 32.20, 13.90
         0,     0, 3,20:07:05,20:07:16,    11, 32.20, 32.10,  0.10
  12448391,  6004, 1,20:06:29,20:07:44,    75, 41.30, 24.10, 17.20
         0,     0, 1,20:07:51,20:08:07,    16, 24.10, 41.30,-17.20
  21268732,  6126, 2,20:06:36,20:08:13,    97, 44.00, 41.70,  2.30
         0,     0, 2,20:08:21,20:08:22,     1, 41.70, 44.10, -2.40
  11499184,  2074, 2,20:08:38,20:09:05,    27, 44.10, 38.00,  6.10
         0,     0, 2,20:09:12,20:09:17,     5, 38.00, 44.10, -6.10
  12448434,  6047, 3,20:08:44,20:09:27,    43, 46.20, 40.80,  5.40
         0,     0, 3,20:09:36,20:09:39,     3, 40.80, 46.10, -5.30
  11954042,  4072, 2,20:09:28,20:10:38,    70, 44.20, 36.40,  7.80
         0,     0, 2,20:10:46,20:10:52,     6, 36.40, 44.00, -7.60
  13008748,  7169, 4,20:08:38,20:13:01,   263, 42.90, 36.50,  6.40
         0,     0, 4,20:13:10,20:13:16,     6, 36.50, 43.30, -6.80
  13008774,  8015, 4,20:13:26,20:13:27,     1, 43.20, 43.70, -0.50
  13008748,  7169, 3,20:13:10,20:13:59,    49, 46.10, 44.30,  1.80
  13008774,  8015, 4,20:13:37,20:16:32,   175, 43.50, 31.80, 11.70
         0,     0, 4,20:16:40,20:16:51,    11, 31.80, 43.20,-11.40
  12706610,  7019, 4,20:17:56,20:19:25,    89, 43.30, 33.90,  9.40
         0,     0, 4,20:19:33,20:19:42,     9, 33.90, 43.20, -9.30
  12200081,  5135, 1,20:22:57,20:23:14,    17, 41.30, 39.30,  2.00
         0,     0, 1,20:23:21,20:23:22,     1, 39.30, 41.30, -2.00
  12200081,  5135, 1,20:23:34,20:23:40,     6, 41.30, 41.30,  0.00
  13008738,  7159, 4,20:21:53,20:24:21,   148, 43.30, 26.40, 16.90
         0,     0, 4,20:24:30,20:24:46,    16, 26.40, 43.30,-16.90
  12200083,  5137, 2,20:24:25,20:25:59,    94, 44.00, 34.30,  9.70
         0,     0, 2,20:26:06,20:26:15,     9, 34.30, 44.00, -9.70
  12706630,  7039, 4,20:25:57,20:26:19,    22, 43.40, 42.80,  0.60
  12706630,  7039, 3,20:26:25,20:26:38,    13, 44.50, 43.10,  1.40
         0,     0, 3,20:26:45,20:26:47,     2, 43.10, 46.30, -3.20
  21268732,  6126, 1,20:29:05,20:29:44,    39, 41.30, 39.40,  1.90
         0,     0, 1,20:29:51,20:29:52,     1, 39.40, 41.20, -1.80
  12448434,  6047, 1,20:31:15,20:32:07,    52, 41.20, 35.80,  5.40
         0,     0, 1,20:32:15,20:32:19,     4, 35.80, 41.30, -5.50
  12448518,  6131, 3,20:31:59,20:33:01,    62, 46.30, 39.80,  6.50
         0,     0, 3,20:33:09,20:33:13,     4, 39.80, 39.70,  0.10
  11499231,     0, 7,20:31:25,20:33:57,   152, 41.10, 37.00,  4.10
         0,     0, 7,20:34:05,20:34:10,     5, 37.00, 41.00, -4.00
  12448521,  6134, 2,20:35:48,20:37:37,   109, 44.00, 27.70, 16.30
         0,     0, 2,20:37:44,20:37:59,    15, 27.70, 44.10,-16.40
  12448437,  6050, 3,20:35:44,20:38:27,   163, 46.00, 26.80, 19.20
  12706642,  7051, 4,20:37:59,20:38:41,    42, 42.70, 39.10,  3.60
         0,     0, 3,20:38:34,20:38:50,    16, 26.80, 26.60,  0.20
         0,     0, 4,20:38:49,20:38:53,     4, 39.10, 43.20, -4.10
  21268732,  6126, 1,20:35:53,20:39:01,   188, 41.30, 35.40,  5.90
         0,     0, 1,20:39:09,20:39:14,     5, 35.40, 41.40, -6.00
  12448420,  6033, 4,20:40:54,20:41:49,    55, 43.20, 37.80,  5.40
         0,     0, 4,20:41:58,20:42:03,     5, 37.80, 43.20, -5.40
  12448426,  6039, 2,20:41:07,20:42:59,   112, 44.10, 26.80, 17.30
         0,     0, 2,20:43:06,20:43:22,    16, 26.80, 44.00,-17.20
  13008906,     0, 7,20:46:01,20:46:02,     1, 41.00, 41.00,  0.00
  12706705,     0, 7,20:47:34,20:47:49,    15, 41.00, 40.90,  0.10
  12706609,  7018, 3,20:51:00,20:51:51,    51, 45.90, 36.60,  9.30
         0,     0, 3,20:52:00,20:52:07,     7, 36.60, 36.40,  0.20
  13008842,     0, 8,20:52:13,20:52:27,    14, 41.10, 37.00,  4.10
         0,     0, 8,20:52:34,20:52:39,     5, 37.00, 41.30, -4.30
  12448391,  6004, 1,20:52:04,20:52:57,    53, 41.30, 36.80,  4.50
         0,     0, 1,20:53:04,20:53:07,     3, 36.80, 41.20, -4.40
  13008842,     0, 7,20:53:38,20:54:07,    29, 40.90, 40.30,  0.60
  12200091,  5145, 3,21:10:56,21:11:26,    30, 46.20, 45.90,  0.30
  12200091,  5145, 4,21:11:40,21:12:37,    57, 43.40, 30.50, 12.90
         0,     0, 4,21:12:44,21:12:56,    12, 30.50, 43.30,-12.80
  12448415,  6028, 2,21:19:55,21:21:02,    67, 44.00, 43.90,  0.10
  12448472,     0, 7,21:21:13,21:22:12,    59, 40.20, 38.90,  1.30
         0,     0, 7,21:22:20,21:22:22,     2, 38.90, 41.10, -2.20
  12448472,     0, 7,21:22:34,21:22:48,    14, 39.90, 39.40,  0.50
         0,     0, 7,21:22:56,21:22:58,     2, 39.40, 41.20, -1.80
  12448472,     0, 8,21:22:59,21:23:40,    41, 41.10, 38.70,  2.40
         0,     0, 8,21:23:47,21:23:49,     2, 38.70, 41.20, -2.50
  12448415,  6028, 1,21:21:17,21:24:09,   172, 41.20, 29.60, 11.60
         0,     0, 1,21:24:17,21:24:28,    11, 29.60, 41.30,-11.70
  13008906,     0, 8,21:26:59,21:27:06,     7, 32.00, 32.00,  0.00
         0,     0, 8,21:27:13,21:27:22,     9, 32.00, 41.20, -9.20
  12448391,  6004, 1,21:28:33,21:29:04,    31, 41.30, 37.80,  3.50
         0,     0, 1,21:29:12,21:29:14,     2, 37.80, 41.30, -3.50
  12706614,  7023, 2,21:33:25,21:34:03,    38, 43.90, 43.80,  0.10
  12706614,  7023, 1,21:34:13,21:35:14,    61, 41.30, 34.00,  7.30
         0,     0, 1,21:35:22,21:35:28,     6, 34.00, 41.20, -7.20
  12706601,  7010, 4,21:36:25,21:38:30,   125, 43.40, 29.20, 14.20
         0,     0, 4,21:38:37,21:38:50,    13, 29.20, 29.20,  0.00
  12448398,  6011, 3,21:37:50,21:40:19,   149, 46.10, 26.40, 19.70
         0,     0, 3,21:40:26,21:40:42,    16, 26.40, 26.40,  0.00
  12448398,  6011, 3,21:40:53,21:41:17,    24, 26.40, 42.10,-15.70
         0,     0, 3,21:41:25,21:41:27,     2, 42.10, 46.30, -4.20
  12706656,  7065, 4,21:43:33,21:45:09,    96, 43.10, 32.00, 11.10
         0,     0, 4,21:45:18,21:45:29,    11, 32.00, 43.20,-11.20
  11954042,  4072, 2,21:44:00,21:45:28,    88, 43.80, 33.40, 10.40
         0,     0, 2,21:45:36,21:45:46,    10, 33.40, 44.10,-10.70
  12706642,  7051, 2,21:50:19,21:50:50,    31, 44.10, 41.50,  2.60
         0,     0, 2,21:50:58,21:50:59,     1, 41.50, 44.00, -2.50
  12448517,  6130, 2,21:51:10,21:53:38,   148, 44.00, 35.00,  9.00
         0,     0, 2,21:53:47,21:53:55,     8, 35.00, 44.10, -9.10
  12448517,  6130, 2,21:54:07,21:55:04,    57, 44.10, 41.70,  2.40
         0,     0, 2,21:55:13,21:55:14,     1, 41.70, 43.80, -2.10
  12706624,  7033, 3,22:00:52,22:00:59,     7, 46.30, 46.20,  0.10
  12706624,  7033, 4,22:01:05,22:03:43,   158, 43.50, 30.70, 12.80
  11953971,  4001, 2,22:01:33,22:03:50,   137, 43.90, 23.50, 20.40
         0,     0, 4,22:03:51,22:04:03,    12, 30.70, 43.20,-12.50
         0,     0, 2,22:03:58,22:04:18,    20, 23.50, 44.10,-20.60
  12706624,  7033, 3,22:04:35,22:04:54,    19, 46.30, 44.60,  1.70
  12706613,  7022, 4,22:05:08,22:06:49,   101, 43.40, 30.50, 12.90
         0,     0, 4,22:06:57,22:07:09,    12, 30.50, 43.20,-12.70
  12706615,  7024, 4,22:09:56,22:12:25,   149, 43.30, 26.60, 16.70
         0,     0, 4,22:12:34,22:12:50,    16, 26.60, 43.10,-16.50
  12706618,  7027, 3,22:13:29,22:14:36,    67, 44.70, 31.20, 13.50
         0,     0, 3,22:14:44,22:14:56,    12, 31.20, 31.00,  0.20
  11499184,  2074, 3,22:18:21,22:18:45,    24, 46.30, 38.00,  8.30
         0,     0, 3,22:18:53,22:18:59,     6, 38.00, 37.90,  0.10
  12448516,  6129, 4,22:20:51,22:21:37,    46, 43.40, 33.20, 10.20
         0,     0, 4,22:21:45,22:21:54,     9, 33.20, 43.20,-10.00
  12448517,  6130, 2,22:24:41,22:24:54,    13, 44.10, 44.10,  0.00
  12448408,  6021, 3,22:25:16,22:26:39,    83, 46.20, 32.90, 13.30
         0,     0, 3,22:26:46,22:26:56,    10, 32.90, 32.80,  0.10
  12448417,  6030, 3,22:27:13,22:28:17,    64, 46.00, 30.00, 16.00
         0,     0, 3,22:28:26,22:28:39,    13, 30.00, 29.90,  0.10
  11499184,  2074, 1,22:30:23,22:30:59,    36, 41.10, 31.60,  9.50
         0,     0, 1,22:31:06,22:31:15,     9, 31.60, 41.20, -9.60
  12706620,  7029, 2,22:38:27,22:40:54,   147, 44.00, 31.10, 12.90
         0,     0, 2,22:41:03,22:41:15,    12, 31.10, 44.00,-12.90
  12199951,  5005, 3,22:46:31,22:49:09,   158, 46.10, 37.00,  9.10
  12706620,  7029, 2,22:48:35,22:49:12,    37, 44.00, 39.90,  4.10
         0,     0, 2,22:49:19,22:49:22,     3, 39.90, 44.00, -4.10
         0,     0, 3,22:49:18,22:49:25,     7, 37.00, 36.80,  0.20
  12706613,  7022, 4,22:52:36,22:53:09,    33, 43.20, 39.20,  4.00
         0,     0, 4,22:53:17,22:53:20,     3, 39.20, 43.30, -4.10
  12706613,  7022, 3,22:54:13,22:55:01,    48, 46.20, 44.20,  2.00
  11499117,  2007, 4,22:57:44,22:58:42,    58, 43.30, 29.40, 13.90
         0,     0, 4,22:58:50,22:59:03,    13, 29.40, 43.20,-13.80
  12706618,  7027, 4,22:59:13,22:59:44,    31, 43.20, 38.00,  5.20
         0,     0, 4,22:59:52,22:59:56,     4, 38.00, 38.10, -0.10
  12200081,  5135, 3,22:59:54,23:00:07,    13, 44.20, 43.90,  0.30
         0,     0, 3,23:00:15,23:00:16,     1, 43.90, 46.10, -2.20
  12200081,  5135, 3,23:00:26,23:01:47,    81, 46.20, 33.50, 12.70
         0,     0, 3,23:01:55,23:02:05,    10, 33.50, 33.50,  0.00
  11724217,  3117, 1,23:08:30,23:10:19,   109, 41.20, 13.00, 28.20
  12448420,  6033, 4,23:07:54,23:10:38,   164, 43.30, 37.00,  6.30
         0,     0, 4,23:10:45,23:10:51,     6, 37.00, 43.40, -6.40
         0,     0, 1,23:10:28,23:10:56,    28, 13.00, 41.20,-28.20
  12448392,  6005, 3,23:10:51,23:12:47,   116, 46.20, 28.70, 17.50
         0,     0, 3,23:12:55,23:13:09,    14, 28.70, 28.60,  0.10
  11954042,  4072, 2,23:18:25,23:19:48,    83, 44.00, 33.50, 10.50
         0,     0, 2,23:19:55,23:20:05,    10, 33.50, 44.00,-10.50
  12706621,  7030, 4,23:22:40,23:23:29,    49, 43.30, 30.30, 13.00
         0,     0, 4,23:23:38,23:23:50,    12, 30.30, 43.30,-13.00
  12706634,  7043, 3,23:24:20,23:28:09,   229, 46.20, 32.30, 13.90
  21268732,  6126, 2,23:24:28,23:28:15,   227, 44.00, 28.40, 15.60
  13008842,     0, 7,23:28:15,23:28:18,     3, 41.10, 41.10,  0.00
         0,     0, 3,23:28:16,23:28:27,    11, 32.30, 32.30,  0.00
         0,     0, 2,23:28:23,23:28:38,    15, 28.40, 44.10,-15.70
  12448434,  6047, 1,23:28:20,23:30:33,   133, 41.30, 26.80, 14.50
  21268732,  6126, 2,23:29:03,23:30:36,    93, 44.10, 40.00,  4.10
         0,     0, 2,23:30:43,23:30:46,     3, 40.00, 44.00, -4.00
         0,     0, 1,23:30:41,23:30:55,    14, 26.80, 41.30,-14.50
  13008842,     0, 7,23:34:56,23:35:12,    16, 41.10, 39.30,  1.80
         0,     0, 7,23:35:21,23:35:23,     2, 39.30, 41.10, -1.80
  21268732,  6126, 1,23:36:04,23:36:27,    23, 41.30, 40.60,  0.70
  21268732,  6126, 1,23:37:36,23:38:40,    64, 40.70, 39.70,  1.00
         0,     0, 1,23:38:47,23:38:48,     1, 39.70, 41.10, -1.40
  13008842,     0, 8,23:42:46,23:43:27,    41, 40.90, 37.90,  3.00
         0,     0, 8,23:43:35,23:43:38,     3, 37.90, 41.20, -3.30
         0,     0, 5,23:45:01,23:45:11,    10, 11.80, 11.80,  0.00
         0,     0, 7,23:45:01,23:45:11,    10, 41.20, 41.20,  0.00
         0,     0, 8,23:45:01,23:45:11,    10, 41.20, 41.20,  0.00
         0,     0, 1,23:45:01,23:45:11,    10, 41.10, 41.10,  0.00
         0,     0, 2,23:45:01,23:45:11,    10, 44.00, 44.00,  0.00
         0,     0, 3,23:45:01,23:45:11,    10, 46.10, 46.10,  0.00
         0,     0, 4,23:45:01,23:45:11,    10, 43.40, 43.40,  0.00
