         0,     0, 1, 0:03:05, 0:03:15,    10, 41.30, 41.30,  0.00
         0,     0, 2, 0:03:05, 0:03:15,    10, 44.00, 44.00,  0.00
         0,     0, 3, 0:03:05, 0:03:15,    10, 44.50, 44.50,  0.00
         0,     0, 4, 0:03:05, 0:03:15,    10, 43.00, 43.00,  0.00
         0,     0, 5, 0:03:05, 0:03:15,    10, 11.80, 11.80,  0.00
         0,     0, 7, 0:03:05, 0:03:15,    10, 40.90, 40.90,  0.00
         0,     0, 8, 0:03:05, 0:03:15,    10, 41.00, 41.00,  0.00
  12706601,  7010, 3, 0:03:06, 0:04:06,    60, 44.50, 34.60,  9.90
         0,     0, 3, 0:04:13, 0:04:22,     9, 34.60, 34.50,  0.10
  12706628,  7037, 1, 0:03:36, 0:04:56,    80, 41.30, 31.00, 10.30
         0,     0, 1, 0:05:04, 0:05:13,     9, 31.00, 41.40,-10.40
  12448391,  6004, 4, 0:04:51, 0:06:25,    94, 43.30, 32.00, 11.30
         0,     0, 4, 0:06:32, 0:06:42,    10, 32.00, 43.20,-11.20
  12448415,  6028, 2, 0:06:08, 0:08:10,   122, 44.00, 31.30, 12.70
         0,     0, 2, 0:08:17, 0:08:29,    12, 31.30, 44.10,-12.80
  12200086,  5140, 3, 0:08:11, 0:09:55,   104, 46.10, 31.40, 14.70
         0,     0, 3, 0:10:03, 0:10:15,    12, 31.40, 31.40,  0.00
  21268732,  6126, 1, 0:09:07, 0:11:22,   135, 41.40, 32.30,  9.10
         0,     0, 1, 0:11:31, 0:11:39,     8, 32.30, 41.30, -9.00
  21268732,  6126, 1, 0:11:57, 0:12:44,    47, 41.30, 38.00,  3.30
         0,     0, 1, 0:12:52, 0:12:54,     2, 38.00, 41.30, -3.30
  21268732,  6126, 1, 0:13:17, 0:13:42,    25, 41.40, 39.60,  1.80
         0,     0, 1, 0:13:49, 0:13:50,     1, 39.60, 41.20, -1.60
  12200081,  5135, 4, 0:14:04, 0:14:55,    51, 43.30, 35.60,  7.70
         0,     0, 4, 0:15:03, 0:15:10,     7, 35.60, 43.30, -7.70
  21268732,  6126, 1, 0:14:52, 0:15:36,    44, 41.20, 38.90,  2.30
         0,     0, 1, 0:15:44, 0:15:45,     1, 38.90, 41.30, -2.40
  11499184,  2074, 3, 0:15:41, 0:16:23,    42, 46.10, 34.40, 11.70
         0,     0, 3, 0:16:31, 0:16:40,     9, 34.40, 46.10,-11.70
  21268732,  6126, 1, 0:18:34, 0:19:24,    50, 41.30, 40.30,  1.00
  12448517,  6130, 2, 0:25:54, 0:26:04,    10, 44.00, 44.00,  0.00
  12448516,  6129, 3, 0:35:54, 0:37:00,    66, 46.10, 27.70, 18.40
         0,     0, 3, 0:37:07, 0:37:22,    15, 27.70, 27.60,  0.10
  12448391,  6004, 4, 0:36:27, 0:37:34,    67, 43.70, 40.70,  3.00
         0,     0, 4, 0:37:42, 0:37:42,     0, 40.70, 41.20, -0.50
  12448517,  6130, 1, 0:38:38, 0:39:06,    28, 40.30, 39.60,  0.70
         0,     0, 1, 0:39:14, 0:39:15,     1, 39.60, 41.20, -1.60
  12448516,  6129, 4, 0:38:28, 0:39:42,    74, 41.00, 34.30,  6.70
  12448437,  6050, 3, 0:37:33, 0:39:47,   134, 46.20, 33.20, 13.00
         0,     0, 4, 0:39:50, 0:39:59,     9, 34.30, 38.80, -4.50
         0,     0, 3, 0:39:56, 0:40:06,    10, 33.20, 33.20,  0.00
  12706615,  7024, 2, 0:45:10, 0:46:56,   106, 44.00, 27.00, 17.00
         0,     0, 2, 0:47:04, 0:47:20,    16, 27.00, 44.10,-17.10
  12706630,  7039, 2, 0:48:33, 0:49:38,    65, 44.10, 37.30,  6.80
         0,     0, 2, 0:49:46, 0:49:51,     5, 37.30, 44.10, -6.80
  12706656,  7065, 4, 0:51:04, 0:51:56,    52, 43.00, 34.60,  8.40
  12706621,  7030, 2, 0:51:11, 0:52:09,    58, 44.10, 28.50, 15.60
         0,     0, 4, 0:52:04, 0:52:12,     8, 34.60, 43.40, -8.80
         0,     0, 2, 0:52:17, 0:52:32,    15, 28.50, 44.00,-15.50
  12448517,  6130, 3, 0:53:24, 0:54:18,    54, 46.20, 44.10,  2.10
  12448517,  6130, 4, 1:17:30, 1:17:51,    21, 43.40, 41.10,  2.30
         0,     0, 4, 1:18:00, 1:18:02,     2, 41.10, 43.30, -2.20
  12706614,  7023, 3, 1:22:40, 1:24:39,   119, 44.20, 28.90, 15.30
         0,     0, 3, 1:24:46, 1:25:00,    14, 28.90, 28.80,  0.10
  11953971,  4001, 3, 1:27:35, 1:28:12,    37, 46.10, 45.80,  0.30
  11953971,  4001, 4, 1:28:19, 1:29:05,    46, 43.30, 28.30, 15.00
         0,     0, 4, 1:29:13, 1:29:27,    14, 28.30, 28.30,  0.00
  12448437,  6050, 3, 1:28:34, 1:32:17,   223, 45.80, 36.80,  9.00
         0,     0, 3, 1:32:25, 1:32:32,     7, 36.80, 36.70,  0.10
  21268732,  6126, 1, 1:50:02, 1:51:02,    60, 41.10, 40.20,  0.90
  12448417,  6030, 2, 1:55:29, 1:57:52,   143, 44.00, 20.30, 23.70
         0,     0, 2, 1:58:00, 1:58:23,    23, 20.30, 44.00,-23.70
  11953971,  4001, 2, 2:09:17, 2:09:28,    11, 44.00, 43.90,  0.10
  21268732,  6126, 3, 2:09:54, 2:11:06,    72, 46.20, 44.20,  2.00
  21268732,  6126, 3, 2:11:57, 2:12:15,    18, 44.20, 42.80,  1.40
         0,     0, 3, 2:12:22, 2:12:24,     2, 42.80, 46.20, -3.40
  11954042,  4072, 2, 2:23:35, 2:25:48,   133, 43.90, 31.20, 12.70
         0,     0, 2, 2:25:55, 2:26:07,    12, 31.20, 43.90,-12.70
  12448521,  6134, 2, 2:26:18, 2:28:36,   138, 43.90, 30.50, 13.40
  11499117,  2007, 4, 2:27:59, 2:28:52,    53, 43.50, 31.70, 11.80
         0,     0, 2, 2:28:44, 2:28:56,    12, 30.50, 44.00,-13.50
         0,     0, 4, 2:29:00, 2:29:11,    11, 31.70, 43.30,-11.60
  12706737,  7146, 1, 2:34:44, 2:34:50,     6, 40.20, 40.20,  0.00
  12448518,  6131, 4, 2:38:55, 2:39:22,    27, 43.40, 42.60,  0.80
  12448518,  6131, 4, 2:40:23, 2:41:20,    57, 42.50, 31.00, 11.50
         0,     0, 4, 2:41:28, 2:41:39,    11, 31.00, 43.20,-12.20
  12448518,  6131, 1, 2:42:25, 2:43:08,    43, 40.10, 36.90,  3.20
         0,     0, 1, 2:43:16, 2:43:19,     3, 36.90, 41.30, -4.40
  11724167,  3067, 4, 2:42:53, 2:43:35,    42, 43.20, 32.10, 11.10
         0,     0, 4, 2:43:43, 2:43:53,    10, 32.10, 43.20,-11.10
  12448420,  6033, 4, 2:55:03, 2:56:47,   104, 43.20, 36.70,  6.50
         0,     0, 4, 2:56:55, 2:57:01,     6, 36.70, 43.10, -6.40
  13008738,  7159, 1, 3:05:47, 3:09:11,   204, 41.20, 23.70, 17.50
         0,     0, 1, 3:09:19, 3:09:35,    16, 23.70, 41.30,-17.60
  12706618,  7027, 2, 3:13:37, 3:14:36,    59, 44.00, 33.10, 10.90
         0,     0, 2, 3:14:45, 3:14:55,    10, 33.10, 44.10,-11.00
  12200091,  5145, 4, 3:21:40, 3:22:38,    58, 44.00, 40.00,  4.00
         0,     0, 4, 3:22:45, 3:22:48,     3, 40.00, 43.30, -3.30
  12200091,  5145, 4, 3:23:41, 3:24:25,    44, 43.90, 28.40, 15.50
         0,     0, 4, 3:24:33, 3:24:47,    14, 28.40, 43.20,-14.80
  12706601,  7010, 3, 3:47:34, 3:50:35,   181, 46.20, 23.80, 22.40
         0,     0, 3, 3:50:43, 3:51:01,    18, 23.80, 23.70,  0.10
  12706656,  7065, 4, 3:50:24, 3:51:08,    44, 43.60, 40.00,  3.60
         0,     0, 4, 3:51:15, 3:51:18,     3, 40.00, 43.20, -3.20
  12706642,  7051, 4, 3:58:57, 4:01:04,   127, 43.20, 34.10,  9.10
         0,     0, 4, 4:01:11, 4:01:19,     8, 34.10, 43.20, -9.10
  12706610,  7019, 2, 4:15:51, 4:17:36,   105, 44.10, 33.60, 10.50
         0,     0, 2, 4:17:44, 4:17:53,     9, 33.60, 44.10,-10.50
  12448434,  6047, 1, 4:34:35, 4:38:02,   207, 41.30, 30.10, 11.20
         0,     0, 1, 4:38:09, 4:38:19,    10, 30.10, 41.30,-11.20
  12706620,  7029, 1, 5:08:56, 5:10:14,    78, 41.30, 41.20,  0.10
  12706620,  7029, 2, 5:11:33, 5:12:03,    30, 44.10, 40.40,  3.70
         0,     0, 2, 5:12:10, 5:12:12,     2, 40.40, 44.10, -3.70
  12448392,  6005, 3, 6:08:37, 6:10:02,    85, 46.00, 23.50, 22.50
  12706609,  7018, 1, 6:09:51, 6:10:08,    17, 41.10, 38.20,  2.90
         0,     0, 1, 6:10:15, 6:10:17,     2, 38.20, 41.20, -3.00
         0,     0, 3, 6:10:09, 6:10:28,    19, 23.50, 23.40,  0.10
  12706609,  7018, 2, 6:10:11, 6:10:36,    25, 44.20, 37.70,  6.50
  12200085,  5139, 1, 6:10:28, 6:10:42,    14, 41.20, 38.30,  2.90
         0,     0, 2, 6:10:43, 6:10:48,     5, 37.70, 44.10, -6.40
         0,     0, 1, 6:10:50, 6:10:52,     2, 38.30, 41.30, -3.00
  12706609,  7018, 2, 6:11:06, 6:11:48,    42, 44.10, 36.00,  8.10
         0,     0, 2, 6:11:56, 6:12:03,     7, 36.00, 44.10, -8.10
  12200085,  5139, 4, 6:11:33, 6:12:12,    39, 43.20, 30.40, 12.80
         0,     0, 4, 6:12:19, 6:12:30,    11, 30.40, 42.40,-12.00
  12448517,  6130, 1, 6:11:03, 6:12:47,   104, 41.30, 24.70, 16.60
         0,     0, 1, 6:12:55, 6:13:11,    16, 24.70, 41.30,-16.60
  12706624,  7033, 2, 6:13:14, 6:14:30,    76, 44.10, 42.10,  2.00
  12200079,  5133, 2, 6:14:56, 6:17:58,   182, 42.10, 18.50, 23.60
  12706628,  7037, 4, 6:17:22, 6:18:24,    62, 42.50, 38.00,  4.50
         0,     0, 2, 6:18:06, 6:18:31,    25, 18.50, 44.00,-25.50
         0,     0, 4, 6:18:33, 6:18:37,     4, 38.00, 43.30, -5.30
  12448415,  6028, 1, 6:15:36, 6:18:40,   184, 41.30, 22.20, 19.10
         0,     0, 1, 6:18:48, 6:19:06,    18, 22.20, 41.30,-19.10
  21268732,  6126, 3, 6:18:33, 6:20:11,    98, 46.20, 40.50,  5.70
  12448434,  6047, 1, 6:19:58, 6:20:17,    19, 41.30, 40.90,  0.40
         0,     0, 3, 6:20:19, 6:20:23,     4, 40.50, 46.20, -5.70
  12448521,  6134, 1, 6:20:27, 6:21:26,    59, 40.90, 30.20, 10.70
  12200086,  5140, 3, 6:20:36, 6:21:32,    56, 46.10, 38.00,  8.10
         0,     0, 1, 6:21:33, 6:21:43,    10, 30.20, 41.20,-11.00
         0,     0, 3, 6:21:41, 6:21:47,     6, 38.00, 37.90,  0.10
  12706621,  7030, 3, 6:21:57, 6:23:27,    90, 37.90, 37.60,  0.30
         0,     0, 3, 6:23:35, 6:23:41,     6, 37.60, 37.50,  0.10
  12200083,  5137, 4, 6:22:55, 6:24:20,    85, 43.20, 30.40, 12.80
  12448426,  6039, 1, 6:23:20, 6:24:24,    64, 41.20, 29.10, 12.10
         0,     0, 4, 6:24:28, 6:24:40,    12, 30.40, 43.20,-12.80
         0,     0, 1, 6:24:32, 6:24:44,    12, 29.10, 41.30,-12.20
  12706656,  7065, 4, 6:26:04, 6:26:33,    29, 43.20, 37.90,  5.30
         0,     0, 4, 6:26:41, 6:26:46,     5, 37.90, 38.00, -0.10
  12706630,  7039, 4, 6:31:10, 6:31:32,    22, 43.20, 43.20,  0.00
  12706613,  7022, 3, 6:30:50, 6:31:41,    51, 46.30, 37.30,  9.00
  13008774,  8015, 4, 6:31:42, 6:31:45,     3, 43.20, 43.30, -0.10
         0,     0, 3, 6:31:50, 6:31:57,     7, 37.30, 37.10,  0.20
  12200081,  5135, 3, 6:32:07, 6:33:13,    66, 37.10, 38.50, -1.40
         0,     0, 3, 6:33:22, 6:33:28,     6, 38.50, 38.50,  0.00
  12706737,  7146, 3, 6:33:39, 6:33:48,     9, 46.40, 46.30,  0.10
  13008774,  8015, 4, 6:32:24, 6:33:53,    89, 43.20, 30.30, 12.90
         0,     0, 4, 6:34:01, 6:34:13,    12, 30.30, 43.10,-12.80
  12706634,  7043, 1, 6:34:05, 6:34:37,    32, 41.30, 36.10,  5.20
         0,     0, 1, 6:34:46, 6:34:50,     4, 36.10, 41.30, -5.20
  12448420,  6033, 4, 6:34:23, 6:35:36,    73, 43.10, 36.10,  7.00
         0,     0, 4, 6:35:44, 6:35:50,     6, 36.10, 36.10,  0.00
  12448437,  6050, 3, 6:33:59, 6:35:59,   120, 46.00, 29.40, 16.60
         0,     0, 3, 6:36:07, 6:36:21,    14, 29.40, 29.40,  0.00
  12706628,  7037, 4, 6:36:00, 6:36:21,    21, 42.70, 40.70,  2.00
         0,     0, 4, 6:36:29, 6:36:31,     2, 40.70, 43.20, -2.50
  12199951,  5005, 2, 6:34:36, 6:37:04,   148, 44.00, 30.60, 13.40
  12706634,  7043, 1, 6:35:57, 6:37:06,    69, 41.30, 26.60, 14.70
         0,     0, 2, 6:37:12, 6:37:25,    13, 30.60, 44.00,-13.40
         0,     0, 1, 6:37:14, 6:37:28,    14, 26.60, 41.30,-14.70
  12706628,  7037, 4, 6:36:41, 6:38:16,    95, 43.20, 28.40, 14.80
         0,     0, 4, 6:38:25, 6:38:39,    14, 28.40, 43.20,-14.80
  12448516,  6129, 2, 6:38:11, 6:39:29,    78, 44.00, 30.20, 13.80
         0,     0, 2, 6:39:38, 6:39:51,    13, 30.20, 44.10,-13.90
  12706737,  7146, 3, 6:36:31, 6:39:59,   208, 46.10, 38.00,  8.10
         0,     0, 3, 6:40:08, 6:40:14,     6, 38.00, 38.00,  0.00
  11724217,  3117, 2, 6:40:07, 6:41:06,    59, 44.10, 31.40, 12.70
         0,     0, 2, 6:41:14, 6:41:25,    11, 31.40, 44.00,-12.60
  12448391,  6004, 4, 6:39:21, 6:41:33,   132, 43.30, 29.20, 14.10
         0,     0, 4, 6:41:41, 6:41:54,    13, 29.20, 43.40,-14.20
  11724167,  3067, 2, 6:42:48, 6:44:06,    78, 44.00, 18.80, 25.20
  12706620,  7029, 1, 6:43:10, 6:44:26,    76, 41.30, 32.10,  9.20
         0,     0, 2, 6:44:14, 6:44:39,    25, 18.80, 44.10,-25.30
         0,     0, 1, 6:44:34, 6:44:42,     8, 32.10, 41.30, -9.20
  12200086,  5140, 4, 6:45:02, 6:45:26,    24, 43.20, 42.10,  1.10
  12200086,  5140, 3, 6:46:00, 6:46:24,    24, 46.10, 43.10,  3.00
         0,     0, 3, 6:46:32, 6:46:34,     2, 43.10, 46.20, -3.10
  12448408,  6021, 1, 6:48:07, 6:49:01,    54, 41.30, 24.70, 16.60
         0,     0, 1, 6:49:09, 6:49:25,    16, 24.70, 41.30,-16.60
  12706656,  7065, 2, 6:52:11, 6:53:04,    53, 44.10, 33.10, 11.00
         0,     0, 2, 6:53:11, 6:53:21,    10, 33.10, 44.10,-11.00
  12200081,  5135, 4, 6:52:35, 6:54:06,    91, 41.80, 25.30, 16.50
  12200083,  5137, 3, 6:53:25, 6:54:09,    44, 46.50, 38.10,  8.40
         0,     0, 3, 6:54:16, 6:54:22,     6, 38.10, 38.00,  0.10
         0,     0, 4, 6:54:14, 6:54:32,    18, 25.30, 43.20,-17.90
  12200083,  5137, 4, 6:55:36, 6:56:01,    25, 43.60, 42.80,  0.80
  12706613,  7022, 1, 6:56:51, 6:57:10,    19, 41.30, 40.60,  0.70
  12706613,  7022, 2, 6:57:17, 6:57:22,     5, 44.10, 44.10,  0.00
  12706613,  7022, 1, 6:57:43, 6:58:35,    52, 40.60, 34.50,  6.10
         0,     0, 1, 6:58:42, 6:58:48,     6, 34.50, 41.20, -6.70
  12200086,  5140, 4, 6:57:34, 7:00:21,   167, 42.70, 32.50, 10.20
         0,     0, 4, 7:00:29, 7:00:39,    10, 32.50, 43.20,-10.70
  13008774,  8015, 1, 6:59:36, 7:00:45,    69, 41.30, 37.60,  3.70
         0,     0, 1, 7:00:53, 7:00:56,     3, 37.60, 41.20, -3.60
  12706610,  7019, 2, 7:00:31, 7:01:08,    37, 44.10, 43.50,  0.60
  12448420,  6033, 4, 7:01:12, 7:02:29,    77, 43.10, 38.20,  4.90
         0,     0, 4, 7:02:37, 7:02:41,     4, 38.20, 43.30, -5.10
  13008774,  8015, 1, 7:02:09, 7:03:10,    61, 41.20, 36.20,  5.00
         0,     0, 1, 7:03:18, 7:03:22,     4, 36.20, 41.20, -5.00
  13008738,  7159, 2, 7:03:51, 7:04:14,    23, 43.50, 43.40,  0.10
  12706642,  7051, 3, 7:05:47, 7:06:51,    64, 46.30, 41.00,  5.30
         0,     0, 3, 7:06:59, 7:07:02,     3, 41.00, 46.30, -5.30
  12448420,  6033, 4, 7:06:13, 7:08:26,   133, 43.40, 38.70,  4.70
         0,     0, 4, 7:08:35, 7:08:39,     4, 38.70, 38.70,  0.00
  11724217,  3117, 3, 7:12:18, 7:14:26,   128, 46.10, 21.90, 24.20
  13008748,  7169, 4, 7:10:09, 7:14:27,   258, 42.90, 35.50,  7.40
         0,     0, 4, 7:14:36, 7:14:44,     8, 35.50, 43.00, -7.50
         0,     0, 3, 7:14:34, 7:14:57,    23, 21.90, 21.70,  0.20
  12706620,  7029, 3, 7:15:51, 7:17:09,    78, 46.10, 40.70,  5.40
         0,     0, 3, 7:17:18, 7:17:22,     4, 40.70, 46.20, -5.50
  12706613,  7022, 2, 7:16:50, 7:17:32,    42, 43.50, 37.90,  5.60
         0,     0, 2, 7:17:40, 7:17:45,     5, 37.90, 44.10, -6.20
  12706642,  7051, 3, 7:22:12, 7:22:17,     5, 46.40, 46.10,  0.30
  12706615,  7024, 4, 7:20:30, 7:22:44,   134, 41.80, 25.00, 16.80
         0,     0, 4, 7:22:51, 7:23:09,    18, 25.00, 43.40,-18.40
  12706642,  7051, 4, 7:23:40, 7:24:02,    22, 43.70, 40.60,  3.10
         0,     0, 4, 7:24:10, 7:24:12,     2, 40.60, 43.70, -3.10
  12706628,  7037, 1, 7:23:18, 7:26:25,   187, 41.30, 27.90, 13.40
         0,     0, 1, 7:26:33, 7:26:45,    12, 27.90, 41.30,-13.40
  12706628,  7037, 1, 7:26:59, 7:28:15,    76, 41.30, 38.90,  2.40
         0,     0, 1, 7:28:23, 7:28:24,     1, 38.90, 41.30, -2.40
  12706613,  7022, 2, 7:28:29, 7:29:14,    45, 44.00, 37.90,  6.10
         0,     0, 2, 7:29:23, 7:29:28,     5, 37.90, 44.10, -6.20
  12448516,  6129, 1, 7:29:05, 7:29:50,    45, 41.30, 29.30, 12.00
         0,     0, 1, 7:29:58, 7:30:09,    11, 29.30, 41.30,-12.00
  12448434,  6047, 2, 7:31:06, 7:33:30,   144, 44.10, 35.60,  8.50
         0,     0, 2, 7:33:39, 7:33:46,     7, 35.60, 44.10, -8.50
  13008748,  7169, 4, 7:32:37, 7:34:43,   126, 43.40, 42.10,  1.30
  12706634,  7043, 2, 7:35:29, 7:35:49,    20, 44.10, 41.80,  2.30
         0,     0, 2, 7:35:57, 7:35:58,     1, 41.80, 44.10, -2.30
  12706634,  7043, 2, 7:36:16, 7:37:19,    63, 44.10, 34.30,  9.80
         0,     0, 2, 7:37:27, 7:37:36,     9, 34.30, 44.10, -9.80
  11499184,  2074, 3, 7:41:47, 7:42:26,    39, 46.40, 32.40, 14.00
         0,     0, 3, 7:42:34, 7:42:45,    11, 32.40, 32.40,  0.00
  12200081,  5135, 4, 7:42:30, 7:43:40,    70, 42.10, 33.20,  8.90
         0,     0, 4, 7:43:48, 7:43:57,     9, 33.20, 43.30,-10.10
  12706707,     0, 8, 7:44:58, 7:45:44,    46, 39.90, 36.30,  3.60
         0,     0, 8, 7:45:51, 7:45:55,     4, 36.30, 41.20, -4.90
  11953971,  4001, 1, 7:45:26, 7:47:22,   116, 41.30, 39.50,  1.80
         0,     0, 1, 7:47:30, 7:47:31,     1, 39.50, 41.30, -1.80
  13008748,  7169, 4, 7:44:58, 7:47:37,   159, 43.20, 40.00,  3.20
         0,     0, 4, 7:47:45, 7:47:48,     3, 40.00, 43.20, -3.20
  12706727,     0, 8, 7:51:05, 7:51:38,    33, 41.20, 39.20,  2.00
  11953971,  4001, 1, 7:50:14, 7:51:39,    85, 41.30, 25.40, 15.90
         0,     0, 8, 7:51:46, 7:51:47,     1, 39.20, 41.20, -2.00
         0,     0, 1, 7:51:48, 7:52:03,    15, 25.40, 41.30,-15.90
  12706601,  7010, 2, 7:53:42, 7:54:44,    62, 44.10, 37.90,  6.20
         0,     0, 2, 7:54:51, 7:54:56,     5, 37.90, 44.20, -6.30
  12706615,  7024, 1, 7:54:49, 7:56:56,   127, 41.30, 30.50, 10.80
         0,     0, 1, 7:57:03, 7:57:12,     9, 30.50, 41.40,-10.90
  12706624,  7033, 3, 7:57:58, 7:59:08,    70, 46.10, 45.50,  0.60
  12706707,     0, 8, 7:59:14, 7:59:16,     2, 37.30, 37.30,  0.00
  12706624,  7033, 4, 7:59:11, 7:59:23,    12, 43.60, 42.90,  0.70
         0,     0, 8, 7:59:24, 7:59:27,     3, 37.30, 41.20, -3.90
  11499184,  2074, 2, 8:00:52, 8:01:27,    35, 44.20, 33.00, 11.20
  12706624,  7033, 3, 7:59:43, 8:01:28,   105, 45.60, 23.80, 21.80
         0,     0, 2, 8:01:34, 8:01:44,    10, 33.00, 44.10,-11.10
         0,     0, 3, 8:01:35, 8:01:54,    19, 23.80, 23.70,  0.10
  12706618,  7027, 2, 8:01:54, 8:03:16,    82, 44.00, 24.50, 19.50
         0,     0, 2, 8:03:24, 8:03:43,    19, 24.50, 44.00,-19.50
  12706609,  7018, 1, 8:05:02, 8:05:42,    40, 41.40, 33.40,  8.00
         0,     0, 1, 8:05:50, 8:05:57,     7, 33.40, 41.30, -7.90
  12448437,  6050, 2, 8:07:42, 8:08:45,    63, 44.00, 43.10,  0.90
  12448437,  6050, 2, 8:08:59, 8:10:02,    63, 43.10, 33.70,  9.40
         0,     0, 2, 8:10:09, 8:10:18,     9, 33.70, 44.10,-10.40
  11724217,  3117, 4, 8:10:41, 8:11:42,    61, 43.00, 31.00, 12.00
  12706614,  7023, 3, 8:10:55, 8:11:43,    48, 46.30, 46.00,  0.30
         0,     0, 4, 8:11:50, 8:12:02,    12, 31.00, 43.40,-12.40
  12200086,  5140, 1, 8:12:18, 8:13:36,    78, 41.30, 32.10,  9.20
         0,     0, 1, 8:13:44, 8:13:52,     8, 32.10, 41.20, -9.10
  12706614,  7023, 3, 8:12:04, 8:14:05,   121, 46.30, 27.40, 18.90
         0,     0, 3, 8:14:13, 8:14:29,    16, 27.40, 46.50,-19.10
  12706630,  7039, 1, 8:15:38, 8:15:56,    18, 41.20, 41.20,  0.00
  12706601,  7010, 2, 8:15:14, 8:16:30,    76, 44.10, 35.20,  8.90
         0,     0, 2, 8:16:38, 8:16:46,     8, 35.20, 44.10, -8.90
  12706630,  7039, 4, 8:16:28, 8:18:45,   137, 43.60, 28.10, 15.50
         0,     0, 4, 8:18:53, 8:19:07,    14, 28.10, 28.10,  0.00
  12200091,  5145, 1, 8:19:35, 8:19:58,    23, 41.30, 41.20,  0.10
  12706705,     0, 7, 8:20:17, 8:20:22,     5, 40.70, 40.60,  0.10
  12200091,  5145, 2, 8:20:06, 8:21:10,    64, 44.10, 28.40, 15.70
         0,     0, 2, 8:21:19, 8:21:34,    15, 28.40, 44.10,-15.70
  12706705,     0, 8, 8:20:34, 8:22:36,   122, 36.10, 32.10,  4.00
         0,     0, 8, 8:22:43, 8:22:53,    10, 32.10, 40.60, -8.50
  12706705,     0, 8, 8:23:46, 8:23:47,     1, 34.20, 34.20,  0.00
         0,     0, 8, 8:23:55, 8:24:02,     7, 34.20, 41.20, -7.00
  12448518,  6131, 2, 8:22:14, 8:25:07,   173, 44.10, 18.70, 25.40
         0,     0, 2, 8:25:15, 8:25:40,    25, 18.70, 44.10,-25.40
  11724217,  3117, 4, 8:29:55, 8:30:42,    47, 43.70, 33.40, 10.30
         0,     0, 4, 8:30:50, 8:30:59,     9, 33.40, 43.20, -9.80
  12706727,     0, 8, 8:31:23, 8:31:26,     3, 38.00, 38.00,  0.00
         0,     0, 8, 8:31:33, 8:31:35,     2, 38.00, 41.20, -3.20
  12706727,     0, 8, 8:32:21, 8:32:23,     2, 32.10, 32.10,  0.00
         0,     0, 8, 8:32:31, 8:32:40,     9, 32.10, 41.20, -9.10
  11724167,  3067, 4, 8:32:18, 8:33:02,    44, 43.30, 27.40, 15.90
         0,     0, 4, 8:33:10, 8:33:25,    15, 27.40, 43.10,-15.70
  12448521,  6134, 3, 8:36:22, 8:37:53,    91, 46.40, 29.90, 16.50
         0,     0, 3, 8:38:02, 8:38:15,    13, 29.90, 29.80,  0.10
  12706618,  7027, 2, 8:39:14, 8:40:05,    51, 44.00, 40.60,  3.40
         0,     0, 2, 8:40:13, 8:40:15,     2, 40.60, 44.20, -3.60
  12706630,  7039, 3, 8:39:44, 8:40:21,    37, 46.10, 42.10,  4.00
         0,     0, 3, 8:40:29, 8:40:32,     3, 42.10, 46.50, -4.40
  12706610,  7019, 4, 8:41:04, 8:43:03,   119, 43.50, 21.00, 22.50
  12706601,  7010, 2, 8:41:59, 8:43:10,    71, 44.20, 35.80,  8.40
  12706621,  7030, 3, 8:41:41, 8:43:13,    92, 46.60, 33.70, 12.90
         0,     0, 2, 8:43:18, 8:43:25,     7, 35.80, 44.00, -8.20
         0,     0, 3, 8:43:21, 8:43:32,    11, 33.70, 33.60,  0.10
         0,     0, 4, 8:43:10, 8:43:33,    23, 21.00, 43.20,-22.20
  11954042,  4072, 4, 8:45:27, 8:46:53,    86, 43.50, 28.20, 15.30
         0,     0, 4, 8:47:02, 8:47:16,    14, 28.20, 43.20,-15.00
  11499117,  2007, 2, 8:45:45, 8:47:20,    95, 44.00, 44.00,  0.00
  11499117,  2007, 1, 8:47:57, 8:49:00,    63, 41.20, 22.30, 18.90
         0,     0, 1, 8:49:07, 8:49:25,    18, 22.30, 41.30,-19.00
  12706700,     0, 8, 8:50:08, 8:50:11,     3, 41.20, 41.10,  0.10
  12706737,  7146, 1, 8:50:25, 8:50:30,     5, 41.30, 41.30,  0.00
  12448415,  6028, 3, 8:48:45, 8:50:43,   118, 46.40, 36.50,  9.90
         0,     0, 3, 8:50:50, 8:50:58,     8, 36.50, 36.50,  0.00
  12706737,  7146, 2, 8:50:44, 8:52:05,    81, 44.00, 33.30, 10.70
         0,     0, 2, 8:52:13, 8:52:22,     9, 33.30, 44.10,-10.80
  12448472,     0, 8, 8:52:24, 8:52:26,     2, 41.20, 41.20,  0.00
  12448472,     0, 8, 8:52:36, 8:53:05,    29, 41.20, 40.00,  1.20
  12448472,     0, 8, 8:53:34, 8:53:54,    20, 40.00, 37.30,  2.70
  11724205,     0, 7, 8:48:09, 8:53:56,   347, 40.70, 30.00, 10.70
         0,     0, 8, 8:54:03, 8:54:07,     4, 37.30, 41.20, -3.90
         0,     0, 7, 8:54:04, 8:54:19,    15, 30.00, 41.10,-11.10
  12448392,  6005, 4, 8:54:27, 8:55:17,    50, 43.60, 33.00, 10.60
         0,     0, 4, 8:55:26, 8:55:35,     9, 33.00, 43.30,-10.30
  12448472,     0, 7, 8:55:14, 8:55:58,    44, 38.20, 37.00,  1.20
         0,     0, 7, 8:56:05, 8:56:10,     5, 37.00, 40.70, -3.70
  12448517,  6130, 2, 8:55:53, 8:56:39,    46, 44.10, 42.50,  1.60
  12706630,  7039, 1, 8:55:58, 8:56:46,    48, 41.30, 37.30,  4.00
         0,     0, 1, 8:56:53, 8:56:56,     3, 37.30, 41.30, -4.00
  12448472,     0, 7, 8:56:20, 8:57:19,    59, 40.10, 39.70,  0.40
         0,     0, 7, 8:57:27, 8:57:28,     1, 39.70, 41.00, -1.30
  12706613,  7022, 1, 8:57:11, 8:58:32,    81, 41.30, 29.20, 12.10
         0,     0, 1, 8:58:41, 8:58:52,    11, 29.20, 41.30,-12.10
  12448517,  6130, 2, 8:58:05, 8:58:53,    48, 42.50, 37.70,  4.80
  12448472,     0, 8, 8:58:30, 8:58:58,    28, 41.00, 41.00,  0.00
         0,     0, 2, 8:59:00, 8:59:05,     5, 37.70, 44.10, -6.40
  12706613,  7022, 1, 8:59:48, 8:59:54,     6, 41.30, 41.00,  0.30
  13008896,     0, 7, 8:59:42, 9:00:34,    52, 40.90, 36.00,  4.90
         0,     0, 7, 9:00:42, 9:00:48,     6, 36.00, 40.20, -4.20
  13008896,     0, 7, 9:01:00, 9:01:02,     2, 39.30, 39.30,  0.00
         0,     0, 7, 9:01:09, 9:01:10,     1, 39.30, 41.10, -1.80
  12448398,  6011, 4, 9:03:08, 9:04:48,   100, 43.10, 26.60, 16.50
         0,     0, 4, 9:04:56, 9:05:12,    16, 26.60, 43.30,-16.70
  12706727,     0, 8, 9:04:31, 9:05:10,    39, 41.00, 35.00,  6.00
         0,     0, 8, 9:05:18, 9:05:24,     6, 35.00, 41.20, -6.20
  12706618,  7027, 2, 9:05:28, 9:06:15,    47, 44.10, 37.80,  6.30
         0,     0, 2, 9:06:23, 9:06:28,     5, 37.80, 44.10, -6.30
  12448420,  6033, 4, 9:05:38, 9:06:36,    58, 43.40, 39.40,  4.00
         0,     0, 4, 9:06:44, 9:06:47,     3, 39.40, 39.40,  0.00
  12706707,     0, 8, 9:08:53, 9:09:01,     8, 38.50, 38.50,  0.00
         0,     0, 8, 9:09:10, 9:09:12,     2, 38.50, 41.20, -2.70
  12448517,  6130, 2, 9:08:35, 9:09:41,    66, 44.10, 38.50,  5.60
         0,     0, 2, 9:09:48, 9:09:52,     4, 38.50, 44.20, -5.70
  12706707,     0, 8, 9:09:52, 9:10:12,    20, 37.00, 37.00,  0.00
         0,     0, 8, 9:10:20, 9:10:24,     4, 37.00, 41.80, -4.80
  12448517,  6130, 2, 9:10:03, 9:10:58,    55, 44.20, 41.70,  2.50
         0,     0, 2, 9:11:06, 9:11:07,     1, 41.70, 44.10, -2.40
  12706630,  7039, 3, 9:09:52, 9:11:05,    73, 46.50, 37.20,  9.30
         0,     0, 3, 9:11:12, 9:11:19,     7, 37.20, 37.20,  0.00
  12706707,     0, 8, 9:12:10, 9:12:13,     3, 39.30, 39.30,  0.00
         0,     0, 8, 9:12:21, 9:12:22,     1, 39.30, 41.20, -1.90
  12448451,     0, 7, 9:13:03, 9:13:09,     6, 41.10, 41.10,  0.00
  12448451,     0, 7, 9:13:45, 9:14:00,    15, 41.10, 41.00,  0.10
  12448451,     0, 7, 9:14:11, 9:14:36,    25, 40.90, 41.00, -0.10
  12706700,     0, 8, 9:14:52, 9:15:07,    15, 41.20, 38.30,  2.90
  12448451,     0, 7, 9:14:50, 9:15:12,    22, 40.90, 40.90,  0.00
         0,     0, 8, 9:15:15, 9:15:17,     2, 38.30, 41.20, -2.90
  12448451,     0, 7, 9:15:33, 9:15:54,    21, 40.90, 39.00,  1.90
         0,     0, 7, 9:16:01, 9:16:03,     2, 39.00, 41.10, -2.10
  12448451,     0, 7, 9:16:28, 9:16:46,    18, 41.10, 38.20,  2.90
         0,     0, 7, 9:16:54, 9:16:57,     3, 38.20, 41.10, -2.90
  13008896,     0, 8, 9:17:02, 9:17:04,     2, 40.30, 40.30,  0.00
  12706700,     0, 7, 9:19:20, 9:19:49,    29, 41.10, 34.10,  7.00
         0,     0, 7, 9:19:56, 9:20:05,     9, 34.10, 41.10, -7.00
  12448451,     0, 7, 9:20:18, 9:20:28,    10, 41.10, 41.10,  0.00
  12448451,     0, 7, 9:20:40, 9:21:24,    44, 41.10, 33.00,  8.10
         0,     0, 7, 9:21:31, 9:21:41,    10, 33.00, 41.10, -8.10
  12448420,  6033, 3, 9:20:54, 9:22:19,    85, 46.50, 38.30,  8.20
         0,     0, 3, 9:22:26, 9:22:32,     6, 38.30, 46.30, -8.00
  12448451,     0, 7, 9:22:11, 9:22:37,    26, 41.10, 37.40,  3.70
         0,     0, 7, 9:22:44, 9:22:48,     4, 37.40, 41.10, -3.70
  21268732,  6126, 1, 9:25:57, 9:27:52,   115, 41.00, 36.00,  5.00
         0,     0, 1, 9:27:59, 9:28:03,     4, 36.00, 41.30, -5.30
  12448521,  6134, 4, 9:27:06, 9:28:41,    95, 43.40, 32.10, 11.30
  12706727,     0, 8, 9:28:22, 9:28:46,    24, 38.60, 36.50,  2.10
         0,     0, 8, 9:28:54, 9:28:58,     4, 36.50, 40.80, -4.30
         0,     0, 4, 9:28:49, 9:28:59,    10, 32.10, 43.20,-11.10
  21268732,  6126, 2, 9:27:56, 9:29:05,    69, 44.00, 36.90,  7.10
         0,     0, 2, 9:29:13, 9:29:19,     6, 36.90, 44.10, -7.20
  12706727,     0, 8, 9:29:19, 9:29:20,     1, 37.30, 37.30,  0.00
         0,     0, 8, 9:29:28, 9:29:31,     3, 37.30, 41.30, -4.00
  11499117,  2007, 1, 9:33:06, 9:34:30,    84, 41.30, 28.20, 13.10
         0,     0, 1, 9:34:37, 9:34:49,    12, 28.20, 41.30,-13.10
  11499231,     0, 7, 9:35:13, 9:35:27,    14, 41.10, 41.10,  0.00
  12706613,  7022, 4, 9:35:11, 9:35:59,    48, 43.40, 36.20,  7.20
         0,     0, 4, 9:36:07, 9:36:13,     6, 36.20, 36.20,  0.00
  11499231,     0, 7, 9:35:50, 9:36:15,    25, 41.10, 41.10,  0.00
  12706656,  7065, 3, 9:35:17, 9:36:19,    62, 46.40, 36.10, 10.30
         0,     0, 3, 9:36:27, 9:36:35,     8, 36.10, 36.10,  0.00
  12448472,     0, 8, 9:36:37, 9:38:52,   135, 41.30, 35.60,  5.70
         0,     0, 8, 9:39:00, 9:39:05,     5, 35.60, 41.20, -5.60
  11499231,     0, 8, 9:41:32, 9:44:44,   192, 41.20, 21.80, 19.40
         0,     0, 8, 9:44:51, 9:45:14,    23, 21.80, 41.10,-19.30
  12448517,  6130, 1, 9:45:34, 9:45:46,    12, 41.30, 41.30,  0.00
  12706707,     0, 8, 9:47:10, 9:47:27,    17, 41.10, 38.60,  2.50
         0,     0, 8, 9:47:35, 9:47:37,     2, 38.60, 40.50, -1.90
  12200083,  5137, 1, 9:46:40, 9:47:46,    66, 41.30, 28.10, 13.20
  12706707,     0, 8, 9:47:50, 9:47:52,     2, 38.60, 38.70, -0.10
         0,     0, 8, 9:47:59, 9:48:01,     2, 38.70, 41.20, -2.50
         0,     0, 1, 9:47:54, 9:48:06,    12, 28.10, 41.30,-13.20
  11953971,  4001, 2, 9:49:21, 9:51:02,   101, 44.10, 30.80, 13.30
         0,     0, 2, 9:51:11, 9:51:23,    12, 30.80, 44.20,-13.40
  12448420,  6033, 4, 9:50:12, 9:52:26,   134, 43.90, 36.10,  7.80
         0,     0, 4, 9:52:34, 9:52:40,     6, 36.10, 42.30, -6.20
  12706642,  7051, 4, 9:54:36, 9:55:48,    72, 42.50, 28.00, 14.50
         0,     0, 4, 9:55:55, 9:56:09,    14, 28.00, 43.10,-15.10
  21268732,  6126, 2, 9:53:47, 9:57:24,   217, 44.20, 34.50,  9.70
         0,     0, 2, 9:57:33, 9:57:41,     8, 34.50, 44.10, -9.60
  12448434,  6047, 1, 9:56:37, 9:58:05,    88, 41.30, 30.20, 11.10
         0,     0, 1, 9:58:13, 9:58:23,    10, 30.20, 41.30,-11.10
  12448391,  6004, 2, 9:57:53,10:00:01,   128, 44.10, 28.10, 16.00
         0,     0, 2,10:00:09,10:00:23,    14, 28.10, 44.00,-15.90
  12448451,     0, 7, 9:59:44,10:00:48,    64, 41.10, 41.00,  0.10
  12448451,     0, 7,10:01:16,10:01:22,     6, 41.00, 41.00,  0.00
  11954042,  4072, 4,10:00:09,10:01:59,   110, 43.20, 30.00, 13.20
  12448451,     0, 7,10:01:53,10:02:05,    12, 41.00, 41.00,  0.00
         0,     0, 4,10:02:07,10:02:19,    12, 30.00, 43.30,-13.30
  12706613,  7022, 4,10:05:23,10:06:06,    43, 43.40, 38.00,  5.40
         0,     0, 4,10:06:13,10:06:17,     4, 38.00, 43.30, -5.30
  12200081,  5135, 2,10:08:17,10:09:54,    97, 44.00, 33.00, 11.00
         0,     0, 2,10:10:02,10:10:12,    10, 33.00, 44.20,-11.20
  12448408,  6021, 3,10:12:17,10:13:08,    51, 46.30, 43.10,  3.20
         0,     0, 3,10:13:16,10:13:18,     2, 43.10, 46.30, -3.20
  12448408,  6021, 4,10:13:14,10:13:57,    43, 43.30, 29.20, 14.10
         0,     0, 4,10:14:06,10:14:19,    13, 29.20, 29.20,  0.00
  12706620,  7029, 1,10:13:42,10:16:06,   144, 41.30, 27.20, 14.10
         0,     0, 1,10:16:14,10:16:27,    13, 27.20, 41.30,-14.10
  12706705,     0, 8,10:15:40,10:16:50,    70, 41.10, 39.50,  1.60
         0,     0, 8,10:16:58,10:16:59,     1, 39.50, 40.10, -0.60
  12448426,  6039, 3,10:15:46,10:17:15,    89, 46.30, 33.70, 12.60
         0,     0, 3,10:17:24,10:17:34,    10, 33.70, 33.50,  0.20
  12448517,  6130, 2,10:18:08,10:18:39,    31, 44.20, 39.50,  4.70
         0,     0, 2,10:18:48,10:18:51,     3, 39.50, 44.10, -4.60
  12706705,     0, 8,10:17:23,10:18:59,    96, 39.20, 27.70, 11.50
         0,     0, 8,10:19:07,10:19:21,    14, 27.70, 41.20,-13.50
  12448517,  6130, 2,10:19:01,10:20:18,    77, 44.10, 36.20,  7.90
         0,     0, 2,10:20:26,10:20:33,     7, 36.20, 44.20, -8.00
  12706620,  7029, 2,10:23:02,10:23:45,    43, 44.20, 38.90,  5.30
         0,     0, 2,10:23:54,10:23:58,     4, 38.90, 44.10, -5.20
  12200083,  5137, 4,10:23:21,10:24:02,    41, 43.40, 36.90,  6.50
         0,     0, 4,10:24:11,10:24:17,     6, 36.90, 36.90,  0.00
  12706642,  7051, 4,10:26:54,10:27:19,    25, 43.50, 39.00,  4.50
         0,     0, 4,10:27:27,10:27:30,     3, 39.00, 43.20, -4.20
  12706642,  7051, 4,10:27:41,10:28:06,    25, 43.20, 37.50,  5.70
  13008896,     0, 8,10:28:10,10:28:11,     1, 39.30, 39.30,  0.00
         0,     0, 4,10:28:14,10:28:19,     5, 37.50, 43.10, -5.60
         0,     0, 8,10:28:19,10:28:20,     1, 39.30, 41.30, -2.00
  13008896,     0, 8,10:29:00,10:29:01,     1, 36.40, 36.40,  0.00
         0,     0, 8,10:29:09,10:29:13,     4, 36.40, 41.20, -4.80
  12200086,  5140, 3,10:30:44,10:31:36,    52, 46.10, 42.50,  3.60
         0,     0, 3,10:31:45,10:31:47,     2, 42.50, 46.20, -3.70
  12448434,  6047, 3,10:32:19,10:32:30,    11, 46.20, 46.10,  0.10
  12448434,  6047, 4,10:32:36,10:33:00,    24, 43.40, 43.00,  0.40
  12448434,  6047, 4,10:34:10,10:35:08,    58, 42.90, 39.10,  3.80
         0,     0, 4,10:35:16,10:35:19,     3, 39.10, 43.20, -4.10
  12706634,  7043, 2,10:32:48,10:35:29,   161, 44.10, 24.80, 19.30
         0,     0, 2,10:35:37,10:35:55,    18, 24.80, 44.10,-19.30
  12200086,  5140, 4,10:35:30,10:35:54,    24, 43.20, 40.90,  2.30
         0,     0, 4,10:36:02,10:36:04,     2, 40.90, 43.30, -2.40
  12706634,  7043, 1,10:36:29,10:37:19,    50, 41.30, 37.00,  4.30
         0,     0, 1,10:37:27,10:37:30,     3, 37.00, 41.30, -4.30
  12200085,  5139, 2,10:38:44,10:40:30,   106, 44.10, 39.20,  4.90
         0,     0, 2,10:40:39,10:40:42,     3, 39.20, 44.10, -4.90
  12200085,  5139, 1,10:41:02,10:41:19,    17, 41.30, 38.90,  2.40
  12448482,     0, 8,10:40:47,10:41:26,    39, 41.20, 41.00,  0.20
         0,     0, 1,10:41:27,10:41:28,     1, 38.90, 41.30, -2.40
  12706628,  7037, 1,10:41:38,10:42:02,    24, 41.30, 39.10,  2.20
         0,     0, 1,10:42:11,10:42:12,     1, 39.10, 41.30, -2.20
  12448426,  6039, 1,10:42:38,10:43:23,    45, 41.30, 27.50, 13.80
         0,     0, 1,10:43:31,10:43:44,    13, 27.50, 41.20,-13.70
  12448426,  6039, 1,10:43:56,10:44:11,    15, 41.20, 36.30,  4.90
         0,     0, 1,10:44:18,10:44:22,     4, 36.30, 41.30, -5.00
  12448391,  6004, 3,10:42:47,10:44:23,    96, 46.30, 33.20, 13.10
  12706628,  7037, 2,10:42:44,10:44:37,   113, 44.10, 33.00, 11.10
         0,     0, 3,10:44:31,10:44:41,    10, 33.20, 33.00,  0.20
         0,     0, 2,10:44:44,10:44:54,    10, 33.00, 44.10,-11.10
  12448482,     0, 8,10:41:53,10:44:56,   183, 40.90, 20.60, 20.30
  12706700,     0, 7,10:45:03,10:45:16,    13, 41.00, 41.00,  0.00
         0,     0, 8,10:45:05,10:45:27,    22, 20.60, 41.30,-20.70
  12706700,     0, 7,10:45:28,10:46:52,    84, 41.00, 29.40, 11.60
         0,     0, 7,10:46:59,10:47:14,    15, 29.40, 41.10,-11.70
  12200079,  5133, 1,10:46:56,10:48:28,    92, 41.30, 39.00,  2.30
         0,     0, 1,10:48:37,10:48:38,     1, 39.00, 41.40, -2.40
  13008738,  7159, 2,10:46:28,10:49:15,   167, 44.10, 23.00, 21.10
         0,     0, 2,10:49:23,10:49:43,    20, 23.00, 44.10,-21.10
  12706609,  7018, 1,10:48:49,10:49:49,    60, 41.30, 28.30, 13.00
         0,     0, 1,10:49:57,10:50:09,    12, 28.30, 41.30,-13.00
  12706642,  7051, 4,10:49:51,10:51:48,   117, 43.50, 30.50, 13.00
         0,     0, 4,10:51:56,10:52:08,    12, 30.50, 43.20,-12.70
  12448434,  6047, 3,10:54:36,10:54:54,    18, 46.20, 46.10,  0.10
  12448434,  6047, 3,10:55:28,10:56:39,    71, 46.10, 40.60,  5.50
         0,     0, 3,10:56:48,10:56:52,     4, 40.60, 46.10, -5.50
  12448408,  6021, 4,10:58:11,10:59:19,    68, 43.80, 26.70, 17.10
         0,     0, 4,10:59:27,10:59:42,    15, 26.70, 43.20,-16.50
  12706628,  7037, 3,11:06:52,11:07:51,    59, 46.20, 43.80,  2.40
         0,     0, 3,11:07:59,11:08:00,     1, 43.80, 46.20, -2.40
  12706624,  7033, 2,11:08:20,11:09:28,    68, 44.00, 43.80,  0.20
  13008748,  7169, 4,11:06:28,11:09:29,   181, 43.70, 38.80,  4.90
         0,     0, 4,11:09:36,11:09:40,     4, 38.80, 43.30, -4.50
  12706624,  7033, 2,11:09:38,11:11:27,   109, 43.80, 28.60, 15.20
  12706700,     0, 7,11:10:42,11:11:45,    63, 41.10, 33.60,  7.50
         0,     0, 2,11:11:35,11:11:49,    14, 28.60, 44.10,-15.50
         0,     0, 7,11:11:53,11:12:03,    10, 33.60, 41.10, -7.50
  12448451,     0, 7,11:12:13,11:13:01,    48, 41.10, 40.40,  0.70
  12448451,     0, 7,11:13:16,11:13:57,    41, 40.40, 37.20,  3.20
         0,     0, 7,11:14:05,11:14:09,     4, 37.20, 41.10, -3.90
  12448451,     0, 7,11:14:36,11:14:53,    17, 41.10, 38.70,  2.40
         0,     0, 7,11:15:02,11:15:04,     2, 38.70, 41.20, -2.50
  12448451,     0, 8,11:15:02,11:15:46,    44, 41.20, 40.10,  1.10
  11499184,  2074, 3,11:15:52,11:16:38,    46, 46.20, 29.30, 16.90
  13008748,  7169, 4,11:13:50,11:16:50,   180, 43.60, 36.30,  7.30
         0,     0, 3,11:16:46,11:17:00,    14, 29.30, 29.10,  0.20
         0,     0, 4,11:16:58,11:17:04,     6, 36.30, 43.30, -7.00
  12706614,  7023, 3,11:17:25,11:18:12,    47, 46.00, 45.70,  0.30
  12706614,  7023, 4,11:18:19,11:19:16,    57, 43.40, 28.70, 14.70
         0,     0, 4,11:19:25,11:19:39,    14, 28.70, 43.30,-14.60
  12448516,  6129, 3,11:18:22,11:19:47,    85, 45.80, 28.50, 17.30
         0,     0, 3,11:19:56,11:20:10,    14, 28.50, 28.40,  0.10
  13008774,  8015, 1,11:18:47,11:20:40,   113, 41.30, 28.90, 12.40
         0,     0, 1,11:20:48,11:20:59,    11, 28.90, 41.20,-12.30
  12706609,  7018, 1,11:22:12,11:22:50,    38, 41.20, 33.80,  7.40
         0,     0, 1,11:22:58,11:23:05,     7, 33.80, 41.30, -7.50
  12199951,  5005, 4,11:22:56,11:25:15,   139, 43.80, 32.90, 10.90
         0,     0, 4,11:25:23,11:25:33,    10, 32.90, 43.10,-10.20
  12448472,     0, 8,11:25:15,11:25:34,    19, 40.00, 39.80,  0.20
         0,     0, 8,11:25:42,11:25:42,     0, 39.80, 41.10, -1.30
  12448398,  6011, 3,11:26:28,11:26:34,     6, 46.00, 46.00,  0.00
  12448472,     0, 8,11:25:52,11:26:51,    59, 41.10, 40.30,  0.80
  12706628,  7037, 1,11:32:55,11:33:59,    64, 41.30, 32.60,  8.70
         0,     0, 1,11:34:07,11:34:15,     8, 32.60, 41.20, -8.60
  12706610,  7019, 1,11:42:57,11:43:07,    10, 41.30, 41.20,  0.10
  12706628,  7037, 4,11:47:07,11:47:44,    37, 44.30, 41.30,  3.00
         0,     0, 4,11:47:52,11:47:53,     1, 41.30, 43.40, -2.10
  12706610,  7019, 3,11:47:15,11:48:24,    69, 46.00, 28.50, 17.50
         0,     0, 3,11:48:31,11:48:46,    15, 28.50, 28.30,  0.20
  11724205,     0, 7,11:45:05,11:49:47,   282, 41.20, 33.60,  7.60
         0,     0, 7,11:49:55,11:50:05,    10, 33.60, 41.00, -7.40
  12706628,  7037, 3,11:51:49,11:52:06,    17, 46.20, 44.60,  1.60
  12706628,  7037, 3,11:52:33,11:53:14,    41, 44.60, 43.20,  1.40
         0,     0, 3,11:53:21,11:53:22,     1, 43.20, 46.20, -3.00
  12448415,  6028, 3,11:54:03,11:54:26,    23, 46.20, 46.30, -0.10
  12706705,     0, 8,11:54:19,11:54:39,    20, 40.00, 39.60,  0.40
         0,     0, 8,11:54:48,11:54:49,     1, 39.60, 41.10, -1.50
  12706705,     0, 8,11:55:09,11:55:10,     1, 40.20, 40.20,  0.00
  12448415,  6028, 4,11:54:31,11:56:20,   109, 43.40, 27.70, 15.70
  12706705,     0, 8,11:55:22,11:56:41,    79, 40.20, 32.90,  7.30
         0,     0, 4,11:56:28,11:56:43,    15, 27.70, 43.30,-15.60
         0,     0, 8,11:56:48,11:56:56,     8, 32.90, 41.30, -8.40
  12448437,  6050, 1,11:54:54,11:58:50,   236, 41.20, 19.10, 22.10
         0,     0, 1,11:58:58,11:59:20,    22, 19.10, 41.20,-22.10
  12200079,  5133, 4,11:57:30,11:59:43,   133, 43.60, 25.50, 18.10
         0,     0, 4,11:59:51,12:00:07,    16, 25.50, 43.10,-17.60
  13008774,  8015, 3,11:59:59,12:01:44,   105, 46.40, 36.80,  9.60
         0,     0, 3,12:01:53,12:02:00,     7, 36.80, 36.80,  0.00
  13008774,  8015, 3,12:03:07,12:03:40,    33, 46.20, 45.10,  1.10
  12706727,     0, 7,12:05:31,12:05:34,     3, 41.00, 41.00,  0.00
  12706618,  7027, 3,12:05:03,12:05:41,    38, 45.20, 36.80,  8.40
  13008748,  7169, 4,12:02:18,12:05:49,   211, 43.00, 39.00,  4.00
         0,     0, 3,12:05:49,12:05:56,     7, 36.80, 36.70,  0.10
         0,     0, 4,12:05:57,12:06:01,     4, 39.00, 43.40, -4.40
  12706727,     0, 8,12:06:49,12:07:40,    51, 41.20, 33.50,  7.70
         0,     0, 8,12:07:48,12:07:55,     7, 33.50, 41.20, -7.70
  12706656,  7065, 2,12:09:45,12:11:16,    91, 43.90, 27.90, 16.00
         0,     0, 2,12:11:24,12:11:39,    15, 27.90, 44.10,-16.20
  12706737,  7146, 4,12:12:33,12:12:39,     6, 43.60, 43.20,  0.40
  12448472,     0, 8,12:12:02,12:13:14,    72, 41.20, 41.10,  0.10
  12706707,     0, 8,12:13:31,12:13:32,     1, 41.00, 41.10, -0.10
  12199951,  5005, 3,12:14:52,12:17:33,   161, 46.20, 35.20, 11.00
         0,     0, 3,12:17:40,12:17:49,     9, 35.20, 35.10,  0.10
  12706737,  7146, 4,12:17:45,12:18:46,    61, 43.30, 33.30, 10.00
         0,     0, 4,12:18:54,12:19:03,     9, 33.30, 43.20, -9.90
  12448472,     0, 8,12:21:42,12:23:18,    96, 41.00, 33.10,  7.90
         0,     0, 8,12:23:27,12:23:35,     8, 33.10, 41.30, -8.20
  12448472,     0, 8,12:23:46,12:24:54,    68, 41.30, 37.00,  4.30
         0,     0, 8,12:25:01,12:25:05,     4, 37.00, 41.20, -4.20
  13008748,  7169, 4,12:23:37,12:26:23,   166, 43.90, 41.20,  2.70
         0,     0, 4,12:26:31,12:26:33,     2, 41.20, 43.10, -1.90
  12706618,  7027, 4,12:33:26,12:33:59,    33, 42.90, 37.60,  5.30
         0,     0, 4,12:34:07,12:34:12,     5, 37.60, 43.20, -5.60
  12706737,  7146, 4,12:37:19,12:37:23,     4, 43.30, 43.30,  0.00
  12706621,  7030, 4,12:40:49,12:41:46,    57, 43.50, 27.50, 16.00
         0,     0, 4,12:41:54,12:42:09,    15, 27.50, 43.20,-15.70
  12706615,  7024, 3,12:41:39,12:42:48,    69, 46.10, 44.70,  1.40
  12706737,  7146, 3,12:43:02,12:43:44,    42, 44.70, 42.20,  2.50
         0,     0, 3,12:43:52,12:43:54,     2, 42.20, 42.20,  0.00
  12706737,  7146, 3,12:44:04,12:44:49,    45, 46.20, 40.50,  5.70
  12448415,  6028, 4,12:43:05,12:44:53,   108, 43.30, 34.20,  9.10
         0,     0, 3,12:44:57,12:45:01,     4, 40.50, 45.90, -5.40
         0,     0, 4,12:45:00,12:45:09,     9, 34.20, 43.20, -9.00
  12706615,  7024, 4,12:47:30,12:49:06,    96, 43.30, 29.80, 13.50
         0,     0, 4,12:49:13,12:49:26,    13, 29.80, 43.20,-13.40
  12706656,  7065, 4,12:54:56,12:55:52,    56, 43.50, 36.40,  7.10
         0,     0, 4,12:56:00,12:56:06,     6, 36.40, 43.20, -6.80
  12200091,  5145, 2,12:57:28,12:58:38,    70, 44.00, 25.80, 18.20
         0,     0, 2,12:58:45,12:59:02,    17, 25.80, 44.10,-18.30
  12706601,  7010, 2,12:59:12,13:00:33,    81, 44.10, 31.20, 12.90
         0,     0, 2,13:00:41,13:00:53,    12, 31.20, 44.20,-13.00
  12706618,  7027, 3,13:03:00,13:03:22,    22, 46.00, 41.50,  4.50
         0,     0, 3,13:03:31,13:03:34,     3, 41.50, 46.10, -4.60
  12706618,  7027, 4,13:03:41,13:04:03,    22, 43.20, 37.60,  5.60
         0,     0, 4,13:04:11,13:04:16,     5, 37.60, 37.60,  0.00
  12448521,  6134, 4,13:04:26,13:04:53,    27, 43.30, 39.20,  4.10
         0,     0, 4,13:05:01,13:05:04,     3, 39.20, 39.20,  0.00
  12706737,  7146, 1,13:03:04,13:06:09,   185, 41.30, 36.80,  4.50
         0,     0, 1,13:06:16,13:06:19,     3, 36.80, 41.30, -4.50
  12448521,  6134, 4,13:05:17,13:06:23,    66, 43.20, 29.20, 14.00
         0,     0, 4,13:06:30,13:06:43,    13, 29.20, 43.20,-14.00
  12706601,  7010, 2,13:07:50,13:07:53,     3, 44.20, 44.10,  0.10
  11954042,  4072, 2,13:09:03,13:09:15,    12, 44.10, 44.10,  0.00
  11954042,  4072, 2,13:09:49,13:11:52,   123, 44.10, 44.20, -0.10
  12706615,  7024, 1,13:13:25,13:14:22,    57, 41.30, 32.60,  8.70
         0,     0, 1,13:14:29,13:14:37,     8, 32.60, 41.20, -8.60
  11724205,     0, 7,13:12:58,13:17:02,   244, 41.00, 40.00,  1.00
  11954042,  4072, 4,13:18:55,13:19:03,     8, 43.80, 43.40,  0.40
  11724205,     0, 7,13:17:37,13:21:40,   243, 40.10, 38.70,  1.40
         0,     0, 7,13:21:48,13:21:50,     2, 38.70, 41.10, -2.40
  11724172,     0, 7,13:23:02,13:23:04,     2, 41.10, 41.10,  0.00
  11724172,     0, 7,13:23:15,13:23:18,     3, 41.50, 41.00,  0.50
  12448482,     0, 7,13:23:28,13:23:45,    17, 41.10, 41.00,  0.10
  11724205,     0, 8,13:22:25,13:23:45,    80, 41.10, 41.00,  0.10
  12448482,     0, 7,13:24:23,13:24:30,     7, 41.00, 41.00,  0.00
  13008738,  7159, 4,13:23:44,13:26:16,   152, 43.50, 23.60, 19.90
         0,     0, 4,13:26:23,13:26:42,    19, 23.60, 23.60,  0.00
  12706621,  7030, 3,13:25:59,13:27:09,    70, 46.20, 37.30,  8.90
  12448482,     0, 8,13:24:41,13:27:21,   160, 41.00, 31.30,  9.70
         0,     0, 3,13:27:17,13:27:24,     7, 37.30, 37.20,  0.10
         0,     0, 8,13:27:28,13:27:38,    10, 31.30, 41.20, -9.90
  12706621,  7030, 4,13:27:23,13:27:48,    25, 43.50, 36.70,  6.80
         0,     0, 4,13:27:55,13:28:01,     6, 36.70, 43.30, -6.60
  11724172,     0, 8,13:28:27,13:28:36,     9, 41.20, 40.90,  0.30
  12448482,     0, 8,13:29:11,13:30:17,    66, 37.90, 27.50, 10.40
         0,     0, 8,13:30:24,13:30:38,    14, 27.50, 41.20,-13.70
  12200081,  5135, 3,13:30:29,13:32:17,   108, 46.20, 25.00, 21.20
         0,     0, 3,13:32:24,13:32:42,    18, 25.00, 24.90,  0.10
  12706628,  7037, 1,13:30:45,13:34:16,   211, 41.20, 27.90, 13.30
         0,     0, 1,13:34:24,13:34:37,    13, 27.90, 41.30,-13.40
  12200086,  5140, 3,13:36:32,13:36:52,    20, 46.20, 43.40,  2.80
         0,     0, 3,13:37:00,13:37:01,     1, 43.40, 46.20, -2.80
  12200086,  5140, 3,13:37:16,13:37:26,    10, 46.30, 44.40,  1.90
  12200086,  5140, 1,13:38:43,13:39:19,    36, 41.30, 34.60,  6.70
         0,     0, 1,13:39:28,13:39:34,     6, 34.60, 41.30, -6.70
  12706601,  7010, 4,13:39:58,13:41:45,   107, 43.50, 26.70, 16.80
         0,     0, 4,13:41:52,13:42:08,    16, 26.70, 43.30,-16.60
  12448451,     0, 7,13:45:26,13:45:35,     9, 41.00, 41.00,  0.00
  11499117,  2007, 2,13:52:32,13:53:16,    44, 44.10, 32.30, 11.80
  12448434,  6047, 1,13:52:24,13:53:22,    58, 41.30, 40.30,  1.00
         0,     0, 2,13:53:24,13:53:35,    11, 32.30, 44.10,-11.80
  12448434,  6047, 1,13:53:33,13:55:25,   112, 40.30, 23.20, 17.10
  12448434,  6047, 2,13:55:31,13:55:44,    13, 44.10, 43.50,  0.60
         0,     0, 1,13:55:34,13:55:51,    17, 23.20, 41.40,-18.20
  11499231,     0, 8,13:56:09,13:58:00,   111, 40.60, 30.40, 10.20
         0,     0, 8,13:58:09,13:58:20,    11, 30.40, 41.30,-10.90
  12200083,  5137, 2,13:57:21,13:58:41,    80, 43.50, 30.30, 13.20
         0,     0, 2,13:58:50,13:59:03,    13, 30.30, 44.10,-13.80
  12200083,  5137, 2,13:59:28,13:59:53,    25, 44.00, 39.70,  4.30
         0,     0, 2,14:00:01,14:00:04,     3, 39.70, 44.10, -4.40
  12448472,     0, 7,13:59:48,14:00:38,    50, 40.90, 39.80,  1.10
         0,     0, 7,14:00:47,14:00:48,     1, 39.80, 40.80, -1.00
  12448472,     0, 7,14:01:07,14:01:53,    46, 40.50, 38.90,  1.60
         0,     0, 7,14:02:01,14:02:03,     2, 38.90, 41.10, -2.20
  12200085,  5139, 4,14:01:41,14:02:16,    35, 43.50, 34.40,  9.10
         0,     0, 4,14:02:24,14:02:32,     8, 34.40, 43.20, -8.80
  11499117,  2007, 4,14:02:55,14:03:19,    24, 43.20, 40.60,  2.60
         0,     0, 4,14:03:27,14:03:29,     2, 40.60, 43.20, -2.60
  12706610,  7019, 4,14:12:31,14:13:37,    66, 43.30, 26.60, 16.70
         0,     0, 4,14:13:46,14:14:03,    17, 26.60, 43.20,-16.60
  11499117,  2007, 3,14:14:59,14:15:27,    28, 44.50, 35.80,  8.70
         0,     0, 3,14:15:36,14:15:44,     8, 35.80, 35.80,  0.00
  12706707,     0, 8,14:15:58,14:16:14,    16, 41.20, 41.20,  0.00
  12706707,     0, 8,14:16:30,14:16:54,    24, 41.20, 36.70,  4.50
         0,     0, 8,14:17:02,14:17:06,     4, 36.70, 41.30, -4.60
  12448420,  6033, 4,14:15:36,14:17:16,   100, 43.60, 33.70,  9.90
         0,     0, 4,14:17:24,14:17:33,     9, 33.70, 43.10, -9.40
  12448434,  6047, 1,14:18:05,14:18:54,    49, 41.40, 37.40,  4.00
         0,     0, 1,14:19:02,14:19:05,     3, 37.40, 41.30, -3.90
  12200083,  5137, 2,14:19:09,14:19:33,    24, 44.10, 38.50,  5.60
  21268732,  6126, 4,14:18:26,14:19:35,    69, 43.20, 41.00,  2.20
         0,     0, 2,14:19:41,14:19:45,     4, 38.50, 44.10, -5.60
         0,     0, 4,14:19:44,14:19:46,     2, 41.00, 43.10, -2.10
  12448518,  6131, 2,14:20:45,14:20:58,    13, 44.00, 44.10, -0.10
  12448518,  6131, 1,14:21:13,14:21:17,     4, 41.30, 41.30,  0.00
  12706620,  7029, 3,14:20:36,14:22:00,    84, 46.20, 33.40, 12.80
         0,     0, 3,14:22:09,14:22:19,    10, 33.40, 46.10,-12.70
  21268732,  6126, 4,14:19:56,14:23:14,   198, 43.10, 22.10, 21.00
  12448518,  6131, 2,14:21:31,14:23:19,   108, 44.10, 20.60, 23.50
         0,     0, 4,14:23:22,14:23:43,    21, 22.10, 43.20,-21.10
         0,     0, 2,14:23:28,14:23:52,    24, 20.60, 44.10,-23.50
  21268732,  6126, 4,14:23:53,14:25:11,    78, 43.50, 37.10,  6.40
         0,     0, 4,14:25:19,14:25:24,     5, 37.10, 43.10, -6.00
  12706707,     0, 8,14:29:01,14:29:13,    12, 38.80, 36.00,  2.80
         0,     0, 8,14:29:22,14:29:27,     5, 36.00, 41.20, -5.20
  11724167,  3067, 2,14:32:38,14:33:36,    58, 44.10, 26.20, 17.90
         0,     0, 2,14:33:44,14:34:01,    17, 26.20, 44.10,-17.90
  12448472,     0, 8,14:34:00,14:34:03,     3, 41.20, 41.20,  0.00
  11953971,  4001, 3,14:34:26,14:34:42,    16, 46.20, 46.10,  0.10
  12706642,  7051, 4,14:34:14,14:34:57,    43, 43.50, 36.90,  6.60
         0,     0, 4,14:35:05,14:35:11,     6, 36.90, 37.00, -0.10
  12706642,  7051, 4,14:35:29,14:35:36,     7, 43.30, 40.40,  2.90
         0,     0, 4,14:35:44,14:35:46,     2, 40.40, 43.10, -2.70
  12448472,     0, 7,14:36:12,14:36:51,    39, 41.10, 41.10,  0.00
  11953971,  4001, 4,14:35:56,14:38:07,   131, 43.30, 18.80, 24.50
  12706642,  7051, 3,14:36:08,14:38:25,   137, 46.10, 26.00, 20.10
         0,     0, 4,14:38:15,14:38:39,    24, 18.80, 43.30,-24.50
         0,     0, 3,14:38:32,14:38:49,    17, 26.00, 25.80,  0.20
  12706642,  7051, 4,14:38:56,14:39:03,     7, 43.60, 43.90, -0.30
  12706609,  7018, 1,14:59:07,15:00:12,    65, 41.30, 26.90, 14.40
         0,     0, 1,15:00:20,15:00:34,    14, 26.90, 41.30,-14.40
  12706613,  7022, 3,15:04:44,15:04:57,    13, 46.20, 46.00,  0.20
  12706613,  7022, 4,15:05:13,15:05:57,    44, 43.80, 33.60, 10.20
         0,     0, 4,15:06:05,15:06:14,     9, 33.60, 33.70, -0.10
  11954042,  4072, 4,15:06:44,15:07:04,    20, 43.30, 43.40, -0.10
  11954042,  4072, 4,15:07:16,15:07:30,    14, 43.60, 42.20,  1.40
  12706727,     0, 7,15:12:39,15:13:36,    57, 41.10, 34.80,  6.30
         0,     0, 7,15:13:44,15:13:52,     8, 34.80, 41.10, -6.30
  11724205,     0, 7,15:31:35,15:35:21,   226, 41.10, 35.60,  5.50
         0,     0, 7,15:35:29,15:35:36,     7, 35.60, 41.10, -5.50
  12706705,     0, 8,15:52:02,15:54:34,   152, 40.90, 26.30, 14.60
         0,     0, 8,15:54:43,15:54:58,    15, 26.30, 41.20,-14.90
  11499184,  2074, 3,16:08:08,16:09:03,    55, 45.90, 22.30, 23.60
         0,     0, 3,16:09:12,16:09:32,    20, 22.30, 22.40, -0.10
  13008774,  8015, 4,16:08:04,16:09:49,   105, 42.10, 28.70, 13.40
  12448392,  6005, 1,16:08:38,16:09:58,    80, 41.30, 16.60, 24.70
         0,     0, 4,16:09:56,16:10:10,    14, 28.70, 43.00,-14.30
  12200079,  5133, 2,16:08:59,16:10:14,    75, 44.10, 25.40, 18.70
         0,     0, 1,16:10:05,16:10:30,    25, 16.60, 41.30,-24.70
         0,     0, 2,16:10:21,16:10:40,    19, 25.40, 44.10,-18.70
  12706613,  7022, 2,16:10:51,16:11:11,    20, 44.10, 44.10,  0.00
  12448417,  6030, 2,16:11:21,16:11:36,    15, 44.10, 40.70,  3.40
         0,     0, 2,16:11:44,16:11:46,     2, 40.70, 44.00, -3.30
  12199951,  5005, 4,16:10:20,16:12:34,   134, 43.00, 29.10, 13.90
         0,     0, 4,16:12:42,16:12:56,    14, 29.10, 43.20,-14.10
  12448417,  6030, 1,16:11:59,16:13:12,    73, 41.30, 18.50, 22.80
         0,     0, 1,16:13:20,16:13:42,    22, 18.50, 41.30,-22.80
  12706634,  7043, 2,16:13:03,16:13:49,    46, 44.10, 33.60, 10.50
  12448391,  6004, 3,16:10:51,16:13:51,   180, 46.20, 29.10, 17.10
  12448517,  6130, 4,16:13:06,16:14:02,    56, 43.30, 40.30,  3.00
         0,     0, 2,16:13:56,16:14:06,    10, 33.60, 44.10,-10.50
         0,     0, 4,16:14:10,16:14:12,     2, 40.30, 43.10, -2.80
         0,     0, 3,16:13:59,16:14:13,    14, 29.10, 29.10,  0.00
  12448415,  6028, 1,16:14:16,16:14:37,    21, 41.30, 41.20,  0.10
  12448517,  6130, 4,16:14:26,16:14:46,    20, 43.10, 43.40, -0.30
  12706613,  7022, 4,16:14:56,16:15:33,    37, 43.40, 40.60,  2.80
         0,     0, 4,16:15:41,16:15:43,     2, 40.60, 43.10, -2.50
  12448415,  6028, 1,16:14:48,16:16:25,    97, 41.20, 28.40, 12.80
  12706656,  7065, 2,16:15:08,16:16:33,    85, 44.00, 32.10, 11.90
         0,     0, 1,16:16:33,16:16:45,    12, 28.40, 41.20,-12.80
         0,     0, 2,16:16:40,16:16:51,    11, 32.10, 44.00,-11.90
  12448516,  6129, 4,16:16:02,16:17:28,    86, 43.30, 22.90, 20.40
  12706618,  7027, 3,16:16:26,16:17:38,    72, 46.00, 32.90, 13.10
         0,     0, 3,16:17:45,16:17:56,    11, 32.90, 32.80,  0.10
         0,     0, 4,16:17:37,16:17:57,    20, 22.90, 43.20,-20.30
  12448521,  6134, 1,16:17:09,16:18:08,    59, 41.20, 28.20, 13.00
  12448434,  6047, 2,16:17:51,16:18:11,    20, 44.10, 42.90,  1.20
         0,     0, 1,16:18:15,16:18:27,    12, 28.20, 41.20,-13.00
  12706621,  7030, 4,16:18:11,16:18:55,    44, 43.40, 35.30,  8.10
  12448516,  6129, 3,16:18:10,16:18:59,    49, 46.10, 41.80,  4.30
         0,     0, 3,16:19:06,16:19:09,     3, 41.80, 46.00, -4.20
         0,     0, 4,16:19:03,16:19:10,     7, 35.30, 43.00, -7.70
  12448420,  6033, 1,16:18:46,16:19:25,    39, 41.20, 38.60,  2.60
         0,     0, 1,16:19:32,16:19:34,     2, 38.60, 41.30, -2.70
  11954042,  4072, 3,16:19:19,16:20:26,    67, 46.00, 26.80, 19.20
  12448408,  6021, 2,16:19:02,16:20:30,    88, 42.90, 23.90, 19.00
         0,     0, 3,16:20:34,16:20:50,    16, 26.80, 26.70,  0.10
         0,     0, 2,16:20:37,16:20:57,    20, 23.90, 44.10,-20.20
  12200086,  5140, 4,16:20:34,16:21:49,    75, 43.30, 32.80, 10.50
         0,     0, 4,16:21:56,16:22:06,    10, 32.80, 43.20,-10.40
  11499117,  2007, 2,16:21:54,16:22:46,    52, 44.10, 35.10,  9.00
         0,     0, 2,16:22:54,16:23:02,     8, 35.10, 44.20, -9.10
  12706613,  7022, 4,16:23:40,16:24:21,    41, 43.50, 37.10,  6.40
         0,     0, 4,16:24:29,16:24:35,     6, 37.10, 43.30, -6.20
  12706624,  7033, 3,16:23:46,16:24:34,    48, 46.10, 44.70,  1.40
  12706609,  7018, 2,16:24:06,16:24:37,    31, 44.20, 37.80,  6.40
         0,     0, 2,16:24:45,16:24:50,     5, 37.80, 44.00, -6.20
  12706614,  7023, 3,16:25:24,16:26:01,    37, 44.70, 44.50,  0.20
  12706614,  7023, 4,16:26:06,16:26:31,    25, 43.00, 40.20,  2.80
         0,     0, 4,16:26:38,16:26:40,     2, 40.20, 43.30, -3.10
  12448434,  6047, 2,16:25:55,16:26:44,    49, 44.00, 41.70,  2.30
         0,     0, 2,16:26:51,16:26:52,     1, 41.70, 44.00, -2.30
  12448517,  6130, 1,16:25:03,16:26:57,   114, 41.30, 25.70, 15.60
         0,     0, 1,16:27:04,16:27:19,    15, 25.70, 41.30,-15.60
  13008748,  7169, 4,16:26:50,16:27:44,    54, 43.20, 42.30,  0.90
  12448437,  6050, 3,16:27:59,16:28:55,    56, 44.60, 35.80,  8.80
  12706737,  7146, 4,16:29:00,16:29:07,     7, 42.20, 42.10,  0.10
         0,     0, 3,16:29:03,16:29:11,     8, 35.80, 35.80,  0.00
  12706634,  7043, 2,16:28:10,16:29:30,    80, 44.00, 30.20, 13.80
         0,     0, 2,16:29:37,16:29:50,    13, 30.20, 44.00,-13.80
  12706624,  7033, 1,16:28:26,16:30:24,   118, 41.30, 17.40, 23.90
  12706737,  7146, 3,16:29:26,16:30:52,    86, 46.20, 39.20,  7.00
         0,     0, 1,16:30:31,16:30:54,    23, 17.40, 41.30,-23.90
  12200085,  5139, 4,16:30:03,16:30:57,    54, 42.10, 33.80,  8.30
         0,     0, 3,16:30:59,16:31:04,     5, 39.20, 46.00, -6.80
         0,     0, 4,16:31:04,16:31:13,     9, 33.80, 43.10, -9.30
  12200081,  5135, 3,16:32:07,16:32:46,    39, 46.00, 37.30,  8.70
         0,     0, 3,16:32:53,16:33:00,     7, 37.30, 37.10,  0.20
  12448420,  6033, 4,16:34:05,16:35:37,    92, 43.00, 34.20,  8.80
         0,     0, 4,16:35:45,16:35:53,     8, 34.20, 43.10, -8.90
  12706630,  7039, 2,16:34:31,16:36:16,   105, 44.00, 29.20, 14.80
  12706630,  7039, 1,16:36:19,16:36:25,     6, 41.30, 41.30,  0.00
         0,     0, 2,16:36:23,16:36:37,    14, 29.20, 44.10,-14.90
  12706618,  7027, 2,16:39:07,16:39:46,    39, 44.00, 36.00,  8.00
  12448415,  6028, 1,16:39:02,16:39:54,    52, 41.30, 41.10,  0.20
         0,     0, 2,16:39:53,16:40:00,     7, 36.00, 44.10, -8.10
  12706628,  7037, 3,16:40:11,16:40:21,    10, 46.10, 46.10,  0.00
  12706610,  7019, 4,16:39:52,16:40:42,    50, 43.20, 31.40, 11.80
         0,     0, 4,16:40:50,16:41:01,    11, 31.40, 43.20,-11.80
  13008774,  8015, 1,16:40:15,16:41:37,    82, 41.10, 33.50,  7.60
  12448415,  6028, 2,16:40:19,16:41:45,    86, 44.10, 32.50, 11.60
         0,     0, 1,16:41:45,16:41:52,     7, 33.50, 41.20, -7.70
         0,     0, 2,16:41:52,16:42:03,    11, 32.50, 44.00,-11.50
  12706614,  7023, 3,16:41:06,16:42:20,    74, 46.20, 28.00, 18.20
         0,     0, 3,16:42:28,16:42:43,    15, 28.00, 28.00,  0.00
  13008774,  8015, 1,16:43:22,16:43:44,    22, 41.30, 39.40,  1.90
         0,     0, 1,16:43:51,16:43:52,     1, 39.40, 41.30, -1.90
  12200091,  5145, 4,16:45:25,16:45:36,    11, 43.40, 43.00,  0.40
  12200091,  5145, 4,16:46:01,16:47:00,    59, 43.60, 22.80, 20.80
  12200083,  5137, 1,16:46:19,16:47:02,    43, 41.30, 33.40,  7.90
         0,     0, 1,16:47:10,16:47:18,     8, 33.40, 41.30, -7.90
         0,     0, 4,16:47:08,16:47:28,    20, 22.80, 43.20,-20.40
  12199951,  5005, 4,16:47:45,16:47:54,     9, 43.30, 43.00,  0.30
  12199951,  5005, 4,16:48:50,16:50:25,    95, 43.30, 36.40,  6.90
         0,     0, 4,16:50:33,16:50:39,     6, 36.40, 43.20, -6.80
  12706601,  7010, 2,16:47:45,16:51:27,   222, 44.00, 28.00, 16.00
  12448521,  6134, 4,16:50:50,16:51:36,    46, 43.20, 33.90,  9.30
         0,     0, 2,16:51:34,16:51:50,    16, 28.00, 44.00,-16.00
         0,     0, 4,16:51:43,16:51:52,     9, 33.90, 43.20, -9.30
  12448408,  6021, 2,16:52:02,16:52:43,    41, 44.00, 32.50, 11.50
         0,     0, 2,16:52:50,16:53:01,    11, 32.50, 44.10,-11.60
  12706613,  7022, 1,16:53:17,16:53:55,    38, 41.30, 35.00,  6.30
         0,     0, 1,16:54:02,16:54:07,     5, 35.00, 41.20, -6.20
  12706737,  7146, 4,16:52:08,16:54:10,   122, 43.60, 33.40, 10.20
  11724217,  3117, 3,16:53:00,16:54:12,    72, 46.10, 28.40, 17.70
         0,     0, 4,16:54:18,16:54:26,     8, 33.40, 38.60, -5.20
         0,     0, 3,16:54:20,16:54:35,    15, 28.40, 28.40,  0.00
  12706620,  7029, 4,16:54:44,16:55:07,    23, 41.70, 40.60,  1.10
         0,     0, 4,16:55:14,16:55:16,     2, 40.60, 43.10, -2.50
  12448437,  6050, 2,16:53:56,16:55:28,    92, 44.10, 34.40,  9.70
         0,     0, 2,16:55:35,16:55:44,     9, 34.40, 44.10, -9.70
  12706737,  7146, 3,16:54:45,16:55:50,    65, 45.90, 45.00,  0.90
  12706620,  7029, 4,16:55:27,16:56:30,    63, 43.60, 34.80,  8.80
  12448518,  6131, 3,16:56:06,16:56:41,    35, 44.90, 37.50,  7.40
         0,     0, 4,16:56:37,16:56:45,     8, 34.80, 43.10, -8.30
         0,     0, 3,16:56:48,16:56:54,     6, 37.50, 37.40,  0.10
  12448521,  6134, 3,16:57:42,16:58:05,    23, 46.20, 44.50,  1.70
  12706609,  7018, 4,17:01:01,17:01:40,    39, 42.90, 37.70,  5.20
         0,     0, 4,17:01:48,17:01:53,     5, 37.70, 43.30, -5.60
  12448392,  6005, 1,17:00:59,17:02:01,    62, 41.20, 29.80, 11.40
  12706628,  7037, 2,17:01:12,17:02:01,    49, 44.10, 40.80,  3.30
         0,     0, 2,17:02:09,17:02:11,     2, 40.80, 44.10, -3.30
         0,     0, 1,17:02:09,17:02:20,    11, 29.80, 41.20,-11.40
  12706628,  7037, 1,17:02:37,17:02:50,    13, 41.20, 39.00,  2.20
         0,     0, 1,17:02:57,17:02:58,     1, 39.00, 41.20, -2.20
  12706628,  7037, 1,17:03:11,17:03:41,    30, 41.20, 39.60,  1.60
         0,     0, 1,17:03:49,17:03:50,     1, 39.60, 41.20, -1.60
  13008748,  7169, 4,17:02:03,17:03:47,   104, 43.30, 41.30,  2.00
         0,     0, 4,17:03:55,17:03:56,     1, 41.30, 43.20, -1.90
  12448516,  6129, 2,17:03:24,17:04:14,    50, 44.00, 31.10, 12.90
         0,     0, 2,17:04:23,17:04:35,    12, 31.10, 44.20,-13.10
  12448420,  6033, 3,17:03:54,17:04:43,    49, 44.50, 41.40,  3.10
         0,     0, 3,17:04:50,17:04:53,     3, 41.40, 46.00, -4.60
  11724167,  3067, 4,17:05:20,17:06:13,    53, 43.30, 25.90, 17.40
         0,     0, 4,17:06:20,17:06:37,    17, 25.90, 43.10,-17.20
  12200081,  5135, 3,17:06:57,17:07:49,    52, 46.10, 35.80, 10.30
         0,     0, 3,17:07:57,17:08:05,     8, 35.80, 35.80,  0.00
  13008738,  7159, 2,17:05:48,17:08:42,   174, 44.20, 26.60, 17.60
         0,     0, 2,17:08:50,17:09:07,    17, 26.60, 44.10,-17.50
  12706642,  7051, 2,17:09:16,17:10:05,    49, 44.10, 37.00,  7.10
         0,     0, 2,17:10:14,17:10:20,     6, 37.00, 44.10, -7.10
  12706620,  7029, 1,17:10:39,17:11:28,    49, 41.20, 36.60,  4.60
         0,     0, 1,17:11:36,17:11:40,     4, 36.60, 41.30, -4.70
  12706727,     0, 7,17:11:49,17:12:16,    27, 41.10, 37.90,  3.20
         0,     0, 7,17:12:23,17:12:27,     4, 37.90, 41.00, -3.10
  12448398,  6011, 3,17:12:15,17:12:49,    34, 46.10, 42.60,  3.50
         0,     0, 3,17:12:57,17:12:59,     2, 42.60, 46.20, -3.60
  12448398,  6011, 4,17:13:03,17:13:34,    31, 43.40, 39.40,  4.00
         0,     0, 4,17:13:42,17:13:45,     3, 39.40, 43.20, -3.80
  12448451,     0, 7,17:13:26,17:13:57,    31, 40.90, 40.10,  0.80
  12448451,     0, 7,17:14:48,17:14:59,    11, 30.10, 30.10,  0.00
         0,     0, 7,17:15:07,17:15:22,    15, 30.10, 41.10,-11.00
  12448451,     0, 7,17:15:33,17:15:48,    15, 40.90, 41.00, -0.10
  12200085,  5139, 2,17:14:50,17:15:47,    57, 44.10, 28.30, 15.80
  12448518,  6131, 4,17:15:56,17:16:05,     9, 43.20, 43.00,  0.20
         0,     0, 2,17:15:56,17:16:11,    15, 28.30, 44.10,-15.80
  12448408,  6021, 4,17:16:27,17:17:26,    59, 43.10, 29.30, 13.80
         0,     0, 4,17:17:33,17:17:47,    14, 29.30, 43.20,-13.90
  12706610,  7019, 2,17:17:11,17:18:18,    67, 44.10, 30.20, 13.90
         0,     0, 2,17:18:26,17:18:41,    15, 30.20, 43.90,-13.70
  12448482,     0, 8,17:18:20,17:19:00,    40, 41.00, 40.80,  0.20
  12706700,     0, 7,17:19:05,17:19:08,     3, 41.00, 41.00,  0.00
         0,     0, 8,17:19:56,17:20:04,     8, 33.50, 41.20, -7.70
  12448426,  6039, 1,17:19:00,17:20:22,    82, 41.30, 23.30, 18.00
  12706700,     0, 7,17:20:18,17:20:33,    15, 41.00, 38.60,  2.40
         0,     0, 7,17:20:41,17:20:44,     3, 38.60, 41.10, -2.50
         0,     0, 1,17:20:30,17:20:47,    17, 23.30, 41.30,-18.00
  12448518,  6131, 2,17:21:33,17:22:10,    37, 43.80, 35.60,  8.20
         0,     0, 2,17:22:18,17:22:25,     7, 35.60, 44.10, -8.50
  12448391,  6004, 3,17:19:23,17:22:24,   181, 46.30, 27.50, 18.80
         0,     0, 3,17:22:32,17:22:47,    15, 27.50, 27.40,  0.10
  12706613,  7022, 2,17:22:37,17:23:08,    31, 44.10, 39.10,  5.00
         0,     0, 2,17:23:17,17:23:20,     3, 39.10, 44.00, -4.90
  12448482,     0, 8,17:23:27,17:23:53,    26, 41.20, 41.10,  0.10
  11724172,     0, 7,17:24:00,17:24:11,    11, 41.10, 41.00,  0.10
  12448482,     0, 7,17:24:29,17:24:31,     2, 40.90, 40.90,  0.00
  12706613,  7022, 1,17:24:37,17:24:56,    19, 41.30, 38.70,  2.60
         0,     0, 1,17:25:05,17:25:07,     2, 38.70, 41.30, -2.60
  12448482,     0, 8,17:24:38,17:25:07,    29, 41.20, 41.00,  0.20
  12706614,  7023, 4,17:25:40,17:26:30,    50, 43.60, 29.30, 14.30
         0,     0, 4,17:26:38,17:26:51,    13, 29.30, 43.30,-14.00
  12706642,  7051, 2,17:27:01,17:27:11,    10, 44.00, 42.20,  1.80
  12706642,  7051, 1,17:27:52,17:28:05,    13, 41.30, 38.90,  2.40
         0,     0, 1,17:28:13,17:28:14,     1, 38.90, 41.30, -2.40
  11953971,  4001, 3,17:27:07,17:28:35,    88, 46.10, 33.40, 12.70
         0,     0, 3,17:28:43,17:28:53,    10, 33.40, 33.40,  0.00
  12706642,  7051, 1,17:28:49,17:29:33,    44, 41.30, 39.10,  2.20
         0,     0, 1,17:29:42,17:29:43,     1, 39.10, 41.20, -2.10
  12706620,  7029, 2,17:29:30,17:30:26,    56, 42.20, 36.50,  5.70
         0,     0, 2,17:30:35,17:30:41,     6, 36.50, 44.10, -7.60
  11724217,  3117, 2,17:30:51,17:31:46,    55, 44.10, 30.50, 13.60
         0,     0, 2,17:31:54,17:32:07,    13, 30.50, 44.20,-13.70
  12706630,  7039, 1,17:31:23,17:33:30,   127, 41.20, 30.30, 10.90
         0,     0, 1,17:33:38,17:33:48,    10, 30.30, 41.30,-11.00
  12706628,  7037, 2,17:32:42,17:34:07,    85, 44.20, 40.80,  3.40
         0,     0, 2,17:34:15,17:34:17,     2, 40.80, 44.10, -3.30
  12448472,     0, 8,17:32:48,17:34:46,   118, 40.90, 36.50,  4.40
         0,     0, 8,17:34:54,17:34:58,     4, 36.50, 41.20, -4.70
  12448472,     0, 8,17:35:08,17:35:14,     6, 41.20, 41.00,  0.20
  12706628,  7037, 1,17:34:28,17:35:33,    65, 41.30, 39.50,  1.80
         0,     0, 1,17:35:41,17:35:42,     1, 39.50, 41.30, -1.80
  12706628,  7037, 1,17:36:19,17:36:57,    38, 41.30, 39.20,  2.10
         0,     0, 1,17:37:06,17:37:07,     1, 39.20, 41.30, -2.10
  12706620,  7029, 2,17:40:14,17:40:41,    27, 44.10, 43.20,  0.90
  12706634,  7043, 1,17:41:22,17:41:37,    15, 41.30, 41.30,  0.00
  12706707,     0, 7,17:42:43,17:43:02,    19, 40.90, 39.50,  1.40
         0,     0, 7,17:43:11,17:43:12,     1, 39.50, 41.10, -1.60
  12706634,  7043, 1,17:41:48,17:43:20,    92, 41.30, 33.50,  7.80
         0,     0, 1,17:43:28,17:43:35,     7, 33.50, 41.20, -7.70
  12200085,  5139, 4,17:42:23,17:43:41,    78, 43.40, 31.80, 11.60
         0,     0, 4,17:43:50,17:44:01,    11, 31.80, 43.10,-11.30
  12706634,  7043, 2,17:43:54,17:44:38,    44, 43.20, 35.50,  7.70
         0,     0, 2,17:44:46,17:44:53,     7, 35.50, 44.10, -8.60
  12706615,  7024, 4,17:45:32,17:45:59,    27, 43.20, 43.30, -0.10
  12706615,  7024, 3,17:46:11,17:48:46,   155, 46.20, 24.60, 21.60
  12448434,  6047, 1,17:47:43,17:48:59,    76, 41.30, 30.50, 10.80
         0,     0, 3,17:48:54,17:49:12,    18, 24.60, 24.50,  0.10
         0,     0, 1,17:49:07,17:49:17,    10, 30.50, 41.20,-10.70
  13008748,  7169, 4,17:46:15,17:50:26,   251, 43.40, 33.70,  9.70
         0,     0, 4,17:50:35,17:50:44,     9, 33.70, 43.20, -9.50
  12706707,     0, 7,17:55:28,17:55:33,     5, 41.10, 40.50,  0.60
  12706707,     0, 8,17:55:46,17:55:48,     2, 39.60, 39.60,  0.00
  12448521,  6134, 4,17:54:55,17:55:58,    63, 43.50, 28.30, 15.20
         0,     0, 4,17:56:06,17:56:20,    14, 28.30, 43.10,-14.80
  12448417,  6030, 3,17:57:30,17:57:34,     4, 46.30, 46.10,  0.20
  12448417,  6030, 4,17:58:26,17:58:31,     5, 43.40, 42.90,  0.50
  12448417,  6030, 4,17:58:41,17:59:47,    66, 42.90, 24.90, 18.00
         0,     0, 4,17:59:56,18:00:13,    17, 24.90, 43.20,-18.30
  11954042,  4072, 2,17:59:56,18:01:17,    81, 44.10, 28.60, 15.50
         0,     0, 2,18:01:25,18:01:40,    15, 28.60, 44.00,-15.40
  12448426,  6039, 4,18:04:12,18:05:01,    49, 43.10, 31.80, 11.30
  11724217,  3117, 3,18:04:14,18:05:08,    54, 46.20, 35.60, 10.60
         0,     0, 4,18:05:10,18:05:21,    11, 31.80, 43.00,-11.20
         0,     0, 3,18:05:16,18:05:25,     9, 35.60, 40.60, -5.00
  12706620,  7029, 4,18:06:35,18:07:15,    40, 43.20, 37.20,  6.00
         0,     0, 4,18:07:23,18:07:29,     6, 37.20, 43.20, -6.00
  11724205,     0, 7,18:05:36,18:10:13,   277, 40.50, 31.30,  9.20
         0,     0, 7,18:10:21,18:10:34,    13, 31.30, 41.10, -9.80
  12448434,  6047, 3,18:12:00,18:12:11,    11, 46.40, 45.90,  0.50
  12448398,  6011, 3,18:12:21,18:13:52,    91, 45.80, 30.70, 15.10
         0,     0, 3,18:14:00,18:14:13,    13, 30.70, 30.60,  0.10
  12448415,  6028, 1,18:12:56,18:14:34,    98, 41.20, 28.40, 12.80
         0,     0, 1,18:14:43,18:14:55,    12, 28.40, 41.20,-12.80
  13008748,  7169, 4,18:13:14,18:15:52,   158, 43.50, 40.90,  2.60
         0,     0, 4,18:16:00,18:16:02,     2, 40.90, 43.30, -2.40
  13008748,  7169, 4,18:16:17,18:17:23,    66, 43.40, 41.10,  2.30
         0,     0, 4,18:17:32,18:17:34,     2, 41.10, 43.30, -2.20
  12706727,     0, 8,18:17:37,18:18:10,    33, 35.30, 32.80,  2.50
         0,     0, 8,18:18:19,18:18:27,     8, 32.80, 41.30, -8.50
  12448434,  6047, 3,18:17:52,18:18:42,    50, 46.40, 40.50,  5.90
         0,     0, 3,18:18:51,18:18:55,     4, 40.50, 46.20, -5.70
  12706621,  7030, 4,18:18:11,18:19:01,    50, 43.40, 30.40, 13.00
         0,     0, 4,18:19:09,18:19:21,    12, 30.40, 43.20,-12.80
  12706610,  7019, 2,18:18:09,18:19:27,    78, 44.00, 37.60,  6.40
         0,     0, 2,18:19:35,18:19:40,     5, 37.60, 44.20, -6.60
  12706737,  7146, 2,18:21:47,18:23:41,   114, 44.10, 29.90, 14.20
         0,     0, 2,18:23:49,18:24:02,    13, 29.90, 44.00,-14.10
  12448420,  6033, 4,18:24:24,18:24:55,    31, 43.50, 43.30,  0.20
  12448517,  6130, 1,18:28:36,18:30:08,    92, 41.20, 26.70, 14.50
         0,     0, 1,18:30:15,18:30:29,    14, 26.70, 41.20,-14.50
  11724167,  3067, 4,18:31:47,18:31:49,     2, 43.20, 43.70, -0.50
  12448420,  6033, 4,18:31:59,18:32:59,    60, 43.80, 37.50,  6.30
         0,     0, 4,18:33:07,18:33:12,     5, 37.50, 43.20, -5.70
  12448434,  6047, 3,18:35:28,18:36:17,    49, 46.10, 41.00,  5.10
         0,     0, 3,18:36:25,18:36:28,     3, 41.00, 40.90,  0.10
  11724217,  3117, 1,18:39:28,18:40:16,    48, 41.20, 30.00, 11.20
         0,     0, 1,18:40:24,18:40:34,    10, 30.00, 41.40,-11.40
  12706624,  7033, 3,18:40:13,18:40:55,    42, 46.50, 46.00,  0.50
  12706621,  7030, 2,18:40:57,18:41:47,    50, 44.00, 32.50, 11.50
         0,     0, 2,18:41:55,18:42:05,    10, 32.50, 44.10,-11.60
  12706624,  7033, 4,18:41:07,18:42:13,    66, 43.20, 41.00,  2.20
         0,     0, 4,18:42:21,18:42:23,     2, 41.00, 43.30, -2.30
  12706618,  7027, 4,18:42:44,18:43:28,    44, 43.30, 33.90,  9.40
  12706624,  7033, 3,18:42:53,18:43:31,    38, 46.10, 37.90,  8.20
         0,     0, 3,18:43:39,18:43:45,     6, 37.90, 37.70,  0.20
         0,     0, 4,18:43:36,18:43:45,     9, 33.90, 43.20, -9.30
  12448518,  6131, 4,18:48:37,18:49:21,    44, 43.20, 31.50, 11.70
         0,     0, 4,18:49:29,18:49:40,    11, 31.50, 43.10,-11.60
  12706601,  7010, 1,18:48:58,18:50:07,    69, 41.40, 32.50,  8.90
         0,     0, 1,18:50:14,18:50:22,     8, 32.50, 41.20, -8.70
  12706601,  7010, 2,18:50:18,18:50:48,    30, 44.10, 40.60,  3.50
         0,     0, 2,18:50:55,18:50:57,     2, 40.60, 44.20, -3.60
  12200079,  5133, 4,18:50:05,18:51:15,    70, 43.10, 22.10, 21.00
  13008774,  8015, 1,18:50:32,18:51:30,    58, 41.20, 34.40,  6.80
         0,     0, 4,18:51:23,18:51:43,    20, 22.10, 43.20,-21.10
         0,     0, 1,18:51:38,18:51:44,     6, 34.40, 41.30, -6.90
  12448392,  6005, 2,18:51:07,18:52:15,    68, 44.20, 35.10,  9.10
         0,     0, 2,18:52:23,18:52:31,     8, 35.10, 44.00, -8.90
  12448420,  6033, 4,18:51:53,18:53:16,    83, 43.30, 37.00,  6.30
         0,     0, 4,18:53:25,18:53:31,     6, 37.00, 43.30, -6.30
  13008774,  8015, 2,18:53:33,18:53:38,     5, 44.00, 43.90,  0.10
  12706624,  7033, 2,18:54:59,18:55:08,     9, 43.90, 43.90,  0.00
  12200086,  5140, 1,18:54:49,18:56:42,   113, 41.30, 26.60, 14.70
  12706624,  7033, 2,18:55:40,18:56:43,    63, 43.90, 34.90,  9.00
         0,     0, 2,18:56:51,18:57:00,     9, 34.90, 44.00, -9.10
         0,     0, 1,18:56:49,18:57:04,    15, 26.60, 41.20,-14.60
  12200091,  5145, 2,18:58:26,18:58:35,     9, 44.10, 44.10,  0.00
  12200091,  5145, 2,18:58:48,18:59:10,    22, 44.10, 44.00,  0.10
  12448415,  6028, 3,18:57:54,18:59:14,    80, 46.20, 36.20, 10.00
         0,     0, 3,18:59:22,18:59:30,     8, 36.20, 46.10, -9.90
  12200091,  5145, 1,18:59:16,18:59:55,    39, 41.20, 41.30, -0.10
  12706610,  7019, 4,19:00:55,19:01:31,    36, 43.40, 35.20,  8.20
         0,     0, 4,19:01:39,19:01:46,     7, 35.20, 43.20, -8.00
  12706656,  7065, 2,19:02:19,19:02:25,     6, 44.00, 44.00,  0.00
  12706700,     0, 7,19:04:00,19:04:20,    20, 41.10, 38.00,  3.10
         0,     0, 7,19:04:29,19:04:33,     4, 38.00, 41.00, -3.00
  12706609,  7018, 2,19:05:09,19:05:19,    10, 44.00, 44.00,  0.00
  12706609,  7018, 1,19:05:29,19:05:37,     8, 41.30, 41.30,  0.00
  12200091,  5145, 1,19:05:49,19:06:20,    31, 41.30, 40.80,  0.50
  12706609,  7018, 3,19:06:16,19:07:05,    49, 46.10, 36.10, 10.00
         0,     0, 3,19:07:13,19:07:21,     8, 36.10, 36.10,  0.00
  12706656,  7065, 1,19:07:12,19:08:26,    74, 40.80, 26.80, 14.00
  12706707,     0, 7,19:08:39,19:08:44,     5, 41.00, 41.00,  0.00
         0,     0, 1,19:08:34,19:08:48,    14, 26.80, 41.30,-14.50
  12706707,     0, 8,19:08:58,19:08:59,     1, 40.70, 40.70,  0.00
  12200091,  5145, 3,19:08:06,19:09:07,    61, 46.40, 26.00, 20.40
  12706618,  7027, 2,19:09:21,19:09:27,     6, 44.00, 43.90,  0.10
         0,     0, 3,19:09:15,19:09:32,    17, 26.00, 26.00,  0.00
  12706628,  7037, 3,19:09:42,19:10:18,    36, 26.00, 42.70,-16.70
  12448516,  6129, 4,19:08:56,19:10:22,    86, 43.30, 27.00, 16.30
         0,     0, 3,19:10:26,19:10:28,     2, 42.70, 46.40, -3.70
         0,     0, 4,19:10:29,19:10:45,    16, 27.00, 43.20,-16.20
  12448472,     0, 8,19:11:44,19:12:10,    26, 40.70, 40.00,  0.70
         0,     0, 8,19:12:19,19:12:19,     0, 40.00, 39.80,  0.20
  12706628,  7037, 4,19:11:10,19:12:21,    71, 43.50, 38.80,  4.70
         0,     0, 4,19:12:29,19:12:33,     4, 38.80, 43.20, -4.40
  12448472,     0, 7,19:12:29,19:13:29,    60, 41.00, 35.40,  5.60
         0,     0, 7,19:13:38,19:13:45,     7, 35.40, 41.10, -5.70
  12706737,  7146, 3,19:13:22,19:15:43,   141, 46.40, 42.60,  3.80
         0,     0, 3,19:15:50,19:15:52,     2, 42.60, 46.30, -3.70
  13008774,  8015, 3,19:16:30,19:16:33,     3, 46.50, 46.30,  0.20
  12706737,  7146, 2,19:17:04,19:17:18,    14, 43.90, 43.90,  0.00
  13008774,  8015, 4,19:16:40,19:17:48,    68, 43.50, 35.10,  8.40
  12448518,  6131, 3,19:17:04,19:17:48,    44, 46.50, 35.00, 11.50
         0,     0, 4,19:17:56,19:18:04,     8, 35.10, 43.10, -8.00
         0,     0, 3,19:17:57,19:18:06,     9, 35.00, 34.80,  0.20
  12200081,  5135, 4,19:19:15,19:20:27,    72, 43.30, 26.50, 16.80
         0,     0, 4,19:20:35,19:20:51,    16, 26.50, 43.10,-16.60
  12706618,  7027, 3,19:21:11,19:21:22,    11, 46.30, 46.00,  0.30
  12706618,  7027, 4,19:21:31,19:22:24,    53, 43.60, 32.70, 10.90
         0,     0, 4,19:22:33,19:22:43,    10, 32.70, 43.10,-10.40
  12706613,  7022, 2,19:22:53,19:23:03,    10, 43.90, 43.90,  0.00
  12706707,     0, 8,19:22:57,19:23:04,     7, 39.80, 39.10,  0.70
         0,     0, 8,19:23:13,19:23:14,     1, 39.10, 41.20, -2.10
  12706614,  7023, 1,19:21:45,19:23:13,    88, 41.30, 37.30,  4.00
         0,     0, 1,19:23:21,19:23:24,     3, 37.30, 41.30, -4.00
  21268732,  6126, 4,19:24:11,19:24:39,    28, 43.50, 41.40,  2.10
  12706613,  7022, 1,19:23:34,19:24:40,    66, 41.30, 30.30, 11.00
         0,     0, 4,19:24:46,19:24:48,     2, 41.40, 43.20, -1.80
         0,     0, 1,19:24:49,19:24:59,    10, 30.30, 41.20,-10.90
  12200079,  5133, 4,19:24:58,19:25:59,    61, 43.10, 32.40, 10.70
         0,     0, 4,19:26:07,19:26:17,    10, 32.40, 43.10,-10.70
  12200086,  5140, 3,19:29:14,19:30:01,    47, 45.90, 36.40,  9.50
         0,     0, 3,19:30:09,19:30:16,     7, 36.40, 36.30,  0.10
  12448420,  6033, 4,19:29:44,19:31:07,    83, 43.60, 41.40,  2.20
         0,     0, 4,19:31:14,19:31:15,     1, 41.40, 43.10, -1.70
  13008906,     0, 8,19:31:00,19:31:18,    18, 41.20, 36.90,  4.30
         0,     0, 8,19:31:26,19:31:30,     4, 36.90, 41.20, -4.30
  12448415,  6028, 1,19:30:14,19:32:03,   109, 41.20, 33.40,  7.80
         0,     0, 1,19:32:12,19:32:19,     7, 33.40, 41.20, -7.80
  12448521,  6134, 4,19:31:25,19:32:26,    61, 43.20, 31.90, 11.30
  12706727,     0, 8,19:32:36,19:32:38,     2, 30.80, 30.80,  0.00
         0,     0, 4,19:32:35,19:32:45,    10, 31.90, 42.50,-10.60
         0,     0, 8,19:32:47,19:32:58,    11, 30.80, 41.20,-10.40
  13008906,     0, 8,19:34:17,19:34:24,     7, 41.20, 40.70,  0.50
  21268732,  6126, 4,19:34:45,19:34:57,    12, 42.80, 41.30,  1.50
         0,     0, 4,19:35:05,19:35:06,     1, 41.30, 43.30, -2.00
  12706615,  7024, 2,19:34:40,19:35:07,    27, 43.90, 43.80,  0.10
  12706615,  7024, 1,19:35:11,19:35:22,    11, 41.20, 41.20,  0.00
  12706615,  7024, 2,19:35:29,19:35:37,     8, 43.80, 43.70,  0.10
  12706634,  7043, 1,19:35:43,19:37:27,   104, 41.20, 24.10, 17.10
         0,     0, 1,19:37:35,19:37:52,    17, 24.10, 41.20,-17.10
  12706620,  7029, 2,19:37:53,19:37:59,     6, 43.80, 43.70,  0.10
  12706609,  7018, 2,19:38:10,19:38:14,     4, 43.80, 43.80,  0.00
  12706615,  7024, 1,19:38:16,19:38:18,     2, 41.30, 41.30,  0.00
  12706615,  7024, 2,19:38:46,19:39:21,    35, 43.80, 43.50,  0.30
  12200083,  5137, 1,19:39:42,19:39:51,     9, 41.30, 40.70,  0.60
  12448482,     0, 8,19:39:08,19:40:12,    64, 40.60, 40.20,  0.40
  12706620,  7029, 2,19:40:22,19:40:24,     2, 43.50, 43.50,  0.00
  12200083,  5137, 2,19:40:34,19:40:40,     6, 43.50, 43.50,  0.00
  12199951,  5005, 2,19:40:50,19:40:58,     8, 43.50, 43.50,  0.00
  12448482,     0, 8,19:40:45,19:41:16,    31, 38.70, 35.80,  2.90
         0,     0, 8,19:41:25,19:41:30,     5, 35.80, 41.20, -5.40
  12706620,  7029, 1,19:40:36,19:41:37,    61, 40.70, 30.10, 10.60
         0,     0, 1,19:41:45,19:41:55,    10, 30.10, 41.20,-11.10
  12448482,     0, 8,19:42:25,19:42:27,     2, 31.90, 31.90,  0.00
         0,     0, 8,19:42:35,19:42:44,     9, 31.90, 41.20, -9.30
  12706615,  7024, 2,19:43:02,19:44:27,    85, 43.50, 32.10, 11.40
  11954042,  4072, 3,19:43:06,19:44:38,    92, 46.30, 29.60, 16.70
         0,     0, 2,19:44:34,19:44:45,    11, 32.10, 44.10,-12.00
  12199951,  5005, 4,19:42:17,19:44:53,   156, 43.20, 28.80, 14.40
         0,     0, 3,19:44:46,19:44:59,    13, 29.60, 29.50,  0.10
         0,     0, 4,19:45:02,19:45:16,    14, 28.80, 43.20,-14.40
  12706700,     0, 8,19:45:36,19:45:37,     1, 41.20, 41.20,  0.00
  12706615,  7024, 1,19:44:49,19:45:49,    60, 41.20, 34.80,  6.40
         0,     0, 1,19:45:57,19:46:03,     6, 34.80, 41.20, -6.40
  12200083,  5137, 3,19:45:55,19:46:48,    53, 46.10, 33.20, 12.90
         0,     0, 3,19:46:56,19:47:06,    10, 33.20, 33.10,  0.10
  12706642,  7051, 4,19:45:26,19:47:52,   146, 43.20, 23.60, 19.60
         0,     0, 4,19:48:00,19:48:19,    19, 23.60, 43.40,-19.80
  12706620,  7029, 1,19:47:46,19:48:21,    35, 41.20, 37.50,  3.70
         0,     0, 1,19:48:29,19:48:32,     3, 37.50, 41.20, -3.70
  12200081,  5135, 1,19:48:42,19:49:32,    50, 41.20, 32.90,  8.30
         0,     0, 1,19:49:40,19:49:47,     7, 32.90, 41.40, -8.50
  13008738,  7159, 2,19:50:45,19:50:51,     6, 44.00, 44.00,  0.00
  12706613,  7022, 4,19:50:34,19:51:10,    36, 44.00, 37.70,  6.30
  21268732,  6126, 2,19:51:09,19:51:14,     5, 44.00, 44.00,  0.00
         0,     0, 4,19:51:17,19:51:22,     5, 37.70, 43.10, -5.40
  12706628,  7037, 4,19:52:31,19:53:04,    33, 43.00, 39.10,  3.90
  21268732,  6126, 1,19:51:17,19:53:06,   109, 41.40, 32.60,  8.80
         0,     0, 4,19:53:13,19:53:17,     4, 39.10, 43.20, -4.10
         0,     0, 1,19:53:13,19:53:21,     8, 32.60, 41.40, -8.80
  12706628,  7037, 4,19:53:27,19:54:19,    52, 43.20, 38.90,  4.30
         0,     0, 4,19:54:27,19:54:31,     4, 38.90, 43.20, -4.30
  12706700,     0, 7,19:54:51,19:54:55,     4, 41.10, 40.40,  0.70
  13008738,  7159, 1,19:55:15,19:56:08,    53, 41.40, 41.00,  0.40
  13008738,  7159, 2,19:56:23,19:56:41,    18, 44.00, 44.00,  0.00
  12706628,  7037, 3,19:57:01,19:57:41,    40, 46.20, 45.50,  0.70
  13008738,  7159, 4,19:57:43,19:57:54,    11, 43.30, 43.40, -0.10
  12448408,  6021, 4,19:58:05,19:59:40,    95, 43.70, 23.90, 19.80
         0,     0, 4,19:59:48,20:00:07,    19, 23.90, 43.20,-19.30
  13008738,  7159, 3,19:58:26,20:01:10,   164, 45.50, 24.60, 20.90
         0,     0, 3,20:01:18,20:01:36,    18, 24.60, 24.50,  0.10
  11499184,  2074, 2,20:02:45,20:02:50,     5, 44.00, 44.00,  0.00
  12706630,  7039, 2,20:03:02,20:03:48,    46, 44.00, 44.10, -0.10
  12200083,  5137, 3,20:04:34,20:04:50,    16, 46.40, 43.20,  3.20
         0,     0, 3,20:04:58,20:05:00,     2, 43.20, 46.30, -3.10
  12200086,  5140, 4,20:04:56,20:06:11,    75, 43.70, 35.10,  8.60
         0,     0, 4,20:06:19,20:06:27,     8, 35.10, 43.20, -8.10
  12706630,  7039, 1,20:03:54,20:06:34,   160, 41.00, 23.40, 17.60
         0,     0, 1,20:06:41,20:06:58,    17, 23.40, 41.30,-17.90
  12448420,  6033, 4,20:08:43,20:10:03,    80, 43.30, 37.70,  5.60
         0,     0, 4,20:10:10,20:10:15,     5, 37.70, 43.30, -5.60
  12706620,  7029, 1,20:12:38,20:13:38,    60, 41.30, 37.60,  3.70
         0,     0, 1,20:13:46,20:13:49,     3, 37.60, 41.20, -3.60
  12200085,  5139, 2,20:14:46,20:14:53,     7, 44.00, 44.00,  0.00
  11499184,  2074, 3,20:15:36,20:16:06,    30, 46.30, 35.20, 11.10
         0,     0, 3,20:16:13,20:16:22,     9, 35.20, 35.10,  0.10
  13008842,     0, 7,20:16:12,20:16:32,    20, 40.30, 34.20,  6.10
         0,     0, 7,20:16:40,20:16:49,     9, 34.20, 41.10, -6.90
  12200085,  5139, 1,20:16:20,20:17:28,    68, 41.20, 24.00, 17.20
         0,     0, 1,20:17:35,20:17:52,    17, 24.00, 41.30,-17.30
  12199951,  5005, 4,20:17:30,20:19:57,   147, 43.50, 37.00,  6.50
         0,     0, 4,20:20:05,20:20:11,     6, 37.00, 43.20, -6.20
  21268732,  6126, 1,20:18:03,20:20:30,   147, 41.30, 33.30,  8.00
         0,     0, 1,20:20:37,20:20:44,     7, 33.30, 41.20, -7.90
  21268732,  6126, 1,20:22:05,20:23:02,    57, 41.20, 38.90,  2.30
         0,     0, 1,20:23:10,20:23:11,     1, 38.90, 41.30, -2.40
  12706656,  7065, 4,20:24:14,20:25:18,    64, 43.30, 40.00,  3.30
  12448472,     0, 7,20:24:54,20:25:19,    25, 40.40, 39.80,  0.60
         0,     0, 4,20:25:25,20:25:28,     3, 40.00, 43.20, -3.20
         0,     0, 7,20:25:28,20:25:29,     1, 39.80, 41.10, -1.30
  12448472,     0, 8,20:25:35,20:25:36,     1, 39.00, 39.00,  0.00
         0,     0, 8,20:25:44,20:25:45,     1, 39.00, 41.20, -2.20
  12448472,     0, 8,20:25:58,20:26:13,    15, 41.20, 39.90,  1.30
         0,     0, 8,20:26:20,20:26:20,     0, 39.90, 41.00, -1.10
  12706642,  7051, 2,20:24:58,20:28:06,   188, 44.00, 32.80, 11.20
         0,     0, 2,20:28:13,20:28:23,    10, 32.80, 44.10,-11.30
  13008774,  8015, 4,20:27:37,20:28:40,    63, 43.30, 33.20, 10.10
         0,     0, 4,20:28:49,20:28:59,    10, 33.20, 43.10, -9.90
  11953971,  4001, 2,20:31:50,20:31:59,     9, 44.10, 44.10,  0.00
  13008774,  8015, 4,20:31:15,20:32:00,    45, 43.20, 41.40,  1.80
         0,     0, 4,20:32:08,20:32:09,     1, 41.40, 43.20, -1.80
  12448451,     0, 7,20:31:51,20:32:08,    17, 41.10, 41.00,  0.10
  11953971,  4001, 1,20:32:13,20:34:23,   130, 41.30, 20.10, 21.20
  13008842,     0, 8,20:34:23,20:34:44,    21, 41.00, 31.60,  9.40
  12448434,  6047, 4,20:32:29,20:34:46,   137, 43.20, 30.80, 12.40
         0,     0, 1,20:34:30,20:34:51,    21, 20.10, 41.30,-21.20
         0,     0, 8,20:34:51,20:35:01,    10, 31.60, 41.20, -9.60
         0,     0, 4,20:34:53,20:35:05,    12, 30.80, 43.20,-12.40
  12448437,  6050, 1,20:35:27,20:38:00,   153, 41.30, 25.20, 16.10
         0,     0, 1,20:38:07,20:38:22,    15, 25.20, 41.30,-16.10
  11724205,     0, 8,20:40:30,20:40:32,     2, 41.20, 41.20,  0.00
  11724205,     0, 8,20:40:42,20:41:52,    70, 41.20, 41.00,  0.20
  12706613,  7022, 4,20:41:09,20:42:10,    61, 43.30, 36.80,  6.50
         0,     0, 4,20:42:18,20:42:24,     6, 36.80, 43.20, -6.40
  11499231,     0, 7,20:43:16,20:43:58,    42, 41.00, 40.80,  0.20
  12448434,  6047, 3,20:43:59,20:44:38,    39, 46.10, 42.00,  4.10
         0,     0, 3,20:44:45,20:44:48,     3, 42.00, 41.90,  0.10
  11499231,     0, 7,20:46:50,20:46:52,     2, 24.20, 24.30, -0.10
         0,     0, 7,20:47:00,20:47:23,    23, 24.30, 41.10,-16.80
  12706624,  7033, 2,20:49:06,20:49:14,     8, 44.00, 44.00,  0.00
  12706624,  7033, 1,20:49:54,20:50:55,    61, 41.30, 41.00,  0.30
  12706630,  7039, 4,20:51:26,20:51:44,    18, 42.70, 40.80,  1.90
         0,     0, 4,20:51:52,20:51:54,     2, 40.80, 43.20, -2.40
  12706624,  7033, 2,20:53:23,20:53:28,     5, 44.10, 44.10,  0.00
  12200081,  5135, 3,20:52:55,20:53:38,    43, 46.30, 40.70,  5.60
         0,     0, 3,20:53:46,20:53:50,     4, 40.70, 46.20, -5.50
  12448426,  6039, 4,20:53:53,20:54:44,    51, 43.30, 31.60, 11.70
  12706624,  7033, 1,20:53:33,20:54:52,    79, 41.00, 30.90, 10.10
         0,     0, 4,20:54:51,20:55:02,    11, 31.60, 43.20,-11.60
         0,     0, 1,20:55:00,20:55:09,     9, 30.90, 41.30,-10.40
  12706618,  7027, 2,20:57:17,20:57:22,     5, 44.10, 44.00,  0.10
  12706618,  7027, 1,20:57:41,20:58:10,    29, 41.30, 39.00,  2.30
         0,     0, 1,20:58:19,20:58:20,     1, 39.00, 41.30, -2.30
  21268732,  6126, 1,20:58:30,21:01:01,   151, 41.30, 35.70,  5.60
         0,     0, 1,21:01:10,21:01:15,     5, 35.70, 41.30, -5.60
  12448521,  6134, 1,21:05:01,21:06:16,    75, 41.30, 29.90, 11.40
  12448391,  6004, 2,21:05:58,21:06:25,    27, 44.10, 44.10,  0.00
         0,     0, 1,21:06:25,21:06:35,    10, 29.90, 41.20,-11.30
  12706618,  7027, 1,21:08:35,21:09:22,    47, 41.20, 32.00,  9.20
         0,     0, 1,21:09:30,21:09:39,     9, 32.00, 41.30, -9.30
  12448517,  6130, 4,21:05:51,21:09:49,   238, 43.10, 28.80, 14.30
         0,     0, 4,21:09:57,21:10:11,    14, 28.80, 43.20,-14.40
  12448391,  6004, 1,21:11:54,21:12:51,    57, 41.30, 31.90,  9.40
         0,     0, 1,21:12:59,21:13:08,     9, 31.90, 41.20, -9.30
  11724167,  3067, 4,21:12:21,21:13:31,    70, 43.20, 21.90, 21.30
         0,     0, 4,21:13:38,21:13:58,    20, 21.90, 43.40,-21.50
  12706609,  7018, 1,21:13:18,21:14:30,    72, 41.20, 30.40, 10.80
         0,     0, 1,21:14:38,21:14:48,    10, 30.40, 41.30,-10.90
  11724167,  3067, 4,21:14:11,21:14:53,    42, 43.40, 27.60, 15.80
  12200091,  5145, 3,21:14:34,21:14:58,    24, 46.20, 46.10,  0.10
         0,     0, 4,21:15:01,21:15:16,    15, 27.60, 43.20,-15.60
  12200091,  5145, 4,21:15:28,21:16:49,    81, 43.30, 25.70, 17.60
  12448434,  6047, 3,21:16:13,21:17:00,    47, 46.20, 42.20,  4.00
         0,     0, 3,21:17:07,21:17:09,     2, 42.20, 46.10, -3.90
         0,     0, 4,21:16:57,21:17:14,    17, 25.70, 43.20,-17.50
  12448437,  6050, 3,21:25:22,21:26:45,    83, 46.20, 38.80,  7.40
         0,     0, 3,21:26:52,21:26:57,     5, 38.80, 38.70,  0.10
  12706614,  7023, 4,21:26:19,21:26:57,    38, 43.60, 43.50,  0.10
  12706614,  7023, 3,21:27:31,21:28:44,    73, 46.30, 29.10, 17.20
         0,     0, 3,21:28:52,21:29:06,    14, 29.10, 46.00,-16.90
  12448426,  6039, 1,21:31:28,21:32:14,    46, 41.30, 37.20,  4.10
         0,     0, 1,21:32:23,21:32:26,     3, 37.20, 41.40, -4.20
  12706620,  7029, 3,21:37:10,21:38:11,    61, 46.10, 40.20,  5.90
         0,     0, 3,21:38:19,21:38:23,     4, 40.20, 40.00,  0.20
  11954042,  4072, 1,21:41:06,21:41:10,     4, 41.30, 41.40, -0.10
  11954042,  4072, 1,21:41:21,21:43:01,   100, 41.40, 25.90, 15.50
         0,     0, 1,21:43:10,21:43:24,    14, 25.90, 41.20,-15.30
  11499117,  2007, 4,21:42:50,21:43:58,    68, 43.60, 30.60, 13.00
         0,     0, 4,21:44:05,21:44:17,    12, 30.60, 30.50,  0.10
  12706618,  7027, 3,21:47:31,21:47:45,    14, 46.10, 45.00,  1.10
  12706618,  7027, 4,21:47:53,21:48:22,    29, 43.70, 39.30,  4.40
         0,     0, 4,21:48:30,21:48:33,     3, 39.30, 43.20, -3.90
  12706610,  7019, 3,21:48:04,21:49:33,    89, 45.00, 31.50, 13.50
         0,     0, 3,21:49:41,21:49:53,    12, 31.50, 46.20,-14.70
  12706628,  7037, 1,21:51:59,21:53:01,    62, 41.20, 36.10,  5.10
         0,     0, 1,21:53:08,21:53:12,     4, 36.10, 41.30, -5.20
  12448518,  6131, 4,21:56:27,21:57:13,    46, 43.40, 32.40, 11.00
         0,     0, 4,21:57:21,21:57:31,    10, 32.40, 43.10,-10.70
  12706609,  7018, 4,21:59:26,21:59:58,    32, 43.30, 36.60,  6.70
         0,     0, 4,22:00:06,22:00:12,     6, 36.60, 43.20, -6.60
  12448437,  6050, 4,22:04:02,22:05:10,    68, 43.20, 36.50,  6.70
         0,     0, 4,22:05:18,22:05:25,     7, 36.50, 39.10, -2.60
  11499184,  2074, 1,22:07:03,22:07:31,    28, 41.30, 33.70,  7.60
         0,     0, 1,22:07:39,22:07:46,     7, 33.70, 41.20, -7.50
  11499117,  2007, 4,22:07:49,22:08:41,    52, 43.60, 35.20,  8.40
         0,     0, 4,22:08:49,22:08:56,     7, 35.20, 43.20, -8.00
  12448472,     0, 7,22:08:53,22:09:32,    39, 40.90, 40.00,  0.90
  12448472,     0, 7,22:09:48,22:10:07,    19, 39.90, 38.80,  1.10
         0,     0, 7,22:10:16,22:10:19,     3, 38.80, 41.10, -2.30
  12448417,  6030, 4,22:20:57,22:22:22,    85, 43.50, 29.30, 14.20
         0,     0, 4,22:22:30,22:22:43,    13, 29.30, 43.20,-13.90
  12448398,  6011, 2,22:20:17,22:23:00,   163, 44.00, 29.90, 14.10
         0,     0, 2,22:23:09,22:23:22,    13, 29.90, 44.10,-14.20
  12448398,  6011, 1,22:23:46,22:24:30,    44, 41.20, 31.70,  9.50
         0,     0, 1,22:24:38,22:24:47,     9, 31.70, 41.30, -9.60
  11953971,  4001, 3,22:25:24,22:26:57,    93, 46.20, 31.20, 15.00
         0,     0, 3,22:27:04,22:27:16,    12, 31.20, 31.10,  0.10
  11499117,  2007, 2,22:34:49,22:35:06,    17, 44.10, 44.10,  0.00
  11499117,  2007, 1,22:35:15,22:36:14,    59, 41.30, 33.50,  7.80
         0,     0, 1,22:36:23,22:36:30,     7, 33.50, 41.20, -7.70
  11724217,  3117, 3,22:43:59,22:45:17,    78, 46.20, 31.50, 14.70
         0,     0, 3,22:45:26,22:45:38,    12, 31.50, 31.40,  0.10
  12706700,     0, 7,22:47:07,22:48:02,    55, 41.10, 33.60,  7.50
         0,     0, 7,22:48:11,22:48:21,    10, 33.60, 41.10, -7.50
  12706615,  7024, 4,22:46:42,22:49:20,   158, 43.60, 31.20, 12.40
         0,     0, 4,22:49:28,22:49:39,    11, 31.20, 43.30,-12.10
  12448415,  6028, 1,22:49:22,22:50:58,    96, 41.20, 27.60, 13.60
         0,     0, 1,22:51:06,22:51:19,    13, 27.60, 41.30,-13.70
  12448516,  6129, 4,22:58:55,22:59:48,    53, 43.20, 28.10, 15.10
         0,     0, 4,22:59:55,23:00:09,    14, 28.10, 28.10,  0.00
  12200083,  5137, 4,23:03:45,23:04:47,    62, 43.30, 30.80, 12.50
         0,     0, 4,23:04:55,23:05:07,    12, 30.80, 43.20,-12.40
  12200083,  5137, 4,23:07:40,23:08:10,    30, 43.40, 36.80,  6.60
         0,     0, 4,23:08:19,23:08:25,     6, 36.80, 43.20, -6.40
  12448417,  6030, 2,23:07:20,23:08:27,    67, 44.10, 36.60,  7.50
         0,     0, 2,23:08:34,23:08:40,     6, 36.60, 44.20, -7.60
  12706621,  7030, 4,23:19:54,23:20:39,    45, 43.30, 31.80, 11.50
         0,     0, 4,23:20:46,23:20:56,    10, 31.80, 43.20,-11.40
  12448472,     0, 8,23:19:21,23:20:54,    93, 40.20, 37.80,  2.40
         0,     0, 8,23:21:01,23:21:04,     3, 37.80, 41.20, -3.40
  12706628,  7037, 1,23:26:56,23:28:41,   105, 41.30, 36.80,  4.50
         0,     0, 1,23:28:48,23:28:51,     3, 36.80, 41.30, -4.50
  12706634,  7043, 3,23:28:03,23:29:58,   115, 46.30, 46.00,  0.30
  12706642,  7051, 4,23:41:04,23:41:57,    53, 43.40, 38.00,  5.40
         0,     0, 4,23:42:05,23:42:09,     4, 38.00, 43.20, -5.20
  12706634,  7043, 3,23:42:39,23:44:10,    91, 46.20, 35.90, 10.30
         0,     0, 3,23:44:18,23:44:26,     8, 35.90, 35.90,  0.00
         0,     0, 1,23:44:51,23:45:01,    10, 41.30, 41.30,  0.00
         0,     0, 2,23:44:51,23:45:01,    10, 44.10, 44.10,  0.00
         0,     0, 3,23:44:51,23:45:01,    10, 46.20, 46.20,  0.00
         0,     0, 4,23:44:51,23:45:01,    10, 43.20, 43.20,  0.00
         0,     0, 5,23:44:51,23:45:01,    10, 11.80, 11.80,  0.00
         0,     0, 7,23:44:51,23:45:01,    10, 41.10, 41.10,  0.00
         0,     0, 8,23:44:51,23:45:01,    10, 41.20, 41.20,  0.00
