         0,     0, 5, 0:02:54, 0:03:04,    10, 40.50, 40.50,  0.00
         0,     0, 7, 0:02:54, 0:03:04,    10, 41.00, 41.00,  0.00
         0,     0, 8, 0:02:54, 0:03:04,    10, 27.10, 27.10,  0.00
         0,     0, 1, 0:02:54, 0:03:04,    10, 41.30, 41.30,  0.00
         0,     0, 2, 0:02:54, 0:03:04,    10, 44.10, 44.10,  0.00
         0,     0, 3, 0:02:54, 0:03:04,    10, 46.50, 46.50,  0.00
         0,     0, 4, 0:02:54, 0:03:04,    10, 43.20, 43.20,  0.00
  12200085,  5139, 4, 0:03:50, 0:05:02,    72, 43.20, 30.70, 12.50
         0,     0, 4, 0:05:09, 0:05:21,    12, 30.70, 43.00,-12.30
  12448434,  6047, 3, 0:05:44, 0:07:09,    85, 46.60, 37.60,  9.00
         0,     0, 3, 0:07:17, 0:07:23,     6, 37.60, 37.60,  0.00
  12448437,  6050, 4, 0:06:04, 0:07:50,   106, 43.10, 30.10, 13.00
         0,     0, 4, 0:07:58, 0:08:10,    12, 30.10, 30.20, -0.10
  12706700,     0, 7, 0:13:26, 0:13:55,    29, 41.10, 37.10,  4.00
         0,     0, 7, 0:14:04, 0:14:09,     5, 37.10, 41.10, -4.00
  11953971,  4001, 1, 0:15:01, 0:16:09,    68, 41.30, 29.20, 12.10
         0,     0, 1, 0:16:17, 0:16:28,    11, 29.20, 41.30,-12.10
  12706621,  7030, 3, 0:26:32, 0:27:15,    43, 46.60, 37.80,  8.80
         0,     0, 3, 0:27:24, 0:27:30,     6, 37.80, 37.80,  0.00
  11954008,  4038, 4, 0:27:47, 0:28:54,    67, 43.00, 30.00, 13.00
         0,     0, 4, 0:29:02, 0:29:14,    12, 30.00, 42.90,-12.90
  11724217,  3117, 1, 0:30:17, 0:31:56,    99, 41.30, 16.10, 25.20
  12448434,  6047, 3, 0:31:11, 0:32:13,    62, 46.50, 41.10,  5.40
         0,     0, 3, 0:32:20, 0:32:24,     4, 41.10, 46.40, -5.30
         0,     0, 1, 0:32:03, 0:32:27,    24, 16.10, 41.20,-25.10
  12706610,  7019, 4, 0:31:40, 0:32:48,    68, 43.90, 31.30, 12.60
         0,     0, 4, 0:32:56, 0:33:07,    11, 31.30, 42.90,-11.60
  13008774,  8015, 3, 0:32:42, 0:34:02,    80, 46.70, 36.80,  9.90
  12448415,  6028, 4, 0:33:19, 0:34:14,    55, 43.40, 38.50,  4.90
         0,     0, 3, 0:34:10, 0:34:17,     7, 36.80, 36.50,  0.30
         0,     0, 4, 0:34:21, 0:34:25,     4, 38.50, 42.80, -4.30
  12448415,  6028, 3, 0:34:38, 0:35:46,    68, 46.20, 41.30,  4.90
         0,     0, 3, 0:35:53, 0:35:56,     3, 41.30, 46.30, -5.00
  11954008,  4038, 4, 0:39:47, 0:40:32,    45, 42.90, 42.10,  0.80
  11499184,  2074, 2, 0:40:48, 0:41:13,    25, 44.10, 43.90,  0.20
  11499184,  2074, 2, 0:45:29, 0:46:27,    58, 43.90, 34.80,  9.10
         0,     0, 2, 0:46:36, 0:46:44,     8, 34.80, 44.20, -9.40
  12706615,  7024, 4, 0:49:07, 0:50:56,   109, 42.10, 28.70, 13.40
         0,     0, 4, 0:51:03, 0:51:16,    13, 28.70, 43.00,-14.30
  12706610,  7019, 4, 0:57:48, 0:58:30,    42, 43.10, 34.80,  8.30
         0,     0, 4, 0:58:37, 0:58:45,     8, 34.80, 43.00, -8.20
  13008774,  8015, 3, 0:59:30, 1:00:17,    47, 46.80, 42.60,  4.20
         0,     0, 3, 1:00:24, 1:00:26,     2, 42.60, 42.60,  0.00
  11499184,  2074, 2, 1:00:09, 1:00:54,    45, 44.20, 34.70,  9.50
         0,     0, 2, 1:01:02, 1:01:10,     8, 34.70, 44.20, -9.50
  12448437,  6050, 3, 1:00:39, 1:01:47,    68, 46.80, 36.10, 10.70
         0,     0, 3, 1:01:54, 1:02:02,     8, 36.10, 36.10,  0.00
  12448420,  6033, 2, 1:04:04, 1:05:39,    95, 44.20, 40.20,  4.00
         0,     0, 2, 1:05:47, 1:05:49,     2, 40.20, 44.00, -3.80
  12448420,  6033, 4, 1:07:09, 1:07:52,    43, 43.10, 38.70,  4.40
         0,     0, 4, 1:08:00, 1:08:04,     4, 38.70, 42.90, -4.20
  12448451,     0, 7, 1:11:01, 1:11:29,    28, 41.10, 41.00,  0.10
  12448451,     0, 8, 1:11:52, 1:12:27,    35, 26.90, 26.90,  0.00
         0,     0, 8, 1:12:35, 1:12:49,    14, 26.90, 41.20,-14.30
  12706634,  7043, 4, 1:12:08, 1:14:27,   139, 43.00, 31.20, 11.80
  13008738,  7159, 2, 1:13:42, 1:14:39,    57, 44.00, 43.40,  0.60
         0,     0, 4, 1:14:34, 1:14:45,    11, 31.20, 42.90,-11.70
  13008738,  7159, 2, 1:15:03, 1:15:10,     7, 43.40, 43.20,  0.20
  13008738,  7159, 2, 1:15:32, 1:17:45,   133, 43.20, 28.30, 14.90
         0,     0, 2, 1:17:53, 1:18:08,    15, 28.30, 44.20,-15.90
  12448516,  6129, 4, 1:17:01, 1:18:31,    90, 43.20, 36.00,  7.20
  21268732,  6126, 3, 1:18:24, 1:18:36,    12, 46.50, 45.70,  0.80
         0,     0, 4, 1:18:39, 1:18:45,     6, 36.00, 42.90, -6.90
  12706609,  7018, 2, 1:18:47, 1:19:48,    61, 44.20, 37.00,  7.20
         0,     0, 2, 1:19:56, 1:20:02,     6, 37.00, 44.10, -7.10
  12706737,  7146, 4, 1:20:16, 1:21:39,    83, 43.00, 37.80,  5.20
         0,     0, 4, 1:21:48, 1:21:53,     5, 37.80, 42.70, -4.90
  12706630,  7039, 2, 1:20:26, 1:22:35,   129, 44.10, 30.40, 13.70
  13008896,     0, 8, 1:22:51, 1:22:52,     1, 40.50, 40.50,  0.00
         0,     0, 2, 1:22:44, 1:22:57,    13, 30.40, 44.10,-13.70
  13008896,     0, 8, 1:24:01, 1:24:04,     3, 33.00, 33.00,  0.00
         0,     0, 8, 1:24:12, 1:24:20,     8, 33.00, 41.20, -8.20
  12448420,  6033, 4, 1:24:07, 1:25:13,    66, 42.80, 37.20,  5.60
         0,     0, 4, 1:25:21, 1:25:26,     5, 37.20, 43.00, -5.80
  11724205,     0, 8, 1:25:27, 1:25:29,     2, 41.30, 41.20,  0.10
  12200079,  5133, 1, 1:28:14, 1:28:20,     6, 41.20, 41.30, -0.10
  12706613,  7022, 3, 1:28:20, 1:29:45,    85, 45.70, 37.00,  8.70
         0,     0, 3, 1:29:54, 1:30:01,     7, 37.00, 36.90,  0.10
  12448518,  6131, 1, 1:29:07, 1:30:17,    70, 41.30, 28.90, 12.40
  12200079,  5133, 2, 1:28:27, 1:30:17,   110, 44.10, 16.70, 27.40
         0,     0, 1, 1:30:25, 1:30:37,    12, 28.90, 41.20,-12.30
         0,     0, 2, 1:30:26, 1:30:53,    27, 16.70, 44.20,-27.50
  12448521,  6134, 3, 1:34:14, 1:35:16,    62, 46.50, 38.30,  8.20
         0,     0, 3, 1:35:23, 1:35:29,     6, 38.30, 38.30,  0.00
  12706614,  7023, 3, 1:35:39, 1:36:30,    51, 46.50, 34.30, 12.20
         0,     0, 3, 1:36:38, 1:36:47,     9, 34.30, 34.30,  0.00
  12706601,  7010, 4, 1:39:55, 1:42:48,   173, 43.10, 21.00, 22.10
         0,     0, 4, 1:42:56, 1:43:17,    21, 21.00, 33.60,-12.60
  11499117,  2007, 4, 1:47:16, 1:48:08,    52, 43.20, 29.60, 13.60
  12448517,  6130, 2, 1:46:40, 1:48:16,    96, 44.20, 32.70, 11.50
         0,     0, 4, 1:48:15, 1:48:28,    13, 29.60, 42.80,-13.20
         0,     0, 2, 1:48:24, 1:48:34,    10, 32.70, 44.20,-11.50
  11724205,     0, 7, 1:45:54, 1:52:11,   377, 41.00, 40.80,  0.20
  11954042,  4072, 2, 1:51:09, 1:52:54,   105, 44.20, 29.60, 14.60
         0,     0, 2, 1:53:03, 1:53:16,    13, 29.60, 44.10,-14.50
  11724205,     0, 7, 1:52:49, 1:54:36,   107, 40.80, 40.80,  0.00
  21268732,  6126, 1, 1:54:25, 1:54:40,    15, 41.20, 41.20,  0.00
  21268732,  6126, 1, 1:54:55, 1:55:14,    19, 41.10, 40.60,  0.50
  12706634,  7043, 3, 1:54:54, 1:55:58,    64, 46.30, 38.70,  7.60
         0,     0, 3, 1:56:05, 1:56:11,     6, 38.70, 38.70,  0.00
  21268732,  6126, 1, 1:56:36, 1:56:54,    18, 40.60, 39.90,  0.70
         0,     0, 1, 1:57:01, 1:57:01,     0, 39.90, 41.10, -1.20
  21268732,  6126, 1, 1:57:57, 1:58:48,    51, 41.10, 39.40,  1.70
         0,     0, 1, 1:58:57, 1:58:58,     1, 39.40, 41.20, -1.80
  12706613,  7022, 4, 1:58:52, 1:59:24,    32, 43.10, 38.50,  4.60
         0,     0, 4, 1:59:31, 1:59:35,     4, 38.50, 42.70, -4.20
  12706613,  7022, 3, 1:59:54, 2:00:08,    14, 46.70, 44.80,  1.90
  12706621,  7030, 2, 2:01:18, 2:02:26,    68, 44.10, 29.70, 14.40
         0,     0, 2, 2:02:35, 2:02:48,    13, 29.70, 44.10,-14.40
  12706630,  7039, 4, 2:03:46, 2:04:38,    52, 42.60, 36.00,  6.60
         0,     0, 4, 2:04:45, 2:04:52,     7, 36.00, 43.00, -7.00
  21268732,  6126, 1, 2:07:21, 2:07:40,    19, 41.20, 40.50,  0.70
  13008774,  8015, 3, 2:09:06, 2:10:12,    66, 45.10, 39.30,  5.80
         0,     0, 3, 2:10:20, 2:10:25,     5, 39.30, 39.30,  0.00
  12706609,  7018, 2, 2:09:34, 2:10:36,    62, 44.10, 36.60,  7.50
         0,     0, 2, 2:10:43, 2:10:49,     6, 36.60, 44.10, -7.50
  12448518,  6131, 1, 2:12:11, 2:12:16,     5, 40.50, 40.50,  0.00
  12706618,  7027, 3, 2:11:31, 2:12:30,    59, 46.60, 35.60, 11.00
         0,     0, 3, 2:12:37, 2:12:45,     8, 35.60, 35.60,  0.00
  12448420,  6033, 4, 2:13:30, 2:16:03,   153, 43.20, 34.60,  8.60
         0,     0, 4, 2:16:10, 2:16:18,     8, 34.60, 34.70, -0.10
  12200079,  5133, 4, 2:21:15, 2:21:41,    26, 43.10, 42.60,  0.50
  12200083,  5137, 4, 2:25:22, 2:26:13,    51, 42.40, 32.20, 10.20
         0,     0, 4, 2:26:21, 2:26:31,    10, 32.20, 43.00,-10.80
  12706656,  7065, 2, 2:27:44, 2:28:39,    55, 44.10, 30.90, 13.20
         0,     0, 2, 2:28:46, 2:28:58,    12, 30.90, 44.10,-13.20
  12706620,  7029, 1, 2:48:13, 2:50:52,   159, 40.50, 25.00, 15.50
         0,     0, 1, 2:50:59, 2:51:15,    16, 25.00, 41.30,-16.30
  12706618,  7027, 2, 3:00:54, 3:01:24,    30, 44.10, 38.80,  5.30
         0,     0, 2, 3:01:32, 3:01:36,     4, 38.80, 44.10, -5.30
  12706615,  7024, 2, 3:15:48, 3:17:55,   127, 44.10, 28.60, 15.50
         0,     0, 2, 3:18:02, 3:18:16,    14, 28.60, 44.10,-15.50
  12706656,  7065, 4, 3:23:19, 3:24:54,    95, 43.40, 32.70, 10.70
         0,     0, 4, 3:25:02, 3:25:12,    10, 32.70, 43.00,-10.30
  21268732,  6126, 1, 4:31:32, 4:32:15,    43, 41.40, 40.20,  1.20
  21268732,  6126, 1, 4:32:45, 4:33:09,    24, 40.20, 37.70,  2.50
         0,     0, 1, 4:33:17, 4:33:20,     3, 37.70, 41.20, -3.50
  21268732,  6126, 1, 4:34:58, 4:35:35,    37, 41.20, 38.70,  2.50
         0,     0, 1, 4:35:43, 4:35:45,     2, 38.70, 41.30, -2.60
  13008748,  7169, 4, 5:23:40, 5:24:43,    63, 43.10, 41.90,  1.20
         0,     0, 4, 5:24:51, 5:24:51,     0, 41.90, 42.70, -0.80
  11499117,  2007, 4, 6:24:15, 6:25:23,    68, 42.40, 24.00, 18.40
  12448434,  6047, 1, 6:25:24, 6:25:36,    12, 41.40, 41.40,  0.00
         0,     0, 4, 6:25:32, 6:25:50,    18, 24.00, 43.00,-19.00
  12448434,  6047, 2, 6:25:45, 6:27:07,    82, 44.00, 29.70, 14.30
         0,     0, 2, 6:27:14, 6:27:27,    13, 29.70, 44.10,-14.40
  12448434,  6047, 1, 6:27:18, 6:27:52,    34, 41.40, 36.50,  4.90
         0,     0, 1, 6:28:00, 6:28:04,     4, 36.50, 41.30, -4.80
  12199951,  5005, 2, 6:27:37, 6:28:03,    26, 44.10, 44.00,  0.10
  12448521,  6134, 3, 6:27:43, 6:28:30,    47, 46.30, 45.30,  1.00
  12448521,  6134, 4, 6:28:45, 6:28:53,     8, 43.20, 43.30, -0.10
  12706613,  7022, 2, 6:28:53, 6:28:58,     5, 44.00, 44.00,  0.00
  12448417,  6030, 3, 6:29:00, 6:29:15,    15, 45.40, 45.40,  0.00
  12448417,  6030, 4, 6:29:20, 6:30:40,    80, 43.40, 25.70, 17.70
  12706613,  7022, 1, 6:29:03, 6:31:01,   118, 41.30, 27.40, 13.90
         0,     0, 4, 6:30:48, 6:31:05,    17, 25.70, 42.90,-17.20
         0,     0, 1, 6:31:08, 6:31:21,    13, 27.40, 41.20,-13.80
  12200091,  5145, 3, 6:31:18, 6:31:54,    36, 45.50, 45.00,  0.50
  12448420,  6033, 4, 6:32:30, 6:32:38,     8, 43.30, 43.40, -0.10
  12448521,  6134, 3, 6:32:10, 6:33:12,    62, 45.20, 36.90,  8.30
         0,     0, 3, 6:33:20, 6:33:27,     7, 36.90, 36.90,  0.00
  12200085,  5139, 2, 6:33:07, 6:33:49,    42, 44.00, 35.30,  8.70
         0,     0, 2, 6:33:58, 6:34:05,     7, 35.30, 44.20, -8.90
  12448415,  6028, 2, 6:34:21, 6:34:38,    17, 44.20, 44.20,  0.00
  11954008,  4038, 1, 6:33:57, 6:35:11,    74, 41.20, 27.80, 13.40
  12448437,  6050, 3, 6:33:56, 6:35:28,    92, 46.50, 30.00, 16.50
         0,     0, 1, 6:35:19, 6:35:32,    13, 27.80, 41.30,-13.50
  12448420,  6033, 4, 6:33:00, 6:35:40,   160, 43.40, 41.90,  1.50
         0,     0, 4, 6:35:48, 6:35:48,     0, 41.90, 42.70, -0.80
         0,     0, 3, 6:35:36, 6:35:49,    13, 30.00, 30.00,  0.00
  12448415,  6028, 2, 6:34:47, 6:37:04,   137, 44.10, 25.50, 18.60
         0,     0, 2, 6:37:12, 6:37:30,    18, 25.50, 44.10,-18.60
  11724167,  3067, 4, 6:37:30, 6:38:28,    58, 42.60, 23.20, 19.40
         0,     0, 4, 6:38:36, 6:38:55,    19, 23.20, 23.10,  0.10
  12200086,  5140, 1, 6:37:29, 6:39:14,   105, 41.30, 27.20, 14.10
         0,     0, 1, 6:39:21, 6:39:34,    13, 27.20, 41.30,-14.10
  12200091,  5145, 2, 6:37:45, 6:39:33,   108, 44.10, 27.50, 16.60
         0,     0, 2, 6:39:41, 6:39:56,    15, 27.50, 44.20,-16.70
  12448426,  6039, 3, 6:39:27, 6:40:39,    72, 46.50, 33.10, 13.40
         0,     0, 3, 6:40:48, 6:40:58,    10, 33.10, 33.10,  0.00
  12200079,  5133, 1, 6:39:52, 6:41:35,   103, 41.30, 35.50,  5.80
  12706624,  7033, 2, 6:40:35, 6:41:38,    63, 44.10, 43.80,  0.30
         0,     0, 1, 6:41:42, 6:41:47,     5, 35.50, 41.20, -5.70
  12706656,  7065, 4, 6:40:57, 6:41:52,    55, 43.00, 36.80,  6.20
         0,     0, 4, 6:42:00, 6:42:05,     5, 36.80, 42.90, -6.10
  12448392,  6005, 3, 6:42:04, 6:43:10,    66, 46.50, 27.00, 19.50
  12706656,  7065, 4, 6:42:15, 6:43:16,    61, 43.10, 33.20,  9.90
         0,     0, 4, 6:43:25, 6:43:35,    10, 33.20, 42.90, -9.70
         0,     0, 3, 6:43:19, 6:43:36,    17, 27.00, 27.00,  0.00
  12706601,  7010, 2, 6:41:47, 6:43:56,   129, 43.80, 32.00, 11.80
         0,     0, 2, 6:44:04, 6:44:15,    11, 32.00, 44.20,-12.20
  13008774,  8015, 3, 6:43:55, 6:45:47,   112, 46.50, 41.80,  4.70
         0,     0, 3, 6:45:55, 6:45:58,     3, 41.80, 41.80,  0.00
  12448518,  6131, 2, 6:44:27, 6:46:02,    95, 44.20, 25.90, 18.30
  12448391,  6004, 1, 6:43:52, 6:46:05,   133, 41.30, 21.90, 19.40
         0,     0, 2, 6:46:09, 6:46:27,    18, 25.90, 44.10,-18.20
         0,     0, 1, 6:46:12, 6:46:31,    19, 21.90, 41.20,-19.30
  13008774,  8015, 3, 6:47:02, 6:47:55,    53, 46.90, 40.10,  6.80
         0,     0, 3, 6:48:04, 6:48:09,     5, 40.10, 46.30, -6.20
  12448420,  6033, 4, 6:47:27, 6:48:17,    50, 43.10, 37.40,  5.70
         0,     0, 4, 6:48:25, 6:48:30,     5, 37.40, 42.90, -5.50
  12706642,  7051, 3, 6:48:20, 6:48:49,    29, 46.80, 44.50,  2.30
  12200079,  5133, 2, 6:47:42, 6:48:54,    72, 44.10, 34.90,  9.20
         0,     0, 2, 6:49:01, 6:49:09,     8, 34.90, 44.10, -9.20
  12706642,  7051, 4, 6:48:55, 6:49:34,    39, 42.70, 30.90, 11.80
         0,     0, 4, 6:49:41, 6:49:53,    12, 30.90, 42.80,-11.90
  12200081,  5135, 4, 6:50:03, 6:50:07,     4, 42.90, 43.10, -0.20
  12706624,  7033, 2, 6:49:19, 6:50:11,    52, 44.10, 41.70,  2.40
         0,     0, 2, 6:50:19, 6:50:20,     1, 41.70, 44.00, -2.30
  12200081,  5135, 4, 6:50:18, 6:51:23,    65, 43.20, 33.60,  9.60
  12199951,  5005, 1, 6:46:51, 6:51:25,   274, 41.20, 25.70, 15.50
         0,     0, 4, 6:51:31, 6:51:40,     9, 33.60, 42.80, -9.20
         0,     0, 1, 6:51:33, 6:51:48,    15, 25.70, 41.30,-15.60
  12448516,  6129, 2, 6:50:31, 6:52:02,    91, 44.10, 27.00, 17.10
         0,     0, 2, 6:52:09, 6:52:25,    16, 27.00, 44.10,-17.10
  12200081,  5135, 4, 6:51:59, 6:52:28,    29, 42.80, 37.20,  5.60
         0,     0, 4, 6:52:36, 6:52:41,     5, 37.20, 37.30, -0.10
  12706620,  7029, 2, 6:53:53, 6:54:33,    40, 44.10, 44.00,  0.10
  12448408,  6021, 3, 6:53:51, 6:54:40,    49, 44.60, 27.90, 16.70
         0,     0, 3, 6:54:48, 6:55:03,    15, 27.90, 27.80,  0.10
  11954008,  4038, 4, 6:54:57, 6:56:00,    63, 43.30, 37.20,  6.10
         0,     0, 4, 6:56:08, 6:56:13,     5, 37.20, 43.00, -5.80
  12706620,  7029, 1, 6:54:38, 6:56:56,   138, 41.30, 35.20,  6.10
  11499117,  2007, 2, 6:55:01, 6:56:59,   118, 44.00, 32.90, 11.10
         0,     0, 1, 6:57:04, 6:57:09,     5, 35.20, 41.20, -6.00
         0,     0, 2, 6:57:06, 6:57:16,    10, 32.90, 44.10,-11.20
  12706628,  7037, 2, 6:57:47, 6:59:09,    82, 44.10, 40.80,  3.30
         0,     0, 2, 6:59:17, 6:59:19,     2, 40.80, 44.10, -3.30
  12706614,  7023, 3, 7:00:30, 7:01:59,    89, 46.10, 32.90, 13.20
         0,     0, 3, 7:02:07, 7:02:18,    11, 32.90, 32.90,  0.00
  12448398,  6011, 2, 7:03:24, 7:04:39,    75, 44.20, 34.00, 10.20
         0,     0, 2, 7:04:46, 7:04:55,     9, 34.00, 44.10,-10.10
  12706610,  7019, 4, 7:04:04, 7:05:08,    64, 43.20, 26.20, 17.00
         0,     0, 4, 7:05:16, 7:05:33,    17, 26.20, 42.90,-16.70
  12706620,  7029, 1, 7:07:52, 7:09:12,    80, 41.20, 37.00,  4.20
         0,     0, 1, 7:09:19, 7:09:22,     3, 37.00, 41.30, -4.30
  11953971,  4001, 1, 7:12:51, 7:13:37,    46, 41.30, 41.30,  0.00
  12448437,  6050, 1, 7:13:48, 7:13:55,     7, 41.30, 41.30,  0.00
  11953971,  4001, 2, 7:14:08, 7:14:52,    44, 44.10, 44.10,  0.00
  11724167,  3067, 4, 7:14:36, 7:15:39,    63, 43.20, 25.70, 17.50
         0,     0, 4, 7:15:48, 7:16:05,    17, 25.70, 42.80,-17.10
  12200086,  5140, 3, 7:17:43, 7:19:04,    81, 46.80, 38.50,  8.30
         0,     0, 3, 7:19:11, 7:19:16,     5, 38.50, 38.50,  0.00
  12706642,  7051, 4, 7:19:11, 7:20:15,    64, 43.10, 33.90,  9.20
         0,     0, 4, 7:20:23, 7:20:32,     9, 33.90, 42.90, -9.00
  13008748,  7169, 3, 7:20:55, 7:21:06,    11, 46.00, 45.80,  0.20
  11953971,  4001, 2, 7:21:09, 7:22:15,    66, 44.10, 42.90,  1.20
  11953971,  4001, 2, 7:22:27, 7:23:20,    53, 42.90, 25.00, 17.90
         0,     0, 2, 7:23:27, 7:23:48,    21, 25.00, 44.00,-19.00
  21268732,  6126, 4, 7:23:04, 7:24:22,    78, 43.10, 37.00,  6.10
         0,     0, 4, 7:24:29, 7:24:35,     6, 37.00, 42.80, -5.80
  12448392,  6005, 3, 7:22:48, 7:24:44,   116, 46.00, 23.20, 22.80
         0,     0, 3, 7:24:53, 7:25:15,    22, 23.20, 23.00,  0.20
  12706628,  7037, 2, 7:24:21, 7:26:20,   119, 44.00, 30.20, 13.80
         0,     0, 2, 7:26:27, 7:26:42,    15, 30.20, 44.10,-13.90
  12448408,  6021, 3, 7:25:27, 7:27:19,   112, 46.00, 25.60, 20.40
         0,     0, 3, 7:27:26, 7:27:44,    18, 25.60, 25.50,  0.10
  21268732,  6126, 2, 7:28:04, 7:30:13,   129, 44.00, 34.50,  9.50
         0,     0, 2, 7:30:21, 7:30:30,     9, 34.50, 44.20, -9.70
  21268732,  6126, 1, 7:31:05, 7:31:19,    14, 41.30, 41.30,  0.00
  12200081,  5135, 4, 7:30:23, 7:31:51,    88, 42.90, 25.20, 17.70
         0,     0, 4, 7:31:59, 7:32:17,    18, 25.20, 42.90,-17.70
  12706614,  7023, 4, 7:32:29, 7:32:44,    15, 42.80, 41.40,  1.40
         0,     0, 4, 7:32:52, 7:32:53,     1, 41.40, 42.80, -1.40
  12706614,  7023, 4, 7:33:03, 7:33:31,    28, 42.80, 32.70, 10.10
         0,     0, 4, 7:33:39, 7:33:49,    10, 32.70, 32.80, -0.10
  12706610,  7019, 4, 7:36:38, 7:37:42,    64, 43.20, 29.20, 14.00
         0,     0, 4, 7:37:50, 7:38:04,    14, 29.20, 42.80,-13.60
  11724217,  3117, 1, 7:39:36, 7:40:55,    79, 41.30, 22.30, 19.00
         0,     0, 1, 7:41:02, 7:41:20,    18, 22.30, 41.30,-19.00
  12706609,  7018, 2, 7:52:35, 7:53:46,    71, 44.10, 30.90, 13.20
         0,     0, 2, 7:53:55, 7:54:07,    12, 30.90, 44.20,-13.30
  12706618,  7027, 1, 7:53:04, 7:54:25,    81, 41.30, 29.50, 11.80
         0,     0, 1, 7:54:34, 7:54:45,    11, 29.50, 41.30,-11.80
  11724205,     0, 8, 8:05:43, 8:06:56,    73, 40.40, 40.40,  0.00
  11724205,     0, 7, 8:07:13, 8:08:39,    86, 40.70, 40.70,  0.00
  12706628,  7037, 2, 8:12:13, 8:12:33,    20, 44.20, 41.80,  2.40
         0,     0, 2, 8:12:42, 8:12:43,     1, 41.80, 44.10, -2.30
  12200081,  5135, 3, 8:11:48, 8:12:48,    60, 46.70, 33.10, 13.60
         0,     0, 3, 8:12:55, 8:13:06,    11, 33.10, 33.00,  0.10
  12706628,  7037, 2, 8:12:53, 8:13:48,    55, 44.10, 32.00, 12.10
         0,     0, 2, 8:13:57, 8:14:08,    11, 32.00, 44.10,-12.10
  12706624,  7033, 3, 8:15:16, 8:15:46,    30, 46.50, 46.50,  0.00
  12706624,  7033, 4, 8:15:56, 8:18:11,   135, 43.00, 24.60, 18.40
         0,     0, 4, 8:18:19, 8:18:37,    18, 24.60, 24.70, -0.10
  12448408,  6021, 1, 8:18:00, 8:18:50,    50, 41.30, 22.40, 18.90
         0,     0, 1, 8:18:59, 8:19:17,    18, 22.40, 41.30,-18.90
  12448408,  6021, 1, 8:19:35, 8:19:54,    19, 41.30, 38.20,  3.10
         0,     0, 1, 8:20:02, 8:20:04,     2, 38.20, 41.30, -3.10
  12706618,  7027, 2, 8:21:54, 8:22:44,    50, 44.10, 36.00,  8.10
         0,     0, 2, 8:22:53, 8:23:00,     7, 36.00, 44.10, -8.10
  11499184,  2074, 2, 8:25:25, 8:27:19,   114, 44.10, 24.20, 19.90
         0,     0, 2, 8:27:28, 8:27:47,    19, 24.20, 44.10,-19.90
  11499184,  2074, 2, 8:27:57, 8:28:23,    26, 44.10, 36.40,  7.70
         0,     0, 2, 8:28:32, 8:28:39,     7, 36.40, 44.10, -7.70
  12448517,  6130, 2, 8:28:50, 8:32:06,   196, 44.10, 26.00, 18.10
         0,     0, 2, 8:32:14, 8:32:31,    17, 26.00, 44.10,-18.10
  12706609,  7018, 1, 8:32:38, 8:33:30,    52, 41.30, 33.20,  8.10
         0,     0, 1, 8:33:38, 8:33:45,     7, 33.20, 41.20, -8.00
  11954042,  4072, 3, 8:32:32, 8:34:33,   121, 46.70, 32.10, 14.60
         0,     0, 3, 8:34:40, 8:34:52,    12, 32.10, 32.10,  0.00
  12706615,  7024, 3, 8:35:09, 8:37:52,   163, 46.50, 26.50, 20.00
         0,     0, 3, 8:38:00, 8:38:17,    17, 26.50, 26.30,  0.20
  12200083,  5137, 3, 8:41:24, 8:42:37,    73, 46.50, 33.60, 12.90
         0,     0, 3, 8:42:45, 8:42:55,    10, 33.60, 33.50,  0.10
  12706601,  7010, 4, 8:39:31, 8:43:50,   259, 43.40, 21.30, 22.10
         0,     0, 4, 8:43:57, 8:44:18,    21, 21.30, 42.90,-21.60
  12706630,  7039, 2, 8:42:02, 8:45:13,   191, 44.10, 26.20, 17.90
         0,     0, 2, 8:45:22, 8:45:39,    17, 26.20, 44.30,-18.10
  12706628,  7037, 2, 8:45:49, 8:46:58,    69, 44.20, 32.90, 11.30
         0,     0, 2, 8:47:06, 8:47:16,    10, 32.90, 44.10,-11.20
  12448437,  6050, 1, 8:45:16, 8:47:58,   162, 41.20, 20.90, 20.30
         0,     0, 1, 8:48:07, 8:48:27,    20, 20.90, 41.20,-20.30
  13008896,     0, 8, 8:52:44, 8:52:48,     4, 40.30, 40.10,  0.20
  13008864,     0, 8, 8:52:59, 8:52:59,     0, 39.80, 39.90, -0.10
         0,     0, 8, 8:53:08, 8:53:08,     0, 39.90, 41.00, -1.10
  12200083,  5137, 4, 8:55:40, 8:56:19,    39, 43.00, 35.90,  7.10
         0,     0, 4, 8:56:27, 8:56:34,     7, 35.90, 42.80, -6.90
  12706634,  7043, 2, 8:59:22, 9:00:09,    47, 44.20, 44.10,  0.10
  11724205,     0, 7, 8:57:36, 9:00:08,   152, 40.70, 40.70,  0.00
  12706634,  7043, 1, 9:00:13, 9:01:50,    97, 41.30, 29.90, 11.40
  12200085,  5139, 2, 9:00:34, 9:01:55,    81, 44.10, 38.40,  5.70
         0,     0, 1, 9:01:57, 9:02:08,    11, 29.90, 41.30,-11.40
         0,     0, 2, 9:02:03, 9:02:08,     5, 38.40, 44.10, -5.70
  12200085,  5139, 2, 9:02:33, 9:03:47,    74, 44.10, 26.80, 17.30
         0,     0, 2, 9:03:55, 9:04:11,    16, 26.80, 44.20,-17.40
  12448521,  6134, 1, 9:04:48, 9:06:25,    97, 41.30, 28.90, 12.40
  12448518,  6131, 2, 9:05:16, 9:06:29,    73, 44.20, 32.30, 11.90
         0,     0, 1, 9:06:32, 9:06:44,    12, 28.90, 41.20,-12.30
         0,     0, 2, 9:06:38, 9:06:49,    11, 32.30, 44.20,-11.90
  11724205,     0, 8, 9:00:13, 9:06:57,   404, 41.00, 24.70, 16.30
         0,     0, 8, 9:07:05, 9:07:22,    17, 24.70, 41.20,-16.50
  12200086,  5140, 1, 9:07:18, 9:08:08,    50, 41.20, 41.20,  0.00
  13008896,     0, 8, 9:11:00, 9:11:01,     1, 41.10, 41.10,  0.00
  13008896,     0, 8, 9:11:17, 9:11:18,     1, 40.80, 40.80,  0.00
  13008864,     0, 8, 9:11:40, 9:11:48,     8, 40.80, 40.10,  0.70
  12448392,  6005, 1, 9:10:01, 9:11:55,   114, 41.20, 25.60, 15.60
         0,     0, 1, 9:12:02, 9:12:17,    15, 25.60, 41.30,-15.70
  13008864,     0, 8, 9:11:59, 9:12:25,    26, 40.10, 38.70,  1.40
         0,     0, 8, 9:12:32, 9:12:34,     2, 38.70, 41.20, -2.50
  12448516,  6129, 3, 9:11:26, 9:12:46,    80, 46.80, 31.60, 15.20
  12706700,     0, 7, 9:12:56, 9:13:01,     5, 40.70, 40.60,  0.10
         0,     0, 3, 9:12:54, 9:13:06,    12, 31.60, 46.40,-14.80
  12200083,  5137, 2, 9:13:23, 9:14:08,    45, 44.20, 35.70,  8.50
         0,     0, 2, 9:14:15, 9:14:22,     7, 35.70, 44.20, -8.50
  12200086,  5140, 4, 9:12:53, 9:14:25,    92, 42.90, 36.10,  6.80
         0,     0, 4, 9:14:33, 9:14:39,     6, 36.10, 43.00, -6.90
  12706621,  7030, 3, 9:14:43, 9:14:48,     5, 46.70, 46.60,  0.10
  12706621,  7030, 4, 9:14:53, 9:16:38,   105, 43.00, 30.50, 12.50
         0,     0, 4, 9:16:47, 9:16:59,    12, 30.50, 43.00,-12.50
  13008896,     0, 7, 9:17:10, 9:17:11,     1, 40.50, 40.50,  0.00
  12706628,  7037, 2, 9:16:22, 9:17:48,    86, 44.20, 39.20,  5.00
         0,     0, 2, 9:17:57, 9:18:01,     4, 39.20, 44.10, -4.90
  13008896,     0, 7, 9:17:32, 9:17:58,    26, 39.40, 37.30,  2.10
         0,     0, 7, 9:18:07, 9:18:11,     4, 37.30, 40.70, -3.40
  13008896,     0, 7, 9:18:36, 9:18:37,     1, 38.00, 38.00,  0.00
  12706628,  7037, 2, 9:18:25, 9:18:44,    19, 44.10, 42.20,  1.90
         0,     0, 7, 9:18:45, 9:18:48,     3, 38.00, 41.10, -3.10
  13008738,  7159, 3, 9:16:29, 9:18:53,   144, 47.10, 35.50, 11.60
         0,     0, 3, 9:19:01, 9:19:10,     9, 35.50, 35.70, -0.20
  12448521,  6134, 2, 9:20:44, 9:21:03,    19, 42.20, 42.20,  0.00
  12706630,  7039, 3, 9:22:41, 9:23:40,    59, 46.80, 37.20,  9.60
         0,     0, 3, 9:23:48, 9:23:55,     7, 37.20, 37.10,  0.10
  12706700,     0, 8, 9:23:51, 9:24:39,    48, 41.20, 29.80, 11.40
         0,     0, 8, 9:24:46, 9:24:57,    11, 29.80, 41.10,-11.30
  12448434,  6047, 1, 9:25:13, 9:25:32,    19, 41.30, 40.20,  1.10
  12706613,  7022, 1, 9:25:43, 9:26:44,    61, 40.20, 30.80,  9.40
  12706634,  7043, 2, 9:26:43, 9:26:53,    10, 42.20, 40.50,  1.70
         0,     0, 1, 9:26:52, 9:27:01,     9, 30.80, 41.20,-10.40
  12448451,     0, 7, 9:26:36, 9:26:59,    23, 41.10, 41.10,  0.00
         0,     0, 2, 9:27:01, 9:27:03,     2, 40.50, 44.20, -3.70
  12448434,  6047, 3, 9:26:12, 9:27:34,    82, 46.60, 36.70,  9.90
         0,     0, 3, 9:27:41, 9:27:48,     7, 36.70, 36.70,  0.00
  12448521,  6134, 3, 9:28:02, 9:28:07,     5, 46.30, 46.40, -0.10
  12706634,  7043, 2, 9:27:17, 9:28:12,    55, 44.20, 31.50, 12.70
         0,     0, 2, 9:28:20, 9:28:32,    12, 31.50, 44.30,-12.80
  12448521,  6134, 3, 9:28:19, 9:29:32,    73, 46.50, 41.00,  5.50
         0,     0, 3, 9:29:39, 9:29:43,     4, 41.00, 46.40, -5.40
  12448451,     0, 8, 9:27:05, 9:30:07,   182, 41.20, 24.40, 16.80
         0,     0, 8, 9:30:15, 9:30:32,    17, 24.40, 41.10,-16.70
  12448451,     0, 7, 9:30:57, 9:31:01,     4, 41.10, 41.00,  0.10
  13008864,     0, 8, 9:33:34, 9:33:45,    11, 39.10, 37.70,  1.40
         0,     0, 8, 9:33:52, 9:33:55,     3, 37.70, 41.20, -3.50
  13008864,     0, 8, 9:34:28, 9:34:31,     3, 40.00, 40.00,  0.00
  12200091,  5145, 4, 9:35:45, 9:35:53,     8, 43.20, 43.20,  0.00
  12200086,  5140, 3, 9:36:26, 9:38:20,   114, 46.50, 36.40, 10.10
         0,     0, 3, 9:38:27, 9:38:35,     8, 36.40, 36.20,  0.20
  11954008,  4038, 2, 9:39:06, 9:40:33,    87, 44.30, 31.70, 12.60
         0,     0, 2, 9:40:40, 9:40:53,    13, 31.70, 44.10,-12.40
  12200091,  5145, 4, 9:43:32, 9:44:24,    52, 43.10, 39.00,  4.10
  12200085,  5139, 1, 9:43:09, 9:44:33,    84, 41.20, 24.40, 16.80
         0,     0, 4, 9:44:33, 9:44:36,     3, 39.00, 42.90, -3.90
         0,     0, 1, 9:44:41, 9:44:57,    16, 24.40, 41.20,-16.80
  12448517,  6130, 2, 9:49:07, 9:49:49,    42, 44.10, 42.10,  2.00
  12448517,  6130, 2, 9:50:12, 9:51:27,    75, 42.10, 32.50,  9.60
         0,     0, 2, 9:51:34, 9:51:44,    10, 32.50, 44.10,-11.60
  13008864,     0, 8, 9:54:46, 9:55:16,    30, 40.00, 38.50,  1.50
         0,     0, 8, 9:55:24, 9:55:26,     2, 38.50, 41.20, -2.70
  12448516,  6129, 2, 9:55:04, 9:55:54,    50, 44.10, 31.40, 12.70
         0,     0, 2, 9:56:02, 9:56:13,    11, 31.40, 44.10,-12.70
  13008896,     0, 8, 9:56:06, 9:57:06,    60, 39.90, 30.50,  9.40
         0,     0, 8, 9:57:15, 9:57:26,    11, 30.50, 41.20,-10.70
  11954008,  4038, 2, 9:58:57, 9:59:03,     6, 44.10, 44.10,  0.00
  12448420,  6033, 4, 9:59:40,10:00:15,    35, 43.00, 41.60,  1.40
  12706613,  7022, 3, 9:59:32,10:00:19,    47, 46.50, 39.30,  7.20
         0,     0, 4,10:00:22,10:00:23,     1, 41.60, 42.90, -1.30
  11954008,  4038, 2, 9:59:23,10:00:23,    60, 44.10, 39.50,  4.60
         0,     0, 3,10:00:26,10:00:32,     6, 39.30, 39.30,  0.00
         0,     0, 2,10:00:30,10:00:33,     3, 39.50, 44.10, -4.60
  13008774,  8015, 1,10:02:59,10:03:51,    52, 41.20, 40.70,  0.50
  11953971,  4001, 2,10:07:56,10:08:20,    24, 44.10, 44.00,  0.10
  12706610,  7019, 1,10:08:51,10:09:04,    13, 40.70, 40.70,  0.00
  12706610,  7019, 2,10:09:09,10:10:52,   103, 44.00, 28.10, 15.90
         0,     0, 2,10:11:01,10:11:16,    15, 28.10, 44.10,-16.00
  12448426,  6039, 3,10:10:06,10:11:22,    76, 46.30, 37.60,  8.70
         0,     0, 3,10:11:30,10:11:37,     7, 37.60, 37.60,  0.00
  12706621,  7030, 2,10:12:25,10:13:32,    67, 44.10, 31.50, 12.60
         0,     0, 2,10:13:40,10:13:51,    11, 31.50, 44.10,-12.60
  12200091,  5145, 4,10:13:43,10:14:05,    22, 42.80, 42.90, -0.10
  12200091,  5145, 3,10:14:11,10:15:24,    73, 46.80, 32.90, 13.90
  11953971,  4001, 2,10:14:48,10:15:26,    38, 44.10, 44.00,  0.10
         0,     0, 3,10:15:32,10:15:43,    11, 32.90, 32.80,  0.10
  12448420,  6033, 4,10:14:15,10:16:03,   108, 43.00, 29.50, 13.50
         0,     0, 4,10:16:11,10:16:24,    13, 29.50, 43.00,-13.50
  13008774,  8015, 1,10:15:56,10:17:21,    85, 40.70, 29.80, 10.90
         0,     0, 1,10:17:28,10:17:39,    11, 29.80, 41.20,-11.40
  11953971,  4001, 3,10:16:41,10:18:04,    83, 46.90, 26.00, 20.90
  12706737,  7146, 4,10:16:34,10:18:08,    94, 43.10, 27.80, 15.30
         0,     0, 3,10:18:12,10:18:30,    18, 26.00, 25.90,  0.10
         0,     0, 4,10:18:17,10:18:33,    16, 27.80, 43.00,-15.20
  13008864,     0, 8,10:18:42,10:19:12,    30, 41.20, 38.90,  2.30
         0,     0, 8,10:19:21,10:19:22,     1, 38.90, 41.20, -2.30
  13008864,     0, 8,10:19:37,10:19:47,    10, 41.20, 39.90,  1.30
         0,     0, 8,10:19:56,10:19:56,     0, 39.90, 41.00, -1.10
  12448434,  6047, 1,10:18:26,10:20:26,   120, 41.20, 33.30,  7.90
         0,     0, 1,10:20:34,10:20:41,     7, 33.30, 41.20, -7.90
  12706624,  7033, 2,10:22:45,10:22:59,    14, 44.00, 43.90,  0.10
  12706624,  7033, 1,10:23:13,10:23:30,    17, 41.20, 41.20,  0.00
  12448415,  6028, 2,10:23:09,10:24:49,   100, 43.90, 28.60, 15.30
  12706613,  7022, 1,10:24:11,10:24:50,    39, 41.20, 35.30,  5.90
         0,     0, 1,10:24:59,10:25:04,     5, 35.30, 41.30, -6.00
         0,     0, 2,10:24:57,10:25:12,    15, 28.60, 44.20,-15.60
  12706614,  7023, 3,10:24:43,10:26:29,   106, 46.30, 36.20, 10.10
  12706634,  7043, 4,10:25:16,10:26:33,    77, 43.40, 33.90,  9.50
         0,     0, 3,10:26:37,10:26:45,     8, 36.20, 36.10,  0.10
         0,     0, 4,10:26:41,10:26:50,     9, 33.90, 34.00, -0.10
  12706624,  7033, 4,10:28:34,10:31:00,   146, 42.80, 19.00, 23.80
         0,     0, 4,10:31:08,10:31:32,    24, 19.00, 42.90,-23.90
  12448437,  6050, 3,10:29:31,10:31:38,   127, 46.70, 37.10,  9.60
         0,     0, 3,10:31:46,10:31:53,     7, 37.10, 37.10,  0.00
  12448437,  6050, 4,10:31:43,10:32:02,    19, 43.20, 41.60,  1.60
         0,     0, 4,10:32:11,10:32:12,     1, 41.60, 42.80, -1.20
  12448521,  6134, 3,10:36:20,10:37:45,    85, 46.90, 30.80, 16.10
         0,     0, 3,10:37:53,10:38:05,    12, 30.80, 30.70,  0.10
  12448434,  6047, 2,10:38:39,10:38:48,     9, 44.20, 44.20,  0.00
  12448426,  6039, 3,10:38:45,10:39:33,    48, 46.20, 36.80,  9.40
         0,     0, 3,10:39:41,10:39:48,     7, 36.80, 36.80,  0.00
  12706700,     0, 8,10:41:59,10:42:48,    49, 40.90, 29.20, 11.70
         0,     0, 8,10:42:57,10:43:09,    12, 29.20, 41.20,-12.00
  12706737,  7146, 2,10:48:46,10:52:29,   223, 44.20, 30.90, 13.30
         0,     0, 2,10:52:37,10:52:49,    12, 30.90, 44.10,-13.20
  12199951,  5005, 4,11:01:23,11:01:40,    17, 42.80, 42.60,  0.20
  12199951,  5005, 3,11:01:53,11:02:46,    53, 46.70, 46.40,  0.30
  12706634,  7043, 4,11:02:18,11:03:19,    61, 42.90, 29.50, 13.40
         0,     0, 4,11:03:28,11:03:41,    13, 29.50, 42.80,-13.30
  12706656,  7065, 3,11:07:20,11:09:26,   126, 46.60, 29.50, 17.10
         0,     0, 3,11:09:33,11:09:47,    14, 29.50, 29.30,  0.20
  12706609,  7018, 2,11:11:19,11:12:40,    81, 44.10, 32.20, 11.90
         0,     0, 2,11:12:47,11:12:57,    10, 32.20, 44.10,-11.90
  11724167,  3067, 3,11:14:52,11:15:49,    57, 47.00, 28.80, 18.20
         0,     0, 3,11:15:57,11:16:12,    15, 28.80, 28.70,  0.10
  12448391,  6004, 2,11:15:44,11:17:19,    95, 44.10, 24.90, 19.20
  11724167,  3067, 3,11:16:41,11:17:18,    37, 46.30, 35.60, 10.70
         0,     0, 3,11:17:27,11:17:36,     9, 35.60, 35.70, -0.10
  12706620,  7029, 1,11:14:48,11:17:36,   168, 41.30, 31.90,  9.40
         0,     0, 2,11:17:26,11:17:45,    19, 24.90, 44.10,-19.20
         0,     0, 1,11:17:44,11:17:53,     9, 31.90, 41.40, -9.50
  12448408,  6021, 3,11:17:53,11:18:58,    65, 46.40, 30.80, 15.60
         0,     0, 3,11:19:07,11:19:20,    13, 30.80, 30.70,  0.10
  13008748,  7169, 4,11:20:09,11:20:29,    20, 43.20, 41.90,  1.30
         0,     0, 4,11:20:37,11:20:37,     0, 41.90, 42.70, -0.80
  12706618,  7027, 3,11:21:46,11:22:53,    67, 46.80, 34.00, 12.80
  12706642,  7051, 4,11:20:47,11:22:54,   127, 43.40, 20.70, 22.70
         0,     0, 3,11:23:00,11:23:11,    11, 34.00, 46.50,-12.50
         0,     0, 4,11:23:02,11:23:25,    23, 20.70, 42.80,-22.10
  12448482,     0, 8,11:23:30,11:23:36,     6, 41.10, 41.10,  0.00
  12706628,  7037, 2,11:22:01,11:23:50,   109, 44.00, 38.70,  5.30
         0,     0, 2,11:23:58,11:24:02,     4, 38.70, 44.20, -5.50
  12448482,     0, 8,11:23:48,11:25:34,   106, 41.00, 38.30,  2.70
         0,     0, 8,11:25:41,11:25:43,     2, 38.30, 41.10, -2.80
  12448417,  6030, 1,11:24:03,11:25:57,   114, 41.40, 16.30, 25.10
  12199951,  5005, 3,11:23:49,11:26:10,   141, 46.20, 33.00, 13.20
         0,     0, 1,11:26:04,11:26:28,    24, 16.30, 41.30,-25.00
         0,     0, 3,11:26:18,11:26:29,    11, 33.00, 32.80,  0.20
  12448482,     0, 8,11:27:15,11:27:18,     3, 26.30, 26.30,  0.00
         0,     0, 8,11:27:25,11:27:40,    15, 26.30, 41.20,-14.90
  12706628,  7037, 2,11:28:00,11:28:21,    21, 44.20, 43.30,  0.90
  12448516,  6129, 4,11:27:57,11:29:05,    68, 43.30, 30.90, 12.40
         0,     0, 4,11:29:13,11:29:25,    12, 30.90, 43.00,-12.10
  12448415,  6028, 2,11:28:39,11:30:34,   115, 43.40, 29.90, 13.50
  12706620,  7029, 4,11:30:33,11:30:37,     4, 42.90, 43.10, -0.20
         0,     0, 2,11:30:42,11:30:55,    13, 29.90, 44.10,-14.20
  12706620,  7029, 3,11:30:46,11:31:47,    61, 47.00, 37.90,  9.10
         0,     0, 3,11:31:55,11:32:01,     6, 37.90, 37.90,  0.00
  12706628,  7037, 4,11:34:57,11:35:30,    33, 43.30, 41.90,  1.40
         0,     0, 4,11:35:37,11:35:37,     0, 41.90, 42.70, -0.80
  13008864,     0, 8,11:36:23,11:36:42,    19, 41.20, 40.10,  1.10
  13008864,     0, 8,11:36:56,11:36:57,     1, 40.10, 40.10,  0.00
  11499117,  2007, 1,11:35:21,11:37:06,   105, 41.30, 22.00, 19.30
         0,     0, 1,11:37:14,11:37:32,    18, 22.00, 41.30,-19.30
  12706615,  7024, 2,11:37:32,11:39:00,    88, 44.10, 33.60, 10.50
         0,     0, 2,11:39:08,11:39:17,     9, 33.60, 44.20,-10.60
  12706609,  7018, 1,11:42:31,11:42:38,     7, 41.30, 41.30,  0.00
  11954042,  4072, 3,11:42:51,11:44:23,    92, 46.70, 31.40, 15.30
         0,     0, 3,11:44:31,11:44:43,    12, 31.40, 31.30,  0.10
  12706628,  7037, 4,11:47:56,11:48:00,     4, 42.70, 42.70,  0.00
  12706618,  7027, 4,11:50:21,11:50:58,    37, 42.70, 35.60,  7.10
         0,     0, 4,11:51:06,11:51:13,     7, 35.60, 42.80, -7.20
  11499117,  2007, 2,11:51:20,11:51:50,    30, 44.20, 38.10,  6.10
         0,     0, 2,11:51:59,11:52:04,     5, 38.10, 44.20, -6.10
  12706609,  7018, 2,11:52:47,11:54:01,    74, 44.20, 34.40,  9.80
         0,     0, 2,11:54:10,11:54:18,     8, 34.40, 44.20, -9.80
  12448451,     0, 7,11:57:31,11:57:46,    15, 41.00, 41.00,  0.00
  12448451,     0, 8,11:58:07,11:58:22,    15, 40.00, 39.90,  0.10
         0,     0, 8,11:58:30,11:58:30,     0, 39.90, 40.90, -1.00
  12706656,  7065, 4,11:58:07,11:59:47,   100, 42.80, 37.10,  5.70
  11499184,  2074, 2,11:58:27,11:59:52,    85, 44.20, 31.60, 12.60
         0,     0, 4,11:59:54,11:59:59,     5, 37.10, 43.10, -6.00
         0,     0, 2,12:00:00,12:00:11,    11, 31.60, 44.20,-12.60
  12706642,  7051, 1,11:58:13,12:00:14,   121, 41.30, 27.60, 13.70
         0,     0, 1,12:00:22,12:00:35,    13, 27.60, 41.30,-13.70
  12448451,     0, 8,11:58:41,12:01:10,   149, 41.00, 20.00, 21.00
         0,     0, 8,12:01:18,12:01:41,    23, 20.00, 41.20,-21.20
  12706656,  7065, 4,12:01:15,12:01:44,    29, 42.90, 42.60,  0.30
  12706620,  7029, 3,12:04:36,12:05:18,    42, 46.60, 40.70,  5.90
         0,     0, 3,12:05:27,12:05:31,     4, 40.70, 40.60,  0.10
  13008864,     0, 8,12:07:12,12:07:25,    13, 40.70, 40.30,  0.40
  12200079,  5133, 4,12:06:30,12:07:59,    89, 42.60, 36.60,  6.00
         0,     0, 4,12:08:08,12:08:14,     6, 36.60, 42.90, -6.30
  12200079,  5133, 3,12:08:37,12:09:33,    56, 46.40, 36.10, 10.30
         0,     0, 3,12:09:42,12:09:49,     7, 36.10, 36.10,  0.00
  21268732,  6126, 2,12:07:15,12:09:52,   157, 44.10, 33.50, 10.60
         0,     0, 2,12:10:01,12:10:10,     9, 33.50, 44.20,-10.70
  11724217,  3117, 3,12:10:07,12:11:30,    83, 46.20, 26.40, 19.80
  11499117,  2007, 4,12:10:48,12:11:32,    44, 43.00, 35.00,  8.00
         0,     0, 4,12:11:39,12:11:47,     8, 35.00, 42.90, -7.90
         0,     0, 3,12:11:39,12:11:56,    17, 26.40, 26.70, -0.30
  12706615,  7024, 2,12:10:20,12:12:10,   110, 44.20, 31.40, 12.80
         0,     0, 2,12:12:18,12:12:29,    11, 31.40, 44.10,-12.70
  12199951,  5005, 4,12:14:09,12:15:54,   105, 42.90, 37.40,  5.50
         0,     0, 4,12:16:02,12:16:07,     5, 37.40, 42.80, -5.40
  13008896,     0, 8,12:17:20,12:17:32,    12, 40.20, 40.00,  0.20
         0,     0, 8,12:17:39,12:17:39,     0, 40.00, 39.40,  0.60
  13008896,     0, 8,12:18:46,12:18:47,     1, 29.90, 29.90,  0.00
         0,     0, 8,12:18:55,12:19:06,    11, 29.90, 41.20,-11.30
  11954042,  4072, 4,12:18:58,12:19:12,    14, 42.80, 42.90, -0.10
  12448415,  6028, 3,12:19:38,12:20:58,    80, 46.60, 37.50,  9.10
         0,     0, 3,12:21:05,12:21:12,     7, 37.50, 37.50,  0.00
  12200083,  5137, 1,12:21:28,12:22:19,    51, 41.30, 30.10, 11.20
         0,     0, 1,12:22:27,12:22:37,    10, 30.10, 41.30,-11.20
  12706700,     0, 7,12:26:33,12:26:36,     3, 41.00, 41.00,  0.00
  21268732,  6126, 2,12:26:04,12:28:37,   153, 44.10, 36.70,  7.40
         0,     0, 2,12:28:46,12:28:52,     6, 36.70, 44.10, -7.40
  12448434,  6047, 3,12:27:08,12:29:09,   121, 46.40, 32.50, 13.90
         0,     0, 3,12:29:16,12:29:27,    11, 32.50, 32.40,  0.10
  12706656,  7065, 3,12:30:49,12:32:35,   106, 46.40, 38.10,  8.30
         0,     0, 3,12:32:42,12:32:48,     6, 38.10, 46.20, -8.10
  13008738,  7159, 2,12:32:57,12:33:59,    62, 44.10, 43.10,  1.00
  12706613,  7022, 1,12:34:07,12:35:41,    94, 41.30, 26.80, 14.50
         0,     0, 1,12:35:49,12:36:03,    14, 26.80, 41.20,-14.40
  13008864,     0, 8,12:36:01,12:36:03,     2, 41.20, 41.20,  0.00
  12706613,  7022, 2,12:36:16,12:36:37,    21, 43.10, 38.90,  4.20
         0,     0, 2,12:36:46,12:36:50,     4, 38.90, 44.20, -5.30
  13008864,     0, 8,12:36:50,12:37:03,    13, 41.20, 41.20,  0.00
  12448391,  6004, 1,12:36:22,12:37:44,    82, 41.20, 23.50, 17.70
         0,     0, 1,12:37:52,12:38:09,    17, 23.50, 41.30,-17.80
  13008738,  7159, 4,12:37:24,12:39:36,   132, 43.10, 22.50, 20.60
         0,     0, 4,12:39:45,12:40:06,    21, 22.50, 42.80,-20.30
  12706618,  7027, 1,12:40:13,12:40:51,    38, 41.40, 34.00,  7.40
         0,     0, 1,12:41:00,12:41:06,     6, 34.00, 41.30, -7.30
  12706618,  7027, 1,12:41:16,12:41:36,    20, 41.30, 36.90,  4.40
         0,     0, 1,12:41:44,12:41:47,     3, 36.90, 41.40, -4.50
  12706618,  7027, 2,12:41:44,12:41:53,     9, 44.10, 43.10,  1.00
  12448398,  6011, 2,12:44:57,12:47:05,   128, 43.10, 23.80, 19.30
         0,     0, 2,12:47:13,12:47:32,    19, 23.80, 44.00,-20.20
  12200083,  5137, 2,12:49:42,12:50:17,    35, 44.00, 38.00,  6.00
         0,     0, 2,12:50:25,12:50:30,     5, 38.00, 44.20, -6.20
  12448434,  6047, 4,12:50:18,12:51:16,    58, 43.30, 35.30,  8.00
         0,     0, 4,12:51:23,12:51:30,     7, 35.30, 42.90, -7.60
  12200079,  5133, 2,12:55:26,12:56:35,    69, 44.20, 30.40, 13.80
         0,     0, 2,12:56:43,12:56:56,    13, 30.40, 44.10,-13.70
  11724172,     0, 8,12:59:04,12:59:05,     1, 41.10, 41.10,  0.00
  12448420,  6033, 4,12:58:27,12:59:27,    60, 42.70, 36.00,  6.70
         0,     0, 4,12:59:34,12:59:40,     6, 36.00, 43.00, -7.00
  21268732,  6126, 3,12:59:36,13:00:56,    80, 46.40, 41.90,  4.50
         0,     0, 3,13:01:04,13:01:07,     3, 41.90, 41.90,  0.00
  12448482,     0, 8,12:59:30,13:03:09,   219, 41.00, 22.60, 18.40
         0,     0, 8,13:03:16,13:03:36,    20, 22.60, 41.20,-18.60
  21268732,  6126, 4,13:06:21,13:07:15,    54, 42.80, 40.50,  2.30
         0,     0, 4,13:07:23,13:07:25,     2, 40.50, 42.90, -2.40
  21268732,  6126, 4,13:07:42,13:08:23,    41, 42.90, 41.10,  1.80
         0,     0, 4,13:08:30,13:08:31,     1, 41.10, 42.80, -1.70
  13008864,     0, 8,13:11:26,13:12:11,    45, 41.20, 36.20,  5.00
         0,     0, 8,13:12:18,13:12:23,     5, 36.20, 41.20, -5.00
  12448420,  6033, 3,13:15:37,13:16:36,    59, 46.50, 36.70,  9.80
         0,     0, 3,13:16:44,13:16:51,     7, 36.70, 46.50, -9.80
  12706613,  7022, 3,13:23:20,13:24:01,    41, 46.40, 40.10,  6.30
         0,     0, 3,13:24:08,13:24:12,     4, 40.10, 39.90,  0.20
  12448518,  6131, 2,13:24:31,13:25:23,    52, 44.00, 37.60,  6.40
         0,     0, 2,13:25:30,13:25:35,     5, 37.60, 44.10, -6.50
  12448518,  6131, 1,13:25:38,13:26:26,    48, 41.40, 24.50, 16.90
         0,     0, 1,13:26:35,13:26:51,    16, 24.50, 41.40,-16.90
  12448434,  6047, 3,13:27:09,13:28:46,    97, 46.50, 37.50,  9.00
  12706610,  7019, 1,13:27:50,13:28:49,    59, 41.40, 29.10, 12.30
  12706630,  7039, 2,13:28:23,13:28:53,    30, 44.10, 43.10,  1.00
         0,     0, 3,13:28:53,13:29:00,     7, 37.50, 46.20, -8.70
         0,     0, 1,13:28:57,13:29:08,    11, 29.10, 41.40,-12.30
  12706610,  7019, 1,13:29:26,13:29:31,     5, 41.40, 41.30,  0.10
  12706630,  7039, 2,13:29:26,13:30:46,    80, 43.10, 31.60, 11.50
         0,     0, 2,13:30:54,13:31:06,    12, 31.60, 44.10,-12.50
  11499184,  2074, 2,13:32:02,13:32:32,    30, 44.10, 36.60,  7.50
  12706700,     0, 7,13:31:43,13:32:43,    60, 41.00, 33.10,  7.90
         0,     0, 2,13:32:40,13:32:46,     6, 36.60, 44.20, -7.60
         0,     0, 7,13:32:50,13:33:00,    10, 33.10, 41.10, -8.00
  11499184,  2074, 2,13:33:11,13:33:26,    15, 44.20, 41.10,  3.10
         0,     0, 2,13:33:34,13:33:36,     2, 41.10, 44.10, -3.00
  13008738,  7159, 2,13:34:57,13:36:44,   107, 44.10, 30.70, 13.40
         0,     0, 2,13:36:53,13:37:05,    12, 30.70, 44.10,-13.40
  13008774,  8015, 4,13:39:22,13:40:27,    65, 42.90, 33.90,  9.00
         0,     0, 4,13:40:35,13:40:44,     9, 33.90, 42.90, -9.00
  12448392,  6005, 2,13:48:43,13:50:48,   125, 44.10, 20.50, 23.60
  12448420,  6033, 3,13:49:09,13:50:59,   110, 46.30, 39.90,  6.40
         0,     0, 3,13:51:07,13:51:12,     5, 39.90, 46.30, -6.40
         0,     0, 2,13:50:55,13:51:19,    24, 20.50, 44.20,-23.70
  12200086,  5140, 4,13:52:01,13:52:49,    48, 43.30, 35.00,  8.30
         0,     0, 4,13:52:56,13:53:04,     8, 35.00, 42.70, -7.70
  12706634,  7043, 1,13:53:19,13:55:57,   158, 41.30, 24.00, 17.30
         0,     0, 1,13:56:05,13:56:21,    16, 24.00, 41.30,-17.30
  12448517,  6130, 2,13:57:08,13:58:24,    76, 44.10, 42.80,  1.30
  12448517,  6130, 1,13:58:36,13:58:38,     2, 41.30, 41.30,  0.00
  12448517,  6130, 1,13:58:52,13:59:32,    40, 41.30, 40.60,  0.70
  12706601,  7010, 2,13:58:50,13:59:38,    48, 42.80, 36.60,  6.20
         0,     0, 2,13:59:45,13:59:51,     6, 36.60, 44.20, -7.60
  12200085,  5139, 4,13:59:53,14:00:41,    48, 43.00, 33.40,  9.60
         0,     0, 4,14:00:50,14:00:59,     9, 33.40, 33.50, -0.10
  12448517,  6130, 2,14:00:02,14:01:29,    87, 44.20, 32.20, 12.00
         0,     0, 2,14:01:37,14:01:48,    11, 32.20, 44.00,-11.80
  12706630,  7039, 4,14:01:09,14:02:14,    65, 42.90, 34.80,  8.10
  12706601,  7010, 1,14:00:08,14:02:19,   131, 40.60, 19.60, 21.00
         0,     0, 4,14:02:21,14:02:29,     8, 34.80, 42.70, -7.90
         0,     0, 1,14:02:26,14:02:48,    22, 19.60, 41.20,-21.60
  13008774,  8015, 3,14:06:49,14:07:36,    47, 46.40, 41.40,  5.00
         0,     0, 3,14:07:44,14:07:47,     3, 41.40, 46.40, -5.00
  11724205,     0, 7,14:08:12,14:09:38,    86, 41.10, 41.00,  0.10
  12448516,  6129, 3,14:09:23,14:10:55,    92, 46.40, 34.70, 11.70
         0,     0, 3,14:11:03,14:11:12,     9, 34.70, 46.30,-11.60
  11724205,     0, 8,14:09:43,14:11:51,   128, 41.10, 30.90, 10.20
         0,     0, 8,14:11:58,14:12:09,    11, 30.90, 41.20,-10.30
  12448420,  6033, 4,14:12:16,14:12:50,    34, 43.10, 42.80,  0.30
  13008774,  8015, 3,14:13:55,14:13:59,     4, 46.20, 46.20,  0.00
  12448437,  6050, 1,14:11:53,14:14:15,   142, 41.20, 29.50, 11.70
         0,     0, 1,14:14:23,14:14:34,    11, 29.50, 41.30,-11.80
  12448437,  6050, 2,14:14:54,14:15:43,    49, 44.00, 35.80,  8.20
         0,     0, 2,14:15:51,14:15:59,     8, 35.80, 44.10, -8.30
  12706610,  7019, 1,14:16:08,14:17:06,    58, 41.30, 30.60, 10.70
         0,     0, 1,14:17:13,14:17:23,    10, 30.60, 41.30,-10.70
  11954042,  4072, 3,14:23:02,14:23:52,    50, 46.30, 38.20,  8.10
         0,     0, 3,14:24:01,14:24:07,     6, 38.20, 38.20,  0.00
  12706630,  7039, 2,14:23:54,14:24:53,    59, 44.10, 42.10,  2.00
  11954042,  4072, 4,14:24:17,14:25:34,    77, 42.80, 26.10, 16.70
         0,     0, 4,14:25:41,14:25:58,    17, 26.10, 42.90,-16.80
  12706642,  7051, 1,14:25:33,14:26:59,    86, 41.30, 18.70, 22.60
  12706621,  7030, 2,14:25:14,14:27:10,   116, 42.10, 22.50, 19.60
         0,     0, 1,14:27:07,14:27:30,    23, 18.70, 41.30,-22.60
         0,     0, 2,14:27:17,14:27:40,    23, 22.50, 44.20,-21.70
  12706642,  7051, 1,14:27:41,14:28:34,    53, 41.30, 37.50,  3.80
         0,     0, 1,14:28:41,14:28:44,     3, 37.50, 41.20, -3.70
  12200081,  5135, 2,14:29:15,14:30:23,    68, 44.20, 41.20,  3.00
         0,     0, 2,14:30:30,14:30:32,     2, 41.20, 44.20, -3.00
  12200081,  5135, 2,14:30:43,14:31:33,    50, 44.20, 33.50, 10.70
         0,     0, 2,14:31:40,14:31:50,    10, 33.50, 44.10,-10.60
  12448518,  6131, 1,14:33:35,14:33:46,    11, 41.30, 40.60,  0.70
  12448451,     0, 8,14:34:00,14:34:22,    22, 41.20, 41.10,  0.10
  12448451,     0, 7,14:34:28,14:34:52,    24, 41.00, 40.90,  0.10
  12706609,  7018, 2,14:33:51,14:35:54,   123, 44.10, 29.70, 14.40
  12200091,  5145, 4,14:34:57,14:36:11,    74, 43.40, 25.40, 18.00
         0,     0, 2,14:36:01,14:36:15,    14, 29.70, 44.20,-14.50
         0,     0, 4,14:36:19,14:36:37,    18, 25.40, 42.90,-17.50
  12448518,  6131, 2,14:38:29,14:38:35,     6, 44.10, 44.10,  0.00
  12200081,  5135, 4,14:40:11,14:40:17,     6, 42.90, 43.40, -0.50
  11724205,     0, 8,14:45:25,14:48:35,   190, 41.00, 32.00,  9.00
         0,     0, 8,14:48:43,14:48:52,     9, 32.00, 41.20, -9.20
  13008774,  8015, 4,14:53:58,14:54:10,    12, 43.30, 43.10,  0.20
  12706628,  7037, 3,15:02:03,15:04:25,   142, 46.10, 37.80,  8.30
         0,     0, 3,15:04:34,15:04:40,     6, 37.80, 37.70,  0.10
  12706628,  7037, 4,15:05:05,15:05:56,    51, 43.40, 34.90,  8.50
  12448415,  6028, 2,15:03:55,15:06:07,   132, 44.10, 31.10, 13.00
         0,     0, 4,15:06:04,15:06:12,     8, 34.90, 42.70, -7.80
         0,     0, 2,15:06:15,15:06:27,    12, 31.10, 44.20,-13.10
  13008748,  7169, 4,15:07:13,15:07:32,    19, 42.70, 42.10,  0.60
  13008748,  7169, 4,15:08:09,15:08:25,    16, 42.10, 41.10,  1.00
         0,     0, 4,15:08:34,15:08:35,     1, 41.10, 43.10, -2.00
  11953971,  4001, 2,15:06:52,15:09:41,   169, 44.10, 33.10, 11.00
         0,     0, 2,15:09:49,15:09:59,    10, 33.10, 44.10,-11.00
  13008748,  7169, 4,15:08:45,15:10:15,    90, 43.20, 32.30, 10.90
         0,     0, 4,15:10:24,15:10:35,    11, 32.30, 42.90,-10.60
  13008748,  7169, 4,15:15:31,15:16:51,    80, 42.80, 38.20,  4.60
         0,     0, 4,15:16:58,15:17:02,     4, 38.20, 42.90, -4.70
  13008864,     0, 8,15:19:42,15:19:50,     8, 41.20, 39.90,  1.30
         0,     0, 8,15:19:58,15:19:58,     0, 39.90, 41.00, -1.10
  12200083,  5137, 2,15:20:08,15:20:55,    47, 44.10, 36.40,  7.70
         0,     0, 2,15:21:04,15:21:11,     7, 36.40, 44.10, -7.70
  13008896,     0, 8,15:52:46,15:52:48,     2, 38.30, 38.30,  0.00
         0,     0, 8,15:52:55,15:52:57,     2, 38.30, 40.80, -2.50
  13008896,     0, 8,15:53:28,15:53:59,    31, 36.60, 32.60,  4.00
         0,     0, 8,15:54:08,15:54:16,     8, 32.60, 41.20, -8.60
  12706618,  7027, 2,15:57:37,15:58:33,    56, 44.10, 31.20, 12.90
         0,     0, 2,15:58:41,15:58:53,    12, 31.20, 44.00,-12.80
  12199951,  5005, 1,15:56:48,15:59:38,   170, 40.60, 23.80, 16.80
         0,     0, 1,15:59:46,16:00:03,    17, 23.80, 41.30,-17.50
  21268732,  6126, 2,15:59:55,16:00:43,    48, 44.00, 38.40,  5.60
         0,     0, 2,16:00:50,16:00:54,     4, 38.40, 44.10, -5.70
  12706656,  7065, 3,16:00:19,16:01:34,    75, 46.30, 32.10, 14.20
         0,     0, 3,16:01:42,16:01:53,    11, 32.10, 46.30,-14.20
  21268732,  6126, 2,16:01:25,16:03:12,   107, 44.10, 35.20,  8.90
  12448521,  6134, 1,16:01:41,16:03:12,    91, 41.30, 29.00, 12.30
         0,     0, 2,16:03:19,16:03:27,     8, 35.20, 44.00, -8.80
         0,     0, 1,16:03:21,16:03:33,    12, 29.00, 41.30,-12.30
  12706737,  7146, 4,16:01:45,16:03:39,   114, 42.90, 25.30, 17.60
         0,     0, 4,16:03:47,16:04:05,    18, 25.30, 42.80,-17.50
  12706614,  7023, 1,16:03:43,16:05:30,   107, 41.30, 19.20, 22.10
         0,     0, 1,16:05:38,16:06:00,    22, 19.20, 41.20,-22.00
  12706624,  7033, 2,16:05:37,16:07:39,   122, 44.00, 22.60, 21.40
         0,     0, 2,16:07:47,16:08:08,    21, 22.60, 44.10,-21.50
  12200086,  5140, 3,16:09:14,16:10:11,    57, 46.30, 43.40,  2.90
         0,     0, 3,16:10:19,16:10:20,     1, 43.40, 46.50, -3.10
  12448426,  6039, 3,16:10:38,16:11:32,    54, 46.50, 32.00, 14.50
         0,     0, 3,16:11:39,16:11:52,    13, 32.00, 32.00,  0.00
  12200086,  5140, 4,16:12:09,16:12:37,    28, 43.40, 38.40,  5.00
  12448434,  6047, 1,16:11:09,16:12:43,    94, 41.20, 30.60, 10.60
         0,     0, 4,16:12:45,16:12:50,     5, 38.40, 42.80, -4.40
         0,     0, 1,16:12:51,16:13:02,    11, 30.60, 41.20,-10.60
  12448434,  6047, 2,16:13:10,16:13:18,     8, 44.20, 44.20,  0.00
  12200085,  5139, 3,16:13:20,16:13:57,    37, 46.00, 37.00,  9.00
         0,     0, 3,16:14:05,16:14:13,     8, 37.00, 46.20, -9.20
  12706621,  7030, 1,16:13:46,16:14:17,    31, 41.30, 40.30,  1.00
  12448434,  6047, 2,16:14:42,16:15:06,    24, 44.20, 42.20,  2.00
  12448420,  6033, 3,16:14:23,16:15:28,    65, 46.10, 39.90,  6.20
         0,     0, 3,16:15:36,16:15:40,     4, 39.90, 39.70,  0.20
  12200086,  5140, 1,16:15:23,16:15:44,    21, 40.30, 36.70,  3.60
         0,     0, 1,16:15:52,16:15:56,     4, 36.70, 41.40, -4.70
  12706737,  7146, 1,16:17:03,16:17:10,     7, 41.40, 41.40,  0.00
  12200091,  5145, 2,16:17:15,16:17:28,    13, 42.20, 42.10,  0.10
  12448417,  6030, 4,16:16:57,16:18:43,   106, 43.20, 26.70, 16.50
  12706630,  7039, 2,16:18:50,16:19:03,    13, 42.10, 42.00,  0.10
         0,     0, 4,16:18:51,16:19:08,    17, 26.70, 42.90,-16.20
  11499117,  2007, 3,16:18:03,16:19:19,    76, 46.30, 27.60, 18.70
         0,     0, 3,16:19:26,16:19:41,    15, 27.60, 27.50,  0.10
  12706630,  7039, 1,16:19:18,16:19:44,    26, 41.40, 40.00,  1.40
  11499117,  2007, 3,16:19:51,16:20:16,    25, 46.00, 37.80,  8.20
         0,     0, 3,16:20:25,16:20:31,     6, 37.80, 46.30, -8.50
  12200081,  5135, 4,16:19:28,16:20:43,    75, 43.50, 26.30, 17.20
  12200091,  5145, 1,16:20:54,16:21:01,     7, 40.00, 40.00,  0.00
         0,     0, 1,16:21:09,16:21:09,     0, 40.00, 40.90, -0.90
         0,     0, 4,16:20:52,16:21:09,    17, 26.30, 42.80,-16.50
  12706613,  7022, 3,16:21:28,16:23:43,   135, 46.30, 32.00, 14.30
         0,     0, 3,16:23:52,16:24:03,    11, 32.00, 32.00,  0.00
  12448408,  6021, 4,16:24:17,16:25:20,    63, 43.30, 25.10, 18.20
         0,     0, 4,16:25:28,16:25:46,    18, 25.10, 42.90,-17.80
  12448517,  6130, 2,16:26:15,16:27:02,    47, 42.00, 40.10,  1.90
         0,     0, 2,16:27:10,16:27:13,     3, 40.10, 44.00, -3.90
  12706601,  7010, 1,16:26:31,16:27:39,    68, 41.00, 30.40, 10.60
  12448517,  6130, 2,16:27:23,16:27:48,    25, 44.00, 44.00,  0.00
         0,     0, 1,16:27:47,16:27:57,    10, 30.40, 41.20,-10.80
  12200079,  5133, 4,16:27:44,16:29:23,    99, 43.10, 33.60,  9.50
         0,     0, 4,16:29:30,16:29:39,     9, 33.60, 42.90, -9.30
  12200086,  5140, 3,16:29:09,16:29:44,    35, 46.10, 41.90,  4.20
  12200091,  5145, 2,16:29:42,16:29:47,     5, 44.00, 44.00,  0.00
         0,     0, 3,16:29:51,16:29:54,     3, 41.90, 41.70,  0.20
  12706656,  7065, 2,16:29:57,16:31:04,    67, 44.00, 37.00,  7.00
  12200091,  5145, 4,16:30:12,16:31:11,    59, 43.10, 29.00, 14.10
         0,     0, 2,16:31:12,16:31:18,     6, 37.00, 44.10, -7.10
  13008774,  8015, 3,16:30:05,16:31:24,    79, 46.00, 34.70, 11.30
         0,     0, 4,16:31:19,16:31:33,    14, 29.00, 42.80,-13.80
         0,     0, 3,16:31:32,16:31:41,     9, 34.70, 34.60,  0.10
  12706634,  7043, 3,16:35:25,16:35:36,    11, 46.10, 46.00,  0.10
  12706615,  7024, 2,16:35:15,16:35:50,    35, 44.10, 42.40,  1.70
  12448426,  6039, 3,16:35:49,16:36:27,    38, 46.40, 39.80,  6.60
         0,     0, 3,16:36:35,16:36:39,     4, 39.80, 39.80,  0.00
  12706615,  7024, 1,16:36:07,16:37:13,    66, 41.20, 24.00, 17.20
  12706621,  7030, 2,16:36:01,16:37:23,    82, 42.40, 26.00, 16.40
         0,     0, 1,16:37:21,16:37:38,    17, 24.00, 41.30,-17.30
         0,     0, 2,16:37:30,16:37:48,    18, 26.00, 44.00,-18.00
  12448518,  6131, 4,16:37:49,16:38:34,    45, 43.10, 29.40, 13.70
         0,     0, 4,16:38:42,16:38:56,    14, 29.40, 42.90,-13.50
  12706620,  7029, 3,16:36:52,16:39:11,   139, 46.10, 33.60, 12.50
         0,     0, 3,16:39:18,16:39:28,    10, 33.60, 33.40,  0.20
  12706609,  7018, 1,16:39:25,16:40:02,    37, 41.30, 34.10,  7.20
         0,     0, 1,16:40:09,16:40:15,     6, 34.10, 41.30, -7.20
  12706610,  7019, 3,16:41:26,16:41:35,     9, 46.00, 46.00,  0.00
  12200086,  5140, 1,16:40:28,16:41:49,    81, 41.30, 32.10,  9.20
  12706737,  7146, 2,16:39:53,16:41:50,   117, 44.00, 33.60, 10.40
  11724167,  3067, 4,16:40:37,16:41:54,    77, 43.10, 21.70, 21.40
         0,     0, 1,16:41:58,16:42:07,     9, 32.10, 41.20, -9.10
         0,     0, 2,16:41:58,16:42:08,    10, 33.60, 43.70,-10.10
         0,     0, 4,16:42:02,16:42:23,    21, 21.70, 42.50,-20.80
  12706610,  7019, 3,16:41:48,16:42:27,    39, 46.20, 38.20,  8.00
         0,     0, 3,16:42:34,16:42:40,     6, 38.20, 38.10,  0.10
  11724217,  3117, 4,16:42:33,16:42:38,     5, 43.10, 42.50,  0.60
  11954008,  4038, 4,16:42:48,16:43:32,    44, 42.20, 34.60,  7.60
  12448391,  6004, 1,16:42:53,16:43:41,    48, 41.30, 29.90, 11.40
         0,     0, 4,16:43:41,16:43:49,     8, 34.60, 42.90, -8.30
         0,     0, 1,16:43:49,16:43:59,    10, 29.90, 41.30,-11.40
  12448415,  6028, 2,16:42:18,16:43:58,   100, 43.60, 30.00, 13.60
         0,     0, 2,16:44:06,16:44:19,    13, 30.00, 44.10,-14.10
  11724217,  3117, 3,16:42:51,16:44:26,    95, 46.00, 24.30, 21.70
         0,     0, 3,16:44:33,16:44:51,    18, 24.30, 24.30,  0.00
  12448516,  6129, 4,16:44:02,16:45:06,    64, 42.80, 30.20, 12.60
         0,     0, 4,16:45:14,16:45:27,    13, 30.20, 30.20,  0.00
  12706634,  7043, 4,16:45:48,16:46:19,    31, 43.20, 38.80,  4.40
         0,     0, 4,16:46:26,16:46:30,     4, 38.80, 42.70, -3.90
  12706620,  7029, 2,16:45:19,16:46:31,    72, 44.10, 30.40, 13.70
         0,     0, 2,16:46:38,16:46:51,    13, 30.40, 44.20,-13.80
  12448392,  6005, 1,16:45:07,16:46:48,   101, 41.30, 23.00, 18.30
         0,     0, 1,16:46:57,16:47:15,    18, 23.00, 41.40,-18.40
  12448417,  6030, 4,16:46:40,16:47:49,    69, 42.80, 33.10,  9.70
  12448517,  6130, 2,16:47:28,16:48:01,    33, 44.10, 41.30,  2.80
         0,     0, 4,16:47:57,16:48:07,    10, 33.10, 42.90, -9.80
         0,     0, 2,16:48:10,16:48:11,     1, 41.30, 44.10, -2.80
  12706634,  7043, 3,16:46:49,16:48:09,    80, 46.00, 33.50, 12.50
         0,     0, 3,16:48:16,16:48:26,    10, 33.50, 33.50,  0.00
  12448517,  6130, 2,16:48:42,16:49:42,    60, 44.10, 40.30,  3.80
         0,     0, 2,16:49:49,16:49:51,     2, 40.30, 44.10, -3.80
  12706634,  7043, 4,16:49:40,16:50:26,    46, 43.00, 39.80,  3.20
  12448437,  6050, 3,16:49:34,16:50:29,    55, 46.10, 35.60, 10.50
         0,     0, 4,16:50:33,16:50:36,     3, 39.80, 43.00, -3.20
  11954008,  4038, 2,16:50:01,16:50:33,    32, 44.10, 37.10,  7.00
         0,     0, 3,16:50:37,16:50:45,     8, 35.60, 35.60,  0.00
  12448517,  6130, 1,16:49:56,16:50:46,    50, 41.40, 35.90,  5.50
         0,     0, 2,16:50:42,16:50:48,     6, 37.10, 44.20, -7.10
         0,     0, 1,16:50:53,16:50:57,     4, 35.90, 41.20, -5.30
  12200083,  5137, 2,16:51:02,16:52:07,    65, 44.10, 30.70, 13.40
  12706614,  7023, 4,16:51:19,16:52:17,    58, 42.90, 30.00, 12.90
         0,     0, 2,16:52:15,16:52:28,    13, 30.70, 44.00,-13.30
         0,     0, 4,16:52:24,16:52:37,    13, 30.00, 42.80,-12.80
  12200079,  5133, 3,16:52:53,16:52:57,     4, 46.10, 46.00,  0.10
  12200079,  5133, 4,16:53:03,16:54:39,    96, 43.10, 29.00, 14.10
         0,     0, 4,16:54:47,16:55:01,    14, 29.00, 42.80,-13.80
  12200081,  5135, 4,16:56:27,16:57:37,    70, 42.80, 27.40, 15.40
         0,     0, 4,16:57:44,16:58:00,    16, 27.40, 27.50, -0.10
  13008774,  8015, 3,16:57:17,16:57:59,    42, 46.20, 41.40,  4.80
  12706610,  7019, 2,16:57:16,16:58:04,    48, 44.00, 31.50, 12.50
         0,     0, 3,16:58:06,16:58:09,     3, 41.40, 41.40,  0.00
         0,     0, 2,16:58:12,16:58:24,    12, 31.50, 44.10,-12.60
  13008774,  8015, 4,16:58:23,16:58:46,    23, 43.20, 42.10,  1.10
  12706613,  7022, 2,16:58:34,16:59:08,    34, 44.10, 39.20,  4.90
         0,     0, 2,16:59:17,16:59:21,     4, 39.20, 44.00, -4.80
  13008774,  8015, 4,16:59:09,16:59:33,    24, 42.20, 40.20,  2.00
         0,     0, 4,16:59:40,16:59:42,     2, 40.20, 42.90, -2.70
  12706613,  7022, 1,16:59:45,16:59:48,     3, 41.30, 41.30,  0.00
  12448398,  6011, 3,16:58:22,17:00:27,   125, 46.20, 24.00, 22.20
         0,     0, 3,17:00:34,17:00:53,    19, 24.00, 24.00,  0.00
  11954008,  4038, 4,17:03:48,17:04:03,    15, 42.80, 40.80,  2.00
         0,     0, 4,17:04:11,17:04:13,     2, 40.80, 43.00, -2.20
  12448408,  6021, 3,17:04:11,17:05:04,    53, 46.20, 30.10, 16.10
         0,     0, 3,17:05:12,17:05:25,    13, 30.10, 29.90,  0.20
  12448516,  6129, 4,17:06:26,17:07:08,    42, 43.10, 33.80,  9.30
         0,     0, 4,17:07:15,17:07:25,    10, 33.80, 42.70, -8.90
  12448518,  6131, 1,17:09:06,17:09:40,    34, 41.30, 31.70,  9.60
         0,     0, 1,17:09:48,17:09:57,     9, 31.70, 41.20, -9.50
  12706737,  7146, 2,17:06:44,17:10:51,   247, 44.00, 36.00,  8.00
         0,     0, 2,17:10:59,17:11:06,     7, 36.00, 44.10, -8.10
  13008748,  7169, 4,17:09:52,17:11:28,    96, 42.70, 41.30,  1.40
         0,     0, 4,17:11:35,17:11:36,     1, 41.30, 42.80, -1.50
  12448521,  6134, 1,17:13:05,17:13:27,    22, 41.20, 41.20,  0.00
  12706642,  7051, 4,17:12:21,17:13:51,    90, 43.00, 33.30,  9.70
         0,     0, 4,17:13:59,17:14:09,    10, 33.30, 42.90, -9.60
  12448521,  6134, 1,17:13:51,17:14:43,    52, 41.20, 27.90, 13.30
         0,     0, 1,17:14:51,17:15:04,    13, 27.90, 41.30,-13.40
  13008864,     0, 8,17:18:36,17:18:56,    20, 40.90, 38.70,  2.20
         0,     0, 8,17:19:04,17:19:06,     2, 38.70, 41.20, -2.50
  11724167,  3067, 4,17:19:36,17:20:28,    52, 43.10, 25.70, 17.40
         0,     0, 4,17:20:35,17:20:52,    17, 25.70, 42.70,-17.00
  12706630,  7039, 1,17:20:33,17:22:03,    90, 41.30, 28.20, 13.10
         0,     0, 1,17:22:10,17:22:22,    12, 28.20, 41.40,-13.20
  11724217,  3117, 4,17:22:26,17:23:18,    52, 42.90, 32.20, 10.70
         0,     0, 4,17:23:26,17:23:37,    11, 32.20, 42.90,-10.70
  12706628,  7037, 2,17:23:13,17:24:41,    88, 44.10, 37.50,  6.60
         0,     0, 2,17:24:49,17:24:54,     5, 37.50, 44.10, -6.60
  12706628,  7037, 1,17:25:44,17:26:26,    42, 41.40, 36.10,  5.30
         0,     0, 1,17:26:35,17:26:39,     4, 36.10, 41.20, -5.10
  12706634,  7043, 2,17:28:31,17:29:08,    37, 44.10, 37.20,  6.90
         0,     0, 2,17:29:16,17:29:22,     6, 37.20, 44.10, -6.90
  12706634,  7043, 1,17:29:32,17:30:32,    60, 41.30, 41.20,  0.10
  13008864,     0, 8,17:30:51,17:31:19,    28, 41.20, 39.00,  2.20
  11953971,  4001, 1,17:30:42,17:31:23,    41, 41.20, 40.90,  0.30
         0,     0, 8,17:31:28,17:31:29,     1, 39.00, 41.10, -2.10
  12706634,  7043, 2,17:30:46,17:31:49,    63, 44.10, 39.10,  5.00
         0,     0, 2,17:31:56,17:32:00,     4, 39.10, 44.10, -5.00
  13008864,     0, 7,17:34:02,17:34:03,     1, 40.90, 41.00, -0.10
  11953971,  4001, 1,17:33:47,17:34:05,    18, 40.90, 40.70,  0.20
  11953971,  4001, 2,17:34:12,17:35:14,    62, 44.10, 31.90, 12.20
         0,     0, 2,17:35:21,17:35:32,    11, 31.90, 44.10,-12.20
  12448521,  6134, 3,17:34:51,17:35:33,    42, 46.30, 39.50,  6.80
         0,     0, 3,17:35:40,17:35:45,     5, 39.50, 39.40,  0.10
  13008748,  7169, 4,17:36:48,17:38:12,    84, 43.20, 39.80,  3.40
         0,     0, 4,17:38:19,17:38:22,     3, 39.80, 42.90, -3.10
  12706630,  7039, 4,17:40:13,17:40:17,     4, 42.90, 43.00, -0.10
  12706630,  7039, 3,17:40:36,17:41:11,    35, 46.00, 41.50,  4.50
         0,     0, 3,17:41:18,17:41:21,     3, 41.50, 46.30, -4.80
  13008864,     0, 8,17:48:27,17:49:08,    41, 41.10, 38.80,  2.30
         0,     0, 8,17:49:17,17:49:19,     2, 38.80, 41.20, -2.40
  13008748,  7169, 4,17:49:41,17:51:20,    99, 43.00, 39.60,  3.40
         0,     0, 4,17:51:28,17:51:31,     3, 39.60, 42.90, -3.30
  12706700,     0, 8,17:51:36,17:51:43,     7, 41.20, 40.80,  0.40
  12706700,     0, 8,17:53:02,17:53:03,     1, 28.20, 28.20,  0.00
         0,     0, 8,17:53:12,17:53:25,    13, 28.20, 41.20,-13.00
  12706737,  7146, 3,17:53:10,17:54:21,    71, 46.30, 39.50,  6.80
         0,     0, 3,17:54:28,17:54:33,     5, 39.50, 39.40,  0.10
  12706628,  7037, 2,17:53:38,17:55:03,    85, 44.00, 38.20,  5.80
         0,     0, 2,17:55:11,17:55:16,     5, 38.20, 44.10, -5.90
  12706628,  7037, 2,17:55:26,17:55:36,    10, 44.10, 43.00,  1.10
  11499184,  2074, 2,17:58:02,17:59:12,    70, 43.00, 24.50, 18.50
  12706737,  7146, 4,17:59:11,17:59:26,    15, 43.10, 42.90,  0.20
         0,     0, 2,17:59:20,17:59:39,    19, 24.50, 44.10,-19.60
  11724205,     0, 8,17:58:06,18:01:49,   223, 41.20, 30.00, 11.20
         0,     0, 8,18:01:58,18:02:10,    12, 30.00, 41.20,-11.20
  12448417,  6030, 4,18:02:04,18:03:04,    60, 42.90, 28.30, 14.60
         0,     0, 4,18:03:12,18:03:27,    15, 28.30, 28.40, -0.10
  12706618,  7027, 3,18:03:27,18:04:16,    49, 46.30, 37.00,  9.30
         0,     0, 3,18:04:24,18:04:31,     7, 37.00, 36.90,  0.10
  12448398,  6011, 2,18:03:36,18:04:55,    79, 44.10, 29.50, 14.60
  12706630,  7039, 1,18:04:14,18:04:58,    44, 40.70, 35.60,  5.10
         0,     0, 1,18:05:05,18:05:10,     5, 35.60, 41.20, -5.60
         0,     0, 2,18:05:02,18:05:16,    14, 29.50, 44.10,-14.60
  11499184,  2074, 2,18:06:43,18:06:52,     9, 44.10, 42.40,  1.70
  11724217,  3117, 1,18:07:19,18:07:26,     7, 41.30, 41.10,  0.20
  11499117,  2007, 2,18:07:36,18:08:17,    41, 42.40, 32.60,  9.80
  11724217,  3117, 1,18:07:44,18:08:28,    44, 41.10, 30.50, 10.60
         0,     0, 2,18:08:24,18:08:35,    11, 32.60, 44.10,-11.50
         0,     0, 1,18:08:37,18:08:47,    10, 30.50, 41.20,-10.70
  12706628,  7037, 1,18:09:52,18:11:09,    77, 41.20, 34.40,  6.80
         0,     0, 1,18:11:17,18:11:23,     6, 34.40, 41.20, -6.80
  12199951,  5005, 4,18:10:47,18:11:21,    34, 43.10, 42.90,  0.20
  12199951,  5005, 4,18:11:50,18:11:58,     8, 43.00, 43.20, -0.20
  12199951,  5005, 3,18:12:03,18:14:34,   151, 46.10, 32.20, 13.90
         0,     0, 3,18:14:42,18:14:53,    11, 32.20, 32.10,  0.10
  12706618,  7027, 1,18:16:47,18:17:20,    33, 41.20, 35.00,  6.20
  12706624,  7033, 2,18:16:49,18:17:22,    33, 44.10, 43.30,  0.80
         0,     0, 1,18:17:28,18:17:33,     5, 35.00, 41.30, -6.30
  12706624,  7033, 2,18:17:35,18:18:58,    83, 43.30, 37.90,  5.40
         0,     0, 2,18:19:05,18:19:10,     5, 37.90, 44.10, -6.20
  13008896,     0, 8,18:22:14,18:22:18,     4, 41.20, 40.80,  0.40
  12200091,  5145, 4,18:21:43,18:22:56,    73, 43.30, 25.80, 17.50
         0,     0, 4,18:23:05,18:23:23,    18, 25.80, 43.00,-17.20
  11724172,     0, 8,18:23:27,18:23:30,     3, 40.80, 40.70,  0.10
  12706615,  7024, 2,18:21:36,18:23:34,   118, 44.10, 34.40,  9.70
         0,     0, 2,18:23:42,18:23:50,     8, 34.40, 44.10, -9.70
  12448482,     0, 8,18:23:58,18:24:28,    30, 40.60, 40.60,  0.00
  12448482,     0, 8,18:25:14,18:27:03,   109, 40.20, 30.20, 10.00
         0,     0, 8,18:27:11,18:27:22,    11, 30.20, 41.20,-11.00
  12448451,     0, 8,18:29:03,18:29:05,     2, 41.10, 41.10,  0.00
  12448451,     0, 8,18:29:28,18:29:57,    29, 41.10, 41.00,  0.10
  12448451,     0, 7,18:30:11,18:30:22,    11, 40.90, 40.90,  0.00
  11954008,  4038, 1,18:28:46,18:30:23,    97, 41.30, 24.30, 17.00
         0,     0, 1,18:30:31,18:30:47,    16, 24.30, 41.40,-17.10
  12448451,     0, 8,18:30:37,18:30:58,    21, 41.00, 40.10,  0.90
  12706601,  7010, 2,18:29:15,18:31:47,   152, 44.10, 23.60, 20.50
  12448417,  6030, 3,18:30:59,18:31:52,    53, 46.10, 36.10, 10.00
  12448451,     0, 8,18:31:09,18:31:54,    45, 40.00, 31.30,  8.70
         0,     0, 3,18:32:00,18:32:08,     8, 36.10, 35.80,  0.30
         0,     0, 8,18:32:01,18:32:11,    10, 31.30, 41.10, -9.80
         0,     0, 2,18:31:55,18:32:16,    21, 23.60, 44.10,-20.50
  12706601,  7010, 2,18:32:25,18:33:12,    47, 44.10, 41.60,  2.50
         0,     0, 2,18:33:21,18:33:22,     1, 41.60, 44.00, -2.40
  12706628,  7037, 3,18:35:52,18:37:18,    86, 46.10, 40.70,  5.40
         0,     0, 3,18:37:25,18:37:29,     4, 40.70, 46.30, -5.60
  12706613,  7022, 2,18:37:12,18:38:23,    71, 44.00, 37.50,  6.50
         0,     0, 2,18:38:32,18:38:37,     5, 37.50, 44.10, -6.60
  12706613,  7022, 1,18:38:39,18:39:12,    33, 41.40, 37.00,  4.40
         0,     0, 1,18:39:20,18:39:23,     3, 37.00, 41.30, -4.30
  12448420,  6033, 3,18:38:26,18:39:31,    65, 46.30, 36.00, 10.30
         0,     0, 3,18:39:39,18:39:47,     8, 36.00, 35.80,  0.20
  12706628,  7037, 4,18:40:55,18:41:33,    38, 43.60, 43.20,  0.40
  12200085,  5139, 2,18:41:09,18:42:20,    71, 44.00, 26.20, 17.80
         0,     0, 2,18:42:28,18:42:45,    17, 26.20, 44.20,-18.00
  11954042,  4072, 4,18:44:02,18:45:31,    89, 43.20, 26.90, 16.30
         0,     0, 4,18:45:40,18:45:56,    16, 26.90, 42.90,-16.00
  12706618,  7027, 2,18:45:15,18:46:00,    45, 44.20, 38.40,  5.80
         0,     0, 2,18:46:08,18:46:12,     4, 38.40, 44.10, -5.70
  12448521,  6134, 3,18:47:17,18:48:36,    79, 46.10, 33.20, 12.90
         0,     0, 3,18:48:44,18:48:54,    10, 33.20, 33.10,  0.10
  12448517,  6130, 1,18:49:38,18:52:03,   145, 41.30, 29.00, 12.30
         0,     0, 1,18:52:12,18:52:24,    12, 29.00, 41.30,-12.30
  12448392,  6005, 2,18:51:48,18:53:02,    74, 44.20, 29.80, 14.40
         0,     0, 2,18:53:11,18:53:24,    13, 29.80, 44.00,-14.20
  12706615,  7024, 1,18:52:34,18:53:53,    79, 41.30, 30.50, 10.80
  12706614,  7023, 2,18:53:34,18:54:05,    31, 44.00, 43.90,  0.10
         0,     0, 1,18:54:02,18:54:12,    10, 30.50, 41.40,-10.90
  12706621,  7030, 1,18:54:22,18:54:35,    13, 41.40, 41.40,  0.00
  12706621,  7030, 2,18:54:48,18:55:35,    47, 43.90, 32.50, 11.40
  11954008,  4038, 4,18:55:02,18:55:49,    47, 43.30, 33.10, 10.20
         0,     0, 2,18:55:42,18:55:52,    10, 32.50, 44.20,-11.70
         0,     0, 4,18:55:56,18:56:06,    10, 33.10, 42.90, -9.80
  12200091,  5145, 4,18:58:41,18:59:26,    45, 43.00, 38.70,  4.30
         0,     0, 4,18:59:34,18:59:38,     4, 38.70, 42.90, -4.20
  12448415,  6028, 2,18:59:45,19:01:29,   104, 44.10, 28.70, 15.40
  12448426,  6039, 1,19:00:24,19:01:30,    66, 41.40, 20.30, 21.10
         0,     0, 2,19:01:37,19:01:52,    15, 28.70, 44.10,-15.40
         0,     0, 1,19:01:38,19:01:59,    21, 20.30, 41.30,-21.00
  12448426,  6039, 1,19:02:10,19:02:42,    32, 41.30, 27.30, 14.00
         0,     0, 1,19:02:50,19:03:03,    13, 27.30, 41.30,-14.00
  12448420,  6033, 4,19:02:39,19:03:30,    51, 43.00, 33.80,  9.20
         0,     0, 4,19:03:39,19:03:48,     9, 33.80, 42.80, -9.00
  12706700,     0, 8,19:05:42,19:06:01,    19, 41.00, 35.70,  5.30
         0,     0, 8,19:06:10,19:06:17,     7, 35.70, 41.20, -5.50
  12706614,  7023, 3,19:06:18,19:07:10,    52, 46.10, 32.60, 13.50
         0,     0, 3,19:07:19,19:07:30,    11, 32.60, 32.40,  0.20
  12200079,  5133, 1,19:06:56,19:07:56,    60, 41.30, 30.40, 10.90
  12200081,  5135, 2,19:06:03,19:07:57,   114, 44.10, 25.60, 18.50
         0,     0, 1,19:08:04,19:08:14,    10, 30.40, 41.30,-10.90
         0,     0, 2,19:08:05,19:08:23,    18, 25.60, 44.10,-18.50
  12200079,  5133, 1,19:08:24,19:08:47,    23, 41.30, 36.40,  4.90
         0,     0, 1,19:08:56,19:09:00,     4, 36.40, 41.30, -4.90
  12706628,  7037, 2,19:11:24,19:11:44,    20, 44.10, 42.80,  1.30
  12706737,  7146, 4,19:10:53,19:11:50,    57, 43.20, 39.20,  4.00
         0,     0, 4,19:11:59,19:12:02,     3, 39.20, 42.80, -3.60
  12706656,  7065, 2,19:12:19,19:13:04,    45, 42.80, 33.80,  9.00
         0,     0, 2,19:13:12,19:13:21,     9, 33.80, 44.10,-10.30
  12706628,  7037, 2,19:18:36,19:19:09,    33, 44.10, 41.30,  2.80
         0,     0, 2,19:19:17,19:19:18,     1, 41.30, 44.00, -2.70
  12706620,  7029, 1,19:19:28,19:20:22,    54, 41.30, 34.00,  7.30
         0,     0, 1,19:20:31,19:20:37,     6, 34.00, 41.30, -7.30
  12706613,  7022, 2,19:21:50,19:22:18,    28, 44.00, 40.90,  3.10
         0,     0, 2,19:22:27,19:22:29,     2, 40.90, 44.20, -3.30
  11953971,  4001, 4,19:21:27,19:23:24,   117, 43.70, 22.60, 21.10
  12448516,  6129, 3,19:21:34,19:23:44,   130, 46.20, 23.30, 22.90
         0,     0, 4,19:23:32,19:23:53,    21, 22.60, 42.80,-20.20
  12706620,  7029, 1,19:23:21,19:23:57,    36, 41.30, 35.30,  6.00
         0,     0, 1,19:24:05,19:24:10,     5, 35.30, 41.20, -5.90
         0,     0, 3,19:23:52,19:24:11,    19, 23.30, 23.10,  0.20
  11954042,  4072, 3,19:24:39,19:25:04,    25, 46.10, 42.20,  3.90
         0,     0, 3,19:25:12,19:25:14,     2, 42.20, 46.30, -4.10
  12706610,  7019, 2,19:24:15,19:25:44,    89, 44.20, 24.10, 20.10
         0,     0, 2,19:25:53,19:26:12,    19, 24.10, 44.10,-20.00
  12448521,  6134, 1,19:25:29,19:26:11,    42, 41.30, 37.20,  4.10
         0,     0, 1,19:26:19,19:26:22,     3, 37.20, 41.20, -4.00
  13008738,  7159, 3,19:25:51,19:28:20,   149, 46.50, 24.40, 22.10
         0,     0, 3,19:28:28,19:28:46,    18, 24.40, 24.20,  0.20
  12200086,  5140, 4,19:28:09,19:29:01,    52, 42.80, 36.70,  6.10
         0,     0, 4,19:29:09,19:29:15,     6, 36.70, 43.00, -6.30
  12448521,  6134, 1,19:28:11,19:29:38,    87, 41.20, 36.10,  5.10
         0,     0, 1,19:29:47,19:29:51,     4, 36.10, 41.30, -5.20
  12448434,  6047, 3,19:29:06,19:30:23,    77, 46.20, 40.10,  6.10
         0,     0, 3,19:30:31,19:30:35,     4, 40.10, 46.30, -6.20
  12706609,  7018, 2,19:31:39,19:32:29,    50, 44.00, 33.30, 10.70
  12706621,  7030, 3,19:31:31,19:32:43,    72, 46.40, 35.00, 11.40
         0,     0, 2,19:32:37,19:32:47,    10, 33.30, 44.20,-10.90
         0,     0, 3,19:32:51,19:32:59,     8, 35.00, 34.90,  0.10
  12706624,  7033, 3,19:34:09,19:35:54,   105, 46.10, 32.30, 13.80
         0,     0, 3,19:36:01,19:36:12,    11, 32.30, 32.10,  0.20
  12448420,  6033, 4,19:35:45,19:37:25,   100, 43.20, 39.40,  3.80
         0,     0, 4,19:37:32,19:37:35,     3, 39.40, 43.20, -3.80
  13008774,  8015, 2,19:40:56,19:42:26,    90, 44.10, 33.70, 10.40
         0,     0, 2,19:42:33,19:42:42,     9, 33.70, 44.20,-10.50
  12706613,  7022, 3,19:44:12,19:44:43,    31, 46.20, 40.90,  5.30
         0,     0, 3,19:44:51,19:44:55,     4, 40.90, 46.40, -5.50
  11953971,  4001, 2,19:49:19,19:49:24,     5, 44.20, 44.20,  0.00
  12448434,  6047, 4,19:50:00,19:50:58,    58, 43.00, 37.10,  5.90
         0,     0, 4,19:51:05,19:51:10,     5, 37.10, 39.80, -2.70
  12448518,  6131, 3,19:50:54,19:51:26,    32, 46.20, 41.50,  4.70
         0,     0, 3,19:51:34,19:51:37,     3, 41.50, 46.10, -4.60
  12448518,  6131, 3,19:52:07,19:52:34,    27, 46.10, 38.80,  7.30
         0,     0, 3,19:52:42,19:52:47,     5, 38.80, 38.70,  0.10
  12706656,  7065, 2,19:53:15,19:53:59,    44, 44.10, 37.10,  7.00
         0,     0, 2,19:54:08,19:54:14,     6, 37.10, 44.10, -7.00
  12448415,  6028, 2,19:55:01,19:56:29,    88, 44.10, 35.00,  9.10
         0,     0, 2,19:56:36,19:56:44,     8, 35.00, 44.20, -9.20
  12200081,  5135, 4,19:59:50,20:00:45,    55, 43.10, 30.10, 13.00
         0,     0, 4,20:00:54,20:01:07,    13, 30.10, 42.80,-12.70
  12706613,  7022, 4,20:01:43,20:02:21,    38, 42.90, 39.40,  3.50
         0,     0, 4,20:02:29,20:02:32,     3, 39.40, 42.90, -3.50
  12448437,  6050, 3,20:01:22,20:03:24,   122, 46.10, 29.00, 17.10
         0,     0, 3,20:03:32,20:03:46,    14, 29.00, 28.80,  0.20
  13008774,  8015, 1,20:03:07,20:04:05,    58, 41.20, 33.60,  7.60
         0,     0, 1,20:04:13,20:04:20,     7, 33.60, 41.30, -7.70
  13008896,     0, 8,20:04:21,20:04:41,    20, 39.50, 38.50,  1.00
         0,     0, 8,20:04:48,20:04:50,     2, 38.50, 40.50, -2.00
  13008896,     0, 8,20:05:29,20:05:30,     1, 35.10, 35.10,  0.00
  13008738,  7159, 4,20:03:55,20:05:37,   102, 43.30, 29.40, 13.90
         0,     0, 8,20:05:39,20:05:45,     6, 35.10, 41.20, -6.10
         0,     0, 4,20:05:45,20:05:58,    13, 29.40, 42.80,-13.40
  12448391,  6004, 2,20:04:48,20:05:59,    71, 44.20, 26.40, 17.80
         0,     0, 2,20:06:08,20:06:25,    17, 26.40, 44.10,-17.70
  12200079,  5133, 2,20:07:00,20:07:59,    59, 44.00, 37.30,  6.70
         0,     0, 2,20:08:06,20:08:12,     6, 37.30, 44.00, -6.70
  12448417,  6030, 3,20:07:39,20:08:51,    72, 46.00, 34.40, 11.60
         0,     0, 3,20:08:59,20:09:08,     9, 34.40, 46.20,-11.80
  12448434,  6047, 4,20:09:27,20:10:23,    56, 43.20, 38.20,  5.00
         0,     0, 4,20:10:31,20:10:35,     4, 38.20, 43.10, -4.90
  11724167,  3067, 4,20:10:59,20:11:45,    46, 43.00, 27.80, 15.20
         0,     0, 4,20:11:53,20:12:08,    15, 27.80, 42.80,-15.00
  12706613,  7022, 4,20:13:20,20:13:32,    12, 42.90, 41.90,  1.00
  12706634,  7043, 2,20:12:02,20:13:33,    91, 44.10, 30.00, 14.10
         0,     0, 4,20:13:40,20:13:40,     0, 41.90, 42.60, -0.70
         0,     0, 2,20:13:41,20:13:54,    13, 30.00, 44.10,-14.10
  12200083,  5137, 1,20:13:54,20:14:55,    61, 41.30, 26.90, 14.40
         0,     0, 1,20:15:04,20:15:17,    13, 26.90, 41.20,-14.30
  12448420,  6033, 3,20:17:03,20:17:38,    35, 46.10, 42.20,  3.90
         0,     0, 3,20:17:46,20:17:48,     2, 42.20, 46.20, -4.00
  12448518,  6131, 1,20:17:24,20:18:01,    37, 41.20, 34.10,  7.10
         0,     0, 1,20:18:09,20:18:15,     6, 34.10, 41.20, -7.10
  12200086,  5140, 3,20:20:02,20:20:28,    26, 46.40, 42.70,  3.70
         0,     0, 3,20:20:35,20:20:37,     2, 42.70, 46.40, -3.70
  21268732,  6126, 3,20:21:13,20:22:42,    89, 46.40, 38.30,  8.10
         0,     0, 3,20:22:49,20:22:55,     6, 38.30, 46.20, -7.90
  12706609,  7018, 1,20:21:44,20:22:53,    69, 41.30, 33.10,  8.20
  21268732,  6126, 4,20:22:47,20:23:02,    15, 42.80, 39.50,  3.30
         0,     0, 1,20:23:01,20:23:08,     7, 33.10, 41.20, -8.10
         0,     0, 4,20:23:09,20:23:12,     3, 39.50, 42.90, -3.40
  13008774,  8015, 3,20:23:59,20:24:22,    23, 46.10, 45.90,  0.20
  12706656,  7065, 3,20:26:03,20:26:59,    56, 45.90, 39.50,  6.40
         0,     0, 3,20:27:07,20:27:12,     5, 39.50, 39.40,  0.10
  12706656,  7065, 4,20:27:04,20:27:16,    12, 43.10, 40.50,  2.60
         0,     0, 4,20:27:23,20:27:25,     2, 40.50, 42.80, -2.30
  12200085,  5139, 2,20:30:23,20:31:36,    73, 44.10, 31.00, 13.10
         0,     0, 2,20:31:45,20:31:57,    12, 31.00, 44.00,-13.00
  12200086,  5140, 3,20:30:42,20:32:32,   110, 46.20, 38.90,  7.30
         0,     0, 3,20:32:39,20:32:44,     5, 38.90, 38.90,  0.00
  12448521,  6134, 3,20:32:58,20:33:49,    51, 46.30, 38.40,  7.90
         0,     0, 3,20:33:57,20:34:03,     6, 38.40, 46.30, -7.90
  21268732,  6126, 1,20:33:06,20:34:17,    71, 41.20, 34.20,  7.00
         0,     0, 1,20:34:25,20:34:31,     6, 34.20, 41.20, -7.00
  11954042,  4072, 2,20:35:03,20:36:36,    93, 44.00, 26.90, 17.10
         0,     0, 2,20:36:44,20:37:00,    16, 26.90, 44.10,-17.20
  13008896,     0, 8,20:38:43,20:38:54,    11, 40.50, 40.00,  0.50
  12706628,  7037, 2,20:37:23,20:39:01,    98, 44.10, 40.40,  3.70
         0,     0, 2,20:39:09,20:39:11,     2, 40.40, 44.10, -3.70
  13008896,     0, 8,20:39:18,20:39:31,    13, 37.90, 37.30,  0.60
         0,     0, 8,20:39:39,20:39:42,     3, 37.30, 41.20, -3.90
  12448437,  6050, 3,20:38:55,20:39:46,    51, 46.30, 39.10,  7.20
         0,     0, 3,20:39:53,20:39:58,     5, 39.10, 38.90,  0.20
  12448420,  6033, 4,20:38:51,20:40:00,    69, 42.90, 37.20,  5.70
         0,     0, 4,20:40:07,20:40:12,     5, 37.20, 42.90, -5.70
  12706628,  7037, 2,20:39:47,20:40:18,    31, 44.10, 39.50,  4.60
         0,     0, 2,20:40:25,20:40:28,     3, 39.50, 44.00, -4.50
  12200083,  5137, 2,20:41:27,20:42:04,    37, 44.10, 39.50,  4.60
         0,     0, 2,20:42:11,20:42:14,     3, 39.50, 44.10, -4.60
  12706628,  7037, 1,20:45:41,20:46:22,    41, 41.20, 40.30,  0.90
  12706630,  7039, 2,20:51:41,20:51:46,     5, 44.10, 44.10,  0.00
  12706630,  7039, 1,20:52:06,20:52:14,     8, 40.20, 40.20,  0.00
  12199951,  5005, 2,20:52:30,20:54:24,   114, 44.10, 35.20,  8.90
         0,     0, 2,20:54:32,20:54:40,     8, 35.20, 44.10, -8.90
  12448408,  6021, 4,20:53:41,20:54:56,    75, 42.90, 23.70, 19.20
         0,     0, 4,20:55:04,20:55:23,    19, 23.70, 42.90,-19.20
  12448391,  6004, 1,20:56:11,20:57:15,    64, 40.20, 29.20, 11.00
  13008774,  8015, 3,20:56:05,20:57:22,    77, 46.40, 46.10,  0.30
         0,     0, 1,20:57:24,20:57:35,    11, 29.20, 41.30,-12.10
  12706614,  7023, 4,20:58:10,20:58:59,    49, 43.40, 34.30,  9.10
         0,     0, 4,20:59:06,20:59:14,     8, 34.30, 34.30,  0.00
  13008774,  8015, 3,21:01:40,21:01:57,    17, 46.20, 46.10,  0.10
  13008864,     0, 8,21:03:39,21:04:11,    32, 41.10, 38.90,  2.20
         0,     0, 8,21:04:18,21:04:20,     2, 38.90, 41.30, -2.40
  12706630,  7039, 3,21:05:29,21:05:34,     5, 46.20, 46.10,  0.10
  12706630,  7039, 4,21:05:54,21:07:03,    69, 43.10, 35.20,  7.90
         0,     0, 4,21:07:10,21:07:17,     7, 35.20, 43.00, -7.80
  13008774,  8015, 4,21:07:56,21:08:09,    13, 43.00, 43.00,  0.00
  12706642,  7051, 3,21:07:49,21:08:13,    24, 46.20, 45.10,  1.10
  21268732,  6126, 1,21:04:33,21:08:18,   225, 41.30, 33.00,  8.30
         0,     0, 1,21:08:27,21:08:34,     7, 33.00, 41.30, -8.30
  12706618,  7027, 2,21:07:06,21:08:43,    97, 44.10, 28.00, 16.10
         0,     0, 2,21:08:52,21:09:07,    15, 28.00, 44.10,-16.10
  13008774,  8015, 4,21:09:14,21:10:38,    84, 42.90, 36.40,  6.50
         0,     0, 4,21:10:46,21:10:52,     6, 36.40, 42.80, -6.40
  12706642,  7051, 4,21:11:16,21:12:03,    47, 42.80, 29.50, 13.30
         0,     0, 4,21:12:11,21:12:24,    13, 29.50, 29.60, -0.10
  12706700,     0, 8,21:12:22,21:12:40,    18, 41.20, 38.60,  2.60
  12706621,  7030, 2,21:12:05,21:12:45,    40, 44.00, 32.40, 11.60
         0,     0, 8,21:12:49,21:12:51,     2, 38.60, 41.20, -2.60
         0,     0, 2,21:12:52,21:13:03,    11, 32.40, 44.00,-11.60
  11954008,  4038, 4,21:13:59,21:14:18,    19, 43.10, 42.10,  1.00
  11954042,  4072, 4,21:14:27,21:14:32,     5, 42.40, 42.00,  0.40
  11954008,  4038, 3,21:14:21,21:14:38,    17, 45.10, 45.10,  0.00
         0,     0, 4,21:14:40,21:14:40,     0, 42.00, 42.60, -0.60
  12448398,  6011, 1,21:12:28,21:15:12,   164, 41.40, 22.40, 19.00
  11954008,  4038, 4,21:14:53,21:15:23,    30, 42.60, 36.90,  5.70
         0,     0, 4,21:15:30,21:15:36,     6, 36.90, 42.80, -5.90
         0,     0, 1,21:15:21,21:15:40,    19, 22.40, 41.30,-18.90
  11954008,  4038, 4,21:15:46,21:16:31,    45, 42.80, 32.90,  9.90
         0,     0, 4,21:16:40,21:16:50,    10, 32.90, 43.10,-10.20
  12448516,  6129, 3,21:16:38,21:16:52,    14, 45.20, 45.20,  0.00
  12706624,  7033, 3,21:18:06,21:18:19,    13, 45.20, 45.10,  0.10
  12448516,  6129, 4,21:17:03,21:18:27,    84, 43.20, 34.80,  8.40
         0,     0, 4,21:18:35,21:18:43,     8, 34.80, 42.80, -8.00
  12706624,  7033, 4,21:18:54,21:20:43,   109, 43.00, 28.60, 14.40
  12706737,  7146, 3,21:20:46,21:21:02,    16, 45.20, 45.20,  0.00
         0,     0, 4,21:20:50,21:21:04,    14, 28.60, 42.90,-14.30
  12706737,  7146, 4,21:21:14,21:22:05,    51, 43.00, 42.90,  0.10
  12706737,  7146, 4,21:22:42,21:24:40,   118, 42.80, 37.60,  5.20
         0,     0, 4,21:24:48,21:24:53,     5, 37.60, 42.80, -5.20
  12706737,  7146, 4,21:28:06,21:29:01,    55, 43.10, 38.90,  4.20
         0,     0, 4,21:29:09,21:29:13,     4, 38.90, 42.80, -3.90
  12448408,  6021, 2,21:28:40,21:29:25,    45, 44.00, 25.50, 18.50
         0,     0, 2,21:29:33,21:29:51,    18, 25.50, 44.10,-18.60
  11499184,  2074, 2,21:30:08,21:30:49,    41, 44.10, 35.80,  8.30
         0,     0, 2,21:30:57,21:31:04,     7, 35.80, 44.10, -8.30
  13008774,  8015, 4,21:30:29,21:31:26,    57, 42.80, 39.70,  3.10
         0,     0, 4,21:31:33,21:31:36,     3, 39.70, 42.80, -3.10
  12448482,     0, 8,21:29:25,21:32:29,   184, 41.20, 30.80, 10.40
         0,     0, 8,21:32:37,21:32:47,    10, 30.80, 41.30,-10.50
  12706737,  7146, 3,21:32:57,21:33:07,    10, 45.20, 45.10,  0.10
  12448482,     0, 7,21:33:38,21:33:45,     7, 40.90, 40.90,  0.00
  12706737,  7146, 3,21:35:10,21:35:29,    19, 45.20, 45.10,  0.10
  12706630,  7039, 4,21:36:06,21:38:00,   114, 43.20, 32.80, 10.40
  12448434,  6047, 1,21:35:51,21:38:02,   131, 41.30, 28.20, 13.10
         0,     0, 4,21:38:07,21:38:17,    10, 32.80, 42.80,-10.00
         0,     0, 1,21:38:09,21:38:22,    13, 28.20, 41.20,-13.00
  12706642,  7051, 4,21:42:05,21:42:35,    30, 42.70, 36.90,  5.80
         0,     0, 4,21:42:44,21:42:50,     6, 36.90, 42.80, -5.90
  12706737,  7146, 2,21:42:17,21:42:56,    39, 44.10, 42.10,  2.00
  12706621,  7030, 3,21:42:59,21:43:06,     7, 45.20, 45.10,  0.10
  11954008,  4038, 4,21:43:43,21:44:48,    65, 42.80, 33.70,  9.10
         0,     0, 4,21:44:56,21:45:05,     9, 33.70, 42.80, -9.10
  12448415,  6028, 2,21:46:35,21:49:23,   168, 42.10, 30.00, 12.10
         0,     0, 2,21:49:30,21:49:43,    13, 30.00, 44.10,-14.10
  12448518,  6131, 4,21:50:27,21:50:35,     8, 42.70, 42.70,  0.00
  12706737,  7146, 1,21:51:14,21:54:10,   176, 41.20, 34.60,  6.60
         0,     0, 1,21:54:17,21:54:23,     6, 34.60, 41.30, -6.70
  12706621,  7030, 4,21:54:57,21:55:37,    40, 42.80, 34.00,  8.80
         0,     0, 4,21:55:46,21:55:55,     9, 34.00, 42.90, -8.90
  12200081,  5135, 2,21:59:26,21:59:35,     9, 44.10, 43.90,  0.20
  12200081,  5135, 2,21:59:46,22:00:26,    40, 43.90, 36.10,  7.80
         0,     0, 2,22:00:33,22:00:40,     7, 36.10, 44.10, -8.00
  12706630,  7039, 2,22:02:40,22:03:28,    48, 44.10, 39.60,  4.50
         0,     0, 2,22:03:35,22:03:38,     3, 39.60, 44.00, -4.40
  12706615,  7024, 3,22:04:52,22:05:03,    11, 45.20, 45.10,  0.10
  12448518,  6131, 3,22:06:07,22:06:43,    36, 45.20, 41.90,  3.30
         0,     0, 3,22:06:52,22:06:54,     2, 41.90, 41.90,  0.00
  12706615,  7024, 4,22:05:55,22:06:51,    56, 43.40, 42.80,  0.60
  12448517,  6130, 1,22:05:25,22:07:50,   145, 41.30, 27.20, 14.10
  12448518,  6131, 3,22:07:14,22:07:53,    39, 46.00, 37.90,  8.10
         0,     0, 3,22:08:01,22:08:07,     6, 37.90, 46.20, -8.30
         0,     0, 1,22:07:59,22:08:12,    13, 27.20, 41.20,-14.00
  12448518,  6131, 3,22:09:05,22:09:14,     9, 46.30, 46.10,  0.20
  12706618,  7027, 2,22:13:38,22:14:27,    49, 44.00, 34.90,  9.10
         0,     0, 2,22:14:36,22:14:44,     8, 34.90, 44.10, -9.20
  12706620,  7029, 3,22:14:30,22:15:33,    63, 46.20, 45.90,  0.30
  12706620,  7029, 4,22:15:38,22:16:49,    71, 42.90, 28.40, 14.50
         0,     0, 4,22:16:57,22:17:12,    15, 28.40, 42.90,-14.50
  12706615,  7024, 3,22:17:10,22:17:15,     5, 45.90, 45.90,  0.00
  11954042,  4072, 2,22:15:26,22:17:27,   121, 44.10, 31.10, 13.00
         0,     0, 2,22:17:35,22:17:47,    12, 31.10, 44.10,-13.00
  12706620,  7029, 3,22:19:16,22:19:57,    41, 45.90, 40.20,  5.70
         0,     0, 3,22:20:05,22:20:09,     4, 40.20, 46.30, -6.10
  12706615,  7024, 2,22:18:06,22:20:23,   137, 44.20, 31.40, 12.80
         0,     0, 2,22:20:32,22:20:43,    11, 31.40, 44.10,-12.70
  11499117,  2007, 4,22:22:12,22:23:14,    62, 43.60, 31.40, 12.20
         0,     0, 4,22:23:22,22:23:34,    12, 31.40, 43.00,-11.60
  12706620,  7029, 3,22:25:05,22:25:44,    39, 46.20, 41.40,  4.80
         0,     0, 3,22:25:51,22:25:54,     3, 41.40, 41.20,  0.20
  12706601,  7010, 4,22:24:07,22:26:37,   150, 43.00, 22.40, 20.60
  12706628,  7037, 2,22:24:47,22:26:46,   119, 44.10, 36.90,  7.20
         0,     0, 2,22:26:54,22:27:00,     6, 36.90, 44.10, -7.20
  12200091,  5145, 3,22:26:53,22:26:59,     6, 46.30, 46.20,  0.10
         0,     0, 4,22:26:45,22:27:06,    21, 22.40, 42.80,-20.40
  12200091,  5145, 4,22:27:21,22:28:15,    54, 43.00, 31.00, 12.00
  12706628,  7037, 3,22:28:24,22:28:30,     6, 46.20, 46.20,  0.00
         0,     0, 4,22:28:24,22:28:35,    11, 31.00, 42.70,-11.70
  12706628,  7037, 4,22:28:48,22:30:07,    79, 42.70, 37.10,  5.60
         0,     0, 4,22:30:15,22:30:20,     5, 37.10, 42.80, -5.70
  11953971,  4001, 2,22:30:26,22:30:48,    22, 44.10, 44.00,  0.10
  11953971,  4001, 2,22:31:05,22:33:16,   131, 44.00, 25.50, 18.50
         0,     0, 2,22:33:24,22:33:42,    18, 25.50, 44.00,-18.50
  12706642,  7051, 4,22:31:25,22:34:13,   168, 42.80, 30.80, 12.00
         0,     0, 4,22:34:22,22:34:34,    12, 30.80, 42.80,-12.00
  21268732,  6126, 1,22:35:07,22:36:36,    89, 41.20, 39.60,  1.60
         0,     0, 1,22:36:43,22:36:44,     1, 39.60, 41.30, -1.70
  21268732,  6126, 2,22:36:40,22:37:10,    30, 44.00, 41.00,  3.00
         0,     0, 2,22:37:19,22:37:21,     2, 41.00, 44.10, -3.10
  21268732,  6126, 1,22:38:25,22:39:35,    70, 41.30, 37.00,  4.30
         0,     0, 1,22:39:43,22:39:46,     3, 37.00, 41.30, -4.30
  12448517,  6130, 2,22:43:53,22:43:59,     6, 44.10, 44.10,  0.00
  12448517,  6130, 1,22:44:04,22:45:17,    73, 41.30, 34.60,  6.70
         0,     0, 1,22:45:25,22:45:31,     6, 34.60, 41.30, -6.70
  12448415,  6028, 3,22:52:07,22:53:32,    85, 46.30, 39.90,  6.40
         0,     0, 3,22:53:40,22:53:44,     4, 39.90, 39.70,  0.20
  12448392,  6005, 1,22:52:34,22:54:47,   133, 41.30, 11.40, 29.90
         0,     0, 1,22:54:55,22:55:24,    29, 11.40, 41.30,-29.90
  12706609,  7018, 1,22:55:46,22:56:13,    27, 41.30, 38.80,  2.50
         0,     0, 1,22:56:21,22:56:22,     1, 38.80, 41.30, -2.50
  12706609,  7018, 2,22:56:21,22:56:40,    19, 44.10, 41.90,  2.20
         0,     0, 2,22:56:48,22:56:48,     0, 41.90, 43.90, -2.00
  13008738,  7159, 3,22:57:48,22:58:03,    15, 46.30, 46.20,  0.10
  13008864,     0, 8,22:58:35,22:59:22,    47, 41.00, 37.90,  3.10
         0,     0, 8,22:59:29,22:59:32,     3, 37.90, 41.20, -3.30
  13008738,  7159, 4,23:07:09,23:09:42,   153, 43.30, 31.70, 11.60
         0,     0, 4,23:09:50,23:10:01,    11, 31.70, 42.80,-11.10
  13008864,     0, 8,23:15:47,23:16:06,    19, 41.20, 38.90,  2.30
         0,     0, 8,23:16:14,23:16:15,     1, 38.90, 41.20, -2.30
  11953971,  4001, 2,23:18:59,23:20:33,    94, 43.90, 34.80,  9.10
         0,     0, 2,23:20:41,23:20:49,     8, 34.80, 44.00, -9.20
  12706613,  7022, 2,23:22:32,23:24:32,   120, 44.00, 28.10, 15.90
         0,     0, 2,23:24:40,23:24:55,    15, 28.10, 44.20,-16.10
  12448516,  6129, 1,23:22:41,23:24:58,   137, 41.30, 19.40, 21.90
         0,     0, 1,23:25:06,23:25:27,    21, 19.40, 41.20,-21.80
  12448521,  6134, 3,23:27:57,23:28:58,    61, 46.20, 39.90,  6.30
         0,     0, 3,23:29:07,23:29:11,     4, 39.90, 39.70,  0.20
  13008748,  7169, 4,23:29:41,23:30:29,    48, 43.10, 41.70,  1.40
         0,     0, 4,23:30:37,23:30:38,     1, 41.70, 42.70, -1.00
  12448521,  6134, 4,23:44:05,23:44:25,    20, 42.70, 37.70,  5.00
         0,     0, 5,23:44:39,23:44:49,    10, 40.50, 40.50,  0.00
         0,     0, 7,23:44:39,23:44:49,    10, 40.80, 40.80,  0.00
         0,     0, 8,23:44:39,23:44:49,    10, 41.10, 41.10,  0.00
         0,     0, 1,23:44:39,23:44:49,    10, 41.20, 41.20,  0.00
         0,     0, 2,23:44:39,23:44:49,    10, 44.10, 44.10,  0.00
         0,     0, 3,23:44:39,23:44:49,    10, 46.20, 46.20,  0.00
         0,     0, 4,23:44:33,23:44:38,     5, 37.70, 42.90, -5.20
