         0,     0, 5, 0:02:54, 0:03:04,    10, 40.20, 40.20,  0.00
         0,     0, 7, 0:02:54, 0:03:04,    10, 40.80, 40.80,  0.00
         0,     0, 8, 0:02:54, 0:03:04,    10, 40.70, 40.70,  0.00
         0,     0, 1, 0:02:54, 0:03:04,    10, 41.20, 41.20,  0.00
         0,     0, 2, 0:02:54, 0:03:04,    10, 44.10, 44.10,  0.00
         0,     0, 3, 0:02:54, 0:03:04,    10, 46.30, 46.30,  0.00
         0,     0, 4, 0:02:54, 0:03:04,    10, 42.40, 42.40,  0.00
  11953971,  4001, 3, 0:02:55, 0:03:04,     9, 46.30, 45.90,  0.40
  11953971,  4001, 3, 0:03:13, 0:04:17,    64, 46.00, 26.40, 19.60
         0,     0, 3, 0:04:25, 0:04:41,    16, 26.40, 26.30,  0.10
  12200085,  5139, 2, 0:07:16, 0:08:04,    48, 44.10, 27.70, 16.40
         0,     0, 2, 0:08:11, 0:08:26,    15, 27.70, 44.10,-16.40
  12448437,  6050, 3, 0:05:41, 0:08:56,   195, 46.20, 29.80, 16.40
         0,     0, 3, 0:09:03, 0:09:16,    13, 29.80, 29.60,  0.20
  13008896,     0, 8, 0:08:05, 0:09:36,    91, 40.60, 31.20,  9.40
         0,     0, 8, 0:09:43, 0:09:53,    10, 31.20, 41.20,-10.00
  21268732,  6126, 1, 0:08:33, 0:10:16,   103, 41.20, 38.70,  2.50
         0,     0, 1, 0:10:23, 0:10:24,     1, 38.70, 41.30, -2.60
  21268732,  6126, 1, 0:10:58, 0:13:48,   170, 41.30, 26.00, 15.30
         0,     0, 1, 0:13:55, 0:14:09,    14, 26.00, 41.20,-15.20
  12706601,  7010, 4, 0:12:51, 0:15:33,   162, 42.30, 23.70, 18.60
  12448434,  6047, 3, 0:14:12, 0:15:47,    95, 46.10, 34.90, 11.20
         0,     0, 4, 0:15:40, 0:16:01,    21, 23.70, 42.70,-19.00
         0,     0, 3, 0:15:54, 0:16:03,     9, 34.90, 34.90,  0.00
  21268732,  6126, 1, 0:16:05, 0:17:02,    57, 41.30, 38.80,  2.50
         0,     0, 1, 0:17:10, 0:17:11,     1, 38.80, 41.20, -2.40
  11954042,  4072, 4, 0:16:11, 0:17:35,    84, 42.80, 30.40, 12.40
         0,     0, 4, 0:17:44, 0:17:57,    13, 30.40, 42.80,-12.40
  12200091,  5145, 3, 0:18:28, 0:18:40,    12, 46.20, 45.90,  0.30
  12200091,  5145, 4, 0:20:00, 0:21:25,    85, 42.90, 26.40, 16.50
         0,     0, 4, 0:21:33, 0:21:51,    18, 26.40, 42.80,-16.40
  12706630,  7039, 3, 0:22:32, 0:24:40,   128, 46.10, 27.60, 18.50
         0,     0, 3, 0:24:47, 0:25:02,    15, 27.60, 46.20,-18.60
  12448426,  6039, 3, 0:25:26, 0:26:49,    83, 46.20, 35.70, 10.50
         0,     0, 3, 0:26:57, 0:27:05,     8, 35.70, 46.20,-10.50
  12448426,  6039, 3, 0:27:40, 0:28:12,    32, 46.30, 35.90, 10.40
         0,     0, 3, 0:28:20, 0:28:28,     8, 35.90, 35.70,  0.20
  12448392,  6005, 4, 0:30:55, 0:32:15,    80, 42.90, 27.30, 15.60
         0,     0, 4, 0:32:24, 0:32:41,    17, 27.30, 42.80,-15.50
  12448521,  6134, 4, 0:38:53, 0:40:59,   126, 42.70, 31.50, 11.20
         0,     0, 4, 0:41:06, 0:41:18,    12, 31.50, 42.80,-11.30
  12448408,  6021, 3, 0:40:08, 0:41:24,    76, 46.20, 29.70, 16.50
         0,     0, 3, 0:41:33, 0:41:46,    13, 29.70, 29.60,  0.10
  12448420,  6033, 2, 0:39:43, 0:42:03,   140, 44.00, 35.30,  8.70
         0,     0, 2, 0:42:10, 0:42:17,     7, 35.30, 44.10, -8.80
  12448420,  6033, 4, 0:43:29, 0:43:49,    20, 42.80, 40.90,  1.90
         0,     0, 4, 0:43:57, 0:43:59,     2, 40.90, 43.00, -2.10
  12448434,  6047, 3, 0:45:21, 0:46:51,    90, 46.30, 42.10,  4.20
         0,     0, 3, 0:46:59, 0:47:02,     3, 42.10, 46.30, -4.20
  13008896,     0, 7, 0:47:57, 0:47:58,     1, 40.70, 40.80, -0.10
  12448398,  6011, 1, 0:45:30, 0:48:20,   170, 41.20, 25.30, 15.90
         0,     0, 1, 0:48:27, 0:48:42,    15, 25.30, 41.20,-15.90
  12706630,  7039, 1, 0:49:41, 0:49:45,     4, 41.30, 41.30,  0.00
  12706630,  7039, 2, 0:50:02, 0:50:58,    56, 44.00, 38.50,  5.50
         0,     0, 2, 0:51:06, 0:51:10,     4, 38.50, 44.10, -5.60
  11499184,  2074, 3, 0:56:58, 0:57:35,    37, 46.50, 33.80, 12.70
  12448420,  6033, 4, 0:56:48, 0:57:37,    49, 42.80, 38.80,  4.00
         0,     0, 4, 0:57:45, 0:57:49,     4, 38.80, 42.80, -4.00
         0,     0, 3, 0:57:43, 0:57:53,    10, 33.80, 36.50, -2.70
  11499231,     0, 8, 0:59:40, 1:00:24,    44, 38.00, 38.00,  0.00
         0,     0, 8, 1:00:33, 1:00:36,     3, 38.00, 41.20, -3.20
  12448521,  6134, 2, 1:01:33, 1:01:46,    13, 44.10, 44.10,  0.00
  11724167,  3067, 3, 1:01:30, 1:02:15,    45, 46.30, 34.30, 12.00
         0,     0, 3, 1:02:23, 1:02:32,     9, 34.30, 34.10,  0.20
  11499231,     0, 8, 1:00:55, 1:04:30,   215, 41.20, 22.90, 18.30
         0,     0, 8, 1:04:39, 1:04:58,    19, 22.90, 41.20,-18.30
  12706642,  7051, 4, 1:13:11, 1:15:07,   116, 42.50, 28.20, 14.30
         0,     0, 4, 1:15:15, 1:15:31,    16, 28.20, 42.80,-14.60
  12448420,  6033, 4, 1:17:30, 1:17:49,    19, 43.10, 42.40,  0.70
  12200081,  5135, 2, 1:22:49, 1:24:33,   104, 44.10, 22.20, 21.90
         0,     0, 2, 1:24:41, 1:25:02,    21, 22.20, 44.00,-21.80
  12448516,  6129, 3, 1:23:53, 1:25:14,    81, 46.20, 33.60, 12.60
         0,     0, 3, 1:25:21, 1:25:31,    10, 33.60, 33.60,  0.00
  12200081,  5135, 2, 1:27:47, 1:28:13,    26, 44.00, 43.00,  1.00
  12706613,  7022, 4, 1:32:36, 1:33:13,    37, 41.90, 36.80,  5.10
         0,     0, 4, 1:33:20, 1:33:26,     6, 36.80, 42.70, -5.90
  12706637,     0, 8, 1:35:27, 1:36:00,    33, 41.20, 39.40,  1.80
         0,     0, 8, 1:36:08, 1:36:09,     1, 39.40, 41.10, -1.70
  12706705,     0, 8, 1:37:32, 1:37:55,    23, 41.10, 41.10,  0.00
  12706634,  7043, 1, 1:33:53, 1:38:45,   292, 41.30, 32.40,  8.90
         0,     0, 1, 1:38:53, 1:39:01,     8, 32.40, 41.30, -8.90
  12706705,     0, 8, 1:39:35, 1:40:18,    43, 41.10, 41.00,  0.10
  12200086,  5140, 4, 1:40:58, 1:41:34,    36, 42.90, 40.10,  2.80
         0,     0, 4, 1:41:42, 1:41:44,     2, 40.10, 43.00, -2.90
  12706705,     0, 8, 1:40:30, 1:43:32,   182, 40.90, 26.20, 14.70
         0,     0, 8, 1:43:41, 1:43:56,    15, 26.20, 41.20,-15.00
  12448420,  6033, 4, 1:44:21, 1:45:18,    57, 42.80, 37.20,  5.60
         0,     0, 4, 1:45:25, 1:45:31,     6, 37.20, 42.80, -5.60
  11499117,  2007, 4, 1:56:55, 1:59:13,   138, 42.70, 27.90, 14.80
         0,     0, 4, 1:59:22, 1:59:38,    16, 27.90, 42.80,-14.90
  13008774,  8015, 3, 2:00:18, 2:01:56,    98, 46.30, 34.90, 11.40
         0,     0, 3, 2:02:04, 2:02:13,     9, 34.90, 34.70,  0.20
  12706609,  7018, 1, 2:03:27, 2:05:00,    93, 41.30, 27.20, 14.10
         0,     0, 1, 2:05:07, 2:05:20,    13, 27.20, 41.30,-14.10
  11724205,     0, 8, 2:09:18, 2:13:18,   240, 41.20, 29.00, 12.20
         0,     0, 8, 2:13:26, 2:13:38,    12, 29.00, 41.20,-12.20
  13008748,  7169, 4, 2:11:43, 2:13:44,   121, 43.00, 38.20,  4.80
         0,     0, 4, 2:13:51, 2:13:56,     5, 38.20, 42.80, -4.60
  12448518,  6131, 2, 2:23:21, 2:24:38,    77, 43.00, 26.10, 16.90
         0,     0, 2, 2:24:47, 2:25:04,    17, 26.10, 44.20,-18.10
  12448518,  6131, 2, 2:25:40, 2:26:13,    33, 44.10, 41.50,  2.60
         0,     0, 2, 2:26:21, 2:26:22,     1, 41.50, 44.10, -2.60
  12706615,  7024, 4, 2:25:36, 2:28:02,   146, 42.60, 27.80, 14.80
         0,     0, 4, 2:28:09, 2:28:25,    16, 27.80, 42.90,-15.10
  13008774,  8015, 1, 2:42:14, 2:43:40,    86, 41.20, 36.80,  4.40
         0,     0, 1, 2:43:48, 2:43:51,     3, 36.80, 41.30, -4.50
  12448472,     0, 8, 2:50:16, 2:51:34,    78, 41.20, 39.10,  2.10
         0,     0, 8, 2:51:43, 2:51:44,     1, 39.10, 41.20, -2.10
  12706618,  7027, 2, 2:52:18, 2:53:01,    43, 44.10, 35.30,  8.80
         0,     0, 2, 2:53:08, 2:53:15,     7, 35.30, 44.10, -8.80
  12448472,     0, 8, 2:52:01, 2:53:34,    93, 41.20, 38.60,  2.60
         0,     0, 8, 2:53:41, 2:53:43,     2, 38.60, 41.20, -2.60
  12706656,  7065, 3, 2:50:27, 2:53:52,   205, 46.30, 24.40, 21.90
         0,     0, 3, 2:54:00, 2:54:18,    18, 24.40, 46.30,-21.90
  12448472,     0, 7, 2:54:26, 2:54:29,     3, 40.70, 40.70,  0.00
  12706610,  7019, 2, 3:08:53, 3:10:20,    87, 44.10, 33.80, 10.30
         0,     0, 2, 3:10:28, 3:10:37,     9, 33.80, 44.10,-10.30
  11724172,     0, 7, 3:21:17, 3:21:18,     1, 40.60, 40.70, -0.10
  12448482,     0, 8, 3:21:56, 3:23:12,    76, 41.00, 40.10,  0.90
  12448482,     0, 8, 3:24:56, 3:24:58,     2, 28.80, 28.80,  0.00
  11954008,  4038, 2, 3:24:06, 3:25:15,    69, 44.10, 37.00,  7.10
         0,     0, 8, 3:25:05, 3:25:18,    13, 28.80, 41.20,-12.40
  12448451,     0, 7, 3:25:21, 3:25:24,     3, 40.70, 40.70,  0.00
         0,     0, 2, 3:25:22, 3:25:28,     6, 37.00, 44.00, -7.00
  12448451,     0, 8, 3:25:39, 3:26:47,    68, 41.10, 40.10,  1.00
  12448451,     0, 8, 3:27:48, 3:27:54,     6, 24.90, 25.00, -0.10
         0,     0, 8, 3:28:01, 3:28:18,    17, 25.00, 41.20,-16.20
  12448417,  6030, 4, 3:29:19, 3:30:39,    80, 42.90, 29.50, 13.40
         0,     0, 4, 3:30:48, 3:31:02,    14, 29.50, 42.70,-13.20
  12706618,  7027, 2, 3:53:50, 3:54:31,    41, 44.10, 35.80,  8.30
         0,     0, 2, 3:54:38, 3:54:45,     7, 35.80, 44.10, -8.30
  12200079,  5133, 4, 3:58:19, 4:00:09,   110, 42.70, 30.50, 12.20
         0,     0, 4, 4:00:18, 4:00:31,    13, 30.50, 42.80,-12.30
  12448517,  6130, 2, 4:01:21, 4:01:54,    33, 44.10, 44.10,  0.00
  12448517,  6130, 1, 4:01:59, 4:02:40,    41, 41.20, 41.20,  0.00
  12448517,  6130, 1, 4:03:12, 4:07:38,   266, 41.20, 28.50, 12.70
         0,     0, 1, 4:07:46, 4:07:58,    12, 28.50, 41.30,-12.80
  12448415,  6028, 3, 4:14:02, 4:15:17,    75, 46.10, 42.10,  4.00
         0,     0, 3, 4:15:25, 4:15:27,     2, 42.10, 46.30, -4.20
  12448517,  6130, 3, 4:16:55, 4:17:02,     7, 46.30, 46.20,  0.10
  12706613,  7022, 2, 4:23:33, 4:23:36,     3, 44.10, 44.10,  0.00
  12706613,  7022, 2, 4:23:57, 4:24:42,    45, 44.10, 37.80,  6.30
         0,     0, 2, 4:24:49, 4:24:54,     5, 37.80, 44.10, -6.30
  21268732,  6126, 1, 4:24:40, 4:25:04,    24, 41.30, 41.40, -0.10
  21268732,  6126, 1, 4:26:11, 4:27:11,    60, 41.30, 41.10,  0.20
  12706620,  7029, 1, 5:00:54, 5:04:28,   214, 41.10, 28.50, 12.60
         0,     0, 1, 5:04:36, 5:04:48,    12, 28.50, 41.30,-12.80
  12200083,  5137, 4, 5:05:51, 5:06:47,    56, 42.50, 33.20,  9.30
         0,     0, 4, 5:06:55, 5:07:05,    10, 33.20, 42.70, -9.50
  12200083,  5137, 4, 5:07:24, 5:08:07,    43, 42.70, 34.70,  8.00
         0,     0, 4, 5:08:14, 5:08:22,     8, 34.70, 42.80, -8.10
  12448437,  6050, 4, 6:01:30, 6:02:36,    66, 42.50, 31.60, 10.90
         0,     0, 4, 6:02:45, 6:02:57,    12, 31.60, 42.70,-11.10
  11499117,  2007, 4, 6:04:20, 6:05:39,    79, 42.70, 34.10,  8.60
         0,     0, 4, 6:05:47, 6:05:56,     9, 34.10, 42.70, -8.60
  11499117,  2007, 3, 6:06:09, 6:06:34,    25, 46.20, 39.10,  7.10
         0,     0, 3, 6:06:41, 6:06:46,     5, 39.10, 46.50, -7.40
  12448521,  6134, 4, 6:09:09, 6:09:18,     9, 43.00, 43.00,  0.00
  12200091,  5145, 1, 6:10:28, 6:11:07,    39, 41.30, 39.80,  1.50
  21268732,  6126, 3, 6:11:05, 6:11:09,     4, 46.40, 46.40,  0.00
         0,     0, 1, 6:11:14, 6:11:14,     0, 39.80, 41.20, -1.40
  12200091,  5145, 1, 6:11:27, 6:12:10,    43, 41.20, 31.90,  9.30
         0,     0, 1, 6:12:18, 6:12:27,     9, 31.90, 41.30, -9.40
  21268732,  6126, 3, 6:12:50, 6:13:19,    29, 46.40, 44.80,  1.60
  12448521,  6134, 3, 6:13:50, 6:14:51,    61, 44.80, 37.50,  7.30
         0,     0, 3, 6:14:58, 6:15:05,     7, 37.50, 37.30,  0.20
  12448398,  6011, 2, 6:12:57, 6:16:06,   189, 44.10, 28.20, 15.90
         0,     0, 2, 6:16:14, 6:16:29,    15, 28.20, 44.00,-15.80
  12199951,  5005, 4, 6:15:41, 6:16:34,    53, 42.70, 42.90, -0.20
  12199951,  5005, 4, 6:16:47, 6:16:53,     6, 42.80, 42.50,  0.30
  12199951,  5005, 3, 6:16:58, 6:17:37,    39, 46.40, 46.30,  0.10
  12448434,  6047, 4, 6:17:41, 6:17:47,     6, 42.90, 42.70,  0.20
  11954042,  4072, 4, 6:17:57, 6:18:02,     5, 42.70, 42.60,  0.10
  12448420,  6033, 1, 6:17:23, 6:18:36,    73, 41.30, 35.10,  6.20
         0,     0, 1, 6:18:43, 6:18:48,     5, 35.10, 41.30, -6.20
  11954042,  4072, 4, 6:18:19, 6:18:54,    35, 42.80, 42.30,  0.50
  11954042,  4072, 4, 6:19:09, 6:20:16,    67, 42.40, 27.00, 15.40
         0,     0, 4, 6:20:23, 6:20:40,    17, 27.00, 42.80,-15.80
  12706618,  7027, 2, 6:20:38, 6:21:09,    31, 44.10, 39.90,  4.20
         0,     0, 2, 6:21:17, 6:21:20,     3, 39.90, 44.10, -4.20
  12448434,  6047, 3, 6:21:49, 6:23:19,    90, 46.40, 34.00, 12.40
         0,     0, 3, 6:23:26, 6:23:36,    10, 34.00, 34.00,  0.00
  12200086,  5140, 4, 6:22:00, 6:24:00,   120, 43.10, 28.10, 15.00
  12706634,  7043, 2, 6:23:01, 6:24:02,    61, 44.10, 40.10,  4.00
         0,     0, 2, 6:24:10, 6:24:13,     3, 40.10, 44.00, -3.90
         0,     0, 4, 6:24:08, 6:24:23,    15, 28.10, 42.70,-14.60
  12199951,  5005, 2, 6:24:46, 6:24:50,     4, 44.00, 44.00,  0.00
  12706621,  7030, 4, 6:24:37, 6:25:54,    77, 42.70, 32.50, 10.20
         0,     0, 4, 6:26:01, 6:26:12,    11, 32.50, 43.00,-10.50
  21268732,  6126, 4, 6:26:33, 6:27:31,    58, 43.00, 39.70,  3.30
         0,     0, 4, 6:27:40, 6:27:44,     4, 39.70, 43.50, -3.80
  12706737,  7146, 3, 6:27:42, 6:27:47,     5, 46.30, 46.50, -0.20
  12448516,  6129, 3, 6:28:06, 6:28:18,    12, 46.40, 46.40,  0.00
  12199951,  5005, 1, 6:24:55, 6:28:27,   212, 41.30, 24.90, 16.40
         0,     0, 1, 6:28:34, 6:28:50,    16, 24.90, 41.20,-16.30
  12706609,  7018, 2, 6:28:26, 6:29:48,    82, 44.00, 34.80,  9.20
  12448415,  6028, 3, 6:28:29, 6:29:49,    80, 46.40, 31.70, 14.70
  12448516,  6129, 4, 6:28:23, 6:29:58,    95, 43.40, 26.50, 16.90
         0,     0, 2, 6:29:56, 6:30:05,     9, 34.80, 44.10, -9.30
         0,     0, 3, 6:29:56, 6:30:08,    12, 31.70, 31.60,  0.10
         0,     0, 4, 6:30:05, 6:30:23,    18, 26.50, 42.80,-16.30
  12200079,  5133, 4, 6:30:34, 6:32:55,   141, 43.50, 29.20, 14.30
         0,     0, 4, 6:33:03, 6:33:18,    15, 29.20, 42.90,-13.70
  12448391,  6004, 3, 6:31:47, 6:33:46,   119, 46.30, 33.10, 13.20
         0,     0, 3, 6:33:54, 6:34:04,    10, 33.10, 33.00,  0.10
  12706615,  7024, 4, 6:34:39, 6:36:27,   108, 43.00, 29.50, 13.50
         0,     0, 4, 6:36:35, 6:36:49,    14, 29.50, 42.80,-13.30
  12706624,  7033, 4, 6:36:59, 6:37:44,    45, 42.90, 42.30,  0.60
  12706624,  7033, 3, 6:38:18, 6:38:50,    32, 46.50, 46.10,  0.40
  12200081,  5135, 4, 6:38:18, 6:39:21,    63, 42.30, 28.00, 14.30
         0,     0, 4, 6:39:29, 6:39:45,    16, 28.00, 42.50,-14.50
  12706618,  7027, 1, 6:41:14, 6:42:04,    50, 41.30, 31.10, 10.20
  12706656,  7065, 3, 6:40:35, 6:42:10,    95, 46.10, 35.90, 10.20
         0,     0, 1, 6:42:11, 6:42:21,    10, 31.10, 41.20,-10.10
  12706601,  7010, 2, 6:39:43, 6:42:21,   158, 44.10, 23.90, 20.20
         0,     0, 3, 6:42:18, 6:42:26,     8, 35.90, 35.90,  0.00
  12706656,  7065, 4, 6:42:17, 6:42:29,    12, 43.00, 40.40,  2.60
         0,     0, 4, 6:42:38, 6:42:40,     2, 40.40, 43.00, -2.60
         0,     0, 2, 6:42:29, 6:42:49,    20, 23.90, 44.10,-20.20
  12706610,  7019, 4, 6:43:02, 6:44:21,    79, 43.00, 25.70, 17.30
  12706614,  7023, 3, 6:44:20, 6:44:29,     9, 46.30, 46.40, -0.10
  12448434,  6047, 2, 6:43:00, 6:44:29,    89, 44.10, 34.90,  9.20
         0,     0, 2, 6:44:38, 6:44:47,     9, 34.90, 44.00, -9.10
         0,     0, 4, 6:44:29, 6:44:48,    19, 25.70, 42.70,-17.00
  13008774,  8015, 3, 6:45:16, 6:45:57,    41, 46.20, 43.40,  2.80
         0,     0, 3, 6:46:05, 6:46:07,     2, 43.40, 46.50, -3.10
  12706613,  7022, 2, 6:45:35, 6:46:42,    67, 44.10, 38.00,  6.10
         0,     0, 2, 6:46:50, 6:46:55,     5, 38.00, 44.00, -6.00
  12448437,  6050, 1, 6:45:27, 6:47:11,   104, 41.30, 29.70, 11.60
         0,     0, 1, 6:47:18, 6:47:28,    10, 29.70, 41.20,-11.50
  13008774,  8015, 3, 6:46:28, 6:47:30,    62, 46.30, 37.30,  9.00
         0,     0, 3, 6:47:38, 6:47:45,     7, 37.30, 37.30,  0.00
  12706614,  7023, 4, 6:46:17, 6:48:13,   116, 43.40, 23.80, 19.60
         0,     0, 4, 6:48:21, 6:48:42,    21, 23.80, 42.90,-19.10
  12706614,  7023, 3, 6:48:45, 6:49:00,    15, 46.60, 42.50,  4.10
  12706620,  7029, 2, 6:47:52, 6:49:02,    70, 44.00, 37.40,  6.60
         0,     0, 3, 6:49:08, 6:49:10,     2, 42.50, 46.40, -3.90
         0,     0, 2, 6:49:11, 6:49:16,     5, 37.40, 44.00, -6.60
  12448408,  6021, 1, 6:50:25, 6:50:36,    11, 41.30, 41.20,  0.10
  12448408,  6021, 2, 6:50:42, 6:50:47,     5, 44.00, 44.00,  0.00
  11724217,  3117, 4, 6:50:21, 6:51:21,    60, 43.10, 28.30, 14.80
         0,     0, 4, 6:51:29, 6:51:45,    16, 28.30, 42.80,-14.50
  12448408,  6021, 2, 6:51:32, 6:51:43,    11, 44.10, 44.00,  0.10
  11724167,  3067, 4, 6:53:32, 6:55:05,    93, 42.90, 21.50, 21.40
  12706642,  7051, 3, 6:54:09, 6:55:10,    61, 46.50, 35.40, 11.10
         0,     0, 3, 6:55:19, 6:55:29,    10, 35.40, 35.20,  0.20
         0,     0, 4, 6:55:13, 6:55:37,    24, 21.50, 42.80,-21.30
  12448392,  6005, 1, 6:54:42, 6:55:53,    71, 41.20, 32.20,  9.00
         0,     0, 1, 6:56:00, 6:56:08,     8, 32.20, 41.20, -9.00
  12706737,  7146, 3, 6:56:11, 6:56:18,     7, 46.40, 46.50, -0.10
  12706737,  7146, 4, 6:56:27, 6:56:54,    27, 43.30, 42.20,  1.10
  12448415,  6028, 4, 6:57:04, 6:58:27,    83, 42.30, 31.10, 11.20
         0,     0, 4, 6:58:35, 6:58:47,    12, 31.10, 43.30,-12.20
  12706737,  7146, 3, 6:58:40, 7:01:59,   199, 46.50, 29.50, 17.00
         0,     0, 3, 7:02:08, 7:02:22,    14, 29.50, 29.40,  0.10
  12448408,  6021, 3, 7:02:36, 7:04:13,    97, 46.50, 26.50, 20.00
         0,     0, 3, 7:04:21, 7:04:39,    18, 26.50, 26.40,  0.10
  12448408,  6021, 4, 7:04:49, 7:05:18,    29, 43.00, 34.20,  8.80
         0,     0, 4, 7:05:27, 7:05:37,    10, 34.20, 42.80, -8.60
  12706628,  7037, 1, 7:02:37, 7:05:49,   192, 41.20, 28.00, 13.20
         0,     0, 1, 7:05:56, 7:06:10,    14, 28.00, 41.30,-13.30
  12200083,  5137, 2, 7:08:42, 7:09:26,    44, 44.00, 37.10,  6.90
         0,     0, 2, 7:09:34, 7:09:40,     6, 37.10, 44.10, -7.00
  12706620,  7029, 3, 7:14:03, 7:14:50,    47, 46.60, 39.30,  7.30
         0,     0, 3, 7:14:59, 7:15:04,     5, 39.30, 39.30,  0.00
  12706637,     0, 8, 7:14:39, 7:15:26,    47, 40.70, 39.50,  1.20
         0,     0, 8, 7:15:34, 7:15:35,     1, 39.50, 41.10, -1.60
  12706637,     0, 8, 7:15:50, 7:16:05,    15, 41.10, 39.70,  1.40
         0,     0, 8, 7:16:14, 7:16:15,     1, 39.70, 41.10, -1.40
  11499184,  2074, 3, 7:15:20, 7:16:29,    69, 46.40, 27.80, 18.60
  13008748,  7169, 4, 7:13:38, 7:16:37,   179, 42.90, 36.10,  6.80
         0,     0, 3, 7:16:37, 7:16:53,    16, 27.80, 27.50,  0.30
         0,     0, 4, 7:16:46, 7:16:53,     7, 36.10, 42.80, -6.70
  12706628,  7037, 1, 7:18:52, 7:19:03,    11, 41.30, 41.30,  0.00
  12706613,  7022, 2, 7:20:44, 7:21:19,    35, 44.00, 39.00,  5.00
         0,     0, 2, 7:21:27, 7:21:31,     4, 39.00, 44.00, -5.00
  11953971,  4001, 2, 7:22:42, 7:22:50,     8, 44.00, 43.90,  0.10
  11953971,  4001, 4, 7:24:14, 7:24:27,    13, 43.10, 42.80,  0.30
  11953971,  4001, 3, 7:24:42, 7:24:50,     8, 46.50, 46.40,  0.10
  11953971,  4001, 4, 7:25:06, 7:26:43,    97, 42.80, 21.50, 21.30
         0,     0, 4, 7:26:51, 7:27:14,    23, 21.50, 42.90,-21.40
  12706642,  7051, 4, 7:27:51, 7:29:12,    81, 43.20, 30.70, 12.50
  11499184,  2074, 2, 7:29:01, 7:29:30,    29, 44.00, 35.50,  8.50
         0,     0, 4, 7:29:20, 7:29:33,    13, 30.70, 42.70,-12.00
         0,     0, 2, 7:29:37, 7:29:44,     7, 35.50, 44.10, -8.60
  12448398,  6011, 1, 7:30:11, 7:32:41,   150, 41.30, 29.70, 11.60
         0,     0, 1, 7:32:50, 7:33:01,    11, 29.70, 41.20,-11.50
  12706707,     0, 8, 7:40:57, 7:40:59,     2, 38.00, 38.00,  0.00
         0,     0, 8, 7:41:06, 7:41:08,     2, 38.00, 41.20, -3.20
  12706613,  7022, 2, 7:40:24, 7:41:18,    54, 44.10, 39.30,  4.80
         0,     0, 2, 7:41:25, 7:41:28,     3, 39.30, 44.10, -4.80
  12706613,  7022, 1, 7:41:58, 7:42:11,    13, 41.30, 40.00,  1.30
         0,     0, 1, 7:42:18, 7:42:18,     0, 40.00, 40.70, -0.70
  11724217,  3117, 4, 7:41:21, 7:43:05,   104, 42.90, 21.40, 21.50
         0,     0, 4, 7:43:13, 7:43:36,    23, 21.40, 42.90,-21.50
  12448521,  6134, 1, 7:51:40, 7:52:45,    65, 40.70, 23.60, 17.10
  12706628,  7037, 2, 7:52:23, 7:52:48,    25, 44.10, 43.40,  0.70
         0,     0, 1, 7:52:53, 7:53:10,    17, 23.60, 41.30,-17.70
  12448426,  6039, 3, 7:54:19, 7:54:46,    27, 46.70, 45.70,  1.00
  12200085,  5139, 2, 7:54:16, 7:55:42,    86, 43.40, 29.30, 14.10
         0,     0, 2, 7:55:50, 7:56:05,    15, 29.30, 44.00,-14.70
  12706628,  7037, 1, 7:53:21, 7:56:07,   166, 41.30, 25.00, 16.30
         0,     0, 1, 7:56:15, 7:56:32,    17, 25.00, 41.30,-16.30
  12448426,  6039, 3, 8:04:14, 8:04:32,    18, 45.60, 45.00,  0.60
  12448434,  6047, 1, 8:06:52, 8:09:05,   133, 41.30, 31.40,  9.90
         0,     0, 1, 8:09:14, 8:09:23,     9, 31.40, 41.20, -9.80
  12706624,  7033, 3, 8:10:39, 8:11:26,    47, 45.00, 44.90,  0.10
  12706624,  7033, 3, 8:11:36, 8:12:07,    31, 45.00, 43.90,  1.10
  12448426,  6039, 1, 8:11:28, 8:12:07,    39, 41.30, 32.00,  9.30
         0,     0, 3, 8:12:15, 8:12:16,     1, 43.90, 46.10, -2.20
         0,     0, 1, 8:12:15, 8:12:23,     8, 32.00, 41.30, -9.30
  12706624,  7033, 3, 8:12:26, 8:13:39,    73, 45.90, 36.00,  9.90
  11954008,  4038, 4, 8:12:14, 8:13:45,    91, 42.80, 24.40, 18.40
         0,     0, 3, 8:13:47, 8:13:55,     8, 36.00, 35.90,  0.10
  11724205,     0, 8, 8:11:00, 8:13:55,   175, 41.10, 41.00,  0.10
         0,     0, 4, 8:13:54, 8:14:14,    20, 24.40, 42.80,-18.40
  11724205,     0, 8, 8:14:24, 8:14:43,    19, 41.00, 41.00,  0.00
  12706601,  7010, 2, 8:14:12, 8:15:29,    77, 44.00, 35.00,  9.00
  12706624,  7033, 3, 8:14:34, 8:15:36,    62, 46.10, 31.00, 15.10
         0,     0, 2, 8:15:36, 8:15:44,     8, 35.00, 44.00, -9.00
         0,     0, 3, 8:15:43, 8:15:56,    13, 31.00, 30.90,  0.10
  12200079,  5133, 1, 8:15:57, 8:16:07,    10, 41.30, 41.30,  0.00
  12706613,  7022, 2, 8:15:55, 8:16:12,    17, 44.10, 41.50,  2.60
         0,     0, 2, 8:16:20, 8:16:21,     1, 41.50, 44.00, -2.50
  12706613,  7022, 1, 8:16:35, 8:17:25,    50, 41.30, 35.40,  5.90
         0,     0, 1, 8:17:34, 8:17:39,     5, 35.40, 41.30, -5.90
  12200079,  5133, 2, 8:16:32, 8:17:57,    85, 44.00, 30.40, 13.60
         0,     0, 2, 8:18:05, 8:18:18,    13, 30.40, 44.10,-13.70
  12200079,  5133, 2, 8:18:28, 8:18:49,    21, 44.10, 39.60,  4.50
         0,     0, 2, 8:18:57, 8:19:00,     3, 39.60, 44.20, -4.60
  12200085,  5139, 3, 8:19:25, 8:20:08,    43, 46.30, 40.40,  5.90
         0,     0, 3, 8:20:15, 8:20:19,     4, 40.40, 40.30,  0.10
  12706628,  7037, 4, 8:26:17, 8:26:23,     6, 42.90, 42.90,  0.00
  12448518,  6131, 2, 8:26:19, 8:27:10,    51, 44.20, 33.90, 10.30
         0,     0, 2, 8:27:19, 8:27:28,     9, 33.90, 44.10,-10.20
  12706628,  7037, 3, 8:26:27, 8:27:58,    91, 46.60, 40.50,  6.10
         0,     0, 3, 8:28:06, 8:28:10,     4, 40.50, 40.40,  0.10
  12706634,  7043, 3, 8:28:28, 8:30:40,   132, 46.50, 30.70, 15.80
         0,     0, 3, 8:30:49, 8:31:02,    13, 30.70, 30.70,  0.00
  12706634,  7043, 3, 8:31:23, 8:31:31,     8, 46.60, 46.70, -0.10
  12706628,  7037, 3, 8:32:29, 8:33:45,    76, 46.70, 43.20,  3.50
         0,     0, 3, 8:33:52, 8:33:54,     2, 43.20, 46.40, -3.20
  11954042,  4072, 4, 8:38:37, 8:38:50,    13, 42.90, 42.70,  0.20
  12706630,  7039, 2, 8:37:55, 8:40:07,   132, 44.10, 33.90, 10.20
         0,     0, 2, 8:40:15, 8:40:24,     9, 33.90, 44.10,-10.20
  12706630,  7039, 4, 8:41:01, 8:41:12,    11, 42.70, 41.60,  1.10
         0,     0, 4, 8:41:21, 8:41:22,     1, 41.60, 42.80, -1.20
  12706609,  7018, 1, 8:40:36, 8:41:20,    44, 41.30, 30.20, 11.10
         0,     0, 1, 8:41:29, 8:41:39,    10, 30.20, 41.20,-11.00
  12706707,     0, 8, 8:44:18, 8:45:55,    97, 40.90, 33.10,  7.80
         0,     0, 8, 8:46:03, 8:46:11,     8, 33.10, 41.20, -8.10
  12200086,  5140, 1, 8:47:45, 8:48:43,    58, 41.20, 32.00,  9.20
         0,     0, 1, 8:48:51, 8:48:59,     8, 32.00, 41.30, -9.30
  13008748,  7169, 4, 8:46:23, 8:49:17,   174, 43.00, 33.80,  9.20
         0,     0, 4, 8:49:25, 8:49:34,     9, 33.80, 42.70, -8.90
  12200091,  5145, 1, 8:49:27, 8:49:38,    11, 41.30, 41.20,  0.10
  12200091,  5145, 3, 8:50:20, 8:51:08,    48, 46.70, 32.90, 13.80
         0,     0, 3, 8:51:15, 8:51:26,    11, 32.90, 32.90,  0.00
  12706621,  7030, 1, 8:49:48, 8:51:57,   129, 41.20, 22.20, 19.00
  11954042,  4072, 4, 8:51:33, 8:52:01,    28, 43.10, 43.10,  0.00
         0,     0, 1, 8:52:06, 8:52:24,    18, 22.20, 41.20,-19.00
  11954042,  4072, 3, 8:52:15, 8:52:39,    24, 46.40, 46.10,  0.30
  12200081,  5135, 4, 8:52:35, 8:53:46,    71, 43.00, 35.00,  8.00
         0,     0, 4, 8:53:54, 8:54:02,     8, 35.00, 42.80, -7.80
  11954042,  4072, 3, 8:52:58, 8:54:02,    64, 46.20, 37.80,  8.40
         0,     0, 3, 8:54:09, 8:54:16,     7, 37.80, 37.70,  0.10
  13008896,     0, 7, 8:54:30, 8:54:32,     2, 39.70, 39.70,  0.00
         0,     0, 7, 8:54:40, 8:54:41,     1, 39.70, 41.00, -1.30
  12200081,  5135, 3, 8:54:26, 8:54:46,    20, 46.90, 42.50,  4.40
         0,     0, 3, 8:54:54, 8:54:56,     2, 42.50, 46.40, -3.90
  13008896,     0, 8, 9:03:09, 9:03:11,     2, 40.50, 40.50,  0.00
  13008896,     0, 8, 9:03:38, 9:03:41,     3, 39.40, 39.40,  0.00
         0,     0, 8, 9:03:49, 9:03:50,     1, 39.40, 41.20, -1.80
  12448518,  6131, 1, 9:03:09, 9:04:02,    53, 41.20, 28.40, 12.80
         0,     0, 1, 9:04:11, 9:04:23,    12, 28.40, 41.20,-12.80
  13008896,     0, 8, 9:04:14, 9:04:31,    17, 39.60, 38.90,  0.70
         0,     0, 8, 9:04:39, 9:04:40,     1, 38.90, 41.20, -2.30
  12706628,  7037, 2, 9:03:58, 9:04:46,    48, 44.00, 42.10,  1.90
  13008896,     0, 8, 9:05:31, 9:05:42,    11, 40.80, 39.90,  0.90
  12706628,  7037, 1, 9:05:07, 9:05:47,    40, 41.20, 37.90,  3.30
         0,     0, 8, 9:05:51, 9:05:51,     0, 39.90, 41.00, -1.10
         0,     0, 1, 9:05:55, 9:05:57,     2, 37.90, 41.30, -3.40
  13008896,     0, 8, 9:06:30, 9:06:31,     1, 40.90, 40.90,  0.00
  11953971,  4001, 1, 9:07:14, 9:08:21,    67, 41.30, 35.30,  6.00
         0,     0, 1, 9:08:28, 9:08:34,     6, 35.30, 41.20, -5.90
  11953971,  4001, 2, 9:08:45, 9:09:23,    38, 42.20, 27.80, 14.40
         0,     0, 2, 9:09:31, 9:09:49,    18, 27.80, 44.10,-16.30
  12448521,  6134, 1, 9:08:44, 9:09:53,    69, 41.20, 23.30, 17.90
         0,     0, 1, 9:10:01, 9:10:21,    20, 23.30, 41.20,-17.90
  12706630,  7039, 4, 9:10:24, 9:10:37,    13, 42.30, 41.50,  0.80
         0,     0, 4, 9:10:45, 9:10:46,     1, 41.50, 42.90, -1.40
  12448517,  6130, 2, 9:10:50, 9:11:07,    17, 44.10, 44.10,  0.00
  12706634,  7043, 1, 9:10:43, 9:12:25,   102, 41.20, 25.90, 15.30
  12706656,  7065, 4, 9:10:56, 9:12:26,    90, 42.80, 30.80, 12.00
         0,     0, 4, 9:12:35, 9:12:51,    16, 30.80, 42.70,-11.90
         0,     0, 1, 9:12:34, 9:12:53,    19, 25.90, 41.20,-15.30
  12448517,  6130, 1, 9:14:49, 9:15:34,    45, 41.20, 41.10,  0.10
  12448391,  6004, 4, 9:16:13, 9:16:52,    39, 42.70, 40.00,  2.70
  12200091,  5145, 2, 9:15:22, 9:16:52,    90, 44.10, 30.50, 13.60
  12448517,  6130, 1, 9:15:44, 9:17:00,    76, 41.10, 35.10,  6.00
         0,     0, 4, 9:17:00, 9:17:03,     3, 40.00, 43.00, -3.00
         0,     0, 1, 9:17:08, 9:17:13,     5, 35.10, 41.20, -6.10
         0,     0, 2, 9:17:01, 9:17:14,    13, 30.50, 44.10,-13.60
  12200086,  5140, 3, 9:19:37, 9:20:25,    48, 46.50, 43.90,  2.60
         0,     0, 3, 9:20:32, 9:20:33,     1, 43.90, 46.20, -2.30
  12448517,  6130, 1, 9:18:47, 9:21:29,   162, 41.20, 22.70, 18.50
         0,     0, 1, 9:21:36, 9:21:54,    18, 22.70, 41.20,-18.50
  12706609,  7018, 2, 9:20:51, 9:21:50,    59, 44.10, 35.80,  8.30
         0,     0, 2, 9:21:59, 9:22:06,     7, 35.80, 44.20, -8.40
  12200086,  5140, 3, 9:23:34, 9:23:55,    21, 46.30, 43.90,  2.40
         0,     0, 3, 9:24:03, 9:24:04,     1, 43.90, 46.10, -2.20
  13008748,  7169, 4, 9:22:42, 9:26:16,   214, 43.00, 38.80,  4.20
         0,     0, 4, 9:26:23, 9:26:27,     4, 38.80, 42.80, -4.00
  12706614,  7023, 4, 9:27:27, 9:27:44,    17, 43.30, 42.90,  0.40
  12706610,  7019, 2, 9:28:43, 9:31:00,   137, 44.20, 26.40, 17.80
         0,     0, 2, 9:31:08, 9:31:25,    17, 26.40, 44.00,-17.60
  12448391,  6004, 3, 9:30:33, 9:32:29,   116, 46.20, 33.10, 13.10
         0,     0, 3, 9:32:38, 9:32:49,    11, 33.10, 33.00,  0.10
  13008738,  7159, 2, 9:33:41, 9:36:16,   155, 44.00, 29.60, 14.40
         0,     0, 2, 9:36:24, 9:36:38,    14, 29.60, 44.10,-14.50
  12706630,  7039, 4, 9:36:27, 9:36:44,    17, 42.70, 42.50,  0.20
  21268732,  6126, 3, 9:36:49, 9:37:25,    36, 46.80, 46.60,  0.20
  21268732,  6126, 4, 9:37:29, 9:37:35,     6, 42.50, 42.60, -0.10
  12706614,  7023, 1, 9:36:34, 9:38:34,   120, 41.20, 26.50, 14.70
         0,     0, 1, 9:38:42, 9:38:56,    14, 26.50, 41.20,-14.70
  21268732,  6126, 3, 9:37:40, 9:41:21,   221, 46.60, 32.30, 14.30
  12706628,  7037, 1, 9:40:30, 9:41:32,    62, 41.20, 27.90, 13.30
         0,     0, 3, 9:41:28, 9:41:40,    12, 32.30, 31.90,  0.40
         0,     0, 1, 9:41:40, 9:41:52,    12, 27.90, 41.30,-13.40
  12706630,  7039, 2, 9:40:13, 9:41:54,   101, 44.10, 29.80, 14.30
         0,     0, 2, 9:42:02, 9:42:16,    14, 29.80, 44.10,-14.30
  12706737,  7146, 2, 9:48:44, 9:50:00,    76, 44.10, 42.20,  1.90
  12706737,  7146, 1, 9:50:14, 9:51:42,    88, 41.40, 37.70,  3.70
         0,     0, 1, 9:51:50, 9:51:52,     2, 37.70, 41.30, -3.60
  12448420,  6033, 4, 9:52:11, 9:53:59,   108, 42.70, 32.70, 10.00
         0,     0, 4, 9:54:07, 9:54:18,    11, 32.70, 42.80,-10.10
  13008774,  8015, 1, 9:53:43, 9:55:35,   112, 41.30, 28.90, 12.40
         0,     0, 1, 9:55:43, 9:55:54,    11, 28.90, 41.30,-12.40
  13008774,  8015, 1, 9:56:31, 9:56:49,    18, 41.30, 40.10,  1.20
  12706727,     0, 8, 9:56:33, 9:57:19,    46, 40.70, 35.90,  4.80
         0,     0, 8, 9:57:27, 9:57:32,     5, 35.90, 41.30, -5.40
  12199951,  5005, 2, 9:55:23, 9:57:42,   139, 42.20, 32.30,  9.90
         0,     0, 2, 9:57:49, 9:58:00,    11, 32.30, 44.10,-11.80
  12706727,     0, 8, 9:58:24, 9:58:44,    20, 41.30, 38.60,  2.70
         0,     0, 8, 9:58:51, 9:58:53,     2, 38.60, 41.20, -2.60
  12448408,  6021, 3, 9:58:03, 9:59:14,    71, 46.40, 30.80, 15.60
         0,     0, 3, 9:59:21, 9:59:34,    13, 30.80, 46.40,-15.60
  12448415,  6028, 2, 9:59:28,10:01:41,   133, 44.10, 24.70, 19.40
  12706656,  7065, 1, 9:59:11,10:01:44,   153, 40.10, 30.50,  9.60
         0,     0, 1,10:01:51,10:02:01,    10, 30.50, 41.20,-10.70
         0,     0, 2,10:01:50,10:02:10,    20, 24.70, 44.10,-19.40
  21268732,  6126, 1,10:04:35,10:07:24,   169, 41.20, 35.40,  5.80
         0,     0, 1,10:07:31,10:07:36,     5, 35.40, 41.30, -5.90
  12706700,     0, 7,10:13:12,10:13:19,     7, 41.00, 41.00,  0.00
  13008738,  7159, 3,10:11:00,10:13:20,   140, 46.30, 33.60, 12.70
  12706618,  7027, 1,10:11:35,10:13:23,   108, 41.30, 27.30, 14.00
         0,     0, 3,10:13:27,10:13:37,    10, 33.60, 33.40,  0.20
         0,     0, 1,10:13:30,10:13:44,    14, 27.30, 41.30,-14.00
  12706700,     0, 8,10:13:38,10:14:05,    27, 40.10, 33.70,  6.40
         0,     0, 8,10:14:14,10:14:21,     7, 33.70, 41.20, -7.50
  11499184,  2074, 3,10:15:21,10:15:32,    11, 46.30, 43.70,  2.60
         0,     0, 3,10:15:39,10:15:40,     1, 43.70, 46.40, -2.70
  12448437,  6050, 3,10:17:13,10:18:57,   104, 46.50, 35.40, 11.10
         0,     0, 3,10:19:04,10:19:12,     8, 35.40, 35.30,  0.10
  12200085,  5139, 2,10:22:21,10:23:08,    47, 44.10, 36.70,  7.40
         0,     0, 2,10:23:16,10:23:22,     6, 36.70, 44.10, -7.40
  12448516,  6129, 3,10:23:00,10:25:03,   123, 46.50, 27.60, 18.90
         0,     0, 3,10:25:12,10:25:27,    15, 27.60, 27.40,  0.20
  12706615,  7024, 4,10:25:35,10:27:41,   126, 42.80, 27.10, 15.70
  12706642,  7051, 3,10:26:01,10:27:52,   111, 46.20, 39.90,  6.30
         0,     0, 3,10:28:00,10:28:05,     5, 39.90, 46.40, -6.50
         0,     0, 4,10:27:49,10:28:06,    17, 27.10, 42.80,-15.70
  12706637,     0, 8,10:31:32,10:31:32,     0, 36.60, 36.70, -0.10
         0,     0, 8,10:31:41,10:31:45,     4, 36.70, 41.20, -4.50
  12706637,     0, 8,10:32:15,10:32:17,     2, 37.00, 37.10, -0.10
         0,     0, 8,10:32:25,10:32:29,     4, 37.10, 41.20, -4.10
  12200085,  5139, 1,10:31:32,10:32:38,    66, 41.30, 28.10, 13.20
  12706637,     0, 8,10:32:43,10:32:44,     1, 39.80, 39.80,  0.00
  12448434,  6047, 2,10:32:27,10:32:49,    22, 44.10, 43.10,  1.00
         0,     0, 8,10:32:52,10:32:52,     0, 39.80, 41.10, -1.30
         0,     0, 1,10:32:45,10:32:57,    12, 28.10, 41.30,-13.20
  12448434,  6047, 2,10:33:00,10:33:09,     9, 43.10, 41.90,  1.20
         0,     0, 2,10:33:17,10:33:18,     1, 41.90, 44.10, -2.20
  12706642,  7051, 3,10:32:09,10:33:42,    93, 46.60, 46.40,  0.20
  12706637,     0, 8,10:33:44,10:34:28,    44, 38.50, 38.50,  0.00
         0,     0, 8,10:34:36,10:34:38,     2, 38.50, 41.30, -2.80
  12706637,     0, 8,10:34:51,10:35:08,    17, 41.30, 40.00,  1.30
         0,     0, 8,10:35:15,10:35:15,     0, 40.00, 40.30, -0.30
  12448434,  6047, 4,10:33:56,10:35:38,   102, 42.80, 32.20, 10.60
         0,     0, 4,10:35:46,10:35:57,    11, 32.20, 42.80,-10.60
  12448392,  6005, 3,10:40:29,10:41:48,    79, 46.50, 33.60, 12.90
         0,     0, 3,10:41:56,10:42:06,    10, 33.60, 33.60,  0.00
  12706642,  7051, 4,10:41:50,10:42:09,    19, 42.90, 40.50,  2.40
         0,     0, 4,10:42:16,10:42:18,     2, 40.50, 42.80, -2.30
  12448517,  6130, 1,10:41:53,10:42:51,    58, 41.30, 41.30,  0.00
  11954008,  4038, 3,10:43:07,10:43:43,    36, 46.10, 39.10,  7.00
         0,     0, 3,10:43:51,10:43:56,     5, 39.10, 38.90,  0.20
  12448517,  6130, 1,10:43:10,10:44:06,    56, 41.30, 41.30,  0.00
  12448392,  6005, 4,10:44:23,10:44:56,    33, 42.80, 37.50,  5.30
         0,     0, 4,10:45:04,10:45:09,     5, 37.50, 42.90, -5.40
  11954008,  4038, 3,10:46:25,10:46:32,     7, 46.40, 46.40,  0.00
  11954008,  4038, 4,10:46:36,10:47:21,    45, 43.00, 39.90,  3.10
         0,     0, 4,10:47:29,10:47:32,     3, 39.90, 42.70, -2.80
  12706642,  7051, 4,10:48:58,10:49:28,    30, 43.00, 37.90,  5.10
  12448517,  6130, 1,10:44:17,10:49:32,   315, 41.30, 29.50, 11.80
         0,     0, 4,10:49:36,10:49:41,     5, 37.90, 42.70, -4.80
         0,     0, 1,10:49:40,10:49:51,    11, 29.50, 41.40,-11.90
  12200083,  5137, 1,10:50:31,10:50:37,     6, 41.40, 41.40,  0.00
  12200083,  5137, 2,10:50:55,10:51:57,    62, 44.10, 33.00, 11.10
  12706634,  7043, 1,10:51:16,10:52:10,    54, 41.40, 35.60,  5.80
         0,     0, 2,10:52:04,10:52:14,    10, 33.00, 44.10,-11.10
         0,     0, 1,10:52:17,10:52:22,     5, 35.60, 41.30, -5.70
  12448415,  6028, 1,10:53:17,10:55:37,   140, 41.30, 30.30, 11.00
         0,     0, 1,10:55:44,10:55:54,    10, 30.30, 41.30,-11.00
  12448472,     0, 8,11:00:03,11:00:06,     3, 40.30, 40.30,  0.00
  12448426,  6039, 3,10:59:39,11:00:57,    78, 46.50, 43.40,  3.10
         0,     0, 3,11:01:05,11:01:06,     1, 43.40, 46.40, -3.00
  12448482,     0, 8,11:01:15,11:01:21,     6, 40.20, 40.20,  0.00
  12448518,  6131, 2,11:01:19,11:02:26,    67, 44.10, 30.20, 13.90
         0,     0, 2,11:02:34,11:02:48,    14, 30.20, 44.10,-13.90
  12448482,     0, 8,11:02:00,11:05:09,   189, 42.40, 34.40,  8.00
         0,     0, 8,11:05:16,11:05:22,     6, 34.40, 41.20, -6.80
  12706615,  7024, 2,11:04:48,11:07:00,   132, 44.20, 33.00, 11.20
         0,     0, 2,11:07:07,11:07:17,    10, 33.00, 44.20,-11.20
  12448521,  6134, 3,11:08:48,11:08:52,     4, 46.30, 46.30,  0.00
  12200083,  5137, 2,11:08:40,11:09:45,    65, 44.20, 36.00,  8.20
         0,     0, 2,11:09:52,11:09:59,     7, 36.00, 44.10, -8.10
  12448437,  6050, 1,11:11:55,11:14:20,   145, 41.30, 24.30, 17.00
         0,     0, 1,11:14:28,11:14:44,    16, 24.30, 41.20,-16.90
  12448521,  6134, 1,11:15:52,11:16:45,    53, 41.30, 29.80, 11.50
         0,     0, 1,11:16:53,11:17:04,    11, 29.80, 41.30,-11.50
  12706618,  7027, 1,11:19:40,11:20:35,    55, 41.30, 34.70,  6.60
         0,     0, 1,11:20:42,11:20:48,     6, 34.70, 41.30, -6.60
  12706620,  7029, 3,11:21:20,11:21:31,    11, 46.40, 46.30,  0.10
  12706727,     0, 8,11:22:39,11:22:58,    19, 41.20, 39.30,  1.90
  12706620,  7029, 4,11:22:52,11:23:04,    12, 42.60, 42.20,  0.40
         0,     0, 8,11:23:06,11:23:07,     1, 39.30, 41.20, -1.90
  11724205,     0, 7,11:23:52,11:23:57,     5, 41.00, 41.00,  0.00
  12706610,  7019, 1,11:24:47,11:26:17,    90, 41.30, 23.10, 18.20
         0,     0, 1,11:26:24,11:26:41,    17, 23.10, 41.30,-18.20
  12200083,  5137, 4,11:26:50,11:26:53,     3, 42.20, 42.20,  0.00
  12200083,  5137, 4,11:28:34,11:29:08,    34, 42.40, 35.10,  7.30
         0,     0, 4,11:29:15,11:29:23,     8, 35.10, 42.80, -7.70
  12706620,  7029, 1,11:28:30,11:30:01,    91, 41.30, 28.30, 13.00
         0,     0, 1,11:30:09,11:30:21,    12, 28.30, 41.30,-13.00
  12448392,  6005, 2,11:30:09,11:31:03,    54, 44.10, 30.80, 13.30
         0,     0, 2,11:31:10,11:31:23,    13, 30.80, 44.10,-13.30
  12448426,  6039, 1,11:33:41,11:33:58,    17, 41.30, 38.00,  3.30
         0,     0, 1,11:34:05,11:34:07,     2, 38.00, 41.30, -3.30
  12448426,  6039, 1,11:34:17,11:34:49,    32, 41.30, 32.90,  8.40
         0,     0, 1,11:34:58,11:35:05,     7, 32.90, 41.30, -8.40
  12448398,  6011, 3,11:35:50,11:37:52,   122, 46.40, 32.40, 14.00
         0,     0, 3,11:38:00,11:38:11,    11, 32.40, 32.20,  0.20
  12448451,     0, 8,11:38:48,11:38:51,     3, 41.10, 41.10,  0.00
  12706615,  7024, 2,11:38:29,11:40:05,    96, 44.10, 32.40, 11.70
         0,     0, 2,11:40:12,11:40:23,    11, 32.40, 44.10,-11.70
  13008774,  8015, 1,11:45:33,11:46:16,    43, 41.30, 37.30,  4.00
         0,     0, 1,11:46:23,11:46:26,     3, 37.30, 41.30, -4.00
  11954042,  4072, 4,11:44:43,11:46:34,   111, 42.70, 28.10, 14.60
         0,     0, 4,11:46:42,11:46:58,    16, 28.10, 42.80,-14.70
  13008774,  8015, 1,11:46:37,11:47:37,    60, 41.30, 30.90, 10.40
         0,     0, 1,11:47:44,11:47:54,    10, 30.90, 41.30,-10.40
  12706620,  7029, 2,11:48:16,11:49:07,    51, 44.10, 39.80,  4.30
         0,     0, 2,11:49:14,11:49:17,     3, 39.80, 44.00, -4.20
  12706737,  7146, 1,11:48:35,11:49:24,    49, 41.30, 36.70,  4.60
         0,     0, 1,11:49:31,11:49:35,     4, 36.70, 41.20, -4.50
  11724205,     0, 8,11:49:01,11:53:22,   261, 41.10, 26.90, 14.20
         0,     0, 8,11:53:31,11:53:46,    15, 26.90, 41.20,-14.30
  12706737,  7146, 3,11:58:37,12:00:58,   141, 46.40, 37.60,  8.80
         0,     0, 3,12:01:06,12:01:12,     6, 37.60, 37.50,  0.10
  12706700,     0, 8,12:03:04,12:03:26,    22, 41.20, 38.00,  3.20
         0,     0, 8,12:03:33,12:03:35,     2, 38.00, 41.20, -3.20
  12706700,     0, 8,12:08:08,12:08:20,    12, 41.20, 37.80,  3.40
         0,     0, 8,12:08:28,12:08:31,     3, 37.80, 40.50, -2.70
  12706700,     0, 8,12:08:41,12:08:42,     1, 38.70, 38.70,  0.00
         0,     0, 8,12:08:51,12:08:53,     2, 38.70, 41.20, -2.50
  12200081,  5135, 3,12:08:15,12:10:45,   150, 46.30, 23.80, 22.50
  11499117,  2007, 2,12:10:50,12:11:08,    18, 43.90, 39.90,  4.00
         0,     0, 3,12:10:53,12:11:12,    19, 23.80, 23.80,  0.00
         0,     0, 2,12:11:17,12:11:20,     3, 39.90, 44.10, -4.20
  13008738,  7159, 3,12:12:19,12:12:34,    15, 46.20, 46.20,  0.00
  12706705,     0, 8,12:12:21,12:13:00,    39, 41.20, 40.60,  0.60
  12706705,     0, 8,12:13:12,12:13:48,    36, 40.60, 37.60,  3.00
         0,     0, 8,12:13:57,12:14:00,     3, 37.60, 41.20, -3.60
  12706705,     0, 7,12:14:04,12:14:11,     7, 41.10, 41.10,  0.00
  12706630,  7039, 3,12:14:15,12:14:19,     4, 46.00, 46.00,  0.00
  12448391,  6004, 1,12:14:54,12:15:55,    61, 41.20, 33.60,  7.60
         0,     0, 1,12:16:03,12:16:10,     7, 33.60, 41.30, -7.70
  12706630,  7039, 4,12:15:11,12:16:41,    90, 42.70, 31.10, 11.60
         0,     0, 4,12:16:49,12:17:01,    12, 31.10, 42.70,-11.60
  13008774,  8015, 2,12:19:59,12:20:45,    46, 44.10, 42.80,  1.30
  11499117,  2007, 4,12:20:05,12:21:37,    92, 42.60, 25.60, 17.00
         0,     0, 4,12:21:46,12:22:05,    19, 25.60, 42.70,-17.10
  13008774,  8015, 1,12:21:18,12:22:57,    99, 41.30, 36.10,  5.20
         0,     0, 1,12:23:05,12:23:09,     4, 36.10, 41.30, -5.20
  12706609,  7018, 2,12:22:58,12:23:41,    43, 42.80, 33.20,  9.60
         0,     0, 2,12:23:49,12:23:59,    10, 33.20, 44.10,-10.90
  13008774,  8015, 1,12:24:10,12:24:29,    19, 41.30, 41.30,  0.00
  11499231,     0, 7,12:29:01,12:29:04,     3, 41.10, 41.10,  0.00
  11499231,     0, 8,12:29:17,12:29:43,    26, 41.10, 41.00,  0.10
  12448391,  6004, 4,12:30:55,12:31:08,    13, 42.60, 42.70, -0.10
  12448415,  6028, 1,12:34:57,12:36:53,   116, 41.30, 29.40, 11.90
         0,     0, 1,12:37:01,12:37:12,    11, 29.40, 41.30,-11.90
  12706707,     0, 8,12:37:18,12:37:26,     8, 41.00, 40.00,  1.00
         0,     0, 8,12:37:34,12:37:34,     0, 40.00, 40.90, -0.90
  11499184,  2074, 3,12:40:55,12:41:15,    20, 46.00, 40.10,  5.90
         0,     0, 3,12:41:23,12:41:27,     4, 40.10, 46.40, -6.30
  12448408,  6021, 3,12:42:46,12:42:56,    10, 46.30, 46.30,  0.00
  12448408,  6021, 4,12:43:04,12:44:39,    95, 42.70, 23.90, 18.80
  12706613,  7022, 2,12:43:37,12:44:41,    64, 44.00, 33.30, 10.70
         0,     0, 2,12:44:50,12:45:00,    10, 33.30, 44.10,-10.80
         0,     0, 4,12:44:47,12:45:08,    21, 23.90, 42.90,-19.00
  12706613,  7022, 1,12:45:09,12:45:31,    22, 41.30, 37.40,  3.90
         0,     0, 1,12:45:39,12:45:42,     3, 37.40, 41.30, -3.90
  12448451,     0, 8,12:46:02,12:46:08,     6, 40.80, 40.80,  0.00
  12448451,     0, 7,12:46:14,12:46:21,     7, 41.10, 40.90,  0.20
  12706601,  7010, 4,12:46:10,12:46:22,    12, 42.90, 42.70,  0.20
  12448451,     0, 8,12:46:27,12:46:58,    31, 40.80, 39.70,  1.10
         0,     0, 8,12:47:07,12:47:07,     0, 39.70, 41.10, -1.40
  12706601,  7010, 4,12:46:33,12:48:40,   127, 42.80, 24.60, 18.20
         0,     0, 4,12:48:48,12:49:08,    20, 24.60, 42.80,-18.20
  12706628,  7037, 1,12:50:11,12:51:07,    56, 41.30, 40.40,  0.90
  12706628,  7037, 1,12:51:20,12:51:31,    11, 40.40, 39.60,  0.80
         0,     0, 1,12:51:39,12:51:40,     1, 39.60, 41.20, -1.60
  12706628,  7037, 1,12:51:50,12:52:09,    19, 41.20, 39.40,  1.80
  12706656,  7065, 4,12:51:46,12:52:14,    28, 42.80, 39.10,  3.70
         0,     0, 1,12:52:17,12:52:18,     1, 39.40, 41.30, -1.90
         0,     0, 4,12:52:21,12:52:25,     4, 39.10, 42.80, -3.70
  12706628,  7037, 1,12:52:28,12:53:29,    61, 41.30, 33.10,  8.20
         0,     0, 1,12:53:38,12:53:45,     7, 33.10, 41.30, -8.20
  13008896,     0, 8,12:53:59,12:53:59,     0, 41.10, 41.00,  0.10
  12706621,  7030, 2,12:53:11,12:54:12,    61, 44.10, 44.00,  0.10
  12706621,  7030, 1,12:54:34,12:55:11,    37, 41.30, 30.70, 10.60
         0,     0, 1,12:55:19,12:55:29,    10, 30.70, 41.20,-10.50
  12706628,  7037, 4,12:55:34,12:55:47,    13, 42.70, 42.60,  0.10
  11724167,  3067, 3,12:55:31,12:56:49,    78, 46.30, 27.00, 19.30
         0,     0, 3,12:56:57,12:57:13,    16, 27.00, 26.90,  0.10
  11724167,  3067, 4,12:57:30,12:58:24,    54, 42.70, 25.40, 17.30
         0,     0, 4,12:58:31,12:58:50,    19, 25.40, 42.90,-17.50
  13008896,     0, 8,13:04:46,13:04:54,     8, 41.00, 40.60,  0.40
  13008896,     0, 8,13:06:11,13:07:38,    87, 39.60, 26.90, 12.70
         0,     0, 8,13:07:47,13:08:02,    15, 26.90, 41.20,-14.30
  12706705,     0, 8,13:14:52,13:14:52,     0, 41.10, 41.20, -0.10
  12706705,     0, 8,13:15:13,13:15:18,     5, 41.20, 41.10,  0.10
  12706601,  7010, 1,13:14:39,13:15:24,    45, 41.20, 37.70,  3.50
         0,     0, 1,13:15:31,13:15:34,     3, 37.70, 41.20, -3.50
  12706705,     0, 8,13:15:40,13:16:01,    21, 40.80, 39.70,  1.10
         0,     0, 8,13:16:09,13:16:10,     1, 39.70, 41.10, -1.40
  12706705,     0, 8,13:16:23,13:17:40,    77, 40.10, 27.80, 12.30
         0,     0, 8,13:17:47,13:18:01,    14, 27.80, 41.20,-13.40
  21268732,  6126, 1,13:17:56,13:19:25,    89, 41.30, 33.60,  7.70
         0,     0, 1,13:19:33,13:19:40,     7, 33.60, 41.40, -7.80
  21268732,  6126, 4,13:21:11,13:21:14,     3, 42.80, 43.00, -0.20
  21268732,  6126, 3,13:21:17,13:22:36,    79, 46.10, 40.60,  5.50
         0,     0, 3,13:22:45,13:22:49,     4, 40.60, 46.20, -5.60
  12448472,     0, 7,13:25:46,13:25:49,     3, 40.90, 40.90,  0.00
         0,     0, 8,13:26:47,13:26:54,     7, 33.60, 41.20, -7.60
  12448472,     0, 8,13:27:43,13:28:04,    21, 37.30, 36.10,  1.20
         0,     0, 8,13:28:12,13:28:16,     4, 36.10, 41.00, -4.90
  12706707,     0, 8,13:29:00,13:29:01,     1, 36.10, 36.10,  0.00
         0,     0, 8,13:29:09,13:29:13,     4, 36.10, 41.20, -5.10
  12706624,  7033, 3,13:30:51,13:31:10,    19, 46.10, 46.20, -0.10
  12706727,     0, 8,13:32:37,13:33:31,    54, 41.20, 33.60,  7.60
  12706624,  7033, 4,13:31:19,13:33:33,   134, 42.90, 34.50,  8.40
         0,     0, 8,13:33:40,13:33:48,     8, 33.60, 41.20, -7.60
         0,     0, 4,13:33:40,13:33:49,     9, 34.50, 42.90, -8.40
  12200091,  5145, 3,13:37:18,13:37:20,     2, 46.50, 46.20,  0.30
  11953971,  4001, 3,13:38:24,13:38:43,    19, 46.20, 46.20,  0.00
  11953971,  4001, 3,13:38:56,13:39:02,     6, 46.10, 46.00,  0.10
  12448420,  6033, 2,13:37:23,13:39:21,   118, 43.90, 27.20, 16.70
         0,     0, 2,13:39:29,13:39:45,    16, 27.20, 44.10,-16.90
  11953971,  4001, 4,13:39:30,13:41:13,   103, 43.20, 27.50, 15.70
         0,     0, 4,13:41:20,13:41:37,    17, 27.50, 42.80,-15.30
  12200086,  5140, 2,13:43:06,13:43:38,    32, 44.10, 44.10,  0.00
  12706601,  7010, 1,13:41:44,13:43:43,   119, 41.40, 32.70,  8.70
         0,     0, 1,13:43:51,13:43:59,     8, 32.70, 41.30, -8.60
  12200086,  5140, 1,13:44:10,13:44:19,     9, 41.20, 40.90,  0.30
  12200091,  5145, 2,13:44:51,13:45:33,    42, 44.10, 33.00, 11.10
  12200086,  5140, 1,13:44:35,13:45:37,    62, 40.80, 30.00, 10.80
         0,     0, 2,13:45:41,13:45:51,    10, 33.00, 44.10,-11.10
         0,     0, 1,13:45:46,13:45:57,    11, 30.00, 41.30,-11.30
  12448516,  6129, 3,13:45:13,13:47:04,   111, 46.10, 25.10, 21.00
  12200086,  5140, 1,13:46:42,13:47:13,    31, 41.30, 35.70,  5.60
         0,     0, 1,13:47:21,13:47:26,     5, 35.70, 41.20, -5.50
         0,     0, 3,13:47:12,13:47:29,    17, 25.10, 24.90,  0.20
  12706618,  7027, 2,13:48:21,13:48:26,     5, 44.00, 44.00,  0.00
  12706656,  7065, 2,13:49:02,13:49:46,    44, 44.10, 35.00,  9.10
         0,     0, 2,13:49:54,13:50:02,     8, 35.00, 44.20, -9.20
  12706727,     0, 8,13:54:04,13:54:39,    35, 41.10, 35.30,  5.80
         0,     0, 8,13:54:47,13:54:53,     6, 35.30, 41.30, -6.00
  12448521,  6134, 1,13:55:27,13:56:10,    43, 41.30, 34.60,  6.70
         0,     0, 1,13:56:18,13:56:24,     6, 34.60, 41.30, -6.70
  12448521,  6134, 1,13:56:36,13:57:02,    26, 41.30, 34.70,  6.60
         0,     0, 1,13:57:11,13:57:17,     6, 34.70, 41.20, -6.50
  11724172,     0, 8,14:02:39,14:02:43,     4, 41.30, 41.30,  0.00
         0,     0, 5,14:03:13,14:03:23,    10, 33.60, 33.60,  0.00
         0,     0, 4,14:04:08,14:04:18,    10, 35.60, 35.60,  0.00
         0,     0, 3,14:04:09,14:04:19,    10, 46.10, 46.10,  0.00
  12448482,     0, 8,14:03:05,14:04:05,    60, 44.60, 40.80,  3.80
  12448482,     0, 8,14:04:29,14:04:36,     7, 40.10, 40.10,  0.00
         0,     0, 7,14:04:51,14:05:01,    10, 41.10, 41.10,  0.00
         0,     0, 1,14:04:52,14:05:02,    10, 35.00, 35.00,  0.00
         0,     0, 2,14:04:53,14:05:03,    10, 43.80, 43.80,  0.00
         0,     0, 7,14:09:15,14:09:25,    10, 35.90, 35.90,  0.00
         0,     0, 8,14:09:39,14:09:49,    10, 33.10, 33.10,  0.00
         0,     0, 7,14:09:49,14:09:59,    10, 12.10, 12.10,  0.00
         0,     0, 8,14:10:18,14:10:28,    10,  3.30,  3.30,  0.00
         0,     0, 4,14:25:34,14:25:44,    10,  0.20,  0.20,  0.00
         0,     0, 4,14:25:45,14:26:22,    37,  0.10,  0.20, -0.10
         0,     0, 4,14:29:05,14:29:15,    10,  0.00,  0.00,  0.00
         0,     0, 4,14:29:06,14:29:16,    10,  0.00,  0.00,  0.00
  12199961,     0, 4,14:29:11,14:29:12,     1,  0.00,  0.00,  0.00
         0,     0, 4,14:29:20,14:30:20,    60,  0.00,  4.00, -4.00
         0,     0, 8,14:33:42,14:33:52,    10,  3.40,  3.40,  0.00
         0,     0, 7,14:33:46,14:33:56,    10,  1.70,  1.70,  0.00
         0,     0, 5,14:34:29,14:34:39,    10, 11.80, 11.80,  0.00
  12199961,     0, 8,14:35:33,14:35:33,     0,  3.40,  1.90,  1.50
         0,     0, 8,14:35:41,14:36:26,    45,  1.90, 41.20,-39.30
         0,     0, 1,14:36:57,14:37:07,    10,  0.70,  0.70,  0.00
  12448482,     0, 7,14:37:12,14:37:18,     6,  0.60,  0.60,  0.00
         0,     0, 2,14:38:06,14:38:16,    10,  0.40,  0.40,  0.00
         0,     0, 7,14:37:25,14:38:24,    59,  0.60, 41.10,-40.50
  12706620,  7029, 1,14:38:09,14:38:35,    26,  0.70,  0.70,  0.00
  12199987,     0, 2,14:38:56,14:38:56,     0,  1.40,  4.00, -2.60
         0,     0, 1,14:38:43,14:39:25,    42,  0.70, 41.20,-40.50
         0,     0, 2,14:39:05,14:39:50,    45,  4.00, 44.00,-40.00
  12448482,     0, 8,14:38:25,14:39:46,    81, 41.10, 40.80,  0.30
  12448451,     0, 7,14:38:35,14:39:50,    75, 41.10, 40.10,  1.00
         0,     0, 4,14:40:08,14:40:18,    10,  0.60,  0.60,  0.00
  12448451,     0, 7,14:40:10,14:40:49,    39, 40.10, 29.00, 11.10
         0,     0, 7,14:40:56,14:41:12,    16, 29.00, 41.10,-12.10
  11724205,     0, 8,14:40:01,14:41:13,    72, 40.80, 40.80,  0.00
  12706620,  7029, 2,14:40:00,14:42:51,   171, 44.00, 35.00,  9.00
         0,     0, 2,14:43:00,14:43:08,     8, 35.00, 44.00, -9.00
  12448434,  6047, 2,14:43:18,14:44:45,    87, 44.00, 32.30, 11.70
         0,     0, 2,14:44:53,14:45:04,    11, 32.30, 44.10,-11.80
  12706700,     0, 7,14:44:19,14:45:48,    89, 41.10, 32.60,  8.50
  11724205,     0, 8,14:42:04,14:45:48,   224, 40.80, 40.60,  0.20
         0,     0, 7,14:45:55,14:46:06,    11, 32.60, 41.10, -8.50
         0,     0, 8,14:52:23,14:52:24,     1, 39.40, 41.10, -1.70
  12199951,  5005, 1,14:52:23,14:54:23,   120, 41.20, 29.30, 11.90
         0,     0, 1,14:54:31,14:54:42,    11, 29.30, 41.30,-12.00
  12706637,     0, 8,15:00:08,15:00:22,    14, 41.10, 40.90,  0.20
  12199951,  5005, 2,14:55:16,15:00:24,   308, 44.00, 38.00,  6.00
  12706656,  7065, 1,14:58:31,15:00:28,   117, 41.30, 28.70, 12.60
         0,     0, 2,15:00:32,15:00:37,     5, 38.00, 44.10, -6.10
         0,     0, 1,15:00:35,15:00:46,    11, 28.70, 41.30,-12.60
  12706637,     0, 8,15:01:37,15:02:21,    44, 40.90, 37.00,  3.90
         0,     0, 8,15:02:30,15:02:33,     3, 37.00, 41.20, -4.20
  12706642,  7051, 1,15:00:58,15:02:44,   106, 41.20, 25.70, 15.50
         0,     0, 1,15:02:51,15:03:06,    15, 25.70, 41.20,-15.50
  12706637,     0, 7,15:04:47,15:04:54,     7, 41.10, 41.10,  0.00
         0,     0, 4,15:08:06,15:08:16,    10,  0.00,  0.00,  0.00
         0,     0, 3,15:08:07,15:08:17,    10,  0.00,  0.00,  0.00
  12199961,     0, 3,15:08:42,15:08:44,     2,  0.60,  0.10,  0.50
  12199961,     0, 4,15:08:57,15:09:00,     3,  0.10,  0.70, -0.60
         0,     0, 3,15:08:52,15:09:33,    41,  0.10, 46.00,-45.90
         0,     0, 4,15:09:08,15:09:52,    44,  0.70, 43.30,-42.60
  11724205,     0, 8,15:12:21,15:14:26,   125, 41.20, 36.50,  4.70
         0,     0, 8,15:14:34,15:14:38,     4, 36.50, 41.30, -4.80
  12200085,  5139, 2,15:29:09,15:29:31,    22, 43.90, 36.90,  7.00
         0,     0, 2,15:29:38,15:29:44,     6, 36.90, 44.00, -7.10
  12200085,  5139, 3,15:33:51,15:34:27,    36, 46.00, 34.50, 11.50
         0,     0, 3,15:34:36,15:34:45,     9, 34.50, 46.00,-11.50
  12706618,  7027, 2,15:36:52,15:37:26,    34, 44.00, 35.90,  8.10
         0,     0, 2,15:37:34,15:37:41,     7, 35.90, 44.00, -8.10
  12448426,  6039, 3,15:39:12,15:39:16,     4, 46.10, 46.10,  0.00
  12448420,  6033, 4,15:40:24,15:40:38,    14, 43.90, 43.80,  0.10
  12448437,  6050, 3,15:41:40,15:43:22,   102, 46.20, 28.50, 17.70
         0,     0, 3,15:43:31,15:43:45,    14, 28.50, 46.10,-17.60
  12200079,  5133, 3,15:44:42,15:45:05,    23, 46.10, 37.50,  8.60
         0,     0, 3,15:45:13,15:45:20,     7, 37.50, 46.10, -8.60
  12448426,  6039, 1,15:45:04,15:45:17,    13, 41.20, 38.50,  2.70
         0,     0, 1,15:45:26,15:45:28,     2, 38.50, 41.30, -2.80
  12448426,  6039, 1,15:45:39,15:45:47,     8, 41.30, 37.90,  3.40
         0,     0, 1,15:45:56,15:45:58,     2, 37.90, 41.30, -3.40
  12706618,  7027, 2,15:45:42,15:46:10,    28, 44.00, 37.00,  7.00
         0,     0, 2,15:46:18,15:46:24,     6, 37.00, 43.90, -6.90
  12200079,  5133, 4,15:45:22,15:47:02,   100, 43.70, 20.30, 23.40
  12448426,  6039, 1,15:46:40,15:47:15,    35, 41.30, 29.50, 11.80
  12706618,  7027, 2,15:46:39,15:47:20,    41, 43.90, 32.10, 11.80
  12448391,  6004, 3,15:45:30,15:47:25,   115, 46.10, 24.40, 21.70
         0,     0, 4,15:47:09,15:47:31,    22, 20.30, 43.10,-22.80
         0,     0, 1,15:47:24,15:47:36,    12, 29.50, 41.20,-11.70
         0,     0, 2,15:47:29,15:47:41,    12, 32.10, 44.10,-12.00
         0,     0, 3,15:47:33,15:47:51,    18, 24.40, 24.40,  0.00
  12706624,  7033, 3,15:51:30,15:52:43,    73, 46.10, 41.30,  4.80
         0,     0, 3,15:52:51,15:52:54,     3, 41.30, 41.30,  0.00
  12706601,  7010, 1,15:52:39,15:53:50,    71, 41.30, 34.60,  6.70
  13008738,  7159, 2,15:51:44,15:53:53,   129, 44.10, 22.30, 21.80
  12706624,  7033, 3,15:53:10,15:53:56,    46, 45.90, 37.10,  8.80
         0,     0, 1,15:53:58,15:54:04,     6, 34.60, 41.30, -6.70
         0,     0, 3,15:54:05,15:54:12,     7, 37.10, 37.00,  0.10
         0,     0, 2,15:54:02,15:54:24,    22, 22.30, 44.10,-21.80
  12200085,  5139, 4,15:55:15,15:55:49,    34, 43.30, 40.50,  2.80
         0,     0, 4,15:55:57,15:55:59,     2, 40.50, 43.20, -2.70
  11954042,  4072, 4,15:56:23,15:56:28,     5, 43.30, 43.10,  0.20
  21268732,  6126, 1,15:55:05,15:56:54,   109, 41.30, 34.80,  6.50
         0,     0, 1,15:57:03,15:57:08,     5, 34.80, 41.20, -6.40
  11954042,  4072, 4,15:56:43,15:57:13,    30, 43.10, 42.50,  0.60
  21268732,  6126, 1,15:57:18,15:57:34,    16, 41.20, 39.00,  2.20
  11954042,  4072, 4,15:57:23,15:57:34,    11, 42.50, 41.00,  1.50
         0,     0, 1,15:57:42,15:57:43,     1, 39.00, 41.30, -2.30
         0,     0, 4,15:57:43,15:57:45,     2, 41.00, 43.20, -2.20
  12448392,  6005, 2,15:57:36,15:58:05,    29, 44.10, 38.00,  6.10
         0,     0, 2,15:58:13,15:58:18,     5, 38.00, 44.10, -6.10
  11954042,  4072, 3,15:57:49,15:58:54,    65, 46.20, 32.40, 13.80
  12448420,  6033, 4,15:57:55,15:59:03,    68, 43.40, 35.40,  8.00
         0,     0, 3,15:59:02,15:59:13,    11, 32.40, 46.00,-13.60
         0,     0, 4,15:59:11,15:59:18,     7, 35.40, 35.50, -0.10
  12706621,  7030, 1,15:58:35,15:59:31,    56, 41.30, 24.90, 16.40
  12706613,  7022, 3,15:59:23,15:59:48,    25, 46.00, 43.20,  2.80
         0,     0, 1,15:59:39,15:59:54,    15, 24.90, 41.20,-16.30
  12448392,  6005, 2,15:58:39,15:59:54,    75, 44.10, 26.50, 17.60
         0,     0, 3,15:59:57,15:59:58,     1, 43.20, 46.10, -2.90
  13008774,  8015, 4,15:59:42,15:59:57,    15, 43.50, 42.40,  1.10
  12706634,  7043, 1,16:00:04,16:00:17,    13, 41.20, 39.30,  1.90
         0,     0, 2,16:00:03,16:00:20,    17, 26.50, 44.00,-17.50
         0,     0, 1,16:00:25,16:00:26,     1, 39.30, 41.30, -2.00
  12706613,  7022, 3,16:00:08,16:00:25,    17, 46.30, 43.70,  2.60
         0,     0, 3,16:00:33,16:00:34,     1, 43.70, 46.00, -2.30
  13008774,  8015, 4,16:00:16,16:00:44,    28, 42.50, 40.20,  2.30
         0,     0, 4,16:00:52,16:00:54,     2, 40.20, 43.10, -2.90
  12706610,  7019, 2,16:00:34,16:01:35,    61, 44.00, 31.10, 12.90
  12706615,  7024, 4,16:01:33,16:01:37,     4, 43.10, 43.10,  0.00
  12448518,  6131, 1,16:00:46,16:01:38,    52, 41.30, 26.00, 15.30
         0,     0, 2,16:01:43,16:01:56,    13, 31.10, 44.00,-12.90
         0,     0, 1,16:01:46,16:02:01,    15, 26.00, 41.30,-15.30
  13008774,  8015, 3,16:02:10,16:02:50,    40, 46.10, 44.70,  1.40
  12706609,  7018, 2,16:02:09,16:02:56,    47, 44.00, 28.40, 15.60
         0,     0, 2,16:03:04,16:03:19,    15, 28.40, 44.10,-15.70
  12200085,  5139, 1,16:02:43,16:03:25,    42, 41.30, 31.50,  9.80
         0,     0, 1,16:03:33,16:03:42,     9, 31.50, 41.30, -9.80
  11499231,     0, 8,16:00:15,16:03:46,   211, 41.10, 25.60, 15.50
         0,     0, 8,16:03:54,16:04:10,    16, 25.60, 41.20,-15.60
  12200091,  5145, 4,16:03:11,16:04:26,    75, 43.30, 26.30, 17.00
         0,     0, 4,16:04:35,16:04:51,    16, 26.30, 43.20,-16.90
  12200085,  5139, 1,16:04:08,16:05:04,    56, 41.30, 33.10,  8.20
  12706634,  7043, 2,16:03:44,16:05:10,    86, 44.10, 23.20, 20.90
         0,     0, 1,16:05:12,16:05:19,     7, 33.10, 41.20, -8.10
         0,     0, 2,16:05:18,16:05:39,    21, 23.20, 44.10,-20.90
  12448398,  6011, 1,16:06:03,16:06:27,    24, 41.20, 41.20,  0.00
  12200086,  5140, 2,16:05:49,16:06:41,    52, 44.10, 40.70,  3.40
         0,     0, 2,16:06:49,16:06:51,     2, 40.70, 44.10, -3.40
  12706737,  7146, 1,16:07:43,16:07:57,    14, 41.20, 41.20,  0.00
  12706614,  7023, 1,16:08:10,16:08:24,    14, 41.20, 41.20,  0.00
  12706737,  7146, 2,16:08:52,16:09:00,     8, 44.10, 43.90,  0.20
  12199951,  5005, 4,16:07:08,16:09:16,   128, 44.00, 34.70,  9.30
         0,     0, 4,16:09:24,16:09:32,     8, 34.70, 43.20, -8.50
  12706613,  7022, 2,16:09:10,16:09:33,    23, 43.90, 40.80,  3.10
  12706614,  7023, 1,16:08:34,16:09:38,    64, 41.20, 22.20, 19.00
  11954008,  4038, 3,16:07:44,16:09:38,   114, 44.70, 26.00, 18.70
         0,     0, 2,16:09:42,16:09:44,     2, 40.80, 44.10, -3.30
         0,     0, 3,16:09:47,16:10:04,    17, 26.00, 46.00,-20.00
         0,     0, 1,16:09:47,16:10:06,    19, 22.20, 41.30,-19.10
  12448472,     0, 8,16:10:16,16:10:17,     1, 41.20, 41.20,  0.00
  12448472,     0, 8,16:11:03,16:11:14,    11, 41.20, 41.20,  0.00
  12706615,  7024, 2,16:10:11,16:11:26,    75, 44.10, 43.50,  0.60
  12706615,  7024, 1,16:11:29,16:11:49,    20, 41.30, 40.90,  0.40
  13008774,  8015, 4,16:10:57,16:11:48,    51, 43.90, 41.10,  2.80
         0,     0, 4,16:11:57,16:11:58,     1, 41.10, 43.00, -1.90
  13008774,  8015, 3,16:12:32,16:12:42,    10, 46.10, 46.10,  0.00
  12448417,  6030, 2,16:12:24,16:12:55,    31, 43.50, 38.60,  4.90
         0,     0, 2,16:13:04,16:13:08,     4, 38.60, 44.10, -5.50
  12448420,  6033, 4,16:13:42,16:15:19,    97, 43.30, 39.10,  4.20
  12448516,  6129, 3,16:15:00,16:15:27,    27, 46.10, 44.60,  1.50
         0,     0, 4,16:15:28,16:15:31,     3, 39.10, 43.20, -4.10
  12448398,  6011, 1,16:13:13,16:15:29,   136, 40.90, 15.70, 25.20
         0,     0, 1,16:15:37,16:16:02,    25, 15.70, 41.30,-25.60
  12448516,  6129, 4,16:15:55,16:16:54,    59, 43.20, 30.70, 12.50
  11724217,  3117, 3,16:15:38,16:16:57,    79, 44.50, 22.30, 22.20
         0,     0, 4,16:17:03,16:17:15,    12, 30.70, 43.10,-12.40
         0,     0, 3,16:17:04,16:17:24,    20, 22.30, 22.30,  0.00
  21268732,  6126, 1,16:17:01,16:18:43,   102, 41.30, 34.30,  7.00
  12200081,  5135, 3,16:17:41,16:18:52,    71, 46.00, 29.70, 16.30
         0,     0, 1,16:18:50,16:18:56,     6, 34.30, 41.20, -6.90
  12706737,  7146, 2,16:16:19,16:18:58,   159, 44.00, 31.80, 12.20
  12200083,  5137, 4,16:18:25,16:19:04,    39, 43.50, 33.40, 10.10
         0,     0, 3,16:19:00,16:19:14,    14, 29.70, 45.90,-16.20
         0,     0, 2,16:19:05,16:19:17,    12, 31.80, 44.00,-12.20
         0,     0, 4,16:19:11,16:19:20,     9, 33.40, 43.00, -9.60
  12200079,  5133, 2,16:19:27,16:20:23,    56, 44.10, 29.40, 14.70
  13008748,  7169, 4,16:20:14,16:20:36,    22, 43.10, 42.20,  0.90
  12200083,  5137, 1,16:20:07,16:20:42,    35, 41.20, 32.90,  8.30
         0,     0, 2,16:20:32,16:20:46,    14, 29.40, 44.10,-14.70
         0,     0, 1,16:20:50,16:20:57,     7, 32.90, 41.30, -8.40
  13008774,  8015, 3,16:22:39,16:22:44,     5, 45.90, 46.00, -0.10
  12706656,  7065, 4,16:22:47,16:22:58,    11, 42.40, 40.00,  2.40
         0,     0, 4,16:23:05,16:23:08,     3, 40.00, 43.30, -3.30
  12448415,  6028, 1,16:22:08,16:24:16,   128, 41.30, 23.60, 17.70
  12448408,  6021, 4,16:23:18,16:24:26,    68, 43.40, 26.80, 16.60
  12706634,  7043, 2,16:22:59,16:24:29,    90, 44.10, 34.30,  9.80
         0,     0, 1,16:24:25,16:24:42,    17, 23.60, 41.20,-17.60
         0,     0, 2,16:24:38,16:24:47,     9, 34.30, 44.00, -9.70
         0,     0, 4,16:24:34,16:24:50,    16, 26.80, 43.40,-16.60
  12448437,  6050, 3,16:23:24,16:24:54,    90, 45.90, 34.50, 11.40
         0,     0, 3,16:25:01,16:25:10,     9, 34.50, 46.20,-11.70
  13008774,  8015, 2,16:25:13,16:25:28,    15, 44.00, 44.00,  0.00
  13008774,  8015, 1,16:25:43,16:26:53,    70, 41.20, 39.00,  2.20
         0,     0, 1,16:27:01,16:27:02,     1, 39.00, 41.30, -2.30
  12448420,  6033, 2,16:25:55,16:27:07,    72, 44.00, 44.00,  0.00
  13008774,  8015, 1,16:27:40,16:28:35,    55, 41.30, 38.00,  3.30
         0,     0, 1,16:28:44,16:28:46,     2, 38.00, 41.20, -3.20
  12448391,  6004, 3,16:26:56,16:29:28,   152, 46.30, 35.40, 10.90
         0,     0, 3,16:29:36,16:29:44,     8, 35.40, 35.40,  0.00
  12448420,  6033, 2,16:27:30,16:30:11,   161, 44.00, 41.20,  2.80
         0,     0, 2,16:30:19,16:30:20,     1, 41.20, 44.10, -2.90
  12448521,  6134, 4,16:27:37,16:30:21,   164, 43.90, 23.30, 20.60
         0,     0, 4,16:30:29,16:30:48,    19, 23.30, 43.40,-20.10
  12448434,  6047, 4,16:31:01,16:31:06,     5, 43.30, 43.60, -0.30
  11499117,  2007, 2,16:30:30,16:31:41,    71, 44.10, 27.40, 16.70
         0,     0, 2,16:31:50,16:32:06,    16, 27.40, 44.20,-16.80
  13008774,  8015, 1,16:32:01,16:32:25,    24, 41.20, 40.40,  0.80
  12448434,  6047, 4,16:31:41,16:32:45,    64, 43.40, 36.40,  7.00
  12448517,  6130, 3,16:31:15,16:32:48,    93, 46.20, 44.70,  1.50
         0,     0, 4,16:32:53,16:32:59,     6, 36.40, 36.40,  0.00
  13008774,  8015, 1,16:33:10,16:33:35,    25, 40.40, 39.30,  1.10
         0,     0, 1,16:33:43,16:33:44,     1, 39.30, 41.30, -2.00
  12706610,  7019, 2,16:33:26,16:33:49,    23, 44.10, 42.40,  1.70
  12448517,  6130, 4,16:33:12,16:34:04,    52, 43.10, 38.50,  4.60
         0,     0, 4,16:34:12,16:34:16,     4, 38.50, 43.20, -4.70
  13008774,  8015, 1,16:34:28,16:34:48,    20, 41.30, 40.40,  0.90
  12706610,  7019, 2,16:34:09,16:35:00,    51, 42.40, 28.90, 13.50
         0,     0, 2,16:35:08,16:35:22,    14, 28.90, 44.20,-15.30
  12706628,  7037, 1,16:35:06,16:35:24,    18, 40.40, 38.80,  1.60
         0,     0, 1,16:35:33,16:35:34,     1, 38.80, 41.20, -2.40
  12448517,  6130, 4,16:34:28,16:35:43,    75, 43.30, 33.40,  9.90
         0,     0, 4,16:35:50,16:35:59,     9, 33.40, 43.10, -9.70
  12706628,  7037, 1,16:35:44,16:36:56,    72, 41.20, 35.10,  6.10
         0,     0, 1,16:37:05,16:37:10,     5, 35.10, 41.30, -6.20
  21268732,  6126, 2,16:35:32,16:37:37,   125, 44.10, 35.50,  8.60
  12706620,  7029, 4,16:37:38,16:37:43,     5, 43.30, 43.70, -0.40
         0,     0, 2,16:37:45,16:37:52,     7, 35.50, 44.00, -8.50
  21268732,  6126, 2,16:38:10,16:38:11,     1, 44.10, 44.00,  0.10
  21268732,  6126, 1,16:38:14,16:38:35,    21, 41.30, 40.10,  1.20
  12706613,  7022, 2,16:38:23,16:38:55,    32, 44.00, 39.90,  4.10
         0,     0, 2,16:39:04,16:39:07,     3, 39.90, 44.00, -4.10
  12706613,  7022, 2,16:39:28,16:39:48,    20, 44.00, 41.40,  2.60
         0,     0, 2,16:39:55,16:39:56,     1, 41.40, 44.00, -2.60
  12706707,     0, 8,16:42:16,16:42:18,     2, 38.70, 38.70,  0.00
  12706620,  7029, 4,16:41:11,16:42:19,    68, 43.40, 36.50,  6.90
         0,     0, 8,16:42:25,16:42:27,     2, 38.70, 41.20, -2.50
  13008738,  7159, 3,16:40:15,16:42:24,   129, 44.80, 30.10, 14.70
         0,     0, 4,16:42:27,16:42:33,     6, 36.50, 43.00, -6.50
         0,     0, 3,16:42:32,16:42:45,    13, 30.10, 30.10,  0.00
  12448518,  6131, 2,16:42:08,16:44:13,   125, 44.00, 32.80, 11.20
         0,     0, 2,16:44:22,16:44:32,    10, 32.80, 44.10,-11.30
  12706614,  7023, 1,16:42:49,16:44:45,   116, 40.10, 24.40, 15.70
         0,     0, 1,16:44:53,16:45:10,    17, 24.40, 41.20,-16.80
  12706642,  7051, 3,16:45:01,16:45:12,    11, 46.10, 46.10,  0.00
  12448518,  6131, 1,16:45:41,16:45:48,     7, 41.20, 41.20,  0.00
  12706609,  7018, 2,16:45:07,16:46:01,    54, 44.10, 34.80,  9.30
  13008748,  7169, 4,16:45:54,16:46:07,    13, 43.10, 42.20,  0.90
         0,     0, 2,16:46:09,16:46:17,     8, 34.80, 44.10, -9.30
  12448420,  6033, 4,16:46:24,16:47:00,    36, 42.30, 39.20,  3.10
         0,     0, 4,16:47:08,16:47:12,     4, 39.20, 43.20, -4.00
  12200081,  5135, 4,16:47:45,16:48:28,    43, 43.10, 40.10,  3.00
         0,     0, 4,16:48:36,16:48:39,     3, 40.10, 43.20, -3.10
  12706642,  7051, 4,16:49:19,16:49:56,    37, 43.20, 36.00,  7.20
         0,     0, 4,16:50:04,16:50:10,     6, 36.00, 43.30, -7.30
  12706737,  7146, 1,16:45:59,16:51:09,   310, 41.20, 32.10,  9.10
  11724167,  3067, 3,16:50:35,16:51:16,    41, 46.10, 30.50, 15.60
         0,     0, 1,16:51:17,16:51:25,     8, 32.10, 41.20, -9.10
         0,     0, 3,16:51:24,16:51:37,    13, 30.50, 30.50,  0.00
  11724167,  3067, 3,16:51:57,16:52:27,    30, 46.10, 38.00,  8.10
         0,     0, 3,16:52:35,16:52:41,     6, 38.00, 38.00,  0.00
  12706707,     0, 8,16:53:47,16:54:00,    13, 41.20, 39.50,  1.70
         0,     0, 8,16:54:07,16:54:08,     1, 39.50, 41.20, -1.70
  13008748,  7169, 4,16:54:31,16:54:33,     2, 43.20, 43.20,  0.00
  12448392,  6005, 1,16:55:55,16:56:47,    52, 41.20, 30.10, 11.10
         0,     0, 1,16:56:55,16:57:06,    11, 30.10, 41.20,-11.10
  12200083,  5137, 2,16:56:40,16:57:25,    45, 44.00, 42.80,  1.20
  12448392,  6005, 1,16:57:16,16:58:04,    48, 41.20, 35.80,  5.40
         0,     0, 1,16:58:13,16:58:18,     5, 35.80, 41.20, -5.40
  12200081,  5135, 3,16:57:46,16:58:32,    46, 46.20, 40.10,  6.10
         0,     0, 3,16:58:39,16:58:43,     4, 40.10, 46.00, -5.90
  12200083,  5137, 2,16:58:01,16:58:59,    58, 42.80, 35.30,  7.50
         0,     0, 2,16:59:07,16:59:14,     7, 35.30, 44.10, -8.80
  11724217,  3117, 4,16:58:29,16:59:26,    57, 43.10, 27.90, 15.20
         0,     0, 4,16:59:33,16:59:48,    15, 27.90, 43.10,-15.20
  12448434,  6047, 3,17:00:30,17:01:25,    55, 46.00, 41.80,  4.20
         0,     0, 3,17:01:32,17:01:34,     2, 41.80, 46.10, -4.30
  12448434,  6047, 3,17:01:46,17:02:24,    38, 46.10, 42.60,  3.50
         0,     0, 3,17:02:31,17:02:33,     2, 42.60, 46.20, -3.60
  12706630,  7039, 2,17:02:25,17:03:11,    46, 44.10, 39.80,  4.30
         0,     0, 2,17:03:19,17:03:22,     3, 39.80, 44.00, -4.20
  12706620,  7029, 1,17:02:51,17:03:21,    30, 41.20, 35.50,  5.70
         0,     0, 1,17:03:28,17:03:33,     5, 35.50, 41.30, -5.80
  12706630,  7039, 2,17:03:39,17:04:47,    68, 44.00, 36.20,  7.80
         0,     0, 2,17:04:55,17:05:02,     7, 36.20, 44.10, -7.90
  12706613,  7022, 1,17:03:43,17:05:04,    81, 41.30, 34.30,  7.00
         0,     0, 1,17:05:12,17:05:18,     6, 34.30, 41.30, -7.00
  11499117,  2007, 2,17:06:41,17:07:58,    77, 44.10, 35.30,  8.80
  12448482,     0, 7,17:07:51,17:08:03,    12, 41.20, 41.20,  0.00
         0,     0, 2,17:08:05,17:08:12,     7, 35.30, 44.10, -8.80
  11724172,     0, 8,17:08:10,17:08:17,     7, 41.20, 41.20,  0.00
  12706620,  7029, 1,17:08:29,17:09:06,    37, 41.30, 38.60,  2.70
  12448482,     0, 8,17:08:33,17:09:10,    37, 40.90, 40.80,  0.10
         0,     0, 1,17:09:14,17:09:16,     2, 38.60, 41.30, -2.70
  12448482,     0, 7,17:09:20,17:10:25,    65, 41.10, 37.40,  3.70
         0,     0, 7,17:10:33,17:10:37,     4, 37.40, 41.10, -3.70
  12706700,     0, 8,17:11:00,17:11:08,     8, 40.80, 38.30,  2.50
         0,     0, 8,17:11:16,17:11:19,     3, 38.30, 41.20, -2.90
  13008748,  7169, 4,17:08:15,17:11:26,   191, 43.80, 37.60,  6.20
         0,     0, 4,17:11:34,17:11:39,     5, 37.60, 43.20, -5.60
  12706700,     0, 7,17:11:36,17:11:48,    12, 41.10, 38.50,  2.60
         0,     0, 7,17:11:56,17:11:59,     3, 38.50, 41.10, -2.60
  12706634,  7043, 1,17:12:19,17:13:37,    78, 41.30, 34.40,  6.90
         0,     0, 1,17:13:44,17:13:50,     6, 34.40, 41.20, -6.80
  12706628,  7037, 1,17:14:00,17:14:59,    59, 41.20, 31.30,  9.90
  12448434,  6047, 2,17:13:53,17:14:59,    66, 44.10, 40.90,  3.20
         0,     0, 2,17:15:08,17:15:10,     2, 40.90, 44.00, -3.10
         0,     0, 1,17:15:07,17:15:16,     9, 31.30, 41.30,-10.00
  12706628,  7037, 1,17:16:37,17:17:02,    25, 41.30, 39.80,  1.50
         0,     0, 1,17:17:10,17:17:10,     0, 39.80, 41.10, -1.30
  12448434,  6047, 2,17:17:08,17:17:23,    15, 44.00, 42.80,  1.20
  12706628,  7037, 1,17:17:20,17:17:37,    17, 41.10, 39.50,  1.60
         0,     0, 1,17:17:46,17:17:47,     1, 39.50, 41.30, -1.80
  12706630,  7039, 1,17:20:26,17:20:45,    19, 41.30, 41.30,  0.00
  12706628,  7037, 3,17:21:09,17:22:21,    72, 46.20, 43.20,  3.00
         0,     0, 3,17:22:28,17:22:29,     1, 43.20, 46.10, -2.90
  12706656,  7065, 4,17:20:37,17:22:37,   120, 43.20, 25.60, 17.60
  12706601,  7010, 2,17:21:21,17:22:51,    90, 42.80, 26.90, 15.90
         0,     0, 4,17:22:44,17:23:01,    17, 25.60, 43.20,-17.60
         0,     0, 2,17:22:59,17:23:15,    16, 26.90, 44.10,-17.20
  12706601,  7010, 2,17:23:25,17:24:05,    40, 44.10, 38.60,  5.50
         0,     0, 2,17:24:14,17:24:18,     4, 38.60, 44.10, -5.50
  12200083,  5137, 1,17:25:18,17:25:25,     7, 41.30, 41.30,  0.00
  12200083,  5137, 2,17:25:38,17:26:13,    35, 44.10, 38.30,  5.80
         0,     0, 2,17:26:20,17:26:24,     4, 38.30, 44.00, -5.70
  12706624,  7033, 2,17:27:21,17:27:59,    38, 44.10, 43.60,  0.50
  12200086,  5140, 1,17:26:31,17:28:05,    94, 41.30, 27.40, 13.90
  11724205,     0, 7,17:22:08,17:28:05,   357, 41.10, 32.80,  8.30
         0,     0, 7,17:28:14,17:28:25,    11, 32.80, 41.00, -8.20
         0,     0, 1,17:28:13,17:28:26,    13, 27.40, 41.30,-13.90
  12706624,  7033, 4,17:28:37,17:29:01,    24, 43.40, 42.50,  0.90
  12706630,  7039, 3,17:28:03,17:29:20,    77, 46.10, 38.80,  7.30
         0,     0, 3,17:29:27,17:29:32,     5, 38.80, 38.80,  0.00
  11724205,     0, 8,17:28:11,17:30:19,   128, 41.20, 36.50,  4.70
         0,     0, 8,17:30:27,17:30:31,     4, 36.50, 41.30, -4.80
  11724217,  3117, 1,17:30:44,17:31:46,    62, 41.30, 24.80, 16.50
         0,     0, 1,17:31:53,17:32:08,    15, 24.80, 41.20,-16.40
  12706621,  7030, 1,17:32:46,17:34:27,   101, 41.30, 19.40, 21.90
         0,     0, 1,17:34:34,17:34:55,    21, 19.40, 41.30,-21.90
  11499184,  2074, 3,17:35:02,17:35:26,    24, 46.20, 36.50,  9.70
         0,     0, 3,17:35:34,17:35:41,     7, 36.50, 36.50,  0.00
  12448482,     0, 8,17:33:58,17:36:21,   143, 41.20, 28.00, 13.20
         0,     0, 8,17:36:30,17:36:44,    14, 28.00, 41.20,-13.20
  13008896,     0, 8,17:39:04,17:39:17,    13, 41.20, 40.00,  1.20
         0,     0, 8,17:39:25,17:39:25,     0, 40.00, 39.80,  0.20
  13008896,     0, 8,17:40:12,17:40:14,     2, 33.00, 33.00,  0.00
         0,     0, 8,17:40:23,17:40:31,     8, 33.00, 41.20, -8.20
  12200091,  5145, 3,17:41:08,17:41:12,     4, 46.10, 46.10,  0.00
  12200091,  5145, 1,17:46:06,17:47:34,    88, 41.20, 23.80, 17.40
         0,     0, 1,17:47:41,17:47:58,    17, 23.80, 41.30,-17.50
  12706610,  7019, 1,17:48:08,17:49:06,    58, 41.20, 34.20,  7.00
         0,     0, 1,17:49:14,17:49:20,     6, 34.20, 41.30, -7.10
  11954042,  4072, 4,17:52:19,17:53:31,    72, 42.60, 41.70,  0.90
         0,     0, 4,17:53:39,17:53:40,     1, 41.70, 43.50, -1.80
  12200086,  5140, 2,17:51:50,17:54:12,   142, 43.50, 32.40, 11.10
         0,     0, 2,17:54:19,17:54:29,    10, 32.40, 44.10,-11.70
  11954042,  4072, 4,17:53:54,17:54:37,    43, 43.20, 34.30,  8.90
         0,     0, 4,17:54:44,17:54:52,     8, 34.30, 43.10, -8.80
  12448417,  6030, 4,17:56:17,17:57:37,    80, 43.20, 28.40, 14.80
         0,     0, 4,17:57:44,17:57:58,    14, 28.40, 43.20,-14.80
  12706628,  7037, 1,17:56:52,17:58:40,   108, 41.30, 31.80,  9.50
         0,     0, 1,17:58:48,17:58:56,     8, 31.80, 41.30, -9.50
  12706628,  7037, 1,17:59:06,17:59:20,    14, 41.30, 39.80,  1.50
         0,     0, 1,17:59:28,17:59:28,     0, 39.80, 41.10, -1.30
  12706628,  7037, 1,17:59:45,18:00:15,    30, 41.10, 39.70,  1.40
         0,     0, 1,18:00:23,18:00:23,     0, 39.70, 41.10, -1.40
  12706615,  7024, 2,18:05:46,18:07:45,   119, 44.10, 28.20, 15.90
         0,     0, 2,18:07:52,18:08:06,    14, 28.20, 44.00,-15.80
  12706615,  7024, 1,18:08:30,18:08:53,    23, 41.10, 41.10,  0.00
  11954042,  4072, 2,18:08:16,18:09:16,    60, 44.00, 34.00, 10.00
         0,     0, 2,18:09:25,18:09:34,     9, 34.00, 44.10,-10.10
  13008896,     0, 8,18:10:20,18:10:21,     1, 40.70, 40.70,  0.00
  13008896,     0, 8,18:10:56,18:10:57,     1, 39.00, 39.00,  0.00
         0,     0, 8,18:11:04,18:11:05,     1, 39.00, 41.20, -2.20
  12448415,  6028, 3,18:11:18,18:11:37,    19, 46.10, 46.10,  0.00
  12448398,  6011, 2,18:10:04,18:11:50,   106, 44.10, 26.70, 17.40
         0,     0, 2,18:11:58,18:12:14,    16, 26.70, 44.00,-17.30
  12448415,  6028, 4,18:11:41,18:13:52,   131, 43.90, 26.80, 17.10
  11724217,  3117, 3,18:13:10,18:14:02,    52, 46.10, 35.00, 11.10
         0,     0, 4,18:14:00,18:14:15,    15, 26.80, 43.10,-16.30
         0,     0, 3,18:14:11,18:14:20,     9, 35.00, 34.90,  0.10
  12706628,  7037, 1,18:14:47,18:15:04,    17, 41.10, 40.00,  1.10
  11953971,  4001, 1,18:15:35,18:17:19,   104, 40.00, 22.90, 17.10
         0,     0, 1,18:17:26,18:17:43,    17, 22.90, 41.30,-18.40
  12448451,     0, 7,18:20:33,18:21:41,    68, 41.00, 39.50,  1.50
         0,     0, 7,18:21:49,18:21:50,     1, 39.50, 41.00, -1.50
  12448451,     0, 8,18:21:53,18:23:04,    71, 39.90, 32.20,  7.70
         0,     0, 8,18:23:11,18:23:20,     9, 32.20, 41.30, -9.10
  12448426,  6039, 3,18:25:12,18:25:13,     1, 46.10, 46.20, -0.10
  12706610,  7019, 4,18:26:24,18:27:18,    54, 43.50, 29.00, 14.50
         0,     0, 4,18:27:27,18:27:40,    13, 29.00, 43.20,-14.20
  12448426,  6039, 1,18:26:37,18:27:56,    79, 41.30, 22.90, 18.40
         0,     0, 1,18:28:03,18:28:20,    17, 22.90, 41.30,-18.40
  12448392,  6005, 1,18:33:44,18:34:34,    50, 41.30, 30.00, 11.30
         0,     0, 1,18:34:41,18:34:51,    10, 30.00, 41.20,-11.20
  12448472,     0, 8,18:33:15,18:35:17,   122, 41.30, 35.20,  6.10
         0,     0, 8,18:35:24,18:35:29,     5, 35.20, 41.20, -6.00
  12448472,     0, 8,18:35:39,18:35:51,    12, 41.00, 40.00,  1.00
         0,     0, 8,18:36:00,18:36:00,     0, 40.00, 40.80, -0.80
  12706615,  7024, 4,18:35:59,18:37:33,    94, 43.60, 28.10, 15.50
         0,     0, 4,18:37:41,18:37:55,    14, 28.10, 43.10,-15.00
  12706614,  7023, 2,18:37:05,18:38:01,    56, 44.00, 42.10,  1.90
  12706614,  7023, 1,18:38:19,18:39:29,    70, 41.20, 25.50, 15.70
         0,     0, 1,18:39:36,18:39:51,    15, 25.50, 41.40,-15.90
  12448516,  6129, 4,18:38:32,18:39:56,    84, 43.20, 22.30, 20.90
         0,     0, 4,18:40:04,18:40:24,    20, 22.30, 43.20,-20.90
  12448518,  6131, 2,18:39:29,18:40:21,    52, 42.10, 27.50, 14.60
         0,     0, 2,18:40:29,18:40:44,    15, 27.50, 44.00,-16.50
  11954042,  4072, 3,18:42:15,18:42:23,     8, 46.20, 46.20,  0.00
  12706624,  7033, 2,18:41:40,18:42:27,    47, 44.00, 42.30,  1.70
  11954042,  4072, 4,18:42:29,18:43:15,    46, 43.60, 39.90,  3.70
         0,     0, 4,18:43:23,18:43:26,     3, 39.90, 43.20, -3.30
  12706624,  7033, 2,18:42:39,18:43:46,    67, 42.30, 24.70, 17.60
         0,     0, 2,18:43:53,18:44:12,    19, 24.70, 44.10,-19.40
  12448482,     0, 8,18:44:18,18:47:45,   207, 40.80, 32.70,  8.10
         0,     0, 8,18:47:53,18:48:01,     8, 32.70, 41.20, -8.50
  12448415,  6028, 1,18:48:03,18:49:25,    82, 41.40, 30.90, 10.50
         0,     0, 1,18:49:32,18:49:41,     9, 30.90, 41.20,-10.30
  12706737,  7146, 2,18:48:23,18:49:51,    88, 44.10, 33.90, 10.20
         0,     0, 2,18:49:58,18:50:07,     9, 33.90, 44.10,-10.20
  12448472,     0, 8,18:52:47,18:53:46,    59, 40.20, 37.20,  3.00
         0,     0, 8,18:53:53,18:53:56,     3, 37.20, 41.20, -4.00
  13008896,     0, 7,18:55:12,18:55:21,     9, 41.00, 40.90,  0.10
  12706700,     0, 8,18:56:53,18:56:55,     2, 41.20, 41.20,  0.00
  12448408,  6021, 1,18:55:38,18:57:28,   110, 41.20, 18.90, 22.30
         0,     0, 1,18:57:35,18:57:56,    21, 18.90, 41.30,-22.40
  12448516,  6129, 3,18:59:26,18:59:57,    31, 46.20, 41.40,  4.80
         0,     0, 3,19:00:05,19:00:08,     3, 41.40, 46.20, -4.80
  12200085,  5139, 1,19:00:54,19:02:06,    72, 41.30, 31.10, 10.20
         0,     0, 1,19:02:14,19:02:23,     9, 31.10, 41.30,-10.20
  12706609,  7018, 1,19:02:37,19:03:51,    74, 41.30, 28.80, 12.50
         0,     0, 1,19:03:58,19:04:10,    12, 28.80, 41.20,-12.40
  12448518,  6131, 2,19:04:20,19:04:34,    14, 44.10, 42.70,  1.40
  12448434,  6047, 3,19:04:38,19:06:14,    96, 46.20, 36.30,  9.90
         0,     0, 3,19:06:22,19:06:29,     7, 36.30, 36.10,  0.20
  12448518,  6131, 2,19:07:06,19:08:00,    54, 42.70, 37.10,  5.60
         0,     0, 2,19:08:08,19:08:14,     6, 37.10, 44.10, -7.00
  12706700,     0, 8,19:09:01,19:09:08,     7, 41.20, 41.20,  0.00
  12706700,     0, 7,19:09:37,19:09:58,    21, 41.00, 37.80,  3.20
         0,     0, 7,19:10:06,19:10:10,     4, 37.80, 41.10, -3.30
  12706700,     0, 7,19:10:34,19:10:48,    14, 41.10, 38.80,  2.30
         0,     0, 7,19:10:57,19:10:59,     2, 38.80, 41.10, -2.30
  12706737,  7146, 2,19:10:29,19:12:50,   141, 44.10, 37.60,  6.50
         0,     0, 2,19:12:59,19:13:04,     5, 37.60, 44.10, -6.50
  12199951,  5005, 4,19:11:15,19:14:02,   167, 43.40, 26.90, 16.50
         0,     0, 4,19:14:09,19:14:24,    15, 26.90, 43.30,-16.40
  12706620,  7029, 1,19:13:03,19:15:26,   143, 41.20, 22.90, 18.30
         0,     0, 1,19:15:34,19:15:51,    17, 22.90, 41.20,-18.30
  12706620,  7029, 2,19:18:56,19:19:48,    52, 44.10, 37.50,  6.60
         0,     0, 2,19:19:56,19:20:01,     5, 37.50, 44.10, -6.60
  12706634,  7043, 4,19:18:51,19:22:00,   189, 43.60, 31.20, 12.40
  12448415,  6028, 1,19:21:35,19:22:13,    38, 41.20, 41.10,  0.10
         0,     0, 4,19:22:08,19:22:19,    11, 31.20, 43.10,-11.90
  12706609,  7018, 1,19:24:06,19:24:12,     6, 41.10, 41.10,  0.00
  12200079,  5133, 2,19:23:32,19:24:14,    42, 44.10, 27.00, 17.10
         0,     0, 2,19:24:22,19:24:38,    16, 27.00, 44.10,-17.10
  12448408,  6021, 3,19:24:06,19:24:53,    47, 46.10, 32.80, 13.30
  12706624,  7033, 4,19:24:34,19:24:54,    20, 43.40, 43.20,  0.20
  12200091,  5145, 2,19:24:52,19:25:02,    10, 44.10, 42.90,  1.20
         0,     0, 3,19:25:00,19:25:10,    10, 32.80, 32.80,  0.00
  12200091,  5145, 2,19:25:23,19:25:55,    32, 42.90, 31.50, 11.40
  12448415,  6028, 1,19:24:25,19:26:04,    99, 41.10, 33.30,  7.80
         0,     0, 2,19:26:03,19:26:15,    12, 31.50, 44.00,-12.50
         0,     0, 1,19:26:13,19:26:20,     7, 33.30, 41.30, -8.00
  12706737,  7146, 4,19:25:50,19:26:28,    38, 43.10, 43.20, -0.10
  12706609,  7018, 1,19:26:33,19:27:16,    43, 41.30, 33.30,  8.00
  12706624,  7033, 3,19:26:44,19:27:21,    37, 46.20, 44.90,  1.30
         0,     0, 1,19:27:24,19:27:31,     7, 33.30, 41.30, -8.00
  12706609,  7018, 2,19:27:22,19:27:37,    15, 44.00, 44.00,  0.00
  12448434,  6047, 4,19:27:03,19:28:30,    87, 43.30, 35.00,  8.30
         0,     0, 4,19:28:39,19:28:47,     8, 35.00, 43.20, -8.20
  12448472,     0, 8,19:28:55,19:30:47,   112, 41.10, 36.80,  4.30
         0,     0, 8,19:30:55,19:30:59,     4, 36.80, 41.20, -4.40
  13008774,  8015, 1,19:30:52,19:30:59,     7, 41.30, 41.30,  0.00
  12706613,  7022, 3,19:30:22,19:31:10,    48, 44.90, 35.90,  9.00
         0,     0, 3,19:31:17,19:31:25,     8, 35.90, 35.80,  0.10
  12706727,     0, 8,19:31:40,19:32:24,    44, 41.20, 36.30,  4.90
         0,     0, 8,19:32:33,19:32:37,     4, 36.30, 41.20, -4.90
  13008774,  8015, 2,19:31:21,19:32:41,    80, 44.00, 33.70, 10.30
         0,     0, 2,19:32:50,19:32:59,     9, 33.70, 44.10,-10.40
  12200085,  5139, 4,19:33:06,19:33:15,     9, 43.50, 41.90,  1.60
         0,     0, 4,19:33:23,19:33:24,     1, 41.90, 43.10, -1.20
  12706618,  7027, 2,19:33:32,19:34:32,    60, 44.10, 28.10, 16.00
         0,     0, 2,19:34:41,19:34:56,    15, 28.10, 44.10,-16.00
  12706737,  7146, 4,19:34:41,19:35:03,    22, 43.30, 42.50,  0.80
  12448517,  6130, 1,19:33:21,19:35:37,   136, 41.30, 26.80, 14.50
         0,     0, 1,19:35:45,19:35:58,    13, 26.80, 41.30,-14.50
  12200085,  5139, 2,19:37:08,19:38:00,    52, 44.10, 37.90,  6.20
         0,     0, 2,19:38:08,19:38:13,     5, 37.90, 44.10, -6.20
  12200081,  5135, 3,19:37:12,19:39:15,   123, 46.10, 20.60, 25.50
         0,     0, 3,19:39:22,19:39:43,    21, 20.60, 20.50,  0.10
  11724167,  3067, 4,19:40:12,19:41:11,    59, 42.80, 20.80, 22.00
  12448437,  6050, 1,19:39:15,19:41:20,   125, 41.30, 24.70, 16.60
  11724167,  3067, 3,19:41:23,19:41:28,     5, 46.20, 45.40,  0.80
         0,     0, 4,19:41:20,19:41:42,    22, 20.80, 43.30,-22.50
         0,     0, 1,19:41:28,19:41:44,    16, 24.70, 41.30,-16.60
  11724167,  3067, 4,19:42:17,19:43:10,    53, 43.20, 23.30, 19.90
         0,     0, 4,19:43:17,19:43:36,    19, 23.30, 43.20,-19.90
  21268732,  6126, 1,19:41:58,19:43:37,    99, 41.30, 31.60,  9.70
         0,     0, 1,19:43:45,19:43:53,     8, 31.60, 41.30, -9.70
  12706634,  7043, 1,19:46:06,19:46:28,    22, 41.30, 39.30,  2.00
         0,     0, 1,19:46:37,19:46:38,     1, 39.30, 41.30, -2.00
  12706613,  7022, 3,19:47:28,19:47:55,    27, 45.40, 41.40,  4.00
         0,     0, 3,19:48:03,19:48:06,     3, 41.40, 46.10, -4.70
  12448420,  6033, 4,19:49:20,19:50:10,    50, 43.60, 36.70,  6.90
         0,     0, 4,19:50:17,19:50:23,     6, 36.70, 43.20, -6.50
  12200083,  5137, 1,19:52:17,19:53:02,    45, 41.30, 34.40,  6.90
         0,     0, 1,19:53:11,19:53:17,     6, 34.40, 41.30, -6.90
  21268732,  6126, 1,19:54:06,19:54:49,    43, 41.30, 38.00,  3.30
         0,     0, 1,19:54:57,19:54:59,     2, 38.00, 41.20, -3.20
  12199951,  5005, 3,19:53:29,19:57:26,   237, 46.20, 36.70,  9.50
         0,     0, 3,19:57:34,19:57:41,     7, 36.70, 36.60,  0.10
  12448434,  6047, 3,19:58:51,19:59:54,    63, 46.20, 40.40,  5.80
  11954042,  4072, 2,19:58:48,20:00:03,    75, 44.00, 40.60,  3.40
         0,     0, 3,20:00:02,20:00:06,     4, 40.40, 46.10, -5.70
         0,     0, 2,20:00:11,20:00:13,     2, 40.60, 44.10, -3.50
  13008774,  8015, 1,20:00:38,20:01:35,    57, 41.20, 34.40,  6.80
  11954042,  4072, 2,20:00:50,20:01:37,    47, 44.20, 34.20, 10.00
         0,     0, 1,20:01:43,20:01:49,     6, 34.40, 41.30, -6.90
         0,     0, 2,20:01:45,20:01:54,     9, 34.20, 44.20,-10.00
  12448420,  6033, 4,20:01:28,20:02:12,    44, 43.40, 37.80,  5.60
  12706630,  7039, 3,20:02:01,20:02:14,    13, 46.10, 45.30,  0.80
         0,     0, 4,20:02:19,20:02:24,     5, 37.80, 43.20, -5.40
  12706630,  7039, 4,20:02:34,20:02:34,     0, 43.30, 43.40, -0.10
  13008774,  8015, 1,20:02:39,20:03:06,    27, 41.30, 38.10,  3.20
         0,     0, 1,20:03:14,20:03:16,     2, 38.10, 41.30, -3.20
  12706630,  7039, 4,20:02:45,20:03:40,    55, 43.30, 38.30,  5.00
         0,     0, 4,20:03:48,20:03:52,     4, 38.30, 43.20, -4.90
  12706613,  7022, 4,20:04:02,20:04:30,    28, 43.50, 39.70,  3.80
  12706630,  7039, 3,20:03:44,20:04:36,    52, 45.30, 39.90,  5.40
         0,     0, 4,20:04:38,20:04:41,     3, 39.70, 43.30, -3.60
         0,     0, 3,20:04:45,20:04:49,     4, 39.90, 39.90,  0.00
  13008738,  7159, 2,20:04:40,20:07:03,   143, 44.20, 26.00, 18.20
         0,     0, 2,20:07:12,20:07:29,    17, 26.00, 44.10,-18.10
  11499117,  2007, 2,20:08:40,20:09:13,    33, 44.10, 34.00, 10.10
         0,     0, 2,20:09:21,20:09:30,     9, 34.00, 44.10,-10.10
  12706621,  7030, 3,20:11:28,20:12:25,    57, 46.10, 38.20,  7.90
         0,     0, 3,20:12:32,20:12:38,     6, 38.20, 38.10,  0.10
  11499184,  2074, 2,20:12:31,20:12:45,    14, 44.10, 40.80,  3.30
         0,     0, 2,20:12:52,20:12:54,     2, 40.80, 44.10, -3.30
  11499184,  2074, 1,20:13:30,20:13:45,    15, 41.30, 36.90,  4.40
  12706621,  7030, 4,20:13:02,20:13:46,    44, 43.30, 30.90, 12.40
         0,     0, 1,20:13:54,20:13:58,     4, 36.90, 41.30, -4.40
         0,     0, 4,20:13:54,20:14:05,    11, 30.90, 43.10,-12.20
  12706610,  7019, 2,20:14:04,20:14:18,    14, 44.10, 43.90,  0.20
  12706618,  7027, 3,20:13:53,20:14:44,    51, 46.20, 34.20, 12.00
         0,     0, 3,20:14:51,20:15:00,     9, 34.20, 34.10,  0.10
  12200083,  5137, 1,20:14:39,20:15:07,    28, 41.30, 37.10,  4.20
         0,     0, 1,20:15:15,20:15:18,     3, 37.10, 41.20, -4.10
  12706610,  7019, 2,20:14:28,20:15:32,    64, 43.90, 32.50, 11.40
  21268732,  6126, 4,20:15:21,20:15:40,    19, 43.40, 42.00,  1.40
         0,     0, 4,20:15:48,20:15:48,     0, 42.00, 43.00, -1.00
         0,     0, 2,20:15:41,20:15:51,    10, 32.50, 43.90,-11.40
  21268732,  6126, 4,20:16:10,20:16:34,    24, 42.90, 39.90,  3.00
         0,     0, 4,20:16:42,20:16:45,     3, 39.90, 43.20, -3.30
  12706624,  7033, 2,20:19:12,20:20:50,    98, 43.90, 33.10, 10.80
         0,     0, 2,20:20:59,20:21:09,    10, 33.10, 44.00,-10.90
  12448451,     0, 8,20:21:07,20:21:08,     1, 41.10, 41.10,  0.00
  12448451,     0, 7,20:21:12,20:21:56,    44, 41.10, 40.90,  0.20
  12448451,     0, 7,20:22:12,20:22:21,     9, 39.80, 38.90,  0.90
         0,     0, 7,20:22:28,20:22:30,     2, 38.90, 40.70, -1.80
  12448451,     0, 7,20:22:45,20:22:56,    11, 38.20, 36.40,  1.80
         0,     0, 7,20:23:05,20:23:10,     5, 36.40, 41.10, -4.70
  12706656,  7065, 3,20:22:17,20:23:10,    53, 46.20, 41.30,  4.90
         0,     0, 3,20:23:18,20:23:21,     3, 41.30, 41.20,  0.10
  12448391,  6004, 1,20:24:56,20:25:29,    33, 41.20, 35.80,  5.40
         0,     0, 1,20:25:37,20:25:42,     5, 35.80, 41.30, -5.50
  12448391,  6004, 2,20:25:44,20:26:40,    56, 44.00, 32.80, 11.20
         0,     0, 2,20:26:47,20:26:57,    10, 32.80, 44.10,-11.30
  12706642,  7051, 4,20:22:07,20:26:55,   288, 43.30, 17.10, 26.20
         0,     0, 4,20:27:03,20:27:28,    25, 17.10, 43.20,-26.10
  12448516,  6129, 2,20:32:14,20:33:21,    67, 44.10, 32.30, 11.80
  11499117,  2007, 4,20:32:14,20:33:19,    65, 43.30, 33.40,  9.90
         0,     0, 4,20:33:28,20:33:37,     9, 33.40, 43.30, -9.90
         0,     0, 2,20:33:28,20:33:39,    11, 32.30, 44.20,-11.90
  12706628,  7037, 1,20:30:55,20:33:52,   177, 41.40, 27.80, 13.60
         0,     0, 1,20:34:00,20:34:12,    12, 27.80, 41.30,-13.50
  12706628,  7037, 2,20:34:08,20:34:19,    11, 44.20, 43.10,  1.10
  12706613,  7022, 4,20:36:50,20:37:46,    56, 43.20, 38.30,  4.90
         0,     0, 4,20:37:53,20:37:57,     4, 38.30, 43.10, -4.80
  12706613,  7022, 3,20:37:52,20:38:15,    23, 46.20, 43.70,  2.50
         0,     0, 3,20:38:22,20:38:23,     1, 43.70, 46.10, -2.40
  12448472,     0, 8,20:37:19,20:38:25,    66, 41.00, 38.00,  3.00
         0,     0, 8,20:38:33,20:38:36,     3, 38.00, 41.40, -3.40
  12448472,     0, 8,20:38:46,20:38:57,    11, 40.60, 39.10,  1.50
         0,     0, 8,20:39:06,20:39:07,     1, 39.10, 41.20, -2.10
  12448437,  6050, 4,20:38:07,20:39:05,    58, 43.30, 38.30,  5.00
         0,     0, 4,20:39:13,20:39:17,     4, 38.30, 43.20, -4.90
  12448420,  6033, 3,20:38:37,20:39:21,    44, 46.10, 43.00,  3.10
         0,     0, 3,20:39:28,20:39:30,     2, 43.00, 46.30, -3.30
  12706630,  7039, 2,20:40:56,20:41:08,    12, 43.10, 42.60,  0.50
  12706630,  7039, 2,20:41:45,20:42:28,    43, 42.60, 36.90,  5.70
         0,     0, 2,20:42:36,20:42:42,     6, 36.90, 44.10, -7.20
  12706618,  7027, 3,20:44:56,20:45:49,    53, 46.30, 38.90,  7.40
         0,     0, 3,20:45:56,20:46:01,     5, 38.90, 38.90,  0.00
  12448521,  6134, 4,20:44:38,20:46:12,    94, 43.40, 27.00, 16.40
  12200086,  5140, 1,20:45:15,20:46:23,    68, 41.30, 34.80,  6.50
         0,     0, 4,20:46:19,20:46:34,    15, 27.00, 43.20,-16.20
         0,     0, 1,20:46:30,20:46:36,     6, 34.80, 41.30, -6.50
  12448517,  6130, 2,20:45:44,20:48:48,   184, 44.10, 28.50, 15.60
         0,     0, 2,20:48:56,20:49:11,    15, 28.50, 44.10,-15.60
  12706615,  7024, 4,20:50:15,20:52:16,   121, 43.30, 30.40, 12.90
         0,     0, 4,20:52:23,20:52:35,    12, 30.40, 43.20,-12.80
  12448518,  6131, 4,20:56:32,20:57:31,    59, 43.40, 36.70,  6.70
         0,     0, 4,20:57:38,20:57:44,     6, 36.70, 43.20, -6.50
  12448518,  6131, 3,20:57:40,20:58:03,    23, 46.20, 44.20,  2.00
  12448420,  6033, 4,20:58:07,20:58:23,    16, 43.40, 43.50, -0.10
  11953971,  4001, 1,21:04:09,21:04:29,    20, 41.30, 41.10,  0.20
  12448420,  6033, 3,21:03:19,21:04:45,    86, 44.20, 40.50,  3.70
         0,     0, 3,21:04:53,21:04:57,     4, 40.50, 40.50,  0.00
  11953971,  4001, 1,21:04:39,21:05:35,    56, 41.10, 26.90, 14.20
         0,     0, 1,21:05:43,21:05:56,    13, 26.90, 41.30,-14.40
  11724205,     0, 7,21:05:42,21:06:50,    68, 41.10, 41.00,  0.10
  12448415,  6028, 1,21:10:23,21:11:26,    63, 41.30, 34.90,  6.40
         0,     0, 1,21:11:33,21:11:38,     5, 34.90, 41.20, -6.30
  11724205,     0, 8,21:08:03,21:12:15,   252, 41.20, 35.60,  5.60
         0,     0, 8,21:12:22,21:12:27,     5, 35.60, 41.20, -5.60
  12706618,  7027, 4,21:20:11,21:20:47,    36, 43.30, 36.70,  6.60
         0,     0, 4,21:20:55,21:21:01,     6, 36.70, 43.20, -6.50
  12706642,  7051, 4,21:21:12,21:22:44,    92, 43.20, 35.60,  7.60
         0,     0, 4,21:22:51,21:22:58,     7, 35.60, 35.60,  0.00
  13008896,     0, 8,21:23:03,21:23:14,    11, 41.20, 41.10,  0.10
  13008896,     0, 8,21:23:29,21:23:48,    19, 41.10, 41.10,  0.00
  12448521,  6134, 3,21:22:57,21:24:08,    71, 46.20, 36.90,  9.30
         0,     0, 3,21:24:16,21:24:23,     7, 36.90, 36.80,  0.10
  13008896,     0, 8,21:24:27,21:24:28,     1, 40.20, 40.20,  0.00
  11724217,  3117, 2,21:33:26,21:34:39,    73, 44.00, 25.90, 18.10
         0,     0, 2,21:34:46,21:35:03,    17, 25.90, 44.10,-18.20
  13008896,     0, 8,21:34:31,21:35:10,    39, 38.70, 32.90,  5.80
         0,     0, 8,21:35:18,21:35:26,     8, 32.90, 41.20, -8.30
  12448415,  6028, 4,21:38:00,21:38:18,    18, 43.40, 43.30,  0.10
  12448415,  6028, 4,21:38:29,21:39:26,    57, 43.40, 37.40,  6.00
  21268732,  6126, 1,21:38:17,21:39:33,    76, 41.20, 38.90,  2.30
         0,     0, 4,21:39:33,21:39:38,     5, 37.40, 37.40,  0.00
         0,     0, 1,21:39:40,21:39:41,     1, 38.90, 41.30, -2.40
  21268732,  6126, 1,21:51:38,21:52:52,    74, 41.30, 36.00,  5.30
         0,     0, 1,21:53:00,21:53:04,     4, 36.00, 41.30, -5.30
  11954042,  4072, 4,21:53:39,21:53:53,    14, 43.40, 43.40,  0.00
  11954042,  4072, 2,21:56:11,21:56:25,    14, 44.10, 44.10,  0.00
  12448426,  6039, 4,22:00:07,22:00:08,     1, 43.60, 43.50,  0.10
  12448426,  6039, 4,22:01:19,22:01:37,    18, 43.60, 43.30,  0.30
  12448426,  6039, 4,22:02:37,22:03:46,    69, 43.30, 29.10, 14.20
         0,     0, 4,22:03:53,22:04:06,    13, 29.10, 43.30,-14.20
  13008896,     0, 8,22:02:31,22:04:09,    98, 41.10, 36.30,  4.80
         0,     0, 8,22:04:17,22:04:21,     4, 36.30, 41.30, -5.00
  12448426,  6039, 4,22:04:30,22:05:01,    31, 43.30, 33.80,  9.50
         0,     0, 4,22:05:08,22:05:17,     9, 33.80, 43.40, -9.60
  11499184,  2074, 3,22:06:26,22:07:11,    45, 46.20, 29.70, 16.50
         0,     0, 3,22:07:19,22:07:32,    13, 29.70, 29.60,  0.10
  11954042,  4072, 2,22:07:00,22:08:28,    88, 44.10, 37.30,  6.80
         0,     0, 2,22:08:35,22:08:40,     5, 37.30, 44.10, -6.80
  12448408,  6021, 4,22:10:48,22:11:53,    65, 43.80, 27.10, 16.70
         0,     0, 4,22:12:01,22:12:16,    15, 27.10, 43.40,-16.30
  12200091,  5145, 4,22:16:14,22:16:28,    14, 43.60, 42.60,  1.00
  12200091,  5145, 4,22:16:39,22:17:13,    34, 42.60, 31.90, 10.70
         0,     0, 4,22:17:22,22:17:33,    11, 31.90, 43.30,-11.40
  12200091,  5145, 4,22:18:39,22:18:55,    16, 43.40, 40.50,  2.90
         0,     0, 4,22:19:03,22:19:05,     2, 40.50, 43.30, -2.80
  11499184,  2074, 3,22:22:02,22:22:29,    27, 46.10, 36.50,  9.60
         0,     0, 3,22:22:37,22:22:44,     7, 36.50, 36.40,  0.10
  12706737,  7146, 4,22:24:09,22:25:39,    90, 43.70, 43.60,  0.10
  12706737,  7146, 3,22:25:50,22:28:13,   143, 46.20, 32.90, 13.30
         0,     0, 3,22:28:22,22:28:32,    10, 32.90, 32.80,  0.10
  12706620,  7029, 1,22:43:56,22:46:24,   148, 41.20, 27.80, 13.40
         0,     0, 1,22:46:32,22:46:44,    12, 27.80, 41.30,-13.50
  12448521,  6134, 4,22:46:26,22:46:57,    31, 43.50, 37.70,  5.80
         0,     0, 4,22:47:05,22:47:10,     5, 37.70, 43.30, -5.60
  12448417,  6030, 2,22:47:23,22:47:57,    34, 44.10, 36.00,  8.10
         0,     0, 2,22:48:05,22:48:12,     7, 36.00, 44.00, -8.00
  13008774,  8015, 4,22:47:20,22:49:07,   107, 43.40, 31.70, 11.70
         0,     0, 4,22:49:15,22:49:26,    11, 31.70, 43.20,-11.50
  12706609,  7018, 1,22:49:16,22:50:10,    54, 41.30, 31.30, 10.00
         0,     0, 1,22:50:18,22:50:27,     9, 31.30, 41.30,-10.00
  11499231,     0, 8,22:48:42,22:51:51,   189, 41.10, 27.40, 13.70
  12706620,  7029, 2,22:51:18,22:51:52,    34, 44.00, 40.30,  3.70
         0,     0, 2,22:52:01,22:52:03,     2, 40.30, 44.00, -3.70
         0,     0, 8,22:52:00,22:52:14,    14, 27.40, 41.20,-13.80
  12706624,  7033, 4,23:00:22,23:01:12,    50, 43.40, 41.20,  2.20
         0,     0, 4,23:01:21,23:01:22,     1, 41.20, 43.20, -2.00
  12706624,  7033, 4,23:01:32,23:01:37,     5, 43.20, 42.90,  0.30
  12706624,  7033, 4,23:01:48,23:01:52,     4, 42.90, 42.70,  0.20
  12706624,  7033, 4,23:02:03,23:03:03,    60, 42.70, 33.10,  9.60
         0,     0, 4,23:03:11,23:03:20,     9, 33.10, 43.20,-10.10
  12448434,  6047, 1,23:07:55,23:08:45,    50, 41.30, 37.50,  3.80
         0,     0, 1,23:08:54,23:08:57,     3, 37.50, 41.30, -3.80
  12200083,  5137, 2,23:09:05,23:09:45,    40, 44.00, 33.50, 10.50
         0,     0, 2,23:09:53,23:10:02,     9, 33.50, 44.00,-10.50
  12448434,  6047, 3,23:09:22,23:11:00,    98, 46.10, 30.40, 15.70
         0,     0, 3,23:11:07,23:11:19,    12, 30.40, 30.30,  0.10
  12200083,  5137, 4,23:11:32,23:12:02,    30, 43.40, 36.80,  6.60
         0,     0, 4,23:12:10,23:12:16,     6, 36.80, 43.20, -6.40
  12706634,  7043, 1,23:10:01,23:13:50,   229, 41.30, 22.00, 19.30
         0,     0, 1,23:13:58,23:14:16,    18, 22.00, 41.30,-19.30
  12706609,  7018, 2,23:18:40,23:19:16,    36, 44.00, 43.20,  0.80
  12706610,  7019, 4,23:23:20,23:24:14,    54, 43.20, 36.30,  6.90
         0,     0, 4,23:24:22,23:24:28,     6, 36.30, 43.20, -6.90
  13008748,  7169, 4,23:24:38,23:27:14,   156, 43.30, 39.00,  4.30
         0,     0, 4,23:27:22,23:27:26,     4, 39.00, 43.20, -4.20
  11499117,  2007, 2,23:26:24,23:27:49,    85, 43.20, 31.10, 12.10
         0,     0, 2,23:27:57,23:28:09,    12, 31.10, 44.00,-12.90
  12448408,  6021, 1,23:31:50,23:32:29,    39, 41.30, 28.70, 12.60
         0,     0, 1,23:32:37,23:32:48,    11, 28.70, 41.30,-12.60
  12706613,  7022, 4,23:31:53,23:33:18,    85, 43.20, 31.30, 11.90
         0,     0, 4,23:33:26,23:33:37,    11, 31.30, 43.20,-11.90
  12706613,  7022, 3,23:33:50,23:34:06,    16, 46.10, 44.50,  1.60
  12200081,  5135, 4,23:36:42,23:37:48,    66, 43.80, 31.70, 12.10
         0,     0, 4,23:37:56,23:38:07,    11, 31.70, 43.40,-11.70
  12200081,  5135, 3,23:37:57,23:38:05,     8, 44.50, 44.50,  0.00
  12199951,  5005, 2,23:40:32,23:42:25,   113, 44.00, 34.20,  9.80
         0,     0, 2,23:42:33,23:42:42,     9, 34.20, 44.00, -9.80
  12706609,  7018, 4,23:42:24,23:42:57,    33, 43.50, 38.10,  5.40
         0,     0, 4,23:43:04,23:43:08,     4, 38.10, 43.20, -5.10
  12706630,  7039, 4,23:43:52,23:43:55,     3, 43.30, 43.10,  0.20
  12706630,  7039, 4,23:44:08,23:44:25,    17, 43.20, 43.80, -0.60
         0,     0, 7,23:44:36,23:44:46,    10, 40.90, 40.90,  0.00
         0,     0, 1,23:44:38,23:44:48,    10, 41.30, 41.30,  0.00
         0,     0, 2,23:44:38,23:44:48,    10, 44.00, 44.00,  0.00
         0,     0, 3,23:44:38,23:44:48,    10, 44.60, 44.60,  0.00
         0,     0, 5,23:44:38,23:44:48,    10, 11.80, 11.80,  0.00
         0,     0, 8,23:44:38,23:44:48,    10, 41.00, 41.00,  0.00
