         0,     0, 3, 0:02:43, 0:02:53,    10, 46.10, 46.10,  0.00
         0,     0, 4, 0:02:43, 0:02:53,    10, 42.70, 42.70,  0.00
         0,     0, 5, 0:02:43, 0:02:53,    10, 41.20, 41.20,  0.00
         0,     0, 7, 0:02:43, 0:02:53,    10, 41.00, 41.00,  0.00
         0,     0, 8, 0:02:43, 0:02:53,    10, 41.00, 41.00,  0.00
         0,     0, 1, 0:02:43, 0:02:53,    10, 41.30, 41.30,  0.00
         0,     0, 2, 0:02:43, 0:02:53,    10, 44.10, 44.10,  0.00
  12706618,  7027, 3, 0:05:35, 0:06:55,    80, 46.10, 33.00, 13.10
         0,     0, 3, 0:07:02, 0:07:12,    10, 33.00, 32.90,  0.10
  21268732,  6126, 3, 0:19:48, 0:20:01,    13, 45.90, 45.60,  0.30
  12706656,  7065, 4, 0:20:06, 0:20:58,    52, 43.00, 31.10, 11.90
         0,     0, 4, 0:21:05, 0:21:16,    11, 31.10, 43.00,-11.90
  21268732,  6126, 2, 0:21:00, 0:21:51,    51, 44.10, 37.70,  6.40
         0,     0, 2, 0:21:59, 0:22:04,     5, 37.70, 44.10, -6.40
  21268732,  6126, 2, 0:22:15, 0:22:52,    37, 44.10, 39.30,  4.80
         0,     0, 2, 0:22:59, 0:23:02,     3, 39.30, 44.10, -4.80
  12448391,  6004, 3, 0:22:10, 0:23:40,    90, 45.80, 27.00, 18.80
         0,     0, 3, 0:23:47, 0:24:03,    16, 27.00, 26.90,  0.10
  12200085,  5139, 2, 0:23:29, 0:24:48,    79, 44.10, 27.90, 16.20
         0,     0, 2, 0:24:57, 0:25:12,    15, 27.90, 44.10,-16.20
  12200085,  5139, 1, 0:25:08, 0:25:43,    35, 41.30, 38.80,  2.50
         0,     0, 1, 0:25:51, 0:25:53,     2, 38.80, 41.30, -2.50
  21268732,  6126, 1, 0:27:52, 0:28:56,    64, 41.30, 36.00,  5.30
         0,     0, 1, 0:29:05, 0:29:09,     4, 36.00, 41.30, -5.30
  21268732,  6126, 1, 0:31:12, 0:31:28,    16, 41.30, 40.00,  1.30
         0,     0, 1, 0:31:36, 0:31:36,     0, 40.00, 40.20, -0.20
  12200091,  5145, 2, 0:37:56, 0:38:55,    59, 44.00, 27.60, 16.40
         0,     0, 2, 0:39:04, 0:39:20,    16, 27.60, 44.10,-16.50
  12706618,  7027, 3, 0:39:32, 0:40:05,    33, 46.20, 42.90,  3.30
         0,     0, 3, 0:40:13, 0:40:15,     2, 42.90, 46.40, -3.50
  12200083,  5137, 4, 0:43:08, 0:43:59,    51, 43.60, 30.80, 12.80
         0,     0, 4, 0:44:07, 0:44:18,    11, 30.80, 42.90,-12.10
  12706700,     0, 7, 0:44:14, 0:45:39,    85, 41.00, 33.60,  7.40
         0,     0, 7, 0:45:48, 0:45:58,    10, 33.60, 41.10, -7.50
  12706618,  7027, 3, 0:47:09, 0:47:31,    22, 46.40, 43.30,  3.10
         0,     0, 3, 0:47:39, 0:47:40,     1, 43.30, 46.40, -3.10
  12448516,  6129, 1, 0:52:07, 0:54:43,   156, 40.20, 14.40, 25.80
         0,     0, 1, 0:54:51, 0:55:17,    26, 14.40, 41.30,-26.90
  11499184,  2074, 2, 0:57:25, 0:57:52,    27, 44.10, 34.90,  9.20
         0,     0, 2, 0:58:01, 0:58:09,     8, 34.90, 44.10, -9.20
  12706618,  7027, 3, 0:59:45, 1:00:14,    29, 46.40, 41.10,  5.30
         0,     0, 3, 1:00:22, 1:00:25,     3, 41.10, 41.10,  0.00
  11499117,  2007, 4, 1:01:16, 1:02:49,    93, 43.40, 27.70, 15.70
         0,     0, 4, 1:02:57, 1:03:11,    14, 27.70, 43.00,-15.30
  12706613,  7022, 2, 1:05:23, 1:06:08,    45, 44.10, 38.80,  5.30
         0,     0, 2, 1:06:16, 1:06:20,     4, 38.80, 44.10, -5.30
  21268732,  6126, 1, 1:09:09, 1:10:45,    96, 41.30, 38.70,  2.60
         0,     0, 1, 1:10:53, 1:10:55,     2, 38.70, 41.40, -2.70
  11499184,  2074, 1, 1:17:00, 1:18:00,    60, 41.40, 28.60, 12.80
         0,     0, 1, 1:18:08, 1:18:20,    12, 28.60, 41.30,-12.70
  12706613,  7022, 4, 1:22:20, 1:22:38,    18, 43.10, 40.60,  2.50
         0,     0, 4, 1:22:47, 1:22:49,     2, 40.60, 43.10, -2.50
  12448434,  6047, 1, 1:25:23, 1:27:12,   109, 41.30, 31.20, 10.10
         0,     0, 1, 1:27:20, 1:27:29,     9, 31.20, 41.30,-10.10
  12706642,  7051, 2, 1:31:16, 1:32:38,    82, 44.10, 36.80,  7.30
         0,     0, 2, 1:32:47, 1:32:53,     6, 36.80, 44.10, -7.30
  11499117,  2007, 1, 1:33:13, 1:34:00,    47, 41.30, 35.70,  5.60
         0,     0, 1, 1:34:08, 1:34:13,     5, 35.70, 41.30, -5.60
  12448417,  6030, 1, 1:35:56, 1:37:21,    85, 41.30, 28.80, 12.50
         0,     0, 1, 1:37:28, 1:37:40,    12, 28.80, 41.30,-12.50
  12706613,  7022, 4, 1:39:01, 1:39:21,    20, 43.00, 40.40,  2.60
         0,     0, 4, 1:39:29, 1:39:31,     2, 40.40, 43.10, -2.70
  11954042,  4072, 3, 1:39:56, 1:40:04,     8, 46.30, 46.70, -0.40
  11954042,  4072, 3, 1:40:15, 1:40:51,    36, 46.50, 45.60,  0.90
  11954042,  4072, 3, 1:41:02, 1:41:48,    46, 45.40, 35.40, 10.00
         0,     0, 3, 1:41:56, 1:42:04,     8, 35.40, 35.60, -0.20
  12448434,  6047, 2, 1:44:15, 1:44:29,    14, 44.10, 42.80,  1.30
  12448434,  6047, 1, 1:45:02, 1:45:15,    13, 41.30, 39.90,  1.40
         0,     0, 1, 1:45:23, 1:45:23,     0, 39.90, 41.00, -1.10
  12706614,  7023, 4, 1:46:08, 1:46:47,    39, 43.10, 34.80,  8.30
         0,     0, 4, 1:46:55, 1:47:02,     7, 34.80, 43.10, -8.30
  12706614,  7023, 3, 1:48:05, 1:48:20,    15, 46.20, 41.80,  4.40
         0,     0, 3, 1:48:27, 1:48:30,     3, 41.80, 46.30, -4.50
  12448518,  6131, 3, 1:52:41, 1:53:39,    58, 46.20, 36.10, 10.10
         0,     0, 3, 1:53:47, 1:53:55,     8, 36.10, 46.30,-10.20
  12706601,  7010, 4, 1:55:53, 1:57:01,    68, 43.20, 36.90,  6.30
         0,     0, 4, 1:57:08, 1:57:13,     5, 36.90, 37.00, -0.10
  12448415,  6028, 1, 1:56:11, 1:57:56,   105, 41.00, 29.90, 11.10
         0,     0, 1, 1:58:04, 1:58:15,    11, 29.90, 41.30,-11.40
  12448420,  6033, 4, 1:57:53, 1:59:03,    70, 43.00, 38.40,  4.60
         0,     0, 4, 1:59:11, 1:59:15,     4, 38.40, 42.90, -4.50
  12200086,  5140, 3, 2:02:54, 2:03:41,    47, 46.20, 39.30,  6.90
         0,     0, 3, 2:03:48, 2:03:53,     5, 39.30, 39.30,  0.00
  12448518,  6131, 1, 2:12:22, 2:12:54,    32, 41.30, 38.00,  3.30
         0,     0, 1, 2:13:03, 2:13:05,     2, 38.00, 41.30, -3.30
  12448420,  6033, 4, 2:16:58, 2:17:52,    54, 42.90, 35.30,  7.60
         0,     0, 4, 2:18:00, 2:18:07,     7, 35.30, 43.00, -7.70
  12448521,  6134, 1, 2:24:21, 2:26:08,   107, 41.30, 23.00, 18.30
         0,     0, 1, 2:26:16, 2:26:33,    17, 23.00, 41.30,-18.30
  12448398,  6011, 4, 2:27:28, 2:27:44,    16, 43.00, 43.30, -0.30
  12706634,  7043, 2, 2:28:17, 2:29:45,    88, 42.80, 27.10, 15.70
         0,     0, 2, 2:29:53, 2:30:09,    16, 27.10, 44.10,-17.00
  12448420,  6033, 4, 2:32:33, 2:32:58,    25, 43.30, 41.50,  1.80
         0,     0, 4, 2:33:05, 2:33:06,     1, 41.50, 42.90, -1.40
  12706615,  7024, 4, 2:41:45, 2:43:06,    81, 42.90, 32.00, 10.90
         0,     0, 4, 2:43:14, 2:43:24,    10, 32.00, 43.10,-11.10
  12448517,  6130, 1, 2:46:45, 2:48:00,    75, 41.30, 26.30, 15.00
         0,     0, 1, 2:48:07, 2:48:21,    14, 26.30, 41.30,-15.00
  12706630,  7039, 1, 2:58:46, 2:59:58,    72, 41.30, 33.50,  7.80
         0,     0, 1, 3:00:06, 3:00:13,     7, 33.50, 41.30, -7.80
  12448437,  6050, 1, 3:01:18, 3:01:40,    22, 41.30, 39.00,  2.30
         0,     0, 1, 3:01:47, 3:01:48,     1, 39.00, 41.30, -2.30
  12448437,  6050, 2, 3:01:53, 3:02:25,    32, 44.10, 39.20,  4.90
         0,     0, 2, 3:02:32, 3:02:35,     3, 39.20, 44.10, -4.90
  12448420,  6033, 2, 3:02:55, 3:03:55,    60, 44.10, 40.40,  3.70
         0,     0, 2, 3:04:03, 3:04:05,     2, 40.40, 44.10, -3.70
  11954008,  4038, 3, 3:11:56, 3:12:49,    53, 46.30, 32.70, 13.60
         0,     0, 3, 3:12:58, 3:13:09,    11, 32.70, 32.60,  0.10
  13008738,  7159, 2, 3:19:56, 3:20:12,    16, 44.10, 44.00,  0.10
  12448437,  6050, 3, 3:22:32, 3:23:39,    67, 46.20, 40.10,  6.10
         0,     0, 3, 3:23:47, 3:23:51,     4, 40.10, 40.10,  0.00
  12706656,  7065, 2, 3:25:15, 3:26:37,    82, 44.10, 34.80,  9.30
         0,     0, 2, 3:26:44, 3:26:52,     8, 34.80, 44.10, -9.30
  13008738,  7159, 2, 3:40:37, 3:41:48,    71, 44.10, 42.90,  1.20
  13008738,  7159, 1, 3:53:32, 3:55:44,   132, 41.20, 30.40, 10.80
         0,     0, 1, 3:55:52, 3:56:02,    10, 30.40, 41.30,-10.90
  21268732,  6126, 3, 3:59:29, 4:01:14,   105, 46.40, 41.60,  4.80
         0,     0, 3, 4:01:21, 4:01:24,     3, 41.60, 41.50,  0.10
  21268732,  6126, 3, 4:02:23, 4:03:12,    49, 46.60, 43.60,  3.00
  12706620,  7029, 4, 4:02:13, 4:03:38,    85, 43.20, 33.60,  9.60
         0,     0, 4, 4:03:46, 4:03:55,     9, 33.60, 33.80, -0.20
  21268732,  6126, 3, 4:04:46, 4:05:09,    23, 43.50, 42.70,  0.80
         0,     0, 3, 4:05:16, 4:05:18,     2, 42.70, 46.30, -3.60
  12706624,  7033, 4, 4:11:40, 4:13:47,   127, 43.10, 36.00,  7.10
         0,     0, 4, 4:13:55, 4:14:01,     6, 36.00, 36.10, -0.10
  12706620,  7029, 1, 4:16:40, 4:18:26,   106, 41.30, 41.10,  0.20
  12706618,  7027, 3, 4:18:25, 4:19:37,    72, 46.10, 34.30, 11.80
         0,     0, 3, 4:19:44, 4:19:54,    10, 34.30, 46.40,-12.10
  12706620,  7029, 1, 4:18:45, 4:21:15,   150, 41.10, 36.60,  4.50
         0,     0, 1, 4:21:23, 4:21:27,     4, 36.60, 41.20, -4.60
  12706618,  7027, 3, 4:34:42, 4:34:55,    13, 46.20, 45.70,  0.50
  11724217,  3117, 1, 4:53:38, 4:55:07,    89, 41.20, 21.50, 19.70
         0,     0, 1, 4:55:16, 4:55:35,    19, 21.50, 41.30,-19.80
  11724217,  3117, 1, 4:55:45, 4:56:17,    32, 41.30, 34.00,  7.30
         0,     0, 1, 4:56:26, 4:56:32,     6, 34.00, 41.20, -7.20
  11954008,  4038, 4, 6:05:01, 6:05:03,     2, 43.00, 43.20, -0.20
  12448437,  6050, 1, 6:05:33, 6:05:34,     1, 41.20, 41.20,  0.00
  12448437,  6050, 2, 6:07:11, 6:07:47,    36, 42.90, 38.40,  4.50
         0,     0, 2, 6:07:54, 6:07:58,     4, 38.40, 44.20, -5.80
  12448437,  6050, 2, 6:08:08, 6:08:34,    26, 44.20, 35.90,  8.30
         0,     0, 2, 6:08:42, 6:08:49,     7, 35.90, 44.10, -8.20
  12448437,  6050, 2, 6:09:05, 6:09:52,    47, 44.10, 36.60,  7.50
  12448415,  6028, 1, 6:07:23, 6:09:53,   150, 41.20, 21.20, 20.00
         0,     0, 2, 6:09:59, 6:10:05,     6, 36.60, 44.10, -7.50
         0,     0, 1, 6:10:01, 6:10:20,    19, 21.20, 41.30,-20.10
  12199951,  5005, 3, 6:07:56, 6:10:32,   156, 45.70, 31.00, 14.70
  11954008,  4038, 4, 6:09:24, 6:10:41,    77, 43.20, 23.50, 19.70
         0,     0, 3, 6:10:41, 6:10:53,    12, 31.00, 31.00,  0.00
         0,     0, 4, 6:10:48, 6:11:06,    18, 23.50, 43.60,-20.10
  12706656,  7065, 2, 6:10:15, 6:11:07,    52, 44.10, 31.00, 13.10
         0,     0, 2, 6:11:16, 6:11:28,    12, 31.00, 44.10,-13.10
  12200091,  5145, 4, 6:12:47, 6:13:53,    66, 43.20, 34.50,  8.70
         0,     0, 4, 6:14:00, 6:14:08,     8, 34.50, 43.00, -8.50
  12448392,  6005, 3, 6:12:12, 6:14:11,   119, 46.30, 22.80, 23.50
         0,     0, 3, 6:14:19, 6:14:39,    20, 22.80, 28.30, -5.50
  11954042,  4072, 3, 6:14:50, 6:15:43,    53, 46.50, 43.70,  2.80
         0,     0, 3, 6:15:52, 6:15:53,     1, 43.70, 46.10, -2.40
  11954042,  4072, 4, 6:16:00, 6:16:55,    55, 43.10, 27.60, 15.50
         0,     0, 4, 6:17:03, 6:17:17,    14, 27.60, 43.10,-15.50
  11499117,  2007, 2, 6:16:05, 6:17:14,    69, 44.10, 34.20,  9.90
         0,     0, 2, 6:17:22, 6:17:30,     8, 34.20, 44.10, -9.90
  12706615,  7024, 1, 6:15:38, 6:17:50,   132, 41.30, 21.50, 19.80
         0,     0, 1, 6:17:58, 6:18:17,    19, 21.50, 41.30,-19.80
  12200086,  5140, 3, 6:16:34, 6:18:22,   108, 46.60, 39.20,  7.40
         0,     0, 3, 6:18:30, 6:18:35,     5, 39.20, 39.20,  0.00
  12448426,  6039, 3, 6:19:05, 6:20:27,    82, 46.50, 33.00, 13.50
         0,     0, 3, 6:20:34, 6:20:45,    11, 33.00, 33.00,  0.00
  12706609,  7018, 2, 6:20:42, 6:21:26,    44, 44.10, 33.70, 10.40
         0,     0, 2, 6:21:34, 6:21:43,     9, 33.70, 44.10,-10.40
  12200086,  5140, 3, 6:22:26, 6:23:21,    55, 46.30, 36.60,  9.70
         0,     0, 3, 6:23:28, 6:23:36,     8, 36.60, 36.30,  0.30
  12448417,  6030, 2, 6:22:19, 6:23:54,    95, 44.10, 28.60, 15.50
         0,     0, 2, 6:24:01, 6:24:15,    14, 28.60, 44.10,-15.50
  12448516,  6129, 3, 6:27:58, 6:28:58,    60, 46.40, 28.40, 18.00
         0,     0, 3, 6:29:06, 6:29:21,    15, 28.40, 28.40,  0.00
  12200085,  5139, 2, 6:30:22, 6:30:32,    10, 44.10, 44.00,  0.10
  12448434,  6047, 2, 6:30:43, 6:30:47,     4, 44.00, 44.00,  0.00
  12706601,  7010, 2, 6:31:45, 6:33:42,   117, 44.00, 29.00, 15.00
         0,     0, 2, 6:33:49, 6:34:03,    14, 29.00, 44.10,-15.10
  13008774,  8015, 3, 6:33:57, 6:34:05,     8, 46.90, 46.50,  0.40
  12448398,  6011, 1, 6:34:11, 6:34:20,     9, 41.30, 41.30,  0.00
  13008774,  8015, 1, 6:34:30, 6:35:36,    66, 41.30, 32.40,  8.90
         0,     0, 1, 6:35:44, 6:35:52,     8, 32.40, 41.20, -8.80
  12706613,  7022, 2, 6:35:59, 6:36:03,     4, 44.10, 44.10,  0.00
  12448408,  6021, 4, 6:34:45, 6:36:19,    94, 43.80, 22.10, 21.70
  12706613,  7022, 1, 6:36:10, 6:36:19,     9, 41.20, 41.20,  0.00
         0,     0, 4, 6:36:27, 6:36:47,    20, 22.10, 43.20,-21.10
  12448420,  6033, 4, 6:36:57, 6:37:34,    37, 43.40, 40.70,  2.70
  12706613,  7022, 2, 6:36:39, 6:37:36,    57, 44.10, 38.10,  6.00
         0,     0, 4, 6:37:43, 6:37:45,     2, 40.70, 42.90, -2.20
         0,     0, 2, 6:37:43, 6:37:48,     5, 38.10, 44.20, -6.10
  12706628,  7037, 3, 6:37:43, 6:38:40,    57, 46.60, 44.80,  1.80
  12448420,  6033, 4, 6:37:55, 6:38:44,    49, 43.00, 36.60,  6.40
  12706613,  7022, 2, 6:38:38, 6:38:53,    15, 44.20, 42.40,  1.80
         0,     0, 4, 6:38:52, 6:38:58,     6, 36.60, 43.00, -6.40
  12706620,  7029, 1, 6:38:50, 6:39:16,    26, 41.20, 41.20,  0.00
  12706620,  7029, 2, 6:39:55, 6:40:55,    60, 42.40, 35.00,  7.40
  12448391,  6004, 3, 6:39:22, 6:40:57,    95, 44.90, 28.70, 16.20
         0,     0, 2, 6:41:02, 6:41:10,     8, 35.00, 44.00, -9.00
         0,     0, 3, 6:41:05, 6:41:20,    15, 28.70, 28.50,  0.20
  12448518,  6131, 4, 6:40:49, 6:41:33,    44, 43.00, 33.80,  9.20
         0,     0, 4, 6:41:40, 6:41:48,     8, 33.80, 42.70, -8.90
  12448434,  6047, 2, 6:41:21, 6:41:46,    25, 44.00, 41.60,  2.40
         0,     0, 2, 6:41:54, 6:41:55,     1, 41.60, 44.10, -2.50
  12200083,  5137, 1, 6:40:57, 6:42:11,    74, 41.20, 26.10, 15.10
         0,     0, 1, 6:42:19, 6:42:34,    15, 26.10, 41.30,-15.20
  12706642,  7051, 4, 6:42:21, 6:43:14,    53, 42.80, 35.40,  7.40
         0,     0, 4, 6:43:22, 6:43:29,     7, 35.40, 43.00, -7.60
  12200081,  5135, 2, 6:42:31, 6:43:42,    71, 44.10, 28.50, 15.60
         0,     0, 2, 6:43:50, 6:44:05,    15, 28.50, 44.20,-15.70
  12706620,  7029, 1, 6:44:10, 6:44:42,    32, 41.30, 37.80,  3.50
         0,     0, 1, 6:44:49, 6:44:52,     3, 37.80, 41.30, -3.50
  12448426,  6039, 3, 6:43:59, 6:44:57,    58, 46.70, 40.10,  6.60
         0,     0, 3, 6:45:04, 6:45:09,     5, 40.10, 46.30, -6.20
  12706669,     0, 7, 6:44:28, 6:45:31,    63, 40.90, 35.60,  5.30
         0,     0, 7, 6:45:39, 6:45:46,     7, 35.60, 41.10, -5.50
  12200085,  5139, 2, 6:44:18, 6:45:55,    97, 44.20, 27.00, 17.20
         0,     0, 2, 6:46:04, 6:46:20,    16, 27.00, 44.10,-17.10
  12706628,  7037, 4, 6:45:02, 6:46:58,   116, 43.00, 27.50, 15.50
         0,     0, 4, 6:47:06, 6:47:20,    14, 27.50, 43.00,-15.50
  11499117,  2007, 1, 6:48:59, 6:49:43,    44, 41.30, 36.20,  5.10
         0,     0, 1, 6:49:50, 6:49:54,     4, 36.20, 41.30, -5.10
  12200079,  5133, 1, 6:50:51, 6:53:51,   180, 41.30, 20.20, 21.10
         0,     0, 1, 6:53:59, 6:54:19,    20, 20.20, 41.20,-21.00
  12706737,  7146, 3, 6:54:23, 6:54:47,    24, 46.70, 46.60,  0.10
  12706737,  7146, 3, 6:55:03, 6:58:02,   179, 46.70, 33.30, 13.40
         0,     0, 3, 6:58:09, 6:58:20,    11, 33.30, 33.30,  0.00
  12706642,  7051, 2, 7:00:17, 7:00:24,     7, 44.10, 43.20,  0.90
  12706642,  7051, 1, 7:00:30, 7:01:00,    30, 41.20, 34.80,  6.40
         0,     0, 1, 7:01:07, 7:01:13,     6, 34.80, 41.20, -6.40
  12706610,  7019, 1, 7:04:27, 7:05:52,    85, 41.20, 22.90, 18.30
         0,     0, 1, 7:05:59, 7:06:16,    17, 22.90, 41.30,-18.40
  12706613,  7022, 2, 7:06:25, 7:07:11,    46, 43.20, 36.20,  7.00
         0,     0, 2, 7:07:18, 7:07:26,     8, 36.20, 44.00, -7.80
  12448518,  6131, 1, 7:06:38, 7:07:32,    54, 41.30, 29.40, 11.90
         0,     0, 1, 7:07:40, 7:07:53,    13, 29.40, 41.30,-11.90
  12448521,  6134, 1, 7:08:03, 7:10:32,   149, 41.30, 40.50,  0.80
  12448521,  6134, 1, 7:11:06, 7:11:23,    17, 40.50, 38.10,  2.40
         0,     0, 1, 7:11:30, 7:11:32,     2, 38.10, 41.30, -3.20
  12448521,  6134, 1, 7:11:44, 7:12:36,    52, 41.20, 28.30, 12.90
         0,     0, 1, 7:12:44, 7:12:56,    12, 28.30, 41.30,-13.00
  12706620,  7029, 3, 7:13:12, 7:13:24,    12, 46.30, 46.70, -0.40
  12200083,  5137, 2, 7:13:08, 7:13:50,    42, 44.10, 36.60,  7.50
         0,     0, 2, 7:13:58, 7:14:04,     6, 36.60, 44.10, -7.50
  12448408,  6021, 2, 7:15:36, 7:15:52,    16, 44.10, 41.20,  2.90
         0,     0, 2, 7:15:59, 7:16:00,     1, 41.20, 44.10, -2.90
  12448451,     0, 7, 7:15:59, 7:16:30,    31, 41.10, 41.00,  0.10
  12448408,  6021, 2, 7:16:11, 7:16:55,    44, 44.10, 28.10, 16.00
  12706620,  7029, 4, 7:15:59, 7:17:13,    74, 43.50, 42.30,  1.20
         0,     0, 2, 7:17:02, 7:17:17,    15, 28.10, 44.10,-16.00
  12448451,     0, 7, 7:16:56, 7:18:02,    66, 41.10, 40.20,  0.90
  12448451,     0, 7, 7:18:38, 7:21:04,   146, 40.20, 34.50,  5.70
         0,     0, 7, 7:21:11, 7:21:19,     8, 34.50, 41.10, -6.60
  12448451,     0, 8, 7:21:21, 7:21:31,    10, 40.10, 38.00,  2.10
         0,     0, 8, 7:21:40, 7:21:43,     3, 38.00, 41.30, -3.30
  12706620,  7029, 3, 7:21:11, 7:21:44,    33, 46.70, 43.80,  2.90
         0,     0, 3, 7:21:51, 7:21:52,     1, 43.80, 46.30, -2.50
  12706642,  7051, 2, 7:21:04, 7:22:05,    61, 44.10, 36.90,  7.20
         0,     0, 2, 7:22:12, 7:22:18,     6, 36.90, 44.10, -7.20
  11724217,  3117, 3, 7:25:50, 7:26:03,    13, 46.40, 46.50, -0.10
  12706628,  7037, 3, 7:26:22, 7:28:48,   146, 46.50, 33.90, 12.60
         0,     0, 3, 7:28:55, 7:29:05,    10, 33.90, 33.70,  0.20
  13008774,  8015, 3, 7:30:04, 7:30:46,    42, 46.20, 43.40,  2.80
         0,     0, 3, 7:30:54, 7:30:56,     2, 43.40, 46.30, -2.90
  11724217,  3117, 3, 7:34:17, 7:35:12,    55, 46.30, 36.00, 10.30
         0,     0, 3, 7:35:19, 7:35:27,     8, 36.00, 35.90,  0.10
  13008774,  8015, 1, 7:35:14, 7:36:08,    54, 41.30, 37.30,  4.00
         0,     0, 1, 7:36:16, 7:36:19,     3, 37.30, 41.40, -4.10
  12448398,  6011, 1, 7:37:53, 7:37:58,     5, 41.40, 41.40,  0.00
  12448398,  6011, 2, 7:38:36, 7:40:20,   104, 44.10, 30.60, 13.50
         0,     0, 2, 7:40:29, 7:40:41,    12, 30.60, 44.20,-13.60
  12706609,  7018, 2, 7:42:38, 7:43:25,    47, 44.20, 35.30,  8.90
         0,     0, 2, 7:43:33, 7:43:41,     8, 35.30, 44.00, -8.70
  12706624,  7033, 3, 7:49:40, 7:50:15,    35, 46.30, 46.70, -0.40
  12448521,  6134, 3, 7:50:58, 7:52:32,    94, 46.60, 37.30,  9.30
         0,     0, 3, 7:52:40, 7:52:47,     7, 37.30, 46.30, -9.00
  12448434,  6047, 1, 7:55:37, 7:56:57,    80, 41.40, 27.10, 14.30
         0,     0, 1, 7:57:05, 7:57:18,    13, 27.10, 41.20,-14.10
  13008774,  8015, 2, 7:59:25, 7:59:27,     2, 44.10, 44.10,  0.00
  12706624,  7033, 3, 8:03:34, 8:03:53,    19, 46.40, 46.60, -0.20
  11724217,  3117, 1, 8:03:27, 8:04:18,    51, 41.30, 29.10, 12.20
         0,     0, 1, 8:04:26, 8:04:37,    11, 29.10, 41.40,-12.30
  12706624,  7033, 3, 8:04:11, 8:06:19,   128, 46.70, 30.50, 16.20
         0,     0, 3, 8:06:26, 8:06:39,    13, 30.50, 30.50,  0.00
  12706628,  7037, 3, 8:07:14, 8:07:25,    11, 46.40, 46.60, -0.20
  12706628,  7037, 3, 8:07:45, 8:07:48,     3, 46.60, 46.60,  0.00
  12706628,  7037, 4, 8:07:58, 8:08:41,    43, 42.50, 39.70,  2.80
         0,     0, 4, 8:08:49, 8:08:52,     3, 39.70, 43.00, -3.30
  12706614,  7023, 2, 8:12:13, 8:12:26,    13, 44.00, 44.00,  0.00
  12706618,  7027, 2, 8:15:56, 8:17:30,    94, 44.00, 28.40, 15.60
  12706614,  7023, 1, 8:15:38, 8:17:37,   119, 41.40, 22.40, 19.00
         0,     0, 2, 8:17:38, 8:17:53,    15, 28.40, 44.10,-15.70
         0,     0, 1, 8:17:45, 8:18:03,    18, 22.40, 41.30,-18.90
  11499184,  2074, 2, 8:18:08, 8:18:38,    30, 44.10, 35.00,  9.10
         0,     0, 2, 8:18:46, 8:18:54,     8, 35.00, 44.10, -9.10
  11499184,  2074, 1, 8:18:45, 8:19:20,    35, 41.30, 28.70, 12.60
         0,     0, 1, 8:19:28, 8:19:40,    12, 28.70, 41.30,-12.60
  12706621,  7030, 1, 8:20:10, 8:21:58,   108, 41.30, 22.20, 19.10
         0,     0, 1, 8:22:06, 8:22:25,    19, 22.20, 41.30,-19.10
  12706669,     0, 7, 8:27:43, 8:28:40,    57, 41.10, 36.60,  4.50
         0,     0, 7, 8:28:48, 8:28:53,     5, 36.60, 41.10, -4.50
  12448392,  6005, 2, 8:27:31, 8:29:13,   102, 44.10, 27.20, 16.90
         0,     0, 2, 8:29:21, 8:29:37,    16, 27.20, 44.30,-17.10
  12706630,  7039, 3, 8:31:20, 8:32:01,    41, 46.80, 44.50,  2.30
  12706630,  7039, 4, 8:32:12, 8:32:57,    45, 43.30, 36.00,  7.30
  12706634,  7043, 1, 8:30:37, 8:32:58,   141, 41.30, 19.40, 21.90
         0,     0, 4, 8:33:05, 8:33:11,     6, 36.00, 36.10, -0.10
         0,     0, 1, 8:33:06, 8:33:27,    21, 19.40, 41.30,-21.90
  12706656,  7065, 1, 8:35:02, 8:35:06,     4, 41.30, 41.30,  0.00
  12706700,     0, 7, 8:35:29, 8:36:13,    44, 41.10, 34.50,  6.60
  12706656,  7065, 2, 8:35:56, 8:36:25,    29, 44.30, 42.80,  1.50
         0,     0, 7, 8:36:21, 8:36:29,     8, 34.50, 41.10, -6.60
  12200081,  5135, 2, 8:36:50, 8:37:06,    16, 42.80, 42.60,  0.20
  12448517,  6130, 1, 8:38:08, 8:38:49,    41, 41.30, 41.30,  0.00
  12448426,  6039, 3, 8:43:45, 8:44:42,    57, 44.70, 27.90, 16.80
  13008890,     0, 8, 8:44:22, 8:44:49,    27, 41.10, 39.40,  1.70
         0,     0, 8, 8:44:58, 8:44:59,     1, 39.40, 41.20, -1.80
         0,     0, 3, 8:44:49, 8:45:04,    15, 27.90, 46.40,-18.50
  11954008,  4038, 2, 8:42:35, 8:45:26,   171, 42.70, 22.20, 20.50
         0,     0, 2, 8:45:34, 8:45:56,    22, 22.20, 44.20,-22.00
  12706613,  7022, 1, 8:46:23, 8:48:02,    99, 41.30, 34.40,  6.90
         0,     0, 1, 8:48:10, 8:48:17,     7, 34.40, 41.30, -6.90
  12706630,  7039, 1, 8:49:16, 8:49:20,     4, 41.30, 41.30,  0.00
  12706624,  7033, 3, 8:49:51, 8:50:40,    49, 46.30, 44.10,  2.20
  12706630,  7039, 2, 8:49:23, 8:51:00,    97, 44.20, 30.10, 14.10
         0,     0, 2, 8:51:08, 8:51:22,    14, 30.10, 44.10,-14.00
  12706624,  7033, 3, 8:51:11, 8:52:08,    57, 44.30, 39.40,  4.90
         0,     0, 3, 8:52:16, 8:52:21,     5, 39.40, 39.60, -0.20
  12200091,  5145, 1, 8:51:25, 8:52:18,    53, 41.30, 40.10,  1.20
  13008896,     0, 8, 8:55:36, 8:55:37,     1, 34.50, 34.50,  0.00
         0,     0, 8, 8:55:45, 8:55:51,     6, 34.50, 40.90, -6.40
  12706656,  7065, 3, 8:54:34, 8:56:03,    89, 46.50, 37.90,  8.60
  13008896,     0, 8, 8:56:12, 8:56:14,     2, 38.00, 38.00,  0.00
         0,     0, 3, 8:56:11, 8:56:17,     6, 37.90, 37.90,  0.00
         0,     0, 8, 8:56:21, 8:56:23,     2, 38.00, 41.10, -3.10
  12200091,  5145, 1, 8:55:18, 8:56:26,    68, 40.10, 17.80, 22.30
  12200081,  5135, 4, 8:56:31, 8:56:45,    14, 43.10, 41.50,  1.60
         0,     0, 4, 8:56:53, 8:56:54,     1, 41.50, 42.90, -1.40
         0,     0, 1, 8:56:35, 8:56:58,    23, 17.80, 41.30,-23.50
  12448517,  6130, 2, 8:56:03, 8:57:42,    99, 44.10, 37.70,  6.40
         0,     0, 2, 8:57:49, 8:57:54,     5, 37.70, 44.20, -6.50
  12448517,  6130, 2, 8:58:40, 8:59:17,    37, 44.20, 37.30,  6.90
         0,     0, 2, 8:59:24, 8:59:30,     6, 37.30, 44.20, -6.90
  12448517,  6130, 1, 8:59:21, 9:00:32,    71, 41.40, 38.50,  2.90
         0,     0, 1, 9:00:41, 9:00:43,     2, 38.50, 41.30, -2.80
  12706618,  7027, 1, 9:00:53, 9:01:05,    12, 41.30, 41.20,  0.10
  12706601,  7010, 2, 9:01:08, 9:02:40,    92, 44.20, 32.00, 12.20
         0,     0, 2, 9:02:48, 9:02:59,    11, 32.00, 44.20,-12.20
  12706621,  7030, 3, 9:01:03, 9:03:24,   141, 46.70, 33.00, 13.70
         0,     0, 3, 9:03:33, 9:03:44,    11, 33.00, 32.80,  0.20
  12200085,  5139, 1, 9:02:56, 9:04:35,    99, 41.20, 26.90, 14.30
         0,     0, 1, 9:04:44, 9:04:59,    15, 26.90, 41.30,-14.40
  12706614,  7023, 1, 9:05:09, 9:06:15,    66, 41.30, 25.80, 15.50
         0,     0, 1, 9:06:24, 9:06:40,    16, 25.80, 41.20,-15.40
  12200086,  5140, 2, 9:08:07, 9:09:22,    75, 44.20, 40.80,  3.40
  21268732,  6126, 1, 9:07:23, 9:09:29,   126, 41.20, 35.80,  5.40
         0,     0, 2, 9:09:30, 9:09:32,     2, 40.80, 44.10, -3.30
         0,     0, 1, 9:09:37, 9:09:42,     5, 35.80, 41.30, -5.50
  13008738,  7159, 2, 9:10:09, 9:10:18,     9, 44.20, 44.20,  0.00
  12448521,  6134, 1, 9:09:52, 9:10:36,    44, 41.30, 39.90,  1.40
         0,     0, 1, 9:10:44, 9:10:44,     0, 39.90, 41.00, -1.10
  13008738,  7159, 1, 9:11:01, 9:13:56,   175, 41.00, 23.10, 17.90
         0,     0, 1, 9:14:03, 9:14:20,    17, 23.10, 41.20,-18.10
  12706737,  7146, 4, 9:11:49, 9:14:41,   172, 42.90, 23.90, 19.00
         0,     0, 4, 9:14:49, 9:15:07,    18, 23.90, 43.10,-19.20
  12200081,  5135, 4, 9:15:52, 9:16:06,    14, 43.20, 41.30,  1.90
         0,     0, 4, 9:16:15, 9:16:16,     1, 41.30, 43.00, -1.70
  12199951,  5005, 2, 9:16:10, 9:16:29,    19, 44.10, 44.10,  0.00
  12200086,  5140, 1, 9:15:04, 9:16:51,   107, 41.20, 28.70, 12.50
         0,     0, 1, 9:16:58, 9:17:10,    12, 28.70, 41.30,-12.60
  12200081,  5135, 4, 9:16:26, 9:17:18,    52, 43.00, 29.00, 14.00
         0,     0, 4, 9:17:27, 9:17:40,    13, 29.00, 43.10,-14.10
  12706700,     0, 8, 9:17:40, 9:18:10,    30, 41.10, 34.80,  6.30
         0,     0, 8, 9:18:19, 9:18:25,     6, 34.80, 41.20, -6.40
  12706618,  7027, 1, 9:17:47, 9:19:16,    89, 41.30, 39.10,  2.20
         0,     0, 1, 9:19:24, 9:19:25,     1, 39.10, 41.20, -2.10
  13008890,     0, 8, 9:19:34, 9:19:38,     4, 41.20, 41.20,  0.00
  12706634,  7043, 2, 9:18:36, 9:20:00,    84, 44.10, 27.00, 17.10
         0,     0, 2, 9:20:08, 9:20:25,    17, 27.00, 44.10,-17.10
  12706613,  7022, 3, 9:22:08, 9:23:03,    55, 46.70, 35.70, 11.00
         0,     0, 3, 9:23:11, 9:23:19,     8, 35.70, 35.70,  0.00
  12706613,  7022, 4, 9:23:33, 9:23:41,     8, 43.20, 43.10,  0.10
  11724205,     0, 7, 9:22:34, 9:25:20,   166, 41.10, 40.30,  0.80
  11724205,     0, 8, 9:25:42, 9:27:23,   101, 41.20, 41.00,  0.20
  21268732,  6126, 1, 9:25:24, 9:27:51,   147, 41.20, 32.30,  8.90
         0,     0, 1, 9:28:00, 9:28:08,     8, 32.30, 41.20, -8.90
  12448415,  6028, 2, 9:26:38, 9:28:29,   111, 44.10, 31.40, 12.70
         0,     0, 2, 9:28:38, 9:28:50,    12, 31.40, 44.20,-12.80
  12706601,  7010, 2, 9:33:02, 9:34:36,    94, 44.20, 31.50, 12.70
         0,     0, 2, 9:34:44, 9:34:56,    12, 31.50, 44.20,-12.70
  12199951,  5005, 1, 9:32:37, 9:35:01,   144, 41.20, 29.00, 12.20
         0,     0, 1, 9:35:09, 9:35:20,    11, 29.00, 41.40,-12.40
  11954042,  4072, 4, 9:35:21, 9:35:31,    10, 43.10, 43.10,  0.00
  12448417,  6030, 1, 9:36:29, 9:37:28,    59, 41.40, 41.10,  0.30
  11724205,     0, 8, 9:33:54, 9:38:09,   255, 41.00, 33.90,  7.10
         0,     0, 8, 9:38:17, 9:38:24,     7, 33.90, 41.30, -7.40
  12448417,  6030, 4, 9:38:05, 9:39:30,    85, 43.20, 28.90, 14.30
         0,     0, 4, 9:39:38, 9:39:51,    13, 28.90, 42.80,-13.90
  12448517,  6130, 1, 9:37:43, 9:40:00,   137, 41.10, 30.30, 10.80
         0,     0, 1, 9:40:08, 9:40:18,    10, 30.30, 41.30,-11.00
  12706610,  7019, 3, 9:39:30, 9:41:00,    90, 46.60, 31.30, 15.30
         0,     0, 3, 9:41:08, 9:41:20,    12, 31.30, 31.20,  0.10
  12448516,  6129, 2, 9:40:34, 9:41:42,    68, 44.20, 24.50, 19.70
         0,     0, 2, 9:41:49, 9:42:08,    19, 24.50, 44.20,-19.70
  11954042,  4072, 4, 9:44:54, 9:44:59,     5, 43.20, 43.20,  0.00
  11954042,  4072, 3, 9:45:07, 9:45:13,     6, 46.30, 46.20,  0.10
  11954042,  4072, 4, 9:46:06, 9:47:56,   110, 43.20, 31.00, 12.20
         0,     0, 4, 9:48:04, 9:48:15,    11, 31.00, 43.00,-12.00
  12448434,  6047, 3, 9:48:33, 9:49:33,    60, 46.60, 38.90,  7.70
         0,     0, 3, 9:49:40, 9:49:45,     5, 38.90, 38.90,  0.00
  12448408,  6021, 4, 9:52:13, 9:53:30,    77, 43.10, 23.60, 19.50
         0,     0, 4, 9:53:38, 9:53:56,    18, 23.60, 23.80, -0.20
  12706609,  7018, 3, 9:54:21, 9:54:59,    38, 46.20, 36.90,  9.30
         0,     0, 3, 9:55:08, 9:55:15,     7, 36.90, 36.90,  0.00
  13008774,  8015, 1, 9:54:40, 9:55:57,    77, 41.40, 30.70, 10.70
         0,     0, 1, 9:56:05, 9:56:14,     9, 30.70, 41.30,-10.60
  13008774,  8015, 2, 9:56:09, 9:56:25,    16, 44.10, 43.20,  0.90
  21268732,  6126, 4,10:00:21,10:01:44,    83, 43.30, 38.80,  4.50
         0,     0, 4,10:01:52,10:01:56,     4, 38.80, 43.00, -4.20
  12448415,  6028, 1,10:01:19,10:03:26,   127, 41.30, 32.60,  8.70
         0,     0, 1,10:03:35,10:03:43,     8, 32.60, 41.40, -8.80
  13008864,     0, 7,10:06:17,10:06:47,    30, 39.10, 37.20,  1.90
         0,     0, 7,10:06:55,10:06:59,     4, 37.20, 41.10, -3.90
  12706628,  7037, 3,10:06:21,10:08:45,   144, 46.10, 33.70, 12.40
         0,     0, 3,10:08:53,10:09:03,    10, 33.70, 33.70,  0.00
  12448434,  6047, 1,10:08:13,10:09:06,    53, 41.40, 33.90,  7.50
         0,     0, 1,10:09:14,10:09:20,     6, 33.90, 41.30, -7.40
  13008748,  7169, 4,10:06:37,10:11:47,   310, 43.10, 36.20,  6.90
         0,     0, 4,10:11:55,10:12:01,     6, 36.20, 43.10, -6.90
  21268732,  6126, 1,10:12:12,10:14:00,   108, 41.30, 36.80,  4.50
         0,     0, 1,10:14:08,10:14:11,     3, 36.80, 41.40, -4.60
  12706642,  7051, 2,10:13:42,10:15:26,   104, 43.10, 34.30,  8.80
  21268732,  6126, 1,10:14:37,10:15:28,    51, 41.40, 39.40,  2.00
         0,     0, 1,10:15:35,10:15:36,     1, 39.40, 41.30, -1.90
         0,     0, 2,10:15:34,10:15:43,     9, 34.30, 44.30,-10.00
  21268732,  6126, 2,10:15:53,10:16:17,    24, 44.20, 43.20,  1.00
  12706615,  7024, 1,10:16:04,10:17:01,    57, 41.30, 41.00,  0.30
  12706615,  7024, 1,10:17:23,10:18:59,    96, 41.00, 29.20, 11.80
  12706615,  7024, 2,10:19:06,10:19:14,     8, 43.20, 43.20,  0.00
         0,     0, 1,10:19:07,10:19:18,    11, 29.20, 41.30,-12.10
  12706610,  7019, 3,10:18:38,10:19:42,    64, 46.30, 35.70, 10.60
         0,     0, 3,10:19:50,10:19:58,     8, 35.70, 35.60,  0.10
  13008774,  8015, 1,10:19:28,10:21:23,   115, 41.30, 29.30, 12.00
         0,     0, 1,10:21:31,10:21:42,    11, 29.30, 41.30,-12.00
  12706634,  7043, 4,10:21:08,10:22:20,    72, 43.20, 39.30,  3.90
         0,     0, 4,10:22:29,10:22:32,     3, 39.30, 43.00, -3.70
  11499117,  2007, 1,10:21:52,10:23:14,    82, 41.30, 26.00, 15.30
         0,     0, 1,10:23:23,10:23:37,    14, 26.00, 41.30,-15.30
  12200079,  5133, 2,10:25:16,10:27:09,   113, 43.20, 22.50, 20.70
         0,     0, 2,10:27:17,10:27:38,    21, 22.50, 44.20,-21.70
  12448391,  6004, 3,10:30:11,10:30:56,    45, 46.20, 36.30,  9.90
         0,     0, 3,10:31:03,10:31:10,     7, 36.30, 36.30,  0.00
  12448516,  6129, 3,10:32:48,10:33:36,    48, 46.20, 35.50, 10.70
         0,     0, 3,10:33:43,10:33:51,     8, 35.50, 35.40,  0.10
  12448420,  6033, 4,10:34:05,10:35:50,   105, 42.90, 40.20,  2.70
         0,     0, 4,10:35:57,10:36:00,     3, 40.20, 43.00, -2.80
  12448420,  6033, 4,10:36:10,10:36:53,    43, 43.50, 42.20,  1.30
  13008890,     0, 8,10:38:11,10:39:11,    60, 41.10, 31.80,  9.30
         0,     0, 8,10:39:19,10:39:28,     9, 31.80, 41.20, -9.40
  13008864,     0, 7,10:39:54,10:40:03,     9, 40.50, 40.00,  0.50
         0,     0, 7,10:40:10,10:40:10,     0, 40.00, 40.90, -0.90
  13008864,     0, 8,10:40:19,10:40:24,     5, 41.20, 40.00,  1.20
         0,     0, 8,10:40:32,10:40:32,     0, 40.00, 40.90, -0.90
  11499117,  2007, 1,10:41:56,10:42:51,    55, 41.30, 33.20,  8.10
         0,     0, 1,10:42:58,10:43:05,     7, 33.20, 41.30, -8.10
  12448391,  6004, 3,10:42:10,10:43:36,    86, 46.10, 35.80, 10.30
         0,     0, 3,10:43:43,10:43:51,     8, 35.80, 35.70,  0.10
  11724167,  3067, 4,10:44:46,10:45:54,    68, 41.90, 22.60, 19.30
         0,     0, 4,10:46:01,10:46:20,    19, 22.60, 42.90,-20.30
  11724167,  3067, 3,10:46:07,10:46:42,    35, 46.20, 38.30,  7.90
         0,     0, 3,10:46:51,10:46:57,     6, 38.30, 38.30,  0.00
  12706615,  7024, 1,10:44:59,10:46:57,   118, 41.30, 32.70,  8.60
         0,     0, 1,10:47:05,10:47:13,     8, 32.70, 41.30, -8.60
  12706642,  7051, 4,10:48:11,10:49:21,    70, 43.20, 34.70,  8.50
  12448415,  6028, 1,10:47:51,10:49:24,    93, 41.30, 33.40,  7.90
         0,     0, 4,10:49:30,10:49:38,     8, 34.70, 43.00, -8.30
         0,     0, 1,10:49:31,10:49:38,     7, 33.40, 41.30, -7.90
  12706634,  7043, 4,10:49:52,10:50:47,    55, 43.10, 35.50,  7.60
         0,     0, 4,10:50:55,10:51:02,     7, 35.50, 43.00, -7.50
  12706628,  7037, 2,10:53:20,10:54:04,    44, 44.10, 43.30,  0.80
  12706669,     0, 7,10:58:50,10:59:01,    11, 39.70, 38.80,  0.90
         0,     0, 7,10:59:08,10:59:10,     2, 38.80, 40.80, -2.00
  12706669,     0, 7,11:00:03,11:00:06,     3, 33.60, 33.60,  0.00
         0,     0, 7,11:00:15,11:00:25,    10, 33.60, 41.00, -7.40
  12200086,  5140, 4,11:00:11,11:00:59,    48, 43.10, 38.10,  5.00
         0,     0, 4,11:01:07,11:01:11,     4, 38.10, 43.10, -5.00
  12448482,     0, 8,10:59:30,11:02:25,   175, 40.80, 22.50, 18.30
         0,     0, 8,11:02:32,11:02:52,    20, 22.50, 41.20,-18.70
  12448448,     0, 7,11:04:21,11:04:31,    10, 41.00, 41.00,  0.00
  12448451,     0, 7,11:05:30,11:05:34,     4, 41.00, 41.00,  0.00
  12448451,     0, 7,11:05:47,11:08:19,   152, 41.00, 26.10, 14.90
         0,     0, 7,11:08:27,11:08:47,    20, 26.10, 41.10,-15.00
  11499117,  2007, 4,11:10:45,11:11:29,    44, 43.00, 34.60,  8.40
         0,     0, 4,11:11:37,11:11:45,     8, 34.60, 34.70, -0.10
  13008896,     0, 8,11:11:41,11:11:50,     9, 41.20, 40.90,  0.30
  12200083,  5137, 2,11:10:58,11:12:29,    91, 43.30, 29.70, 13.60
  12448448,     0, 8,11:12:10,11:12:38,    28, 40.90, 40.90,  0.00
         0,     0, 2,11:12:38,11:12:51,    13, 29.70, 44.30,-14.60
  12448420,  6033, 3,11:11:43,11:13:16,    93, 46.30, 38.50,  7.80
  12200086,  5140, 1,11:10:15,11:13:26,   191, 41.30, 31.10, 10.20
         0,     0, 3,11:13:24,11:13:29,     5, 38.50, 38.50,  0.00
  12448448,     0, 8,11:13:10,11:13:39,    29, 40.90, 40.90,  0.00
         0,     0, 1,11:13:34,11:13:43,     9, 31.10, 41.20,-10.10
  11724205,     0, 7,11:10:44,11:14:44,   240, 41.10, 32.20,  8.90
  13008864,     0, 8,11:14:28,11:14:51,    23, 40.90, 38.90,  2.00
         0,     0, 8,11:14:58,11:15:00,     2, 38.90, 41.20, -2.30
         0,     0, 7,11:14:52,11:15:03,    11, 32.20, 41.10, -8.90
  12448448,     0, 7,11:15:26,11:15:54,    28, 41.10, 40.70,  0.40
  13008896,     0, 8,11:15:42,11:16:01,    19, 40.60, 39.10,  1.50
         0,     0, 8,11:16:09,11:16:10,     1, 39.10, 41.20, -2.10
  13008896,     0, 8,11:16:42,11:16:43,     1, 35.60, 35.60,  0.00
         0,     0, 8,11:16:50,11:16:55,     5, 35.60, 41.20, -5.60
  12448448,     0, 7,11:16:16,11:18:04,   108, 40.70, 34.50,  6.20
         0,     0, 7,11:18:11,11:18:19,     8, 34.50, 41.10, -6.60
  12448426,  6039, 3,11:21:42,11:22:39,    57, 46.20, 34.00, 12.20
         0,     0, 3,11:22:47,11:22:57,    10, 34.00, 33.80,  0.20
  12706642,  7051, 3,11:24:00,11:25:05,    65, 46.10, 35.20, 10.90
         0,     0, 3,11:25:13,11:25:22,     9, 35.20, 35.20,  0.00
  13008896,     0, 7,11:28:47,11:28:48,     1, 40.10, 40.10,  0.00
  13008896,     0, 7,11:29:44,11:29:45,     1, 34.00, 34.00,  0.00
         0,     0, 7,11:29:54,11:30:03,     9, 34.00, 41.10, -7.10
  12706620,  7029, 2,11:30:22,11:31:54,    92, 44.30, 44.10,  0.20
  13008890,     0, 7,11:33:58,11:34:35,    37, 41.10, 38.90,  2.20
         0,     0, 7,11:34:43,11:34:45,     2, 38.90, 41.10, -2.20
  13008890,     0, 8,11:34:44,11:34:52,     8, 41.20, 40.60,  0.60
  12706620,  7029, 1,11:31:59,11:34:56,   177, 41.30, 24.30, 17.00
         0,     0, 1,11:35:04,11:35:20,    16, 24.30, 41.30,-17.00
  12706621,  7030, 3,11:35:23,11:36:29,    66, 46.40, 36.20, 10.20
         0,     0, 3,11:36:36,11:36:44,     8, 36.20, 36.10,  0.10
  12448392,  6005, 4,11:36:00,11:37:14,    74, 43.00, 27.70, 15.30
         0,     0, 4,11:37:23,11:37:37,    14, 27.70, 43.00,-15.30
  12706624,  7033, 3,11:43:04,11:43:34,    30, 46.10, 45.90,  0.20
  12200083,  5137, 1,11:43:02,11:43:47,    45, 41.30, 34.10,  7.20
         0,     0, 1,11:43:54,11:44:00,     6, 34.10, 41.20, -7.10
  12200083,  5137, 2,11:45:12,11:45:29,    17, 44.10, 41.80,  2.30
         0,     0, 2,11:45:36,11:45:37,     1, 41.80, 44.10, -2.30
  12448420,  6033, 4,11:44:25,11:45:55,    90, 43.30, 38.80,  4.50
         0,     0, 4,11:46:02,11:46:05,     3, 38.80, 42.90, -4.10
  12448420,  6033, 4,11:46:35,11:47:36,    61, 43.00, 40.30,  2.70
         0,     0, 4,11:47:43,11:47:45,     2, 40.30, 43.10, -2.80
  12706624,  7033, 4,11:48:54,11:48:58,     4, 43.00, 43.30, -0.30
  11954042,  4072, 4,11:49:13,11:49:20,     7, 43.30, 43.10,  0.20
  12448437,  6050, 1,11:48:32,11:49:43,    71, 41.20, 38.80,  2.40
         0,     0, 1,11:49:51,11:49:52,     1, 38.80, 41.30, -2.50
  11954042,  4072, 3,11:49:33,11:50:07,    34, 46.10, 43.30,  2.80
         0,     0, 3,11:50:14,11:50:15,     1, 43.30, 46.20, -2.90
  12448437,  6050, 2,11:50:03,11:51:00,    57, 44.10, 34.20,  9.90
         0,     0, 2,11:51:08,11:51:17,     9, 34.20, 44.20,-10.00
  11954042,  4072, 3,11:50:25,11:51:17,    52, 46.50, 33.00, 13.50
         0,     0, 3,11:51:25,11:51:35,    10, 33.00, 32.90,  0.10
  12448516,  6129, 4,11:52:00,11:52:45,    45, 43.10, 34.00,  9.10
         0,     0, 4,11:52:53,11:53:01,     8, 34.00, 34.00,  0.00
  12706656,  7065, 2,11:54:21,11:55:36,    75, 44.20, 32.30, 11.90
         0,     0, 2,11:55:44,11:55:55,    11, 32.30, 44.10,-11.80
  12706624,  7033, 1,11:54:32,11:56:41,   129, 41.30, 32.50,  8.80
         0,     0, 1,11:56:50,11:56:58,     8, 32.50, 41.30, -8.80
  12448482,     0, 8,11:58:55,11:59:00,     5, 40.60, 40.50,  0.10
  12706700,     0, 7,11:59:04,11:59:25,    21, 41.10, 39.10,  2.00
         0,     0, 7,11:59:33,11:59:35,     2, 39.10, 41.20, -2.10
  12706700,     0, 7,12:00:20,12:00:21,     1, 34.70, 34.80, -0.10
         0,     0, 7,12:00:29,12:00:37,     8, 34.80, 41.10, -6.30
  12706620,  7029, 3,12:01:04,12:02:07,    63, 46.10, 45.90,  0.20
  13008738,  7159, 3,12:05:36,12:07:38,   122, 46.00, 30.40, 15.60
         0,     0, 3,12:07:45,12:07:57,    12, 30.40, 30.40,  0.00
  21268732,  6126, 2,12:07:05,12:08:15,    70, 44.10, 42.40,  1.70
  21268732,  6126, 2,12:08:25,12:08:51,    26, 42.40, 40.00,  2.40
         0,     0, 2,12:09:00,12:09:03,     3, 40.00, 44.10, -4.10
  12706618,  7027, 3,12:09:10,12:10:00,    50, 46.10, 35.90, 10.20
         0,     0, 3,12:10:07,12:10:15,     8, 35.90, 35.80,  0.10
  21268732,  6126, 1,12:08:56,12:10:15,    79, 41.30, 36.70,  4.60
         0,     0, 1,12:10:22,12:10:25,     3, 36.70, 41.30, -4.60
  11954008,  4038, 3,12:10:36,12:12:15,    99, 46.20, 29.30, 16.90
  13008864,     0, 8,12:11:59,12:12:27,    28, 40.50, 38.00,  2.50
         0,     0, 3,12:12:22,12:12:35,    13, 29.30, 29.30,  0.00
         0,     0, 8,12:12:35,12:12:38,     3, 38.00, 39.70, -1.70
  12706609,  7018, 4,12:15:42,12:16:28,    46, 43.40, 33.40, 10.00
         0,     0, 4,12:16:36,12:16:45,     9, 33.40, 43.00, -9.60
  13008748,  7169, 3,12:13:58,12:17:09,   191, 45.90, 39.60,  6.30
         0,     0, 3,12:17:16,12:17:21,     5, 39.60, 39.60,  0.00
  12448392,  6005, 3,12:17:54,12:19:01,    67, 46.30, 35.50, 10.80
  12706620,  7029, 4,12:18:33,12:19:05,    32, 43.30, 43.40, -0.10
         0,     0, 3,12:19:09,12:19:17,     8, 35.50, 35.40,  0.10
  12706618,  7027, 3,12:21:26,12:21:36,    10, 46.20, 45.50,  0.70
  11499184,  2074, 1,12:27:10,12:28:26,    76, 41.30, 23.30, 18.00
  12706624,  7033, 2,12:26:56,12:28:30,    94, 44.10, 39.20,  4.90
         0,     0, 2,12:28:38,12:28:42,     4, 39.20, 44.10, -4.90
         0,     0, 1,12:28:34,12:28:51,    17, 23.30, 41.40,-18.10
  21268732,  6126, 2,12:31:20,12:31:46,    26, 44.10, 44.10,  0.00
  12706700,     0, 7,12:32:40,12:32:44,     4, 41.10, 41.10,  0.00
  12706700,     0, 8,12:32:57,12:33:09,    12, 39.30, 39.30,  0.00
         0,     0, 8,12:33:17,12:33:18,     1, 39.30, 41.20, -1.90
  12706656,  7065, 2,12:33:16,12:34:17,    61, 44.10, 39.30,  4.80
         0,     0, 2,12:34:24,12:34:27,     3, 39.30, 44.10, -4.80
  12448434,  6047, 3,12:37:54,12:40:05,   131, 45.60, 35.30, 10.30
         0,     0, 3,12:40:13,12:40:21,     8, 35.30, 35.20,  0.10
  21268732,  6126, 1,12:37:07,12:40:34,   207, 41.40, 34.90,  6.50
         0,     0, 1,12:40:42,12:40:47,     5, 34.90, 41.30, -6.40
  12706618,  7027, 4,12:41:18,12:42:24,    66, 43.30, 31.80, 11.50
  21268732,  6126, 1,12:41:17,12:42:25,    68, 41.30, 38.70,  2.60
         0,     0, 1,12:42:34,12:42:36,     2, 38.70, 41.20, -2.50
         0,     0, 4,12:42:33,12:42:43,    10, 31.80, 31.90, -0.10
  12706609,  7018, 4,12:43:18,12:43:57,    39, 43.10, 33.20,  9.90
         0,     0, 4,12:44:05,12:44:14,     9, 33.20, 33.20,  0.00
  12448437,  6050, 3,12:42:28,12:44:14,   106, 46.10, 34.20, 11.90
         0,     0, 3,12:44:22,12:44:31,     9, 34.20, 34.10,  0.10
  12706669,     0, 7,12:44:17,12:45:04,    47, 41.10, 37.00,  4.10
         0,     0, 7,12:45:11,12:45:16,     5, 37.00, 41.10, -4.10
  11953971,  4001, 1,12:42:46,12:46:04,   198, 41.20, 26.40, 14.80
  11953971,  4001, 2,12:46:12,12:46:17,     5, 44.10, 44.10,  0.00
         0,     0, 1,12:46:12,12:46:26,    14, 26.40, 41.30,-14.90
  11954008,  4038, 3,12:46:58,12:47:58,    60, 46.20, 32.80, 13.40
         0,     0, 3,12:48:07,12:48:17,    10, 32.80, 32.80,  0.00
  11953971,  4001, 1,12:57:26,12:57:51,    25, 41.40, 41.20,  0.20
  11953971,  4001, 1,12:59:11,12:59:22,    11, 41.20, 41.20,  0.00
  12200085,  5139, 2,12:59:05,12:59:35,    30, 44.10, 33.40, 10.70
         0,     0, 2,12:59:42,12:59:52,    10, 33.40, 44.20,-10.80
  11953971,  4001, 1,13:00:02,13:00:52,    50, 41.20, 40.90,  0.30
  12200085,  5139, 3,13:01:21,13:01:56,    35, 46.10, 36.60,  9.50
         0,     0, 3,13:02:04,13:02:11,     7, 36.60, 36.60,  0.00
  12448408,  6021, 4,13:02:06,13:03:15,    69, 43.30, 24.40, 18.90
         0,     0, 4,13:03:23,13:03:40,    17, 24.40, 43.10,-18.70
  12448434,  6047, 1,13:02:41,13:03:48,    67, 40.90, 36.20,  4.70
         0,     0, 1,13:03:55,13:03:59,     4, 36.20, 41.20, -5.00
  12706656,  7065, 4,13:04:44,13:05:46,    62, 43.20, 33.40,  9.80
         0,     0, 4,13:05:54,13:06:03,     9, 33.40, 43.00, -9.60
  12706610,  7019, 2,13:05:27,13:06:47,    80, 44.20, 28.00, 16.20
         0,     0, 2,13:06:54,13:07:09,    15, 28.00, 44.20,-16.20
  12706613,  7022, 3,13:06:53,13:07:58,    65, 46.10, 35.50, 10.60
         0,     0, 3,13:08:07,13:08:15,     8, 35.50, 35.50,  0.00
  12706613,  7022, 3,13:08:25,13:08:45,    20, 46.20, 41.50,  4.70
         0,     0, 3,13:08:53,13:08:56,     3, 41.50, 41.50,  0.00
  12448521,  6134, 1,13:12:01,13:13:48,   107, 41.20, 26.40, 14.80
  12706615,  7024, 2,13:12:11,13:13:54,   103, 44.20, 32.30, 11.90
         0,     0, 1,13:13:56,13:14:10,    14, 26.40, 41.30,-14.90
         0,     0, 2,13:14:03,13:14:14,    11, 32.30, 44.20,-11.90
  12706615,  7024, 1,13:15:00,13:16:08,    68, 41.30, 33.20,  8.10
         0,     0, 1,13:16:15,13:16:22,     7, 33.20, 41.30, -8.10
  13008864,     0, 7,13:24:16,13:25:04,    48, 41.10, 37.80,  3.30
         0,     0, 7,13:25:12,13:25:16,     4, 37.80, 41.20, -3.40
  13008890,     0, 7,13:26:11,13:26:14,     3, 41.20, 41.20,  0.00
  13008890,     0, 8,13:26:20,13:27:16,    56, 41.10, 31.00, 10.10
         0,     0, 8,13:27:24,13:27:34,    10, 31.00, 41.20,-10.20
  12706613,  7022, 2,13:30:16,13:30:57,    41, 44.20, 37.80,  6.40
         0,     0, 2,13:31:04,13:31:09,     5, 37.80, 44.10, -6.30
  12706737,  7146, 3,13:33:13,13:35:30,   137, 46.30, 33.60, 12.70
  12200085,  5139, 4,13:33:44,13:35:32,   108, 43.40, 26.30, 17.10
         0,     0, 3,13:35:37,13:35:47,    10, 33.60, 33.50,  0.10
         0,     0, 4,13:35:41,13:35:57,    16, 26.30, 43.10,-16.80
  12448434,  6047, 4,13:40:13,13:41:06,    53, 43.00, 35.90,  7.10
         0,     0, 4,13:41:14,13:41:21,     7, 35.90, 42.90, -7.00
  13008896,     0, 8,13:41:42,13:41:45,     3, 40.20, 40.20,  0.00
  12448448,     0, 7,13:41:45,13:41:48,     3, 41.20, 41.20,  0.00
  12448448,     0, 7,13:42:14,13:45:01,   167, 41.10, 29.30, 11.80
         0,     0, 7,13:45:10,13:45:25,    15, 29.30, 41.10,-11.80
  12448518,  6131, 2,13:44:13,13:45:28,    75, 44.10, 24.30, 19.80
         0,     0, 2,13:45:35,13:45:54,    19, 24.30, 44.20,-19.90
  12706610,  7019, 4,13:45:24,13:46:29,    65, 42.90, 32.10, 10.80
         0,     0, 4,13:46:37,13:46:47,    10, 32.10, 43.10,-11.00
  12448415,  6028, 1,13:47:50,13:50:32,   162, 41.30, 19.50, 21.80
         0,     0, 1,13:50:39,13:51:00,    21, 19.50, 41.20,-21.70
  12448521,  6134, 3,13:50:01,13:51:43,   102, 46.20, 29.50, 16.70
         0,     0, 3,13:51:51,13:52:04,    13, 29.50, 29.50,  0.00
  12448434,  6047, 1,13:51:38,13:52:48,    70, 41.20, 38.90,  2.30
         0,     0, 1,13:52:56,13:52:57,     1, 38.90, 41.30, -2.40
  12706615,  7024, 1,13:58:44,14:00:27,   103, 41.30, 39.00,  2.30
         0,     0, 1,14:00:34,14:00:35,     1, 39.00, 41.40, -2.40
  12706737,  7146, 4,14:01:06,14:03:18,   132, 43.10, 33.80,  9.30
         0,     0, 4,14:03:27,14:03:35,     8, 33.80, 43.10, -9.30
  12448517,  6130, 1,14:08:07,14:10:06,   119, 41.40, 27.60, 13.80
         0,     0, 1,14:10:13,14:10:25,    12, 27.60, 41.30,-13.70
  11499184,  2074, 1,14:10:41,14:10:56,    15, 41.30, 41.10,  0.20
  11499184,  2074, 1,14:12:02,14:12:27,    25, 41.10, 34.90,  6.20
         0,     0, 1,14:12:36,14:12:41,     5, 34.90, 41.30, -6.40
  11499184,  2074, 1,14:13:04,14:13:35,    31, 41.30, 32.00,  9.30
         0,     0, 1,14:13:42,14:13:50,     8, 32.00, 41.20, -9.20
  12706669,     0, 7,14:15:24,14:16:16,    52, 41.20, 38.00,  3.20
         0,     0, 7,14:16:23,14:16:26,     3, 38.00, 41.10, -3.10
  12448518,  6131, 2,14:15:47,14:16:44,    57, 44.10, 41.70,  2.40
         0,     0, 2,14:16:51,14:16:52,     1, 41.70, 44.20, -2.50
  13008864,     0, 8,14:16:40,14:16:55,    15, 40.10, 37.90,  2.20
         0,     0, 8,14:17:04,14:17:07,     3, 37.90, 41.30, -3.40
  21268732,  6126, 1,14:16:46,14:17:50,    64, 41.30, 37.10,  4.20
         0,     0, 1,14:17:57,14:18:00,     3, 37.10, 41.20, -4.10
  12706700,     0, 7,14:22:24,14:22:25,     1, 37.80, 37.80,  0.00
         0,     0, 7,14:22:32,14:22:36,     4, 37.80, 39.80, -2.00
  12706700,     0, 7,14:22:47,14:22:54,     7, 38.60, 37.40,  1.20
         0,     0, 7,14:23:02,14:23:06,     4, 37.40, 41.10, -3.70
  21268732,  6126, 1,14:23:09,14:23:11,     2, 41.20, 41.20,  0.00
  21268732,  6126, 1,14:23:43,14:24:45,    62, 41.20, 37.00,  4.20
         0,     0, 1,14:24:52,14:24:55,     3, 37.00, 41.30, -4.30
  21268732,  6126, 1,14:25:09,14:25:38,    29, 41.30, 39.10,  2.20
         0,     0, 1,14:25:45,14:25:46,     1, 39.10, 41.20, -2.10
  21268732,  6126, 1,14:26:16,14:26:38,    22, 41.20, 39.10,  2.10
         0,     0, 1,14:26:45,14:26:46,     1, 39.10, 41.30, -2.20
  12706628,  7037, 4,14:25:37,14:27:22,   105, 43.10, 30.70, 12.40
         0,     0, 4,14:27:30,14:27:41,    11, 30.70, 43.00,-12.30
  21268732,  6126, 1,14:27:28,14:28:39,    71, 41.30, 38.30,  3.00
         0,     0, 1,14:28:46,14:28:48,     2, 38.30, 41.30, -3.00
  12448448,     0, 8,14:29:32,14:29:44,    12, 41.30, 41.30,  0.00
  11724205,     0, 7,14:25:29,14:29:59,   270, 41.10, 30.60, 10.50
         0,     0, 7,14:30:07,14:30:20,    13, 30.60, 41.10,-10.50
  13008774,  8015, 4,14:32:23,14:33:38,    75, 43.10, 37.80,  5.30
  12448426,  6039, 3,14:33:08,14:33:40,    32, 46.30, 34.50, 11.80
         0,     0, 4,14:33:46,14:33:51,     5, 37.80, 43.00, -5.20
         0,     0, 3,14:33:49,14:33:58,     9, 34.50, 34.30,  0.20
  12448426,  6039, 3,14:34:37,14:34:59,    22, 46.30, 36.60,  9.70
         0,     0, 3,14:35:06,14:35:13,     7, 36.60, 36.50,  0.10
  12706642,  7051, 2,14:36:04,14:36:17,    13, 44.10, 41.90,  2.20
         0,     0, 2,14:36:24,14:36:24,     0, 41.90, 43.90, -2.00
  12448482,     0, 8,14:39:34,14:40:26,    52, 41.20, 40.80,  0.40
  12448420,  6033, 1,14:39:13,14:40:51,    98, 41.30, 39.40,  1.90
         0,     0, 1,14:40:59,14:41:00,     1, 39.40, 41.30, -1.90
  13008774,  8015, 2,14:40:29,14:41:21,    52, 44.00, 37.70,  6.30
         0,     0, 2,14:41:28,14:41:33,     5, 37.70, 44.30, -6.60
  12448482,     0, 8,14:40:47,14:42:19,    92, 39.20, 25.30, 13.90
         0,     0, 8,14:42:26,14:42:42,    16, 25.30, 41.20,-15.90
  12706601,  7010, 4,14:40:53,14:43:21,   148, 43.10, 23.50, 19.60
  12200081,  5135, 2,14:43:32,14:43:42,    10, 44.30, 44.00,  0.30
         0,     0, 4,14:43:29,14:43:47,    18, 23.50, 43.00,-19.50
  12200081,  5135, 2,14:44:12,14:45:14,    62, 44.00, 29.40, 14.60
  12448518,  6131, 3,14:45:02,14:45:20,    18, 46.20, 42.20,  4.00
         0,     0, 3,14:45:27,14:45:30,     3, 42.20, 46.40, -4.20
         0,     0, 2,14:45:21,14:45:35,    14, 29.40, 44.20,-14.80
  12448420,  6033, 3,14:45:41,14:46:30,    49, 46.30, 38.40,  7.90
  12200081,  5135, 2,14:45:46,14:46:34,    48, 44.10, 30.20, 13.90
         0,     0, 3,14:46:37,14:46:43,     6, 38.40, 38.40,  0.00
  12448518,  6131, 4,14:46:20,14:46:47,    27, 43.50, 40.10,  3.40
         0,     0, 2,14:46:41,14:46:54,    13, 30.20, 44.10,-13.90
         0,     0, 4,14:46:54,14:46:56,     2, 40.10, 43.00, -2.90
  13008774,  8015, 2,14:50:52,14:51:18,    26, 44.10, 43.70,  0.40
  12706642,  7051, 2,14:54:19,14:56:07,   108, 43.70, 33.50, 10.20
         0,     0, 2,14:56:16,14:56:25,     9, 33.50, 44.20,-10.70
  12200091,  5145, 2,15:02:01,15:02:35,    34, 44.20, 39.20,  5.00
         0,     0, 2,15:02:43,15:02:46,     3, 39.20, 44.10, -4.90
  12199951,  5005, 1,15:01:06,15:02:50,   104, 41.30, 31.70,  9.60
         0,     0, 1,15:02:58,15:03:07,     9, 31.70, 41.40, -9.70
  11953971,  4001, 2,15:03:24,15:03:32,     8, 44.10, 44.00,  0.10
  12199951,  5005, 1,15:03:23,15:03:39,    16, 41.40, 41.40,  0.00
  12199951,  5005, 2,15:03:47,15:04:05,    18, 44.00, 44.00,  0.00
  11953971,  4001, 4,15:04:33,15:04:42,     9, 43.00, 42.60,  0.40
  12706630,  7039, 1,15:05:27,15:05:41,    14, 41.40, 40.70,  0.70
  11953971,  4001, 4,15:05:03,15:05:48,    45, 42.60, 36.70,  5.90
  12200091,  5145, 3,15:04:38,15:05:51,    73, 46.30, 26.10, 20.20
  12706630,  7039, 1,15:05:53,15:05:54,     1, 40.70, 40.70,  0.00
         0,     0, 4,15:05:55,15:06:01,     6, 36.70, 43.00, -6.30
         0,     0, 3,15:05:59,15:06:15,    16, 26.10, 26.10,  0.00
  12199951,  5005, 3,15:06:42,15:07:12,    30, 46.10, 46.10,  0.00
  12706630,  7039, 2,15:05:58,15:07:54,   116, 44.00, 25.30, 18.70
         0,     0, 2,15:08:02,15:08:20,    18, 25.30, 44.10,-18.80
  12199951,  5005, 4,15:07:45,15:09:03,    78, 43.50, 41.90,  1.60
         0,     0, 4,15:09:10,15:09:10,     0, 41.90, 42.70, -0.80
  12706601,  7010, 1,15:11:06,15:11:23,    17, 40.70, 40.70,  0.00
  12706601,  7010, 2,15:11:27,15:12:02,    35, 44.10, 44.00,  0.10
  12706620,  7029, 4,15:13:30,15:14:48,    78, 42.70, 24.70, 18.00
         0,     0, 4,15:14:56,15:15:13,    17, 24.70, 43.00,-18.30
  13008890,     0, 7,15:32:21,15:32:49,    28, 41.10, 40.10,  1.00
  13008890,     0, 8,15:33:09,15:33:30,    21, 41.10, 39.80,  1.30
         0,     0, 8,15:33:37,15:33:37,     0, 39.80, 41.10, -1.30
  11499117,  2007, 4,15:52:04,15:53:00,    56, 43.20, 27.20, 16.00
  12448392,  6005, 3,15:52:28,15:53:10,    42, 46.10, 34.60, 11.50
         0,     0, 4,15:53:07,15:53:21,    14, 27.20, 27.30, -0.10
         0,     0, 3,15:53:17,15:53:26,     9, 34.60, 34.60,  0.00
  12706618,  7027, 1,15:53:46,15:53:56,    10, 40.70, 40.60,  0.10
  12448392,  6005, 4,15:53:32,15:54:47,    75, 42.80, 24.80, 18.00
         0,     0, 4,15:54:54,15:55:11,    17, 24.80, 43.10,-18.30
  12706618,  7027, 2,15:55:09,15:55:18,     9, 43.90, 43.60,  0.30
  12706609,  7018, 2,15:55:28,15:55:39,    11, 43.60, 43.60,  0.00
  12706618,  7027, 1,15:55:38,15:55:46,     8, 40.60, 40.40,  0.20
  12706609,  7018, 2,15:56:17,15:56:29,    12, 43.60, 43.60,  0.00
  12706618,  7027, 3,15:56:49,15:56:55,     6, 46.10, 46.00,  0.10
  12706609,  7018, 1,15:57:20,15:57:30,    10, 40.40, 40.30,  0.10
  12706609,  7018, 1,15:57:48,15:58:37,    49, 40.30, 31.50,  8.80
         0,     0, 1,15:58:45,15:58:54,     9, 31.50, 41.20, -9.70
  13008864,     0, 7,15:58:51,15:59:04,    13, 40.10, 39.20,  0.90
         0,     0, 7,15:59:13,15:59:15,     2, 39.20, 41.10, -1.90
  13008864,     0, 8,15:59:22,15:59:37,    15, 39.90, 38.70,  1.20
         0,     0, 8,15:59:46,15:59:48,     2, 38.70, 41.30, -2.60
  12706618,  7027, 3,16:00:30,16:00:57,    27, 46.10, 41.30,  4.80
         0,     0, 3,16:01:04,16:01:07,     3, 41.30, 41.30,  0.00
  11954042,  4072, 3,16:01:18,16:01:27,     9, 46.60, 46.30,  0.30
  11954042,  4072, 3,16:01:38,16:01:47,     9, 46.30, 46.20,  0.10
  11954042,  4072, 3,16:02:00,16:02:12,    12, 46.30, 45.20,  1.10
  12200086,  5140, 1,16:01:32,16:02:35,    63, 41.20, 33.50,  7.70
         0,     0, 1,16:02:43,16:02:50,     7, 33.50, 41.30, -7.80
  11954042,  4072, 3,16:02:27,16:03:12,    45, 45.30, 33.20, 12.10
  12706618,  7027, 2,16:03:03,16:03:22,    19, 43.60, 43.50,  0.10
         0,     0, 3,16:03:21,16:03:31,    10, 33.20, 33.10,  0.10
  12448451,     0, 7,16:03:44,16:03:53,     9, 41.10, 41.10,  0.00
  12448451,     0, 7,16:04:15,16:04:18,     3, 41.00, 41.10, -0.10
  12706618,  7027, 1,16:03:34,16:04:32,    58, 41.40, 27.70, 13.70
         0,     0, 1,16:04:41,16:04:53,    12, 27.70, 41.30,-13.60
  12448451,     0, 7,16:04:32,16:05:50,    78, 41.00, 33.30,  7.70
         0,     0, 7,16:05:59,16:06:09,    10, 33.30, 41.10, -7.80
  12706634,  7043, 2,16:07:08,16:09:00,   112, 43.40, 22.40, 21.00
  12706614,  7023, 3,16:08:02,16:09:21,    79, 46.30, 44.00,  2.30
         0,     0, 2,16:09:08,16:09:29,    21, 22.40, 43.90,-21.50
         0,     0, 3,16:09:29,16:09:30,     1, 44.00, 46.30, -2.30
  12448417,  6030, 1,16:09:36,16:09:45,     9, 41.30, 39.90,  1.40
  12706614,  7023, 4,16:09:31,16:09:46,    15, 43.60, 39.80,  3.80
         0,     0, 1,16:09:53,16:09:53,     0, 39.90, 41.10, -1.20
         0,     0, 4,16:09:54,16:09:56,     2, 39.80, 43.10, -3.30
  12448417,  6030, 2,16:10:05,16:10:48,    43, 43.90, 30.90, 13.00
         0,     0, 2,16:10:56,16:11:08,    12, 30.90, 44.10,-13.20
  12448420,  6033, 4,16:11:35,16:12:18,    43, 43.20, 37.50,  5.70
  12200085,  5139, 1,16:11:19,16:12:24,    65, 41.10, 23.40, 17.70
         0,     0, 4,16:12:26,16:12:31,     5, 37.50, 37.60, -0.10
         0,     0, 1,16:12:33,16:12:50,    17, 23.40, 41.40,-18.00
  12448521,  6134, 1,16:15:22,16:16:22,    60, 41.40, 27.30, 14.10
         0,     0, 1,16:16:31,16:16:44,    13, 27.30, 41.30,-14.00
  12706621,  7030, 1,16:18:12,16:19:02,    50, 41.30, 25.30, 16.00
  12200079,  5133, 4,16:16:10,16:19:03,   173, 43.10, 19.90, 23.20
  12706613,  7022, 3,16:17:35,16:19:08,    93, 46.30, 31.90, 14.40
         0,     0, 1,16:19:09,16:19:25,    16, 25.30, 41.30,-16.00
         0,     0, 3,16:19:16,16:19:28,    12, 31.90, 31.70,  0.20
         0,     0, 4,16:19:11,16:19:34,    23, 19.90, 43.30,-23.40
  12706621,  7030, 2,16:19:19,16:19:58,    39, 44.20, 31.80, 12.40
  12200079,  5133, 3,16:19:38,16:20:05,    27, 31.70, 37.50, -5.80
         0,     0, 2,16:20:07,16:20:18,    11, 31.80, 44.00,-12.20
         0,     0, 3,16:20:13,16:20:19,     6, 37.50, 37.30,  0.20
  12706656,  7065, 4,16:19:52,16:20:35,    43, 43.50, 38.80,  4.70
         0,     0, 4,16:20:43,16:20:46,     3, 38.80, 42.90, -4.10
  12706614,  7023, 1,16:19:35,16:20:52,    77, 41.30, 24.40, 16.90
         0,     0, 1,16:21:00,16:21:16,    16, 24.40, 41.30,-16.90
  12706656,  7065, 2,16:20:56,16:21:35,    39, 44.00, 31.00, 13.00
         0,     0, 2,16:21:44,16:21:56,    12, 31.00, 44.10,-13.10
  12448408,  6021, 4,16:21:05,16:22:17,    72, 43.00, 25.90, 17.10
         0,     0, 4,16:22:25,16:22:41,    16, 25.90, 43.10,-17.20
  12706601,  7010, 2,16:22:06,16:22:49,    43, 44.20, 36.10,  8.10
         0,     0, 2,16:22:57,16:23:04,     7, 36.10, 44.10, -8.00
  13008890,     0, 8,16:22:14,16:23:02,    48, 41.20, 38.20,  3.00
         0,     0, 8,16:23:11,16:23:13,     2, 38.20, 41.20, -3.00
  12200086,  5140, 3,16:24:20,16:24:39,    19, 46.10, 42.70,  3.40
         0,     0, 3,16:24:48,16:24:50,     2, 42.70, 46.30, -3.60
  12448437,  6050, 1,16:25:03,16:26:03,    60, 41.30, 27.60, 13.70
         0,     0, 1,16:26:11,16:26:24,    13, 27.60, 41.30,-13.70
  12200086,  5140, 3,16:25:00,16:26:57,   117, 46.70, 35.10, 11.60
         0,     0, 3,16:27:05,16:27:14,     9, 35.10, 46.20,-11.10
  12448437,  6050, 2,16:27:01,16:27:52,    51, 44.10, 37.20,  6.90
         0,     0, 2,16:27:59,16:28:04,     5, 37.20, 44.20, -7.00
  13008738,  7159, 2,16:28:15,16:30:35,   140, 44.10, 23.90, 20.20
  13008774,  8015, 1,16:29:39,16:30:47,    68, 41.30, 35.90,  5.40
         0,     0, 1,16:30:55,16:31:00,     5, 35.90, 41.30, -5.40
         0,     0, 2,16:30:44,16:31:04,    20, 23.90, 44.20,-20.30
  12448415,  6028, 3,16:29:58,16:31:47,   109, 46.20, 31.40, 14.80
  13008774,  8015, 1,16:31:14,16:31:49,    35, 41.30, 38.80,  2.50
         0,     0, 1,16:31:57,16:31:59,     2, 38.80, 41.30, -2.50
         0,     0, 3,16:31:55,16:32:07,    12, 31.40, 31.30,  0.10
  12448391,  6004, 3,16:32:41,16:32:49,     8, 46.10, 46.10,  0.00
  11499117,  2007, 2,16:32:09,16:33:16,    67, 44.10, 31.90, 12.20
         0,     0, 2,16:33:24,16:33:35,    11, 31.90, 44.20,-12.30
  12448420,  6033, 1,16:33:39,16:33:50,    11, 41.40, 41.40,  0.00
  12448391,  6004, 4,16:32:54,16:34:17,    83, 43.80, 26.20, 17.60
  12448516,  6129, 3,16:33:01,16:34:19,    78, 46.10, 27.10, 19.00
  12448420,  6033, 1,16:34:25,16:34:34,     9, 41.40, 41.10,  0.30
         0,     0, 4,16:34:25,16:34:41,    16, 26.20, 42.90,-16.70
         0,     0, 3,16:34:28,16:34:44,    16, 27.10, 26.90,  0.20
  12448518,  6131, 2,16:34:36,16:35:27,    51, 44.20, 30.90, 13.30
         0,     0, 2,16:35:34,16:35:46,    12, 30.90, 44.20,-13.30
  12706737,  7146, 3,16:34:54,16:36:29,    95, 46.20, 41.30,  4.90
  12200083,  5137, 1,16:35:07,16:36:30,    83, 41.10, 20.40, 20.70
         0,     0, 3,16:36:37,16:36:40,     3, 41.30, 41.20,  0.10
  12706610,  7019, 4,16:34:51,16:36:36,   105, 43.30, 31.20, 12.10
         0,     0, 4,16:36:45,16:36:56,    11, 31.20, 42.90,-11.70
         0,     0, 1,16:36:38,16:36:58,    20, 20.40, 41.30,-20.90
  12448420,  6033, 2,16:35:56,16:37:04,    68, 44.30, 37.60,  6.70
         0,     0, 2,16:37:12,16:37:17,     5, 37.60, 44.20, -6.60
  12448398,  6011, 2,16:37:41,16:38:20,    39, 44.20, 43.20,  1.00
  12200091,  5145, 1,16:37:40,16:38:30,    50, 41.30, 28.20, 13.10
         0,     0, 1,16:38:38,16:38:50,    12, 28.20, 41.40,-13.20
  12448398,  6011, 2,16:38:31,16:40:07,    96, 43.20, 23.70, 19.50
         0,     0, 2,16:40:14,16:40:33,    19, 23.70, 44.20,-20.50
  12706601,  7010, 1,16:41:18,16:41:37,    19, 41.40, 38.80,  2.60
         0,     0, 1,16:41:45,16:41:46,     1, 38.80, 41.30, -2.50
  12706601,  7010, 1,16:41:56,16:42:45,    49, 41.30, 34.30,  7.00
         0,     0, 1,16:42:54,16:43:01,     7, 34.30, 41.20, -6.90
  12706618,  7027, 2,16:43:50,16:44:25,    35, 44.20, 39.00,  5.20
         0,     0, 2,16:44:33,16:44:37,     4, 39.00, 44.00, -5.00
  12706620,  7029, 1,16:45:11,16:46:19,    68, 41.20, 33.80,  7.40
         0,     0, 1,16:46:27,16:46:34,     7, 33.80, 41.30, -7.50
  13008774,  8015, 1,16:47:07,16:47:21,    14, 41.30, 41.20,  0.10
  12199951,  5005, 4,16:47:39,16:49:37,   118, 43.30, 31.40, 11.90
         0,     0, 4,16:49:46,16:49:57,    11, 31.40, 43.00,-11.60
  11954008,  4038, 3,16:49:01,16:50:36,    95, 46.20, 32.50, 13.70
         0,     0, 3,16:50:44,16:50:55,    11, 32.50, 33.40, -0.90
  12448434,  6047, 1,16:48:42,16:50:57,   135, 41.20, 26.50, 14.70
  12448434,  6047, 2,16:51:03,16:51:11,     8, 44.00, 44.00,  0.00
         0,     0, 1,16:51:04,16:51:18,    14, 26.50, 41.30,-14.80
  12200081,  5135, 1,16:52:38,16:52:57,    19, 41.30, 38.60,  2.70
         0,     0, 1,16:53:05,16:53:07,     2, 38.60, 41.30, -2.70
  12448420,  6033, 1,16:53:17,16:54:38,    81, 41.40, 33.80,  7.60
  12200081,  5135, 2,16:54:05,16:54:42,    37, 44.00, 32.80, 11.20
         0,     0, 1,16:54:46,16:54:53,     7, 33.80, 41.40, -7.60
         0,     0, 2,16:54:50,16:55:00,    10, 32.80, 44.10,-11.30
  13008748,  7169, 4,16:51:05,16:55:09,   244, 43.30, 36.50,  6.80
         0,     0, 4,16:55:17,16:55:23,     6, 36.50, 42.90, -6.40
  12200081,  5135, 1,16:57:10,16:57:41,    31, 41.40, 33.20,  8.20
  12448517,  6130, 2,16:57:26,16:57:51,    25, 44.10, 42.90,  1.20
         0,     0, 1,16:57:48,16:57:55,     7, 33.20, 41.40, -8.20
  12448408,  6021, 3,16:57:19,16:58:17,    58, 46.30, 28.60, 17.70
  12200083,  5137, 2,16:58:01,16:58:32,    31, 42.90, 34.90,  8.00
         0,     0, 3,16:58:24,16:58:38,    14, 28.60, 46.20,-17.60
  12448517,  6130, 1,16:58:05,16:58:38,    33, 41.40, 37.80,  3.60
         0,     0, 2,16:58:39,16:58:47,     8, 34.90, 44.00, -9.10
         0,     0, 1,16:58:46,16:58:49,     3, 37.80, 41.20, -3.40
  12706613,  7022, 2,16:59:07,16:59:37,    30, 44.00, 37.20,  6.80
  12448517,  6130, 1,16:59:25,16:59:40,    15, 41.20, 37.70,  3.50
         0,     0, 2,16:59:44,16:59:50,     6, 37.20, 44.10, -6.90
         0,     0, 1,16:59:48,16:59:51,     3, 37.70, 41.20, -3.50
  12706613,  7022, 2,17:00:11,17:00:30,    19, 44.10, 39.70,  4.40
         0,     0, 2,17:00:38,17:00:41,     3, 39.70, 44.10, -4.40
  12448517,  6130, 1,17:00:13,17:00:43,    30, 41.20, 32.40,  8.80
         0,     0, 1,17:00:50,17:00:58,     8, 32.40, 41.30, -8.90
  12448391,  6004, 3,16:59:56,17:01:18,    82, 46.30, 30.70, 15.60
  12706613,  7022, 1,17:01:11,17:01:33,    22, 41.30, 37.90,  3.40
         0,     0, 3,17:01:26,17:01:38,    12, 30.70, 46.30,-15.60
         0,     0, 1,17:01:41,17:01:43,     2, 37.90, 41.30, -3.40
  11724167,  3067, 2,17:00:56,17:01:51,    55, 44.20, 26.70, 17.50
         0,     0, 2,17:01:59,17:02:15,    16, 26.70, 44.10,-17.40
  12448517,  6130, 2,17:03:35,17:04:04,    29, 44.10, 41.20,  2.90
         0,     0, 2,17:04:12,17:04:13,     1, 41.20, 44.10, -2.90
  12706628,  7037, 3,17:02:31,17:04:18,   107, 46.40, 39.60,  6.80
         0,     0, 3,17:04:26,17:04:31,     5, 39.60, 46.40, -6.80
  12706628,  7037, 4,17:04:26,17:04:50,    24, 43.10, 40.50,  2.60
         0,     0, 4,17:04:59,17:05:01,     2, 40.50, 43.20, -2.70
  12706624,  7033, 1,17:04:44,17:05:34,    50, 41.30, 41.00,  0.30
  12706624,  7033, 1,17:06:22,17:06:30,     8, 41.00, 40.50,  0.50
  12706620,  7029, 2,17:06:34,17:06:40,     6, 44.10, 44.10,  0.00
  12706624,  7033, 1,17:06:40,17:06:41,     1, 40.50, 40.50,  0.00
  12706656,  7065, 3,17:06:05,17:07:18,    73, 46.30, 34.90, 11.40
         0,     0, 3,17:07:26,17:07:35,     9, 34.90, 34.90,  0.00
  12706624,  7033, 1,17:07:02,17:07:53,    51, 40.50, 33.80,  6.70
         0,     0, 1,17:08:00,17:08:06,     6, 33.80, 41.20, -7.40
  12706634,  7043, 4,17:08:46,17:08:56,    10, 43.30, 43.30,  0.00
  12706624,  7033, 1,17:09:18,17:09:39,    21, 41.20, 38.60,  2.60
         0,     0, 1,17:09:47,17:09:49,     2, 38.60, 41.20, -2.60
  11953971,  4001, 4,17:11:32,17:11:37,     5, 43.30, 43.30,  0.00
  12448516,  6129, 2,17:10:49,17:11:52,    63, 44.10, 30.50, 13.60
  11724217,  3117, 1,17:10:56,17:11:57,    61, 41.20, 24.60, 16.60
         0,     0, 2,17:12:01,17:12:14,    13, 30.50, 44.10,-13.60
         0,     0, 1,17:12:04,17:12:21,    17, 24.60, 41.30,-16.70
  11953971,  4001, 3,17:12:05,17:12:29,    24, 46.20, 45.90,  0.30
  11953971,  4001, 3,17:12:38,17:13:11,    33, 45.90, 44.90,  1.00
  11953971,  4001, 3,17:13:22,17:13:25,     3, 45.00, 45.00,  0.00
  11953971,  4001, 4,17:13:40,17:14:28,    48, 43.50, 25.20, 18.30
         0,     0, 4,17:14:36,17:14:52,    16, 25.20, 43.20,-18.00
  12706620,  7029, 1,17:14:21,17:15:27,    66, 41.30, 35.40,  5.90
         0,     0, 1,17:15:34,17:15:39,     5, 35.40, 41.20, -5.80
  12706624,  7033, 2,17:15:30,17:16:05,    35, 44.10, 42.40,  1.70
  12706634,  7043, 3,17:15:34,17:17:30,   116, 45.20, 28.00, 17.20
  12706624,  7033, 2,17:16:33,17:17:46,    73, 42.40, 25.50, 16.90
         0,     0, 3,17:17:38,17:17:52,    14, 28.00, 27.90,  0.10
         0,     0, 2,17:17:53,17:18:11,    18, 25.50, 44.10,-18.60
  12706618,  7027, 1,17:19:31,17:20:39,    68, 41.30, 29.10, 12.20
         0,     0, 1,17:20:46,17:20:57,    11, 29.10, 41.30,-12.20
  12706628,  7037, 2,17:23:23,17:24:04,    41, 44.10, 37.70,  6.40
         0,     0, 2,17:24:13,17:24:18,     5, 37.70, 44.20, -6.50
  12706628,  7037, 2,17:25:27,17:26:02,    35, 44.20, 37.80,  6.40
         0,     0, 2,17:26:10,17:26:15,     5, 37.80, 44.10, -6.30
  12448434,  6047, 4,17:25:58,17:26:16,    18, 43.50, 40.70,  2.80
         0,     0, 4,17:26:24,17:26:26,     2, 40.70, 43.10, -2.40
  13008864,     0, 7,17:28:59,17:29:08,     9, 41.10, 40.90,  0.20
  12199951,  5005, 3,17:28:39,17:30:04,    85, 46.20, 37.40,  8.80
         0,     0, 3,17:30:12,17:30:18,     6, 37.40, 37.40,  0.00
  12200083,  5137, 1,17:29:35,17:30:16,    41, 41.30, 32.60,  8.70
         0,     0, 1,17:30:24,17:30:31,     7, 32.60, 41.30, -8.70
  12706620,  7029, 1,17:32:25,17:34:27,   122, 41.30, 36.90,  4.40
         0,     0, 1,17:34:34,17:34:37,     3, 36.90, 41.30, -4.40
  11499184,  2074, 1,17:38:06,17:38:53,    47, 41.30, 27.20, 14.10
  12448517,  6130, 2,17:38:03,17:38:59,    56, 44.10, 43.30,  0.80
         0,     0, 1,17:39:00,17:39:13,    13, 27.20, 41.30,-14.10
  11724217,  3117, 3,17:39:32,17:40:19,    47, 46.20, 34.30, 11.90
         0,     0, 3,17:40:27,17:40:36,     9, 34.30, 34.30,  0.00
  12448417,  6030, 4,17:44:02,17:44:07,     5, 43.10, 43.20, -0.10
  11954008,  4038, 1,17:41:32,17:44:31,   179, 41.30, 22.20, 19.10
         0,     0, 1,17:44:38,17:44:56,    18, 22.20, 41.30,-19.10
  11954008,  4038, 2,17:44:55,17:45:23,    28, 43.30, 37.10,  6.20
         0,     0, 2,17:45:30,17:45:36,     6, 37.10, 44.10, -7.00
  12706700,     0, 7,17:46:16,17:47:10,    54, 40.90, 36.40,  4.50
         0,     0, 7,17:47:17,17:47:22,     5, 36.40, 41.10, -4.70
  12706620,  7029, 3,17:55:48,17:55:58,    10, 46.10, 45.50,  0.60
  12706628,  7037, 2,17:58:56,17:59:41,    45, 44.10, 34.80,  9.30
         0,     0, 2,17:59:48,17:59:56,     8, 34.80, 44.10, -9.30
  11953971,  4001, 1,17:59:55,18:00:48,    53, 41.30, 29.20, 12.10
  12706628,  7037, 2,18:00:07,18:00:58,    51, 44.10, 40.00,  4.10
         0,     0, 1,18:00:56,18:01:07,    11, 29.20, 41.20,-12.00
         0,     0, 2,18:01:05,18:01:08,     3, 40.00, 44.00, -4.00
  12706614,  7023, 4,18:00:14,18:01:15,    61, 43.30, 30.10, 13.20
         0,     0, 4,18:01:24,18:01:36,    12, 30.10, 43.00,-12.90
  12448482,     0, 7,18:03:36,18:06:01,   145, 41.00, 32.50,  8.50
         0,     0, 7,18:06:09,18:06:20,    11, 32.50, 41.10, -8.60
  12706615,  7024, 4,18:04:20,18:06:32,   132, 43.10, 24.50, 18.60
  12448415,  6028, 1,18:04:54,18:06:51,   117, 41.30, 27.70, 13.60
         0,     0, 4,18:06:40,18:06:57,    17, 24.50, 42.90,-18.40
         0,     0, 1,18:07:00,18:07:13,    13, 27.70, 41.10,-13.40
  12706610,  7019, 2,18:06:47,18:08:03,    76, 44.10, 26.60, 17.50
         0,     0, 2,18:08:10,18:08:26,    16, 26.60, 44.10,-17.50
  12706737,  7146, 1,18:08:02,18:11:52,   230, 41.20, 22.80, 18.40
         0,     0, 1,18:12:00,18:12:18,    18, 22.80, 41.20,-18.40
  12706737,  7146, 2,18:14:02,18:14:19,    17, 44.10, 42.60,  1.50
  11724217,  3117, 4,18:15:47,18:16:36,    49, 42.90, 33.20,  9.70
  13008896,     0, 8,18:16:37,18:16:39,     2, 36.10, 36.10,  0.00
         0,     0, 8,18:16:47,18:16:52,     5, 36.10, 40.00, -3.90
         0,     0, 4,18:16:44,18:16:53,     9, 33.20, 43.00, -9.80
  13008896,     0, 8,18:17:10,18:17:11,     1, 36.90, 36.90,  0.00
         0,     0, 8,18:17:20,18:17:24,     4, 36.90, 41.20, -4.30
  11954008,  4038, 3,18:16:57,18:18:27,    90, 45.60, 32.50, 13.10
         0,     0, 3,18:18:35,18:18:45,    10, 32.50, 32.50,  0.00
  21268732,  6126, 1,18:14:36,18:18:43,   247, 41.30, 22.30, 19.00
         0,     0, 1,18:18:50,18:19:08,    18, 22.30, 41.30,-19.00
  21268732,  6126, 2,18:18:53,18:19:32,    39, 42.60, 40.40,  2.20
         0,     0, 2,18:19:40,18:19:42,     2, 40.40, 44.10, -3.70
  11954042,  4072, 3,18:21:19,18:23:28,   129, 46.10, 28.50, 17.60
         0,     0, 3,18:23:35,18:23:49,    14, 28.50, 28.50,  0.00
  12706737,  7146, 4,18:26:55,18:27:01,     6, 43.20, 43.30, -0.10
  12448521,  6134, 1,18:27:25,18:29:42,   137, 41.30, 18.00, 23.30
  12448417,  6030, 2,18:29:42,18:29:49,     7, 44.10, 43.10,  1.00
         0,     0, 1,18:29:51,18:30:13,    22, 18.00, 41.40,-23.40
  12706601,  7010, 2,18:32:46,18:34:11,    85, 43.00, 28.50, 14.50
         0,     0, 2,18:34:19,18:34:33,    14, 28.50, 44.20,-15.70
  13008890,     0, 8,18:34:03,18:34:37,    34, 41.10, 37.10,  4.00
         0,     0, 8,18:34:44,18:34:47,     3, 37.10, 41.20, -4.10
  12200091,  5145, 3,18:35:05,18:35:53,    48, 46.20, 28.60, 17.60
         0,     0, 3,18:36:01,18:36:15,    14, 28.60, 28.60,  0.00
  12706610,  7019, 2,18:39:09,18:39:38,    29, 44.20, 43.00,  1.20
  12706610,  7019, 1,18:39:46,18:40:12,    26, 41.40, 37.50,  3.90
         0,     0, 1,18:40:20,18:40:23,     3, 37.50, 41.30, -3.80
  12706614,  7023, 2,18:39:59,18:40:28,    29, 43.00, 42.70,  0.30
  12706669,     0, 7,18:40:27,18:41:33,    66, 41.10, 34.70,  6.40
         0,     0, 7,18:41:40,18:41:48,     8, 34.70, 41.10, -6.40
  11954042,  4072, 3,18:41:17,18:42:15,    58, 46.30, 40.80,  5.50
         0,     0, 3,18:42:22,18:42:26,     4, 40.80, 46.50, -5.70
  12448415,  6028, 1,18:42:49,18:44:28,    99, 41.30, 34.40,  6.90
         0,     0, 1,18:44:36,18:44:42,     6, 34.40, 41.30, -6.90
  11724167,  3067, 4,18:44:08,18:45:04,    56, 43.30, 22.50, 20.80
         0,     0, 4,18:45:11,18:45:30,    19, 22.50, 43.10,-20.60
  21268732,  6126, 3,18:45:48,18:46:18,    30, 46.30, 45.60,  0.70
  12448420,  6033, 2,18:47:11,18:48:34,    83, 42.70, 36.80,  5.90
         0,     0, 2,18:48:42,18:48:48,     6, 36.80, 44.10, -7.30
  12706630,  7039, 1,18:52:47,18:54:25,    98, 41.30, 28.20, 13.10
         0,     0, 1,18:54:32,18:54:44,    12, 28.20, 41.20,-13.00
  12448392,  6005, 2,18:54:26,18:56:02,    96, 44.10, 28.80, 15.30
         0,     0, 2,18:56:11,18:56:26,    15, 28.80, 44.10,-15.30
  11724205,     0, 7,18:55:35,18:57:38,   123, 41.20, 38.70,  2.50
         0,     0, 7,18:57:46,18:57:49,     3, 38.70, 41.20, -2.50
  13008774,  8015, 1,18:55:07,18:58:31,   204, 41.30, 24.40, 16.90
  12448426,  6039, 3,18:58:13,18:58:50,    37, 45.60, 40.50,  5.10
         0,     0, 1,18:58:40,18:58:56,    16, 24.40, 41.30,-16.90
         0,     0, 3,18:58:58,18:59:02,     4, 40.50, 46.40, -5.90
  11724205,     0, 7,18:58:01,18:59:15,    74, 41.20, 41.10,  0.10
  12706621,  7030, 2,18:58:32,18:59:31,    59, 44.20, 27.90, 16.30
  12448426,  6039, 3,18:59:18,18:59:33,    15, 46.40, 40.00,  6.40
         0,     0, 3,18:59:41,18:59:45,     4, 40.00, 46.30, -6.30
         0,     0, 2,18:59:39,18:59:55,    16, 27.90, 44.30,-16.40
  12448426,  6039, 3,19:00:02,19:00:21,    19, 46.30, 39.50,  6.80
         0,     0, 3,19:00:28,19:00:32,     4, 39.50, 46.10, -6.60
  12706621,  7030, 1,18:59:39,19:01:00,    81, 41.40, 30.90, 10.50
         0,     0, 1,19:01:08,19:01:17,     9, 30.90, 41.20,-10.30
  12706642,  7051, 3,19:00:43,19:03:31,   168, 46.00, 22.30, 23.70
         0,     0, 3,19:03:38,19:03:58,    20, 22.30, 22.20,  0.10
  12200085,  5139, 2,19:05:15,19:06:38,    83, 44.20, 34.70,  9.50
         0,     0, 2,19:06:46,19:06:54,     8, 34.70, 44.10, -9.40
  13008738,  7159, 3,19:06:49,19:07:06,    17, 46.40, 46.20,  0.20
  12448518,  6131, 1,19:07:05,19:07:12,     7, 41.20, 40.30,  0.90
  12706601,  7010, 4,19:06:35,19:07:30,    55, 43.50, 38.00,  5.50
         0,     0, 4,19:07:38,19:07:42,     4, 38.00, 42.90, -4.90
  12448518,  6131, 2,19:07:36,19:07:43,     7, 44.10, 43.80,  0.30
  12448415,  6028, 1,19:07:22,19:08:31,    69, 40.30, 35.20,  5.10
         0,     0, 1,19:08:39,19:08:44,     5, 35.20, 41.20, -6.00
  13008864,     0, 8,19:08:35,19:08:49,    14, 41.10, 38.40,  2.70
         0,     0, 8,19:08:56,19:08:58,     2, 38.40, 41.30, -2.90
  12200079,  5133, 2,19:07:57,19:10:05,   128, 43.80, 24.40, 19.40
         0,     0, 2,19:10:13,19:10:32,    19, 24.40, 44.10,-19.70
  12706737,  7146, 3,19:10:18,19:11:16,    58, 46.20, 43.20,  3.00
         0,     0, 3,19:11:23,19:11:25,     2, 43.20, 46.50, -3.30
  12706630,  7039, 2,19:11:24,19:12:10,    46, 44.10, 38.60,  5.50
  12706613,  7022, 1,19:10:54,19:12:13,    79, 41.20, 27.30, 13.90
         0,     0, 2,19:12:18,19:12:22,     4, 38.60, 44.10, -5.50
         0,     0, 1,19:12:21,19:12:34,    13, 27.30, 41.30,-14.00
  12706630,  7039, 1,19:13:05,19:13:37,    32, 41.30, 36.60,  4.70
         0,     0, 1,19:13:45,19:13:48,     3, 36.60, 41.20, -4.60
  12706620,  7029, 1,19:14:05,19:14:06,     1, 41.20, 41.20,  0.00
  12448420,  6033, 3,19:13:32,19:14:07,    35, 46.60, 42.50,  4.10
         0,     0, 3,19:14:15,19:14:17,     2, 42.50, 46.40, -3.90
  13008738,  7159, 2,19:12:38,19:14:26,   108, 44.00, 28.80, 15.20
         0,     0, 2,19:14:35,19:14:49,    14, 28.80, 44.20,-15.40
  12706620,  7029, 1,19:14:17,19:14:50,    33, 41.20, 40.00,  1.20
         0,     0, 1,19:14:58,19:14:58,     0, 40.00, 41.00, -1.00
  12448518,  6131, 4,19:15:21,19:16:25,    64, 43.70, 21.60, 22.10
         0,     0, 4,19:16:33,19:16:53,    20, 21.60, 43.00,-21.40
  12706620,  7029, 2,19:15:05,19:16:52,   107, 44.20, 29.50, 14.70
         0,     0, 2,19:17:00,19:17:13,    13, 29.50, 44.00,-14.50
  12200086,  5140, 3,19:16:36,19:17:44,    68, 46.60, 34.60, 12.00
         0,     0, 3,19:17:52,19:18:01,     9, 34.60, 34.60,  0.00
  12200081,  5135, 2,19:17:24,19:18:31,    67, 44.10, 30.40, 13.70
  12200086,  5140, 3,19:18:11,19:18:35,    24, 46.10, 43.60,  2.50
         0,     0, 3,19:18:43,19:18:44,     1, 43.60, 46.30, -2.70
         0,     0, 2,19:18:39,19:18:52,    13, 30.40, 44.20,-13.80
  12706737,  7146, 4,19:20:36,19:20:47,    11, 43.60, 43.50,  0.10
  13008890,     0, 8,19:21:06,19:21:27,    21, 41.20, 39.00,  2.20
         0,     0, 8,19:21:35,19:21:36,     1, 39.00, 41.20, -2.20
  12448448,     0, 8,19:21:46,19:23:23,    97, 41.20, 27.90, 13.30
         0,     0, 8,19:23:32,19:23:45,    13, 27.90, 41.20,-13.30
  12448408,  6021, 2,19:23:22,19:25:44,   142, 44.20, 13.80, 30.40
         0,     0, 2,19:25:52,19:26:21,    29, 13.80, 44.10,-30.30
  12448420,  6033, 1,19:26:34,19:27:07,    33, 40.90, 37.00,  3.90
  12448437,  6050, 2,19:27:01,19:27:11,    10, 44.10, 44.10,  0.00
         0,     0, 1,19:27:15,19:27:18,     3, 37.00, 41.20, -4.20
  12448516,  6129, 3,19:26:47,19:28:13,    86, 46.50, 31.60, 14.90
         0,     0, 3,19:28:21,19:28:32,    11, 31.60, 31.60,  0.00
  12448437,  6050, 1,19:27:28,19:28:51,    83, 41.20, 28.80, 12.40
         0,     0, 1,19:28:59,19:29:11,    12, 28.80, 41.30,-12.50
  12448437,  6050, 2,19:29:06,19:29:22,    16, 44.10, 42.60,  1.50
  11499117,  2007, 1,19:29:36,19:30:35,    59, 41.30, 31.80,  9.50
         0,     0, 1,19:30:43,19:30:51,     8, 31.80, 41.30, -9.50
  12706609,  7018, 2,19:30:35,19:31:18,    43, 42.60, 35.20,  7.40
         0,     0, 2,19:31:26,19:31:33,     7, 35.20, 44.20, -9.00
  12706642,  7051, 2,19:32:02,19:33:21,    79, 44.20, 39.90,  4.30
         0,     0, 2,19:33:30,19:33:33,     3, 39.90, 44.10, -4.20
  11953971,  4001, 3,19:33:46,19:34:57,    71, 46.20, 42.40,  3.80
         0,     0, 3,19:35:04,19:35:06,     2, 42.40, 46.50, -4.10
  12706737,  7146, 3,19:35:21,19:35:21,     0, 46.50, 46.40,  0.10
  12706628,  7037, 1,19:32:21,19:35:23,   182, 41.30, 19.20, 22.10
         0,     0, 1,19:35:31,19:35:52,    21, 19.20, 41.30,-22.10
  12706737,  7146, 4,19:35:36,19:36:02,    26, 43.50, 42.20,  1.30
  12706737,  7146, 3,19:36:13,19:38:01,   108, 46.40, 39.30,  7.10
         0,     0, 3,19:38:08,19:38:13,     5, 39.30, 46.40, -7.10
  12706620,  7029, 1,19:37:54,19:38:28,    34, 41.30, 38.30,  3.00
         0,     0, 1,19:38:35,19:38:37,     2, 38.30, 41.30, -3.00
  13008774,  8015, 2,19:38:52,19:39:48,    56, 44.10, 42.60,  1.50
  12706624,  7033, 3,19:38:24,19:39:55,    91, 46.40, 32.10, 14.30
         0,     0, 3,19:40:02,19:40:13,    11, 32.10, 32.00,  0.10
  13008774,  8015, 1,19:39:59,19:40:41,    42, 41.30, 38.10,  3.20
         0,     0, 1,19:40:49,19:40:51,     2, 38.10, 41.20, -3.10
  13008774,  8015, 1,19:41:18,19:42:04,    46, 41.20, 38.90,  2.30
         0,     0, 1,19:42:12,19:42:13,     1, 38.90, 41.20, -2.30
  12199951,  5005, 4,19:40:22,19:42:24,   122, 42.40, 31.70, 10.70
         0,     0, 4,19:42:31,19:42:41,    10, 31.70, 43.20,-11.50
  12706620,  7029, 2,19:43:27,19:44:19,    52, 42.60, 40.80,  1.80
         0,     0, 2,19:44:27,19:44:29,     2, 40.80, 44.10, -3.30
  12706656,  7065, 1,19:44:18,19:45:10,    52, 41.30, 36.30,  5.00
         0,     0, 1,19:45:19,19:45:23,     4, 36.30, 41.30, -5.00
  12706656,  7065, 2,19:45:20,19:45:39,    19, 44.10, 42.00,  2.10
  13008890,     0, 8,19:45:19,19:46:05,    46, 41.20, 37.30,  3.90
         0,     0, 8,19:46:13,19:46:16,     3, 37.30, 41.20, -3.90
  12448448,     0, 7,19:47:37,19:47:50,    13, 34.90, 34.90,  0.00
         0,     0, 7,19:47:59,19:48:07,     8, 34.90, 41.10, -6.20
  12706613,  7022, 2,19:47:50,19:48:26,    36, 42.00, 36.30,  5.70
  12200081,  5135, 1,19:48:01,19:48:29,    28, 41.30, 36.00,  5.30
         0,     0, 2,19:48:34,19:48:40,     6, 36.30, 44.00, -7.70
         0,     0, 1,19:48:37,19:48:42,     5, 36.00, 41.20, -5.20
  12200081,  5135, 1,19:48:52,19:49:07,    15, 41.20, 38.00,  3.20
         0,     0, 1,19:49:16,19:49:18,     2, 38.00, 41.30, -3.30
  12706642,  7051, 2,19:49:22,19:49:48,    26, 44.00, 42.10,  1.90
  12200085,  5139, 1,19:49:46,19:50:31,    45, 41.30, 31.10, 10.20
         0,     0, 1,19:50:39,19:50:48,     9, 31.10, 41.30,-10.20
  11499117,  2007, 2,19:51:41,19:52:15,    34, 42.10, 34.90,  7.20
         0,     0, 2,19:52:22,19:52:30,     8, 34.90, 44.20, -9.30
  12448420,  6033, 4,19:51:58,19:52:48,    50, 43.50, 38.50,  5.00
         0,     0, 4,19:52:56,19:53:00,     4, 38.50, 43.20, -4.70
  12448417,  6030, 2,19:53:22,19:53:33,    11, 44.20, 43.50,  0.70
  12448417,  6030, 1,19:53:47,19:54:54,    67, 41.30, 20.60, 20.70
         0,     0, 1,19:55:03,19:55:22,    19, 20.60, 41.20,-20.60
  12448437,  6050, 2,19:55:30,19:56:47,    77, 43.50, 35.00,  8.50
         0,     0, 2,19:56:54,19:57:02,     8, 35.00, 44.10, -9.10
  12706642,  7051, 1,19:59:10,20:00:19,    69, 41.20, 34.30,  6.90
         0,     0, 1,20:00:27,20:00:33,     6, 34.30, 41.30, -7.00
  12706630,  7039, 4,19:59:45,20:00:42,    57, 43.00, 33.10,  9.90
         0,     0, 4,20:00:50,20:00:59,     9, 33.10, 43.10,-10.00
  12448518,  6131, 4,20:03:55,20:04:38,    43, 43.00, 35.70,  7.30
  13008896,     0, 7,20:04:36,20:04:38,     2, 41.10, 41.10,  0.00
         0,     0, 4,20:04:46,20:04:52,     6, 35.70, 35.80, -0.10
  13008774,  8015, 1,20:02:43,20:05:05,   142, 41.30, 36.40,  4.90
         0,     0, 1,20:05:13,20:05:17,     4, 36.40, 41.30, -4.90
  13008774,  8015, 1,20:05:47,20:06:04,    17, 41.30, 40.60,  0.70
  13008774,  8015, 2,20:07:18,20:07:33,    15, 44.10, 43.40,  0.70
  12448391,  6004, 3,20:06:54,20:07:45,    51, 46.30, 33.50, 12.80
         0,     0, 3,20:07:54,20:08:04,    10, 33.50, 33.40,  0.10
  12448398,  6011, 4,20:07:07,20:08:48,   101, 43.00, 30.30, 12.70
         0,     0, 4,20:08:56,20:09:07,    11, 30.30, 30.50, -0.20
  13008774,  8015, 2,20:09:18,20:09:35,    17, 43.40, 42.50,  0.90
  13008896,     0, 7,20:10:03,20:10:05,     2, 33.90, 33.90,  0.00
         0,     0, 7,20:10:13,20:10:22,     9, 33.90, 41.10, -7.20
  12706624,  7033, 1,20:10:06,20:11:02,    56, 40.60, 37.40,  3.20
         0,     0, 1,20:11:10,20:11:13,     3, 37.40, 41.30, -3.90
  12706630,  7039, 4,20:11:23,20:11:27,     4, 43.20, 43.20,  0.00
  12200083,  5137, 1,20:12:48,20:13:54,    66, 41.30, 27.00, 14.30
         0,     0, 1,20:14:01,20:14:14,    13, 27.00, 41.30,-14.30
  12448516,  6129, 2,20:14:20,20:14:43,    23, 42.50, 39.90,  2.60
         0,     0, 2,20:14:50,20:14:53,     3, 39.90, 44.00, -4.10
  12448521,  6134, 4,20:17:32,20:17:46,    14, 43.00, 41.80,  1.20
         0,     0, 4,20:17:54,20:17:54,     0, 41.80, 42.90, -1.10
  12448521,  6134, 3,20:17:53,20:18:36,    43, 46.20, 40.10,  6.10
         0,     0, 3,20:18:44,20:18:48,     4, 40.10, 46.30, -6.20
  12706615,  7024, 2,20:17:40,20:19:06,    86, 44.00, 34.70,  9.30
         0,     0, 2,20:19:15,20:19:23,     8, 34.70, 44.10, -9.40
  12706609,  7018, 3,20:21:24,20:21:28,     4, 46.40, 46.20,  0.20
  12706621,  7030, 1,20:21:47,20:22:49,    62, 41.30, 30.60, 10.70
  12706614,  7023, 4,20:21:58,20:22:59,    61, 42.90, 29.40, 13.50
         0,     0, 1,20:22:56,20:23:06,    10, 30.60, 41.30,-10.70
         0,     0, 4,20:23:07,20:23:20,    13, 29.40, 43.10,-13.70
  12199951,  5005, 2,20:22:47,20:24:11,    84, 44.10, 37.00,  7.10
         0,     0, 2,20:24:20,20:24:26,     6, 37.00, 44.10, -7.10
  12706609,  7018, 1,20:24:14,20:25:04,    50, 41.30, 32.00,  9.30
         0,     0, 1,20:25:13,20:25:21,     8, 32.00, 41.30, -9.30
  11499117,  2007, 4,20:29:23,20:31:07,   104, 43.40, 31.80, 11.60
         0,     0, 4,20:31:15,20:31:25,    10, 31.80, 43.00,-11.20
  12200083,  5137, 2,20:32:00,20:32:34,    34, 44.10, 37.20,  6.90
         0,     0, 2,20:32:43,20:32:48,     5, 37.20, 44.10, -6.90
  12448420,  6033, 4,20:32:23,20:33:06,    43, 43.20, 38.00,  5.20
  12448391,  6004, 3,20:32:26,20:33:13,    47, 46.30, 34.90, 11.40
         0,     0, 4,20:33:15,20:33:19,     4, 38.00, 43.00, -5.00
         0,     0, 3,20:33:21,20:33:29,     8, 34.90, 34.90,  0.00
  12706630,  7039, 1,20:34:04,20:34:44,    40, 41.30, 35.80,  5.50
         0,     0, 1,20:34:52,20:34:56,     4, 35.80, 41.40, -5.60
  12448420,  6033, 4,20:33:47,20:35:23,    96, 43.10, 39.80,  3.30
  12448415,  6028, 1,20:35:06,20:35:30,    24, 41.40, 40.70,  0.70
         0,     0, 4,20:35:32,20:35:35,     3, 39.80, 43.10, -3.30
  12706628,  7037, 2,20:34:11,20:35:33,    82, 44.10, 37.40,  6.70
         0,     0, 2,20:35:41,20:35:46,     5, 37.40, 44.20, -6.80
  12448516,  6129, 4,20:36:01,20:36:45,    44, 43.00, 30.70, 12.30
  12448415,  6028, 2,20:35:56,20:36:52,    56, 44.20, 35.60,  8.60
         0,     0, 4,20:36:54,20:37:05,    11, 30.70, 42.60,-11.90
         0,     0, 2,20:37:00,20:37:07,     7, 35.60, 44.10, -8.50
  12199951,  5005, 1,20:35:43,20:37:19,    96, 40.70, 35.30,  5.40
         0,     0, 1,20:37:27,20:37:32,     5, 35.30, 41.30, -6.00
  12448518,  6131, 2,20:37:20,20:37:51,    31, 44.10, 37.30,  6.80
         0,     0, 2,20:37:58,20:38:03,     5, 37.30, 44.10, -6.80
  12448434,  6047, 3,20:36:52,20:38:26,    94, 46.10, 36.30,  9.80
         0,     0, 3,20:38:33,20:38:40,     7, 36.30, 46.20, -9.90
  12448451,     0, 8,20:38:40,20:38:48,     8, 41.00, 41.00,  0.00
  12448451,     0, 7,20:38:55,20:39:37,    42, 41.20, 41.10,  0.10
  12448451,     0, 8,20:40:01,20:41:01,    60, 41.00, 39.60,  1.40
         0,     0, 8,20:41:08,20:41:09,     1, 39.60, 41.10, -1.50
  12448451,     0, 8,20:41:19,20:41:30,    11, 41.10, 41.10,  0.00
  12448521,  6134, 1,20:40:43,20:41:58,    75, 41.30, 35.50,  5.80
         0,     0, 1,20:42:05,20:42:10,     5, 35.50, 41.30, -5.80
  12448451,     0, 7,20:41:35,20:42:39,    64, 41.10, 31.30,  9.80
         0,     0, 7,20:42:47,20:43:00,    13, 31.30, 41.10, -9.80
  13008890,     0, 8,20:43:04,20:43:15,    11, 41.10, 41.10,  0.00
  13008890,     0, 8,20:43:37,20:43:41,     4, 41.10, 41.10,  0.00
  12448517,  6130, 2,20:43:21,20:44:37,    76, 44.10, 30.10, 14.00
         0,     0, 2,20:44:45,20:44:57,    12, 30.10, 44.20,-14.10
  21268732,  6126, 1,20:46:26,20:47:48,    82, 41.30, 34.60,  6.70
         0,     0, 1,20:47:55,20:48:01,     6, 34.60, 41.30, -6.70
  21268732,  6126, 1,20:48:11,20:49:36,    85, 41.30, 34.70,  6.60
         0,     0, 1,20:49:44,20:49:50,     6, 34.70, 41.20, -6.50
  11499184,  2074, 2,20:51:12,20:51:46,    34, 44.10, 32.40, 11.70
         0,     0, 2,20:51:53,20:52:03,    10, 32.40, 44.20,-11.80
  11499184,  2074, 2,20:52:13,20:52:38,    25, 44.20, 34.80,  9.40
         0,     0, 2,20:52:46,20:52:54,     8, 34.80, 44.10, -9.30
  12448434,  6047, 4,20:53:39,20:54:25,    46, 43.30, 40.20,  3.10
         0,     0, 4,20:54:33,20:54:35,     2, 40.20, 43.00, -2.80
  13008864,     0, 7,20:54:22,20:54:49,    27, 41.10, 40.00,  1.10
  11499184,  2074, 1,20:54:18,20:54:53,    35, 41.20, 37.30,  3.90
         0,     0, 7,20:54:56,20:54:56,     0, 40.00, 40.90, -0.90
         0,     0, 1,20:55:00,20:55:03,     3, 37.30, 41.30, -4.00
  13008864,     0, 8,20:55:04,20:55:07,     3, 41.10, 40.90,  0.20
  12706634,  7043, 4,20:55:03,20:56:15,    72, 43.30, 28.80, 14.50
  13008896,     0, 7,20:56:23,20:56:25,     2, 40.90, 40.90,  0.00
         0,     0, 4,20:56:23,20:56:36,    13, 28.80, 43.00,-14.20
  11954042,  4072, 3,20:59:32,20:59:52,    20, 46.20, 43.40,  2.80
         0,     0, 3,21:00:01,21:00:02,     1, 43.40, 46.30, -2.90
  12200085,  5139, 4,21:00:47,21:01:23,    36, 43.50, 35.90,  7.60
         0,     0, 4,21:01:32,21:01:38,     6, 35.90, 43.10, -7.20
  11954042,  4072, 1,21:00:48,21:01:38,    50, 41.30, 30.50, 10.80
  12200081,  5135, 2,21:00:47,21:01:38,    51, 44.10, 33.00, 11.10
         0,     0, 1,21:01:45,21:01:55,    10, 30.50, 41.30,-10.80
         0,     0, 2,21:01:46,21:01:56,    10, 33.00, 44.00,-11.00
  12200085,  5139, 3,21:02:01,21:02:18,    17, 46.40, 42.80,  3.60
         0,     0, 3,21:02:26,21:02:28,     2, 42.80, 46.30, -3.50
  12448426,  6039, 3,21:03:11,21:03:39,    28, 46.30, 37.40,  8.90
         0,     0, 3,21:03:47,21:03:53,     6, 37.40, 37.40,  0.00
  12448434,  6047, 3,21:04:05,21:05:04,    59, 46.10, 40.70,  5.40
         0,     0, 3,21:05:11,21:05:14,     3, 40.70, 40.70,  0.00
  12448434,  6047, 4,21:05:12,21:05:29,    17, 43.30, 41.80,  1.50
         0,     0, 4,21:05:37,21:05:37,     0, 41.80, 42.80, -1.00
  12706614,  7023, 4,21:08:57,21:09:10,    13, 43.00, 40.90,  2.10
         0,     0, 4,21:09:18,21:09:19,     1, 40.90, 43.10, -2.20
  13008864,     0, 8,21:12:01,21:12:03,     2, 40.30, 40.30,  0.00
  21268732,  6126, 1,21:10:39,21:12:07,    88, 41.30, 37.20,  4.10
         0,     0, 1,21:12:14,21:12:17,     3, 37.20, 41.30, -4.10
  11499184,  2074, 1,21:16:40,21:17:36,    56, 41.30, 34.90,  6.40
         0,     0, 1,21:17:44,21:17:49,     5, 34.90, 41.20, -6.30
  12706634,  7043, 2,21:26:55,21:27:54,    59, 44.00, 38.00,  6.00
         0,     0, 2,21:28:01,21:28:06,     5, 38.00, 44.10, -6.10
  12200079,  5133, 4,21:38:43,21:39:50,    67, 43.20, 25.60, 17.60
         0,     0, 4,21:39:57,21:40:13,    16, 25.60, 43.10,-17.50
  12448426,  6039, 3,21:40:38,21:41:09,    31, 46.20, 38.90,  7.30
         0,     0, 3,21:41:18,21:41:23,     5, 38.90, 46.20, -7.30
  12706615,  7024, 3,21:50:06,21:51:45,    99, 46.10, 29.70, 16.40
  21268732,  6126, 2,21:51:37,21:51:52,    15, 44.10, 43.40,  0.70
         0,     0, 3,21:51:52,21:52:05,    13, 29.70, 29.70,  0.00
  11954042,  4072, 2,21:52:02,21:52:03,     1, 43.40, 43.40,  0.00
  12706618,  7027, 3,21:55:10,21:55:49,    39, 46.10, 38.50,  7.60
         0,     0, 3,21:55:57,21:56:02,     5, 38.50, 38.40,  0.10
  21268732,  6126, 1,21:57:20,21:58:31,    71, 41.20, 38.60,  2.60
         0,     0, 1,21:58:39,21:58:41,     2, 38.60, 41.30, -2.70
  12448517,  6130, 4,21:58:41,22:00:34,   113, 43.60, 35.90,  7.70
         0,     0, 4,22:00:42,22:00:48,     6, 35.90, 43.00, -7.10
  11953971,  4001, 2,22:02:47,22:03:32,    45, 43.40, 43.20,  0.20
  12706620,  7029, 1,22:03:25,22:03:52,    27, 41.40, 37.40,  4.00
         0,     0, 1,22:04:00,22:04:03,     3, 37.40, 41.30, -3.90
  11953971,  4001, 2,22:04:00,22:05:01,    61, 43.20, 25.40, 17.80
         0,     0, 2,22:05:10,22:05:28,    18, 25.40, 44.10,-18.70
  12706620,  7029, 1,22:06:46,22:07:49,    63, 41.30, 33.00,  8.30
         0,     0, 1,22:07:57,22:08:04,     7, 33.00, 41.30, -8.30
  12706669,     0, 7,22:08:37,22:09:40,    63, 40.90, 36.40,  4.50
         0,     0, 7,22:09:48,22:09:53,     5, 36.40, 41.00, -4.60
  12706669,     0, 8,22:11:47,22:12:28,    41, 40.10, 34.70,  5.40
         0,     0, 8,22:12:35,22:12:41,     6, 34.70, 41.20, -6.50
  13008864,     0, 7,22:13:27,22:13:30,     3, 41.10, 41.00,  0.10
  13008890,     0, 8,22:13:40,22:13:42,     2, 39.80, 39.80,  0.00
         0,     0, 8,22:13:50,22:13:50,     0, 39.80, 40.90, -1.10
  13008864,     0, 8,22:14:11,22:14:28,    17, 40.50, 39.50,  1.00
         0,     0, 8,22:14:36,22:14:37,     1, 39.50, 41.10, -1.60
  13008738,  7159, 2,22:13:31,22:15:59,   148, 44.10, 31.70, 12.40
         0,     0, 2,22:16:07,22:16:18,    11, 31.70, 44.10,-12.40
  21268732,  6126, 2,22:16:34,22:17:53,    79, 44.10, 40.50,  3.60
         0,     0, 2,22:18:01,22:18:03,     2, 40.50, 44.10, -3.60
  21268732,  6126, 1,22:18:13,22:18:31,    18, 41.40, 40.40,  1.00
  21268732,  6126, 1,22:20:40,22:21:43,    63, 40.40, 38.70,  1.70
         0,     0, 1,22:21:51,22:21:52,     1, 38.70, 41.30, -2.60
  12706618,  7027, 3,22:31:48,22:32:30,    42, 46.10, 37.70,  8.40
         0,     0, 3,22:32:37,22:32:43,     6, 37.70, 37.50,  0.20
  11953971,  4001, 1,22:39:55,22:40:36,    41, 41.30, 38.40,  2.90
         0,     0, 1,22:40:45,22:40:47,     2, 38.40, 41.40, -3.00
  12706642,  7051, 4,22:41:19,22:42:18,    59, 43.30, 32.90, 10.40
         0,     0, 4,22:42:27,22:42:36,     9, 32.90, 43.10,-10.20
  11724217,  3117, 2,22:40:58,22:42:45,   107, 44.10, 17.90, 26.20
         0,     0, 2,22:42:53,22:43:18,    25, 17.90, 44.20,-26.30
  12706618,  7027, 2,22:46:49,22:46:59,    10, 44.20, 43.50,  0.70
  12706628,  7037, 2,22:51:45,22:53:53,   128, 43.50, 35.20,  8.30
         0,     0, 2,22:54:01,22:54:09,     8, 35.20, 44.10, -8.90
  12448516,  6129, 4,22:53:59,22:55:11,    72, 43.10, 30.30, 12.80
  12706628,  7037, 2,22:54:19,22:55:23,    64, 44.10, 41.20,  2.90
         0,     0, 4,22:55:19,22:55:31,    12, 30.30, 43.00,-12.70
         0,     0, 2,22:55:31,22:55:32,     1, 41.20, 44.10, -2.90
  12706630,  7039, 1,22:57:27,22:59:25,   118, 41.30, 25.10, 16.20
         0,     0, 1,22:59:32,22:59:47,    15, 25.10, 41.30,-16.20
  12706618,  7027, 3,23:01:10,23:01:39,    29, 46.10, 41.10,  5.00
         0,     0, 3,23:01:46,23:01:49,     3, 41.10, 46.20, -5.10
  12706737,  7146, 4,23:01:58,23:04:06,   128, 43.50, 33.10, 10.40
         0,     0, 4,23:04:14,23:04:23,     9, 33.10, 43.20,-10.10
  11954042,  4072, 1,23:12:33,23:14:07,    94, 41.30, 29.90, 11.40
         0,     0, 1,23:14:14,23:14:24,    10, 29.90, 41.20,-11.30
  12706737,  7146, 4,23:21:00,23:23:11,   131, 43.30, 38.10,  5.20
         0,     0, 4,23:23:18,23:23:22,     4, 38.10, 43.10, -5.00
  12706618,  7027, 4,23:24:14,23:24:50,    36, 43.10, 37.00,  6.10
         0,     0, 4,23:24:57,23:25:02,     5, 37.00, 43.10, -6.10
  12706601,  7010, 4,23:26:39,23:27:01,    22, 43.20, 39.60,  3.60
         0,     0, 4,23:27:09,23:27:12,     3, 39.60, 43.10, -3.50
  12706613,  7022, 1,23:25:41,23:27:13,    92, 41.20, 28.10, 13.10
         0,     0, 1,23:27:21,23:27:33,    12, 28.10, 41.30,-13.20
  12706601,  7010, 3,23:34:11,23:35:29,    78, 46.30, 35.90, 10.40
         0,     0, 3,23:35:36,23:35:44,     8, 35.90, 46.20,-10.30
  12448521,  6134, 1,23:34:04,23:35:41,    97, 41.30, 29.90, 11.40
         0,     0, 1,23:35:50,23:36:00,    10, 29.90, 41.30,-11.40
  12200086,  5140, 1,23:36:47,23:37:49,    62, 41.30, 35.70,  5.60
         0,     0, 1,23:37:56,23:38:00,     4, 35.70, 41.20, -5.50
  12200081,  5135, 2,23:37:58,23:39:26,    88, 44.10, 31.80, 12.30
         0,     0, 2,23:39:33,23:39:44,    11, 31.80, 44.10,-12.30
         0,     0, 5,23:44:28,23:44:38,    10, 40.90, 40.90,  0.00
         0,     0, 7,23:44:29,23:44:39,    10, 41.00, 41.00,  0.00
         0,     0, 8,23:44:29,23:44:39,    10, 40.90, 40.90,  0.00
         0,     0, 1,23:44:29,23:44:39,    10, 41.20, 41.20,  0.00
         0,     0, 2,23:44:29,23:44:39,    10, 44.00, 44.00,  0.00
         0,     0, 3,23:44:29,23:44:39,    10, 46.20, 46.20,  0.00
         0,     0, 4,23:44:29,23:44:39,    10, 43.20, 43.20,  0.00
