         0,     0, 7, 0:03:02, 0:03:12,    10, 28.00, 28.00,  0.00
         0,     0, 8, 0:03:02, 0:03:12,    10, 41.20, 41.20,  0.00
         0,     0, 1, 0:03:03, 0:03:13,    10, 41.30, 41.30,  0.00
         0,     0, 2, 0:03:03, 0:03:13,    10, 44.20, 44.20,  0.00
         0,     0, 3, 0:03:03, 0:03:13,    10, 46.00, 46.00,  0.00
         0,     0, 4, 0:03:03, 0:03:13,    10, 43.20, 43.20,  0.00
         0,     0, 5, 0:03:03, 0:03:13,    10, 27.10, 27.10,  0.00
  11724167,  3067, 2, 0:04:34, 0:05:29,    55, 44.20, 34.00, 10.20
         0,     0, 2, 0:05:37, 0:05:46,     9, 34.00, 44.10,-10.10
  12706634,  7043, 4, 0:03:05, 0:05:52,   167, 43.30, 23.30, 20.00
         0,     0, 4, 0:05:59, 0:06:18,    19, 23.30, 23.30,  0.00
  13323409,     0, 5, 0:16:53, 0:16:54,     1, 27.10, 27.10,  0.00
         0,     0, 5, 0:17:02, 0:17:14,    12, 27.10, 41.60,-14.50
  13323409,     0, 5, 0:18:35, 0:18:35,     0, 38.80, 36.10,  2.70
         0,     0, 5, 0:18:44, 0:18:48,     4, 36.10, 41.60, -5.50
  12448472,     0, 7, 0:25:02, 0:25:03,     1, 26.70, 26.80, -0.10
  12448472,     0, 8, 0:25:12, 0:25:14,     2, 41.10, 41.10,  0.00
         0,     0, 7, 0:25:10, 0:25:29,    19, 26.80, 41.20,-14.40
  12448408,  6021, 3, 0:27:52, 0:27:58,     6, 46.40, 46.30,  0.10
  13008748,  7169, 2, 0:26:08, 0:28:13,   125, 44.10, 33.50, 10.60
         0,     0, 2, 0:28:21, 0:28:30,     9, 33.50, 44.10,-10.60
  12448408,  6021, 4, 0:28:04, 0:28:52,    48, 43.60, 30.90, 12.70
         0,     0, 4, 0:28:59, 0:29:10,    11, 30.90, 43.50,-12.60
  12448482,     0, 8, 0:32:59, 0:33:24,    25, 41.00, 41.00,  0.00
  12448482,     0, 8, 0:33:46, 0:37:17,   211, 40.70, 33.50,  7.20
         0,     0, 8, 0:37:25, 0:37:32,     7, 33.50, 41.20, -7.70
  12706642,  7051, 3, 0:41:13, 0:42:33,    80, 46.40, 39.70,  6.70
         0,     0, 3, 0:42:40, 0:42:45,     5, 39.70, 39.60,  0.10
  12706642,  7051, 4, 0:42:41, 0:43:49,    68, 43.20, 32.90, 10.30
         0,     0, 4, 0:43:56, 0:44:06,    10, 32.90, 43.30,-10.40
  12448434,  6047, 1, 0:48:49, 0:51:15,   146, 41.30, 27.40, 13.90
         0,     0, 1, 0:51:23, 0:51:36,    13, 27.40, 41.30,-13.90
  12448415,  6028, 3, 0:52:22, 0:52:53,    31, 46.30, 46.30,  0.00
  12200091,  5145, 4, 0:52:42, 0:53:40,    58, 43.40, 27.20, 16.20
         0,     0, 4, 0:53:47, 0:54:02,    15, 27.20, 27.10,  0.10
  12448392,  6005, 1, 0:53:39, 0:56:39,   180, 41.30, 14.30, 27.00
         0,     0, 1, 0:56:47, 0:57:13,    26, 14.30, 41.40,-27.10
  13008748,  7169, 2, 0:56:09, 0:57:24,    75, 44.10, 41.40,  2.70
         0,     0, 2, 0:57:32, 0:57:33,     1, 41.40, 44.10, -2.70
  12448415,  6028, 3, 0:58:27, 0:59:00,    33, 46.40, 46.20,  0.20
  12706656,  7065, 1, 1:06:48, 1:09:05,   137, 41.40, 20.90, 20.50
         0,     0, 1, 1:09:14, 1:09:34,    20, 20.90, 41.40,-20.50
  12448426,  6039, 4, 1:09:39, 1:10:36,    57, 43.60, 28.50, 15.10
         0,     0, 4, 1:10:43, 1:10:57,    14, 28.50, 43.20,-14.70
  12448426,  6039, 4, 1:11:08, 1:11:38,    30, 43.20, 36.60,  6.60
         0,     0, 4, 1:11:45, 1:11:51,     6, 36.60, 36.60,  0.00
  13008748,  7169, 2, 1:20:59, 1:23:03,   124, 44.10, 40.30,  3.80
         0,     0, 2, 1:23:11, 1:23:13,     2, 40.30, 44.10, -3.80
  12448434,  6047, 2, 1:27:34, 1:28:48,    74, 44.10, 37.70,  6.40
         0,     0, 2, 1:28:55, 1:29:00,     5, 37.70, 44.20, -6.50
  12706624,  7033, 4, 1:41:36, 1:42:06,    30, 43.40, 42.60,  0.80
  11953971,  4001, 1, 1:41:14, 1:43:41,   147, 41.40, 41.30,  0.10
  12706624,  7033, 4, 1:42:17, 1:44:02,   105, 42.60, 33.30,  9.30
         0,     0, 4, 1:44:09, 1:44:18,     9, 33.30, 43.20, -9.90
  12448437,  6050, 2, 1:43:47, 1:45:32,   105, 44.20, 28.40, 15.80
  11953971,  4001, 1, 1:44:02, 1:45:35,    93, 41.30, 41.20,  0.10
         0,     0, 2, 1:45:41, 1:45:56,    15, 28.40, 44.20,-15.80
  12448437,  6050, 1, 1:46:10, 1:46:22,    12, 41.20, 41.20,  0.00
  11953971,  4001, 1, 1:49:31, 1:51:36,   125, 41.20, 23.30, 17.90
         0,     0, 1, 1:51:45, 1:52:02,    17, 23.30, 41.30,-18.00
  12448434,  6047, 3, 1:52:55, 1:53:29,    34, 46.40, 45.00,  1.40
  13008774,  8015, 4, 1:54:10, 1:55:37,    87, 43.20, 35.20,  8.00
         0,     0, 4, 1:55:44, 1:55:51,     7, 35.20, 35.20,  0.00
  12706610,  7019, 3, 2:03:30, 2:03:34,     4, 45.20, 45.00,  0.20
  12706610,  7019, 4, 2:03:58, 2:04:46,    48, 43.60, 41.00,  2.60
         0,     0, 4, 2:04:53, 2:04:55,     2, 41.00, 43.30, -2.30
  12200083,  5137, 1, 2:06:08, 2:06:33,    25, 41.30, 41.30,  0.00
  12200083,  5137, 2, 2:06:42, 2:07:07,    25, 44.20, 44.20,  0.00
  12200083,  5137, 4, 2:07:38, 2:08:39,    61, 43.30, 29.30, 14.00
         0,     0, 4, 2:08:46, 2:08:59,    13, 29.30, 43.30,-14.00
  12448516,  6129, 3, 2:08:50, 2:09:12,    22, 45.20, 45.10,  0.10
  12200083,  5137, 4, 2:09:09, 2:09:15,     6, 43.40, 42.80,  0.60
  12448516,  6129, 4, 2:09:27, 2:10:59,    92, 42.80, 30.10, 12.70
         0,     0, 4, 2:11:07, 2:11:19,    12, 30.10, 43.20,-13.10
  12200083,  5137, 4, 2:16:05, 2:17:37,    92, 43.50, 29.00, 14.50
         0,     0, 4, 2:17:44, 2:17:57,    13, 29.00, 43.20,-14.20
  13008774,  8015, 4, 2:18:39, 2:20:47,   128, 43.20, 35.40,  7.80
         0,     0, 4, 2:20:55, 2:21:02,     7, 35.40, 43.20, -7.80
  12706618,  7027, 1, 2:23:02, 2:24:07,    65, 41.30, 33.80,  7.50
         0,     0, 1, 2:24:15, 2:24:21,     6, 33.80, 41.20, -7.40
  11499184,  2074, 2, 2:25:23, 2:26:08,    45, 44.20, 32.50, 11.70
         0,     0, 2, 2:26:16, 2:26:26,    10, 32.50, 44.20,-11.70
  12448516,  6129, 4, 2:37:20, 2:37:49,    29, 43.20, 37.60,  5.60
         0,     0, 4, 2:37:58, 2:38:03,     5, 37.60, 43.20, -5.60
  12706618,  7027, 4, 2:43:27, 2:43:55,    28, 43.20, 39.30,  3.90
         0,     0, 4, 2:44:03, 2:44:06,     3, 39.30, 43.40, -4.10
  11954042,  4072, 1, 2:48:54, 2:50:09,    75, 41.20, 34.00,  7.20
         0,     0, 1, 2:50:17, 2:50:23,     6, 34.00, 41.30, -7.30
  12448517,  6130, 4, 2:53:29, 2:55:17,   108, 43.30, 29.80, 13.50
         0,     0, 4, 2:55:25, 2:55:37,    12, 29.80, 43.20,-13.40
  11499184,  2074, 2, 2:56:02, 2:57:21,    79, 44.20, 32.80, 11.40
  12448521,  6134, 1, 2:55:58, 2:57:22,    84, 41.30, 33.20,  8.10
         0,     0, 1, 2:57:30, 2:57:37,     7, 33.20, 41.30, -8.10
         0,     0, 2, 2:57:28, 2:57:39,    11, 32.80, 44.30,-11.50
  12706618,  7027, 4, 2:59:54, 3:00:34,    40, 43.30, 37.10,  6.20
         0,     0, 4, 3:00:42, 3:00:47,     5, 37.10, 43.10, -6.00
  12448472,     0, 8, 3:03:10, 3:04:57,   107, 40.80, 36.50,  4.30
         0,     0, 8, 3:05:06, 3:05:10,     4, 36.50, 41.20, -4.70
  21268732,  6126, 1, 3:03:24, 3:05:15,   111, 41.30, 37.90,  3.40
         0,     0, 1, 3:05:23, 3:05:25,     2, 37.90, 41.30, -3.40
  12448472,     0, 7, 3:05:03, 3:05:38,    35, 41.20, 39.70,  1.50
         0,     0, 7, 3:05:47, 3:05:48,     1, 39.70, 41.10, -1.40
  21268732,  6126, 1, 3:05:42, 3:06:12,    30, 41.30, 38.70,  2.60
         0,     0, 1, 3:06:19, 3:06:20,     1, 38.70, 41.30, -2.60
  21268732,  6126, 1, 3:06:30, 3:07:37,    67, 41.30, 37.90,  3.40
         0,     0, 1, 3:07:45, 3:07:47,     2, 37.90, 41.40, -3.50
  21268732,  6126, 1, 3:08:15, 3:08:40,    25, 41.40, 40.30,  1.10
  11954008,  4038, 4, 3:08:56, 3:09:41,    45, 43.20, 33.10, 10.10
         0,     0, 4, 3:09:49, 3:09:58,     9, 33.10, 43.30,-10.20
  21268732,  6126, 1, 3:10:05, 3:10:37,    32, 40.30, 39.00,  1.30
         0,     0, 1, 3:10:44, 3:10:45,     1, 39.00, 41.30, -2.30
  21268732,  6126, 1, 3:11:00, 3:12:44,   104, 41.30, 38.50,  2.80
         0,     0, 1, 3:12:52, 3:12:54,     2, 38.50, 41.30, -2.80
  12448472,     0, 7, 3:19:09, 3:20:01,    52, 41.00, 40.90,  0.10
  11954008,  4038, 4, 3:38:36, 3:38:53,    17, 43.50, 42.00,  1.50
         0,     0, 4, 3:39:01, 3:39:02,     1, 42.00, 43.10, -1.10
  11499117,  2007, 2, 3:42:35, 3:44:04,    89, 44.20, 30.30, 13.90
         0,     0, 2, 3:44:11, 3:44:24,    13, 30.30, 44.20,-13.90
  11499117,  2007, 1, 4:07:13, 4:08:30,    77, 41.30, 35.00,  6.30
         0,     0, 1, 4:08:37, 4:08:42,     5, 35.00, 41.30, -6.30
  12706615,  7024, 2, 4:33:08, 4:35:02,   114, 44.10, 26.50, 17.60
         0,     0, 2, 4:35:10, 4:35:27,    17, 26.50, 44.20,-17.70
  12448398,  6011, 2, 4:36:44, 4:39:51,   187, 44.20, 27.00, 17.20
         0,     0, 2, 4:40:00, 4:40:16,    16, 27.00, 44.10,-17.10
  12706642,  7051, 1, 5:04:55, 5:05:30,    35, 41.30, 41.10,  0.20
  12706642,  7051, 1, 5:05:53, 5:07:26,    93, 41.10, 38.20,  2.90
         0,     0, 1, 5:07:34, 5:07:36,     2, 38.20, 41.40, -3.20
  12448417,  6030, 3, 6:06:03, 6:06:06,     3, 45.20, 45.10,  0.10
  12199951,  5005, 2, 6:06:22, 6:06:54,    32, 44.10, 44.00,  0.10
  12706609,  7018, 1, 6:06:34, 6:07:04,    30, 41.40, 36.90,  4.50
         0,     0, 1, 6:07:11, 6:07:14,     3, 36.90, 41.40, -4.50
  12706609,  7018, 2, 6:07:22, 6:08:21,    59, 44.00, 31.40, 12.60
         0,     0, 2, 6:08:28, 6:08:40,    12, 31.40, 44.20,-12.80
  12199951,  5005, 1, 6:07:24, 6:10:24,   180, 41.40, 21.50, 19.90
         0,     0, 1, 6:10:33, 6:10:51,    18, 21.50, 41.40,-19.90
  12448521,  6134, 2, 6:10:49, 6:11:06,    17, 44.20, 44.10,  0.10
  12706601,  7010, 4, 6:09:02, 6:11:32,   150, 43.00, 22.50, 20.50
         0,     0, 4, 6:11:41, 6:12:01,    20, 22.50, 43.30,-20.80
  12200091,  5145, 3, 6:12:39, 6:12:54,    15, 45.20, 44.90,  0.30
  12200081,  5135, 4, 6:12:43, 6:14:36,   113, 43.60, 32.60, 11.00
  12448521,  6134, 1, 6:13:30, 6:14:41,    71, 41.40, 32.20,  9.20
         0,     0, 4, 6:14:44, 6:14:54,    10, 32.60, 43.20,-10.60
         0,     0, 1, 6:14:49, 6:14:57,     8, 32.20, 41.30, -9.10
  12448516,  6129, 3, 6:16:28, 6:16:32,     4, 45.10, 45.00,  0.10
  12448516,  6129, 3, 6:16:50, 6:17:06,    16, 45.10, 45.00,  0.10
  12200091,  5145, 4, 6:15:04, 6:17:14,   130, 43.20, 27.70, 15.50
  12706614,  7023, 1, 6:15:07, 6:17:23,   136, 41.30, 40.80,  0.50
         0,     0, 4, 6:17:22, 6:17:36,    14, 27.70, 43.40,-15.70
  12706614,  7023, 1, 6:17:43, 6:19:04,    81, 40.80, 20.30, 20.50
         0,     0, 1, 6:19:13, 6:19:33,    20, 20.30, 41.30,-21.00
  12706624,  7033, 2, 6:17:49, 6:19:31,   102, 44.10, 43.90,  0.20
  12448417,  6030, 2, 6:19:41, 6:19:58,    17, 43.80, 43.70,  0.10
  12448434,  6047, 4, 6:17:46, 6:20:06,   140, 43.50, 23.90, 19.60
         0,     0, 4, 6:20:14, 6:20:32,    18, 23.90, 43.30,-19.40
  13008738,  7159, 2, 6:22:49, 6:23:00,    11, 43.70, 43.70,  0.00
  12448516,  6129, 4, 6:20:42, 6:23:15,   153, 43.40, 19.00, 24.40
  13008738,  7159, 1, 6:23:06, 6:23:40,    34, 41.30, 41.10,  0.20
         0,     0, 4, 6:23:23, 6:23:46,    23, 19.00, 43.20,-24.20
  12706620,  7029, 2, 6:23:48, 6:23:57,     9, 43.70, 43.70,  0.00
  12706620,  7029, 1, 6:24:04, 6:26:04,   120, 41.10, 26.20, 14.90
         0,     0, 1, 6:26:12, 6:26:26,    14, 26.20, 41.30,-15.10
  11724217,  3117, 2, 6:26:13, 6:27:41,    88, 43.70, 24.60, 19.10
         0,     0, 2, 6:27:48, 6:28:07,    19, 24.60, 44.20,-19.60
  12448408,  6021, 4, 6:28:08, 6:30:05,   117, 43.70, 22.80, 20.90
  12448415,  6028, 1, 6:27:45, 6:30:23,   158, 41.30, 21.20, 20.10
         0,     0, 4, 6:30:13, 6:30:32,    19, 22.80, 43.10,-20.30
         0,     0, 1, 6:30:31, 6:30:50,    19, 21.20, 41.30,-20.10
  12706613,  7022, 2, 6:29:28, 6:30:49,    81, 44.20, 33.60, 10.60
         0,     0, 2, 6:30:56, 6:31:05,     9, 33.60, 44.20,-10.60
  11954042,  4072, 3, 6:30:56, 6:31:23,    27, 45.30, 44.90,  0.40
  12706613,  7022, 1, 6:31:41, 6:31:55,    14, 41.30, 39.90,  1.40
         0,     0, 1, 6:32:02, 6:32:02,     0, 39.90, 41.10, -1.20
  12448437,  6050, 2, 6:31:16, 6:34:04,   168, 44.10, 22.40, 21.70
  13008748,  7169, 4, 6:30:42, 6:34:20,   218, 43.10, 40.70,  2.40
         0,     0, 4, 6:34:28, 6:34:30,     2, 40.70, 43.20, -2.50
         0,     0, 2, 6:34:11, 6:34:32,    21, 22.40, 44.20,-21.80
  12706621,  7030, 1, 6:33:47, 6:35:32,   105, 41.10, 17.20, 23.90
         0,     0, 1, 6:35:40, 6:36:02,    22, 17.20, 41.30,-24.10
  12706628,  7037, 2, 6:35:11, 6:37:39,   148, 44.20, 27.20, 17.00
  12448521,  6134, 1, 6:36:41, 6:37:58,    77, 41.30, 31.60,  9.70
         0,     0, 2, 6:37:47, 6:38:03,    16, 27.20, 44.20,-17.00
         0,     0, 1, 6:38:05, 6:38:14,     9, 31.60, 41.40, -9.80
  13008774,  8015, 4, 6:36:13, 6:38:20,   127, 43.30, 34.50,  8.80
         0,     0, 4, 6:38:28, 6:38:36,     8, 34.50, 43.30, -8.80
  12448434,  6047, 2, 6:39:25, 6:40:00,    35, 44.20, 37.80,  6.40
         0,     0, 2, 6:40:08, 6:40:13,     5, 37.80, 44.30, -6.50
  12448521,  6134, 1, 6:38:31, 6:40:14,   103, 41.40, 40.20,  1.20
  12706737,  7146, 3, 6:40:13, 6:40:18,     5, 45.10, 45.00,  0.10
  12200086,  5140, 2, 6:40:23, 6:40:38,    15, 44.30, 42.40,  1.90
  12448518,  6131, 1, 6:40:52, 6:41:50,    58, 40.20, 26.50, 13.70
  21268732,  6126, 4, 6:40:39, 6:42:06,    87, 43.30, 40.20,  3.10
         0,     0, 1, 6:41:58, 6:42:11,    13, 26.50, 41.30,-14.80
         0,     0, 4, 6:42:14, 6:42:16,     2, 40.20, 43.30, -3.10
  12200086,  5140, 2, 6:42:02, 6:42:17,    15, 42.40, 39.60,  2.80
         0,     0, 2, 6:42:26, 6:42:29,     3, 39.60, 44.10, -4.50
  12200086,  5140, 2, 6:42:40, 6:43:04,    24, 44.10, 39.10,  5.00
         0,     0, 2, 6:43:12, 6:43:16,     4, 39.10, 44.20, -5.10
  11954042,  4072, 1, 6:42:28, 6:43:24,    56, 41.30, 29.10, 12.20
         0,     0, 1, 6:43:31, 6:43:42,    11, 29.10, 41.30,-12.20
  12706609,  7018, 3, 6:43:38, 6:43:43,     5, 45.00, 45.00,  0.00
  12706737,  7146, 2, 6:43:39, 6:46:42,   183, 44.20, 25.10, 19.10
         0,     0, 2, 6:46:50, 6:47:08,    18, 25.10, 44.20,-19.10
  12706610,  7019, 4, 6:45:59, 6:47:35,    96, 43.40, 27.00, 16.40
         0,     0, 4, 6:47:43, 6:47:58,    15, 27.00, 43.30,-16.30
  12706613,  7022, 1, 6:50:30, 6:50:53,    23, 41.30, 38.70,  2.60
         0,     0, 1, 6:51:00, 6:51:01,     1, 38.70, 41.30, -2.60
  13008748,  7169, 2, 6:49:46, 6:51:01,    75, 44.20, 43.40,  0.80
  12706609,  7018, 3, 6:50:00, 6:51:04,    64, 45.10, 37.30,  7.80
         0,     0, 3, 6:51:13, 6:51:20,     7, 37.30, 37.30,  0.00
  12706613,  7022, 2, 6:51:20, 6:51:33,    13, 43.50, 42.40,  1.10
  11724167,  3067, 4, 6:53:04, 6:54:20,    76, 43.70, 21.90, 21.80
         0,     0, 4, 6:54:28, 6:54:48,    20, 21.90, 43.30,-21.40
  12448518,  6131, 2, 6:57:28, 6:58:56,    88, 42.40, 34.70,  7.70
  12706620,  7029, 4, 6:57:12, 6:58:57,   105, 43.30, 37.50,  5.80
         0,     0, 4, 6:59:06, 6:59:11,     5, 37.50, 37.50,  0.00
  12448398,  6011, 1, 6:57:34, 6:59:10,    96, 41.30, 20.50, 20.80
         0,     0, 2, 6:59:03, 6:59:12,     9, 34.70, 44.30, -9.60
         0,     0, 1, 6:59:17, 6:59:37,    20, 20.50, 41.30,-20.80
  12706613,  7022, 1, 7:00:52, 7:01:26,    34, 41.30, 36.90,  4.40
         0,     0, 1, 7:01:35, 7:01:38,     3, 36.90, 41.30, -4.40
  13323409,     0, 5, 7:02:28, 7:02:45,    17, 37.90, 35.00,  2.90
         0,     0, 5, 7:02:53, 7:02:58,     5, 35.00, 35.10, -0.10
  12706642,  7051, 1, 7:02:18, 7:04:27,   129, 41.30, 25.80, 15.50
         0,     0, 1, 7:04:35, 7:04:49,    14, 25.80, 41.40,-15.60
  12448417,  6030, 4, 7:04:35, 7:06:26,   111, 43.00, 22.60, 20.40
         0,     0, 4, 7:06:34, 7:06:54,    20, 22.60, 43.20,-20.60
  13008748,  7169, 2, 7:04:00, 7:07:12,   192, 44.30, 35.50,  8.80
         0,     0, 2, 7:07:19, 7:07:26,     7, 35.50, 44.10, -8.60
  12706628,  7037, 3, 7:07:55, 7:08:01,     6, 46.40, 46.50, -0.10
  12706628,  7037, 4, 7:08:06, 7:08:54,    48, 43.70, 39.40,  4.30
         0,     0, 4, 7:09:01, 7:09:04,     3, 39.40, 43.30, -3.90
  12200086,  5140, 4, 7:09:59, 7:11:03,    64, 43.40, 34.40,  9.00
         0,     0, 4, 7:11:11, 7:11:19,     8, 34.40, 43.20, -8.80
  12448415,  6028, 2, 7:08:00, 7:11:22,   202, 44.10, 29.50, 14.60
         0,     0, 2, 7:11:29, 7:11:43,    14, 29.50, 44.20,-14.70
  12706609,  7018, 2, 7:13:56, 7:15:20,    84, 44.20, 37.60,  6.60
         0,     0, 2, 7:15:27, 7:15:32,     5, 37.60, 44.20, -6.60
  13008774,  8015, 1, 7:13:36, 7:16:02,   146, 41.40, 32.70,  8.70
         0,     0, 1, 7:16:10, 7:16:17,     7, 32.70, 41.30, -8.60
  12448434,  6047, 1, 7:20:06, 7:21:45,    99, 41.30, 36.30,  5.00
         0,     0, 1, 7:21:52, 7:21:56,     4, 36.30, 41.20, -4.90
  12706628,  7037, 1, 7:22:07, 7:24:33,   146, 41.20, 31.20, 10.00
         0,     0, 1, 7:24:41, 7:24:51,    10, 31.20, 41.30,-10.10
  11724167,  3067, 3, 7:31:17, 7:31:27,    10, 46.60, 46.40,  0.20
  12706624,  7033, 1, 7:31:37, 7:31:41,     4, 41.30, 41.30,  0.00
  11724167,  3067, 4, 7:31:50, 7:32:36,    46, 43.50, 28.40, 15.10
         0,     0, 4, 7:32:45, 7:32:59,    14, 28.40, 43.30,-14.90
  12706624,  7033, 1, 7:33:02, 7:33:26,    24, 41.30, 41.30,  0.00
  12706624,  7033, 3, 7:35:05, 7:35:17,    12, 46.60, 46.40,  0.20
  11724217,  3117, 1, 7:33:35, 7:35:17,   102, 41.30, 18.80, 22.50
         0,     0, 1, 7:35:25, 7:35:46,    21, 18.80, 41.30,-22.50
  12200081,  5135, 4, 7:34:53, 7:35:53,    60, 43.30, 32.00, 11.30
         0,     0, 4, 7:36:01, 7:36:11,    10, 32.00, 43.20,-11.20
  12706624,  7033, 4, 7:36:45, 7:39:28,   163, 43.50, 21.70, 21.80
         0,     0, 4, 7:39:37, 7:39:58,    21, 21.70, 43.20,-21.50
  11954008,  4038, 2, 7:45:56, 7:48:20,   144, 44.20, 25.60, 18.60
         0,     0, 2, 7:48:28, 7:48:46,    18, 25.60, 44.20,-18.60
  12706618,  7027, 1, 7:48:00, 7:48:57,    57, 41.40, 31.70,  9.70
         0,     0, 1, 7:49:05, 7:49:13,     8, 31.70, 41.20, -9.50
  12706628,  7037, 1, 7:52:19, 7:53:26,    67, 41.20, 35.50,  5.70
         0,     0, 1, 7:53:33, 7:53:38,     5, 35.50, 41.30, -5.80
  12706628,  7037, 2, 7:54:00, 7:54:42,    42, 44.20, 41.70,  2.50
         0,     0, 2, 7:54:50, 7:54:51,     1, 41.70, 44.10, -2.40
  12200079,  5133, 4, 7:56:18, 7:58:51,   153, 43.90, 21.40, 22.50
         0,     0, 4, 7:58:59, 7:59:20,    21, 21.40, 43.20,-21.80
  12448521,  6134, 3, 7:59:33, 7:59:47,    14, 46.60, 46.50,  0.10
  12200085,  5139, 1, 8:00:38, 8:00:45,     7, 41.30, 41.30,  0.00
  12706634,  7043, 4, 8:00:41, 8:04:10,   209, 43.70, 29.30, 14.40
         0,     0, 4, 8:04:18, 8:04:31,    13, 29.30, 43.30,-14.00
  12448426,  6039, 4, 8:04:41, 8:05:32,    51, 43.20, 26.70, 16.50
         0,     0, 4, 8:05:40, 8:05:56,    16, 26.70, 43.30,-16.60
  12706618,  7027, 1, 8:07:38, 8:09:02,    84, 41.30, 35.20,  6.10
         0,     0, 1, 8:09:10, 8:09:15,     5, 35.20, 41.20, -6.00
  12200085,  5139, 3, 8:12:33, 8:12:45,    12, 46.50, 46.40,  0.10
  12706634,  7043, 1, 8:11:17, 8:12:51,    94, 41.20, 29.90, 11.30
         0,     0, 1, 8:13:00, 8:13:10,    10, 29.90, 41.30,-11.40
  12200085,  5139, 4, 8:13:25, 8:13:49,    24, 43.70, 40.90,  2.80
         0,     0, 4, 8:13:57, 8:13:59,     2, 40.90, 43.30, -2.40
  12200083,  5137, 4, 8:14:10, 8:15:52,   102, 43.40, 31.80, 11.60
  13008774,  8015, 1, 8:14:16, 8:16:06,   110, 41.30, 32.20,  9.10
         0,     0, 4, 8:16:00, 8:16:11,    11, 31.80, 43.20,-11.40
         0,     0, 1, 8:16:14, 8:16:22,     8, 32.20, 41.40, -9.20
  11954042,  4072, 2, 8:20:04, 8:20:08,     4, 44.10, 44.10,  0.00
  11954042,  4072, 1, 8:20:11, 8:20:52,    41, 41.40, 40.30,  1.10
  11954042,  4072, 1, 8:21:02, 8:21:34,    32, 40.40, 33.10,  7.30
  12448408,  6021, 2, 8:20:18, 8:21:40,    82, 44.10, 35.60,  8.50
         0,     0, 1, 8:21:42, 8:21:49,     7, 33.10, 41.30, -8.20
         0,     0, 2, 8:21:48, 8:21:55,     7, 35.60, 44.30, -8.70
  12200079,  5133, 1, 8:21:59, 8:22:17,    18, 41.30, 41.00,  0.30
  11954042,  4072, 2, 8:22:05, 8:22:23,    18, 44.20, 40.40,  3.80
         0,     0, 2, 8:22:31, 8:22:33,     2, 40.40, 44.10, -3.70
  12448408,  6021, 4, 8:23:15, 8:23:31,    16, 43.30, 40.30,  3.00
         0,     0, 4, 8:23:38, 8:23:40,     2, 40.30, 43.30, -3.00
  12200079,  5133, 2, 8:22:43, 8:24:08,    85, 44.10, 29.80, 14.30
  12706628,  7037, 1, 8:22:31, 8:24:17,   106, 41.00, 31.60,  9.40
         0,     0, 2, 8:24:16, 8:24:30,    14, 29.80, 44.20,-14.40
         0,     0, 1, 8:24:25, 8:24:34,     9, 31.60, 41.30, -9.70
  12200079,  5133, 2, 8:24:45, 8:25:09,    24, 44.10, 41.00,  3.10
         0,     0, 2, 8:25:18, 8:25:20,     2, 41.00, 44.20, -3.20
  13008738,  7159, 4, 8:23:52, 8:26:23,   151, 43.40, 28.80, 14.60
         0,     0, 4, 8:26:31, 8:26:44,    13, 28.80, 43.20,-14.40
  12706727,     0, 7, 8:27:34, 8:27:46,    12, 41.00, 40.20,  0.80
  12448392,  6005, 3, 8:25:47, 8:28:23,   156, 46.60, 24.20, 22.40
  12706727,     0, 8, 8:28:02, 8:28:24,    22, 40.50, 35.90,  4.60
  12448420,  6033, 4, 8:26:54, 8:28:25,    91, 43.30, 33.40,  9.90
         0,     0, 8, 8:28:31, 8:28:36,     5, 35.90, 41.20, -5.30
         0,     0, 4, 8:28:33, 8:28:43,    10, 33.40, 43.30, -9.90
         0,     0, 3, 8:28:31, 8:28:50,    19, 24.20, 29.40, -5.20
  12448420,  6033, 4, 8:29:15, 8:30:27,    72, 43.20, 40.40,  2.80
         0,     0, 4, 8:30:35, 8:30:37,     2, 40.40, 43.30, -2.90
  12448517,  6130, 1, 8:30:57, 8:31:16,    19, 41.30, 41.40, -0.10
  12448517,  6130, 2, 8:32:18, 8:32:23,     5, 44.20, 44.20,  0.00
  12706628,  7037, 4, 8:32:13, 8:32:42,    29, 43.40, 41.70,  1.70
         0,     0, 4, 8:32:49, 8:32:50,     1, 41.70, 43.20, -1.50
  12200083,  5137, 1, 8:31:59, 8:33:00,    61, 41.40, 35.40,  6.00
         0,     0, 1, 8:33:09, 8:33:14,     5, 35.40, 41.30, -5.90
  12706615,  7024, 1, 8:35:00, 8:35:09,     9, 41.30, 41.30,  0.00
  12448440,     0, 8, 8:35:06, 8:35:32,    26, 41.20, 38.40,  2.80
         0,     0, 8, 8:35:41, 8:35:43,     2, 38.40, 41.30, -2.90
  12706707,     0, 8, 8:38:19, 8:38:24,     5, 41.30, 41.20,  0.10
  12706615,  7024, 1, 8:35:31, 8:38:27,   176, 41.30, 30.30, 11.00
         0,     0, 1, 8:38:36, 8:38:46,    10, 30.30, 41.30,-11.00
  12448517,  6130, 3, 8:39:26, 8:39:31,     5, 46.70, 46.60,  0.10
  12448517,  6130, 4, 8:39:36, 8:42:38,   182, 43.20, 22.80, 20.40
  12706707,     0, 7, 8:42:34, 8:42:52,    18, 40.30, 37.80,  2.50
         0,     0, 7, 8:43:01, 8:43:05,     4, 37.80, 41.00, -3.20
         0,     0, 4, 8:42:46, 8:43:05,    19, 22.80, 43.20,-20.40
  12706707,     0, 7, 8:43:21, 8:43:22,     1, 39.30, 39.30,  0.00
         0,     0, 7, 8:43:29, 8:43:31,     2, 39.30, 41.10, -1.80
  12706656,  7065, 1, 8:45:24, 8:46:46,    82, 41.30, 21.60, 19.70
  11499184,  2074, 2, 8:46:36, 8:46:49,    13, 44.20, 41.70,  2.50
         0,     0, 2, 8:46:57, 8:46:58,     1, 41.70, 44.10, -2.40
  13323409,     0, 5, 8:46:53, 8:47:06,    13, 35.30, 33.50,  1.80
         0,     0, 1, 8:46:55, 8:47:14,    19, 21.60, 41.30,-19.70
         0,     0, 5, 8:47:14, 8:47:20,     6, 33.50, 33.60, -0.10
  13323409,     0, 5, 8:47:50, 8:47:50,     0, 39.90, 40.00, -0.10
         0,     0, 5, 8:47:59, 8:47:59,     0, 40.00, 40.50, -0.50
  11499184,  2074, 2, 8:47:20, 8:48:37,    77, 44.10, 24.10, 20.00
  12448408,  6021, 4, 8:47:44, 8:48:38,    54, 43.60, 29.20, 14.40
  13323409,     0, 5, 8:48:23, 8:48:46,    23, 40.50, 35.20,  5.30
         0,     0, 5, 8:48:54, 8:48:59,     5, 35.20, 41.60, -6.40
         0,     0, 4, 8:48:46, 8:49:00,    14, 29.20, 43.10,-13.90
         0,     0, 2, 8:48:45, 8:49:05,    20, 24.10, 44.20,-20.10
  12706727,     0, 8, 8:48:28, 8:49:24,    56, 41.20, 34.80,  6.40
         0,     0, 8, 8:49:31, 8:49:36,     5, 34.80, 40.60, -5.80
  11499184,  2074, 1, 8:50:11, 8:50:23,    12, 41.40, 38.30,  3.10
         0,     0, 1, 8:50:30, 8:50:32,     2, 38.30, 41.20, -2.90
  12448440,     0, 8, 8:49:48, 8:50:32,    44, 39.50, 34.50,  5.00
         0,     0, 8, 8:50:40, 8:50:46,     6, 34.50, 41.20, -6.70
  12448440,     0, 7, 8:50:41, 8:51:15,    34, 41.20, 39.10,  2.10
  12448472,     0, 8, 8:50:56, 8:51:17,    21, 41.10, 40.50,  0.60
         0,     0, 7, 8:51:22, 8:51:24,     2, 39.10, 41.10, -2.00
  13323412,     0, 5, 8:51:11, 8:51:35,    24, 30.20, 30.10,  0.10
         0,     0, 5, 8:51:42, 8:51:52,    10, 30.10, 41.60,-11.50
  11954042,  4072, 4, 8:52:25, 8:52:28,     3, 43.50, 43.50,  0.00
  12448472,     0, 7, 8:51:44, 8:52:49,    65, 40.40, 36.10,  4.30
         0,     0, 7, 8:52:57, 8:53:03,     6, 36.10, 41.10, -5.00
  12706651,     0, 7, 8:59:13, 8:59:16,     3, 34.70, 34.70,  0.00
  11954042,  4072, 4, 8:58:00, 8:59:27,    87, 43.40, 33.40, 10.00
         0,     0, 7, 8:59:24, 8:59:32,     8, 34.70, 40.60, -5.90
         0,     0, 4, 8:59:34, 8:59:43,     9, 33.40, 43.30, -9.90
  12706651,     0, 7, 8:59:48, 8:59:51,     3, 39.50, 39.50,  0.00
         0,     0, 7, 8:59:58, 8:59:59,     1, 39.50, 41.10, -1.60
  12706601,  7010, 2, 9:00:20, 9:00:28,     8, 44.20, 44.20,  0.00
  12706614,  7023, 1, 9:00:12, 9:00:49,    37, 41.30, 41.20,  0.10
  13323412,     0, 5, 9:01:24, 9:02:26,    62, 41.30, 38.50,  2.80
         0,     0, 5, 9:02:34, 9:02:36,     2, 38.50, 41.50, -3.00
  12706615,  7024, 2, 9:02:26, 9:03:02,    36, 44.20, 44.00,  0.20
  12706601,  7010, 1, 9:00:59, 9:03:25,   146, 41.10, 31.40,  9.70
         0,     0, 1, 9:03:33, 9:03:42,     9, 31.40, 41.30, -9.90
  12706705,     0, 7, 9:04:05, 9:04:08,     3, 41.10, 41.10,  0.00
  12706615,  7024, 1, 9:04:22, 9:05:50,    88, 41.30, 40.70,  0.60
  12706609,  7018, 2, 9:04:33, 9:05:55,    82, 44.10, 36.60,  7.50
         0,     0, 2, 9:06:04, 9:06:10,     6, 36.60, 44.10, -7.50
  12448420,  6033, 4, 9:06:47, 9:07:01,    14, 43.30, 43.30,  0.00
  12706705,     0, 8, 9:04:22, 9:07:02,   160, 40.30, 24.50, 15.80
  12706610,  7019, 1, 9:06:03, 9:07:23,    80, 40.70, 19.50, 21.20
         0,     0, 8, 9:07:10, 9:07:27,    17, 24.50, 41.20,-16.70
         0,     0, 1, 9:07:31, 9:07:52,    21, 19.50, 41.30,-21.80
  12199959,     0, 8, 9:08:11, 9:08:24,    13, 41.20, 41.10,  0.10
  12448420,  6033, 4, 9:07:15, 9:08:56,   101, 43.40, 36.90,  6.50
  12706630,  7039, 2, 9:08:29, 9:09:00,    31, 44.10, 44.10,  0.00
         0,     0, 4, 9:09:04, 9:09:10,     6, 36.90, 43.30, -6.40
  12199959,     0, 8, 9:09:28, 9:09:51,    23, 39.40, 37.80,  1.60
         0,     0, 8, 9:09:59, 9:10:02,     3, 37.80, 41.10, -3.30
  12199959,     0, 8, 9:10:22, 9:10:37,    15, 38.10, 38.10,  0.00
  12200083,  5137, 2, 9:09:23, 9:10:37,    74, 44.10, 36.30,  7.80
         0,     0, 8, 9:10:44, 9:10:49,     5, 38.10, 40.90, -2.80
         0,     0, 2, 9:10:45, 9:10:52,     7, 36.30, 44.00, -7.70
  12706630,  7039, 1, 9:09:30, 9:11:36,   126, 41.30, 22.10, 19.20
         0,     0, 1, 9:11:44, 9:12:02,    18, 22.10, 41.40,-19.30
  12200083,  5137, 1, 9:12:15, 9:12:25,    10, 41.40, 41.30,  0.10
  12448420,  6033, 4, 9:09:25, 9:13:20,   235, 43.30, 43.60, -0.30
  12706615,  7024, 1, 9:13:05, 9:14:34,    89, 41.30, 30.90, 10.40
         0,     0, 1, 9:14:42, 9:14:51,     9, 30.90, 41.20,-10.30
  12448391,  6004, 2, 9:13:14, 9:15:41,   147, 44.00, 26.00, 18.00
         0,     0, 2, 9:15:50, 9:16:08,    18, 26.00, 44.20,-18.20
  12200086,  5140, 1, 9:16:00, 9:16:55,    55, 41.30, 36.00,  5.30
         0,     0, 1, 9:17:03, 9:17:07,     4, 36.00, 41.30, -5.30
  21268732,  6126, 2, 9:16:29, 9:17:12,    43, 44.20, 39.80,  4.40
         0,     0, 2, 9:17:20, 9:17:23,     3, 39.80, 44.10, -4.30
  11953971,  4001, 2, 9:17:33, 9:19:33,   120, 44.10, 27.50, 16.60
  12200091,  5145, 1, 9:17:57, 9:19:37,   100, 41.30, 28.90, 12.40
         0,     0, 1, 9:19:46, 9:19:58,    12, 28.90, 41.30,-12.40
         0,     0, 2, 9:19:42, 9:19:59,    17, 27.50, 44.10,-16.60
  13323412,     0, 5, 9:22:30, 9:23:14,    44, 28.70, 28.70,  0.00
  12706656,  7065, 3, 9:22:37, 9:23:17,    40, 46.60, 44.10,  2.50
         0,     0, 5, 9:23:21, 9:23:31,    10, 28.70, 28.70,  0.00
         0,     0, 5, 9:24:08, 9:24:10,     2, 37.50, 41.60, -4.10
  12706707,     0, 7, 9:24:57, 9:24:58,     1, 38.30, 38.30,  0.00
         0,     0, 7, 9:25:05, 9:25:08,     3, 38.30, 41.20, -2.90
  21268732,  6126, 1, 9:25:34, 9:27:48,   134, 41.30, 36.00,  5.30
         0,     0, 1, 9:27:55, 9:28:00,     5, 36.00, 41.30, -5.30
  21268732,  6126, 2, 9:28:17, 9:28:40,    23, 44.20, 42.50,  1.70
  12706609,  7018, 1, 9:28:38, 9:28:45,     7, 41.30, 41.30,  0.00
  12706727,     0, 8, 9:29:33, 9:30:10,    37, 36.20, 27.20,  9.00
         0,     0, 8, 9:30:18, 9:30:33,    15, 27.20, 41.20,-14.00
  12448440,     0, 7, 9:30:08, 9:30:38,    30, 41.20, 38.70,  2.50
         0,     0, 7, 9:30:46, 9:30:49,     3, 38.70, 41.00, -2.30
  13323412,     0, 5, 9:30:39, 9:32:26,   107, 41.40, 35.20,  6.20
         0,     0, 5, 9:32:34, 9:32:39,     5, 35.20, 41.70, -6.50
  12706601,  7010, 2, 9:34:52, 9:35:44,    52, 42.40, 39.70,  2.70
         0,     0, 2, 9:35:53, 9:35:56,     3, 39.70, 44.20, -4.50
  12706601,  7010, 1, 9:36:13, 9:38:55,   162, 41.30, 36.50,  4.80
         0,     0, 1, 9:39:02, 9:39:06,     4, 36.50, 41.30, -4.80
  12706613,  7022, 4, 9:40:02, 9:41:31,    89, 43.20, 30.60, 12.60
         0,     0, 4, 9:41:38, 9:41:50,    12, 30.60, 43.30,-12.70
  12706634,  7043, 1, 9:44:13, 9:45:12,    59, 41.30, 40.70,  0.60
  12706621,  7030, 3, 9:45:16, 9:45:25,     9, 44.20, 44.10,  0.10
  13008738,  7159, 4, 9:43:26, 9:46:14,   168, 43.50, 25.40, 18.10
         0,     0, 4, 9:46:22, 9:46:38,    16, 25.40, 25.40,  0.00
  12706634,  7043, 1, 9:45:27, 9:46:56,    89, 40.70, 26.60, 14.10
         0,     0, 1, 9:47:03, 9:47:17,    14, 26.60, 41.30,-14.70
  12706630,  7039, 2, 9:47:28, 9:47:33,     5, 44.20, 44.20,  0.00
  12706621,  7030, 4, 9:47:14, 9:48:46,    92, 43.40, 28.70, 14.70
  13008842,     0, 8, 9:48:47, 9:48:56,     9, 41.20, 39.70,  1.50
         0,     0, 8, 9:49:03, 9:49:04,     1, 39.70, 39.80, -0.10
         0,     0, 4, 9:48:53, 9:49:07,    14, 28.70, 43.40,-14.70
  13008842,     0, 8, 9:49:14, 9:49:25,    11, 39.90, 38.50,  1.40
         0,     0, 8, 9:49:34, 9:49:36,     2, 38.50, 41.20, -2.70
  12706634,  7043, 1, 9:47:55, 9:50:19,   144, 41.30, 41.30,  0.00
  12706630,  7039, 2, 9:49:41, 9:51:28,   107, 44.20, 34.60,  9.60
         0,     0, 2, 9:51:36, 9:51:44,     8, 34.60, 44.30, -9.70
  12448472,     0, 7, 9:50:01, 9:52:14,   133, 40.60, 37.00,  3.60
         0,     0, 7, 9:52:21, 9:52:26,     5, 37.00, 41.10, -4.10
  12706624,  7033, 3, 9:55:35, 9:55:49,    14, 44.20, 44.00,  0.20
  12706737,  7146, 4, 9:57:06, 9:58:55,   109, 43.60, 37.70,  5.90
  12706656,  7065, 2, 9:58:27, 9:58:59,    32, 44.30, 40.80,  3.50
         0,     0, 4, 9:59:04, 9:59:09,     5, 37.70, 43.20, -5.50
         0,     0, 2, 9:59:07, 9:59:09,     2, 40.80, 44.10, -3.30
  13008906,     0, 7, 9:58:05, 9:59:13,    68, 41.10, 32.60,  8.50
  12706737,  7146, 3, 9:59:17, 9:59:27,    10, 44.10, 44.00,  0.10
         0,     0, 7, 9:59:21, 9:59:32,    11, 32.60, 41.10, -8.50
         0,     0, 3, 9:59:34, 9:59:35,     1, 44.00, 46.10, -2.10
  11724167,  3067, 1, 9:58:41,10:00:09,    88, 41.30, 31.50,  9.80
         0,     0, 1,10:00:16,10:00:25,     9, 31.50, 41.30, -9.80
  12448516,  6129, 4, 9:59:42,10:01:17,    95, 43.40, 32.60, 10.80
         0,     0, 4,10:01:24,10:01:34,    10, 32.60, 43.30,-10.70
  12706656,  7065, 1,10:01:37,10:01:38,     1, 41.30, 41.30,  0.00
  13323409,     0, 5,10:03:17,10:03:38,    21, 41.30, 40.70,  0.60
  12448518,  6131, 2,10:03:12,10:04:14,    62, 44.10, 28.90, 15.20
         0,     0, 2,10:04:22,10:04:36,    14, 28.90, 44.30,-15.40
  12448420,  6033, 4,10:03:04,10:05:01,   117, 43.40, 35.40,  8.00
         0,     0, 4,10:05:09,10:05:16,     7, 35.40, 35.30,  0.10
  11499231,     0, 7,10:02:56,10:05:44,   168, 41.20, 33.50,  7.70
         0,     0, 7,10:05:53,10:06:03,    10, 33.50, 41.20, -7.70
  12706613,  7022, 3,10:07:58,10:08:06,     8, 46.50, 46.40,  0.10
  12706613,  7022, 4,10:08:11,10:08:29,    18, 43.10, 43.30, -0.20
  21268732,  6126, 2,10:06:03,10:08:34,   151, 44.30, 39.60,  4.70
  12706624,  7033, 1,10:05:50,10:08:37,   167, 41.30, 35.60,  5.70
         0,     0, 2,10:08:42,10:08:45,     3, 39.60, 44.10, -4.50
         0,     0, 1,10:08:46,10:08:51,     5, 35.60, 41.40, -5.80
  12706613,  7022, 3,10:09:47,10:09:54,     7, 46.50, 46.30,  0.20
  12706613,  7022, 4,10:10:19,10:11:26,    67, 43.20, 38.30,  4.90
         0,     0, 4,10:11:34,10:11:38,     4, 38.30, 43.30, -5.00
  12706651,     0, 8,10:10:57,10:11:37,    40, 41.20, 36.00,  5.20
         0,     0, 8,10:11:45,10:11:50,     5, 36.00, 41.20, -5.20
  12706656,  7065, 1,10:09:55,10:11:55,   120, 41.40, 36.30,  5.10
         0,     0, 1,10:12:04,10:12:08,     4, 36.30, 41.30, -5.00
  12199959,     0, 7,10:11:53,10:12:12,    19, 41.20, 40.40,  0.80
  12199959,     0, 7,10:12:23,10:12:54,    31, 40.40, 37.10,  3.30
  12706621,  7030, 1,10:12:18,10:13:00,    42, 41.30, 31.30, 10.00
         0,     0, 7,10:13:02,10:13:09,     7, 37.10, 41.30, -4.20
         0,     0, 1,10:13:09,10:13:18,     9, 31.30, 41.30,-10.00
  12199959,     0, 7,10:13:19,10:13:25,     6, 41.30, 41.30,  0.00
  12200081,  5135, 4,10:12:50,10:13:31,    41, 43.30, 42.30,  1.00
  11953971,  4001, 4,10:13:41,10:14:00,    19, 42.30, 42.10,  0.20
  12706628,  7037, 1,10:13:28,10:14:37,    69, 41.30, 38.60,  2.70
         0,     0, 1,10:14:45,10:14:47,     2, 38.60, 41.30, -2.70
  12706628,  7037, 1,10:14:57,10:15:34,    37, 41.30, 37.80,  3.50
         0,     0, 1,10:15:42,10:15:44,     2, 37.80, 41.30, -3.50
  12200081,  5135, 4,10:15:32,10:16:28,    56, 42.10, 32.80,  9.30
         0,     0, 4,10:16:36,10:16:46,    10, 32.80, 43.30,-10.50
  12706628,  7037, 1,10:15:54,10:17:22,    88, 41.30, 38.20,  3.10
         0,     0, 1,10:17:31,10:17:33,     2, 38.20, 41.30, -3.10
  12706737,  7146, 2,10:14:56,10:17:58,   182, 44.10, 29.20, 14.90
         0,     0, 2,10:18:06,10:18:20,    14, 29.20, 44.20,-15.00
  12706642,  7051, 1,10:19:16,10:19:55,    39, 41.30, 33.70,  7.60
         0,     0, 1,10:20:02,10:20:09,     7, 33.70, 41.30, -7.60
  12706642,  7051, 2,10:21:50,10:22:33,    43, 44.20, 39.60,  4.60
         0,     0, 2,10:22:41,10:22:44,     3, 39.60, 44.20, -4.60
  12448521,  6134, 1,10:22:37,10:24:17,   100, 41.30, 29.60, 11.70
         0,     0, 1,10:24:24,10:24:35,    11, 29.60, 41.20,-11.60
  12448417,  6030, 2,10:24:34,10:26:02,    88, 44.20, 23.90, 20.30
         0,     0, 2,10:26:09,10:26:29,    20, 23.90, 44.20,-20.30
  11953971,  4001, 1,10:26:23,10:28:23,   120, 41.20, 29.20, 12.00
         0,     0, 1,10:28:31,10:28:42,    11, 29.20, 41.30,-12.10
  12448437,  6050, 3,10:31:43,10:31:49,     6, 46.50, 46.30,  0.20
  12448472,     0, 7,10:31:25,10:32:06,    41, 41.30, 41.20,  0.10
  12448440,     0, 8,10:32:53,10:32:58,     5, 41.20, 41.20,  0.00
  12448440,     0, 7,10:33:47,10:34:23,    36, 41.20, 41.20,  0.00
  12448472,     0, 8,10:33:12,10:34:24,    72, 41.20, 41.20,  0.00
  12706707,     0, 7,10:34:37,10:35:07,    30, 41.20, 36.80,  4.40
         0,     0, 7,10:35:15,10:35:20,     5, 36.80, 41.10, -4.30
  12448440,     0, 8,10:34:47,10:35:33,    46, 41.20, 38.10,  3.10
         0,     0, 8,10:35:41,10:35:43,     2, 38.10, 41.20, -3.10
  12200086,  5140, 1,10:34:33,10:35:48,    75, 41.30, 37.30,  4.00
         0,     0, 1,10:35:55,10:35:58,     3, 37.30, 41.30, -4.00
  12199951,  5005, 2,10:29:36,10:35:57,   381, 44.20, 34.30,  9.90
  12706707,     0, 7,10:35:52,10:36:01,     9, 41.10, 39.40,  1.70
         0,     0, 7,10:36:09,10:36:10,     1, 39.40, 41.10, -1.70
         0,     0, 2,10:36:04,10:36:13,     9, 34.30, 44.20, -9.90
  12200086,  5140, 2,10:37:47,10:37:56,     9, 44.20, 44.20,  0.00
  12448437,  6050, 2,10:38:06,10:38:25,    19, 44.20, 44.20,  0.00
  12448415,  6028, 1,10:36:08,10:38:37,   149, 41.40, 19.20, 22.20
         0,     0, 1,10:38:45,10:39:05,    20, 19.20, 41.30,-22.10
  12448437,  6050, 1,10:39:15,10:41:05,   110, 41.30, 25.70, 15.60
         0,     0, 1,10:41:13,10:41:27,    14, 25.70, 41.30,-15.60
  12706609,  7018, 3,10:42:17,10:42:49,    32, 46.40, 44.30,  2.10
  12448521,  6134, 1,10:41:45,10:43:03,    78, 41.30, 29.00, 12.30
         0,     0, 1,10:43:11,10:43:22,    11, 29.00, 41.30,-12.30
  12200085,  5139, 4,10:42:49,10:44:08,    79, 43.50, 25.80, 17.70
         0,     0, 4,10:44:16,10:44:33,    17, 25.80, 43.40,-17.60
  12448521,  6134, 1,10:43:32,10:45:37,   125, 41.30, 41.30,  0.00
  12200086,  5140, 2,10:48:51,10:50:50,   119, 44.20, 32.40, 11.80
         0,     0, 2,10:50:58,10:51:09,    11, 32.40, 44.10,-11.70
  12706642,  7051, 3,10:49:55,10:51:08,    73, 44.50, 36.70,  7.80
         0,     0, 3,10:51:16,10:51:23,     7, 36.70, 36.70,  0.00
  12706609,  7018, 4,10:52:19,10:53:09,    50, 43.40, 33.50,  9.90
         0,     0, 4,10:53:17,10:53:26,     9, 33.50, 43.30, -9.80
  13008906,     0, 8,10:54:24,10:54:26,     2, 35.80, 35.90, -0.10
         0,     0, 8,10:54:35,10:54:40,     5, 35.90, 41.20, -5.30
  12706614,  7023, 4,10:53:55,10:55:06,    71, 43.50, 43.30,  0.20
  12706614,  7023, 3,10:56:44,10:57:08,    24, 46.60, 46.30,  0.30
  12199987,  5041, 2,11:01:00,11:01:02,     2, 44.20, 44.10,  0.10
  12448472,     0, 8,11:01:33,11:03:12,    99, 41.20, 39.00,  2.20
         0,     0, 8,11:03:20,11:03:21,     1, 39.00, 41.20, -2.20
  13008842,     0, 7,11:08:45,11:08:47,     2, 41.10, 41.10,  0.00
  12200004,  5058, 3,11:10:05,11:10:11,     6, 46.60, 46.40,  0.20
  12706727,     0, 8,11:12:23,11:12:48,    25, 41.20, 36.60,  4.60
         0,     0, 8,11:12:57,11:13:01,     4, 36.60, 41.30, -4.70
  12706727,     0, 7,11:12:58,11:13:15,    17, 41.10, 38.40,  2.70
         0,     0, 7,11:13:24,11:13:27,     3, 38.40, 41.20, -2.80
  12706620,  7029, 2,11:14:35,11:16:21,   106, 44.10, 32.60, 11.50
  12706618,  7027, 1,11:15:40,11:16:25,    45, 41.30, 34.00,  7.30
         0,     0, 2,11:16:28,11:16:39,    11, 32.60, 44.10,-11.50
         0,     0, 1,11:16:33,11:16:40,     7, 34.00, 41.20, -7.20
  12706618,  7027, 1,11:16:54,11:17:19,    25, 41.20, 36.00,  5.20
         0,     0, 1,11:17:27,11:17:31,     4, 36.00, 41.40, -5.40
  12706642,  7051, 3,11:17:49,11:18:05,    16, 46.50, 45.60,  0.90
  11724250,  3150, 2,11:17:59,11:18:45,    46, 44.20, 41.70,  2.50
         0,     0, 2,11:18:53,11:18:54,     1, 41.70, 44.10, -2.40
  11724250,  3150, 1,11:19:31,11:19:38,     7, 41.40, 41.40,  0.00
  11724250,  3150, 1,11:19:47,11:20:48,    61, 41.40, 38.00,  3.40
         0,     0, 1,11:20:56,11:20:58,     2, 38.00, 41.30, -3.30
  12200091,  5145, 1,11:21:34,11:22:57,    83, 41.30, 27.20, 14.10
         0,     0, 1,11:23:04,11:23:17,    13, 27.20, 41.30,-14.10
  12448517,  6130, 3,11:23:23,11:23:38,    15, 45.70, 45.60,  0.10
  12706642,  7051, 2,11:23:32,11:24:09,    37, 44.10, 44.20, -0.10
  12448517,  6130, 4,11:23:49,11:24:32,    43, 43.30, 40.40,  2.90
         0,     0, 4,11:24:39,11:24:41,     2, 40.40, 43.30, -2.90
  12448517,  6130, 4,11:24:54,11:25:00,     6, 43.20, 43.30, -0.10
  12448517,  6130, 4,11:28:18,11:28:24,     6, 43.10, 43.50, -0.40
  12448517,  6130, 4,11:28:33,11:29:03,    30, 43.50, 38.90,  4.60
         0,     0, 4,11:29:11,11:29:15,     4, 38.90, 43.20, -4.30
  12448392,  6005, 2,11:28:31,11:29:25,    54, 44.10, 29.50, 14.60
         0,     0, 2,11:29:33,11:29:47,    14, 29.50, 44.10,-14.60
  12448517,  6130, 4,11:29:41,11:30:40,    59, 43.20, 36.00,  7.20
         0,     0, 4,11:30:48,11:30:55,     7, 36.00, 43.30, -7.30
  12706620,  7029, 1,11:29:46,11:31:28,   102, 41.30, 33.70,  7.60
         0,     0, 1,11:31:35,11:31:42,     7, 33.70, 41.20, -7.50
  12706615,  7024, 1,11:32:45,11:33:05,    20, 41.30, 41.30,  0.00
  13008842,     0, 8,11:33:54,11:34:16,    22, 41.20, 36.10,  5.10
         0,     0, 8,11:34:25,11:34:30,     5, 36.10, 41.20, -5.10
  13008906,     0, 8,11:34:41,11:34:56,    15, 41.20, 40.10,  1.10
  13008906,     0, 8,11:35:37,11:35:39,     2, 33.40, 33.40,  0.00
         0,     0, 8,11:35:47,11:35:54,     7, 33.40, 41.20, -7.80
  12448472,     0, 7,11:38:55,11:39:58,    63, 41.20, 37.90,  3.30
         0,     0, 7,11:40:06,11:40:10,     4, 37.90, 41.20, -3.30
  13008842,     0, 8,11:40:30,11:41:28,    58, 41.20, 35.10,  6.10
         0,     0, 8,11:41:35,11:41:41,     6, 35.10, 41.20, -6.10
  11724250,  3150, 2,11:46:09,11:46:22,    13, 44.10, 42.70,  1.40
  12706642,  7051, 3,11:51:34,11:52:42,    68, 45.70, 33.70, 12.00
  12706618,  7027, 1,11:52:08,11:52:42,    34, 41.30, 35.70,  5.60
         0,     0, 1,11:52:50,11:52:55,     5, 35.70, 41.40, -5.70
         0,     0, 3,11:52:49,11:52:59,    10, 33.70, 33.70,  0.00
  12706618,  7027, 1,11:53:24,11:53:40,    16, 41.40, 38.10,  3.30
         0,     0, 1,11:53:49,11:53:51,     2, 38.10, 41.30, -3.20
  12448518,  6131, 3,11:53:50,11:53:54,     4, 46.90, 46.70,  0.20
  12706615,  7024, 4,11:54:39,11:56:17,    98, 43.50, 25.40, 18.10
         0,     0, 4,11:56:26,11:56:43,    17, 25.40, 43.30,-17.90
  12706613,  7022, 4,11:57:58,11:58:42,    44, 43.30, 36.90,  6.40
         0,     0, 4,11:58:49,11:58:55,     6, 36.90, 43.30, -6.40
  12448518,  6131, 2,12:03:33,12:04:11,    38, 42.70, 39.50,  3.20
         0,     0, 2,12:04:19,12:04:22,     3, 39.50, 44.10, -4.60
  12448518,  6131, 1,12:04:17,12:05:00,    43, 41.30, 28.20, 13.10
         0,     0, 1,12:05:07,12:05:19,    12, 28.20, 41.30,-13.10
  12706651,     0, 7,12:11:19,12:12:16,    57, 41.10, 36.40,  4.70
         0,     0, 7,12:12:23,12:12:29,     6, 36.40, 41.20, -4.80
  12706601,  7010, 4,12:11:06,12:12:48,   102, 43.40, 35.80,  7.60
  12706651,     0, 7,12:12:46,12:12:51,     5, 41.20, 41.20,  0.00
         0,     0, 4,12:12:55,12:13:02,     7, 35.80, 43.30, -7.50
  12448482,     0, 8,12:11:17,12:13:02,   105, 41.10, 40.60,  0.50
  12706628,  7037, 1,12:13:13,12:15:36,   143, 41.30, 38.90,  2.40
         0,     0, 1,12:15:44,12:15:45,     1, 38.90, 41.30, -2.40
  12448482,     0, 7,12:13:12,12:16:06,   174, 41.20, 28.00, 13.20
  12199974,  5028, 1,12:15:59,12:16:21,    22, 41.30, 41.30,  0.00
         0,     0, 7,12:16:14,12:16:31,    17, 28.00, 41.10,-13.10
  12448408,  6021, 2,12:16:32,12:18:13,   101, 44.20, 39.70,  4.50
  12200085,  5139, 4,12:18:01,12:18:16,    15, 43.50, 42.90,  0.60
         0,     0, 2,12:18:22,12:18:25,     3, 39.70, 44.20, -4.50
  12448408,  6021, 1,12:18:57,12:19:02,     5, 41.30, 41.30,  0.00
  13008906,     0, 7,12:28:21,12:28:22,     1, 41.10, 41.10,  0.00
  13008906,     0, 7,12:29:23,12:29:29,     6, 41.10, 41.10,  0.00
  13008906,     0, 7,12:30:51,12:31:12,    21, 41.10, 41.10,  0.00
  12706610,  7019, 1,12:31:09,12:31:54,    45, 41.30, 32.40,  8.90
         0,     0, 1,12:32:02,12:32:10,     8, 32.40, 41.30, -8.90
  12200085,  5139, 4,12:32:36,12:33:11,    35, 42.80, 33.50,  9.30
         0,     0, 4,12:33:18,12:33:27,     9, 33.50, 43.30, -9.80
  12199974,  5028, 4,12:33:37,12:34:19,    42, 43.30, 43.60, -0.30
  12200085,  5139, 3,12:34:23,12:34:33,    10, 46.90, 46.70,  0.20
  12706707,     0, 8,12:40:12,12:40:35,    23, 39.30, 37.70,  1.60
         0,     0, 8,12:40:42,12:40:45,     3, 37.70, 41.30, -3.60
  12706624,  7033, 4,12:39:21,12:41:11,   110, 43.60, 28.20, 15.40
         0,     0, 4,12:41:19,12:41:33,    14, 28.20, 43.30,-15.10
  12706618,  7027, 2,12:42:21,12:42:28,     7, 44.20, 44.10,  0.10
  12706656,  7065, 4,12:42:46,12:43:06,    20, 43.70, 41.00,  2.70
         0,     0, 4,12:43:13,12:43:15,     2, 41.00, 43.30, -2.30
  12706618,  7027, 1,12:42:46,12:43:23,    37, 41.30, 34.20,  7.10
         0,     0, 1,12:43:31,12:43:37,     6, 34.20, 41.30, -7.10
  12448420,  6033, 4,12:43:25,12:44:31,    66, 43.30, 36.10,  7.20
         0,     0, 4,12:44:39,12:44:46,     7, 36.10, 43.20, -7.10
  12706727,     0, 7,12:45:24,12:45:50,    26, 41.10, 38.90,  2.20
         0,     0, 7,12:45:59,12:46:01,     2, 38.90, 41.10, -2.20
  12706601,  7010, 4,12:44:56,12:46:00,    64, 43.30, 35.20,  8.10
  12448420,  6033, 3,12:45:20,12:46:11,    51, 47.10, 44.80,  2.30
         0,     0, 4,12:46:08,12:46:15,     7, 35.20, 43.30, -8.10
  12706601,  7010, 3,12:46:23,12:46:32,     9, 44.70, 44.70,  0.00
  12448415,  6028, 1,12:47:10,12:48:24,    74, 41.30, 36.30,  5.00
         0,     0, 1,12:48:32,12:48:36,     4, 36.30, 41.30, -5.00
  12448415,  6028, 1,12:48:46,12:49:08,    22, 41.30, 37.90,  3.40
         0,     0, 1,12:49:17,12:49:19,     2, 37.90, 41.30, -3.40
  13323409,     0, 5,12:49:23,12:49:31,     8, 39.40, 39.30,  0.10
         0,     0, 5,12:49:39,12:49:40,     1, 39.30, 41.50, -2.20
  13008774,  8015, 4,12:49:32,12:50:21,    49, 43.50, 38.60,  4.90
         0,     0, 4,12:50:29,12:50:33,     4, 38.60, 43.20, -4.60
  12448521,  6134, 1,12:49:52,12:50:33,    41, 41.30, 41.20,  0.10
  12199974,  5028, 4,12:52:07,12:52:19,    12, 43.30, 41.90,  1.40
         0,     0, 4,12:52:26,12:52:27,     1, 41.90, 43.20, -1.30
  12199974,  5028, 3,12:52:56,12:53:08,    12, 44.90, 44.70,  0.20
  12706737,  7146, 2,12:52:59,12:54:41,   102, 44.10, 31.50, 12.60
         0,     0, 2,12:54:50,12:55:02,    12, 31.50, 44.10,-12.60
  13008738,  7159, 1,12:55:16,12:58:08,   172, 41.20, 22.60, 18.60
         0,     0, 1,12:58:16,12:58:34,    18, 22.60, 41.40,-18.80
  12199974,  5028, 1,12:58:51,13:00:22,    91, 41.40, 18.50, 22.90
         0,     0, 1,13:00:29,13:00:50,    21, 18.50, 41.30,-22.80
  12448437,  6050, 2,12:58:55,13:01:06,   131, 44.10, 29.10, 15.00
         0,     0, 2,13:01:13,13:01:27,    14, 29.10, 44.30,-15.20
  13008774,  8015, 3,13:01:59,13:02:04,     5, 44.70, 44.70,  0.00
  12448521,  6134, 1,13:01:11,13:02:29,    78, 41.30, 38.20,  3.10
         0,     0, 1,13:02:38,13:02:40,     2, 38.20, 41.30, -3.10
  12706705,     0, 8,13:01:43,13:02:39,    56, 41.30, 39.90,  1.40
         0,     0, 8,13:02:47,13:02:47,     0, 39.90, 40.40, -0.50
  13008774,  8015, 4,13:02:36,13:03:24,    48, 43.30, 36.40,  6.90
         0,     0, 4,13:03:32,13:03:38,     6, 36.40, 43.20, -6.80
  12706705,     0, 8,13:02:57,13:04:20,    83, 40.40, 31.10,  9.30
         0,     0, 8,13:04:29,13:04:39,    10, 31.10, 41.20,-10.10
  12448521,  6134, 1,13:03:48,13:05:35,   107, 41.30, 41.20,  0.10
  11954042,  4072, 2,13:06:52,13:07:23,    31, 44.30, 44.20,  0.10
  11499117,  2007, 4,13:06:19,13:07:31,    72, 43.30, 30.00, 13.30
         0,     0, 4,13:07:38,13:07:51,    13, 30.00, 43.30,-13.30
  12706610,  7019, 1,13:07:45,13:08:45,    60, 41.20, 28.50, 12.70
  11954042,  4072, 2,13:07:37,13:08:48,    71, 44.20, 32.20, 12.00
  12706634,  7043, 3,13:08:24,13:09:01,    37, 44.90, 44.70,  0.20
         0,     0, 1,13:08:54,13:09:06,    12, 28.50, 41.30,-12.80
  12448472,     0, 7,13:07:31,13:09:02,    91, 41.10, 39.50,  1.60
         0,     0, 2,13:08:56,13:09:08,    12, 32.20, 44.20,-12.00
         0,     0, 7,13:09:11,13:09:12,     1, 39.50, 41.20, -1.70
  12448472,     0, 8,13:09:42,13:10:05,    23, 39.10, 38.90,  0.20
         0,     0, 8,13:10:13,13:10:15,     2, 38.90, 41.20, -2.30
  12448516,  6129, 4,13:09:16,13:10:32,    76, 43.40, 26.30, 17.10
         0,     0, 4,13:10:39,13:10:55,    16, 26.30, 43.50,-17.20
  12706634,  7043, 3,13:09:23,13:11:58,   155, 44.70, 30.50, 14.20
         0,     0, 3,13:12:05,13:12:17,    12, 30.50, 30.50,  0.00
  12448415,  6028, 4,13:12:17,13:14:15,   118, 43.80, 31.00, 12.80
         0,     0, 4,13:14:22,13:14:33,    11, 31.00, 43.20,-12.20
  13323409,     0, 5,13:21:48,13:21:49,     1, 24.70, 24.80, -0.10
         0,     0, 5,13:21:56,13:22:10,    14, 24.80, 24.80,  0.00
  12706620,  7029, 1,13:28:29,13:29:36,    67, 41.30, 30.50, 10.80
         0,     0, 1,13:29:44,13:29:54,    10, 30.50, 41.40,-10.90
  13008774,  8015, 2,13:31:04,13:31:08,     4, 44.20, 44.20,  0.00
  11724172,     0, 8,13:33:55,13:34:03,     8, 41.20, 41.10,  0.10
  11724172,     0, 8,13:34:15,13:34:17,     2, 41.10, 41.00,  0.10
  12448482,     0, 8,13:34:27,13:34:29,     2, 41.10, 41.10,  0.00
  12448482,     0, 8,13:34:39,13:34:42,     3, 41.10, 41.00,  0.10
  12199951,  5005, 1,13:32:04,13:35:26,   202, 41.40, 28.10, 13.30
         0,     0, 1,13:35:33,13:35:45,    12, 28.10, 41.40,-13.30
  12448482,     0, 8,13:34:55,13:37:45,   170, 41.00, 31.40,  9.60
         0,     0, 8,13:37:52,13:38:02,    10, 31.40, 41.20, -9.80
  11499117,  2007, 2,13:37:19,13:38:25,    66, 44.20, 33.10, 11.10
         0,     0, 2,13:38:33,13:38:43,    10, 33.10, 44.20,-11.10
  12448437,  6050, 3,13:40:42,13:40:58,    16, 45.90, 45.90,  0.00
  12448398,  6011, 4,13:39:41,13:41:06,    85, 43.60, 23.50, 20.10
         0,     0, 4,13:41:14,13:41:33,    19, 23.50, 43.40,-19.90
  12448516,  6129, 3,13:41:51,13:41:55,     4, 45.90, 46.00, -0.10
  12706614,  7023, 3,13:43:59,13:44:35,    36, 46.00, 45.40,  0.60
  13008842,     0, 8,13:44:36,13:44:49,    13, 41.20, 40.00,  1.20
         0,     0, 8,13:44:56,13:44:57,     1, 40.00, 41.20, -1.20
  12199987,  5041, 1,13:45:14,13:45:15,     1, 41.40, 41.40,  0.00
  12706614,  7023, 3,13:44:46,13:45:35,    49, 45.50, 42.00,  3.50
         0,     0, 3,13:45:43,13:45:46,     3, 42.00, 46.40, -4.40
  13008842,     0, 8,13:45:30,13:45:42,    12, 41.20, 40.10,  1.10
  12200079,  5133, 4,13:44:36,13:45:51,    75, 43.80, 40.90,  2.90
         0,     0, 4,13:45:58,13:46:00,     2, 40.90, 43.40, -2.50
  12200066,  5120, 4,13:46:25,13:46:30,     5, 43.40, 43.30,  0.10
  12448518,  6131, 2,13:46:54,13:47:05,    11, 44.20, 42.20,  2.00
  12200066,  5120, 3,13:47:02,13:47:07,     5, 46.70, 46.60,  0.10
  12200079,  5133, 2,13:47:28,13:48:11,    43, 42.20, 29.80, 12.40
         0,     0, 2,13:48:18,13:48:32,    14, 29.80, 44.20,-14.40
  12448417,  6030, 1,13:47:23,13:49:05,   102, 41.40, 22.30, 19.10
  12448516,  6129, 4,13:48:10,13:49:06,    56, 43.40, 33.00, 10.40
         0,     0, 4,13:49:15,13:49:25,    10, 33.00, 43.30,-10.30
         0,     0, 1,13:49:12,13:49:30,    18, 22.30, 41.30,-19.00
  12448518,  6131, 2,13:48:51,13:49:29,    38, 44.20, 37.00,  7.20
         0,     0, 2,13:49:36,13:49:42,     6, 37.00, 44.10, -7.10
  12199987,  5041, 2,13:50:02,13:50:41,    39, 44.10, 43.70,  0.40
  12706614,  7023, 3,13:50:09,13:51:16,    67, 46.80, 31.70, 15.10
         0,     0, 3,13:51:23,13:51:35,    12, 31.70, 31.60,  0.10
  12199987,  5041, 1,13:55:52,13:58:49,   177, 41.30, 31.40,  9.90
         0,     0, 1,13:58:58,13:59:07,     9, 31.40, 41.30, -9.90
  12199987,  5041, 2,13:58:58,13:59:03,     5, 43.70, 43.70,  0.00
  12200066,  5120, 3,14:00:02,14:00:05,     3, 46.30, 46.20,  0.10
  12200081,  5135, 2,14:04:56,14:05:22,    26, 43.80, 43.70,  0.10
  12200081,  5135, 1,14:05:26,14:06:11,    45, 41.40, 31.40, 10.00
         0,     0, 1,14:06:19,14:06:28,     9, 31.40, 41.30, -9.90
  12706620,  7029, 2,14:06:45,14:06:50,     5, 43.70, 43.70,  0.00
  12706620,  7029, 1,14:07:06,14:08:21,    75, 41.30, 35.40,  5.90
         0,     0, 1,14:08:29,14:08:34,     5, 35.40, 41.20, -5.80
  12448521,  6134, 1,14:08:44,14:11:43,   179, 41.30, 22.40, 18.90
         0,     0, 1,14:11:51,14:12:09,    18, 22.40, 41.30,-18.90
  12199959,     0, 7,14:12:58,14:13:55,    57, 41.20, 35.80,  5.40
         0,     0, 7,14:14:04,14:14:11,     7, 35.80, 40.80, -5.00
  12199959,     0, 7,14:14:27,14:14:34,     7, 40.80, 39.80,  1.00
         0,     0, 7,14:14:43,14:14:44,     1, 39.80, 41.00, -1.20
  21268732,  6126, 3,14:27:49,14:27:54,     5, 46.20, 46.20,  0.00
  21268732,  6126, 2,14:28:20,14:30:10,   110, 43.70, 36.10,  7.60
         0,     0, 2,14:30:19,14:30:26,     7, 36.10, 44.10, -8.00
  21268732,  6126, 1,14:31:16,14:31:34,    18, 41.30, 39.30,  2.00
         0,     0, 1,14:31:41,14:31:42,     1, 39.30, 41.30, -2.00
  12200066,  5120, 1,14:31:52,14:33:23,    91, 41.30, 24.40, 16.90
         0,     0, 1,14:33:31,14:33:47,    16, 24.40, 41.30,-16.90
  12448392,  6005, 3,14:33:57,14:34:43,    46, 46.20, 38.30,  7.90
         0,     0, 3,14:34:51,14:34:57,     6, 38.30, 38.20,  0.10
  12448392,  6005, 3,14:35:07,14:35:26,    19, 46.40, 42.70,  3.70
         0,     0, 3,14:35:34,14:35:36,     2, 42.70, 46.40, -3.70
  12448392,  6005, 3,14:35:46,14:36:52,    66, 46.30, 31.70, 14.60
         0,     0, 3,14:37:01,14:37:13,    12, 31.70, 31.60,  0.10
  13008774,  8015, 4,14:37:33,14:38:49,    76, 43.40, 31.30, 12.10
  13008906,     0, 8,14:38:25,14:38:59,    34, 37.40, 31.50,  5.90
         0,     0, 4,14:38:57,14:39:08,    11, 31.30, 43.20,-11.90
         0,     0, 8,14:39:08,14:39:18,    10, 31.50, 41.20, -9.70
  12706621,  7030, 1,14:45:04,14:47:25,   141, 41.30, 15.50, 25.80
         0,     0, 1,14:47:32,14:47:57,    25, 15.50, 41.40,-25.90
  12448437,  6050, 1,14:56:13,14:56:41,    28, 41.40, 41.30,  0.10
  12448437,  6050, 1,14:56:52,14:58:20,    88, 41.30, 29.50, 11.80
         0,     0, 1,14:58:28,14:58:39,    11, 29.50, 41.30,-11.80
  12448437,  6050, 1,14:58:59,14:59:27,    28, 41.30, 34.20,  7.10
         0,     0, 1,14:59:34,14:59:40,     6, 34.20, 41.30, -7.10
  13008906,     0, 7,15:11:40,15:11:54,    14, 41.00, 40.90,  0.10
  13008906,     0, 8,15:12:08,15:12:20,    12, 41.10, 41.10,  0.00
  12706609,  7018, 3,15:44:32,15:45:25,    53, 46.40, 33.20, 13.20
         0,     0, 3,15:45:32,15:45:43,    11, 33.20, 33.20,  0.00
  12706601,  7010, 3,15:45:53,15:45:57,     4, 33.20, 46.50,-13.30
  12448408,  6021, 4,15:44:37,15:46:00,    83, 43.20, 22.40, 20.80
  11499231,     0, 8,15:45:50,15:46:14,    24, 41.00, 40.90,  0.10
         0,     0, 4,15:46:08,15:46:28,    20, 22.40, 22.20,  0.20
  12706618,  7027, 2,15:46:29,15:46:38,     9, 44.10, 43.40,  0.70
  11499231,     0, 7,15:46:23,15:47:08,    45, 40.90, 39.10,  1.80
         0,     0, 7,15:47:15,15:47:17,     2, 39.10, 41.10, -2.00
  12706618,  7027, 2,15:46:48,15:47:40,    52, 43.40, 32.50, 10.90
  12448517,  6130, 1,15:46:53,15:47:46,    53, 41.30, 41.20,  0.10
         0,     0, 2,15:47:49,15:47:59,    10, 32.50, 44.10,-11.60
  12706601,  7010, 4,15:46:41,15:48:19,    98, 43.30, 24.80, 18.50
  11499231,     0, 7,15:47:36,15:48:28,    52, 41.10, 36.30,  4.80
         0,     0, 7,15:48:36,15:48:42,     6, 36.30, 41.10, -4.80
         0,     0, 4,15:48:27,15:48:45,    18, 24.80, 43.20,-18.40
  12706601,  7010, 4,15:48:55,15:49:17,    22, 43.30, 40.50,  2.80
         0,     0, 4,15:49:25,15:49:27,     2, 40.50, 43.30, -2.80
  12448517,  6130, 1,15:47:55,15:51:08,   193, 41.20, 15.80, 25.40
         0,     0, 1,15:51:16,15:51:40,    24, 15.80, 41.20,-25.40
  12200091,  5145, 2,15:53:45,15:53:58,    13, 44.10, 42.60,  1.50
  12448440,     0, 7,15:53:40,15:54:47,    67, 41.00, 35.30,  5.70
  12200091,  5145, 1,15:54:08,15:54:56,    48, 41.30, 22.60, 18.70
         0,     0, 7,15:54:54,15:55:01,     7, 35.30, 41.10, -5.80
         0,     0, 1,15:55:03,15:55:20,    17, 22.60, 41.20,-18.60
  12706615,  7024, 4,15:54:07,15:55:30,    83, 43.20, 40.00,  3.20
         0,     0, 4,15:55:39,15:55:41,     2, 40.00, 43.20, -3.20
  12200085,  5139, 1,15:55:36,15:55:41,     5, 41.20, 41.20,  0.00
  12200085,  5139, 2,15:55:47,15:56:38,    51, 42.60, 32.20, 10.40
  12448408,  6021, 4,15:55:51,15:56:48,    57, 43.10, 30.70, 12.40
         0,     0, 2,15:56:47,15:56:58,    11, 32.20, 44.20,-12.00
  12706651,     0, 7,15:55:22,15:57:00,    98, 41.10, 32.60,  8.50
         0,     0, 4,15:56:57,15:57:09,    12, 30.70, 43.30,-12.60
  12706615,  7024, 3,15:55:43,15:57:06,    83, 46.40, 25.80, 20.60
         0,     0, 7,15:57:09,15:57:20,    11, 32.60, 41.00, -8.40
         0,     0, 3,15:57:15,15:57:32,    17, 25.80, 25.80,  0.00
  12448398,  6011, 1,15:56:58,15:58:34,    96, 41.30, 16.20, 25.10
         0,     0, 1,15:58:43,15:59:07,    24, 16.20, 41.40,-25.20
  12706630,  7039, 2,15:58:19,15:59:47,    88, 44.20, 41.80,  2.40
  12200086,  5140, 3,15:59:48,15:59:53,     5, 46.60, 46.40,  0.20
         0,     0, 2,15:59:56,15:59:57,     1, 41.80, 44.00, -2.20
  12706630,  7039, 1,15:59:52,16:01:02,    70, 41.40, 25.90, 15.50
  11499184,  2074, 2,16:00:43,16:01:15,    32, 44.10, 34.40,  9.70
         0,     0, 1,16:01:10,16:01:24,    14, 25.90, 41.20,-15.30
         0,     0, 2,16:01:23,16:01:31,     8, 34.40, 44.20, -9.80
  12448420,  6033, 1,16:01:34,16:02:26,    52, 41.20, 36.00,  5.20
         0,     0, 1,16:02:35,16:02:39,     4, 36.00, 41.30, -5.30
  12200086,  5140, 4,16:01:13,16:02:53,   100, 43.60, 29.30, 14.30
         0,     0, 4,16:03:01,16:03:14,    13, 29.30, 43.40,-14.10
  12448420,  6033, 1,16:02:59,16:03:15,    16, 41.30, 40.30,  1.00
  12706737,  7146, 3,16:03:33,16:03:38,     5, 46.60, 46.40,  0.20
  12706624,  7033, 1,16:04:12,16:04:40,    28, 40.30, 40.30,  0.00
  12706624,  7033, 2,16:04:44,16:05:03,    19, 44.20, 44.20,  0.00
  12706624,  7033, 1,16:05:07,16:05:48,    41, 40.30, 38.80,  1.50
         0,     0, 1,16:05:55,16:05:56,     1, 38.80, 41.30, -2.50
  13008738,  7159, 1,16:06:06,16:08:02,   116, 41.30, 23.60, 17.70
  13008842,     0, 8,16:08:08,16:08:11,     3, 40.90, 40.90,  0.00
  13008842,     0, 7,16:08:18,16:08:20,     2, 41.00, 41.00,  0.00
         0,     0, 1,16:08:10,16:08:27,    17, 23.60, 41.30,-17.70
  12706620,  7029, 2,16:07:13,16:09:07,   114, 44.20, 36.10,  8.10
         0,     0, 2,16:09:14,16:09:21,     7, 36.10, 44.10, -8.00
  21268732,  6126, 4,16:09:41,16:10:46,    65, 43.70, 40.10,  3.60
         0,     0, 4,16:10:54,16:10:56,     2, 40.10, 43.30, -3.20
  12706621,  7030, 2,16:09:56,16:11:15,    79, 44.20, 31.50, 12.70
  12199987,  5041, 3,16:11:00,16:11:22,    22, 46.60, 45.90,  0.70
         0,     0, 2,16:11:24,16:11:35,    11, 31.50, 44.30,-12.80
  12706727,     0, 7,16:10:43,16:12:01,    78, 41.00, 39.10,  1.90
         0,     0, 7,16:12:08,16:12:10,     2, 39.10, 41.20, -2.10
  12706727,     0, 7,16:12:38,16:13:02,    24, 41.20, 38.90,  2.30
         0,     0, 7,16:13:10,16:13:12,     2, 38.90, 41.10, -2.20
  12706737,  7146, 1,16:09:20,16:13:22,   242, 41.30, 27.50, 13.80
  12706707,     0, 8,16:12:21,16:13:27,    66, 40.90, 35.10,  5.80
         0,     0, 8,16:13:35,16:13:41,     6, 35.10, 41.10, -6.00
         0,     0, 1,16:13:31,16:13:44,    13, 27.50, 41.30,-13.80
  12706656,  7065, 2,16:13:19,16:13:55,    36, 44.20, 41.10,  3.10
         0,     0, 2,16:14:02,16:14:04,     2, 41.10, 44.20, -3.10
  12706656,  7065, 1,16:14:09,16:14:35,    26, 41.30, 35.20,  6.10
  12706707,     0, 8,16:13:59,16:14:43,    44, 41.10, 37.00,  4.10
         0,     0, 1,16:14:42,16:14:47,     5, 35.20, 41.40, -6.20
         0,     0, 8,16:14:50,16:14:54,     4, 37.00, 41.20, -4.20
  12448518,  6131, 2,16:14:14,16:15:14,    60, 44.20, 26.20, 18.00
         0,     0, 2,16:15:23,16:15:40,    17, 26.20, 44.10,-17.90
  12448420,  6033, 2,16:15:50,16:16:11,    21, 44.20, 43.80,  0.40
  12199987,  5041, 1,16:16:38,16:16:45,     7, 41.40, 41.40,  0.00
  12199951,  5005, 3,16:16:45,16:17:21,    36, 46.00, 46.00,  0.00
  12199987,  5041, 2,16:16:51,16:17:24,    33, 43.80, 43.10,  0.70
  12199951,  5005, 4,16:17:36,16:20:01,   145, 43.30, 30.60, 12.70
  12200066,  5120, 1,16:19:13,16:20:12,    59, 41.40, 38.00,  3.40
         0,     0, 4,16:20:08,16:20:20,    12, 30.60, 43.10,-12.50
         0,     0, 1,16:20:20,16:20:22,     2, 38.00, 41.30, -3.30
  12706614,  7023, 2,16:19:42,16:20:56,    74, 43.20, 25.40, 17.80
         0,     0, 2,16:21:04,16:21:22,    18, 25.40, 44.20,-18.80
  12448472,     0, 7,16:21:05,16:21:30,    25, 41.10, 41.10,  0.00
  11499231,     0, 8,16:20:44,16:21:45,    61, 41.20, 39.00,  2.20
         0,     0, 8,16:21:52,16:21:53,     1, 39.00, 41.10, -2.10
  12706609,  7018, 1,16:22:06,16:22:09,     3, 41.30, 41.30,  0.00
  12706642,  7051, 3,16:20:52,16:22:10,    78, 46.10, 31.30, 14.80
  12200085,  5139, 4,16:21:03,16:22:10,    67, 43.30, 33.60,  9.70
         0,     0, 4,16:22:18,16:22:28,    10, 33.60, 43.20, -9.60
         0,     0, 3,16:22:18,16:22:30,    12, 31.30, 31.30,  0.00
  12448472,     0, 8,16:22:03,16:22:40,    37, 41.20, 38.00,  3.20
         0,     0, 8,16:22:48,16:22:50,     2, 38.00, 41.20, -3.20
  12200004,  5058, 3,16:22:41,16:23:13,    32, 46.20, 44.90,  1.30
  12706609,  7018, 2,16:22:26,16:23:20,    54, 44.30, 38.70,  5.60
         0,     0, 2,16:23:28,16:23:32,     4, 38.70, 44.20, -5.50
  12448472,     0, 8,16:23:14,16:23:37,    23, 38.20, 37.80,  0.40
         0,     0, 8,16:23:45,16:23:48,     3, 37.80, 41.20, -3.40
  12706613,  7022, 4,16:24:37,16:24:52,    15, 43.50, 42.00,  1.50
  12706618,  7027, 1,16:24:23,16:25:21,    58, 41.30, 34.30,  7.00
         0,     0, 1,16:25:29,16:25:35,     6, 34.30, 41.40, -7.10
  12706634,  7043, 2,16:23:58,16:25:50,   112, 44.20, 26.10, 18.10
         0,     0, 2,16:25:58,16:26:15,    17, 26.10, 44.30,-18.20
  11954042,  4072, 2,16:26:25,16:26:29,     4, 44.30, 44.30,  0.00
  12200004,  5058, 3,16:25:42,16:26:51,    69, 44.80, 30.00, 14.80
         0,     0, 3,16:26:58,16:27:11,    13, 30.00, 30.00,  0.00
  12200079,  5133, 4,16:25:02,16:27:28,   146, 42.10, 19.10, 23.00
  11954042,  4072, 2,16:26:39,16:27:46,    67, 44.20, 32.20, 12.00
  12706624,  7033, 1,16:27:41,16:27:51,    10, 41.40, 41.30,  0.10
         0,     0, 4,16:27:37,16:28:00,    23, 19.10, 43.10,-24.00
         0,     0, 2,16:27:55,16:28:06,    11, 32.20, 44.20,-12.00
  12706624,  7033, 1,16:28:21,16:28:27,     6, 41.30, 41.30,  0.00
  12706624,  7033, 2,16:28:57,16:29:45,    48, 44.20, 42.60,  1.60
  11724217,  3117, 4,16:28:54,16:30:07,    73, 43.30, 25.30, 18.00
         0,     0, 4,16:30:15,16:30:32,    17, 25.30, 43.30,-18.00
  12706624,  7033, 2,16:29:54,16:31:11,    77, 42.60, 31.30, 11.30
  12448415,  6028, 1,16:28:42,16:31:26,   164, 41.30, 23.60, 17.70
         0,     0, 2,16:31:19,16:31:31,    12, 31.30, 44.30,-13.00
         0,     0, 1,16:31:35,16:31:51,    16, 23.60, 41.30,-17.70
  12448440,     0, 7,16:31:30,16:32:27,    57, 41.10, 38.00,  3.10
         0,     0, 7,16:32:35,16:32:38,     3, 38.00, 41.10, -3.10
  12706613,  7022, 4,16:31:53,16:33:08,    75, 43.50, 30.20, 13.30
  12706620,  7029, 1,16:32:01,16:33:17,    76, 41.30, 33.60,  7.70
         0,     0, 4,16:33:16,16:33:28,    12, 30.20, 43.20,-13.00
         0,     0, 1,16:33:25,16:33:32,     7, 33.60, 41.40, -7.80
  12200086,  5140, 2,16:32:54,16:33:30,    36, 44.20, 42.30,  1.90
  12706727,     0, 7,16:34:54,16:35:32,    38, 41.20, 35.80,  5.40
         0,     0, 7,16:35:41,16:35:47,     6, 35.80, 41.20, -5.40
  12448516,  6129, 4,16:34:36,16:36:35,   119, 43.30, 29.80, 13.50
  12706610,  7019, 1,16:34:39,16:36:36,   117, 41.40, 30.40, 11.00
         0,     0, 1,16:36:44,16:36:54,    10, 30.40, 41.20,-10.80
         0,     0, 4,16:36:42,16:36:55,    13, 29.80, 43.50,-13.70
  12706630,  7039, 3,16:35:53,16:36:56,    63, 46.50, 43.60,  2.90
         0,     0, 3,16:37:04,16:37:05,     1, 43.60, 46.40, -2.80
  12706630,  7039, 3,16:37:20,16:37:56,    36, 46.40, 41.00,  5.40
         0,     0, 3,16:38:03,16:38:07,     4, 41.00, 46.20, -5.20
  11724167,  3067, 4,16:37:05,16:38:16,    71, 43.60, 21.80, 21.80
  21268732,  6126, 3,16:38:17,16:38:33,    16, 46.40, 45.50,  0.90
         0,     0, 4,16:38:25,16:38:48,    23, 21.80, 43.10,-21.30
  12448420,  6033, 3,16:38:45,16:38:52,     7, 45.40, 45.40,  0.00
  12199974,  5028, 2,16:37:42,16:38:59,    77, 42.40, 21.60, 20.80
         0,     0, 2,16:39:07,16:39:31,    24, 21.60, 44.20,-22.60
  21268732,  6126, 3,16:39:07,16:39:55,    48, 45.50, 43.30,  2.20
         0,     0, 3,16:40:02,16:40:03,     1, 43.30, 46.10, -2.80
  12448420,  6033, 4,16:39:04,16:40:29,    85, 43.10, 30.80, 12.30
  12199987,  5041, 1,16:37:45,16:40:36,   171, 41.30, 24.70, 16.60
  12448437,  6050, 2,16:39:42,16:40:42,    60, 44.20, 33.80, 10.40
         0,     0, 4,16:40:37,16:40:49,    12, 30.80, 43.30,-12.50
         0,     0, 2,16:40:49,16:40:59,    10, 33.80, 44.40,-10.60
         0,     0, 1,16:40:44,16:41:00,    16, 24.70, 41.30,-16.60
  12199987,  5041, 2,16:41:09,16:41:10,     1, 44.30, 44.30,  0.00
  12706705,     0, 8,16:40:27,16:41:38,    71, 41.20, 40.70,  0.50
  21268732,  6126, 1,16:41:10,16:41:43,    33, 41.40, 36.70,  4.70
         0,     0, 1,16:41:51,16:41:54,     3, 36.70, 41.30, -4.60
  21268732,  6126, 1,16:42:07,16:42:29,    22, 41.30, 37.00,  4.30
         0,     0, 1,16:42:37,16:42:40,     3, 37.00, 41.30, -4.30
  12706705,     0, 8,16:41:55,16:43:39,   104, 40.60, 31.30,  9.30
  12706628,  7037, 3,16:43:44,16:43:49,     5, 46.70, 46.70,  0.00
         0,     0, 8,16:43:46,16:43:56,    10, 31.30, 41.20, -9.90
  12706707,     0, 8,16:44:06,16:44:38,    32, 41.20, 41.20,  0.00
  12706628,  7037, 4,16:43:53,16:45:24,    91, 43.50, 32.00, 11.50
  12199987,  5041, 2,16:43:34,16:45:31,   117, 44.30, 34.40,  9.90
         0,     0, 4,16:45:31,16:45:41,    10, 32.00, 43.20,-11.20
         0,     0, 2,16:45:40,16:45:49,     9, 34.40, 44.30, -9.90
  12706707,     0, 8,16:44:50,16:46:27,    97, 41.30, 39.30,  2.00
         0,     0, 8,16:46:35,16:46:36,     1, 39.30, 41.20, -1.90
  13008774,  8015, 4,16:46:20,16:46:40,    20, 43.60, 43.50,  0.10
  13008774,  8015, 3,16:47:18,16:47:22,     4, 46.70, 46.60,  0.10
  12706707,     0, 8,16:47:52,16:47:53,     1, 41.20, 41.20,  0.00
  12706609,  7018, 4,16:47:15,16:48:03,    48, 43.50, 35.90,  7.60
         0,     0, 4,16:48:11,16:48:18,     7, 35.90, 43.30, -7.40
  12706707,     0, 8,16:48:02,16:49:11,    69, 41.20, 41.10,  0.10
  12706707,     0, 7,16:50:20,16:50:34,    14, 41.20, 41.20,  0.00
  12200086,  5140, 4,16:49:40,16:50:49,    69, 43.40, 38.00,  5.40
         0,     0, 4,16:50:57,16:51:02,     5, 38.00, 43.30, -5.30
  12706624,  7033, 4,16:51:17,16:51:21,     4, 43.30, 43.40, -0.10
  12706624,  7033, 4,16:51:47,16:53:11,    84, 43.50, 40.20,  3.30
  12706656,  7065, 2,16:52:21,16:53:14,    53, 44.20, 33.80, 10.40
         0,     0, 4,16:53:19,16:53:22,     3, 40.20, 43.50, -3.30
         0,     0, 2,16:53:22,16:53:31,     9, 33.80, 44.20,-10.40
  12706642,  7051, 1,16:54:01,16:55:35,    94, 41.30, 24.90, 16.40
         0,     0, 1,16:55:44,16:56:00,    16, 24.90, 41.30,-16.40
  12199959,     0, 7,16:56:54,16:58:03,    69, 40.80, 37.70,  3.10
         0,     0, 7,16:58:11,16:58:15,     4, 37.70, 41.10, -3.40
  12199959,     0, 7,16:58:26,16:59:12,    46, 41.10, 39.60,  1.50
         0,     0, 7,16:59:19,16:59:20,     1, 39.60, 41.10, -1.50
  11954042,  4072, 2,16:58:21,16:59:31,    70, 44.30, 35.90,  8.40
         0,     0, 2,16:59:38,16:59:45,     7, 35.90, 44.20, -8.30
  12706613,  7022, 4,17:00:13,17:01:00,    47, 43.40, 36.00,  7.40
         0,     0, 4,17:01:07,17:01:14,     7, 36.00, 43.10, -7.10
  11499117,  2007, 1,17:02:10,17:02:44,    34, 41.30, 32.50,  8.80
  12199987,  5041, 4,17:02:19,17:02:48,    29, 43.10, 43.20, -0.10
         0,     0, 1,17:02:51,17:02:59,     8, 32.50, 41.30, -8.80
  21268732,  6126, 1,17:05:21,17:06:37,    76, 41.30, 36.00,  5.30
         0,     0, 1,17:06:44,17:06:48,     4, 36.00, 41.30, -5.30
  11724167,  3067, 1,17:06:58,17:07:32,    34, 41.30, 31.60,  9.70
         0,     0, 1,17:07:40,17:07:49,     9, 31.60, 41.30, -9.70
  12706634,  7043, 1,17:08:46,17:08:52,     6, 41.40, 41.40,  0.00
  12706610,  7019, 2,17:07:51,17:08:53,    62, 44.20, 32.00, 12.20
         0,     0, 2,17:09:01,17:09:12,    11, 32.00, 44.20,-12.20
  21268732,  6126, 1,17:10:19,17:12:15,   116, 41.40, 35.80,  5.60
         0,     0, 1,17:12:23,17:12:27,     4, 35.80, 41.40, -5.60
  21268732,  6126, 1,17:12:45,17:13:01,    16, 41.40, 40.20,  1.20
  12706628,  7037, 4,17:15:02,17:16:16,    74, 43.10, 30.60, 12.50
         0,     0, 4,17:16:24,17:16:36,    12, 30.60, 43.20,-12.60
  12448415,  6028, 2,17:15:27,17:17:17,   110, 44.20, 35.60,  8.60
         0,     0, 2,17:17:24,17:17:32,     8, 35.60, 44.10, -8.50
  12448440,     0, 7,17:17:26,17:18:07,    41, 40.20, 37.30,  2.90
         0,     0, 7,17:18:15,17:18:19,     4, 37.30, 41.10, -3.80
  12200086,  5140, 4,17:18:02,17:18:39,    37, 43.50, 40.60,  2.90
         0,     0, 4,17:18:47,17:18:49,     2, 40.60, 43.20, -2.60
  12448398,  6011, 1,17:21:08,17:21:49,    41, 40.20, 31.50,  8.70
         0,     0, 1,17:21:58,17:22:07,     9, 31.50, 41.30, -9.80
  11724217,  3117, 3,17:25:10,17:26:36,    86, 46.60, 26.00, 20.60
         0,     0, 3,17:26:45,17:27:02,    17, 26.00, 46.50,-20.50
  12706613,  7022, 4,17:26:33,17:27:21,    48, 43.30, 34.70,  8.60
         0,     0, 4,17:27:29,17:27:37,     8, 34.70, 43.20, -8.50
  12200066,  5120, 2,17:28:55,17:29:09,    14, 44.10, 44.00,  0.10
  11724167,  3067, 4,17:31:09,17:31:40,    31, 43.30, 33.90,  9.40
         0,     0, 4,17:31:47,17:31:56,     9, 33.90, 43.30, -9.40
  12199959,     0, 8,17:31:56,17:35:18,   202, 41.00, 37.80,  3.20
         0,     0, 8,17:35:26,17:35:29,     3, 37.80, 41.20, -3.40
  12200066,  5120, 1,17:33:48,17:35:42,   114, 41.30, 23.20, 18.10
         0,     0, 1,17:35:49,17:36:06,    17, 23.20, 41.30,-18.10
  12706628,  7037, 1,17:39:08,17:39:46,    38, 41.40, 38.00,  3.40
         0,     0, 1,17:39:54,17:39:56,     2, 38.00, 41.20, -3.20
  12448420,  6033, 4,17:40:24,17:40:43,    19, 43.30, 41.60,  1.70
         0,     0, 4,17:40:51,17:40:52,     1, 41.60, 43.10, -1.50
  12448420,  6033, 3,17:41:45,17:42:46,    61, 46.40, 41.40,  5.00
         0,     0, 3,17:42:53,17:42:57,     4, 41.40, 46.10, -4.70
  12706642,  7051, 2,17:43:29,17:44:18,    49, 44.00, 36.70,  7.30
         0,     0, 2,17:44:26,17:44:33,     7, 36.70, 44.00, -7.30
  13323409,     0, 5,17:46:09,17:46:26,    17, 32.70, 30.40,  2.30
         0,     0, 5,17:46:33,17:46:42,     9, 30.40, 30.40,  0.00
  13008842,     0, 7,17:46:09,17:47:25,    76, 41.10, 36.10,  5.00
  12448521,  6134, 1,17:44:44,17:47:36,   172, 41.20, 25.40, 15.80
         0,     0, 7,17:47:34,17:47:40,     6, 36.10, 41.10, -5.00
         0,     0, 1,17:47:43,17:47:58,    15, 25.40, 41.40,-16.00
  12448392,  6005, 2,17:47:52,17:48:15,    23, 44.10, 38.20,  5.90
         0,     0, 2,17:48:22,17:48:27,     5, 38.20, 44.10, -5.90
  12448392,  6005, 1,17:48:29,17:48:52,    23, 41.40, 36.30,  5.10
         0,     0, 1,17:49:00,17:49:04,     4, 36.30, 41.40, -5.10
  12448392,  6005, 2,17:49:04,17:49:39,    35, 44.10, 38.80,  5.30
         0,     0, 2,17:49:46,17:49:50,     4, 38.80, 44.20, -5.40
  11499117,  2007, 1,17:49:14,17:50:24,    70, 41.40, 34.70,  6.70
         0,     0, 1,17:50:33,17:50:39,     6, 34.70, 41.30, -6.60
  13323412,     0, 5,17:52:35,17:54:24,   109, 38.70, 32.30,  6.40
         0,     0, 5,17:54:33,17:54:40,     7, 32.30, 41.50, -9.20
  12199987,  5041, 3,17:53:36,17:54:59,    83, 46.30, 40.10,  6.20
  13008906,     0, 8,17:54:56,17:54:58,     2, 41.10, 41.10,  0.00
         0,     0, 3,17:55:07,17:55:11,     4, 40.10, 46.40, -6.30
  13008906,     0, 8,17:55:32,17:55:33,     1, 40.90, 40.90,  0.00
  12200083,  5137, 4,17:56:01,17:56:23,    22, 43.10, 38.80,  4.30
         0,     0, 4,17:56:31,17:56:35,     4, 38.80, 43.20, -4.40
  12200083,  5137, 3,17:57:02,17:57:10,     8, 46.40, 46.50, -0.10
  13008906,     0, 7,17:58:50,17:58:52,     2, 41.20, 41.10,  0.10
  12448417,  6030, 2,17:57:44,17:59:06,    82, 44.10, 24.60, 19.50
  12706628,  7037, 1,17:57:58,17:59:10,    72, 41.30, 33.40,  7.90
  13008906,     0, 8,17:59:10,17:59:12,     2, 39.80, 39.70,  0.10
         0,     0, 8,17:59:21,17:59:22,     1, 39.70, 41.10, -1.40
         0,     0, 1,17:59:18,17:59:25,     7, 33.40, 41.30, -7.90
         0,     0, 2,17:59:13,17:59:33,    20, 24.60, 44.30,-19.70
  13008906,     0, 8,18:00:10,18:00:12,     2, 32.20, 32.20,  0.00
  12706628,  7037, 1,17:59:35,18:00:22,    47, 41.30, 37.60,  3.70
         0,     0, 8,18:00:21,18:00:30,     9, 32.20, 41.20, -9.00
         0,     0, 1,18:00:30,18:00:33,     3, 37.60, 41.30, -3.70
  13323409,     0, 5,18:04:41,18:04:49,     8, 41.30, 41.10,  0.20
  12448521,  6134, 1,18:04:22,18:05:38,    76, 41.30, 31.10, 10.20
         0,     0, 1,18:05:46,18:05:55,     9, 31.10, 41.40,-10.30
  12200083,  5137, 4,18:05:02,18:05:58,    56, 43.50, 29.60, 13.90
  12706707,     0, 7,18:06:06,18:06:11,     5, 41.10, 41.10,  0.00
         0,     0, 4,18:06:06,18:06:19,    13, 29.60, 43.10,-13.50
  12706707,     0, 8,18:07:06,18:07:08,     2, 39.00, 39.00,  0.00
         0,     0, 8,18:07:16,18:07:17,     1, 39.00, 41.30, -2.30
  13323412,     0, 5,18:07:20,18:07:37,    17, 40.90, 40.60,  0.30
  12200091,  5145, 1,18:07:47,18:08:03,    16, 41.40, 41.30,  0.10
  13323409,     0, 5,18:07:52,18:08:21,    29, 40.60, 39.50,  1.10
         0,     0, 5,18:08:30,18:08:31,     1, 39.50, 41.50, -2.00
  12200091,  5145, 1,18:08:14,18:09:02,    48, 41.30, 25.20, 16.10
  13323409,     0, 5,18:09:07,18:09:08,     1, 33.90, 34.00, -0.10
         0,     0, 5,18:09:17,18:09:23,     6, 34.00, 41.50, -7.50
         0,     0, 1,18:09:09,18:09:24,    15, 25.20, 41.20,-16.00
  11724217,  3117, 1,18:10:12,18:10:41,    29, 41.20, 34.60,  6.60
         0,     0, 1,18:10:49,18:10:55,     6, 34.60, 41.20, -6.60
  12200081,  5135, 1,18:11:07,18:11:16,     9, 41.20, 41.20,  0.00
  12200081,  5135, 1,18:11:30,18:13:21,   111, 41.20, 14.80, 26.40
         0,     0, 1,18:13:28,18:13:54,    26, 14.80, 41.30,-26.50
  12706615,  7024, 4,18:12:33,18:14:28,   115, 43.10, 30.80, 12.30
         0,     0, 4,18:14:36,18:14:48,    12, 30.80, 30.80,  0.00
  12706737,  7146, 2,18:12:37,18:15:01,   144, 44.20, 35.20,  9.00
         0,     0, 2,18:15:08,18:15:16,     8, 35.20, 44.30, -9.10
  12706628,  7037, 3,18:16:24,18:17:09,    45, 46.50, 45.80,  0.70
  12448472,     0, 8,18:16:29,18:17:57,    88, 41.20, 34.40,  6.80
  12706651,     0, 7,18:17:25,18:17:59,    34, 41.10, 40.30,  0.80
         0,     0, 8,18:18:04,18:18:11,     7, 34.40, 41.20, -6.80
  12448472,     0, 7,18:18:09,18:18:11,     2, 40.40, 40.40,  0.00
  12706601,  7010, 1,18:14:07,18:19:07,   300, 41.30, 25.10, 16.20
         0,     0, 1,18:19:14,18:19:29,    15, 25.10, 41.30,-16.20
  12706651,     0, 8,18:21:30,18:22:20,    50, 41.20, 37.70,  3.50
         0,     0, 8,18:22:28,18:22:31,     3, 37.70, 41.20, -3.50
  12200079,  5133, 2,18:23:10,18:25:14,   124, 44.20, 25.10, 19.10
         0,     0, 2,18:25:21,18:25:40,    19, 25.10, 44.20,-19.10
  12448440,     0, 7,18:26:34,18:27:32,    58, 40.40, 37.00,  3.40
         0,     0, 7,18:27:40,18:27:45,     5, 37.00, 41.10, -4.10
  13323409,     0, 5,18:29:16,18:29:41,    25, 33.30, 31.20,  2.10
         0,     0, 5,18:29:49,18:29:57,     8, 31.20, 31.30, -0.10
  13323409,     0, 5,18:30:11,18:30:13,     2, 41.00, 41.00,  0.00
  12200083,  5137, 2,18:29:37,18:30:33,    56, 44.20, 40.10,  4.10
         0,     0, 2,18:30:40,18:30:43,     3, 40.10, 44.20, -4.10
  12706628,  7037, 4,18:30:42,18:32:33,   111, 43.50, 40.40,  3.10
         0,     0, 4,18:32:41,18:32:43,     2, 40.40, 43.20, -2.80
  12448516,  6129, 2,18:31:58,18:33:00,    62, 44.20, 32.70, 11.50
         0,     0, 2,18:33:07,18:33:17,    10, 32.70, 44.20,-11.50
  12448392,  6005, 3,18:32:43,18:34:06,    83, 45.80, 38.20,  7.60
  12448518,  6131, 2,18:33:32,18:34:14,    42, 44.20, 35.00,  9.20
         0,     0, 3,18:34:14,18:34:20,     6, 38.20, 38.20,  0.00
  11954042,  4072, 1,18:33:36,18:34:22,    46, 41.40, 41.30,  0.10
         0,     0, 2,18:34:21,18:34:29,     8, 35.00, 44.10, -9.10
  12706628,  7037, 4,18:33:03,18:34:30,    87, 43.30, 41.30,  2.00
         0,     0, 4,18:34:38,18:34:39,     1, 41.30, 43.30, -2.00
  11954042,  4072, 2,18:34:42,18:35:59,    77, 44.10, 31.60, 12.50
         0,     0, 2,18:36:06,18:36:18,    12, 31.60, 44.20,-12.60
  13323412,     0, 5,18:39:57,18:40:33,    36, 39.90, 38.70,  1.20
         0,     0, 5,18:40:41,18:40:42,     1, 38.70, 41.60, -2.90
  11724217,  3117, 3,18:39:41,18:40:41,    60, 46.30, 32.70, 13.60
         0,     0, 3,18:40:49,18:41:00,    11, 32.70, 46.00,-13.30
  11499184,  2074, 2,18:44:09,18:44:53,    44, 44.20, 30.40, 13.80
  11724250,  3150, 1,18:42:49,18:45:03,   134, 41.30, 15.30, 26.00
         0,     0, 2,18:45:01,18:45:15,    14, 30.40, 44.00,-13.60
         0,     0, 1,18:45:10,18:45:35,    25, 15.30, 41.20,-25.90
  11953971,  4001, 4,18:44:19,18:46:27,   128, 43.20, 19.80, 23.40
         0,     0, 4,18:46:35,18:46:57,    22, 19.80, 43.20,-23.40
  11724250,  3150, 2,18:50:07,18:50:13,     6, 44.00, 44.00,  0.00
  11724250,  3150, 1,18:50:19,18:50:26,     7, 41.20, 41.20,  0.00
  12448518,  6131, 2,18:51:57,18:53:22,    85, 44.00, 37.10,  6.90
         0,     0, 2,18:53:29,18:53:35,     6, 37.10, 44.20, -7.10
  12448516,  6129, 4,18:54:35,18:55:07,    32, 43.50, 36.30,  7.20
         0,     0, 4,18:55:16,18:55:22,     6, 36.30, 43.10, -6.80
  12706618,  7027, 1,18:55:46,18:55:52,     6, 41.20, 41.20,  0.00
  12448415,  6028, 1,18:56:10,18:56:16,     6, 41.20, 41.20,  0.00
  12706628,  7037, 4,18:56:14,18:56:56,    42, 43.20, 40.70,  2.50
         0,     0, 4,18:57:04,18:57:06,     2, 40.70, 43.20, -2.50
  12448415,  6028, 2,18:56:24,18:58:29,   125, 44.20, 32.70, 11.50
         0,     0, 2,18:58:38,18:58:49,    11, 32.70, 44.20,-11.50
  12706618,  7027, 2,19:03:24,19:03:33,     9, 44.20, 43.50,  0.70
  11954042,  4072, 2,19:04:42,19:05:42,    60, 43.50, 36.00,  7.50
  12706621,  7030, 1,19:04:35,19:05:49,    74, 41.20, 25.70, 15.50
         0,     0, 2,19:05:51,19:05:58,     7, 36.00, 44.00, -8.00
         0,     0, 1,19:05:58,19:06:13,    15, 25.70, 41.30,-15.60
  12706618,  7027, 2,19:10:08,19:10:51,    43, 44.00, 35.00,  9.00
         0,     0, 2,19:10:59,19:11:07,     8, 35.00, 44.20, -9.20
  12200083,  5137, 2,19:12:08,19:13:16,    68, 44.20, 32.40, 11.80
  12199951,  5005, 1,19:11:31,19:13:28,   117, 41.30, 33.60,  7.70
         0,     0, 2,19:13:25,19:13:36,    11, 32.40, 44.20,-11.80
         0,     0, 1,19:13:36,19:13:43,     7, 33.60, 41.40, -7.80
  12448420,  6033, 4,19:13:17,19:14:14,    57, 43.20, 39.60,  3.60
         0,     0, 4,19:14:22,19:14:25,     3, 39.60, 43.20, -3.60
  12706613,  7022, 4,19:15:26,19:17:01,    95, 43.30, 34.00,  9.30
         0,     0, 4,19:17:09,19:17:17,     8, 34.00, 43.10, -9.10
  12706705,     0, 7,19:16:56,19:17:22,    26, 41.10, 40.80,  0.30
  12199974,  5028, 1,19:17:40,19:17:49,     9, 41.40, 41.40,  0.00
  12199974,  5028, 1,19:18:00,19:18:07,     7, 41.40, 41.40,  0.00
  12706705,     0, 8,19:17:34,19:18:53,    79, 40.70, 34.10,  6.60
         0,     0, 8,19:19:00,19:19:07,     7, 34.10, 41.30, -7.20
  12706624,  7033, 4,19:18:15,19:19:35,    80, 43.30, 39.10,  4.20
         0,     0, 4,19:19:43,19:19:46,     3, 39.10, 43.20, -4.10
  13323412,     0, 5,19:19:39,19:20:00,    21, 40.20, 39.50,  0.70
         0,     0, 5,19:20:07,19:20:08,     1, 39.50, 41.60, -2.10
  12200004,  5058, 4,19:20:06,19:20:24,    18, 43.30, 40.20,  3.10
         0,     0, 4,19:20:31,19:20:33,     2, 40.20, 43.20, -3.00
  12706621,  7030, 1,19:22:07,19:22:43,    36, 41.40, 32.60,  8.80
         0,     0, 1,19:22:51,19:22:59,     8, 32.60, 41.20, -8.60
  12199974,  5028, 1,19:23:09,19:24:31,    82, 41.20, 19.20, 22.00
         0,     0, 1,19:24:40,19:25:02,    22, 19.20, 41.30,-22.10
  12706609,  7018, 2,19:24:59,19:25:47,    48, 44.10, 35.80,  8.30
         0,     0, 2,19:25:56,19:26:03,     7, 35.80, 44.20, -8.40
  13323409,     0, 5,19:27:20,19:28:01,    41, 41.40, 39.60,  1.80
         0,     0, 5,19:28:10,19:28:11,     1, 39.60, 41.50, -1.90
  12448521,  6134, 1,19:28:56,19:29:32,    36, 41.30, 41.30,  0.00
  13323409,     0, 5,19:29:13,19:29:45,    32, 32.70, 32.50,  0.20
         0,     0, 5,19:29:53,19:30:00,     7, 32.50, 32.60, -0.10
  12706737,  7146, 3,19:27:48,19:30:21,   153, 46.10, 33.80, 12.30
         0,     0, 3,19:30:28,19:30:38,    10, 33.80, 33.70,  0.10
  12199959,     0, 8,19:31:23,19:32:06,    43, 40.70, 39.50,  1.20
         0,     0, 8,19:32:14,19:32:15,     1, 39.50, 41.20, -1.70
  12448417,  6030, 3,19:33:47,19:33:54,     7, 46.00, 46.00,  0.00
  21268732,  6126, 1,19:31:52,19:34:03,   131, 41.30, 32.70,  8.60
         0,     0, 1,19:34:12,19:34:20,     8, 32.70, 41.30, -8.60
  12706624,  7033, 4,19:34:31,19:35:44,    73, 43.20, 38.90,  4.30
         0,     0, 4,19:35:52,19:35:56,     4, 38.90, 43.50, -4.60
  12448521,  6134, 1,19:34:31,19:36:03,    92, 41.30, 31.00, 10.30
  12706630,  7039, 2,19:34:55,19:36:09,    74, 44.20, 37.00,  7.20
         0,     0, 1,19:36:12,19:36:22,    10, 31.00, 41.30,-10.30
         0,     0, 2,19:36:17,19:36:23,     6, 37.00, 44.30, -7.30
  12706630,  7039, 1,19:36:33,19:36:59,    26, 41.30, 37.80,  3.50
         0,     0, 1,19:37:07,19:37:10,     3, 37.80, 41.40, -3.60
  12706630,  7039, 2,19:37:03,19:37:30,    27, 44.30, 39.70,  4.60
         0,     0, 2,19:37:39,19:37:42,     3, 39.70, 44.20, -4.50
  12448417,  6030, 4,19:36:11,19:39:10,   179, 43.30, 20.40, 22.90
         0,     0, 4,19:39:17,19:39:39,    22, 20.40, 20.40,  0.00
  11953971,  4001, 1,19:39:02,19:40:50,   108, 41.40, 23.20, 18.20
         0,     0, 1,19:40:57,19:41:14,    17, 23.20, 41.30,-18.10
  13008774,  8015, 4,19:39:50,19:41:16,    86, 43.10, 35.50,  7.60
         0,     0, 4,19:41:23,19:41:30,     7, 35.50, 43.20, -7.70
  12448408,  6021, 4,19:42:06,19:43:15,    69, 43.40, 25.40, 18.00
         0,     0, 4,19:43:23,19:43:40,    17, 25.40, 43.30,-17.90
  13008842,     0, 7,19:43:21,19:43:38,    17, 40.80, 39.50,  1.30
         0,     0, 7,19:43:47,19:43:48,     1, 39.50, 41.10, -1.60
  12706609,  7018, 2,19:43:54,19:44:29,    35, 44.10, 39.50,  4.60
         0,     0, 2,19:44:37,19:44:40,     3, 39.50, 44.20, -4.70
  12706618,  7027, 1,19:43:54,19:44:51,    57, 41.30, 36.30,  5.00
         0,     0, 1,19:44:59,19:45:03,     4, 36.30, 41.30, -5.00
  12448415,  6028, 4,19:43:50,19:45:20,    90, 43.90, 36.20,  7.70
         0,     0, 4,19:45:29,19:45:35,     6, 36.20, 43.20, -7.00
  12706610,  7019, 4,19:49:00,19:50:00,    60, 43.60, 29.90, 13.70
         0,     0, 4,19:50:08,19:50:21,    13, 29.90, 43.30,-13.40
  13008906,     0, 7,19:51:01,19:51:10,     9, 41.10, 41.10,  0.00
  12200083,  5137, 4,19:54:05,19:54:44,    39, 43.40, 35.20,  8.20
         0,     0, 4,19:54:51,19:54:58,     7, 35.20, 35.20,  0.00
  12706624,  7033, 2,19:58:39,19:59:40,    61, 44.20, 40.70,  3.50
  12706614,  7023, 3,19:59:42,19:59:42,     0, 46.00, 46.10, -0.10
  13008738,  7159, 4,19:58:02,19:59:45,   103, 43.30, 32.50, 10.80
         0,     0, 2,19:59:49,19:59:51,     2, 40.70, 44.20, -3.50
         0,     0, 4,19:59:52,20:00:02,    10, 32.50, 42.90,-10.40
  13008906,     0, 8,19:59:57,20:00:01,     4, 33.10, 33.20, -0.10
         0,     0, 8,20:00:08,20:00:16,     8, 33.20, 41.30, -8.10
  12706609,  7018, 3,19:59:53,20:00:23,    30, 46.00, 41.20,  4.80
         0,     0, 3,20:00:31,20:00:34,     3, 41.20, 46.40, -5.20
  13008738,  7159, 4,20:00:12,20:00:46,    34, 43.20, 38.50,  4.70
  12706624,  7033, 1,20:00:24,20:00:52,    28, 41.30, 40.10,  1.20
         0,     0, 4,20:00:54,20:00:58,     4, 38.50, 43.30, -4.80
  12706614,  7023, 2,20:01:58,20:02:50,    52, 44.20, 31.80, 12.40
         0,     0, 2,20:02:57,20:03:08,    11, 31.80, 44.20,-12.40
  13008842,     0, 8,20:05:09,20:05:23,    14, 41.30, 41.30,  0.00
  12706614,  7023, 1,20:04:50,20:05:39,    49, 40.10, 37.80,  2.30
         0,     0, 1,20:05:47,20:05:49,     2, 37.80, 41.30, -3.50
  13008774,  8015, 3,20:06:16,20:06:23,     7, 46.50, 46.40,  0.10
  11724172,     0, 7,20:07:09,20:07:10,     1, 41.00, 41.10, -0.10
  13008774,  8015, 4,20:06:36,20:07:31,    55, 43.40, 39.10,  4.30
  12448482,     0, 8,20:07:33,20:07:38,     5, 41.20, 41.20,  0.00
         0,     0, 4,20:07:38,20:07:42,     4, 39.10, 43.30, -4.20
  11499184,  2074, 2,20:08:05,20:08:38,    33, 44.20, 34.40,  9.80
         0,     0, 2,20:08:46,20:08:55,     9, 34.40, 44.10, -9.70
  12706656,  7065, 2,20:10:31,20:11:12,    41, 44.10, 39.00,  5.10
         0,     0, 2,20:11:19,20:11:23,     4, 39.00, 44.10, -5.10
  12200066,  5120, 1,20:10:23,20:11:28,    65, 41.40, 29.30, 12.10
         0,     0, 1,20:11:36,20:11:47,    11, 29.30, 41.30,-12.00
  12448518,  6131, 4,20:14:15,20:15:11,    56, 43.30, 31.60, 11.70
         0,     0, 4,20:15:19,20:15:30,    11, 31.60, 43.20,-11.60
  12706613,  7022, 4,20:15:44,20:16:23,    39, 43.20, 39.50,  3.70
         0,     0, 4,20:16:30,20:16:33,     3, 39.50, 43.20, -3.70
  12200066,  5120, 2,20:15:55,20:16:36,    41, 44.10, 43.20,  0.90
  21268732,  6126, 1,20:18:14,20:20:15,   121, 41.30, 35.40,  5.90
         0,     0, 1,20:20:23,20:20:28,     5, 35.40, 41.30, -5.90
  12448408,  6021, 4,20:20:40,20:20:50,    10, 43.10, 42.90,  0.20
  12200004,  5058, 3,20:21:30,20:21:30,     0, 46.70, 46.40,  0.30
  11724250,  3150, 2,20:21:25,20:22:24,    59, 43.20, 31.60, 11.60
         0,     0, 2,20:22:33,20:22:45,    12, 31.60, 44.10,-12.50
  12200086,  5140, 4,20:22:42,20:22:49,     7, 43.20, 43.00,  0.20
  11724250,  3150, 2,20:22:55,20:23:18,    23, 44.20, 39.90,  4.30
         0,     0, 2,20:23:26,20:23:29,     3, 39.90, 44.10, -4.20
  12706613,  7022, 4,20:23:26,20:23:45,    19, 43.10, 39.90,  3.20
         0,     0, 4,20:23:52,20:23:55,     3, 39.90, 43.30, -3.40
  12448482,     0, 8,20:25:37,20:25:42,     5, 41.20, 41.10,  0.10
  12448482,     0, 7,20:25:55,20:26:09,    14, 41.10, 41.00,  0.10
  12448420,  6033, 4,20:24:19,20:27:35,   196, 43.40, 39.30,  4.10
         0,     0, 4,20:27:43,20:27:46,     3, 39.30, 43.30, -4.00
  12448482,     0, 7,20:26:21,20:28:23,   122, 41.00, 40.60,  0.40
  12448420,  6033, 4,20:28:38,20:29:10,    32, 43.30, 43.50, -0.20
  12200086,  5140, 4,20:32:15,20:34:04,   109, 43.50, 35.10,  8.40
         0,     0, 4,20:34:11,20:34:18,     7, 35.10, 35.10,  0.00
  12199987,  5041, 2,20:33:14,20:34:57,   103, 44.20, 38.20,  6.00
         0,     0, 2,20:35:04,20:35:09,     5, 38.20, 44.20, -6.00
  12706613,  7022, 3,20:34:03,20:35:15,    72, 46.60, 37.80,  8.80
         0,     0, 3,20:35:23,20:35:29,     6, 37.80, 37.70,  0.10
  11499184,  2074, 1,20:35:08,20:36:10,    62, 41.30, 30.80, 10.50
  12448517,  6130, 2,20:35:19,20:36:18,    59, 44.20, 36.70,  7.50
         0,     0, 1,20:36:17,20:36:26,     9, 30.80, 41.40,-10.60
         0,     0, 2,20:36:27,20:36:33,     6, 36.70, 44.30, -7.60
  12448517,  6130, 2,20:38:52,20:39:09,    17, 44.20, 42.30,  1.90
  12448437,  6050, 3,20:37:27,20:39:36,   129, 46.00, 43.70,  2.30
         0,     0, 3,20:39:43,20:39:44,     1, 43.70, 46.20, -2.50
  12448437,  6050, 2,20:40:59,20:42:25,    86, 42.30, 36.00,  6.30
         0,     0, 2,20:42:33,20:42:40,     7, 36.00, 44.30, -8.30
  12706630,  7039, 1,20:41:46,20:42:43,    57, 41.40, 30.40, 11.00
         0,     0, 1,20:42:52,20:43:02,    10, 30.40, 41.30,-10.90
  12706656,  7065, 4,20:41:53,20:43:15,    82, 43.60, 36.00,  7.60
  12706634,  7043, 3,20:41:52,20:43:16,    84, 46.50, 33.00, 13.50
         0,     0, 4,20:43:22,20:43:29,     7, 36.00, 43.20, -7.20
         0,     0, 3,20:43:24,20:43:35,    11, 33.00, 32.80,  0.20
  12706634,  7043, 4,20:43:40,20:44:06,    26, 43.30, 38.00,  5.30
         0,     0, 4,20:44:13,20:44:18,     5, 38.00, 43.20, -5.20
  12706620,  7029, 1,20:43:56,20:45:55,   119, 41.30, 26.50, 14.80
         0,     0, 1,20:46:03,20:46:17,    14, 26.50, 41.30,-14.80
  12199987,  5041, 1,20:47:48,20:50:00,   132, 41.30, 30.80, 10.50
         0,     0, 1,20:50:07,20:50:16,     9, 30.80, 41.30,-10.50
  12448472,     0, 7,20:52:18,20:53:57,    99, 40.60, 36.70,  3.90
         0,     0, 7,20:54:05,20:54:10,     5, 36.70, 41.10, -4.40
  21268732,  6126, 1,20:53:40,20:55:04,    84, 41.30, 39.10,  2.20
         0,     0, 1,20:55:12,20:55:13,     1, 39.10, 41.20, -2.10
  12448472,     0, 7,20:54:59,20:55:15,    16, 39.80, 39.00,  0.80
         0,     0, 7,20:55:22,20:55:24,     2, 39.00, 41.10, -2.10
  12448408,  6021, 2,20:55:36,20:56:23,    47, 44.30, 27.20, 17.10
         0,     0, 2,20:56:31,20:56:47,    16, 27.20, 44.10,-16.90
  12706620,  7029, 2,20:59:41,20:59:44,     3, 44.10, 44.10,  0.00
  12706620,  7029, 2,20:59:58,21:00:41,    43, 44.10, 40.10,  4.00
         0,     0, 2,21:00:49,21:00:52,     3, 40.10, 44.20, -4.10
  21268732,  6126, 1,21:04:13,21:05:23,    70, 41.30, 40.60,  0.70
  21268732,  6126, 1,21:06:26,21:06:46,    20, 40.60, 40.10,  0.50
  21268732,  6126, 1,21:08:54,21:09:25,    31, 40.10, 39.40,  0.70
  11954042,  4072, 2,21:09:07,21:09:27,    20, 44.20, 44.00,  0.20
         0,     0, 1,21:09:32,21:09:33,     1, 39.40, 41.30, -1.90
  11954042,  4072, 2,21:09:49,21:10:34,    45, 44.10, 41.30,  2.80
         0,     0, 2,21:10:42,21:10:43,     1, 41.30, 44.30, -3.00
  12448517,  6130, 1,21:10:43,21:11:27,    44, 41.30, 34.60,  6.70
         0,     0, 1,21:11:35,21:11:41,     6, 34.60, 41.30, -6.70
  11954042,  4072, 2,21:10:53,21:11:41,    48, 44.20, 33.00, 11.20
         0,     0, 2,21:11:49,21:11:59,    10, 33.00, 44.20,-11.20
  12448521,  6134, 1,21:11:51,21:12:47,    56, 41.30, 27.90, 13.40
         0,     0, 1,21:12:56,21:13:08,    12, 27.90, 41.30,-13.40
  12706727,     0, 8,21:13:31,21:13:45,    14, 41.00, 38.50,  2.50
         0,     0, 8,21:13:54,21:13:56,     2, 38.50, 41.20, -2.70
  12706727,     0, 7,21:14:11,21:14:29,    18, 41.10, 38.50,  2.60
         0,     0, 7,21:14:38,21:14:41,     3, 38.50, 41.10, -2.60
  12706618,  7027, 2,21:15:15,21:15:30,    15, 44.20, 44.00,  0.20
  12706618,  7027, 1,21:15:42,21:16:26,    44, 41.30, 32.40,  8.90
         0,     0, 1,21:16:35,21:16:43,     8, 32.40, 41.30, -8.90
  13008774,  8015, 4,21:16:26,21:17:27,    61, 43.50, 34.00,  9.50
         0,     0, 4,21:17:34,21:17:43,     9, 34.00, 43.30, -9.30
  12706642,  7051, 1,21:17:42,21:17:47,     5, 41.30, 41.30,  0.00
  12448398,  6011, 2,21:17:02,21:19:14,   132, 44.00, 19.50, 24.50
         0,     0, 2,21:19:22,21:19:46,    24, 19.50, 44.10,-24.60
  12706628,  7037, 4,21:22:06,21:23:10,    64, 43.40, 39.50,  3.90
         0,     0, 4,21:23:17,21:23:20,     3, 39.50, 43.20, -3.70
  12706642,  7051, 3,21:26:42,21:27:44,    62, 46.40, 37.50,  8.90
         0,     0, 3,21:27:51,21:27:58,     7, 37.50, 37.50,  0.00
  12706628,  7037, 1,21:31:25,21:31:51,    26, 41.30, 39.60,  1.70
         0,     0, 1,21:31:59,21:32:00,     1, 39.60, 41.20, -1.60
  13008906,     0, 8,21:30:51,21:32:45,   114, 41.10, 35.00,  6.10
         0,     0, 8,21:32:53,21:32:59,     6, 35.00, 41.20, -6.20
  12448516,  6129, 2,21:40:25,21:40:45,    20, 44.10, 44.10,  0.00
  12448517,  6130, 3,21:42:26,21:42:30,     4, 46.30, 46.30,  0.00
  12448517,  6130, 4,21:42:34,21:44:36,   122, 43.30, 38.00,  5.30
         0,     0, 4,21:44:43,21:44:48,     5, 38.00, 43.30, -5.30
  12448516,  6129, 1,21:47:01,21:48:43,   102, 41.20, 27.00, 14.20
  12706642,  7051, 3,21:47:33,21:48:56,    83, 46.30, 38.50,  7.80
         0,     0, 1,21:48:50,21:49:03,    13, 27.00, 41.20,-14.20
         0,     0, 3,21:49:03,21:49:09,     6, 38.50, 38.40,  0.10
  12706642,  7051, 3,21:49:35,21:50:16,    41, 46.40, 43.20,  3.20
         0,     0, 3,21:50:24,21:50:26,     2, 43.20, 43.00,  0.20
  12448518,  6131, 2,21:49:43,21:50:48,    65, 44.10, 35.40,  8.70
         0,     0, 2,21:50:55,21:51:03,     8, 35.40, 44.10, -8.70
  12706620,  7029, 2,21:59:15,22:00:06,    51, 44.10, 40.00,  4.10
         0,     0, 2,22:00:13,22:00:16,     3, 40.00, 44.10, -4.10
  12706618,  7027, 2,22:01:50,22:02:28,    38, 44.10, 37.60,  6.50
         0,     0, 2,22:02:35,22:02:40,     5, 37.60, 44.10, -6.50
  12706609,  7018, 2,22:02:51,22:02:57,     6, 44.10, 44.10,  0.00
  12706609,  7018, 1,22:03:19,22:04:41,    82, 41.20, 33.60,  7.60
         0,     0, 1,22:04:49,22:04:56,     7, 33.60, 41.30, -7.70
  12706628,  7037, 4,22:13:39,22:14:38,    59, 43.10, 38.40,  4.70
         0,     0, 4,22:14:46,22:14:50,     4, 38.40, 43.30, -4.90
  12706656,  7065, 1,22:17:01,22:17:47,    46, 41.30, 32.30,  9.00
  12706609,  7018, 2,22:17:34,22:17:51,    17, 44.10, 41.30,  2.80
         0,     0, 2,22:17:58,22:17:59,     1, 41.30, 44.10, -2.80
         0,     0, 1,22:17:54,22:18:02,     8, 32.30, 41.40, -9.10
  12706624,  7033, 1,22:19:21,22:20:56,    95, 41.40, 39.50,  1.90
         0,     0, 1,22:21:04,22:21:05,     1, 39.50, 41.20, -1.70
  11499231,     0, 8,22:21:32,22:21:41,     9, 41.10, 41.10,  0.00
  12706624,  7033, 1,22:21:20,22:22:34,    74, 41.20, 26.60, 14.60
         0,     0, 1,22:22:42,22:22:56,    14, 26.60, 41.20,-14.60
  21268732,  6126, 3,22:23:03,22:23:10,     7, 46.60, 46.50,  0.10
  12199974,  5028, 2,22:21:17,22:23:20,   123, 44.00, 29.90, 14.10
  13008842,     0, 8,22:23:29,22:23:32,     3, 41.10, 41.10,  0.00
         0,     0, 2,22:23:27,22:23:41,    14, 29.90, 44.20,-14.30
  11499231,     0, 7,22:21:46,22:23:40,   114, 41.10, 29.70, 11.40
         0,     0, 7,22:23:47,22:24:02,    15, 29.70, 41.20,-11.50
  21268732,  6126, 4,22:23:13,22:25:30,   137, 43.30, 36.30,  7.00
         0,     0, 4,22:25:39,22:25:45,     6, 36.30, 36.30,  0.00
  13008842,     0, 7,22:27:27,22:28:14,    47, 41.20, 37.00,  4.20
         0,     0, 7,22:28:22,22:28:27,     5, 37.00, 41.20, -4.20
  12199951,  5005, 1,22:29:13,22:29:22,     9, 41.20, 41.20,  0.00
  12706615,  7024, 4,22:30:48,22:32:16,    88, 43.20, 35.80,  7.40
         0,     0, 4,22:32:25,22:32:32,     7, 35.80, 43.10, -7.30
  12199951,  5005, 1,22:29:33,22:32:44,   191, 41.20, 32.20,  9.00
         0,     0, 1,22:32:51,22:32:59,     8, 32.20, 41.40, -9.20
  11953971,  4001, 4,22:32:42,22:33:59,    77, 43.40, 37.90,  5.50
         0,     0, 4,22:34:07,22:34:12,     5, 37.90, 43.30, -5.40
  12448415,  6028, 1,22:33:10,22:35:42,   152, 41.60, 28.60, 13.00
         0,     0, 1,22:35:50,22:36:02,    12, 28.60, 41.30,-12.70
  11724250,  3150, 1,22:37:16,22:37:28,    12, 41.30, 39.60,  1.70
         0,     0, 1,22:37:36,22:37:37,     1, 39.60, 41.20, -1.60
  11724250,  3150, 2,22:37:35,22:37:43,     8, 44.20, 41.40,  2.80
         0,     0, 2,22:37:51,22:37:52,     1, 41.40, 44.10, -2.70
  11724167,  3067, 4,22:38:02,22:39:00,    58, 43.30, 24.10, 19.20
         0,     0, 4,22:39:08,22:39:26,    18, 24.10, 43.20,-19.10
  12706621,  7030, 1,22:40:36,22:42:04,    88, 41.20, 21.60, 19.60
         0,     0, 1,22:42:12,22:42:31,    19, 21.60, 41.30,-19.70
  12448392,  6005, 3,22:42:35,22:44:36,   121, 46.50, 24.30, 22.20
         0,     0, 3,22:44:44,22:45:03,    19, 24.30, 24.20,  0.10
  11724250,  3150, 4,22:48:36,22:48:53,    17, 43.60, 39.90,  3.70
         0,     0, 4,22:49:01,22:49:04,     3, 39.90, 43.30, -3.40
  12199987,  5041, 3,22:49:17,22:50:12,    55, 46.40, 46.40,  0.00
  11724217,  3117, 1,22:51:07,22:52:53,   106, 41.30, 16.80, 24.50
  12706601,  7010, 4,22:51:53,22:52:54,    61, 43.30, 34.60,  8.70
         0,     0, 4,22:53:01,22:53:09,     8, 34.60, 43.10, -8.50
         0,     0, 1,22:53:01,22:53:25,    24, 16.80, 41.30,-24.50
  13008842,     0, 7,22:59:38,22:59:41,     3, 41.20, 41.10,  0.10
  12706615,  7024, 4,22:58:42,23:00:08,    86, 43.20, 27.50, 15.70
         0,     0, 4,23:00:16,23:00:31,    15, 27.50, 27.40,  0.10
  12199987,  5041, 2,22:59:29,23:03:01,   212, 44.10, 22.40, 21.70
         0,     0, 2,23:03:09,23:03:30,    21, 22.40, 44.20,-21.80
  12199951,  5005, 4,23:07:01,23:09:07,   126, 43.60, 35.00,  8.60
         0,     0, 4,23:09:14,23:09:22,     8, 35.00, 43.20, -8.20
  13008842,     0, 7,23:09:52,23:10:30,    38, 41.10, 38.70,  2.40
         0,     0, 7,23:10:38,23:10:40,     2, 38.70, 41.10, -2.40
  11499117,  2007, 2,23:14:31,23:15:44,    73, 44.20, 33.30, 10.90
         0,     0, 2,23:15:52,23:16:02,    10, 33.30, 44.10,-10.80
  11953971,  4001, 2,23:17:02,23:17:11,     9, 44.10, 44.10,  0.00
  12706610,  7019, 4,23:17:19,23:18:23,    64, 43.30, 36.70,  6.60
         0,     0, 4,23:18:32,23:18:38,     6, 36.70, 43.20, -6.50
  11953971,  4001, 1,23:17:50,23:19:05,    75, 41.30, 27.20, 14.10
         0,     0, 1,23:19:14,23:19:27,    13, 27.20, 41.30,-14.10
  13008842,     0, 7,23:23:56,23:24:03,     7, 41.10, 41.10,  0.00
  12200066,  5120, 2,23:25:18,23:25:29,    11, 44.10, 44.20, -0.10
  11724167,  3067, 4,23:26:24,23:27:02,    38, 43.20, 31.20, 12.00
         0,     0, 4,23:27:10,23:27:21,    11, 31.20, 43.20,-12.00
  13323412,     0, 5,23:27:13,23:28:03,    50, 35.20, 34.70,  0.50
         0,     0, 5,23:28:11,23:28:16,     5, 34.70, 34.80, -0.10
  12706601,  7010, 4,23:27:32,23:28:44,    72, 43.30, 34.40,  8.90
         0,     0, 4,23:28:51,23:28:59,     8, 34.40, 43.30, -8.90
  12706707,     0, 8,23:32:55,23:33:16,    21, 40.90, 40.00,  0.90
         0,     0, 8,23:33:25,23:33:25,     0, 40.00, 40.90, -0.90
  13323409,     0, 5,23:33:50,23:34:04,    14, 41.50, 40.00,  1.50
  11499184,  2074, 2,23:36:15,23:37:02,    47, 44.20, 31.60, 12.60
         0,     0, 2,23:37:10,23:37:22,    12, 31.60, 44.20,-12.60
  12706707,     0, 8,23:37:39,23:37:49,    10, 40.90, 39.60,  1.30
         0,     0, 8,23:37:58,23:37:59,     1, 39.60, 41.10, -1.50
  12706630,  7039, 4,23:37:48,23:39:49,   121, 43.30, 27.90, 15.40
         0,     0, 4,23:39:56,23:40:11,    15, 27.90, 43.20,-15.30
         0,     0, 3,23:44:47,23:44:57,    10, 46.40, 46.40,  0.00
         0,     0, 4,23:44:47,23:44:57,    10, 43.60, 43.60,  0.00
         0,     0, 5,23:44:47,23:44:57,    10, 39.60, 39.60,  0.00
         0,     0, 7,23:44:47,23:44:57,    10, 41.10, 41.10,  0.00
         0,     0, 8,23:44:47,23:44:57,    10, 41.10, 41.10,  0.00
         0,     0, 1,23:44:47,23:44:57,    10, 41.30, 41.30,  0.00
         0,     0, 2,23:44:47,23:44:57,    10, 44.20, 44.20,  0.00
