         0,     0, 7, 0:02:44, 0:02:54,    10, 35.70, 35.70,  0.00
         0,     0, 8, 0:02:44, 0:02:54,    10, 40.80, 40.80,  0.00
         0,     0, 1, 0:02:44, 0:02:54,    10, 41.20, 41.20,  0.00
         0,     0, 2, 0:02:44, 0:02:54,    10, 44.00, 44.00,  0.00
         0,     0, 3, 0:02:44, 0:02:54,    10, 46.10, 46.10,  0.00
         0,     0, 4, 0:02:44, 0:02:54,    10, 43.10, 43.10,  0.00
         0,     0, 5, 0:02:44, 0:02:54,    10, 40.90, 40.90,  0.00
  12448415,  6028, 4, 0:03:07, 0:04:50,   103, 43.20, 25.70, 17.50
         0,     0, 4, 0:04:58, 0:05:14,    16, 25.70, 25.80, -0.10
  12706609,  7018, 2, 0:03:53, 0:05:30,    97, 44.00, 33.90, 10.10
  12448517,  6130, 1, 0:03:02, 0:05:31,   149, 41.20, 22.60, 18.60
         0,     0, 2, 0:05:38, 0:05:48,    10, 33.90, 44.20,-10.30
         0,     0, 1, 0:05:39, 0:05:57,    18, 22.60, 41.40,-18.80
  21268732,  6126, 1, 0:11:02, 0:14:11,   189, 41.40, 34.40,  7.00
         0,     0, 1, 0:14:20, 0:14:26,     6, 34.40, 41.30, -6.90
  13008774,  8015, 3, 0:14:44, 0:15:52,    68, 46.20, 37.90,  8.30
         0,     0, 3, 0:15:59, 0:16:05,     6, 37.90, 37.90,  0.00
  12448391,  6004, 1, 0:18:24, 0:20:32,   128, 41.30, 22.80, 18.50
         0,     0, 1, 0:20:41, 0:20:59,    18, 22.80, 41.40,-18.60
  12448417,  6030, 4, 0:24:10, 0:25:36,    86, 43.70, 30.50, 13.20
         0,     0, 4, 0:25:43, 0:25:54,    11, 30.50, 43.00,-12.50
  11499184,  2074, 1, 0:24:24, 0:26:16,   112, 41.40, 36.80,  4.60
         0,     0, 1, 0:26:25, 0:26:28,     3, 36.80, 41.30, -4.50
  11499184,  2074, 2, 0:26:25, 0:26:30,     5, 44.20, 44.20,  0.00
  13008774,  8015, 3, 0:31:49, 0:32:13,    24, 46.20, 44.40,  1.80
  21268732,  6126, 1, 0:43:56, 0:44:32,    36, 41.30, 40.60,  0.70
  12448415,  6028, 3, 0:48:01, 0:49:11,    70, 44.50, 37.90,  6.60
         0,     0, 3, 0:49:18, 0:49:24,     6, 37.90, 37.90,  0.00
  12706614,  7023, 4, 0:48:02, 0:49:29,    87, 43.50, 27.40, 16.10
         0,     0, 4, 0:49:38, 0:49:52,    14, 27.40, 43.10,-15.70
  11499184,  2074, 1, 0:48:14, 0:51:24,   190, 40.60, 31.10,  9.50
         0,     0, 1, 0:51:33, 0:51:42,     9, 31.10, 41.20,-10.10
  13008774,  8015, 4, 0:51:52, 0:52:02,    10, 43.30, 43.60, -0.30
  12706624,  7033, 2, 0:52:45, 0:52:52,     7, 44.10, 44.20, -0.10
  13008774,  8015, 3, 0:52:07, 0:53:09,    62, 46.30, 42.30,  4.00
         0,     0, 3, 0:53:17, 0:53:19,     2, 42.30, 46.40, -4.10
  12706624,  7033, 1, 0:52:58, 0:54:34,    96, 41.20, 26.50, 14.70
         0,     0, 1, 0:54:43, 0:54:57,    14, 26.50, 41.30,-14.80
  13008774,  8015, 3, 0:54:19, 0:56:01,   102, 46.30, 39.80,  6.50
         0,     0, 3, 0:56:09, 0:56:13,     4, 39.80, 46.30, -6.50
  21268732,  6126, 1, 1:00:11, 1:00:48,    37, 41.30, 40.00,  1.30
         0,     0, 1, 1:00:57, 1:00:57,     0, 40.00, 40.40, -0.40
  12448398,  6011, 2, 1:02:16, 1:02:54,    38, 44.20, 44.20,  0.00
  12448398,  6011, 1, 1:03:00, 1:04:42,   102, 40.40, 35.60,  4.80
         0,     0, 1, 1:04:49, 1:04:54,     5, 35.60, 41.30, -5.70
  12448398,  6011, 1, 1:05:04, 1:06:52,   108, 41.30, 24.30, 17.00
  12448415,  6028, 2, 1:06:48, 1:07:03,    15, 44.20, 44.20,  0.00
         0,     0, 1, 1:07:00, 1:07:16,    16, 24.30, 41.30,-17.00
  11724167,  3067, 3, 1:09:53, 1:10:10,    17, 46.30, 42.90,  3.40
         0,     0, 3, 1:10:19, 1:10:21,     2, 42.90, 46.50, -3.60
  12706620,  7029, 1, 1:10:01, 1:11:43,   102, 41.30, 31.60,  9.70
         0,     0, 1, 1:11:50, 1:11:58,     8, 31.60, 41.20, -9.60
  12706656,  7065, 4, 1:24:49, 1:25:48,    59, 43.50, 33.40, 10.10
         0,     0, 4, 1:25:57, 1:26:05,     8, 33.40, 43.10, -9.70
  12448521,  6134, 2, 1:26:15, 1:26:19,     4, 44.10, 44.10,  0.00
  11499117,  2007, 1, 1:32:50, 1:33:37,    47, 41.30, 31.00, 10.30
         0,     0, 1, 1:33:45, 1:33:54,     9, 31.00, 41.30,-10.30
  12448408,  6021, 4, 1:33:34, 1:34:13,    39, 43.30, 29.60, 13.70
         0,     0, 4, 1:34:21, 1:34:33,    12, 29.60, 43.10,-13.50
  12448521,  6134, 3, 1:34:21, 1:35:08,    47, 46.60, 41.20,  5.40
         0,     0, 3, 1:35:16, 1:35:19,     3, 41.20, 46.30, -5.10
  12706615,  7024, 4, 1:43:21, 1:44:54,    93, 43.50, 30.50, 13.00
         0,     0, 4, 1:45:02, 1:45:13,    11, 30.50, 43.10,-12.60
  12448518,  6131, 2, 1:51:44, 1:51:50,     6, 44.10, 44.10,  0.00
  12448518,  6131, 1, 1:52:00, 1:53:02,    62, 41.30, 22.60, 18.70
         0,     0, 1, 1:53:09, 1:53:27,    18, 22.60, 41.30,-18.70
  12448521,  6134, 1, 1:59:24, 2:00:27,    63, 41.30, 31.50,  9.80
         0,     0, 1, 2:00:35, 2:00:44,     9, 31.50, 41.30, -9.80
  12706642,  7051, 2, 2:04:22, 2:05:51,    89, 44.10, 27.00, 17.10
         0,     0, 2, 2:05:58, 2:06:14,    16, 27.00, 44.00,-17.00
  12706642,  7051, 2, 2:06:25, 2:06:45,    20, 44.00, 41.90,  2.10
         0,     0, 2, 2:06:52, 2:06:52,     0, 41.90, 44.00, -2.10
  12706618,  7027, 4, 2:08:44, 2:09:28,    44, 43.50, 34.80,  8.70
         0,     0, 4, 2:09:37, 2:09:44,     7, 34.80, 34.90, -0.10
  11954042,  4072, 4, 2:15:47, 2:15:55,     8, 43.20, 43.20,  0.00
  11954042,  4072, 4, 2:16:11, 2:16:28,    17, 43.20, 43.20,  0.00
  11954042,  4072, 3, 2:16:34, 2:17:26,    52, 46.60, 34.50, 12.10
         0,     0, 3, 2:17:34, 2:17:43,     9, 34.50, 46.40,-11.90
  21268732,  6126, 1, 2:18:45, 2:21:37,   172, 41.30, 35.60,  5.70
         0,     0, 1, 2:21:46, 2:21:51,     5, 35.60, 41.40, -5.80
  12706630,  7039, 1, 2:24:59, 2:27:09,   130, 41.30, 32.00,  9.30
         0,     0, 1, 2:27:16, 2:27:24,     8, 32.00, 41.30, -9.30
  12448516,  6129, 3, 2:32:43, 2:33:46,    63, 46.20, 37.60,  8.60
         0,     0, 3, 2:33:54, 2:34:01,     7, 37.60, 37.50,  0.10
  12448426,  6039, 3, 2:41:09, 2:42:14,    65, 46.50, 31.20, 15.30
         0,     0, 3, 2:42:22, 2:42:34,    12, 31.20, 31.10,  0.10
  12448420,  6033, 4, 2:41:46, 2:42:49,    63, 43.40, 38.80,  4.60
         0,     0, 4, 2:42:57, 2:43:00,     3, 38.80, 43.20, -4.40
  12448420,  6033, 3, 2:47:16, 2:47:38,    22, 46.40, 44.90,  1.50
  12706618,  7027, 2, 2:47:41, 2:47:46,     5, 44.00, 44.00,  0.00
  12448420,  6033, 4, 2:48:04, 2:48:58,    54, 43.30, 38.80,  4.50
         0,     0, 4, 2:49:07, 2:49:10,     3, 38.80, 42.90, -4.10
  12200085,  5139, 4, 2:49:21, 2:49:27,     6, 42.90, 42.90,  0.00
  12706628,  7037, 2, 2:55:00, 2:55:06,     6, 43.90, 43.90,  0.00
  12706628,  7037, 1, 2:55:11, 2:56:11,    60, 41.30, 39.70,  1.60
         0,     0, 1, 2:56:20, 2:56:20,     0, 39.70, 41.20, -1.50
  12706628,  7037, 1, 2:57:29, 2:57:58,    29, 41.20, 39.90,  1.30
         0,     0, 1, 2:58:06, 2:58:06,     0, 39.90, 41.20, -1.30
  12706618,  7027, 2, 3:01:17, 3:01:33,    16, 44.00, 43.90,  0.10
  12200085,  5139, 4, 3:00:58, 3:02:02,    64, 42.80, 26.90, 15.90
         0,     0, 4, 3:02:11, 3:02:26,    15, 26.90, 43.10,-16.20
  12706618,  7027, 1, 3:01:49, 3:02:42,    53, 41.20, 29.10, 12.10
         0,     0, 1, 3:02:51, 3:03:02,    11, 29.10, 41.30,-12.20
  12706630,  7039, 3, 3:02:35, 3:03:09,    34, 44.90, 39.60,  5.30
         0,     0, 3, 3:03:16, 3:03:21,     5, 39.60, 39.60,  0.00
  12706628,  7037, 1, 3:05:56, 3:06:28,    32, 41.30, 40.50,  0.80
  12706634,  7043, 2, 3:15:54, 3:18:23,   149, 43.90, 42.50,  1.40
  12706634,  7043, 1, 3:18:35, 3:20:04,    89, 40.50, 25.20, 15.30
         0,     0, 1, 3:20:11, 3:20:26,    15, 25.20, 41.20,-16.00
  12706601,  7010, 4, 3:21:35, 3:25:11,   216, 43.60, 19.90, 23.70
         0,     0, 4, 3:25:18, 3:25:40,    22, 19.90, 43.00,-23.10
  12448420,  6033, 4, 3:29:17, 3:29:31,    14, 43.10, 43.60, -0.50
  12448420,  6033, 4, 3:39:32, 3:43:04,   212, 43.60, 39.80,  3.80
         0,     0, 4, 3:43:12, 3:43:14,     2, 39.80, 43.10, -3.30
  12448420,  6033, 3, 3:43:21, 3:43:44,    23, 46.60, 43.60,  3.00
         0,     0, 3, 3:43:52, 3:43:53,     1, 43.60, 46.50, -2.90
  12448417,  6030, 3, 3:50:08, 3:53:43,   215, 46.50, 24.40, 22.10
         0,     0, 3, 3:53:51, 3:54:09,    18, 24.40, 25.30, -0.90
  12448437,  6050, 3, 3:54:21, 3:56:34,   133, 25.30, 30.00, -4.70
         0,     0, 3, 3:56:42, 3:56:55,    13, 30.00, 30.00,  0.00
  11724217,  3117, 1, 4:55:57, 4:58:10,   133, 41.20, 21.50, 19.70
         0,     0, 1, 4:58:18, 4:58:37,    19, 21.50, 41.30,-19.80
  12706620,  7029, 1, 5:00:14, 5:03:12,   178, 41.30, 31.50,  9.80
         0,     0, 1, 5:03:20, 5:03:29,     9, 31.50, 41.30, -9.80
  12448392,  6005, 1, 5:05:43, 5:06:56,    73, 41.30, 27.40, 13.90
         0,     0, 1, 5:07:05, 5:07:17,    12, 27.40, 41.30,-13.90
  12448434,  6047, 3, 5:09:01, 5:09:21,    20, 46.50, 44.40,  2.10
  12448434,  6047, 3, 5:09:31, 5:11:06,    95, 44.40, 28.00, 16.40
         0,     0, 3, 5:11:14, 5:11:29,    15, 28.00, 27.80,  0.20
  11499117,  2007, 3, 5:58:24, 5:58:59,    35, 70.00, 69.80,  0.20
  11954008,  4038, 2, 6:00:02, 6:00:16,    14, 42.50, 42.50,  0.00
  12199951,  5005, 3, 6:00:32, 6:00:37,     5, 41.80, 41.80,  0.00
         0,     0, 3, 6:00:46, 6:00:49,     3, 41.80, 46.30, -4.50
  11954008,  4038, 2, 6:00:32, 6:00:49,    17, 42.50, 41.60,  0.90
         0,     0, 2, 6:00:57, 6:00:58,     1, 41.60, 44.10, -2.50
  11499117,  2007, 1, 6:00:06, 6:01:07,    61, 41.30, 20.80, 20.50
         0,     0, 1, 6:01:15, 6:01:34,    19, 20.80, 41.30,-20.50
  12200085,  5139, 2, 6:02:00, 6:02:06,     6, 44.10, 44.10,  0.00
  12706609,  7018, 1, 6:01:45, 6:03:23,    98, 41.30, 26.10, 15.20
         0,     0, 1, 6:03:30, 6:03:44,    14, 26.10, 41.30,-15.20
  11953971,  4001, 2, 6:03:34, 6:03:43,     9, 44.10, 44.10,  0.00
  11953971,  4001, 1, 6:03:55, 6:03:57,     2, 41.30, 41.30,  0.00
  12448415,  6028, 2, 6:04:04, 6:04:21,    17, 44.10, 44.10,  0.00
  12199951,  5005, 3, 6:01:05, 6:04:26,   201, 46.30, 43.10,  3.20
         0,     0, 3, 6:04:33, 6:04:35,     2, 43.10, 46.30, -3.20
  12448521,  6134, 1, 6:04:51, 6:04:59,     8, 41.30, 41.30,  0.00
  12200091,  5145, 4, 6:05:09, 6:06:00,    51, 43.40, 25.60, 17.80
         0,     0, 4, 6:06:09, 6:06:24,    15, 25.60, 42.80,-17.20
  12448415,  6028, 2, 6:05:31, 6:06:49,    78, 44.10, 41.70,  2.40
         0,     0, 2, 6:06:56, 6:06:57,     1, 41.70, 44.10, -2.40
  12448415,  6028, 1, 6:07:10, 6:07:21,    11, 41.30, 41.30,  0.00
  12448521,  6134, 2, 6:07:08, 6:07:25,    17, 44.00, 44.10, -0.10
  12706618,  7027, 4, 6:06:54, 6:08:00,    66, 42.40, 29.40, 13.00
         0,     0, 4, 6:08:08, 6:08:21,    13, 29.40, 32.10, -2.70
  12448415,  6028, 2, 6:07:50, 6:09:47,   117, 44.10, 27.80, 16.30
         0,     0, 2, 6:09:55, 6:10:10,    15, 27.80, 44.10,-16.30
  12199951,  5005, 3, 6:04:56, 6:10:21,   325, 46.20, 35.00, 11.20
         0,     0, 3, 6:10:30, 6:10:39,     9, 35.00, 35.00,  0.00
  12200085,  5139, 2, 6:13:07, 6:13:09,     2, 44.10, 44.10,  0.00
  12706669,     0, 7, 6:12:54, 6:13:54,    60, 35.50, 32.50,  3.00
         0,     0, 7, 6:14:02, 6:14:13,    11, 32.50, 41.10, -8.60
  12448521,  6134, 3, 6:11:36, 6:14:11,   155, 46.20, 31.30, 14.90
         0,     0, 3, 6:14:19, 6:14:31,    12, 31.30, 31.20,  0.10
  12448398,  6011, 1, 6:14:54, 6:14:59,     5, 41.30, 41.30,  0.00
  12706669,     0, 8, 6:14:40, 6:15:11,    31, 38.10, 35.80,  2.30
         0,     0, 8, 6:15:19, 6:15:24,     5, 35.80, 41.20, -5.40
  12448408,  6021, 2, 6:16:12, 6:16:18,     6, 44.10, 44.10,  0.00
  12448434,  6047, 3, 6:17:30, 6:17:41,    11, 46.40, 46.30,  0.10
  13008748,  7169, 4, 6:17:10, 6:19:24,   134, 44.20, 41.40,  2.80
         0,     0, 4, 6:19:32, 6:19:33,     1, 41.40, 43.00, -1.60
  12200079,  5133, 4, 6:20:14, 6:20:19,     5, 43.10, 42.90,  0.20
  12706624,  7033, 3, 6:19:38, 6:20:22,    44, 46.30, 45.50,  0.80
  12706618,  7027, 2, 6:21:19, 6:21:23,     4, 44.10, 44.10,  0.00
  12200079,  5133, 3, 6:20:33, 6:22:56,   143, 44.60, 33.50, 11.10
         0,     0, 3, 6:23:04, 6:23:14,    10, 33.50, 33.50,  0.00
  12706624,  7033, 1, 6:24:02, 6:24:07,     5, 41.30, 41.30,  0.00
  12448434,  6047, 4, 6:22:22, 6:24:20,   118, 43.10, 31.60, 11.50
         0,     0, 4, 6:24:28, 6:24:38,    10, 31.60, 43.10,-11.50
  12200079,  5133, 3, 6:23:30, 6:24:50,    80, 46.00, 39.80,  6.20
  12706614,  7023, 1, 6:24:47, 6:24:53,     6, 41.30, 41.30,  0.00
         0,     0, 3, 6:24:58, 6:25:03,     5, 39.80, 39.80,  0.00
  12706614,  7023, 2, 6:25:15, 6:25:33,    18, 44.10, 43.70,  0.40
  12448398,  6011, 1, 6:25:58, 6:26:07,     9, 41.30, 41.30,  0.00
  12200086,  5140, 4, 6:24:51, 6:26:25,    94, 43.10, 30.90, 12.20
         0,     0, 4, 6:26:33, 6:26:44,    11, 30.90, 42.90,-12.00
  12706634,  7043, 3, 6:26:06, 6:26:47,    41, 46.60, 43.80,  2.80
         0,     0, 3, 6:26:55, 6:26:56,     1, 43.80, 46.30, -2.50
  12448518,  6131, 3, 6:27:13, 6:28:37,    84, 46.30, 32.70, 13.60
  12706634,  7043, 4, 6:27:42, 6:28:41,    59, 43.00, 30.60, 12.40
  12448398,  6011, 2, 6:28:18, 6:28:45,    27, 43.70, 43.30,  0.40
  13008738,  7159, 1, 6:28:43, 6:28:48,     5, 41.30, 41.30,  0.00
         0,     0, 3, 6:28:46, 6:28:57,    11, 32.70, 32.70,  0.00
         0,     0, 4, 6:28:48, 6:29:00,    12, 30.60, 43.00,-12.40
  12199951,  5005, 2, 6:31:35, 6:31:43,     8, 43.20, 43.20,  0.00
  11724167,  3067, 3, 6:32:20, 6:32:35,    15, 46.20, 46.20,  0.00
  12706614,  7023, 1, 6:34:11, 6:34:18,     7, 41.30, 41.30,  0.00
  12448516,  6129, 4, 6:33:43, 6:34:45,    62, 43.50, 26.50, 17.00
  12200083,  5137, 1, 6:34:41, 6:34:47,     6, 41.30, 41.30,  0.00
  12448437,  6050, 3, 6:33:54, 6:34:49,    55, 46.10, 43.40,  2.70
         0,     0, 3, 6:34:58, 6:35:00,     2, 43.40, 46.20, -2.80
         0,     0, 4, 6:34:53, 6:35:09,    16, 26.50, 43.20,-16.70
  12706614,  7023, 2, 6:34:33, 6:35:28,    55, 43.20, 42.90,  0.30
  13008774,  8015, 1, 6:35:55, 6:35:59,     4, 41.30, 41.30,  0.00
  12448437,  6050, 3, 6:35:13, 6:36:18,    65, 46.30, 30.10, 16.20
         0,     0, 3, 6:36:27, 6:36:40,    13, 30.10, 30.00,  0.10
  12706620,  7029, 1, 6:36:35, 6:36:41,     6, 41.30, 41.30,  0.00
  12448398,  6011, 2, 6:37:32, 6:39:54,   142, 42.90, 17.50, 25.40
         0,     0, 2, 6:40:02, 6:40:28,    26, 17.50, 44.20,-26.70
  13008738,  7159, 4, 6:38:32, 6:40:54,   142, 43.30, 24.30, 19.00
         0,     0, 4, 6:41:01, 6:41:18,    17, 24.30, 42.90,-18.60
  12448398,  6011, 2, 6:40:38, 6:41:16,    38, 44.10, 37.50,  6.60
         0,     0, 2, 6:41:24, 6:41:29,     5, 37.50, 44.20, -6.70
  13008774,  8015, 2, 6:41:39, 6:41:49,    10, 44.10, 44.10,  0.00
  12200083,  5137, 2, 6:42:32, 6:42:44,    12, 44.20, 44.20,  0.00
  12200081,  5135, 4, 6:42:29, 6:43:12,    43, 43.10, 33.70,  9.40
         0,     0, 4, 6:43:20, 6:43:29,     9, 33.70, 33.80, -0.10
  12200081,  5135, 4, 6:43:39, 6:43:53,    14, 43.00, 40.60,  2.40
         0,     0, 4, 6:44:01, 6:44:03,     2, 40.60, 43.10, -2.50
  12706620,  7029, 2, 6:44:36, 6:44:43,     7, 44.10, 44.10,  0.00
  12706737,  7146, 4, 6:44:22, 6:46:26,   124, 43.00, 32.80, 10.20
         0,     0, 4, 6:46:34, 6:46:43,     9, 32.80, 43.10,-10.30
  12706610,  7019, 3, 6:46:50, 6:48:18,    88, 46.20, 29.30, 16.90
         0,     0, 3, 6:48:25, 6:48:39,    14, 29.30, 29.20,  0.10
  12706620,  7029, 1, 6:48:39, 6:49:16,    37, 41.30, 41.10,  0.20
  12200086,  5140, 4, 6:48:17, 6:50:41,   144, 43.10, 26.40, 16.70
         0,     0, 4, 6:50:49, 6:51:05,    16, 26.40, 43.10,-16.70
  12706628,  7037, 1, 6:51:03, 6:51:09,     6, 41.10, 41.10,  0.00
  12706613,  7022, 3, 6:51:20, 6:52:17,    57, 46.50, 37.80,  8.70
  12706620,  7029, 2, 6:52:22, 6:52:27,     5, 44.20, 44.20,  0.00
         0,     0, 3, 6:52:25, 6:52:32,     7, 37.80, 46.10, -8.30
  12706628,  7037, 2, 6:53:17, 6:53:25,     8, 44.20, 44.20,  0.00
  11724167,  3067, 2, 6:54:31, 6:56:05,    94, 44.20, 20.70, 23.50
         0,     0, 2, 6:56:12, 6:56:37,    25, 20.70, 44.20,-23.50
  12706620,  7029, 1, 6:56:37, 6:56:55,    18, 41.10, 41.10,  0.00
  12200083,  5137, 2, 6:57:10, 6:58:27,    77, 44.20, 39.80,  4.40
         0,     0, 2, 6:58:34, 6:58:37,     3, 39.80, 44.10, -4.30
  12706628,  7037, 4, 6:56:44, 6:59:22,   158, 43.50, 30.50, 13.00
  12200083,  5137, 1, 6:59:29, 6:59:38,     9, 41.10, 41.10,  0.00
         0,     0, 4, 6:59:30, 6:59:43,    13, 30.50, 42.80,-12.30
  12200083,  5137, 2, 6:59:50, 7:01:44,   114, 44.10, 25.60, 18.50
  12200081,  5135, 4, 7:01:09, 7:01:56,    47, 42.90, 35.30,  7.60
         0,     0, 2, 7:01:52, 7:02:10,    18, 25.60, 44.00,-18.40
         0,     0, 4, 7:02:03, 7:02:10,     7, 35.30, 42.90, -7.60
  12706620,  7029, 4, 7:03:57, 7:05:04,    67, 42.90, 34.70,  8.20
         0,     0, 4, 7:05:11, 7:05:18,     7, 34.70, 43.00, -8.30
  12706601,  7010, 1, 7:05:13, 7:05:18,     5, 41.10, 41.10,  0.00
  11724217,  3117, 2, 7:07:21, 7:07:44,    23, 44.00, 43.30,  0.70
  11724217,  3117, 1, 7:08:18, 7:08:21,     3, 41.10, 41.10,  0.00
  11724217,  3117, 2, 7:14:50, 7:15:39,    49, 43.30, 32.50, 10.80
         0,     0, 2, 7:15:46, 7:15:57,    11, 32.50, 44.10,-11.60
  12706613,  7022, 1, 7:16:05, 7:16:10,     5, 41.10, 41.10,  0.00
  12706613,  7022, 2, 7:20:19, 7:21:04,    45, 44.10, 37.30,  6.80
         0,     0, 2, 7:21:12, 7:21:18,     6, 37.30, 44.10, -6.80
  12706642,  7051, 4, 7:31:38, 7:33:11,    93, 42.80, 26.50, 16.30
         0,     0, 4, 7:33:18, 7:33:33,    15, 26.50, 43.00,-16.50
  11724217,  3117, 2, 7:41:23, 7:41:59,    36, 44.10, 36.30,  7.80
         0,     0, 2, 7:42:06, 7:42:13,     7, 36.30, 43.90, -7.60
  12706613,  7022, 2, 7:42:23, 7:43:07,    44, 43.90, 36.40,  7.50
         0,     0, 2, 7:43:15, 7:43:22,     7, 36.40, 44.20, -7.80
  11954042,  4072, 4, 7:44:58, 7:46:55,   117, 43.10, 28.50, 14.60
         0,     0, 4, 7:47:02, 7:47:15,    13, 28.50, 43.00,-14.50
  12706628,  7037, 2, 7:51:25, 7:53:50,   145, 44.20, 26.50, 17.70
         0,     0, 2, 7:53:58, 7:54:15,    17, 26.50, 44.10,-17.60
  12706628,  7037, 2, 7:54:25, 7:55:06,    41, 44.10, 41.60,  2.50
         0,     0, 2, 7:55:15, 7:55:16,     1, 41.60, 44.00, -2.40
  11499184,  2074, 1, 7:55:32, 7:55:39,     7, 41.10, 41.10,  0.00
  11499184,  2074, 2, 7:55:43, 7:56:53,    70, 44.00, 28.00, 16.00
         0,     0, 2, 7:57:01, 7:57:16,    15, 28.00, 44.10,-16.10
  13008890,     0, 8, 8:03:04, 8:03:13,     9, 40.90, 40.10,  0.80
  13008890,     0, 8, 8:03:46, 8:03:59,    13, 40.10, 38.60,  1.50
         0,     0, 8, 8:04:07, 8:04:09,     2, 38.60, 41.20, -2.60
  13008890,     0, 8, 8:04:40, 8:04:54,    14, 41.20, 39.50,  1.70
         0,     0, 8, 8:05:02, 8:05:03,     1, 39.50, 41.20, -1.70
  11499117,  2007, 2, 8:03:28, 8:05:05,    97, 44.20, 29.90, 14.30
         0,     0, 2, 8:05:13, 8:05:26,    13, 29.90, 44.20,-14.30
  12200086,  5140, 4, 8:05:31, 8:06:16,    45, 43.70, 36.80,  6.90
         0,     0, 4, 8:06:23, 8:06:28,     5, 36.80, 36.90, -0.10
  12706615,  7024, 1, 8:07:54, 8:08:01,     7, 41.10, 41.10,  0.00
  12706624,  7033, 3, 8:05:50, 8:09:44,   234, 46.30, 21.40, 24.90
         0,     0, 3, 8:09:53, 8:10:14,    21, 21.40, 21.30,  0.10
  11499184,  2074, 2, 8:10:40, 8:12:18,    98, 44.20, 33.40, 10.80
         0,     0, 2, 8:12:27, 8:12:37,    10, 33.40, 44.10,-10.70
  12706615,  7024, 4, 8:10:42, 8:12:59,   137, 43.10, 25.40, 17.70
         0,     0, 4, 8:13:07, 8:13:23,    16, 25.40, 43.00,-17.60
  12706613,  7022, 2, 8:16:16, 8:17:00,    44, 44.10, 37.20,  6.90
         0,     0, 2, 8:17:08, 8:17:14,     6, 37.20, 44.10, -6.90
  12706618,  7027, 2, 8:19:56, 8:20:16,    20, 44.10, 42.50,  1.60
  12706618,  7027, 2, 8:20:27, 8:21:19,    52, 42.50, 31.10, 11.40
         0,     0, 2, 8:21:27, 8:21:39,    12, 31.10, 44.10,-13.00
  13008890,     0, 8, 8:21:46, 8:21:47,     1, 41.20, 41.20,  0.00
  13008890,     0, 8, 8:22:19, 8:22:27,     8, 41.20, 40.30,  0.90
  21268732,  6126, 1, 8:23:08, 8:23:13,     5, 41.10, 41.10,  0.00
  12448517,  6130, 1, 8:24:19, 8:25:00,    41, 41.10, 41.10,  0.00
  21268732,  6126, 2, 8:23:16, 8:25:58,   162, 44.10, 34.00, 10.10
         0,     0, 2, 8:26:06, 8:26:15,     9, 34.00, 44.10,-10.10
  12199951,  5005, 4, 8:24:17, 8:26:36,   139, 43.00, 32.80, 10.20
         0,     0, 4, 8:26:45, 8:26:54,     9, 32.80, 43.00,-10.20
  12448517,  6130, 2, 8:26:36, 8:26:54,    18, 44.20, 43.50,  0.70
  11724205,     0, 8, 8:22:44, 8:27:22,   278, 40.30, 28.00, 12.30
         0,     0, 8, 8:27:30, 8:27:43,    13, 28.00, 41.20,-13.20
  12448417,  6030, 4, 8:29:21, 8:29:26,     5, 43.00, 43.10, -0.10
  12448408,  6021, 3, 8:29:41, 8:30:27,    46, 46.50, 39.40,  7.10
         0,     0, 3, 8:30:36, 8:30:41,     5, 39.40, 46.40, -7.00
  11724205,     0, 7, 8:29:30, 8:32:40,   190, 41.10, 41.00,  0.10
  13008896,     0, 8, 8:31:53, 8:32:43,    50, 40.70, 38.20,  2.50
         0,     0, 8, 8:32:52, 8:32:54,     2, 38.20, 41.20, -3.00
  11724205,     0, 8, 8:33:04, 8:33:39,    35, 41.30, 41.30,  0.00
  12448420,  6033, 4, 8:31:59, 8:33:54,   115, 43.10, 35.60,  7.50
         0,     0, 4, 8:34:01, 8:34:08,     7, 35.60, 43.10, -7.50
  12448517,  6130, 2, 8:32:01, 8:34:54,   173, 43.40, 25.20, 18.20
         0,     0, 2, 8:35:01, 8:35:19,    18, 25.20, 44.10,-18.90
  12448408,  6021, 3, 8:34:26, 8:35:44,    78, 46.20, 25.30, 20.90
  12706601,  7010, 2, 8:35:29, 8:35:47,    18, 44.00, 41.10,  2.90
         0,     0, 2, 8:35:55, 8:35:57,     2, 41.10, 44.00, -2.90
         0,     0, 3, 8:35:53, 8:36:10,    17, 25.30, 25.30,  0.00
  13008774,  8015, 2, 8:36:07, 8:36:12,     5, 44.00, 44.00,  0.00
  12706601,  7010, 4, 8:36:42, 8:36:49,     7, 43.40, 43.30,  0.10
  12200081,  5135, 1, 8:36:59, 8:37:08,     9, 41.10, 41.10,  0.00
  13008774,  8015, 2, 8:36:22, 8:37:51,    89, 44.00, 34.90,  9.10
  12706601,  7010, 4, 8:37:05, 8:37:59,    54, 43.30, 34.10,  9.20
         0,     0, 2, 8:37:59, 8:38:07,     8, 34.90, 43.90, -9.00
         0,     0, 4, 8:38:07, 8:38:15,     8, 34.10, 43.00, -8.90
  12200081,  5135, 2, 8:38:36, 8:39:35,    59, 43.90, 35.80,  8.10
         0,     0, 2, 8:39:42, 8:39:49,     7, 35.80, 44.10, -8.30
  12200081,  5135, 2, 8:39:59, 8:40:24,    25, 44.10, 39.30,  4.80
         0,     0, 2, 8:40:33, 8:40:36,     3, 39.30, 44.10, -4.80
  12706656,  7065, 1, 8:40:06, 8:40:50,    44, 41.10, 41.10,  0.00
  12706656,  7065, 2, 8:40:54, 8:42:43,   109, 44.10, 28.90, 15.20
         0,     0, 2, 8:42:52, 8:43:06,    14, 28.90, 44.20,-15.30
  11724172,     0, 8, 8:43:19, 8:43:20,     1, 41.20, 41.20,  0.00
  12448482,     0, 8, 8:43:46, 8:43:53,     7, 41.20, 41.10,  0.10
  12706700,     0, 7, 8:43:57, 8:44:07,    10, 41.00, 41.00,  0.00
  12448482,     0, 8, 8:44:05, 8:44:08,     3, 41.00, 41.10, -0.10
  12706700,     0, 7, 8:44:18, 8:44:45,    27, 40.80, 35.60,  5.20
         0,     0, 7, 8:44:54, 8:45:01,     7, 35.60, 41.10, -5.50
  12706700,     0, 7, 8:45:19, 8:45:29,    10, 41.10, 39.30,  1.80
         0,     0, 7, 8:45:37, 8:45:39,     2, 39.30, 41.10, -1.80
  21268732,  6126, 2, 8:44:58, 8:46:22,    84, 44.20, 41.90,  2.30
         0,     0, 2, 8:46:30, 8:46:31,     1, 41.90, 44.00, -2.10
  12706700,     0, 7, 8:46:27, 8:46:47,    20, 41.10, 37.50,  3.60
         0,     0, 7, 8:46:55, 8:46:59,     4, 37.50, 41.10, -3.60
  12448521,  6134, 2, 8:46:41, 8:46:57,    16, 44.10, 44.00,  0.10
  11724172,     0, 7, 8:47:09, 8:47:11,     2, 41.10, 41.10,  0.00
  12448521,  6134, 3, 8:47:30, 8:49:07,    97, 46.30, 32.00, 14.30
         0,     0, 3, 8:49:15, 8:49:26,    11, 32.00, 31.90,  0.10
  12448482,     0, 8, 8:47:43, 8:49:48,   125, 40.90, 26.00, 14.90
         0,     0, 8, 8:49:55, 8:50:11,    16, 26.00, 41.30,-15.30
  12706621,  7030, 3, 8:50:59, 8:51:09,    10, 46.40, 46.10,  0.30
  12706621,  7030, 4, 8:55:55, 8:56:54,    59, 43.30, 32.60, 10.70
         0,     0, 4, 8:57:03, 8:57:13,    10, 32.60, 43.00,-10.40
  12448426,  6039, 3, 8:58:37, 8:58:38,     1, 46.30, 46.10,  0.20
  12448426,  6039, 4, 8:59:18, 8:59:45,    27, 43.10, 37.50,  5.60
         0,     0, 4, 8:59:54, 8:59:59,     5, 37.50, 37.60, -0.10
  12448426,  6039, 3, 9:00:09, 9:00:09,     0, 46.10, 46.20, -0.10
  13008774,  8015, 2, 8:59:55, 9:00:11,    16, 44.10, 43.90,  0.20
  13008774,  8015, 2, 9:00:21, 9:00:42,    21, 43.80, 43.00,  0.80
  12706609,  7018, 1, 9:03:12, 9:03:17,     5, 41.10, 41.10,  0.00
  12706609,  7018, 1, 9:03:28, 9:04:31,    63, 41.10, 28.00, 13.10
         0,     0, 1, 9:04:38, 9:04:51,    13, 28.00, 41.20,-13.20
  12448451,     0, 8, 9:08:06, 9:08:14,     8, 41.20, 41.10,  0.10
  12448451,     0, 8, 9:08:57, 9:09:15,    18, 41.10, 41.10,  0.00
  12448451,     0, 7, 9:09:53, 9:10:05,    12, 41.10, 41.00,  0.10
  11954008,  4038, 1, 9:10:27, 9:10:35,     8, 41.20, 41.20,  0.00
  12448451,     0, 7, 9:10:25, 9:11:17,    52, 41.00, 37.80,  3.20
         0,     0, 7, 9:11:26, 9:11:30,     4, 37.80, 41.00, -3.20
         0,     0, 7, 9:12:08, 9:12:15,     7, 35.10, 41.00, -5.90
  11954008,  4038, 2, 9:11:18, 9:12:16,    58, 43.00, 43.00,  0.00
  12706634,  7043, 1, 9:13:07, 9:13:12,     5, 41.20, 41.20,  0.00
  12448451,     0, 7, 9:13:34, 9:13:44,    10, 41.10, 39.60,  1.50
  13008748,  7169, 4, 9:10:46, 9:13:48,   182, 43.20, 37.60,  5.60
         0,     0, 7, 9:13:52, 9:13:53,     1, 39.60, 41.00, -1.40
         0,     0, 4, 9:13:57, 9:14:02,     5, 37.60, 43.00, -5.40
  12706669,     0, 7, 9:14:23, 9:14:24,     1, 41.00, 41.00,  0.00
  12448392,  6005, 1, 9:14:56, 9:14:58,     2, 41.20, 41.20,  0.00
  12706610,  7019, 4, 9:14:25, 9:15:39,    74, 43.00, 29.00, 14.00
  11954008,  4038, 2, 9:13:26, 9:15:46,   140, 43.00, 39.20,  3.80
         0,     0, 2, 9:15:53, 9:15:56,     3, 39.20, 44.10, -4.90
         0,     0, 4, 9:15:48, 9:16:01,    13, 29.00, 43.00,-14.00
  12706634,  7043, 1, 9:16:34, 9:16:49,    15, 41.20, 41.20,  0.00
  12706634,  7043, 2, 9:17:21, 9:18:09,    48, 44.10, 40.80,  3.30
         0,     0, 2, 9:18:16, 9:18:18,     2, 40.80, 44.20, -3.40
  12706634,  7043, 2, 9:18:29, 9:19:30,    61, 44.30, 32.40, 11.90
         0,     0, 2, 9:19:37, 9:19:47,    10, 32.40, 44.10,-11.70
  12706614,  7023, 4, 9:17:50, 9:19:45,   115, 43.20, 21.10, 22.10
         0,     0, 4, 9:19:54, 9:20:14,    20, 21.10, 43.20,-22.10
  12448391,  6004, 3, 9:19:32, 9:20:12,    40, 46.30, 41.10,  5.20
         0,     0, 3, 9:20:20, 9:20:24,     4, 41.10, 46.30, -5.20
  11954008,  4038, 2, 9:20:57, 9:21:22,    25, 44.10, 42.60,  1.50
  12448437,  6050, 2, 9:22:09, 9:22:14,     5, 42.60, 42.60,  0.00
  12448415,  6028, 1, 9:22:14, 9:22:15,     1, 41.20, 41.20,  0.00
  12200091,  5145, 1, 9:22:36, 9:22:42,     6, 41.20, 41.20,  0.00
  12706621,  7030, 1, 9:25:39, 9:25:47,     8, 41.20, 41.20,  0.00
  13008774,  8015, 3, 9:24:14, 9:25:59,   105, 46.90, 39.10,  7.80
         0,     0, 3, 9:26:07, 9:26:12,     5, 39.10, 39.10,  0.00
  12448415,  6028, 2, 9:25:32, 9:27:17,   105, 42.70, 35.00,  7.70
         0,     0, 2, 9:27:25, 9:27:33,     8, 35.00, 44.10, -9.10
  12448437,  6050, 1, 9:29:44, 9:29:53,     9, 41.20, 41.20,  0.00
  12200091,  5145, 2, 9:28:28, 9:30:07,    99, 44.10, 23.50, 20.60
         0,     0, 2, 9:30:14, 9:30:33,    19, 23.50, 44.20,-20.70
  13008890,     0, 8, 9:30:05, 9:30:55,    50, 41.00, 37.20,  3.80
         0,     0, 8, 9:31:02, 9:31:05,     3, 37.20, 41.20, -4.00
  12448437,  6050, 2, 9:30:51, 9:31:45,    54, 44.20, 43.90,  0.30
  12448437,  6050, 2, 9:32:06, 9:33:08,    62, 43.90, 33.30, 10.60
  12448391,  6004, 1, 9:33:06, 9:33:20,    14, 41.20, 41.20,  0.00
         0,     0, 2, 9:33:15, 9:33:25,    10, 33.30, 44.10,-10.80
  12706669,     0, 8, 9:32:03, 9:33:48,   105, 41.20, 32.20,  9.00
         0,     0, 8, 9:33:56, 9:34:05,     9, 32.20, 41.30, -9.10
  12200085,  5139, 2, 9:35:53, 9:36:19,    26, 44.20, 41.30,  2.90
         0,     0, 2, 9:36:28, 9:36:29,     1, 41.30, 44.10, -2.80
  12448408,  6021, 3, 9:37:13, 9:38:18,    65, 46.90, 28.30, 18.60
         0,     0, 3, 9:38:25, 9:38:40,    15, 28.30, 46.40,-18.10
  11954008,  4038, 2, 9:37:02, 9:38:53,   111, 44.10, 41.80,  2.30
         0,     0, 2, 9:39:01, 9:39:02,     1, 41.80, 44.10, -2.30
  12448420,  6033, 4, 9:41:28, 9:42:31,    63, 43.40, 38.30,  5.10
         0,     0, 4, 9:42:39, 9:42:43,     4, 38.30, 43.10, -4.80
  13008896,     0, 8, 9:42:49, 9:42:51,     2, 40.70, 39.80,  0.90
         0,     0, 8, 9:42:58, 9:42:58,     0, 39.80, 41.10, -1.30
  13008896,     0, 8, 9:43:17, 9:43:34,    17, 39.50, 36.90,  2.60
         0,     0, 8, 9:43:42, 9:43:46,     4, 36.90, 40.30, -3.40
  12200085,  5139, 2, 9:42:29, 9:43:58,    89, 44.10, 21.60, 22.50
  11724205,     0, 7, 9:36:47, 9:44:18,   451, 41.00, 36.60,  4.40
  13008896,     0, 8, 9:44:18, 9:44:20,     2, 34.70, 34.70,  0.00
         0,     0, 2, 9:44:05, 9:44:27,    22, 21.60, 44.00,-22.40
         0,     0, 7, 9:44:27, 9:44:33,     6, 36.60, 41.00, -4.40
         0,     0, 8, 9:44:28, 9:44:35,     7, 34.70, 41.20, -6.50
  12448392,  6005, 2, 9:44:38, 9:46:12,    94, 44.00, 30.30, 13.70
         0,     0, 2, 9:46:19, 9:46:32,    13, 30.30, 44.10,-13.80
  12448391,  6004, 1, 9:44:56, 9:46:54,   118, 41.20, 20.60, 20.60
         0,     0, 1, 9:47:02, 9:47:22,    20, 20.60, 41.30,-20.70
  11954042,  4072, 4, 9:47:32, 9:47:42,    10, 43.10, 42.90,  0.20
  11954042,  4072, 4, 9:47:53, 9:49:18,    85, 43.00, 31.60, 11.40
         0,     0, 4, 9:49:25, 9:49:35,    10, 31.60, 42.90,-11.30
  12448434,  6047, 1, 9:51:39, 9:51:53,    14, 41.30, 41.30,  0.00
  13008864,     0, 8, 9:51:54, 9:52:12,    18, 41.20, 40.20,  1.00
  12448434,  6047, 2, 9:51:57, 9:53:42,   105, 44.10, 33.60, 10.50
         0,     0, 2, 9:53:50, 9:54:00,    10, 33.60, 44.10,-10.50
  13008738,  7159, 2, 9:54:55, 9:57:02,   127, 44.10, 27.60, 16.50
         0,     0, 2, 9:57:11, 9:57:27,    16, 27.60, 44.10,-16.50
  12448517,  6130, 1,10:03:06,10:03:10,     4, 41.30, 41.30,  0.00
  12448517,  6130, 2,10:03:14,10:05:03,   109, 44.10, 33.90, 10.20
         0,     0, 2,10:05:12,10:05:21,     9, 33.90, 44.00,-10.10
  12706628,  7037, 2,10:06:12,10:07:18,    66, 44.00, 39.50,  4.50
         0,     0, 2,10:07:26,10:07:29,     3, 39.50, 44.20, -4.70
  12706656,  7065, 3,10:09:24,10:09:41,    17, 46.80, 45.40,  1.40
  12706656,  7065, 4,10:09:46,10:10:48,    62, 43.60, 31.00, 12.60
  12706613,  7022, 3,10:09:52,10:11:02,    70, 45.30, 37.90,  7.40
         0,     0, 4,10:10:55,10:11:06,    11, 31.00, 43.00,-12.00
         0,     0, 3,10:11:10,10:11:17,     7, 37.90, 46.40, -8.50
  11953971,  4001, 2,10:12:30,10:12:58,    28, 44.20, 44.00,  0.20
  12200083,  5137, 2,10:14:43,10:14:49,     6, 44.00, 44.00,  0.00
  12448516,  6129, 3,10:15:05,10:16:17,    72, 46.60, 31.00, 15.60
         0,     0, 3,10:16:24,10:16:36,    12, 31.00, 30.90,  0.10
  12200083,  5137, 2,10:15:06,10:16:48,   102, 44.00, 31.10, 12.90
  13008890,     0, 8,10:16:53,10:16:59,     6, 40.10, 39.20,  0.90
         0,     0, 2,10:16:56,10:17:08,    12, 31.10, 44.10,-13.00
         0,     0, 8,10:17:07,10:17:08,     1, 39.20, 41.20, -2.00
  11953971,  4001, 2,10:17:18,10:17:30,    12, 44.10, 44.00,  0.10
  13008890,     0, 8,10:17:37,10:17:39,     2, 40.20, 40.00,  0.20
  13008890,     0, 8,10:17:53,10:17:55,     2, 39.10, 39.10,  0.00
         0,     0, 8,10:18:03,10:18:04,     1, 39.10, 41.20, -2.10
  11953971,  4001, 2,10:17:43,10:19:54,   131, 44.00, 23.80, 20.20
         0,     0, 2,10:20:02,10:20:22,    20, 23.80, 44.00,-20.20
  12448415,  6028, 2,10:20:32,10:22:07,    95, 44.00, 34.60,  9.40
         0,     0, 2,10:22:16,10:22:24,     8, 34.60, 44.20, -9.60
  12448434,  6047, 1,10:20:56,10:22:50,   114, 41.30, 35.50,  5.80
         0,     0, 1,10:22:58,10:23:03,     5, 35.50, 41.20, -5.70
  12448434,  6047, 2,10:22:57,10:23:08,    11, 44.20, 44.10,  0.10
  12448521,  6134, 3,10:22:33,10:24:30,   117, 46.30, 33.20, 13.10
         0,     0, 3,10:24:38,10:24:49,    11, 33.20, 33.10,  0.10
  11724217,  3117, 3,10:25:34,10:25:49,    15, 46.90, 46.30,  0.60
  11724217,  3117, 4,10:26:17,10:26:46,    29, 43.40, 40.60,  2.80
         0,     0, 4,10:26:55,10:26:57,     2, 40.60, 43.10, -2.50
  12706642,  7051, 1,10:26:51,10:28:01,    70, 41.30, 36.00,  5.30
         0,     0, 1,10:28:09,10:28:13,     4, 36.00, 41.20, -5.20
  12706628,  7037, 1,10:28:31,10:28:39,     8, 41.20, 41.20,  0.00
  12448398,  6011, 2,10:28:26,10:28:48,    22, 44.10, 43.90,  0.20
  12706628,  7037, 2,10:29:46,10:29:59,    13, 43.90, 43.90,  0.00
  12448398,  6011, 1,10:32:46,10:33:07,    21, 41.30, 41.20,  0.10
  13008748,  7169, 4,10:32:42,10:35:21,   159, 43.20, 40.90,  2.30
         0,     0, 4,10:35:29,10:35:31,     2, 40.90, 42.90, -2.00
  12706620,  7029, 2,10:36:27,10:38:47,   140, 44.00, 33.30, 10.70
         0,     0, 2,10:38:55,10:39:06,    11, 33.30, 44.10,-10.80
  12448518,  6131, 2,10:39:42,10:40:57,    75, 44.10, 27.00, 17.10
         0,     0, 2,10:41:05,10:41:21,    16, 27.00, 44.20,-17.20
  12706634,  7043, 4,10:41:35,10:42:49,    74, 43.10, 32.20, 10.90
         0,     0, 4,10:42:57,10:43:08,    11, 32.20, 42.90,-10.70
  11954008,  4038, 3,10:44:01,10:45:05,    64, 46.50, 38.90,  7.60
  12448434,  6047, 4,10:44:12,10:45:09,    57, 43.40, 41.00,  2.40
         0,     0, 4,10:45:17,10:45:18,     1, 41.00, 43.00, -2.00
         0,     0, 3,10:45:13,10:45:19,     6, 38.90, 46.20, -7.30
  12706609,  7018, 1,10:52:57,10:53:02,     5, 41.20, 41.20,  0.00
  13008774,  8015, 4,10:52:07,10:53:39,    92, 43.10, 35.50,  7.60
         0,     0, 4,10:53:47,10:53:54,     7, 35.50, 43.00, -7.50
  12706609,  7018, 2,10:54:00,10:55:08,    68, 44.20, 31.60, 12.60
         0,     0, 2,10:55:16,10:55:28,    12, 31.60, 44.00,-12.40
  12448434,  6047, 3,10:56:03,10:56:16,    13, 46.90, 44.70,  2.20
  12706618,  7027, 1,10:58:41,10:58:46,     5, 41.20, 41.20,  0.00
  12706618,  7027, 2,10:59:36,11:00:00,    24, 44.00, 42.80,  1.20
  12706615,  7024, 1,10:59:57,11:00:03,     6, 41.20, 41.30, -0.10
  12706618,  7027, 2,11:00:13,11:01:08,    55, 42.80, 33.30,  9.50
         0,     0, 2,11:01:17,11:01:27,    10, 33.30, 44.10,-10.80
  12448437,  6050, 2,11:02:06,11:03:32,    86, 44.10, 34.50,  9.60
         0,     0, 2,11:03:41,11:03:50,     9, 34.50, 44.10, -9.60
  12200079,  5133, 1,11:04:14,11:04:18,     4, 41.20, 41.20,  0.00
  12706642,  7051, 4,11:03:35,11:04:26,    51, 43.40, 38.70,  4.70
  12706737,  7146, 3,11:02:45,11:04:28,   103, 44.70, 28.80, 15.90
         0,     0, 4,11:04:33,11:04:37,     4, 38.70, 42.80, -4.10
         0,     0, 3,11:04:36,11:04:50,    14, 28.80, 28.70,  0.10
  12706620,  7029, 4,11:05:20,11:05:53,    33, 43.00, 43.00,  0.00
  12706614,  7023, 3,11:05:02,11:05:56,    54, 46.30, 32.70, 13.60
         0,     0, 3,11:06:03,11:06:14,    11, 32.70, 32.70,  0.00
  12706615,  7024, 2,11:07:24,11:09:56,   152, 44.10, 25.80, 18.30
         0,     0, 2,11:10:05,11:10:23,    18, 25.80, 44.20,-18.40
  12706624,  7033, 3,11:09:35,11:10:54,    79, 46.70, 36.90,  9.80
         0,     0, 3,11:11:03,11:11:10,     7, 36.90, 36.80,  0.10
  12706620,  7029, 1,11:11:53,11:12:01,     8, 41.20, 41.20,  0.00
  12200083,  5137, 2,11:11:30,11:12:08,    38, 44.20, 38.50,  5.70
         0,     0, 2,11:12:16,11:12:20,     4, 38.50, 44.20, -5.70
  12200079,  5133, 4,11:15:08,11:15:13,     5, 43.10, 43.30, -0.20
  12706620,  7029, 1,11:15:26,11:15:54,    28, 41.20, 41.20,  0.00
  13008748,  7169, 4,11:15:33,11:18:09,   156, 43.30, 39.60,  3.70
         0,     0, 4,11:18:17,11:18:20,     3, 39.60, 43.00, -3.40
  12706620,  7029, 2,11:18:40,11:19:41,    61, 44.20, 38.50,  5.70
  12199951,  5005, 3,11:17:03,11:19:48,   165, 46.80, 36.30, 10.50
         0,     0, 2,11:19:50,11:19:54,     4, 38.50, 44.20, -5.70
         0,     0, 3,11:19:55,11:20:03,     8, 36.30, 36.20,  0.10
  12200079,  5133, 3,11:20:13,11:21:12,    59, 46.40, 35.20, 11.20
         0,     0, 3,11:21:20,11:21:29,     9, 35.20, 46.30,-11.10
  13008890,     0, 8,11:21:42,11:21:49,     7, 41.10, 40.50,  0.60
  12200079,  5133, 3,11:21:45,11:21:56,    11, 46.20, 45.30,  0.90
  13008896,     0, 8,11:22:52,11:22:55,     3, 40.00, 39.50,  0.50
         0,     0, 8,11:23:03,11:23:04,     1, 39.50, 41.10, -1.60
  13008864,     0, 7,11:22:53,11:23:12,    19, 39.80, 38.50,  1.30
         0,     0, 7,11:23:20,11:23:23,     3, 38.50, 41.10, -2.60
  13008896,     0, 8,11:23:30,11:23:35,     5, 38.30, 38.30,  0.00
         0,     0, 8,11:23:44,11:23:46,     2, 38.30, 40.90, -2.60
  13008896,     0, 8,11:24:04,11:24:06,     2, 38.50, 38.50,  0.00
  12448420,  6033, 3,11:22:07,11:24:11,   124, 45.30, 34.50, 10.80
         0,     0, 8,11:24:14,11:24:16,     2, 38.50, 41.20, -2.70
         0,     0, 3,11:24:18,11:24:28,    10, 34.50, 34.40,  0.10
  12448392,  6005, 1,11:29:14,11:29:19,     5, 41.20, 41.20,  0.00
  12706620,  7029, 3,11:33:44,11:33:49,     5, 47.00, 46.80,  0.20
  12706700,     0, 7,11:35:18,11:36:10,    52, 41.10, 32.50,  8.60
         0,     0, 7,11:36:18,11:36:29,    11, 32.50, 41.10, -8.60
  12448451,     0, 8,11:36:33,11:36:51,    18, 41.20, 41.10,  0.10
  12448451,     0, 7,11:37:03,11:37:09,     6, 41.10, 41.10,  0.00
  12448448,     0, 7,11:37:21,11:37:29,     8, 41.10, 41.00,  0.10
  12706601,  7010, 2,11:35:56,11:37:38,   102, 44.20, 27.70, 16.50
         0,     0, 2,11:37:46,11:38:02,    16, 27.70, 44.10,-16.40
  12448451,     0, 7,11:37:57,11:38:03,     6, 41.10, 41.00,  0.10
  12448448,     0, 8,11:38:04,11:39:51,   107, 41.10, 29.00, 12.10
  12448451,     0, 7,11:38:33,11:39:54,    81, 41.00, 30.60, 10.40
         0,     0, 8,11:39:59,11:40:12,    13, 29.00, 41.20,-12.20
         0,     0, 7,11:40:02,11:40:17,    15, 30.60, 41.10,-10.50
  12706628,  7037, 2,11:38:45,11:41:42,   177, 44.10, 28.50, 15.60
         0,     0, 2,11:41:49,11:42:04,    15, 28.50, 44.10,-15.60
  11499117,  2007, 1,11:42:17,11:42:22,     5, 41.20, 41.20,  0.00
  12706610,  7019, 4,11:42:55,11:44:05,    70, 43.20, 25.80, 17.40
         0,     0, 4,11:44:12,11:44:28,    16, 25.80, 43.00,-17.20
  12706669,     0, 7,11:49:47,11:51:20,    93, 41.10, 35.10,  6.00
  12200091,  5145, 1,11:51:20,11:51:28,     8, 41.20, 41.20,  0.00
  12706669,     0, 8,11:51:26,11:51:30,     4, 41.10, 41.10,  0.00
         0,     0, 7,11:51:29,11:51:36,     7, 35.10, 41.00, -5.90
  12200091,  5145, 2,11:51:46,11:53:09,    83, 44.10, 30.70, 13.40
         0,     0, 2,11:53:16,11:53:29,    13, 30.70, 44.10,-13.40
  12706624,  7033, 3,11:53:10,11:53:43,    33, 46.90, 45.80,  1.10
  12706624,  7033, 3,11:54:01,11:54:54,    53, 45.70, 41.90,  3.80
         0,     0, 3,11:55:01,11:55:04,     3, 41.90, 46.20, -4.30
  11499117,  2007, 4,12:02:47,12:05:16,   149, 43.30, 29.80, 13.50
  12706656,  7065, 3,12:04:12,12:05:17,    65, 46.50, 39.70,  6.80
         0,     0, 3,12:05:24,12:05:28,     4, 39.70, 39.50,  0.20
         0,     0, 4,12:05:23,12:05:35,    12, 29.80, 43.10,-13.30
  12200085,  5139, 2,12:05:28,12:06:32,    64, 44.10, 25.80, 18.30
         0,     0, 2,12:06:39,12:06:57,    18, 25.80, 44.20,-18.40
  12448516,  6129, 2,12:09:00,12:09:30,    30, 44.20, 35.90,  8.30
         0,     0, 2,12:09:37,12:09:44,     7, 35.90, 44.20, -8.30
  12448516,  6129, 2,12:09:55,12:10:33,    38, 44.20, 33.50, 10.70
         0,     0, 2,12:10:41,12:10:50,     9, 33.50, 44.20,-10.70
  11953971,  4001, 3,12:14:26,12:16:26,   120, 46.10, 24.60, 21.50
         0,     0, 3,12:16:34,12:16:52,    18, 24.60, 24.60,  0.00
  12706601,  7010, 2,12:16:29,12:17:47,    78, 44.20, 35.00,  9.20
         0,     0, 2,12:17:54,12:18:02,     8, 35.00, 44.20, -9.20
  11499184,  2074, 2,12:19:33,12:20:17,    44, 44.20, 36.10,  8.10
         0,     0, 2,12:20:25,12:20:32,     7, 36.10, 44.10, -8.00
  12200081,  5135, 2,12:20:46,12:20:58,    12, 44.20, 44.00,  0.20
  12200081,  5135, 2,12:21:09,12:21:55,    46, 44.00, 41.90,  2.10
         0,     0, 2,12:22:03,12:22:03,     0, 41.90, 44.00, -2.10
  12200081,  5135, 2,12:22:13,12:22:39,    26, 44.00, 40.20,  3.80
         0,     0, 2,12:22:48,12:22:50,     2, 40.20, 44.10, -3.90
  12706621,  7030, 3,12:22:50,12:24:10,    80, 46.30, 31.00, 15.30
         0,     0, 3,12:24:18,12:24:30,    12, 31.00, 31.20, -0.20
  13008864,     0, 7,12:27:20,12:27:38,    18, 41.00, 40.00,  1.00
  12448518,  6131, 1,12:28:03,12:28:11,     8, 41.20, 41.20,  0.00
  13008864,     0, 8,12:27:51,12:28:13,    22, 40.10, 39.40,  0.70
         0,     0, 8,12:28:21,12:28:22,     1, 39.40, 41.20, -1.80
  12448392,  6005, 2,12:27:33,12:28:40,    67, 44.10, 30.80, 13.30
         0,     0, 2,12:28:47,12:29:00,    13, 30.80, 44.20,-13.40
  12448518,  6131, 2,12:29:39,12:30:49,    70, 44.20, 36.50,  7.70
         0,     0, 2,12:30:57,12:31:03,     6, 36.50, 44.20, -7.70
  13008890,     0, 7,12:36:47,12:37:52,    65, 40.00, 33.20,  6.80
         0,     0, 7,12:38:00,12:38:10,    10, 33.20, 41.10, -7.90
  11724217,  3117, 2,12:38:42,12:40:36,   114, 44.20, 21.80, 22.40
         0,     0, 2,12:40:44,12:41:06,    22, 21.80, 44.10,-22.30
  12706630,  7039, 1,12:43:19,12:43:23,     4, 41.20, 41.20,  0.00
  11954008,  4038, 4,12:48:06,12:48:44,    38, 43.60, 34.60,  9.00
         0,     0, 4,12:48:52,12:48:59,     7, 34.60, 34.70, -0.10
  12706609,  7018, 4,12:51:30,12:51:32,     2, 43.20, 43.20,  0.00
  12706630,  7039, 3,12:52:39,12:53:59,    80, 46.50, 36.40, 10.10
         0,     0, 3,12:54:07,12:54:15,     8, 36.40, 36.30,  0.10
  12706630,  7039, 4,12:54:03,12:54:35,    32, 43.10, 36.30,  6.80
         0,     0, 4,12:54:43,12:54:49,     6, 36.30, 43.00, -6.70
  13008748,  7169, 4,12:59:21,13:02:02,   161, 43.20, 37.20,  6.00
         0,     0, 4,13:02:10,13:02:15,     5, 37.20, 43.00, -5.80
  12706610,  7019, 2,13:02:45,13:03:39,    54, 44.10, 31.90, 12.20
  12706613,  7022, 3,13:03:15,13:03:48,    33, 46.70, 43.10,  3.60
         0,     0, 2,13:03:46,13:03:57,    11, 31.90, 44.20,-12.30
         0,     0, 3,13:03:56,13:03:58,     2, 43.10, 46.30, -3.20
  12448521,  6134, 1,13:07:15,13:07:45,    30, 41.20, 41.20,  0.00
  11724205,     0, 7,13:04:16,13:07:57,   221, 41.10, 29.70, 11.40
         0,     0, 7,13:08:05,13:08:20,    15, 29.70, 41.00,-11.30
  11954008,  4038, 1,13:09:11,13:09:30,    19, 41.20, 41.20,  0.00
  11954008,  4038, 2,13:09:35,13:10:27,    52, 44.20, 33.10, 11.10
         0,     0, 2,13:10:35,13:10:45,    10, 33.10, 44.10,-11.00
  12706609,  7018, 1,13:14:00,13:14:06,     6, 41.20, 41.20,  0.00
  12706613,  7022, 3,13:14:30,13:14:36,     6, 46.90, 46.50,  0.40
  12706609,  7018, 2,13:14:16,13:15:12,    56, 44.10, 34.70,  9.40
         0,     0, 2,13:15:20,13:15:28,     8, 34.70, 44.10, -9.40
  12706656,  7065, 1,13:15:37,13:15:41,     4, 41.20, 41.20,  0.00
  21268732,  6126, 2,13:16:09,13:16:13,     4, 44.10, 44.10,  0.00
  12448521,  6134, 3,13:15:12,13:16:26,    74, 46.80, 32.20, 14.60
         0,     0, 3,13:16:33,13:16:44,    11, 32.20, 32.10,  0.10
  11724172,     0, 8,13:17:10,13:17:14,     4, 41.10, 41.10,  0.00
  12448482,     0, 8,13:17:31,13:17:39,     8, 41.10, 41.00,  0.10
  21268732,  6126, 2,13:16:25,13:17:58,    93, 44.20, 34.10, 10.10
         0,     0, 2,13:18:05,13:18:14,     9, 34.10, 44.20,-10.10
  12448482,     0, 8,13:18:03,13:20:42,   159, 40.90, 26.50, 14.40
  12200081,  5135, 2,13:19:22,13:20:51,    89, 44.20, 24.40, 19.80
         0,     0, 8,13:20:51,13:21:06,    15, 26.50, 41.20,-14.70
         0,     0, 2,13:20:58,13:21:17,    19, 24.40, 44.10,-19.70
  12448482,     0, 8,13:21:58,13:21:59,     1, 37.50, 37.50,  0.00
         0,     0, 8,13:22:07,13:22:10,     3, 37.50, 41.20, -3.70
  12706618,  7027, 3,13:24:25,13:24:51,    26, 46.30, 42.30,  4.00
         0,     0, 3,13:24:59,13:25:01,     2, 42.30, 46.40, -4.10
  12448408,  6021, 1,13:30:23,13:30:28,     5, 41.20, 41.20,  0.00
  13008864,     0, 8,13:33:27,13:33:58,    31, 39.90, 38.40,  1.50
         0,     0, 8,13:34:06,13:34:08,     2, 38.40, 41.20, -2.80
  12448517,  6130, 2,13:36:49,13:37:09,    20, 44.10, 44.10,  0.00
  13008896,     0, 8,13:37:16,13:37:28,    12, 40.70, 40.00,  0.70
         0,     0, 8,13:37:36,13:37:36,     0, 40.00, 39.60,  0.40
  13008896,     0, 8,13:37:55,13:37:57,     2, 37.60, 37.60,  0.00
         0,     0, 8,13:38:04,13:38:07,     3, 37.60, 41.20, -3.60
  13008896,     0, 7,13:38:20,13:38:23,     3, 41.10, 41.10,  0.00
  12448415,  6028, 2,13:37:42,13:40:00,   138, 44.10, 28.40, 15.70
         0,     0, 2,13:40:08,13:40:23,    15, 28.40, 44.10,-15.70
  12706618,  7027, 4,13:46:08,13:46:43,    35, 43.20, 35.90,  7.30
         0,     0, 4,13:46:51,13:46:57,     6, 35.90, 36.00, -0.10
  21268732,  6126, 3,13:49:07,13:49:41,    34, 46.40, 43.30,  3.10
         0,     0, 3,13:49:49,13:49:51,     2, 43.30, 46.60, -3.30
  21268732,  6126, 3,13:50:01,13:51:23,    82, 46.70, 38.00,  8.70
  12448517,  6130, 4,13:50:20,13:51:27,    67, 43.20, 41.30,  1.90
  12448437,  6050, 1,13:51:23,13:51:29,     6, 41.20, 41.20,  0.00
         0,     0, 4,13:51:34,13:51:35,     1, 41.30, 43.00, -1.70
         0,     0, 3,13:51:32,13:51:39,     7, 38.00, 37.90,  0.10
  12448426,  6039, 3,13:51:49,13:52:28,    39, 37.90, 41.60, -3.70
         0,     0, 3,13:52:36,13:52:39,     3, 41.60, 41.60,  0.00
  12448426,  6039, 3,13:52:55,13:53:56,    61, 46.70, 29.40, 17.30
  11724167,  3067, 1,13:53:54,13:53:58,     4, 41.20, 41.20,  0.00
         0,     0, 3,13:54:04,13:54:18,    14, 29.40, 29.30,  0.10
  11499117,  2007, 3,13:54:43,13:55:58,    75, 46.50, 34.10, 12.40
         0,     0, 3,13:56:05,13:56:15,    10, 34.10, 34.10,  0.00
  12706669,     0, 7,13:57:45,13:58:52,    67, 41.10, 35.30,  5.80
  12448516,  6129, 3,13:58:41,13:58:53,    12, 46.30, 46.20,  0.10
         0,     0, 7,13:58:59,13:59:06,     7, 35.30, 41.00, -5.70
  11724167,  3067, 4,14:01:30,14:02:46,    76, 43.30, 21.80, 21.50
         0,     0, 4,14:02:54,14:03:14,    20, 21.80, 21.90, -0.10
  12706614,  7023, 1,14:03:24,14:03:53,    29, 41.20, 41.20,  0.00
  12448517,  6130, 3,14:07:27,14:09:50,   143, 46.10, 34.50, 11.60
         0,     0, 3,14:09:58,14:10:07,     9, 34.50, 34.50,  0.00
  12706618,  7027, 2,14:11:17,14:11:55,    38, 44.10, 38.50,  5.60
         0,     0, 2,14:12:02,14:12:06,     4, 38.50, 44.10, -5.60
  12448420,  6033, 4,14:10:44,14:13:30,   166, 43.60, 32.50, 11.10
         0,     0, 4,14:13:38,14:13:48,    10, 32.50, 42.90,-10.40
  11954042,  4072, 1,14:14:30,14:14:34,     4, 41.20, 41.20,  0.00
  11954042,  4072, 1,14:14:54,14:15:03,     9, 41.20, 41.20,  0.00
  11954042,  4072, 2,14:15:12,14:15:49,    37, 44.10, 42.70,  1.40
  12448420,  6033, 4,14:15:07,14:16:01,    54, 42.90, 40.80,  2.10
         0,     0, 4,14:16:09,14:16:11,     2, 40.80, 43.10, -2.30
  11954042,  4072, 2,14:16:02,14:16:29,    27, 42.60, 37.50,  5.10
         0,     0, 2,14:16:37,14:16:42,     5, 37.50, 44.20, -6.70
  12448437,  6050, 3,14:15:07,14:16:43,    96, 46.50, 36.00, 10.50
         0,     0, 3,14:16:52,14:17:00,     8, 36.00, 35.90,  0.10
  11954042,  4072, 2,14:17:19,14:18:12,    53, 44.20, 31.70, 12.50
         0,     0, 2,14:18:21,14:18:32,    11, 31.70, 44.10,-12.40
  12706615,  7024, 4,14:18:18,14:19:55,    97, 43.00, 28.80, 14.20
         0,     0, 4,14:20:03,14:20:16,    13, 28.80, 43.00,-14.20
  12448434,  6047, 1,14:20:32,14:20:36,     4, 41.20, 41.20,  0.00
  12448434,  6047, 1,14:21:36,14:22:06,    30, 41.20, 41.10,  0.10
  12706601,  7010, 3,14:21:12,14:22:06,    54, 46.50, 38.30,  8.20
         0,     0, 3,14:22:14,14:22:20,     6, 38.30, 46.20, -7.90
  12448434,  6047, 2,14:22:10,14:22:48,    38, 44.10, 42.50,  1.60
  12706601,  7010, 3,14:22:30,14:23:00,    30, 46.20, 40.40,  5.80
         0,     0, 3,14:23:08,14:23:12,     4, 40.40, 46.50, -6.10
  12200083,  5137, 2,14:23:12,14:23:19,     7, 42.60, 42.50,  0.10
  12706620,  7029, 1,14:23:34,14:23:39,     5, 41.20, 41.10,  0.10
  12706620,  7029, 2,14:24:02,14:24:30,    28, 42.50, 42.40,  0.10
  12200083,  5137, 1,14:24:48,14:24:56,     8, 41.10, 41.10,  0.00
  12706620,  7029, 2,14:25:10,14:26:42,    92, 42.40, 25.50, 16.90
         0,     0, 2,14:26:50,14:27:08,    18, 25.50, 44.10,-18.60
  21268732,  6126, 3,14:26:51,14:27:51,    60, 46.70, 42.40,  4.30
         0,     0, 3,14:27:58,14:28:00,     2, 42.40, 46.60, -4.20
  12200083,  5137, 4,14:28:06,14:28:40,    34, 43.30, 37.00,  6.30
         0,     0, 4,14:28:48,14:28:53,     5, 37.00, 43.00, -6.00
  13008774,  8015, 2,14:33:14,14:33:18,     4, 44.10, 44.10,  0.00
  13008890,     0, 8,14:34:28,14:34:35,     7, 41.00, 40.70,  0.30
  13008774,  8015, 4,14:34:45,14:34:49,     4, 43.10, 43.10,  0.00
  13008890,     0, 8,14:35:25,14:35:32,     7, 40.70, 40.60,  0.10
  13008774,  8015, 3,14:35:33,14:36:58,    85, 46.80, 37.80,  9.00
         0,     0, 3,14:37:06,14:37:12,     6, 37.80, 37.80,  0.00
  12706700,     0, 7,14:40:44,14:41:14,    30, 41.10, 37.30,  3.80
         0,     0, 7,14:41:22,14:41:26,     4, 37.30, 41.10, -3.80
  12448521,  6134, 1,14:50:33,14:50:38,     5, 41.10, 41.10,  0.00
  12706642,  7051, 1,14:53:42,14:55:17,    95, 41.10, 26.20, 14.90
         0,     0, 1,14:55:24,14:55:38,    14, 26.20, 41.30,-15.10
  13008748,  7169, 4,15:10:09,15:10:21,    12, 43.30, 42.80,  0.50
  13008748,  7169, 4,15:10:33,15:10:48,    15, 42.90, 42.40,  0.50
  13008748,  7169, 4,15:11:12,15:11:23,    11, 42.40, 41.40,  1.00
         0,     0, 4,15:11:31,15:11:32,     1, 41.40, 43.00, -1.60
  13008890,     0, 8,15:21:46,15:21:58,    12, 40.50, 39.50,  1.00
         0,     0, 8,15:22:06,15:22:07,     1, 39.50, 41.20, -1.70
  11724172,     0, 7,15:22:30,15:22:31,     1, 41.10, 41.10,  0.00
  12448482,     0, 8,15:22:44,15:25:15,   151, 41.10, 33.40,  7.70
         0,     0, 8,15:25:23,15:25:31,     8, 33.40, 41.20, -7.80
  11499184,  2074, 1,15:40:10,15:40:28,    18, 41.40, 41.30,  0.10
  12706656,  7065, 4,15:39:49,15:40:41,    52, 43.00, 28.10, 14.90
  11499184,  2074, 2,15:40:33,15:40:49,    16, 44.00, 38.70,  5.30
         0,     0, 2,15:40:56,15:41:00,     4, 38.70, 44.10, -5.40
         0,     0, 4,15:40:48,15:41:03,    15, 28.10, 28.20, -0.10
  11499184,  2074, 2,15:41:36,15:42:18,    42, 44.10, 27.10, 17.00
  12200085,  5139, 1,15:42:32,15:42:36,     4, 41.30, 41.30,  0.00
         0,     0, 2,15:42:25,15:42:41,    16, 27.10, 44.20,-17.10
  12200085,  5139, 3,15:44:14,15:45:32,    78, 46.00, 27.70, 18.30
         0,     0, 3,15:45:40,15:45:55,    15, 27.70, 27.60,  0.10
  11953971,  4001, 3,15:48:39,15:48:44,     5, 46.00, 45.80,  0.20
  11953971,  4001, 3,15:48:53,15:49:00,     7, 45.80, 45.70,  0.10
  11953971,  4001, 4,15:49:15,15:49:56,    41, 43.70, 43.00,  0.70
  12448451,     0, 7,15:55:11,15:55:17,     6, 41.10, 41.00,  0.10
  12448451,     0, 8,15:55:26,15:55:28,     2, 41.20, 41.10,  0.10
  12200091,  5145, 2,15:55:02,15:55:53,    51, 44.20, 27.30, 16.90
         0,     0, 2,15:56:00,15:56:16,    16, 27.30, 44.00,-16.70
  12448451,     0, 7,15:55:39,15:56:56,    77, 41.00, 40.30,  0.70
  12448451,     0, 7,15:57:15,15:57:16,     1, 37.50, 37.60, -0.10
         0,     0, 7,15:57:25,15:57:29,     4, 37.60, 40.20, -2.60
  12200079,  5133, 4,15:55:50,15:57:31,   101, 43.10, 20.00, 23.10
  21268732,  6126, 3,15:56:54,15:57:35,    41, 45.90, 42.40,  3.50
  11953971,  4001, 2,15:57:23,15:57:38,    15, 44.00, 44.00,  0.00
         0,     0, 3,15:57:42,15:57:44,     2, 42.40, 42.30,  0.10
  12448451,     0, 7,15:57:44,15:57:49,     5, 38.20, 38.20,  0.00
         0,     0, 7,15:57:57,15:58:00,     3, 38.20, 41.00, -2.80
         0,     0, 4,15:57:39,15:58:01,    22, 20.00, 43.10,-23.10
  21268732,  6126, 3,15:57:54,15:58:14,    20, 46.20, 42.00,  4.20
         0,     0, 3,15:58:22,15:58:25,     3, 42.00, 46.40, -4.40
  12706609,  7018, 1,15:59:34,15:59:51,    17, 41.30, 38.40,  2.90
         0,     0, 1,15:59:59,16:00:01,     2, 38.40, 41.30, -2.90
  11953971,  4001, 4,15:58:27,16:00:01,    94, 43.40, 25.70, 17.70
  12706634,  7043, 3,15:59:57,16:00:07,    10, 46.30, 46.10,  0.20
         0,     0, 4,16:00:09,16:00:25,    16, 25.70, 43.10,-17.40
  12706609,  7018, 1,16:00:11,16:00:29,    18, 41.40, 38.80,  2.60
         0,     0, 1,16:00:38,16:00:39,     1, 38.80, 41.30, -2.50
  12706634,  7043, 3,16:00:17,16:01:42,    85, 46.30, 31.40, 14.90
  12448434,  6047, 1,16:01:49,16:01:55,     6, 41.30, 41.30,  0.00
         0,     0, 3,16:01:50,16:02:03,    13, 31.40, 46.20,-14.80
  12448415,  6028, 2,16:01:51,16:03:22,    91, 44.10, 30.10, 14.00
         0,     0, 2,16:03:30,16:03:43,    13, 30.10, 44.10,-14.00
  12706624,  7033, 1,16:04:23,16:04:28,     5, 41.30, 41.30,  0.00
  12448420,  6033, 4,16:03:48,16:04:41,    53, 43.60, 37.20,  6.40
         0,     0, 4,16:04:48,16:04:53,     5, 37.20, 43.00, -5.80
  11954008,  4038, 2,16:04:38,16:04:57,    19, 44.10, 44.10,  0.00
  11954008,  4038, 2,16:05:59,16:06:16,    17, 44.10, 41.90,  2.20
         0,     0, 2,16:06:23,16:06:24,     1, 41.90, 44.00, -2.10
  12448521,  6134, 2,16:06:34,16:08:11,    97, 44.00, 31.60, 12.40
         0,     0, 2,16:08:19,16:08:30,    11, 31.60, 44.00,-12.40
  11954008,  4038, 2,16:08:40,16:08:46,     6, 44.00, 44.00,  0.00
  11954008,  4038, 1,16:08:53,16:09:06,    13, 41.30, 41.30,  0.00
  12706618,  7027, 1,16:09:27,16:09:46,    19, 41.30, 41.30,  0.00
  11954008,  4038, 2,16:09:16,16:09:52,    36, 44.00, 37.70,  6.30
         0,     0, 2,16:10:01,16:10:06,     5, 37.70, 44.20, -6.50
  12706618,  7027, 2,16:10:16,16:11:26,    70, 44.20, 28.40, 15.80
         0,     0, 2,16:11:34,16:11:49,    15, 28.40, 44.20,-15.80
  12200085,  5139, 2,16:12:52,16:14:09,    77, 44.10, 29.10, 15.00
         0,     0, 2,16:14:16,16:14:30,    14, 29.10, 44.00,-14.90
  12706613,  7022, 1,16:15:32,16:15:37,     5, 41.30, 41.30,  0.00
  12706656,  7065, 2,16:14:40,16:15:39,    59, 43.90, 36.90,  7.00
         0,     0, 2,16:15:47,16:15:53,     6, 36.90, 44.10, -7.20
  12448516,  6129, 4,16:15:19,16:16:29,    70, 43.10, 27.50, 15.60
         0,     0, 4,16:16:36,16:16:51,    15, 27.50, 43.30,-15.80
  12706613,  7022, 2,16:16:04,16:16:56,    52, 44.10, 35.60,  8.50
  12706630,  7039, 3,16:15:17,16:17:00,   103, 46.10, 28.90, 17.20
         0,     0, 2,16:17:03,16:17:10,     7, 35.60, 44.10, -8.50
         0,     0, 3,16:17:08,16:17:22,    14, 28.90, 28.80,  0.10
  12706613,  7022, 2,16:17:32,16:17:39,     7, 44.10, 43.10,  1.00
  12706614,  7023, 3,16:17:36,16:18:55,    79, 46.00, 26.20, 19.80
  12706601,  7010, 2,16:17:48,16:19:00,    72, 43.10, 32.60, 10.50
         0,     0, 2,16:19:08,16:19:19,    11, 32.60, 44.10,-11.50
         0,     0, 3,16:19:02,16:19:19,    17, 26.20, 26.10,  0.10
  12448420,  6033, 3,16:19:52,16:20:44,    52, 46.40, 41.50,  4.90
         0,     0, 3,16:20:51,16:20:54,     3, 41.50, 46.20, -4.70
  13008738,  7159, 3,16:21:10,16:21:25,    15, 46.40, 46.10,  0.30
  21268732,  6126, 2,16:21:48,16:22:32,    44, 44.10, 41.20,  2.90
         0,     0, 2,16:22:40,16:22:41,     1, 41.20, 44.20, -3.00
  12448408,  6021, 3,16:21:40,16:22:48,    68, 46.10, 25.40, 20.70
         0,     0, 3,16:22:57,16:23:14,    17, 25.40, 25.30,  0.10
  12448518,  6131, 1,16:24:53,16:24:59,     6, 41.30, 41.30,  0.00
  12706621,  7030, 1,16:25:39,16:25:50,    11, 41.30, 41.30,  0.00
  12200081,  5135, 2,16:25:29,16:26:00,    31, 44.20, 40.00,  4.20
         0,     0, 2,16:26:07,16:26:10,     3, 40.00, 44.10, -4.10
  12706609,  7018, 2,16:26:24,16:27:08,    44, 44.20, 34.70,  9.50
         0,     0, 2,16:27:15,16:27:23,     8, 34.70, 44.00, -9.30
  12448518,  6131, 2,16:28:22,16:29:39,    77, 44.00, 20.60, 23.40
  12199951,  5005, 3,16:27:29,16:30:05,   156, 46.10, 31.30, 14.80
         0,     0, 2,16:29:46,16:30:09,    23, 20.60, 44.10,-23.50
         0,     0, 3,16:30:13,16:30:25,    12, 31.30, 31.10,  0.20
  12706737,  7146, 4,16:28:44,16:30:57,   133, 43.90, 27.60, 16.30
         0,     0, 4,16:31:04,16:31:19,    15, 27.60, 43.10,-15.50
  12706621,  7030, 2,16:30:41,16:31:27,    46, 44.10, 27.80, 16.30
         0,     0, 2,16:31:34,16:31:49,    15, 27.80, 44.00,-16.20
  11724167,  3067, 4,16:32:07,16:33:10,    63, 43.20, 24.20, 19.00
         0,     0, 4,16:33:18,16:33:36,    18, 24.20, 43.80,-19.60
  13008738,  7159, 2,16:32:00,16:34:11,   131, 44.00, 21.60, 22.40
         0,     0, 2,16:34:18,16:34:40,    22, 21.60, 44.10,-22.50
  12706624,  7033, 2,16:36:48,16:38:28,   100, 44.10, 28.20, 15.90
         0,     0, 2,16:38:35,16:38:50,    15, 28.20, 44.10,-15.90
  12706613,  7022, 3,16:38:35,16:39:31,    56, 46.20, 35.60, 10.60
  13008748,  7169, 4,16:36:57,16:39:38,   161, 44.20, 37.50,  6.70
         0,     0, 3,16:39:39,16:39:47,     8, 35.60, 35.50,  0.10
         0,     0, 4,16:39:46,16:39:51,     5, 37.50, 42.90, -5.40
  12200081,  5135, 2,16:39:08,16:39:57,    49, 44.10, 34.00, 10.10
         0,     0, 2,16:40:06,16:40:15,     9, 34.00, 44.20,-10.20
  12706621,  7030, 3,16:42:16,16:42:57,    41, 46.20, 37.40,  8.80
         0,     0, 3,16:43:05,16:43:11,     6, 37.40, 37.30,  0.10
  21268732,  6126, 2,16:43:04,16:44:27,    83, 44.20, 37.30,  6.90
         0,     0, 2,16:44:34,16:44:39,     5, 37.30, 44.20, -6.90
  12448517,  6130, 1,16:44:50,16:45:06,    16, 41.30, 41.30,  0.00
  21268732,  6126, 2,16:44:50,16:45:11,    21, 44.20, 41.90,  2.30
         0,     0, 2,16:45:19,16:45:19,     0, 41.90, 43.80, -1.90
  12706628,  7037, 1,16:46:57,16:47:02,     5, 41.30, 41.30,  0.00
  12448517,  6130, 2,16:46:43,16:47:08,    25, 43.80, 42.70,  1.10
  13008864,     0, 7,16:46:55,16:47:26,    31, 40.60, 39.00,  1.60
         0,     0, 7,16:47:34,16:47:36,     2, 39.00, 41.10, -2.10
  12706634,  7043, 3,16:46:09,16:47:56,   107, 46.30, 33.50, 12.80
         0,     0, 3,16:48:05,16:48:15,    10, 33.50, 33.50,  0.00
  12448517,  6130, 2,16:47:42,16:49:10,    88, 42.70, 30.90, 11.80
         0,     0, 2,16:49:18,16:49:30,    12, 30.90, 44.10,-13.20
  12448437,  6050, 3,16:48:52,16:49:49,    57, 46.00, 37.30,  8.70
  12448408,  6021, 2,16:49:47,16:49:52,     5, 44.10, 44.10,  0.00
         0,     0, 3,16:49:57,16:50:04,     7, 37.30, 46.20, -8.90
  13008748,  7169, 4,16:48:24,16:50:23,   119, 43.30, 39.60,  3.70
  13008774,  8015, 3,16:50:19,16:50:31,    12, 46.10, 45.90,  0.20
         0,     0, 4,16:50:31,16:50:34,     3, 39.60, 43.00, -3.40
  12448398,  6011, 1,16:47:53,16:51:02,   189, 41.30, 17.80, 23.50
  12200083,  5137, 2,16:50:19,16:51:10,    51, 44.10, 32.90, 11.20
  12706613,  7022, 3,16:50:43,16:51:22,    39, 46.00, 40.60,  5.40
         0,     0, 2,16:51:18,16:51:29,    11, 32.90, 44.10,-11.20
         0,     0, 1,16:51:09,16:51:32,    23, 17.80, 41.30,-23.50
         0,     0, 3,16:51:30,16:51:34,     4, 40.60, 46.10, -5.50
  12706615,  7024, 4,16:50:54,16:52:18,    84, 43.10, 25.70, 17.40
         0,     0, 4,16:52:26,16:52:42,    16, 25.70, 43.50,-17.80
  13008774,  8015, 2,16:52:28,16:53:51,    83, 44.10, 34.90,  9.20
         0,     0, 2,16:53:59,16:54:07,     8, 34.90, 44.10, -9.20
  12706620,  7029, 1,16:53:39,16:54:11,    32, 41.30, 41.20,  0.10
  12706620,  7029, 2,16:54:17,16:55:16,    59, 44.10, 38.20,  5.90
  12706628,  7037, 1,16:55:11,16:55:19,     8, 41.20, 41.20,  0.00
         0,     0, 2,16:55:26,16:55:31,     5, 38.20, 44.10, -5.90
  12706628,  7037, 2,16:55:40,16:55:41,     1, 44.10, 44.10,  0.00
  12448408,  6021, 1,16:55:38,16:55:43,     5, 41.20, 41.20,  0.00
  12706737,  7146, 4,16:55:12,16:55:45,    33, 43.20, 43.30, -0.10
  12448408,  6021, 2,16:56:06,16:56:58,    52, 44.10, 29.20, 14.90
         0,     0, 2,16:57:05,16:57:19,    14, 29.20, 44.20,-15.00
  13008890,     0, 8,16:57:06,16:57:36,    30, 38.00, 31.90,  6.10
         0,     0, 8,16:57:44,16:57:53,     9, 31.90, 41.30, -9.40
  12706628,  7037, 2,16:57:30,16:58:32,    62, 44.20, 40.40,  3.80
         0,     0, 2,16:58:39,16:58:41,     2, 40.40, 44.20, -3.80
  12706628,  7037, 2,16:59:21,16:59:33,    12, 44.20, 41.80,  2.40
         0,     0, 2,16:59:40,16:59:41,     1, 41.80, 43.90, -2.10
  12706737,  7146, 3,16:58:36,16:59:52,    76, 46.00, 40.70,  5.30
         0,     0, 3,17:00:01,17:00:05,     4, 40.70, 40.50,  0.20
  12706628,  7037, 2,17:00:17,17:00:51,    34, 43.90, 39.60,  4.30
         0,     0, 2,17:01:00,17:01:03,     3, 39.60, 44.10, -4.50
  12706613,  7022, 3,17:00:42,17:01:03,    21, 46.20, 43.80,  2.40
         0,     0, 3,17:01:11,17:01:12,     1, 43.80, 46.20, -2.40
  11724217,  3117, 3,17:02:15,17:03:17,    62, 46.30, 30.60, 15.70
  13008896,     0, 8,17:01:59,17:03:22,    83, 41.10, 30.50, 10.60
         0,     0, 3,17:03:24,17:03:37,    13, 30.60, 30.40,  0.20
         0,     0, 8,17:03:30,17:03:41,    11, 30.50, 41.20,-10.70
  12706610,  7019, 4,17:03:55,17:04:50,    55, 43.60, 31.80, 11.80
         0,     0, 4,17:04:58,17:05:09,    11, 31.80, 43.00,-11.20
  13008864,     0, 8,17:07:05,17:07:34,    29, 38.90, 37.80,  1.10
         0,     0, 8,17:07:42,17:07:45,     3, 37.80, 41.20, -3.40
  12200081,  5135, 2,17:07:40,17:08:06,    26, 44.10, 40.50,  3.60
         0,     0, 2,17:08:15,17:08:17,     2, 40.50, 44.10, -3.60
  12200081,  5135, 2,17:08:37,17:08:58,    21, 44.10, 39.30,  4.80
         0,     0, 2,17:09:07,17:09:10,     3, 39.30, 44.10, -4.80
  11724167,  3067, 4,17:09:49,17:10:21,    32, 43.20, 31.60, 11.60
         0,     0, 4,17:10:29,17:10:40,    11, 31.60, 43.10,-11.50
  11724167,  3067, 4,17:11:05,17:11:27,    22, 43.00, 35.00,  8.00
         0,     0, 4,17:11:35,17:11:42,     7, 35.00, 43.00, -8.00
  12706620,  7029, 2,17:12:25,17:12:56,    31, 44.10, 39.90,  4.20
         0,     0, 2,17:13:04,17:13:07,     3, 39.90, 44.00, -4.10
  12706642,  7051, 3,17:14:38,17:15:51,    73, 46.10, 34.90, 11.20
         0,     0, 3,17:16:00,17:16:09,     9, 34.90, 46.10,-11.20
  12448437,  6050, 1,17:16:32,17:16:38,     6, 41.20, 41.20,  0.00
  12706613,  7022, 3,17:16:53,17:17:25,    32, 46.10, 41.40,  4.70
         0,     0, 3,17:17:33,17:17:36,     3, 41.40, 46.20, -4.80
  12706613,  7022, 4,17:17:48,17:18:08,    20, 43.20, 39.50,  3.70
         0,     0, 4,17:18:16,17:18:19,     3, 39.50, 43.00, -3.50
  13008774,  8015, 2,17:18:00,17:18:52,    52, 44.00, 38.70,  5.30
         0,     0, 2,17:19:01,17:19:05,     4, 38.70, 44.10, -5.40
  12200083,  5137, 1,17:20:17,17:20:24,     7, 41.20, 41.20,  0.00
  13008774,  8015, 2,17:20:15,17:20:49,    34, 44.10, 40.00,  4.10
         0,     0, 2,17:20:56,17:20:59,     3, 40.00, 44.10, -4.10
  12200083,  5137, 2,17:21:09,17:21:43,    34, 44.10, 35.60,  8.50
         0,     0, 2,17:21:51,17:21:58,     7, 35.60, 44.10, -8.50
  13008890,     0, 8,17:21:58,17:22:00,     2, 40.60, 40.60,  0.00
  12706656,  7065, 1,17:23:15,17:23:21,     6, 41.20, 41.20,  0.00
  12706656,  7065, 2,17:23:25,17:24:28,    63, 44.10, 33.50, 10.60
         0,     0, 2,17:24:36,17:24:46,    10, 33.50, 44.10,-10.60
  12448392,  6005, 1,17:25:53,17:26:14,    21, 41.20, 41.20,  0.00
  12706634,  7043, 2,17:25:51,17:27:14,    83, 44.10, 28.00, 16.10
         0,     0, 2,17:27:22,17:27:37,    15, 28.00, 44.10,-16.10
  12706620,  7029, 3,17:28:18,17:28:51,    33, 46.20, 41.00,  5.20
  13008748,  7169, 4,17:26:37,17:28:53,   136, 43.00, 38.60,  4.40
         0,     0, 3,17:28:59,17:29:02,     3, 41.00, 46.00, -5.00
         0,     0, 4,17:29:02,17:29:06,     4, 38.60, 43.10, -4.50
  11954008,  4038, 2,17:28:24,17:30:25,   121, 44.10, 34.20,  9.90
         0,     0, 2,17:30:33,17:30:42,     9, 34.20, 44.10, -9.90
  11954008,  4038, 1,17:31:02,17:32:35,    93, 41.20, 41.20,  0.00
  12706669,     0, 7,17:31:51,17:33:17,    86, 41.10, 34.70,  6.40
         0,     0, 7,17:33:25,17:33:33,     8, 34.70, 41.10, -6.40
  11724217,  3117, 1,17:37:35,17:37:47,    12, 41.20, 41.00,  0.20
  11724217,  3117, 2,17:37:52,17:38:37,    45, 44.00, 32.20, 11.80
         0,     0, 2,17:38:45,17:38:56,    11, 32.20, 44.10,-11.90
  12448392,  6005, 2,17:39:06,17:40:53,   107, 44.20, 26.00, 18.20
         0,     0, 2,17:41:01,17:41:19,    18, 26.00, 44.10,-18.10
  11954042,  4072, 1,17:42:43,17:43:00,    17, 41.00, 41.00,  0.00
  11954042,  4072, 2,17:43:07,17:43:48,    41, 44.10, 43.80,  0.30
  11954042,  4072, 1,17:43:56,17:43:59,     3, 41.00, 41.00,  0.00
  11724205,     0, 7,17:41:22,17:44:46,   204, 41.10, 34.80,  6.30
         0,     0, 7,17:44:54,17:45:02,     8, 34.80, 41.10, -6.30
  11954042,  4072, 2,17:44:09,17:45:42,    93, 43.80, 25.10, 18.70
  11724205,     0, 7,17:45:40,17:45:50,    10, 41.10, 41.10,  0.00
         0,     0, 2,17:45:50,17:46:09,    19, 25.10, 44.20,-19.10
  12706610,  7019, 2,17:47:06,17:47:54,    48, 44.10, 36.10,  8.00
         0,     0, 2,17:48:02,17:48:09,     7, 36.10, 44.10, -8.00
  11499117,  2007, 4,17:48:22,17:50:00,    98, 42.80, 28.40, 14.40
         0,     0, 4,17:50:08,17:50:22,    14, 28.40, 43.00,-14.60
  11724205,     0, 7,17:46:23,17:50:32,   249, 41.10, 41.00,  0.10
  12448415,  6028, 2,17:50:56,17:52:28,    92, 44.10, 27.10, 17.00
         0,     0, 2,17:52:36,17:52:52,    16, 27.10, 44.10,-17.00
  12706628,  7037, 2,17:53:11,17:53:58,    47, 44.10, 33.50, 10.60
         0,     0, 2,17:54:07,17:54:17,    10, 33.50, 44.00,-10.50
  12706628,  7037, 2,17:54:27,17:54:39,    12, 44.00, 41.90,  2.10
         0,     0, 2,17:54:47,17:54:48,     1, 41.90, 44.10, -2.20
  12448434,  6047, 4,17:54:01,17:55:01,    60, 43.20, 32.30, 10.90
         0,     0, 4,17:55:09,17:55:19,    10, 32.30, 42.80,-10.50
  12200079,  5133, 2,17:54:58,17:55:35,    37, 44.10, 42.90,  1.20
  12200079,  5133, 2,17:55:46,17:57:25,    99, 42.90, 17.90, 25.00
         0,     0, 2,17:57:33,17:57:59,    26, 17.90, 44.10,-26.20
  11499117,  2007, 3,17:57:30,17:58:13,    43, 46.00, 32.90, 13.10
         0,     0, 3,17:58:22,17:58:33,    11, 32.90, 32.90,  0.00
  12448521,  6134, 1,18:01:20,18:01:52,    32, 41.00, 40.90,  0.10
  13008864,     0, 8,18:02:55,18:03:27,    32, 40.50, 38.30,  2.20
         0,     0, 8,18:03:34,18:03:36,     2, 38.30, 41.20, -2.90
  12448521,  6134, 2,18:03:03,18:05:02,   119, 44.10, 28.70, 15.40
         0,     0, 2,18:05:10,18:05:25,    15, 28.70, 44.20,-15.50
  12706656,  7065, 2,18:05:35,18:06:54,    79, 44.20, 39.20,  5.00
         0,     0, 2,18:07:02,18:07:05,     3, 39.20, 44.00, -4.80
  11724217,  3117, 1,18:09:40,18:10:42,    62, 40.90, 26.30, 14.60
         0,     0, 1,18:10:50,18:11:04,    14, 26.30, 41.30,-15.00
  12448391,  6004, 1,18:12:43,18:14:03,    80, 41.30, 16.80, 24.50
         0,     0, 1,18:14:11,18:14:35,    24, 16.80, 41.20,-24.40
  12706624,  7033, 2,18:20:46,18:21:48,    62, 44.00, 41.50,  2.50
         0,     0, 2,18:21:56,18:21:57,     1, 41.50, 44.00, -2.50
  12448434,  6047, 3,18:22:21,18:22:50,    29, 46.10, 41.40,  4.70
         0,     0, 3,18:22:58,18:23:01,     3, 41.40, 46.10, -4.70
  12200091,  5145, 3,18:23:11,18:24:03,    52, 46.10, 33.30, 12.80
  12448437,  6050, 4,18:22:54,18:24:08,    74, 43.50, 31.00, 12.50
         0,     0, 3,18:24:11,18:24:21,    10, 33.30, 33.20,  0.10
         0,     0, 4,18:24:16,18:24:27,    11, 31.00, 43.00,-12.00
  12706628,  7037, 2,18:23:14,18:24:31,    77, 44.10, 36.30,  7.80
         0,     0, 2,18:24:39,18:24:46,     7, 36.30, 44.00, -7.70
  12448437,  6050, 3,18:24:37,18:24:56,    19, 46.00, 43.30,  2.70
         0,     0, 3,18:25:04,18:25:05,     1, 43.30, 46.30, -3.00
  12448417,  6030, 4,18:26:24,18:27:46,    82, 43.20, 28.20, 15.00
         0,     0, 4,18:27:54,18:28:08,    14, 28.20, 43.00,-14.80
  12706624,  7033, 1,18:31:29,18:31:35,     6, 41.20, 41.20,  0.00
  12448415,  6028, 2,18:30:30,18:31:36,    66, 44.00, 37.20,  6.80
         0,     0, 2,18:31:43,18:31:49,     6, 37.20, 44.10, -6.90
  12706700,     0, 7,18:33:02,18:33:33,    31, 41.00, 36.50,  4.50
  12706630,  7039, 1,18:33:32,18:33:42,    10, 41.30, 41.30,  0.00
         0,     0, 7,18:33:41,18:33:47,     6, 36.50, 41.10, -4.60
  13008890,     0, 8,18:34:55,18:35:29,    34, 40.00, 36.70,  3.30
         0,     0, 8,18:35:37,18:35:41,     4, 36.70, 41.20, -4.50
  12706630,  7039, 2,18:33:46,18:35:40,   114, 44.10, 27.50, 16.60
  11499117,  2007, 4,18:35:17,18:35:56,    39, 43.20, 35.60,  7.60
         0,     0, 2,18:35:49,18:36:05,    16, 27.50, 44.00,-16.50
         0,     0, 4,18:36:04,18:36:11,     7, 35.60, 42.90, -7.30
  13008890,     0, 8,18:36:27,18:36:42,    15, 41.20, 39.90,  1.30
         0,     0, 8,18:36:50,18:36:50,     0, 39.90, 41.00, -1.10
  12448420,  6033, 3,18:36:08,18:37:04,    56, 46.20, 37.60,  8.60
  12448426,  6039, 4,18:36:39,18:37:09,    30, 42.90, 34.00,  8.90
         0,     0, 3,18:37:12,18:37:18,     6, 37.60, 37.50,  0.10
         0,     0, 4,18:37:17,18:37:25,     8, 34.00, 43.00, -9.00
  12448426,  6039, 3,18:37:32,18:38:44,    72, 46.00, 30.70, 15.30
         0,     0, 3,18:38:51,18:39:03,    12, 30.70, 30.60,  0.10
  12706624,  7033, 2,18:39:31,18:40:27,    56, 44.00, 36.50,  7.50
         0,     0, 2,18:40:35,18:40:41,     6, 36.50, 44.10, -7.60
  12448521,  6134, 2,18:40:51,18:42:05,    74, 44.00, 33.30, 10.70
         0,     0, 2,18:42:13,18:42:23,    10, 33.30, 44.10,-10.80
  12448482,     0, 7,18:44:59,18:45:04,     5, 41.10, 41.10,  0.00
  12448482,     0, 8,18:45:15,18:45:20,     5, 41.00, 41.00,  0.00
  12706601,  7010, 2,18:43:23,18:46:06,   163, 44.10, 24.10, 20.00
         0,     0, 2,18:46:13,18:46:32,    19, 24.10, 44.10,-20.00
  12200079,  5133, 2,18:46:42,18:47:52,    70, 44.10, 32.80, 11.30
         0,     0, 2,18:48:01,18:48:11,    10, 32.80, 44.20,-11.40
  12448420,  6033, 4,18:47:58,18:49:02,    64, 43.50, 39.90,  3.60
         0,     0, 4,18:49:10,18:49:12,     2, 39.90, 43.10, -3.20
  12706737,  7146, 3,18:47:39,18:49:16,    97, 46.20, 32.10, 14.10
         0,     0, 3,18:49:23,18:49:34,    11, 32.10, 32.10,  0.00
  12706618,  7027, 2,18:48:21,18:50:01,   100, 44.10, 27.30, 16.80
         0,     0, 2,18:50:09,18:50:25,    16, 27.30, 44.10,-16.80
  12448516,  6129, 3,18:52:10,18:53:04,    54, 46.10, 29.70, 16.40
         0,     0, 3,18:53:11,18:53:24,    13, 29.70, 29.60,  0.10
  12448518,  6131, 2,18:57:28,18:58:34,    66, 44.10, 29.30, 14.80
         0,     0, 2,18:58:41,18:58:55,    14, 29.30, 44.10,-14.80
  12706609,  7018, 1,18:58:39,18:59:39,    60, 41.20, 31.60,  9.60
         0,     0, 1,18:59:47,18:59:56,     9, 31.60, 41.20, -9.60
  12706630,  7039, 3,19:00:11,19:00:13,     2, 46.10, 46.10,  0.00
  12706630,  7039, 4,19:01:13,19:02:26,    73, 43.30, 38.40,  4.90
         0,     0, 4,19:02:33,19:02:37,     4, 38.40, 43.00, -4.60
  12706621,  7030, 2,19:06:18,19:07:09,    51, 44.10, 32.50, 11.60
         0,     0, 2,19:07:16,19:07:26,    10, 32.50, 44.00,-11.50
  12448420,  6033, 4,19:08:40,19:09:54,    74, 43.00, 37.40,  5.60
         0,     0, 4,19:10:02,19:10:07,     5, 37.40, 37.50, -0.10
  13008774,  8015, 2,19:08:28,19:10:14,   106, 44.00, 35.10,  8.90
         0,     0, 2,19:10:22,19:10:30,     8, 35.10, 44.10, -9.00
  12706620,  7029, 1,19:09:29,19:10:38,    69, 41.20, 31.60,  9.60
         0,     0, 1,19:10:45,19:10:54,     9, 31.60, 41.30, -9.70
  12448408,  6021, 3,19:10:35,19:11:31,    56, 46.20, 27.10, 19.10
  12448516,  6129, 4,19:11:07,19:11:35,    28, 43.10, 41.80,  1.30
  12706620,  7029, 2,19:11:02,19:11:38,    36, 44.10, 38.00,  6.10
         0,     0, 4,19:11:43,19:11:44,     1, 41.80, 42.90, -1.10
         0,     0, 2,19:11:45,19:11:50,     5, 38.00, 44.00, -6.00
         0,     0, 3,19:11:38,19:11:54,    16, 27.10, 27.00,  0.10
  12706613,  7022, 3,19:12:50,19:13:29,    39, 46.30, 40.80,  5.50
         0,     0, 3,19:13:36,19:13:40,     4, 40.80, 46.20, -5.40
  12200086,  5140, 3,19:13:52,19:15:06,    74, 46.10, 37.50,  8.60
         0,     0, 3,19:15:14,19:15:20,     6, 37.50, 46.10, -8.60
  21268732,  6126, 2,19:13:42,19:16:04,   142, 44.10, 31.90, 12.20
         0,     0, 2,19:16:11,19:16:22,    11, 31.90, 44.00,-12.10
  11954042,  4072, 4,19:16:40,19:16:57,    17, 42.90, 42.60,  0.30
  21268732,  6126, 2,19:16:32,19:17:40,    68, 44.00, 37.00,  7.00
         0,     0, 2,19:17:49,19:17:55,     6, 37.00, 44.10, -7.10
  11954042,  4072, 4,19:17:12,19:18:33,    81, 42.80, 30.10, 12.70
         0,     0, 4,19:18:40,19:18:52,    12, 30.10, 43.00,-12.90
  12706620,  7029, 3,19:20:19,19:20:44,    25, 46.00, 45.70,  0.30
  12706614,  7023, 3,19:23:15,19:24:29,    74, 45.70, 28.70, 17.00
         0,     0, 3,19:24:37,19:24:51,    14, 28.70, 28.50,  0.20
  12706610,  7019, 2,19:25:41,19:26:39,    58, 44.10, 38.90,  5.20
         0,     0, 2,19:26:47,19:26:51,     4, 38.90, 44.10, -5.20
  12448516,  6129, 4,19:27:25,19:28:19,    54, 43.40, 36.50,  6.90
         0,     0, 4,19:28:27,19:28:33,     6, 36.50, 36.60, -0.10
  11724205,     0, 7,19:26:33,19:28:45,   132, 41.10, 35.80,  5.30
         0,     0, 7,19:28:52,19:28:59,     7, 35.80, 41.10, -5.30
  12706613,  7022, 4,19:28:53,19:29:27,    34, 43.20, 37.50,  5.70
         0,     0, 4,19:29:36,19:29:41,     5, 37.50, 43.00, -5.50
  12448398,  6011, 2,19:29:50,19:30:10,    20, 44.10, 43.50,  0.60
  12200085,  5139, 1,19:30:27,19:31:59,    92, 41.30, 34.40,  6.90
  12448398,  6011, 2,19:30:20,19:32:04,   104, 43.50, 28.30, 15.20
         0,     0, 1,19:32:06,19:32:12,     6, 34.40, 41.20, -6.80
         0,     0, 2,19:32:13,19:32:28,    15, 28.30, 44.10,-15.80
  12200083,  5137, 2,19:32:38,19:33:26,    48, 44.10, 33.00, 11.10
         0,     0, 2,19:33:34,19:33:44,    10, 33.00, 44.10,-11.10
  13008774,  8015, 1,19:33:50,19:33:57,     7, 41.20, 41.20,  0.00
  12200085,  5139, 2,19:34:09,19:34:28,    19, 44.10, 39.50,  4.60
         0,     0, 2,19:34:36,19:34:39,     3, 39.50, 44.10, -4.60
  12706628,  7037, 2,19:34:49,19:34:58,     9, 44.10, 43.70,  0.40
  12706615,  7024, 4,19:33:20,19:35:02,   102, 42.90, 28.90, 14.00
         0,     0, 4,19:35:10,19:35:23,    13, 28.90, 43.00,-14.10
  12448518,  6131, 1,19:36:44,19:36:59,    15, 41.20, 41.20,  0.00
  12200086,  5140, 3,19:37:06,19:37:52,    46, 46.20, 39.80,  6.40
  12448518,  6131, 1,19:37:36,19:37:54,    18, 41.20, 41.20,  0.00
  13008774,  8015, 2,19:36:14,19:37:54,   100, 43.70, 34.40,  9.30
         0,     0, 3,19:38:00,19:38:04,     4, 39.80, 46.10, -6.30
         0,     0, 2,19:38:02,19:38:10,     8, 34.40, 44.20, -9.80
  12706628,  7037, 2,19:38:33,19:39:09,    36, 44.20, 40.50,  3.70
         0,     0, 2,19:39:16,19:39:18,     2, 40.50, 44.10, -3.60
  13008864,     0, 8,19:39:25,19:39:38,    13, 40.80, 39.50,  1.30
         0,     0, 8,19:39:47,19:39:48,     1, 39.50, 40.80, -1.30
  12706609,  7018, 1,19:39:32,19:40:13,    41, 41.20, 35.10,  6.10
  12706621,  7030, 2,19:39:28,19:40:17,    49, 44.10, 30.50, 13.60
         0,     0, 1,19:40:21,19:40:26,     5, 35.10, 41.20, -6.10
         0,     0, 2,19:40:25,19:40:38,    13, 30.50, 44.20,-13.70
  12706700,     0, 7,19:39:54,19:40:36,    42, 41.10, 34.10,  7.00
  12706618,  7027, 3,19:40:03,19:40:46,    43, 46.20, 40.20,  6.00
         0,     0, 7,19:40:45,19:40:54,     9, 34.10, 41.00, -6.90
         0,     0, 3,19:40:54,19:40:58,     4, 40.20, 46.10, -5.90
  13008738,  7159, 1,19:41:35,19:41:37,     2, 41.20, 41.20,  0.00
  12706634,  7043, 2,19:40:48,19:42:21,    93, 44.20, 38.00,  6.20
         0,     0, 2,19:42:29,19:42:34,     5, 38.00, 44.00, -6.00
  12448518,  6131, 1,19:42:53,19:43:24,    31, 41.20, 36.70,  4.50
         0,     0, 1,19:43:32,19:43:36,     4, 36.70, 41.30, -4.60
  12706634,  7043, 2,19:43:04,19:43:55,    51, 44.10, 37.10,  7.00
         0,     0, 2,19:44:02,19:44:08,     6, 37.10, 44.10, -7.00
  13008738,  7159, 2,19:44:23,19:45:11,    48, 44.10, 42.90,  1.20
  21268732,  6126, 3,19:45:08,19:45:30,    22, 46.20, 44.80,  1.40
  12200081,  5135, 2,19:45:30,19:45:53,    23, 42.80, 41.90,  0.90
         0,     0, 2,19:46:00,19:46:00,     0, 41.90, 43.90, -2.00
  12200081,  5135, 2,19:46:10,19:47:11,    61, 43.90, 30.60, 13.30
         0,     0, 2,19:47:19,19:47:32,    13, 30.60, 44.10,-13.50
  12199951,  5005, 3,19:45:39,19:48:05,   146, 44.80, 32.20, 12.60
         0,     0, 3,19:48:13,19:48:24,    11, 32.20, 32.20,  0.00
  13008738,  7159, 4,19:48:50,19:49:10,    20, 43.30, 42.90,  0.40
  13008738,  7159, 3,19:49:28,19:51:09,   101, 46.00, 26.60, 19.40
  12448408,  6021, 4,19:49:21,19:51:08,   107, 43.10, 21.80, 21.30
         0,     0, 3,19:51:17,19:51:34,    17, 26.60, 27.00, -0.40
         0,     0, 4,19:51:17,19:51:38,    21, 21.80, 21.90, -0.10
  21268732,  6126, 1,19:51:47,19:51:53,     6, 41.30, 41.30,  0.00
  12706613,  7022, 4,19:51:53,19:52:26,    33, 43.20, 38.20,  5.00
         0,     0, 4,19:52:33,19:52:37,     4, 38.20, 43.10, -4.90
  13008890,     0, 8,19:52:34,19:52:46,    12, 40.80, 39.70,  1.10
         0,     0, 8,19:52:54,19:52:55,     1, 39.70, 41.00, -1.30
  13008890,     0, 8,19:53:05,19:53:09,     4, 39.50, 39.50,  0.00
         0,     0, 8,19:53:17,19:53:18,     1, 39.50, 41.20, -1.70
  12706642,  7051, 1,19:53:11,19:54:11,    60, 41.30, 23.90, 17.40
         0,     0, 1,19:54:20,19:54:37,    17, 23.90, 41.30,-17.40
  21268732,  6126, 1,19:54:47,19:54:48,     1, 41.30, 41.30,  0.00
  12706642,  7051, 2,19:54:32,19:54:51,    19, 44.10, 40.10,  4.00
         0,     0, 2,19:54:59,19:55:02,     3, 40.10, 44.10, -4.00
  13008896,     0, 8,19:54:59,19:55:00,     1, 40.90, 40.90,  0.00
  12706628,  7037, 3,19:55:44,19:56:29,    45, 46.00, 43.20,  2.80
  12200083,  5137, 4,19:55:52,19:56:30,    38, 43.10, 35.50,  7.60
         0,     0, 3,19:56:37,19:56:38,     1, 43.20, 46.50, -3.30
  13008896,     0, 8,19:56:40,19:56:41,     1, 38.80, 38.80,  0.00
         0,     0, 4,19:56:39,19:56:46,     7, 35.50, 43.00, -7.50
         0,     0, 8,19:56:50,19:56:52,     2, 38.80, 41.20, -2.40
  12706628,  7037, 4,19:58:51,19:59:17,    26, 43.30, 42.00,  1.30
         0,     0, 4,19:59:25,19:59:25,     0, 42.00, 42.60, -0.60
  21268732,  6126, 1,19:58:34,20:00:02,    88, 41.40, 35.00,  6.40
         0,     0, 1,20:00:10,20:00:15,     5, 35.00, 41.20, -6.20
  12706609,  7018, 2,20:06:10,20:06:53,    43, 44.00, 41.40,  2.60
         0,     0, 2,20:07:01,20:07:02,     1, 41.40, 44.10, -2.70
  12706613,  7022, 3,20:07:39,20:08:17,    38, 46.30, 41.40,  4.90
         0,     0, 3,20:08:24,20:08:27,     3, 41.40, 46.20, -4.80
  13008864,     0, 8,20:09:18,20:09:28,    10, 36.60, 35.40,  1.20
         0,     0, 8,20:09:37,20:09:42,     5, 35.40, 41.30, -5.90
  12448516,  6129, 3,20:09:04,20:10:05,    61, 46.20, 37.50,  8.70
         0,     0, 3,20:10:13,20:10:19,     6, 37.50, 37.40,  0.10
  12448451,     0, 7,20:10:54,20:11:03,     9, 41.00, 41.00,  0.00
  12448518,  6131, 4,20:10:43,20:11:12,    29, 42.70, 36.70,  6.00
         0,     0, 4,20:11:20,20:11:25,     5, 36.70, 36.80, -0.10
  13008774,  8015, 2,20:10:51,20:11:52,    61, 44.10, 41.50,  2.60
         0,     0, 2,20:11:59,20:12:00,     1, 41.50, 44.10, -2.60
  13008774,  8015, 2,20:12:42,20:13:35,    53, 44.10, 39.40,  4.70
         0,     0, 2,20:13:42,20:13:45,     3, 39.40, 44.10, -4.70
  12200085,  5139, 2,20:14:03,20:14:59,    56, 44.10, 32.90, 11.20
         0,     0, 2,20:15:06,20:15:16,    10, 32.90, 44.10,-11.20
  12448420,  6033, 4,20:14:31,20:15:42,    71, 43.00, 37.50,  5.50
         0,     0, 4,20:15:49,20:15:54,     5, 37.50, 43.10, -5.60
  21268732,  6126, 1,20:15:41,20:16:04,    23, 41.20, 39.50,  1.70
         0,     0, 1,20:16:11,20:16:12,     1, 39.50, 41.20, -1.70
  11953971,  4001, 4,20:18:49,20:19:25,    36, 43.30, 43.20,  0.10
  11953971,  4001, 3,20:20:00,20:21:00,    60, 46.20, 31.90, 14.30
  12706624,  7033, 4,20:20:44,20:21:02,    18, 43.20, 43.20,  0.00
         0,     0, 3,20:21:08,20:21:20,    12, 31.90, 31.80,  0.10
  13008890,     0, 7,20:21:11,20:21:37,    26, 41.00, 39.50,  1.50
         0,     0, 7,20:21:45,20:21:46,     1, 39.50, 41.10, -1.60
  13008890,     0, 8,20:21:53,20:22:00,     7, 41.30, 40.70,  0.60
  12448415,  6028, 2,20:21:25,20:22:21,    56, 44.10, 36.00,  8.10
  12706624,  7033, 3,20:21:30,20:22:27,    57, 46.10, 43.70,  2.40
         0,     0, 2,20:22:28,20:22:34,     6, 36.00, 43.90, -7.90
         0,     0, 3,20:22:35,20:22:36,     1, 43.70, 46.10, -2.40
  12706656,  7065, 4,20:22:32,20:23:13,    41, 43.20, 39.30,  3.90
         0,     0, 4,20:23:22,20:23:25,     3, 39.30, 43.00, -3.70
  12706628,  7037, 2,20:23:27,20:23:57,    30, 44.00, 42.30,  1.70
  12448437,  6050, 3,20:23:28,20:25:02,    94, 46.20, 33.00, 13.20
         0,     0, 3,20:25:10,20:25:20,    10, 33.00, 32.80,  0.20
  12706656,  7065, 3,20:25:42,20:26:09,    27, 46.10, 42.60,  3.50
         0,     0, 3,20:26:17,20:26:19,     2, 42.60, 46.20, -3.60
  12706642,  7051, 4,20:26:33,20:27:19,    46, 43.10, 34.40,  8.70
  12706624,  7033, 3,20:26:34,20:27:26,    52, 46.20, 39.00,  7.20
         0,     0, 4,20:27:28,20:27:36,     8, 34.40, 42.90, -8.50
         0,     0, 3,20:27:34,20:27:39,     5, 39.00, 38.90,  0.10
  12706624,  7033, 3,20:27:49,20:28:10,    21, 46.10, 40.00,  6.10
         0,     0, 3,20:28:18,20:28:22,     4, 40.00, 40.00,  0.00
  12448420,  6033, 4,20:28:39,20:29:08,    29, 43.10, 39.50,  3.60
  11499184,  2074, 2,20:28:34,20:29:12,    38, 42.30, 38.90,  3.40
         0,     0, 4,20:29:16,20:29:19,     3, 39.50, 43.00, -3.50
         0,     0, 2,20:29:20,20:29:24,     4, 38.90, 44.10, -5.20
  11499184,  2074, 1,20:29:18,20:29:44,    26, 41.20, 32.90,  8.30
         0,     0, 1,20:29:51,20:29:59,     8, 32.90, 41.20, -8.30
  12200081,  5135, 2,20:30:00,20:30:58,    58, 44.10, 34.30,  9.80
         0,     0, 2,20:31:05,20:31:14,     9, 34.30, 44.00, -9.70
  13008864,     0, 7,20:31:43,20:31:58,    15, 39.90, 39.30,  0.60
  11499184,  2074, 2,20:31:40,20:31:57,    17, 44.10, 38.20,  5.90
         0,     0, 7,20:32:05,20:32:07,     2, 39.30, 41.10, -1.80
         0,     0, 2,20:32:05,20:32:10,     5, 38.20, 44.20, -6.00
  12448518,  6131, 2,20:32:30,20:32:58,    28, 44.20, 38.90,  5.30
         0,     0, 2,20:33:05,20:33:09,     4, 38.90, 44.00, -5.10
  13008864,     0, 8,20:35:04,20:35:17,    13, 40.20, 39.80,  0.40
         0,     0, 8,20:35:25,20:35:25,     0, 39.80, 41.00, -1.20
  11954042,  4072, 4,20:36:55,20:37:33,    38, 42.90, 41.90,  1.00
         0,     0, 4,20:37:42,20:37:42,     0, 41.90, 42.80, -0.90
  11954042,  4072, 4,20:37:52,20:38:38,    46, 42.80, 34.60,  8.20
         0,     0, 4,20:38:47,20:38:55,     8, 34.60, 34.70, -0.10
  12706621,  7030, 4,20:39:42,20:40:18,    36, 42.90, 34.30,  8.60
         0,     0, 4,20:40:26,20:40:34,     8, 34.30, 43.00, -8.70
  13008896,     0, 7,20:42:04,20:42:05,     1, 40.60, 40.60,  0.00
  11499184,  2074, 2,20:41:56,20:42:22,    26, 44.00, 35.40,  8.60
         0,     0, 2,20:42:29,20:42:36,     7, 35.40, 44.10, -8.70
  13008896,     0, 8,20:42:43,20:42:43,     0, 40.20, 40.30, -0.10
  12448437,  6050, 4,20:43:01,20:43:34,    33, 43.10, 38.20,  4.90
         0,     0, 4,20:43:41,20:43:45,     4, 38.20, 43.30, -5.10
  12448517,  6130, 2,20:45:32,20:47:52,   140, 44.10, 29.40, 14.70
  12448415,  6028, 3,20:47:14,20:48:01,    47, 46.40, 40.80,  5.60
         0,     0, 3,20:48:09,20:48:13,     4, 40.80, 40.60,  0.20
         0,     0, 2,20:48:01,20:48:15,    14, 29.40, 44.10,-14.70
  13008896,     0, 8,20:55:25,20:55:29,     4, 36.60, 36.60,  0.00
         0,     0, 8,20:55:36,20:55:40,     4, 36.60, 41.20, -4.60
  12448417,  6030, 4,20:54:25,20:55:47,    82, 43.30, 23.30, 20.00
         0,     0, 4,20:55:56,20:56:15,    19, 23.30, 43.10,-19.80
  12200091,  5145, 2,20:57:29,20:58:40,    71, 44.10, 25.60, 18.50
  11953971,  4001, 3,20:58:24,20:58:42,    18, 46.20, 45.90,  0.30
         0,     0, 2,20:58:48,20:59:06,    18, 25.60, 44.10,-18.50
  12706656,  7065, 4,20:58:50,21:00:17,    87, 44.20, 35.10,  9.10
         0,     0, 4,21:00:26,21:00:33,     7, 35.10, 42.90, -7.80
  12448521,  6134, 1,20:59:26,21:01:12,   106, 41.20, 37.90,  3.30
         0,     0, 1,21:01:20,21:01:22,     2, 37.90, 41.20, -3.30
  12448437,  6050, 3,21:01:27,21:02:03,    36, 46.00, 41.60,  4.40
         0,     0, 3,21:02:11,21:02:14,     3, 41.60, 46.30, -4.70
  11953971,  4001, 2,21:01:24,21:02:23,    59, 44.10, 32.40, 11.70
         0,     0, 2,21:02:31,21:02:42,    11, 32.40, 44.10,-11.70
  12706614,  7023, 1,21:04:39,21:04:44,     5, 41.20, 41.30, -0.10
  12706614,  7023, 2,21:04:50,21:06:09,    79, 44.10, 32.50, 11.60
         0,     0, 2,21:06:17,21:06:28,    11, 32.50, 44.10,-11.60
  12706630,  7039, 3,21:07:00,21:08:45,   105, 46.30, 33.80, 12.50
         0,     0, 3,21:08:53,21:09:03,    10, 33.80, 33.80,  0.00
  12706621,  7030, 4,21:09:19,21:09:49,    30, 42.70, 35.10,  7.60
         0,     0, 4,21:09:57,21:10:04,     7, 35.10, 42.90, -7.80
  12448521,  6134, 3,21:12:07,21:13:17,    70, 46.10, 35.20, 10.90
         0,     0, 3,21:13:25,21:13:33,     8, 35.20, 46.40,-11.20
  12448391,  6004, 4,21:22:42,21:23:25,    43, 43.30, 32.70, 10.60
         0,     0, 4,21:23:33,21:23:42,     9, 32.70, 42.90,-10.20
  11954008,  4038, 1,21:25:00,21:25:43,    43, 41.20, 37.00,  4.20
         0,     0, 1,21:25:50,21:25:53,     3, 37.00, 41.20, -4.20
  11954008,  4038, 1,21:26:03,21:26:48,    45, 41.30, 33.80,  7.50
         0,     0, 1,21:26:56,21:27:02,     6, 33.80, 41.20, -7.40
  11954008,  4038, 2,21:26:54,21:27:29,    35, 44.10, 40.00,  4.10
         0,     0, 2,21:27:37,21:27:40,     3, 40.00, 44.10, -4.10
  12706628,  7037, 2,21:27:50,21:27:52,     2, 44.10, 44.10,  0.00
  12706628,  7037, 2,21:28:02,21:30:47,   165, 44.10, 30.90, 13.20
         0,     0, 2,21:30:55,21:31:07,    12, 30.90, 44.10,-13.20
  12200081,  5135, 2,21:38:41,21:39:25,    44, 44.10, 34.60,  9.50
         0,     0, 2,21:39:33,21:39:41,     8, 34.60, 44.10, -9.50
  12200086,  5140, 3,21:38:51,21:39:53,    62, 46.50, 37.70,  8.80
         0,     0, 3,21:40:02,21:40:08,     6, 37.70, 37.60,  0.10
  12706630,  7039, 2,21:49:34,21:50:29,    55, 44.10, 37.10,  7.00
         0,     0, 2,21:50:36,21:50:42,     6, 37.10, 44.10, -7.00
  11499117,  2007, 4,21:52:06,21:52:58,    52, 42.90, 34.50,  8.40
         0,     0, 4,21:53:06,21:53:14,     8, 34.50, 43.00, -8.50
  12448517,  6130, 3,21:55:58,21:57:26,    88, 46.20, 36.90,  9.30
         0,     0, 3,21:57:35,21:57:42,     7, 36.90, 36.90,  0.00
  12200081,  5135, 2,21:57:28,21:57:50,    22, 44.10, 39.60,  4.50
         0,     0, 2,21:57:59,21:58:02,     3, 39.60, 44.20, -4.60
  12706615,  7024, 4,21:58:06,21:58:43,    37, 43.20, 42.80,  0.40
  12706737,  7146, 4,21:58:54,22:00:27,    93, 42.90, 33.40,  9.50
         0,     0, 4,22:00:35,22:00:44,     9, 33.40, 43.20, -9.80
  12706615,  7024, 4,22:00:54,22:01:54,    60, 43.10, 28.20, 14.90
         0,     0, 4,22:02:02,22:02:16,    14, 28.20, 43.10,-14.90
  11954042,  4072, 2,22:02:43,22:02:48,     5, 44.20, 44.20,  0.00
  12706669,     0, 7,22:02:01,22:03:04,    63, 40.60, 35.50,  5.10
         0,     0, 7,22:03:12,22:03:19,     7, 35.50, 41.10, -5.60
  12706613,  7022, 3,22:07:38,22:08:31,    53, 46.40, 38.20,  8.20
         0,     0, 3,22:08:39,22:08:45,     6, 38.20, 46.30, -8.10
  12200079,  5133, 4,22:08:53,22:11:18,   145, 44.20, 28.80, 15.40
         0,     0, 4,22:11:26,22:11:39,    13, 28.80, 43.00,-14.20
  11954042,  4072, 1,22:12:42,22:13:19,    37, 41.20, 41.00,  0.20
  11954042,  4072, 2,22:13:24,22:14:13,    49, 44.20, 36.00,  8.20
         0,     0, 2,22:14:20,22:14:27,     7, 36.00, 44.10, -8.10
  11499117,  2007, 3,22:15:27,22:16:34,    67, 46.20, 37.70,  8.50
         0,     0, 3,22:16:42,22:16:48,     6, 37.70, 37.70,  0.00
  12706669,     0, 7,22:17:38,22:18:31,    53, 41.10, 37.40,  3.70
         0,     0, 7,22:18:40,22:18:44,     4, 37.40, 41.10, -3.70
  12448434,  6047, 3,22:21:04,22:21:47,    43, 46.30, 35.40, 10.90
         0,     0, 3,22:21:56,22:22:05,     9, 35.40, 46.50,-11.10
  12706737,  7146, 4,22:21:50,22:22:47,    57, 43.50, 37.40,  6.10
         0,     0, 4,22:22:54,22:22:59,     5, 37.40, 37.50, -0.10
  11953971,  4001, 2,22:27:06,22:28:13,    67, 44.20, 43.80,  0.40
  11953971,  4001, 2,22:28:23,22:28:33,    10, 43.80, 43.70,  0.10
  11953971,  4001, 2,22:28:51,22:29:58,    67, 43.70, 27.40, 16.30
         0,     0, 2,22:30:05,22:30:21,    16, 27.40, 44.00,-16.60
  12199951,  5005, 3,22:29:03,22:31:12,   129, 46.40, 35.90, 10.50
         0,     0, 3,22:31:21,22:31:29,     8, 35.90, 35.70,  0.20
  12706620,  7029, 1,22:30:14,22:32:07,   113, 40.90, 26.60, 14.30
         0,     0, 1,22:32:16,22:32:30,    14, 26.60, 41.30,-14.70
  13008864,     0, 8,22:32:07,22:32:31,    24, 40.30, 38.80,  1.50
         0,     0, 8,22:32:39,22:32:41,     2, 38.80, 41.20, -2.40
  12706620,  7029, 2,22:32:35,22:33:08,    33, 44.00, 40.40,  3.60
         0,     0, 2,22:33:15,22:33:17,     2, 40.40, 44.10, -3.70
  12706737,  7146, 4,22:35:07,22:35:38,    31, 43.20, 42.30,  0.90
  12706613,  7022, 4,22:36:20,22:36:54,    34, 42.20, 37.50,  4.70
         0,     0, 4,22:37:02,22:37:06,     4, 37.50, 42.90, -5.40
  12448521,  6134, 3,22:36:25,22:37:17,    52, 46.50, 34.50, 12.00
         0,     0, 3,22:37:25,22:37:34,     9, 34.50, 34.50,  0.00
  12706624,  7033, 1,22:42:05,22:42:11,     6, 41.40, 41.40,  0.00
  12706620,  7029, 3,22:42:03,22:42:32,    29, 46.50, 42.50,  4.00
         0,     0, 3,22:42:39,22:42:41,     2, 42.50, 46.40, -3.90
  21268732,  6126, 1,22:45:01,22:45:32,    31, 41.40, 41.30,  0.10
  21268732,  6126, 2,22:45:41,22:47:02,    81, 44.10, 38.10,  6.00
         0,     0, 2,22:47:10,22:47:15,     5, 38.10, 44.10, -6.00
  21268732,  6126, 1,22:47:33,22:47:50,    17, 41.30, 40.90,  0.40
  12448434,  6047, 4,22:47:36,22:48:17,    41, 42.90, 33.90,  9.00
  12448408,  6021, 3,22:47:26,22:48:27,    61, 46.60, 33.10, 13.50
         0,     0, 4,22:48:25,22:48:33,     8, 33.90, 43.00, -9.10
         0,     0, 3,22:48:34,22:48:45,    11, 33.10, 46.70,-13.60
  12706601,  7010, 4,22:52:52,22:53:17,    25, 43.10, 38.70,  4.40
         0,     0, 4,22:53:25,22:53:29,     4, 38.70, 43.00, -4.30
  21268732,  6126, 2,22:53:23,22:54:37,    74, 44.10, 39.50,  4.60
         0,     0, 2,22:54:44,22:54:47,     3, 39.50, 44.10, -4.60
  12706601,  7010, 3,22:57:40,22:58:31,    51, 46.60, 41.20,  5.40
         0,     0, 3,22:58:38,22:58:41,     3, 41.20, 41.20,  0.00
  12448518,  6131, 2,22:58:44,22:59:28,    44, 44.10, 36.90,  7.20
         0,     0, 2,22:59:35,22:59:41,     6, 36.90, 44.00, -7.10
  13008748,  7169, 4,23:04:09,23:07:11,   182, 43.00, 34.50,  8.50
         0,     0, 4,23:07:18,23:07:26,     8, 34.50, 43.10, -8.60
  13008748,  7169, 4,23:14:19,23:15:36,    77, 43.10, 41.20,  1.90
         0,     0, 4,23:15:45,23:15:46,     1, 41.20, 43.00, -1.80
  11724217,  3117, 2,23:18:42,23:19:32,    50, 44.10, 32.80, 11.30
         0,     0, 2,23:19:40,23:19:50,    10, 32.80, 44.00,-11.20
  12706656,  7065, 3,23:18:34,23:22:03,   209, 46.50, 30.90, 15.60
         0,     0, 3,23:22:10,23:22:23,    13, 30.90, 46.60,-15.70
  12448398,  6011, 2,23:26:07,23:28:08,   121, 44.00, 26.70, 17.30
         0,     0, 2,23:28:15,23:28:32,    17, 26.70, 44.00,-17.30
  12199951,  5005, 3,23:26:56,23:28:47,   111, 46.50, 39.50,  7.00
         0,     0, 3,23:28:55,23:29:00,     5, 39.50, 46.50, -7.00
  13008738,  7159, 2,23:31:46,23:33:43,   117, 44.00, 35.80,  8.20
         0,     0, 2,23:33:50,23:33:57,     7, 35.80, 44.00, -8.20
  12706618,  7027, 3,23:34:40,23:35:22,    42, 46.60, 38.40,  8.20
  12448415,  6028, 4,23:33:12,23:35:25,   133, 43.00, 29.10, 13.90
         0,     0, 3,23:35:30,23:35:36,     6, 38.40, 38.30,  0.10
         0,     0, 4,23:35:32,23:35:45,    13, 29.10, 43.00,-13.90
  13008748,  7169, 1,23:42:48,23:42:59,    11, 40.80, 40.80,  0.00
         0,     0, 1,23:44:28,23:44:38,    10, 40.80, 40.80,  0.00
         0,     0, 2,23:44:28,23:44:38,    10, 44.00, 44.00,  0.00
         0,     0, 3,23:44:28,23:44:38,    10, 46.30, 46.30,  0.00
         0,     0, 4,23:44:28,23:44:38,    10, 43.00, 43.00,  0.00
         0,     0, 5,23:44:28,23:44:38,    10, 40.70, 40.70,  0.00
         0,     0, 7,23:44:28,23:44:38,    10, 41.10, 41.10,  0.00
         0,     0, 8,23:44:28,23:44:38,    10, 41.10, 41.10,  0.00
