         0,     0, 5, 0:03:06, 0:03:16,    10, 39.40, 39.40,  0.00
         0,     0, 7, 0:03:06, 0:03:16,    10, 41.10, 41.10,  0.00
         0,     0, 8, 0:03:06, 0:03:16,    10, 41.00, 41.00,  0.00
         0,     0, 1, 0:03:06, 0:03:16,    10, 41.30, 41.30,  0.00
         0,     0, 2, 0:03:06, 0:03:16,    10, 44.30, 44.30,  0.00
         0,     0, 3, 0:03:06, 0:03:16,    10, 46.30, 46.30,  0.00
         0,     0, 4, 0:03:06, 0:03:16,    10, 43.80, 43.80,  0.00
  12448420,  6033, 2, 0:03:06, 0:05:36,   150, 44.30, 34.80,  9.50
         0,     0, 2, 0:05:43, 0:05:51,     8, 34.80, 44.20, -9.40
  12448408,  6021, 4, 0:03:43, 0:05:57,   134, 43.80, 20.60, 23.20
         0,     0, 4, 0:06:04, 0:06:26,    22, 20.60, 43.20,-22.60
  13008774,  8015, 4, 0:08:18, 0:09:42,    84, 43.70, 32.90, 10.80
         0,     0, 4, 0:09:50, 0:10:00,    10, 32.90, 43.30,-10.40
  11954042,  4072, 1, 0:08:52, 0:11:14,   142, 41.30, 27.50, 13.80
         0,     0, 1, 0:11:21, 0:11:34,    13, 27.50, 41.30,-13.80
  11954042,  4072, 1, 0:12:02, 0:12:18,    16, 41.30, 41.30,  0.00
  12448420,  6033, 2, 0:14:51, 0:15:16,    25, 44.20, 43.10,  1.10
  13008738,  7159, 2, 0:17:41, 0:18:22,    41, 43.10, 43.00,  0.10
  13008738,  7159, 2, 0:18:35, 0:19:52,    77, 43.00, 42.30,  0.70
  12200081,  5135, 2, 0:20:16, 0:21:28,    72, 42.30, 30.20, 12.10
         0,     0, 2, 0:21:35, 0:21:48,    13, 30.20, 44.10,-13.90
  13008738,  7159, 4, 0:23:25, 0:25:33,   128, 43.30, 27.40, 15.90
         0,     0, 4, 0:25:42, 0:25:57,    15, 27.40, 43.30,-15.90
  12200066,  5120, 4, 0:27:56, 0:28:00,     4, 43.50, 43.70, -0.20
  12200066,  5120, 4, 0:31:47, 0:33:25,    98, 43.70, 29.10, 14.60
         0,     0, 4, 0:33:33, 0:33:46,    13, 29.10, 43.20,-14.10
  12706630,  7039, 1, 0:33:58, 0:34:04,     6, 41.20, 41.20,  0.00
  12706614,  7023, 4, 0:39:21, 0:40:10,    49, 43.20, 43.30, -0.10
  12448420,  6033, 2, 0:38:34, 0:41:01,   147, 44.10, 40.30,  3.80
         0,     0, 2, 0:41:08, 0:41:10,     2, 40.30, 44.20, -3.90
  12706624,  7033, 2, 0:44:58, 0:46:12,    74, 44.10, 36.00,  8.10
         0,     0, 2, 0:46:19, 0:46:26,     7, 36.00, 44.30, -8.30
  12448516,  6129, 1, 0:46:23, 0:47:49,    86, 41.20, 24.60, 16.60
         0,     0, 1, 0:47:57, 0:48:13,    16, 24.60, 41.30,-16.70
  12706614,  7023, 3, 0:49:45, 0:50:57,    72, 46.50, 31.10, 15.40
         0,     0, 3, 0:51:06, 0:51:18,    12, 31.10, 31.00,  0.10
  12706642,  7051, 4, 0:49:58, 0:52:57,   179, 43.30, 24.00, 19.30
         0,     0, 4, 0:53:06, 0:53:25,    19, 24.00, 43.30,-19.30
  21268732,  6126, 4, 0:57:58, 0:58:52,    54, 43.70, 42.00,  1.70
  12706618,  7027, 2, 1:00:22, 1:01:39,    77, 44.30, 29.80, 14.50
         0,     0, 2, 1:01:47, 1:02:01,    14, 29.80, 44.10,-14.30
  12448517,  6130, 1, 1:07:37, 1:09:22,   105, 41.30, 35.50,  5.80
  12706630,  7039, 2, 1:07:15, 1:09:28,   133, 44.20, 33.10, 11.10
         0,     0, 1, 1:09:31, 1:09:36,     5, 35.50, 41.30, -5.80
         0,     0, 2, 1:09:36, 1:09:46,    10, 33.10, 44.30,-11.20
  12448517,  6130, 1, 1:09:46, 1:10:33,    47, 41.30, 38.90,  2.40
         0,     0, 1, 1:10:42, 1:10:43,     1, 38.90, 41.30, -2.40
  12706620,  7029, 2, 1:09:56, 1:11:20,    84, 44.30, 27.70, 16.60
         0,     0, 2, 1:11:28, 1:11:44,    16, 27.70, 44.30,-16.60
  12448517,  6130, 2, 1:11:54, 1:13:18,    84, 44.30, 37.80,  6.50
         0,     0, 2, 1:13:26, 1:13:31,     5, 37.80, 44.20, -6.40
  12706613,  7022, 4, 1:13:10, 1:15:19,   129, 42.00, 27.70, 14.30
         0,     0, 4, 1:15:27, 1:15:42,    15, 27.70, 43.30,-15.60
  13008774,  8015, 1, 1:17:21, 1:17:48,    27, 41.30, 41.30,  0.00
  13008774,  8015, 2, 1:17:54, 1:17:58,     4, 44.30, 44.20,  0.10
  13008774,  8015, 4, 1:19:14, 1:20:16,    62, 43.60, 37.60,  6.00
  12448398,  6011, 3, 1:20:25, 1:20:26,     1, 46.50, 46.40,  0.10
         0,     0, 4, 1:20:24, 1:20:29,     5, 37.60, 43.20, -5.60
  12200083,  5137, 2, 1:20:17, 1:20:55,    38, 44.20, 44.20,  0.00
  12200083,  5137, 1, 1:21:14, 1:21:28,    14, 41.30, 41.30,  0.00
  12200083,  5137, 4, 1:22:13, 1:24:20,   127, 43.30, 23.50, 19.80
         0,     0, 4, 1:24:28, 1:24:47,    19, 23.50, 43.30,-19.80
  12706737,  7146, 3, 1:24:29, 1:25:22,    53, 46.50, 42.00,  4.50
         0,     0, 3, 1:25:30, 1:25:32,     2, 42.00, 45.80, -3.80
  12706737,  7146, 4, 1:25:28, 1:25:37,     9, 43.60, 43.90, -0.30
  12199974,  5028, 3, 1:25:42, 1:25:57,    15, 45.30, 45.20,  0.10
  12448472,     0, 7, 1:24:25, 1:27:24,   179, 41.00, 37.20,  3.80
         0,     0, 7, 1:27:32, 1:27:37,     5, 37.20, 41.20, -4.00
  12448472,     0, 7, 1:27:47, 1:27:57,    10, 41.10, 40.80,  0.30
  12199974,  5028, 1, 1:30:40, 1:31:11,    31, 41.30, 41.30,  0.00
  13008738,  7159, 4, 1:31:18, 1:32:49,    91, 43.70, 32.60, 11.10
         0,     0, 4, 1:32:57, 1:33:07,    10, 32.60, 43.20,-10.60
  12706651,     0, 7, 1:32:51, 1:33:10,    19, 40.80, 40.80,  0.00
  12706651,     0, 7, 1:33:22, 1:33:32,    10, 40.80, 40.70,  0.10
  12706651,     0, 7, 1:33:42, 1:34:47,    65, 40.70, 37.80,  2.90
         0,     0, 7, 1:34:55, 1:34:59,     4, 37.80, 41.10, -3.30
  12706620,  7029, 4, 1:37:15, 1:37:55,    40, 43.20, 37.70,  5.50
         0,     0, 4, 1:38:03, 1:38:08,     5, 37.70, 43.30, -5.60
  12448521,  6134, 1, 1:37:52, 1:41:16,   204, 41.30, 25.60, 15.70
         0,     0, 1, 1:41:24, 1:41:39,    15, 25.60, 41.20,-15.60
  12199974,  5028, 4, 1:41:57, 1:42:15,    18, 43.60, 43.20,  0.40
  12199974,  5028, 4, 1:42:28, 1:43:00,    32, 43.20, 38.90,  4.30
         0,     0, 4, 1:43:09, 1:43:13,     4, 38.90, 43.20, -4.30
  12200004,  5058, 3, 1:43:16, 1:44:11,    55, 45.30, 30.70, 14.60
         0,     0, 3, 1:44:19, 1:44:32,    13, 30.70, 30.70,  0.00
  11499184,  2074, 2, 1:46:37, 1:47:23,    46, 44.20, 37.10,  7.10
  12199974,  5028, 4, 1:44:44, 1:47:29,   165, 43.20, 29.80, 13.40
         0,     0, 2, 1:47:31, 1:47:37,     6, 37.10, 44.30, -7.20
         0,     0, 4, 1:47:37, 1:47:50,    13, 29.80, 43.20,-13.40
  11499184,  2074, 2, 1:47:47, 1:48:05,    18, 44.30, 42.90,  1.40
  12706634,  7043, 4, 1:53:01, 1:54:28,    87, 43.70, 42.90,  0.80
  12706737,  7146, 3, 1:51:49, 1:54:31,   162, 46.40, 32.80, 13.60
         0,     0, 3, 1:54:39, 1:54:50,    11, 32.80, 32.70,  0.10
  12706651,     0, 7, 1:56:11, 1:57:21,    70, 41.10, 38.00,  3.10
         0,     0, 7, 1:57:30, 1:57:33,     3, 38.00, 41.10, -3.10
  12448518,  6131, 2, 2:05:11, 2:06:13,    62, 42.90, 31.90, 11.00
         0,     0, 2, 2:06:22, 2:06:33,    11, 31.90, 44.10,-12.20
  12200083,  5137, 4, 2:13:55, 2:14:32,    37, 42.90, 35.90,  7.00
  12448417,  6030, 1, 2:13:12, 2:14:37,    85, 41.20, 26.30, 14.90
         0,     0, 4, 2:14:39, 2:14:46,     7, 35.90, 43.20, -7.30
         0,     0, 1, 2:14:45, 2:14:59,    14, 26.30, 41.30,-15.00
  12706634,  7043, 3, 2:16:57, 2:18:17,    80, 46.80, 38.00,  8.80
         0,     0, 3, 2:18:24, 2:18:30,     6, 38.00, 37.90,  0.10
  12706628,  7037, 1, 2:22:31, 2:25:32,   181, 41.30, 35.60,  5.70
         0,     0, 1, 2:25:39, 2:25:44,     5, 35.60, 41.40, -5.80
  12706628,  7037, 1, 2:25:54, 2:27:51,   117, 41.40, 38.50,  2.90
         0,     0, 1, 2:28:00, 2:28:02,     2, 38.50, 41.40, -2.90
  12706621,  7030, 1, 2:47:34, 2:48:52,    78, 41.30, 26.10, 15.20
         0,     0, 1, 2:49:01, 2:49:15,    14, 26.10, 41.30,-15.20
  11953971,  4001, 4, 2:46:53, 2:49:24,   151, 43.20, 36.10,  7.10
         0,     0, 4, 2:49:32, 2:49:38,     6, 36.10, 43.20, -7.10
  11953971,  4001, 3, 2:49:31, 2:49:43,    12, 46.60, 42.60,  4.00
         0,     0, 3, 2:49:50, 2:49:52,     2, 42.60, 46.40, -3.80
  12706601,  7010, 4, 2:49:48, 2:52:30,   162, 43.40, 24.00, 19.40
         0,     0, 4, 2:52:38, 2:52:56,    18, 24.00, 24.00,  0.00
  12706656,  7065, 3, 2:50:06, 2:53:31,   205, 46.00, 23.80, 22.20
         0,     0, 3, 2:53:39, 2:53:58,    19, 23.80, 23.60,  0.20
  11953971,  4001, 2, 2:56:35, 2:57:18,    43, 44.10, 43.80,  0.30
  11953971,  4001, 1, 2:57:25, 2:58:28,    63, 41.30, 31.50,  9.80
         0,     0, 1, 2:58:36, 2:58:45,     9, 31.50, 41.40, -9.90
  12199987,  5041, 2, 3:06:13, 3:06:37,    24, 43.80, 43.70,  0.10
  11499231,     0, 7, 3:24:39, 3:26:11,    92, 41.10, 37.80,  3.30
  12199987,  5041, 3, 3:24:54, 3:26:18,    84, 46.30, 44.20,  2.10
         0,     0, 7, 3:26:19, 3:26:23,     4, 37.80, 41.10, -3.30
  12706615,  7024, 4, 4:10:56, 4:12:57,   121, 43.70, 30.90, 12.80
         0,     0, 4, 4:13:04, 4:13:16,    12, 30.90, 43.30,-12.40
  12200091,  5145, 4, 4:13:46, 4:14:51,    65, 43.30, 32.70, 10.60
         0,     0, 4, 4:14:58, 4:15:08,    10, 32.70, 43.20,-10.50
  12448440,     0, 8, 4:41:37, 4:43:28,   111, 40.40, 36.40,  4.00
         0,     0, 8, 4:43:37, 4:43:41,     4, 36.40, 41.20, -4.80
  12448440,     0, 7, 4:44:12, 4:44:27,    15, 41.00, 40.40,  0.60
  12448440,     0, 7, 4:44:44, 4:45:18,    34, 40.40, 39.20,  1.20
         0,     0, 7, 4:45:25, 4:45:27,     2, 39.20, 41.10, -1.90
  11724250,  3150, 2, 4:50:24, 4:53:21,   177, 43.70, 17.10, 26.60
         0,     0, 2, 4:53:29, 4:53:56,    27, 17.10, 44.20,-27.10
  12448392,  6005, 1, 5:06:22, 5:07:36,    74, 41.30, 24.80, 16.50
         0,     0, 1, 5:07:44, 5:08:00,    16, 24.80, 41.30,-16.50
  12448392,  6005, 2, 6:18:09, 6:19:07,    58, 44.20, 34.30,  9.90
         0,     0, 2, 6:19:14, 6:19:23,     9, 34.30, 44.20, -9.90
  12706618,  7027, 2, 6:19:51, 6:19:55,     4, 44.20, 44.20,  0.00
  12706618,  7027, 1, 6:20:08, 6:20:39,    31, 41.30, 35.10,  6.20
  11724167,  3067, 2, 6:20:27, 6:20:45,    18, 44.20, 44.10,  0.10
         0,     0, 1, 6:20:46, 6:20:51,     5, 35.10, 41.40, -6.30
  12200079,  5133, 4, 6:19:27, 6:20:50,    83, 43.50, 24.20, 19.30
         0,     0, 4, 6:20:57, 6:21:15,    18, 24.20, 43.10,-18.90
  12200086,  5140, 3, 6:21:26, 6:21:44,    18, 44.40, 44.30,  0.10
  12200085,  5139, 2, 6:21:19, 6:22:05,    46, 44.10, 41.80,  2.30
         0,     0, 2, 6:22:13, 6:22:14,     1, 41.80, 44.10, -2.30
  12448521,  6134, 1, 6:21:02, 6:22:25,    83, 41.30, 27.60, 13.70
         0,     0, 1, 6:22:32, 6:22:45,    13, 27.60, 41.30,-13.70
  12448415,  6028, 4, 6:21:25, 6:23:41,   136, 43.10, 23.90, 19.20
         0,     0, 4, 6:23:49, 6:24:08,    19, 23.90, 43.30,-19.40
  12200086,  5140, 3, 6:24:57, 6:25:08,    11, 44.40, 44.30,  0.10
  12706614,  7023, 2, 6:23:29, 6:25:34,   125, 44.20, 34.10, 10.10
         0,     0, 2, 6:25:42, 6:25:51,     9, 34.10, 44.30,-10.20
  11499117,  2007, 4, 6:24:45, 6:25:50,    65, 43.60, 26.40, 17.20
  12200086,  5140, 2, 6:26:04, 6:26:10,     6, 44.40, 44.10,  0.30
         0,     0, 4, 6:25:57, 6:26:13,    16, 26.40, 43.20,-16.80
  12200091,  5145, 2, 6:26:20, 6:27:36,    76, 44.10, 26.80, 17.30
         0,     0, 2, 6:27:44, 6:28:01,    17, 26.80, 44.20,-17.40
  12199951,  5005, 1, 6:23:09, 6:28:02,   293, 41.30, 23.60, 17.70
         0,     0, 1, 6:28:10, 6:28:27,    17, 23.60, 41.30,-17.70
  12448516,  6129, 4, 6:26:56, 6:28:41,   105, 43.60, 25.50, 18.10
         0,     0, 4, 6:28:50, 6:29:08,    18, 25.50, 43.20,-17.70
  12448437,  6050, 2, 6:28:11, 6:29:57,   106, 44.20, 19.20, 25.00
         0,     0, 2, 6:30:05, 6:30:30,    25, 19.20, 44.20,-25.00
  12200085,  5139, 1, 6:30:31, 6:31:39,    68, 41.30, 24.40, 16.90
         0,     0, 1, 6:31:47, 6:32:03,    16, 24.40, 41.20,-16.80
  11724167,  3067, 2, 6:30:42, 6:32:08,    86, 44.20, 19.70, 24.50
         0,     0, 2, 6:32:16, 6:32:40,    24, 19.70, 44.20,-24.50
  12200086,  5140, 4, 6:32:40, 6:34:30,   110, 43.50, 27.60, 15.90
         0,     0, 4, 6:34:37, 6:34:52,    15, 27.60, 27.60,  0.00
  12706609,  7018, 3, 6:36:27, 6:37:18,    51, 44.30, 38.30,  6.00
         0,     0, 3, 6:37:26, 6:37:32,     6, 38.30, 38.30,  0.00
  12448408,  6021, 2, 6:36:31, 6:38:04,    93, 44.20, 27.00, 17.20
  12199974,  5028, 1, 6:37:04, 6:38:20,    76, 41.20, 19.80, 21.40
         0,     0, 2, 6:38:12, 6:38:29,    17, 27.00, 44.10,-17.10
         0,     0, 1, 6:38:27, 6:38:48,    21, 19.80, 41.30,-21.50
  13008774,  8015, 4, 6:35:22, 6:39:04,   222, 43.20, 29.70, 13.50
         0,     0, 4, 6:39:11, 6:39:24,    13, 29.70, 43.10,-13.40
  12200081,  5135, 2, 6:40:05, 6:41:41,    96, 44.10, 22.60, 21.50
         0,     0, 2, 6:41:49, 6:42:10,    21, 22.60, 44.10,-21.50
  13008738,  7159, 2, 6:42:46, 6:42:51,     5, 44.10, 44.10,  0.00
  21268732,  6126, 4, 6:43:15, 6:45:45,   150, 43.60, 33.90,  9.70
         0,     0, 4, 6:45:54, 6:46:03,     9, 33.90, 43.20, -9.30
  12200004,  5058, 3, 6:47:55, 6:48:15,    20, 46.40, 43.30,  3.10
         0,     0, 3, 6:48:23, 6:48:25,     2, 43.30, 46.20, -2.90
  12706620,  7029, 2, 6:47:19, 6:48:37,    78, 44.10, 33.30, 10.80
         0,     0, 2, 6:48:45, 6:48:55,    10, 33.30, 44.20,-10.90
  12448398,  6011, 1, 6:50:51, 6:52:39,   108, 41.30, 13.00, 28.30
         0,     0, 1, 6:52:46, 6:53:13,    27, 13.00, 41.30,-28.30
  12200004,  5058, 2, 6:53:29, 6:54:11,    42, 44.10, 35.90,  8.20
         0,     0, 2, 6:54:18, 6:54:25,     7, 35.90, 44.20, -8.30
  12706609,  7018, 1, 6:55:40, 6:56:46,    66, 41.40, 31.60,  9.80
         0,     0, 1, 6:56:53, 6:57:02,     9, 31.60, 41.20, -9.60
  12200004,  5058, 1, 6:57:21, 6:57:56,    35, 41.20, 33.50,  7.70
         0,     0, 1, 6:58:03, 6:58:10,     7, 33.50, 41.30, -7.80
  12706737,  7146, 4, 6:55:36, 6:58:25,   169, 43.30, 29.50, 13.80
         0,     0, 4, 6:58:34, 6:58:47,    13, 29.50, 43.10,-13.60
  12706620,  7029, 2, 7:02:02, 7:02:45,    43, 44.20, 38.50,  5.70
         0,     0, 2, 7:02:52, 7:02:56,     4, 38.50, 44.20, -5.70
  11724217,  3117, 3, 7:02:59, 7:04:20,    81, 46.60, 26.60, 20.00
         0,     0, 3, 7:04:28, 7:04:44,    16, 26.60, 26.60,  0.00
  12448415,  6028, 1, 7:04:32, 7:06:21,   109, 41.30, 40.90,  0.40
  13008774,  8015, 1, 7:06:33, 7:06:37,     4, 40.90, 40.90,  0.00
  12448415,  6028, 2, 7:06:34, 7:08:05,    91, 44.20, 31.30, 12.90
         0,     0, 2, 7:08:13, 7:08:25,    12, 31.30, 44.10,-12.80
  12706642,  7051, 2, 7:08:46, 7:09:49,    63, 44.10, 32.00, 12.10
         0,     0, 2, 7:09:57, 7:10:08,    11, 32.00, 44.20,-12.20
  12706624,  7033, 1, 7:09:09, 7:10:06,    57, 40.90, 39.60,  1.30
         0,     0, 1, 7:10:14, 7:10:15,     1, 39.60, 41.20, -1.60
  12706624,  7033, 2, 7:10:30, 7:12:12,   102, 44.20, 29.80, 14.40
         0,     0, 2, 7:12:20, 7:12:34,    14, 29.80, 44.30,-14.50
  12199987,  5041, 1, 7:10:26, 7:13:55,   209, 41.20, 22.10, 19.10
         0,     0, 1, 7:14:03, 7:14:21,    18, 22.10, 41.20,-19.10
  12706705,     0, 7, 7:20:39, 7:21:31,    52, 41.10, 41.10,  0.00
  12706705,     0, 8, 7:21:43, 7:21:57,    14, 40.80, 40.80,  0.00
  12200086,  5140, 2, 7:21:58, 7:23:26,    88, 44.30, 32.00, 12.30
         0,     0, 2, 7:23:33, 7:23:44,    11, 32.00, 44.20,-12.20
  12706609,  7018, 2, 7:23:55, 7:24:52,    57, 44.20, 35.40,  8.80
         0,     0, 2, 7:25:00, 7:25:08,     8, 35.40, 44.10, -8.70
  12706628,  7037, 1, 7:23:33, 7:25:15,   102, 41.20, 27.00, 14.20
         0,     0, 1, 7:25:22, 7:25:36,    14, 27.00, 41.30,-14.30
  12706628,  7037, 2, 7:25:30, 7:25:47,    17, 44.10, 43.20,  0.90
  11724167,  3067, 3, 7:26:45, 7:27:08,    23, 46.20, 46.20,  0.00
  11724167,  3067, 4, 7:27:28, 7:28:24,    56, 43.60, 23.50, 20.10
  12706613,  7022, 2, 7:27:39, 7:28:24,    45, 43.20, 38.90,  4.30
         0,     0, 2, 7:28:32, 7:28:36,     4, 38.90, 44.10, -5.20
  12706613,  7022, 1, 7:28:29, 7:28:41,    12, 41.30, 39.00,  2.30
         0,     0, 1, 7:28:48, 7:28:49,     1, 39.00, 41.30, -2.30
         0,     0, 4, 7:28:31, 7:28:51,    20, 23.50, 43.20,-19.70
  12706613,  7022, 1, 7:29:04, 7:29:19,    15, 41.30, 38.60,  2.70
         0,     0, 1, 7:29:26, 7:29:28,     2, 38.60, 41.30, -2.70
  12706613,  7022, 2, 7:29:23, 7:29:33,    10, 44.10, 42.30,  1.80
  12448437,  6050, 2, 7:29:43, 7:31:19,    96, 42.30, 30.10, 12.20
         0,     0, 2, 7:31:27, 7:31:40,    13, 30.10, 44.20,-14.10
  12706613,  7022, 4, 7:31:13, 7:32:10,    57, 43.20, 38.80,  4.40
         0,     0, 4, 7:32:17, 7:32:21,     4, 38.80, 43.20, -4.40
  12706624,  7033, 1, 7:43:30, 7:43:42,    12, 41.30, 41.30,  0.00
  12200066,  5120, 4, 7:43:51, 7:44:05,    14, 43.30, 43.40, -0.10
  12199959,     0, 7, 7:42:57, 7:44:19,    82, 41.10, 39.80,  1.30
         0,     0, 7, 7:44:27, 7:44:28,     1, 39.80, 41.00, -1.20
  12706624,  7033, 1, 7:43:51, 7:44:35,    44, 41.30, 38.30,  3.00
         0,     0, 1, 7:44:44, 7:44:46,     2, 38.30, 41.30, -3.00
  12706624,  7033, 1, 7:44:56, 7:45:04,     8, 41.30, 40.90,  0.40
  12199959,     0, 7, 7:44:40, 7:46:24,   104, 40.10, 35.20,  4.90
         0,     0, 7, 7:46:33, 7:46:40,     7, 35.20, 41.10, -5.90
  11724217,  3117, 1, 7:47:18, 7:47:43,    25, 40.90, 35.70,  5.20
         0,     0, 1, 7:47:51, 7:47:56,     5, 35.70, 41.30, -5.60
  12199959,     0, 8, 7:48:17, 7:48:20,     3, 40.80, 40.80,  0.00
  11499117,  2007, 2, 7:47:12, 7:48:27,    75, 44.20, 30.60, 13.60
  12200079,  5133, 1, 7:48:07, 7:48:29,    22, 41.30, 40.70,  0.60
         0,     0, 2, 7:48:34, 7:48:47,    13, 30.60, 44.10,-13.50
  12200079,  5133, 1, 7:48:48, 7:49:04,    16, 40.70, 40.10,  0.60
  12200079,  5133, 1, 7:49:23, 7:49:30,     7, 40.10, 38.70,  1.40
         0,     0, 1, 7:49:37, 7:49:39,     2, 38.70, 41.30, -2.60
  12200066,  5120, 1, 7:49:49, 7:50:11,    22, 41.30, 41.20,  0.10
  12448521,  6134, 1, 7:50:29, 7:51:44,    75, 41.20, 28.70, 12.50
         0,     0, 1, 7:51:51, 7:52:03,    12, 28.70, 41.30,-12.60
  12200079,  5133, 2, 7:51:51, 7:52:23,    32, 44.10, 32.90, 11.20
         0,     0, 2, 7:52:30, 7:52:40,    10, 32.90, 44.20,-11.30
  12200079,  5133, 1, 7:53:46, 7:54:07,    21, 41.30, 32.10,  9.20
         0,     0, 1, 7:54:14, 7:54:22,     8, 32.10, 41.30, -9.20
  12200066,  5120, 2, 7:52:51, 7:55:23,   152, 44.20, 21.50, 22.70
  12706628,  7037, 1, 7:54:33, 7:55:27,    54, 41.30, 37.60,  3.70
         0,     0, 1, 7:55:34, 7:55:37,     3, 37.60, 41.30, -3.70
         0,     0, 2, 7:55:31, 7:55:54,    23, 21.50, 44.10,-22.60
  12706621,  7030, 1, 7:56:47, 7:58:20,    93, 41.30, 22.90, 18.40
         0,     0, 1, 7:58:27, 7:58:44,    17, 22.90, 41.30,-18.40
  12706628,  7037, 1, 8:01:54, 8:03:45,   111, 41.30, 34.20,  7.10
         0,     0, 1, 8:03:54, 8:04:00,     6, 34.20, 41.20, -7.00
  13008842,     0, 7, 8:05:56, 8:06:03,     7, 41.10, 41.10,  0.00
  12706615,  7024, 4, 8:10:15, 8:10:59,    44, 43.30, 43.10,  0.20
  12706613,  7022, 4, 8:11:16, 8:12:43,    87, 43.20, 34.40,  8.80
         0,     0, 4, 8:12:50, 8:12:58,     8, 34.40, 43.40, -9.00
  12706615,  7024, 3, 8:11:17, 8:13:23,   126, 46.40, 26.00, 20.40
         0,     0, 3, 8:13:30, 8:13:47,    17, 26.00, 25.80,  0.20
  12706610,  7019, 1, 8:20:48, 8:22:34,   106, 41.30, 21.10, 20.20
  13323409,     0, 5, 8:22:44, 8:22:49,     5, 35.00, 34.90,  0.10
         0,     0, 5, 8:22:57, 8:23:02,     5, 34.90, 41.50, -6.60
         0,     0, 1, 8:22:43, 8:23:03,    20, 21.10, 41.30,-20.20
  12706628,  7037, 1, 8:25:30, 8:26:06,    36, 41.30, 37.70,  3.60
         0,     0, 1, 8:26:14, 8:26:17,     3, 37.70, 41.30, -3.60
  11499117,  2007, 1, 8:29:20, 8:30:34,    74, 41.40, 31.60,  9.80
         0,     0, 1, 8:30:42, 8:30:51,     9, 31.60, 41.30, -9.70
  12706615,  7024, 1, 8:32:12, 8:34:24,   132, 41.30, 28.60, 12.70
         0,     0, 1, 8:34:33, 8:34:45,    12, 28.60, 41.30,-12.70
  12706634,  7043, 2, 8:36:53, 8:38:07,    74, 44.00, 44.00,  0.00
  12706727,     0, 8, 8:39:20, 8:39:25,     5, 40.60, 40.60,  0.00
  12706634,  7043, 1, 8:38:12, 8:39:55,   103, 41.30, 26.10, 15.20
         0,     0, 1, 8:40:04, 8:40:18,    14, 26.10, 41.40,-15.30
  12706613,  7022, 4, 8:40:08, 8:41:02,    54, 43.50, 37.70,  5.80
         0,     0, 4, 8:41:11, 8:41:16,     5, 37.70, 43.20, -5.50
  11954042,  4072, 1, 8:40:33, 8:41:27,    54, 41.40, 41.40,  0.00
  13008842,     0, 7, 8:43:15, 8:43:45,    30, 41.10, 41.10,  0.00
  11954042,  4072, 2, 8:41:35, 8:43:55,   140, 44.00, 30.30, 13.70
         0,     0, 2, 8:44:03, 8:44:16,    13, 30.30, 44.00,-13.70
  12448472,     0, 8, 8:44:42, 8:44:45,     3, 40.60, 40.60,  0.00
  12448472,     0, 7, 8:44:51, 8:45:09,    18, 41.10, 40.60,  0.50
  12706621,  7030, 2, 8:45:16, 8:45:22,     6, 44.00, 44.00,  0.00
  12706727,     0, 7, 8:45:19, 8:45:56,    37, 40.60, 35.60,  5.00
  12448472,     0, 8, 8:45:19, 8:45:59,    40, 40.40, 39.80,  0.60
         0,     0, 8, 8:46:08, 8:46:08,     0, 39.80, 41.00, -1.20
         0,     0, 7, 8:46:04, 8:46:11,     7, 35.60, 41.10, -5.50
  12706621,  7030, 1, 8:45:27, 8:46:53,    86, 41.30, 29.50, 11.80
         0,     0, 1, 8:47:01, 8:47:12,    11, 29.50, 41.40,-11.90
  12448472,     0, 7, 8:46:28, 8:47:18,    50, 40.70, 37.80,  2.90
         0,     0, 7, 8:47:25, 8:47:29,     4, 37.80, 41.10, -3.30
  11499184,  2074, 2, 8:49:53, 8:51:29,    96, 43.90, 24.60, 19.30
         0,     0, 2, 8:51:36, 8:51:55,    19, 24.60, 44.10,-19.50
  12448516,  6129, 1, 8:51:58, 8:54:09,   131, 41.40, 21.70, 19.70
  12706618,  7027, 2, 8:52:23, 8:54:11,   108, 44.20, 26.40, 17.80
         0,     0, 1, 8:54:17, 8:54:37,    20, 21.70, 41.30,-19.60
         0,     0, 2, 8:54:19, 8:54:38,    19, 26.40, 44.10,-17.70
  12706651,     0, 8, 8:56:45, 8:57:08,    23, 41.00, 40.30,  0.70
  13008842,     0, 8, 8:59:15, 8:59:23,     8, 40.30, 40.30,  0.00
  13008842,     0, 7, 8:59:58, 9:00:29,    31, 41.10, 40.00,  1.10
         0,     0, 7, 9:00:37, 9:00:37,     0, 40.00, 40.50, -0.50
  13008842,     0, 7, 9:00:49, 9:01:07,    18, 40.60, 40.10,  0.50
  13008906,     0, 7, 9:01:42, 9:01:57,    15, 40.10, 40.00,  0.10
         0,     0, 7, 9:02:04, 9:02:04,     0, 40.00, 40.90, -0.90
  13008906,     0, 8, 9:02:08, 9:02:09,     1, 40.30, 40.30,  0.00
  12706705,     0, 8, 9:05:40, 9:05:46,     6, 40.30, 40.30,  0.00
  12706656,  7065, 1, 9:05:56, 9:07:10,    74, 41.30, 25.20, 16.10
         0,     0, 1, 9:07:18, 9:07:34,    16, 25.20, 41.40,-16.20
  12448440,     0, 8, 9:06:15, 9:07:58,   103, 40.30, 32.80,  7.50
  11724250,  3150, 4, 9:06:51, 9:08:08,    77, 43.30, 31.30, 12.00
         0,     0, 8, 9:08:06, 9:08:14,     8, 32.80, 41.20, -8.40
  12706707,     0, 7, 9:07:15, 9:08:12,    57, 40.90, 35.80,  5.10
  12448517,  6130, 2, 9:05:45, 9:08:19,   154, 44.10, 25.20, 18.90
         0,     0, 7, 9:08:20, 9:08:27,     7, 35.80, 41.00, -5.20
         0,     0, 4, 9:08:16, 9:08:28,    12, 31.30, 43.10,-11.80
         0,     0, 2, 9:08:27, 9:08:46,    19, 25.20, 44.10,-18.90
  12706707,     0, 7, 9:08:57, 9:08:58,     1, 38.90, 38.90,  0.00
         0,     0, 7, 9:09:06, 9:09:08,     2, 38.90, 41.20, -2.30
  12706613,  7022, 4, 9:09:14, 9:10:11,    57, 43.10, 37.90,  5.20
         0,     0, 4, 9:10:20, 9:10:25,     5, 37.90, 43.20, -5.30
  11499184,  2074, 2, 9:09:55, 9:10:44,    49, 44.10, 34.90,  9.20
         0,     0, 2, 9:10:53, 9:11:01,     8, 34.90, 44.20, -9.30
  12199959,     0, 7, 9:09:18, 9:11:05,   107, 41.20, 35.30,  5.90
         0,     0, 7, 9:11:13, 9:11:20,     7, 35.30, 41.10, -5.80
  11954042,  4072, 1, 9:11:31, 9:13:08,    97, 41.30, 32.00,  9.30
         0,     0, 1, 9:13:17, 9:13:25,     8, 32.00, 41.20, -9.20
  13323409,     0, 5, 9:14:30, 9:14:41,    11, 34.50, 34.50,  0.00
         0,     0, 5, 9:14:48, 9:14:53,     5, 34.50, 34.60, -0.10
  12706610,  7019, 2, 9:14:45, 9:16:07,    82, 44.20, 25.50, 18.70
         0,     0, 2, 9:16:14, 9:16:33,    19, 25.50, 44.10,-18.60
  11499184,  2074, 2, 9:19:39, 9:20:15,    36, 44.10, 38.00,  6.10
         0,     0, 2, 9:20:23, 9:20:28,     5, 38.00, 44.20, -6.20
  11724172,     0, 8, 9:20:56, 9:21:01,     5, 41.20, 41.20,  0.00
  12448482,     0, 7, 9:21:11, 9:21:35,    24, 41.20, 41.10,  0.10
  12706651,     0, 8, 9:21:35, 9:21:38,     3, 41.20, 41.20,  0.00
  11724172,     0, 7, 9:21:46, 9:21:49,     3, 41.10, 41.10,  0.00
  12706634,  7043, 3, 9:19:35, 9:22:09,   154, 46.60, 29.20, 17.40
  12200086,  5140, 1, 9:20:31, 9:22:10,    99, 41.30, 34.00,  7.30
         0,     0, 1, 9:22:18, 9:22:25,     7, 34.00, 41.30, -7.30
         0,     0, 3, 9:22:17, 9:22:31,    14, 29.20, 28.90,  0.30
  12706727,     0, 8, 9:22:07, 9:22:35,    28, 41.20, 35.70,  5.50
         0,     0, 8, 9:22:43, 9:22:48,     5, 35.70, 41.30, -5.60
  12706705,     0, 8, 9:23:20, 9:23:23,     3, 41.30, 41.30,  0.00
  12706727,     0, 7, 9:23:03, 9:23:27,    24, 41.10, 35.90,  5.20
         0,     0, 7, 9:23:35, 9:23:42,     7, 35.90, 41.00, -5.10
  12706727,     0, 7, 9:23:53, 9:24:09,    16, 41.00, 38.40,  2.60
  13323412,     0, 5, 9:23:31, 9:24:14,    43, 38.90, 38.30,  0.60
         0,     0, 7, 9:24:17, 9:24:20,     3, 38.40, 41.10, -2.70
         0,     0, 5, 9:24:21, 9:24:23,     2, 38.30, 41.60, -3.30
  13323412,     0, 5, 9:24:47, 9:24:53,     6, 40.90, 40.90,  0.00
  13323412,     0, 5, 9:26:24, 9:27:11,    47, 40.60, 36.40,  4.20
         0,     0, 5, 9:27:20, 9:27:24,     4, 36.40, 41.50, -5.10
  12706705,     0, 7, 9:27:21, 9:27:26,     5, 41.10, 41.00,  0.10
  12706705,     0, 8, 9:27:35, 9:27:36,     1, 41.20, 41.20,  0.00
  12706651,     0, 8, 9:29:03, 9:29:05,     2, 41.20, 41.10,  0.10
  12706705,     0, 7, 9:27:47, 9:29:18,    91, 41.00, 36.40,  4.60
         0,     0, 7, 9:29:25, 9:29:31,     6, 36.40, 41.00, -4.60
  12448420,  6033, 2, 9:29:06, 9:30:42,    96, 44.20, 38.30,  5.90
         0,     0, 2, 9:30:50, 9:30:55,     5, 38.30, 44.20, -5.90
  12448472,     0, 7, 9:30:00, 9:31:10,    70, 40.40, 35.80,  4.60
         0,     0, 7, 9:31:18, 9:31:25,     7, 35.80, 41.10, -5.30
  12706705,     0, 8, 9:29:29, 9:31:22,   113, 41.10, 29.40, 11.70
         0,     0, 8, 9:31:30, 9:31:42,    12, 29.40, 41.10,-11.70
  12448472,     0, 8, 9:32:10, 9:32:25,    15, 39.00, 39.00,  0.00
         0,     0, 8, 9:32:34, 9:32:35,     1, 39.00, 41.20, -2.20
  12200091,  5145, 2, 9:32:04, 9:33:04,    60, 44.20, 27.60, 16.60
         0,     0, 2, 9:33:11, 9:33:27,    16, 27.60, 44.20,-16.60
  12706651,     0, 8, 9:32:48, 9:34:26,    98, 41.20, 29.50, 11.70
         0,     0, 8, 9:34:34, 9:34:46,    12, 29.50, 41.20,-11.70
  12706651,     0, 8, 9:35:02, 9:35:19,    17, 41.20, 38.40,  2.80
         0,     0, 8, 9:35:27, 9:35:29,     2, 38.40, 41.20, -2.80
  12706614,  7023, 1, 9:34:20, 9:36:23,   123, 41.30, 29.70, 11.60
         0,     0, 1, 9:36:31, 9:36:42,    11, 29.70, 41.30,-11.60
  12199987,  5041, 1, 9:37:09, 9:37:14,     5, 41.30, 41.30,  0.00
  12706707,     0, 7, 9:39:42, 9:40:05,    23, 41.10, 38.50,  2.60
         0,     0, 7, 9:40:12, 9:40:15,     3, 38.50, 41.00, -2.50
  13323412,     0, 5, 9:41:47, 9:43:01,    74, 41.20, 38.90,  2.30
         0,     0, 5, 9:43:08, 9:43:10,     2, 38.90, 41.40, -2.50
  12448398,  6011, 1, 9:41:33, 9:43:49,   136, 41.30, 20.00, 21.30
         0,     0, 1, 9:43:57, 9:44:17,    20, 20.00, 41.30,-21.30
  12706609,  7018, 2, 9:44:30, 9:45:24,    54, 44.20, 37.30,  6.90
         0,     0, 2, 9:45:32, 9:45:38,     6, 37.30, 44.20, -6.90
  12200083,  5137, 4, 9:49:05, 9:49:45,    40, 43.40, 34.80,  8.60
         0,     0, 4, 9:49:53, 9:50:01,     8, 34.80, 43.20, -8.40
  12448440,     0, 7, 9:50:08, 9:50:56,    48, 41.00, 39.60,  1.40
         0,     0, 7, 9:51:04, 9:51:05,     1, 39.60, 41.00, -1.40
  12448440,     0, 7, 9:51:20, 9:51:22,     2, 39.60, 39.70, -0.10
         0,     0, 7, 9:51:30, 9:51:31,     1, 39.70, 41.10, -1.40
  12199987,  5041, 4, 9:52:05, 9:52:20,    15, 43.30, 43.30,  0.00
  12706656,  7065, 2, 9:50:41, 9:52:29,   108, 44.20, 34.30,  9.90
  12448440,     0, 8, 9:52:08, 9:52:41,    33, 39.70, 38.30,  1.40
         0,     0, 2, 9:52:37, 9:52:46,     9, 34.30, 44.20, -9.90
         0,     0, 8, 9:52:49, 9:52:51,     2, 38.30, 41.20, -2.90
  12706656,  7065, 2, 9:53:21, 9:53:57,    36, 44.20, 38.50,  5.70
         0,     0, 2, 9:54:05, 9:54:09,     4, 38.50, 44.10, -5.60
  13323409,     0, 5, 9:56:13, 9:56:39,    26, 41.30, 39.60,  1.70
         0,     0, 5, 9:56:47, 9:56:48,     1, 39.60, 41.40, -1.80
  13323409,     0, 5, 9:57:28, 9:57:30,     2, 33.90, 33.90,  0.00
  12448415,  6028, 1, 9:56:07, 9:57:31,    84, 41.40, 41.30,  0.10
         0,     0, 5, 9:57:38, 9:57:44,     6, 33.90, 34.00, -0.10
  12706624,  7033, 1, 9:58:41, 9:59:24,    43, 41.30, 41.20,  0.10
  12706624,  7033, 1, 9:59:36, 9:59:50,    14, 41.20, 41.10,  0.10
  12448415,  6028, 2, 9:57:35, 9:59:52,   137, 44.10, 27.30, 16.80
  12706624,  7033, 1, 9:59:59,10:00:09,    10, 41.10, 40.90,  0.20
         0,     0, 2,10:00:00,10:00:16,    16, 27.30, 44.30,-17.00
  12706624,  7033, 1,10:00:22,10:02:07,   105, 40.90, 24.60, 16.30
         0,     0, 1,10:02:14,10:02:30,    16, 24.60, 41.30,-16.70
  21268732,  6126, 3,10:03:01,10:03:04,     3, 46.70, 46.70,  0.00
  12448420,  6033, 1,10:02:41,10:03:08,    27, 41.30, 41.20,  0.10
  13008842,     0, 7,10:04:00,10:04:57,    57, 41.10, 38.40,  2.70
         0,     0, 7,10:05:05,10:05:08,     3, 38.40, 41.10, -2.70
  21268732,  6126, 2,10:03:23,10:06:00,   157, 44.30, 33.50, 10.80
         0,     0, 2,10:06:07,10:06:16,     9, 33.50, 43.80,-10.30
  12706609,  7018, 2,10:06:26,10:07:20,    54, 43.70, 36.90,  6.80
  12706601,  7010, 1,10:04:44,10:07:22,   158, 41.20, 25.30, 15.90
         0,     0, 2,10:07:28,10:07:34,     6, 36.90, 44.10, -7.20
         0,     0, 1,10:07:31,10:07:46,    15, 25.30, 41.30,-16.00
  13008738,  7159, 2,10:08:15,10:08:57,    42, 44.00, 43.90,  0.10
  13008738,  7159, 3,10:09:37,10:09:55,    18, 46.70, 46.60,  0.10
  12200083,  5137, 4,10:09:18,10:10:00,    42, 43.30, 37.10,  6.20
  13008906,     0, 8,10:10:05,10:10:07,     2, 38.50, 38.50,  0.00
         0,     0, 4,10:10:07,10:10:13,     6, 37.10, 37.10,  0.00
         0,     0, 8,10:10:14,10:10:16,     2, 38.50, 41.10, -2.60
  13008906,     0, 8,10:10:59,10:11:00,     1, 33.90, 33.90,  0.00
         0,     0, 8,10:11:09,10:11:16,     7, 33.90, 41.20, -7.30
  12448518,  6131, 2,10:11:03,10:11:40,    37, 43.90, 43.60,  0.30
  12199974,  5028, 2,10:11:49,10:12:02,    13, 43.60, 43.60,  0.00
  12448518,  6131, 1,10:11:46,10:12:09,    23, 41.40, 37.50,  3.90
         0,     0, 1,10:12:16,10:12:19,     3, 37.50, 41.30, -3.80
  13008738,  7159, 4,10:10:23,10:12:51,   148, 43.70, 30.80, 12.90
         0,     0, 4,10:12:59,10:13:11,    12, 30.80, 43.10,-12.30
  12199987,  5041, 2,10:13:29,10:14:56,    87, 43.60, 40.90,  2.70
         0,     0, 2,10:15:05,10:15:07,     2, 40.90, 44.20, -3.30
  12706707,     0, 7,10:16:39,10:16:53,    14, 41.10, 39.20,  1.90
         0,     0, 7,10:17:00,10:17:02,     2, 39.20, 41.20, -2.00
  12448518,  6131, 2,10:16:50,10:18:12,    82, 44.20, 22.20, 22.00
         0,     0, 2,10:18:20,10:18:42,    22, 22.20, 44.20,-22.00
  12706707,     0, 7,10:18:03,10:18:49,    46, 41.20, 37.40,  3.80
         0,     0, 7,10:18:57,10:19:01,     4, 37.40, 41.10, -3.70
  12448408,  6021, 3,10:23:18,10:23:27,     9, 46.70, 46.50,  0.20
  12706727,     0, 8,10:23:37,10:24:16,    39, 41.10, 35.60,  5.50
         0,     0, 8,10:24:24,10:24:29,     5, 35.60, 41.20, -5.60
  12448408,  6021, 4,10:23:32,10:24:42,    70, 43.40, 23.70, 19.70
         0,     0, 4,10:24:51,10:25:10,    19, 23.70, 43.30,-19.60
  12448392,  6005, 2,10:24:14,10:25:10,    56, 44.10, 32.60, 11.50
         0,     0, 2,10:25:17,10:25:28,    11, 32.60, 44.20,-11.60
  12706628,  7037, 1,10:25:09,10:28:00,   171, 41.30, 19.00, 22.30
         0,     0, 1,10:28:08,10:28:30,    22, 19.00, 41.40,-22.40
  12706630,  7039, 1,10:30:06,10:31:04,    58, 41.40, 40.40,  1.00
  12706630,  7039, 2,10:31:19,10:32:43,    84, 44.20, 33.90, 10.30
         0,     0, 2,10:32:52,10:33:01,     9, 33.90, 44.20,-10.30
  12200004,  5058, 1,10:33:44,10:34:19,    35, 40.40, 31.10,  9.30
         0,     0, 1,10:34:27,10:34:36,     9, 31.10, 41.30,-10.20
  12199974,  5028, 4,10:34:11,10:35:09,    58, 43.80, 24.90, 18.90
  12448440,     0, 7,10:35:19,10:35:21,     2, 41.10, 41.20, -0.10
         0,     0, 4,10:35:16,10:35:34,    18, 24.90, 43.30,-18.40
  12200083,  5137, 2,10:35:34,10:36:05,    31, 44.20, 39.90,  4.30
         0,     0, 2,10:36:13,10:36:16,     3, 39.90, 44.00, -4.10
  12448440,     0, 8,10:35:43,10:36:40,    57, 41.20, 38.70,  2.50
         0,     0, 8,10:36:48,10:36:50,     2, 38.70, 41.20, -2.50
  12200004,  5058, 3,10:36:47,10:37:17,    30, 46.60, 44.20,  2.40
  12706642,  7051, 1,10:36:08,10:37:18,    70, 41.30, 26.30, 15.00
         0,     0, 1,10:37:26,10:37:40,    14, 26.30, 41.30,-15.00
  12706601,  7010, 2,10:38:43,10:40:10,    87, 44.10, 32.80, 11.30
         0,     0, 2,10:40:17,10:40:28,    11, 32.80, 44.20,-11.40
  21268732,  6126, 4,10:41:14,10:42:14,    60, 43.80, 39.20,  4.60
         0,     0, 4,10:42:23,10:42:27,     4, 39.20, 43.20, -4.00
  21268732,  6126, 4,10:42:38,10:43:07,    29, 43.20, 39.60,  3.60
         0,     0, 4,10:43:14,10:43:17,     3, 39.60, 43.20, -3.60
  21268732,  6126, 4,10:43:36,10:44:22,    46, 43.30, 41.00,  2.30
         0,     0, 4,10:44:31,10:44:33,     2, 41.00, 43.30, -2.30
  12199987,  5041, 1,10:43:34,10:45:31,   117, 41.30, 33.60,  7.70
  13008906,     0, 8,10:44:07,10:45:40,    93, 41.20, 31.00, 10.20
         0,     0, 1,10:45:38,10:45:45,     7, 33.60, 41.30, -7.70
         0,     0, 8,10:45:48,10:45:58,    10, 31.00, 41.20,-10.20
  12448420,  6033, 4,10:45:20,10:47:34,   134, 43.30, 24.20, 19.10
         0,     0, 4,10:47:42,10:48:00,    18, 24.20, 43.30,-19.10
  12200066,  5120, 1,10:45:55,10:47:58,   123, 41.30, 28.40, 12.90
         0,     0, 1,10:48:06,10:48:18,    12, 28.40, 41.30,-12.90
  12706610,  7019, 1,10:53:12,10:54:11,    59, 41.40, 28.70, 12.70
         0,     0, 1,10:54:19,10:54:31,    12, 28.70, 41.30,-12.60
  12706737,  7146, 3,10:52:40,10:55:02,   142, 44.20, 34.50,  9.70
         0,     0, 3,10:55:09,10:55:18,     9, 34.50, 34.40,  0.10
  12200083,  5137, 4,10:58:13,10:59:05,    52, 43.80, 33.60, 10.20
         0,     0, 4,10:59:12,10:59:21,     9, 33.60, 43.20, -9.60
  12706630,  7039, 2,10:57:58,11:00:48,   170, 44.20, 27.40, 16.80
         0,     0, 2,11:00:56,11:01:12,    16, 27.40, 44.10,-16.70
  11724172,     0, 7,11:03:25,11:03:26,     1, 41.20, 41.20,  0.00
  12448482,     0, 7,11:03:37,11:03:42,     5, 41.10, 41.10,  0.00
  12706737,  7146, 2,11:04:06,11:06:36,   150, 44.10, 43.10,  1.00
  12448392,  6005, 1,11:03:55,11:06:38,   163, 41.30, 29.80, 11.50
         0,     0, 1,11:06:45,11:06:55,    10, 29.80, 41.20,-11.40
  12448482,     0, 8,11:03:52,11:07:33,   221, 40.90, 16.30, 24.60
         0,     0, 8,11:07:41,11:08:08,    27, 16.30, 41.20,-24.90
  12200081,  5135, 2,11:06:51,11:09:35,   164, 43.10, 24.20, 18.90
  12200081,  5135, 1,11:09:54,11:09:58,     4, 41.20, 41.20,  0.00
         0,     0, 2,11:09:42,11:10:01,    19, 24.20, 44.00,-19.80
  13008842,     0, 8,11:10:10,11:10:24,    14, 41.20, 39.10,  2.10
         0,     0, 8,11:10:32,11:10:33,     1, 39.10, 41.20, -2.10
  13323409,     0, 5,11:11:58,11:12:19,    21, 40.50, 40.30,  0.20
  12199959,     0, 8,11:11:23,11:12:22,    59, 40.90, 31.90,  9.00
         0,     0, 8,11:12:31,11:12:40,     9, 31.90, 41.10, -9.20
  13323409,     0, 5,11:12:43,11:12:47,     4, 38.90, 38.90,  0.00
         0,     0, 5,11:12:55,11:12:56,     1, 38.90, 41.60, -2.70
  12448517,  6130, 1,11:10:47,11:13:16,   149, 41.20, 21.80, 19.40
  12448472,     0, 7,11:12:37,11:13:33,    56, 41.10, 40.80,  0.30
         0,     0, 1,11:13:23,11:13:41,    18, 21.80, 41.30,-19.50
  12448472,     0, 7,11:13:56,11:14:11,    15, 40.30, 40.10,  0.20
  12706656,  7065, 3,11:13:06,11:14:26,    80, 46.10, 38.30,  7.80
         0,     0, 3,11:14:33,11:14:39,     6, 38.30, 46.00, -7.70
  12706601,  7010, 2,11:14:28,11:14:51,    23, 44.00, 44.00,  0.00
  12199987,  5041, 3,11:14:50,11:14:52,     2, 46.10, 46.20, -0.10
  12448472,     0, 7,11:14:46,11:15:10,    24, 38.60, 38.00,  0.60
         0,     0, 7,11:15:18,11:15:21,     3, 38.00, 41.10, -3.10
  12448412,     0, 5,11:15:20,11:15:44,    24, 41.60, 41.50,  0.10
  12706601,  7010, 1,11:14:57,11:16:24,    87, 41.30, 31.90,  9.40
         0,     0, 1,11:16:32,11:16:40,     8, 31.90, 41.30, -9.40
  12200086,  5140, 2,11:15:14,11:16:45,    91, 44.00, 38.80,  5.20
         0,     0, 2,11:16:52,11:16:56,     4, 38.80, 44.10, -5.30
  12448516,  6129, 2,11:17:07,11:18:41,    94, 44.10, 33.20, 10.90
         0,     0, 2,11:18:48,11:18:58,    10, 33.20, 44.10,-10.90
  12448412,     0, 5,11:18:44,11:19:01,    17, 41.40, 41.30,  0.10
  12706642,  7051, 1,11:18:44,11:20:08,    84, 41.30, 27.90, 13.40
         0,     0, 1,11:20:16,11:20:28,    12, 27.90, 41.40,-13.50
  12448412,     0, 5,11:20:48,11:20:58,    10, 41.30, 41.20,  0.10
  11499231,     0, 8,11:22:00,11:25:05,   185, 41.10, 25.70, 15.40
         0,     0, 8,11:25:14,11:25:30,    16, 25.70, 41.20,-15.50
  12706613,  7022, 4,11:24:28,11:25:28,    60, 43.50, 35.00,  8.50
         0,     0, 4,11:25:35,11:25:43,     8, 35.00, 35.00,  0.00
  12706615,  7024, 1,11:23:28,11:25:56,   148, 41.40, 35.40,  6.00
  12448408,  6021, 2,11:24:57,11:26:01,    64, 44.10, 22.70, 21.40
         0,     0, 1,11:26:03,11:26:08,     5, 35.40, 41.30, -5.90
         0,     0, 2,11:26:08,11:26:29,    21, 22.70, 44.20,-21.50
  12448420,  6033, 3,11:25:52,11:28:17,   145, 46.30, 36.00, 10.30
         0,     0, 3,11:28:25,11:28:33,     8, 36.00, 36.00,  0.00
  12448480,     0, 5,11:32:07,11:32:15,     8, 35.00, 35.00,  0.00
         0,     0, 5,11:32:23,11:32:28,     5, 35.00, 41.50, -6.50
  12448440,     0, 7,11:34:43,11:34:49,     6, 41.10, 41.10,  0.00
  12448437,  6050, 1,11:33:42,11:36:05,   143, 41.30, 26.40, 14.90
         0,     0, 1,11:36:13,11:36:27,    14, 26.40, 41.30,-14.90
  12706738,     0, 5,11:36:24,11:36:40,    16, 40.10, 38.80,  1.30
         0,     0, 5,11:36:48,11:36:49,     1, 38.80, 41.60, -2.80
  12200086,  5140, 4,11:35:12,11:36:47,    95, 43.40, 33.70,  9.70
         0,     0, 4,11:36:54,11:37:03,     9, 33.70, 43.20, -9.50
  12448440,     0, 7,11:35:42,11:37:43,   121, 41.10, 38.00,  3.10
         0,     0, 7,11:37:51,11:37:54,     3, 38.00, 40.90, -2.90
  12448440,     0, 7,11:38:08,11:38:11,     3, 40.10, 40.10,  0.00
  13008738,  7159, 2,11:38:57,11:41:34,   157, 44.20, 26.90, 17.30
         0,     0, 2,11:41:41,11:41:58,    17, 26.90, 44.20,-17.30
  12448412,     0, 5,11:40:50,11:42:07,    77, 41.50, 34.70,  6.80
         0,     0, 5,11:42:16,11:42:21,     5, 34.70, 41.10, -6.40
  12448519,     0, 5,11:42:47,11:42:58,    11, 36.90, 36.00,  0.90
         0,     0, 5,11:43:06,11:43:10,     4, 36.00, 41.60, -5.60
  12200081,  5135, 1,11:46:56,11:47:25,    29, 41.30, 36.00,  5.30
         0,     0, 1,11:47:33,11:47:37,     4, 36.00, 41.30, -5.30
  12200081,  5135, 1,11:47:47,11:47:51,     4, 41.30, 41.30,  0.00
  12706613,  7022, 4,11:47:34,11:48:09,    35, 43.40, 38.50,  4.90
         0,     0, 4,11:48:16,11:48:20,     4, 38.50, 43.30, -4.80
  12200085,  5139, 1,11:48:19,11:49:48,    89, 41.30, 21.70, 19.60
         0,     0, 1,11:49:56,11:50:15,    19, 21.70, 41.20,-19.50
  11953971,  4001, 1,11:52:49,11:52:55,     6, 41.20, 41.20,  0.00
  12448392,  6005, 4,11:52:44,11:53:20,    36, 43.30, 35.10,  8.20
         0,     0, 4,11:53:27,11:53:34,     7, 35.10, 43.20, -8.10
  11953971,  4001, 1,11:53:05,11:54:24,    79, 41.20, 40.80,  0.40
  12706618,  7027, 1,11:54:35,11:55:44,    69, 40.80, 25.40, 15.40
  11953971,  4001, 2,11:54:43,11:55:47,    64, 44.20, 22.30, 21.90
         0,     0, 1,11:55:53,11:56:09,    16, 25.40, 41.20,-15.80
         0,     0, 2,11:55:56,11:56:18,    22, 22.30, 44.20,-21.90
  13008906,     0, 8,11:57:35,11:57:37,     2, 41.10, 41.10,  0.00
  13008906,     0, 8,11:58:22,11:58:45,    23, 41.10, 41.10,  0.00
  12706615,  7024, 4,11:59:16,12:00:54,    98, 43.20, 30.50, 12.70
         0,     0, 4,12:01:01,12:01:13,    12, 30.50, 43.10,-12.60
  11724217,  3117, 3,12:03:05,12:05:21,   136, 46.20, 23.00, 23.20
  12706613,  7022, 4,12:04:54,12:05:24,    30, 43.40, 40.70,  2.70
         0,     0, 4,12:05:33,12:05:35,     2, 40.70, 43.20, -2.50
         0,     0, 3,12:05:28,12:05:48,    20, 23.00, 22.90,  0.10
  12706613,  7022, 4,12:06:16,12:06:29,    13, 43.30, 41.90,  1.40
         0,     0, 4,12:06:37,12:06:38,     1, 41.90, 43.20, -1.30
  13008906,     0, 8,12:05:42,12:07:03,    81, 41.10, 32.60,  8.50
         0,     0, 8,12:07:10,12:07:18,     8, 32.60, 41.20, -8.60
  12448519,     0, 5,12:07:18,12:08:17,    59, 28.10, 18.10, 10.00
         0,     0, 5,12:08:26,12:08:45,    19, 18.10, 18.20, -0.10
  12706642,  7051, 1,12:06:39,12:09:55,   196, 41.20, 27.50, 13.70
         0,     0, 1,12:10:04,12:10:17,    13, 27.50, 41.30,-13.80
  12448480,     0, 5,12:12:46,12:12:54,     8, 41.60, 41.60,  0.00
  12706620,  7029, 2,12:11:06,12:12:57,   111, 44.20, 30.50, 13.70
  12448482,     0, 7,12:13:05,12:13:08,     3, 40.20, 40.10,  0.10
         0,     0, 2,12:13:05,12:13:18,    13, 30.50, 44.10,-13.60
  11724250,  3150, 4,12:11:48,12:13:20,    92, 43.20, 25.30, 17.90
         0,     0, 4,12:13:28,12:13:45,    17, 25.30, 43.20,-17.90
  12448482,     0, 7,12:14:11,12:14:14,     3, 40.10, 40.10,  0.00
  12448482,     0, 7,12:14:25,12:15:15,    50, 40.10, 39.90,  0.20
         0,     0, 7,12:15:22,12:15:23,     1, 39.90, 40.90, -1.00
  12706727,     0, 8,12:16:04,12:16:20,    16, 41.20, 41.20,  0.00
  12448480,     0, 5,12:17:01,12:17:25,    24, 41.50, 41.40,  0.10
  12200079,  5133, 2,12:15:21,12:17:39,   138, 44.10, 26.30, 17.80
  12706727,     0, 7,12:16:34,12:17:40,    66, 40.90, 35.10,  5.80
         0,     0, 7,12:17:49,12:17:57,     8, 35.10, 41.10, -6.00
         0,     0, 2,12:17:47,12:18:04,    17, 26.30, 44.20,-17.90
  12448437,  6050, 1,12:15:00,12:18:06,   186, 41.30, 26.60, 14.70
         0,     0, 1,12:18:15,12:18:28,    13, 26.60, 41.30,-14.70
  12448480,     0, 5,12:17:46,12:18:45,    59, 39.90, 33.50,  6.40
         0,     0, 5,12:18:52,12:18:58,     6, 33.50, 33.60, -0.10
  12448412,     0, 5,12:19:16,12:19:27,    11, 41.70, 41.70,  0.00
  12448412,     0, 5,12:20:37,12:21:12,    35, 41.70, 41.50,  0.20
  12706738,     0, 5,12:22:05,12:22:26,    21, 37.90, 33.70,  4.20
         0,     0, 5,12:22:34,12:22:40,     6, 33.70, 33.70,  0.00
  12706737,  7146, 2,12:20:06,12:23:58,   232, 44.20, 34.70,  9.50
         0,     0, 2,12:24:05,12:24:13,     8, 34.70, 44.20, -9.50
  13008842,     0, 7,12:25:06,12:26:00,    54, 41.10, 38.10,  3.00
         0,     0, 7,12:26:08,12:26:11,     3, 38.10, 41.10, -3.00
  12448417,  6030, 1,12:27:32,12:27:45,    13, 41.30, 40.80,  0.50
  13008738,  7159, 4,12:27:54,12:29:53,   119, 43.70, 36.10,  7.60
         0,     0, 4,12:30:01,12:30:07,     6, 36.10, 36.10,  0.00
  12448519,     0, 5,12:29:30,12:30:16,    46, 40.70, 35.60,  5.10
  12448415,  6028, 1,12:27:55,12:30:16,   141, 40.80, 23.00, 17.80
         0,     0, 5,12:30:23,12:30:27,     4, 35.60, 41.60, -6.00
         0,     0, 1,12:30:25,12:30:42,    17, 23.00, 41.40,-18.40
  12200085,  5139, 4,12:31:20,12:32:27,    67, 43.40, 33.70,  9.70
  13008842,     0, 8,12:32:18,12:32:27,     9, 41.20, 39.40,  1.80
         0,     0, 8,12:32:36,12:32:37,     1, 39.40, 41.20, -1.80
         0,     0, 4,12:32:35,12:32:44,     9, 33.70, 33.60,  0.10
  12706705,     0, 7,12:32:53,12:34:42,   109, 41.00, 38.40,  2.60
         0,     0, 7,12:34:50,12:34:53,     3, 38.40, 41.00, -2.60
  12706705,     0, 8,12:34:57,12:34:58,     1, 39.80, 39.80,  0.00
         0,     0, 8,12:35:05,12:35:05,     0, 39.80, 41.10, -1.30
  12706620,  7029, 3,12:35:26,12:35:30,     4, 46.20, 46.20,  0.00
  12706705,     0, 7,12:35:52,12:35:54,     2, 36.10, 36.20, -0.10
  12706705,     0, 8,12:36:01,12:36:03,     2, 41.10, 41.10,  0.00
         0,     0, 7,12:36:03,12:36:09,     6, 36.20, 41.00, -4.80
  12448417,  6030, 2,12:34:50,12:36:24,    94, 44.10, 25.00, 19.10
  12706705,     0, 8,12:36:16,12:36:38,    22, 41.10, 41.10,  0.00
  12448412,     0, 5,12:34:25,12:36:43,   138, 41.50, 25.50, 16.00
         0,     0, 2,12:36:32,12:36:50,    18, 25.00, 44.10,-19.10
         0,     0, 5,12:36:50,12:37:04,    14, 25.50, 25.60, -0.10
  12706707,     0, 7,12:38:09,12:38:12,     3, 37.70, 37.70,  0.00
         0,     0, 7,12:38:20,12:38:24,     4, 37.70, 41.00, -3.30
  12706707,     0, 7,12:38:48,12:38:49,     1, 38.20, 38.20,  0.00
         0,     0, 7,12:38:58,12:39:01,     3, 38.20, 41.00, -2.80
  12706707,     0, 7,12:40:06,12:40:13,     7, 41.10, 40.50,  0.60
  12448480,     0, 5,12:41:56,12:42:11,    15, 41.60, 41.50,  0.10
  12706738,     0, 5,12:42:26,12:42:35,     9, 41.50, 41.50,  0.00
  12448480,     0, 5,12:48:12,12:48:15,     3, 41.30, 41.40, -0.10
  13008774,  8015, 4,12:48:10,12:49:18,    68, 43.50, 33.10, 10.40
         0,     0, 4,12:49:26,12:49:36,    10, 33.10, 43.20,-10.10
  12448437,  6050, 1,12:48:29,12:51:22,   173, 41.40, 34.30,  7.10
         0,     0, 1,12:51:30,12:51:36,     6, 34.30, 41.20, -6.90
  12706618,  7027, 4,12:54:28,12:55:15,    47, 43.40, 33.40, 10.00
         0,     0, 4,12:55:23,12:55:32,     9, 33.40, 43.20, -9.80
  21268732,  6126, 4,12:55:45,12:56:13,    28, 43.20, 38.10,  5.10
         0,     0, 4,12:56:21,12:56:25,     4, 38.10, 38.00,  0.10
  12448480,     0, 5,12:55:51,12:56:50,    59, 41.30, 33.20,  8.10
  21268732,  6126, 4,12:56:35,12:56:52,    17, 43.20, 40.40,  2.80
         0,     0, 4,12:57:00,12:57:02,     2, 40.40, 43.20, -2.80
         0,     0, 5,12:56:59,12:57:06,     7, 33.20, 41.70, -8.50
  12448480,     0, 5,12:57:16,12:57:26,    10, 41.70, 41.70,  0.00
  21268732,  6126, 4,12:57:26,12:57:41,    15, 43.20, 40.60,  2.60
         0,     0, 4,12:57:49,12:57:51,     2, 40.60, 43.30, -2.70
  12706620,  7029, 2,12:57:22,12:58:51,    89, 44.00, 35.60,  8.40
         0,     0, 2,12:58:59,12:59:07,     8, 35.60, 44.10, -8.50
  12706737,  7146, 3,13:07:48,13:08:04,    16, 46.20, 46.20,  0.00
  12706620,  7029, 1,13:08:29,13:11:20,   171, 41.20, 39.60,  1.60
         0,     0, 1,13:11:27,13:11:28,     1, 39.60, 41.30, -1.70
  13008842,     0, 8,13:14:06,13:15:02,    56, 41.00, 34.90,  6.10
         0,     0, 8,13:15:09,13:15:15,     6, 34.90, 41.20, -6.30
  12706630,  7039, 1,13:15:42,13:18:21,   159, 41.30, 23.40, 17.90
  12448412,     0, 5,13:18:28,13:18:31,     3, 41.40, 41.30,  0.10
         0,     0, 1,13:18:28,13:18:45,    17, 23.40, 41.30,-17.90
  12448412,     0, 5,13:18:53,13:21:25,   152, 41.30, 29.40, 11.90
  13008774,  8015, 4,13:19:52,13:21:24,    92, 43.40, 34.20,  9.20
         0,     0, 4,13:21:33,13:21:42,     9, 34.20, 43.00, -8.80
         0,     0, 5,13:21:32,13:21:42,    10, 29.40, 41.50,-12.10
  12448415,  6028, 4,13:30:02,13:31:48,   106, 43.30, 30.50, 12.80
         0,     0, 4,13:31:56,13:32:08,    12, 30.50, 43.10,-12.60
  12199987,  5041, 2,13:29:11,13:32:59,   228, 44.00, 27.60, 16.40
         0,     0, 2,13:33:07,13:33:22,    15, 27.60, 44.10,-16.50
  12200066,  5120, 3,13:42:43,13:43:00,    17, 46.50, 46.30,  0.20
  12448480,     0, 5,13:45:52,13:45:55,     3, 41.20, 41.30, -0.10
  12448480,     0, 5,13:46:24,13:48:38,   134, 40.20, 26.10, 14.10
         0,     0, 5,13:48:45,13:48:58,    13, 26.10, 26.20, -0.10
  12200066,  5120, 2,13:50:50,13:51:37,    47, 44.00, 43.80,  0.20
  12200066,  5120, 2,13:52:19,13:54:23,   124, 43.80, 32.50, 11.30
         0,     0, 2,13:54:31,13:54:41,    10, 32.50, 44.10,-11.60
  13008774,  8015, 4,13:54:44,13:54:54,    10, 43.60, 43.50,  0.10
  13008774,  8015, 4,13:55:06,13:56:02,    56, 43.50, 34.40,  9.10
         0,     0, 4,13:56:11,13:56:19,     8, 34.40, 43.30, -8.90
  12448521,  6134, 1,13:54:05,13:56:48,   163, 41.30, 25.10, 16.20
         0,     0, 1,13:56:55,13:57:10,    15, 25.10, 41.20,-16.10
  12706614,  7023, 1,14:10:27,14:10:33,     6, 41.30, 41.30,  0.00
  12706614,  7023, 1,14:11:00,14:13:20,   140, 41.30, 22.60, 18.70
         0,     0, 1,14:13:28,14:13:46,    18, 22.60, 41.30,-18.70
  12706609,  7018, 4,14:12:58,14:13:52,    54, 43.30, 32.30, 11.00
         0,     0, 4,14:14:00,14:14:10,    10, 32.30, 43.40,-11.10
  12199951,  5005, 1,14:18:08,14:20:58,   170, 41.30, 27.40, 13.90
         0,     0, 1,14:21:05,14:21:18,    13, 27.40, 41.30,-13.90
  12706642,  7051, 1,14:21:40,14:24:10,   150, 41.30, 26.80, 14.50
         0,     0, 1,14:24:19,14:24:33,    14, 26.80, 41.40,-14.60
  12706642,  7051, 1,14:25:23,14:25:43,    20, 41.40, 39.00,  2.40
         0,     0, 1,14:25:50,14:25:51,     1, 39.00, 41.30, -2.30
  12706738,     0, 5,14:28:35,14:28:51,    16, 28.70, 25.90,  2.80
         0,     0, 5,14:28:58,14:29:11,    13, 25.90, 26.00, -0.10
  12200062,  1556, 5,14:29:39,14:30:30,    51, 41.60, 35.10,  6.50
         0,     0, 5,14:30:37,14:30:42,     5, 35.10, 41.60, -6.50
  12706651,     0, 7,14:32:28,14:32:56,    28, 40.50, 39.50,  1.00
         0,     0, 7,14:33:04,14:33:06,     2, 39.50, 41.20, -1.70
         0,     0, 7,14:33:37,14:33:38,     1, 39.60, 41.00, -1.40
  12448521,  6134, 4,14:32:42,14:34:01,    79, 43.60, 32.60, 11.00
         0,     0, 4,14:34:09,14:34:19,    10, 32.60, 43.40,-10.80
  12706610,  7019, 3,14:33:55,14:34:26,    31, 46.20, 46.00,  0.20
  12448440,     0, 8,14:33:33,14:35:19,   106, 41.00, 34.10,  6.90
         0,     0, 8,14:35:28,14:35:35,     7, 34.10, 41.20, -7.10
  11724250,  3150, 1,14:35:39,14:36:06,    27, 41.30, 37.20,  4.10
  13323409,     0, 5,14:35:57,14:36:11,    14, 41.50, 40.40,  1.10
         0,     0, 1,14:36:14,14:36:17,     3, 37.20, 41.30, -4.10
  12706651,     0, 7,14:35:51,14:36:40,    49, 41.10, 36.10,  5.00
         0,     0, 7,14:36:48,14:36:54,     6, 36.10, 40.50, -4.40
  12706651,     0, 7,14:37:14,14:37:16,     2, 39.20, 39.20,  0.00
         0,     0, 7,14:37:25,14:37:27,     2, 39.20, 41.10, -1.90
  11954042,  4072, 2,14:36:53,14:39:11,   138, 44.00, 26.30, 17.70
         0,     0, 2,14:39:19,14:39:36,    17, 26.30, 44.10,-17.80
  12448440,     0, 8,14:39:13,14:39:53,    40, 41.20, 38.70,  2.50
         0,     0, 8,14:40:01,14:40:03,     2, 38.70, 41.20, -2.50
  12706634,  7043, 2,14:42:38,14:42:58,    20, 44.10, 44.10,  0.00
  12448519,     0, 5,14:43:51,14:44:34,    43, 32.70, 25.20,  7.50
         0,     0, 5,14:44:41,14:44:55,    14, 25.20, 41.30,-16.10
  12706634,  7043, 1,14:43:12,14:45:26,   134, 41.30, 21.90, 19.40
  12448519,     0, 5,14:45:21,14:45:45,    24, 35.30, 33.00,  2.30
         0,     0, 1,14:45:35,14:45:53,    18, 21.90, 41.40,-19.50
         0,     0, 5,14:45:54,14:46:01,     7, 33.00, 33.10, -0.10
  12706609,  7018, 3,14:46:34,14:46:43,     9, 46.10, 46.10,  0.00
  12706610,  7019, 2,14:46:38,14:46:44,     6, 44.00, 44.00,  0.00
  12706601,  7010, 4,14:45:40,14:46:45,    65, 44.00, 32.00, 12.00
         0,     0, 4,14:46:53,14:47:04,    11, 32.00, 43.30,-11.30
  12706610,  7019, 1,14:48:07,14:49:15,    68, 41.40, 28.20, 13.20
         0,     0, 1,14:49:22,14:49:34,    12, 28.20, 41.30,-13.10
  11724250,  3150, 3,14:50:42,14:51:35,    53, 46.10, 35.00, 11.10
         0,     0, 3,14:51:42,14:51:51,     9, 35.00, 34.90,  0.10
  11724250,  3150, 4,14:52:28,14:52:45,    17, 43.70, 40.00,  3.70
         0,     0, 4,14:52:53,14:52:56,     3, 40.00, 43.30, -3.30
  12706614,  7023, 2,14:54:10,14:54:38,    28, 44.00, 44.00,  0.00
  12199951,  5005, 3,14:54:26,14:55:29,    63, 46.10, 46.00,  0.10
  12706614,  7023, 2,14:54:58,14:55:48,    50, 43.90, 43.80,  0.10
  11724167,  3067, 2,14:55:57,14:57:32,    95, 43.80, 15.80, 28.00
  12706614,  7023, 1,14:56:05,14:57:42,    97, 41.30, 36.40,  4.90
         0,     0, 1,14:57:49,14:57:53,     4, 36.40, 41.30, -4.90
  12448440,     0, 7,14:56:52,14:57:58,    66, 41.20, 39.10,  2.10
         0,     0, 2,14:57:40,14:58:07,    27, 15.80, 43.90,-28.10
         0,     0, 7,14:58:07,14:58:09,     2, 39.10, 41.10, -2.00
  12199951,  5005, 4,14:56:07,14:58:32,   145, 43.40, 33.40, 10.00
         0,     0, 4,14:58:40,14:58:49,     9, 33.40, 43.20, -9.80
  12706656,  7065, 2,14:58:19,14:59:31,    72, 43.90, 28.70, 15.20
  12706656,  7065, 1,14:59:36,14:59:45,     9, 41.30, 41.30,  0.00
         0,     0, 2,14:59:39,14:59:53,    14, 28.70, 44.10,-15.40
  12448472,     0, 7,15:04:39,15:05:48,    69, 41.10, 35.80,  5.30
         0,     0, 7,15:05:57,15:06:04,     7, 35.80, 41.10, -5.30
  13008906,     0, 8,15:09:23,15:09:25,     2, 31.20, 31.20,  0.00
         0,     0, 8,15:09:34,15:09:44,    10, 31.20, 41.20,-10.00
  13323409,     0, 5,15:13:45,15:14:13,    28, 41.30, 40.80,  0.50
  13323409,     0, 5,15:16:17,15:16:18,     1, 40.60, 40.60,  0.00
  13008842,     0, 7,15:20:59,15:21:15,    16, 41.10, 41.10,  0.00
  12199959,     0, 7,15:29:55,15:30:40,    45, 41.10, 32.70,  8.40
         0,     0, 7,15:30:48,15:30:59,    11, 32.70, 41.10, -8.40
  13323409,     0, 5,15:32:02,15:32:42,    40, 40.40, 40.40,  0.00
  12448472,     0, 8,15:33:36,15:34:07,    31, 41.10, 40.30,  0.80
  12448472,     0, 7,15:34:13,15:34:56,    43, 41.20, 40.50,  0.70
  12706707,     0, 8,15:35:55,15:36:18,    23, 40.30, 39.40,  0.90
         0,     0, 8,15:36:26,15:36:27,     1, 39.40, 41.20, -1.80
  12706618,  7027, 4,15:35:46,15:36:58,    72, 43.30, 28.30, 15.00
  12706707,     0, 8,15:36:47,15:37:14,    27, 37.90, 38.00, -0.10
         0,     0, 4,15:37:05,15:37:19,    14, 28.30, 43.30,-15.00
         0,     0, 8,15:37:23,15:37:26,     3, 38.00, 41.30, -3.30
  12706707,     0, 7,15:38:00,15:38:07,     7, 40.50, 40.20,  0.30
  11499231,     0, 7,15:38:50,15:39:16,    26, 40.20, 40.20,  0.00
  12448440,     0, 8,15:40:34,15:40:38,     4, 41.30, 41.30,  0.00
  11499184,  2074, 3,15:40:07,15:40:40,    33, 46.10, 38.80,  7.30
  11499231,     0, 7,15:40:06,15:40:42,    36, 40.20, 39.80,  0.40
         0,     0, 7,15:40:50,15:40:51,     1, 39.80, 41.00, -1.20
         0,     0, 3,15:40:48,15:40:53,     5, 38.80, 38.70,  0.10
  12706705,     0, 8,15:43:09,15:43:15,     6, 41.30, 41.20,  0.10
  12200091,  5145, 1,15:44:03,15:44:44,    41, 41.30, 24.30, 17.00
         0,     0, 1,15:44:52,15:45:08,    16, 24.30, 41.30,-17.00
  12448516,  6129, 4,15:44:26,15:45:45,    79, 43.60, 24.60, 19.00
         0,     0, 4,15:45:53,15:46:11,    18, 24.60, 43.30,-18.70
  11499231,     0, 7,15:44:52,15:47:26,   154, 41.00, 29.70, 11.30
  12706705,     0, 8,15:45:04,15:47:30,   146, 41.00, 30.20, 10.80
         0,     0, 8,15:47:38,15:47:50,    12, 30.20, 41.20,-11.00
         0,     0, 7,15:47:35,15:47:51,    16, 29.70, 41.10,-11.40
  12200079,  5133, 4,15:46:57,15:49:42,   165, 43.30, 19.20, 24.10
         0,     0, 4,15:49:50,15:50:13,    23, 19.20, 43.30,-24.10
  11499184,  2074, 2,15:50:59,15:51:30,    31, 44.00, 34.50,  9.50
         0,     0, 2,15:51:37,15:51:45,     8, 34.50, 44.00, -9.50
  12448440,     0, 7,15:50:30,15:51:44,    74, 41.10, 39.80,  1.30
         0,     0, 7,15:51:52,15:51:53,     1, 39.80, 41.00, -1.20
  21268732,  6126, 1,15:52:58,15:54:22,    84, 41.40, 32.70,  8.70
  12448517,  6130, 2,15:53:04,15:54:27,    83, 44.00, 42.40,  1.60
         0,     0, 1,15:54:30,15:54:38,     8, 32.70, 41.30, -8.60
  12706613,  7022, 4,15:57:27,15:58:15,    48, 43.50, 36.70,  6.80
         0,     0, 4,15:58:22,15:58:29,     7, 36.70, 43.10, -6.40
  11499184,  2074, 2,15:58:18,15:58:54,    36, 42.40, 40.10,  2.30
         0,     0, 2,15:59:02,15:59:04,     2, 40.10, 44.10, -4.00
  12706613,  7022, 3,15:58:49,15:59:19,    30, 46.10, 42.10,  4.00
  12706707,     0, 8,15:59:24,15:59:26,     2, 41.10, 41.10,  0.00
         0,     0, 3,15:59:27,15:59:30,     3, 42.10, 45.80, -3.70
  12448517,  6130, 1,15:57:57,15:59:40,   103, 41.30, 32.90,  8.40
         0,     0, 1,15:59:47,15:59:56,     9, 32.90, 41.30, -8.40
  12706609,  7018, 4,15:59:29,16:00:15,    46, 43.20, 37.10,  6.10
         0,     0, 4,16:00:22,16:00:28,     6, 37.10, 43.30, -6.20
  12200086,  5140, 3,16:00:06,16:00:28,    22, 46.00, 45.80,  0.20
  12706609,  7018, 2,16:01:00,16:01:01,     1, 44.10, 44.10,  0.00
  11499117,  2007, 4,16:00:39,16:01:51,    72, 43.20, 23.50, 19.70
         0,     0, 4,16:02:00,16:02:19,    19, 23.50, 43.50,-20.00
  12199987,  5041, 2,16:01:11,16:02:30,    79, 44.10, 38.40,  5.70
         0,     0, 2,16:02:38,16:02:42,     4, 38.40, 44.00, -5.60
  12200004,  5058, 3,16:01:01,16:02:41,   100, 45.80, 22.20, 23.60
  12199987,  5041, 2,16:02:52,16:02:54,     2, 44.00, 44.00,  0.00
         0,     0, 3,16:02:49,16:03:09,    20, 22.20, 22.10,  0.10
  12200086,  5140, 4,16:03:04,16:03:15,    11, 43.70, 42.90,  0.80
  12448521,  6134, 1,16:03:22,16:03:51,    29, 41.30, 39.00,  2.30
         0,     0, 1,16:04:00,16:04:01,     1, 39.00, 41.30, -2.30
  12706621,  7030, 2,16:03:25,16:04:12,    47, 44.00, 28.80, 15.20
         0,     0, 2,16:04:21,16:04:35,    14, 28.80, 28.90, -0.10
  12200085,  5139, 4,16:03:27,16:04:36,    69, 43.00, 27.10, 15.90
  12448521,  6134, 1,16:04:15,16:04:52,    37, 41.30, 34.00,  7.30
         0,     0, 4,16:04:45,16:05:00,    15, 27.10, 43.30,-16.20
         0,     0, 1,16:05:01,16:05:07,     6, 34.00, 41.40, -7.40
  13008738,  7159, 2,16:04:49,16:06:37,   108, 44.10, 34.20,  9.90
         0,     0, 2,16:06:45,16:06:54,     9, 34.20, 44.00, -9.80
  12200086,  5140, 4,16:05:39,16:07:17,    98, 43.40, 29.30, 14.10
         0,     0, 4,16:07:25,16:07:38,    13, 29.30, 43.30,-14.00
  12200004,  5058, 2,16:07:21,16:07:43,    22, 44.00, 38.40,  5.60
         0,     0, 2,16:07:52,16:07:56,     4, 38.40, 44.00, -5.60
  12448415,  6028, 1,16:05:36,16:08:24,   168, 41.40, 24.00, 17.40
         0,     0, 1,16:08:32,16:08:48,    16, 24.00, 41.20,-17.20
  12448518,  6131, 4,16:08:34,16:09:48,    74, 43.50, 26.50, 17.00
  12448440,     0, 7,16:09:23,16:09:56,    33, 41.00, 40.00,  1.00
  12706601,  7010, 2,16:08:06,16:10:07,   121, 44.00, 32.00, 12.00
         0,     0, 4,16:09:56,16:10:15,    19, 26.50, 43.20,-16.70
         0,     0, 2,16:10:16,16:10:29,    13, 32.00, 44.00,-12.00
  12448518,  6131, 3,16:10:34,16:10:42,     8, 46.10, 46.00,  0.10
  12200081,  5135, 4,16:14:27,16:15:42,    75, 43.40, 29.40, 14.00
         0,     0, 4,16:15:50,16:16:03,    13, 29.40, 43.20,-13.80
  12706624,  7033, 1,16:14:06,16:16:15,   129, 41.30, 24.30, 17.00
  13008738,  7159, 2,16:13:58,16:16:30,   152, 44.10, 30.50, 13.60
         0,     0, 1,16:16:23,16:16:39,    16, 24.30, 41.30,-17.00
         0,     0, 2,16:16:39,16:16:52,    13, 30.50, 44.20,-13.70
  12448420,  6033, 4,16:16:13,16:17:05,    52, 43.20, 39.20,  4.00
         0,     0, 4,16:17:14,16:17:18,     4, 39.20, 43.30, -4.10
  12448420,  6033, 3,16:17:11,16:18:04,    53, 46.10, 36.40,  9.70
         0,     0, 3,16:18:12,16:18:19,     7, 36.40, 36.20,  0.20
  13008774,  8015, 4,16:17:28,16:19:17,   109, 43.30, 34.10,  9.20
  12448420,  6033, 3,16:18:40,16:19:19,    39, 46.00, 42.20,  3.80
         0,     0, 3,16:19:27,16:19:29,     2, 42.20, 46.20, -4.00
         0,     0, 4,16:19:25,16:19:34,     9, 34.10, 43.30, -9.20
  12448516,  6129, 4,16:19:58,16:20:59,    61, 43.30, 39.10,  4.20
         0,     0, 4,16:21:07,16:21:10,     3, 39.10, 43.20, -4.10
  12200066,  5120, 2,16:20:42,16:21:52,    70, 44.20, 35.80,  8.40
         0,     0, 2,16:22:00,16:22:07,     7, 35.80, 44.10, -8.30
  12706727,     0, 7,16:21:34,16:22:26,    52, 39.90, 39.00,  0.90
         0,     0, 7,16:22:35,16:22:37,     2, 39.00, 41.20, -2.20
  12706727,     0, 7,16:23:13,16:23:16,     3, 38.10, 38.10,  0.00
         0,     0, 7,16:23:25,16:23:28,     3, 38.10, 41.10, -3.00
  12448392,  6005, 3,16:21:28,16:23:38,   130, 46.30, 20.60, 25.70
         0,     0, 3,16:23:46,16:24:08,    22, 20.60, 20.60,  0.00
  12200083,  5137, 1,16:23:57,16:25:18,    81, 41.30, 25.10, 16.20
         0,     0, 1,16:25:26,16:25:41,    15, 25.10, 41.30,-16.20
  12706737,  7146, 2,16:23:56,16:26:17,   141, 44.10, 27.60, 16.50
         0,     0, 2,16:26:25,16:26:41,    16, 27.60, 44.10,-16.50
  12706737,  7146, 1,16:26:21,16:26:41,    20, 41.30, 41.30,  0.00
  12706621,  7030, 3,16:26:38,16:26:42,     4, 46.40, 46.30,  0.10
  12200062,  1556, 5,16:26:32,16:27:13,    41, 39.90, 39.60,  0.30
         0,     0, 5,16:27:22,16:27:23,     1, 39.60, 41.40, -1.80
  12706621,  7030, 4,16:26:46,16:28:15,    89, 43.50, 29.20, 14.30
         0,     0, 4,16:28:23,16:28:36,    13, 29.20, 43.20,-14.00
  11499117,  2007, 1,16:27:47,16:28:52,    65, 41.40, 27.60, 13.80
  12706609,  7018, 2,16:28:03,16:29:01,    58, 44.10, 36.00,  8.10
  12706738,     0, 5,16:28:42,16:29:07,    25, 33.00, 31.80,  1.20
         0,     0, 1,16:28:59,16:29:12,    13, 27.60, 41.40,-13.80
         0,     0, 2,16:29:09,16:29:16,     7, 36.00, 44.20, -8.20
         0,     0, 5,16:29:14,16:29:22,     8, 31.80, 32.00, -0.20
  12706613,  7022, 3,16:28:55,16:30:04,    69, 46.50, 41.90,  4.60
         0,     0, 3,16:30:13,16:30:16,     3, 41.90, 41.80,  0.10
  12706609,  7018, 2,16:30:12,16:30:48,    36, 44.20, 42.00,  2.20
         0,     0, 2,16:30:56,16:30:56,     0, 42.00, 42.10, -0.10
  12200062,  1556, 5,16:29:40,16:31:03,    83, 41.60, 27.60, 14.00
  12706609,  7018, 2,16:31:06,16:31:07,     1, 42.00, 42.00,  0.00
  12199951,  5005, 3,16:31:03,16:31:11,     8, 46.20, 46.20,  0.00
  12448482,     0, 8,16:31:06,16:31:12,     6, 41.00, 40.90,  0.10
  12706613,  7022, 4,16:30:29,16:31:14,    45, 43.50, 41.20,  2.30
         0,     0, 5,16:31:12,16:31:23,    11, 27.60, 27.70, -0.10
         0,     0, 4,16:31:23,16:31:24,     1, 41.20, 43.20, -2.00
  12706620,  7029, 1,16:29:24,16:31:41,   137, 41.40, 20.20, 21.20
  12448482,     0, 8,16:31:26,16:32:00,    34, 40.90, 40.70,  0.20
         0,     0, 1,16:31:49,16:32:09,    20, 20.20, 41.30,-21.10
  12448482,     0, 8,16:32:11,16:32:40,    29, 40.60, 40.40,  0.20
  12199951,  5005, 4,16:31:34,16:34:14,   160, 43.30, 30.70, 12.60
         0,     0, 4,16:34:22,16:34:34,    12, 30.70, 43.30,-12.60
  12200083,  5137, 2,16:34:01,16:34:43,    42, 42.00, 32.70,  9.30
  12448482,     0, 8,16:33:16,16:34:53,    97, 37.30, 23.40, 13.90
         0,     0, 2,16:34:51,16:35:01,    10, 32.70, 44.00,-11.30
         0,     0, 8,16:35:01,16:35:20,    19, 23.40, 41.20,-17.80
  12706634,  7043, 4,16:35:46,16:35:55,     9, 43.40, 42.50,  0.90
  11724217,  3117, 4,16:36:06,16:36:50,    44, 42.50, 30.50, 12.00
         0,     0, 4,16:36:58,16:37:10,    12, 30.50, 43.20,-12.70
  12706614,  7023, 1,16:35:52,16:37:16,    84, 41.40, 26.30, 15.10
         0,     0, 1,16:37:25,16:37:39,    14, 26.30, 41.30,-15.00
  12706634,  7043, 4,16:37:20,16:38:13,    53, 43.60, 33.20, 10.40
  12448437,  6050, 2,16:36:28,16:38:19,   111, 44.00, 30.90, 13.10
         0,     0, 4,16:38:21,16:38:31,    10, 33.20, 43.30,-10.10
  12448437,  6050, 1,16:38:25,16:38:27,     2, 41.30, 41.30,  0.00
         0,     0, 2,16:38:26,16:38:38,    12, 30.90, 44.20,-13.30
  11724217,  3117, 4,16:38:46,16:39:43,    57, 43.40, 30.00, 13.40
  12706634,  7043, 3,16:38:44,16:39:48,    64, 46.40, 40.40,  6.00
         0,     0, 3,16:39:56,16:40:00,     4, 40.40, 40.30,  0.10
         0,     0, 4,16:39:50,16:40:03,    13, 30.00, 43.10,-13.10
  12448518,  6131, 2,16:39:30,16:40:29,    59, 44.10, 27.80, 16.30
  12448412,     0, 5,16:38:03,16:40:40,   157, 41.40, 25.80, 15.60
         0,     0, 2,16:40:37,16:40:53,    16, 27.80, 44.10,-16.30
         0,     0, 5,16:40:48,16:41:01,    13, 25.80, 41.60,-15.80
  12448517,  6130, 1,16:40:29,16:41:29,    60, 41.30, 29.00, 12.30
         0,     0, 1,16:41:37,16:41:48,    11, 29.00, 41.30,-12.30
  12448398,  6011, 1,16:42:06,16:43:42,    96, 41.30, 24.70, 16.60
  12448408,  6021, 4,16:42:55,16:43:47,    52, 43.20, 26.60, 16.60
         0,     0, 1,16:43:50,16:44:06,    16, 24.70, 41.20,-16.50
         0,     0, 4,16:43:55,16:44:12,    17, 26.60, 43.20,-16.60
  12706737,  7146, 2,16:42:06,16:45:15,   189, 44.10, 39.00,  5.10
         0,     0, 2,16:45:22,16:45:26,     4, 39.00, 44.10, -5.10
  12706737,  7146, 1,16:45:21,16:45:32,    11, 41.20, 41.20,  0.00
  12200081,  5135, 3,16:45:31,16:45:39,     8, 46.20, 46.10,  0.10
  12200081,  5135, 4,16:45:44,16:46:31,    47, 43.50, 33.30, 10.20
         0,     0, 4,16:46:40,16:46:49,     9, 33.30, 43.30,-10.00
  13008738,  7159, 1,16:47:47,16:48:07,    20, 41.20, 41.10,  0.10
  12706613,  7022, 4,16:48:13,16:49:16,    63, 43.80, 38.40,  5.40
         0,     0, 4,16:49:24,16:49:28,     4, 38.40, 43.30, -4.90
  12706610,  7019, 2,16:49:28,16:49:34,     6, 44.10, 44.10,  0.00
  13008738,  7159, 1,16:48:43,16:49:42,    59, 41.10, 40.40,  0.70
  12706610,  7019, 2,16:49:52,16:51:03,    71, 44.10, 24.70, 19.40
         0,     0, 2,16:51:11,16:51:30,    19, 24.70, 44.10,-19.40
  12706628,  7037, 3,16:52:46,16:52:51,     5, 46.10, 46.10,  0.00
  12706628,  7037, 4,16:52:55,16:53:53,    58, 43.20, 38.20,  5.00
         0,     0, 4,16:54:01,16:54:05,     4, 38.20, 38.20,  0.00
  12706642,  7051, 2,16:54:44,16:56:39,   115, 44.10, 37.50,  6.60
  12200004,  5058, 3,16:56:07,16:56:44,    37, 46.20, 42.90,  3.30
         0,     0, 2,16:56:46,16:56:51,     5, 37.50, 43.90, -6.40
         0,     0, 3,16:56:52,16:56:54,     2, 42.90, 42.70,  0.20
  12706624,  7033, 2,16:59:28,17:00:03,    35, 44.00, 43.30,  0.70
  11724167,  3067, 4,17:00:27,17:01:02,    35, 43.20, 32.90, 10.30
         0,     0, 4,17:01:10,17:01:19,     9, 32.90, 43.20,-10.30
  12706656,  7065, 3,17:01:11,17:01:20,     9, 46.40, 46.20,  0.20
  12199974,  5028, 1,17:00:12,17:01:26,    74, 40.40, 19.60, 20.80
  12706624,  7033, 2,17:00:15,17:01:33,    78, 43.30, 34.50,  8.80
         0,     0, 2,17:01:41,17:01:50,     9, 34.50, 44.00, -9.50
         0,     0, 1,17:01:33,17:01:54,    21, 19.60, 41.20,-21.60
  12706613,  7022, 3,17:01:35,17:02:04,    29, 46.40, 46.30,  0.10
  12706656,  7065, 4,17:01:30,17:02:06,    36, 43.30, 38.20,  5.10
         0,     0, 4,17:02:15,17:02:19,     4, 38.20, 43.20, -5.00
  12706624,  7033, 2,17:02:36,17:02:59,    23, 44.00, 43.10,  0.90
  12706613,  7022, 4,17:02:29,17:03:32,    63, 43.30, 37.80,  5.50
         0,     0, 4,17:03:40,17:03:45,     5, 37.80, 43.30, -5.50
  12448420,  6033, 2,17:03:47,17:05:22,    95, 43.10, 35.00,  8.10
         0,     0, 2,17:05:31,17:05:39,     8, 35.00, 44.00, -9.00
  12200062,  1556, 5,17:07:04,17:07:11,     7, 41.40, 41.30,  0.10
  12706621,  7030, 1,17:07:09,17:08:23,    74, 41.30, 26.50, 14.80
         0,     0, 1,17:08:32,17:08:46,    14, 26.50, 41.30,-14.80
  12200062,  1556, 5,17:07:20,17:08:51,    91, 41.20, 30.40, 10.80
         0,     0, 5,17:08:59,17:09:08,     9, 30.40, 41.70,-11.30
  12200081,  5135, 1,17:09:52,17:10:56,    64, 41.30, 31.60,  9.70
         0,     0, 1,17:11:03,17:11:12,     9, 31.60, 41.30, -9.70
  13008842,     0, 8,17:10:47,17:11:35,    48, 41.10, 36.30,  4.80
         0,     0, 8,17:11:43,17:11:47,     4, 36.30, 41.20, -4.90
  12200004,  5058, 3,17:12:39,17:12:53,    14, 46.30, 45.10,  1.20
  12448392,  6005, 2,17:12:33,17:13:40,    67, 44.00, 31.70, 12.30
         0,     0, 2,17:13:48,17:13:59,    11, 31.70, 44.10,-12.40
  12706737,  7146, 4,17:13:03,17:16:01,   178, 43.30, 34.40,  8.90
         0,     0, 4,17:16:09,17:16:17,     8, 34.40, 43.20, -8.80
  11499117,  2007, 2,17:16:10,17:16:43,    33, 44.20, 35.50,  8.70
         0,     0, 2,17:16:51,17:16:59,     8, 35.50, 44.20, -8.70
  12200004,  5058, 3,17:17:57,17:18:03,     6, 45.00, 45.10, -0.10
  12448437,  6050, 3,17:20:04,17:20:11,     7, 44.90, 45.00, -0.10
  13323412,     0, 5,17:19:12,17:20:42,    90, 41.20, 38.70,  2.50
         0,     0, 5,17:20:49,17:20:51,     2, 38.70, 41.60, -2.90
  12706642,  7051, 1,17:20:08,17:21:52,   104, 41.30, 35.80,  5.50
         0,     0, 1,17:22:00,17:22:04,     4, 35.80, 41.30, -5.50
  12706628,  7037, 3,17:22:24,17:22:29,     5, 45.10, 45.00,  0.10
  12448480,     0, 5,17:23:06,17:24:59,   113, 41.50, 36.00,  5.50
         0,     0, 5,17:25:06,17:25:10,     4, 36.00, 41.60, -5.60
  12706727,     0, 8,17:24:48,17:25:45,    57, 41.20, 32.90,  8.30
         0,     0, 8,17:25:53,17:26:02,     9, 32.90, 41.10, -8.20
  12706628,  7037, 1,17:25:17,17:26:20,    63, 41.30, 28.80, 12.50
         0,     0, 1,17:26:27,17:26:40,    13, 28.80, 41.30,-12.50
  12448408,  6021, 1,17:26:50,17:27:39,    49, 41.30, 24.90, 16.40
         0,     0, 1,17:27:47,17:28:04,    17, 24.90, 41.30,-16.40
  12448521,  6134, 2,17:30:05,17:30:13,     8, 44.20, 44.10,  0.10
  12448521,  6134, 1,17:30:32,17:31:06,    34, 41.30, 41.20,  0.10
  12706707,     0, 8,17:31:19,17:31:34,    15, 41.10, 40.10,  1.00
  12706610,  7019, 2,17:31:51,17:32:43,    52, 44.10, 34.10, 10.00
  11724167,  3067, 4,17:32:12,17:32:55,    43, 43.40, 27.20, 16.20
  12448521,  6134, 1,17:31:19,17:32:55,    96, 41.20, 25.40, 15.80
         0,     0, 2,17:32:52,17:33:01,     9, 34.10, 44.20,-10.10
         0,     0, 4,17:33:02,17:33:17,    15, 27.20, 43.30,-16.10
         0,     0, 1,17:33:03,17:33:18,    15, 25.40, 41.40,-16.00
  13323409,     0, 5,17:33:27,17:35:00,    93, 41.50, 41.30,  0.20
  12448437,  6050, 1,17:33:28,17:35:14,   106, 41.40, 32.20,  9.20
         0,     0, 1,17:35:22,17:35:30,     8, 32.20, 41.30, -9.10
  13008842,     0, 8,17:37:41,17:37:55,    14, 40.10, 40.10,  0.00
  12448437,  6050, 2,17:36:38,17:38:01,    83, 44.10, 41.30,  2.80
         0,     0, 2,17:38:10,17:38:11,     1, 41.30, 44.10, -2.80
  12706707,     0, 7,17:39:23,17:40:44,    81, 39.60, 35.80,  3.80
         0,     0, 7,17:40:52,17:40:58,     6, 35.80, 41.10, -5.30
  13323409,     0, 5,17:44:47,17:45:14,    27, 41.20, 39.50,  1.70
         0,     0, 5,17:45:22,17:45:23,     1, 39.50, 41.50, -2.00
  13323409,     0, 5,17:45:46,17:45:49,     3, 38.10, 38.10,  0.00
         0,     0, 5,17:45:57,17:45:59,     2, 38.10, 41.60, -3.50
  11954042,  4072, 2,17:46:56,17:47:12,    16, 44.00, 44.10, -0.10
  11954042,  4072, 1,17:47:19,17:49:29,   130, 41.30, 20.40, 20.90
         0,     0, 1,17:49:38,17:49:57,    19, 20.40, 41.30,-20.90
  12200086,  5140, 1,17:50:30,17:51:27,    57, 41.20, 35.30,  5.90
         0,     0, 1,17:51:35,17:51:40,     5, 35.30, 41.30, -6.00
  12706651,     0, 7,17:51:42,17:52:07,    25, 41.10, 40.10,  1.00
  12706628,  7037, 1,17:51:50,17:53:22,    92, 41.30, 34.30,  7.00
  12706615,  7024, 2,17:51:09,17:53:25,   136, 44.00, 22.50, 21.50
  12706651,     0, 8,17:52:54,17:53:29,    35, 40.10, 35.90,  4.20
         0,     0, 1,17:53:30,17:53:36,     6, 34.30, 41.30, -7.00
  12199959,     0, 7,17:52:17,17:53:35,    78, 39.90, 34.00,  5.90
         0,     0, 8,17:53:37,17:53:42,     5, 35.90, 41.20, -5.30
         0,     0, 7,17:53:42,17:53:51,     9, 34.00, 41.10, -7.10
         0,     0, 2,17:53:33,17:53:55,    22, 22.50, 44.10,-21.60
  11724217,  3117, 1,17:55:17,17:56:20,    63, 41.30, 27.10, 14.20
         0,     0, 1,17:56:28,17:56:41,    13, 27.10, 41.30,-14.20
  12199959,     0, 7,17:58:08,17:59:12,    64, 40.70, 40.00,  0.70
  12448472,     0, 7,17:59:54,18:01:45,   111, 39.90, 36.20,  3.70
  11724250,  3150, 4,17:59:56,18:01:52,   116, 43.50, 25.20, 18.30
         0,     0, 7,18:01:52,18:01:58,     6, 36.20, 40.70, -4.50
         0,     0, 4,18:02:01,18:02:18,    17, 25.20, 43.30,-18.10
  12448472,     0, 7,18:02:11,18:02:30,    19, 39.80, 39.50,  0.30
         0,     0, 7,18:02:38,18:02:39,     1, 39.50, 41.10, -1.60
  12448472,     0, 8,18:02:38,18:02:39,     1, 41.20, 41.20,  0.00
  12448521,  6134, 1,18:02:17,18:03:28,    71, 41.40, 30.80, 10.60
         0,     0, 1,18:03:36,18:03:46,    10, 30.80, 41.30,-10.50
  12200086,  5140, 1,18:05:22,18:06:02,    40, 41.40, 38.00,  3.40
         0,     0, 1,18:06:09,18:06:11,     2, 38.00, 41.20, -3.20
  12448398,  6011, 2,18:05:29,18:06:44,    75, 44.10, 24.80, 19.30
         0,     0, 2,18:06:52,18:07:11,    19, 24.80, 44.10,-19.30
  11953971,  4001, 4,18:06:41,18:08:22,   101, 43.40, 19.90, 23.50
         0,     0, 4,18:08:30,18:08:52,    22, 19.90, 43.20,-23.30
  12199987,  5041, 1,18:06:21,18:09:11,   170, 41.20, 19.50, 21.70
         0,     0, 1,18:09:20,18:09:41,    21, 19.50, 41.40,-21.90
  11954042,  4072, 2,18:09:45,18:10:40,    55, 44.00, 36.30,  7.70
  12200004,  5058, 4,18:09:22,18:10:49,    87, 43.30, 29.80, 13.50
         0,     0, 2,18:10:49,18:10:56,     7, 36.30, 44.00, -7.70
         0,     0, 4,18:10:56,18:11:09,    13, 29.80, 43.30,-13.50
  12200086,  5140, 1,18:11:23,18:12:46,    83, 41.40, 37.60,  3.80
         0,     0, 1,18:12:54,18:12:57,     3, 37.60, 41.30, -3.70
  12448472,     0, 8,18:16:42,18:16:43,     1, 39.80, 39.80,  0.00
         0,     0, 8,18:16:51,18:16:51,     0, 39.80, 41.00, -1.20
  12448519,     0, 5,18:16:43,18:17:24,    41, 40.20, 31.40,  8.80
         0,     0, 5,18:17:32,18:17:40,     8, 31.40, 31.60, -0.20
  12199987,  5041, 1,18:17:22,18:17:53,    31, 41.30, 40.00,  1.30
  13008906,     0, 8,18:18:07,18:18:09,     2, 34.10, 34.10,  0.00
         0,     0, 8,18:18:18,18:18:25,     7, 34.10, 41.20, -7.10
  12200079,  5133, 1,18:18:06,18:19:03,    57, 40.00, 23.90, 16.10
  12706609,  7018, 2,18:18:19,18:19:07,    48, 44.00, 35.00,  9.00
         0,     0, 2,18:19:15,18:19:23,     8, 35.00, 44.00, -9.00
         0,     0, 1,18:19:10,18:19:27,    17, 23.90, 41.30,-17.40
  12706618,  7027, 4,18:18:56,18:19:50,    54, 43.30, 31.40, 11.90
         0,     0, 4,18:19:58,18:20:09,    11, 31.40, 43.20,-11.80
  11499117,  2007, 2,18:26:17,18:26:53,    36, 44.00, 34.90,  9.10
         0,     0, 2,18:27:00,18:27:08,     8, 34.90, 44.00, -9.10
  12706628,  7037, 1,18:28:33,18:29:49,    76, 41.30, 26.80, 14.50
  12199959,     0, 7,18:28:59,18:29:54,    55, 41.10, 39.60,  1.50
         0,     0, 7,18:30:01,18:30:02,     1, 39.60, 40.50, -0.90
         0,     0, 1,18:29:56,18:30:10,    14, 26.80, 41.40,-14.60
  12199959,     0, 7,18:30:12,18:30:26,    14, 40.60, 40.20,  0.40
  12200091,  5145, 2,18:29:22,18:30:40,    78, 44.00, 20.00, 24.00
  12448412,     0, 5,18:29:30,18:30:50,    80, 29.90, 28.20,  1.70
         0,     0, 5,18:30:57,18:31:08,    11, 28.20, 28.30, -0.10
         0,     0, 2,18:30:48,18:31:12,    24, 20.00, 44.00,-24.00
  12706609,  7018, 4,18:32:47,18:32:50,     3, 43.40, 43.50, -0.10
  12448415,  6028, 4,18:33:00,18:35:00,   120, 43.50, 27.30, 16.20
         0,     0, 4,18:35:09,18:35:24,    15, 27.30, 43.20,-15.90
  12706705,     0, 7,18:33:44,18:35:51,   127, 40.10, 33.20,  6.90
         0,     0, 7,18:35:59,18:36:09,    10, 33.20, 41.10, -7.90
  12706609,  7018, 4,18:35:35,18:36:15,    40, 43.50, 35.60,  7.90
         0,     0, 4,18:36:22,18:36:29,     7, 35.60, 43.20, -7.60
  12706615,  7024, 3,18:35:32,18:36:30,    58, 45.00, 41.50,  3.50
         0,     0, 3,18:36:37,18:36:40,     3, 41.50, 46.10, -4.60
  11954042,  4072, 2,18:37:33,18:38:21,    48, 44.00, 39.50,  4.50
         0,     0, 2,18:38:28,18:38:31,     3, 39.50, 44.00, -4.50
  12706651,     0, 7,18:39:41,18:39:50,     9, 41.10, 41.00,  0.10
  13323409,     0, 5,18:39:13,18:39:57,    44, 30.60, 26.30,  4.30
  12706651,     0, 7,18:40:09,18:40:10,     1, 40.10, 40.10,  0.00
         0,     0, 5,18:40:05,18:40:17,    12, 26.30, 26.40, -0.10
  12706651,     0, 8,18:40:14,18:40:20,     6, 41.20, 40.30,  0.90
  12706601,  7010, 4,18:40:11,18:41:50,    99, 43.30, 27.10, 16.20
         0,     0, 4,18:41:58,18:42:13,    15, 27.10, 43.30,-16.20
  12200066,  5120, 2,18:39:55,18:42:33,   158, 44.00, 24.60, 19.40
  12199959,     0, 8,18:42:02,18:42:38,    36, 40.00, 39.90,  0.10
         0,     0, 8,18:42:46,18:42:46,     0, 39.90, 41.00, -1.10
         0,     0, 2,18:42:40,18:42:59,    19, 24.60, 44.00,-19.40
  11953971,  4001, 2,18:44:13,18:44:45,    32, 44.00, 42.00,  2.00
  12706614,  7023, 1,18:42:55,18:44:53,   118, 41.40, 24.10, 17.30
         0,     0, 1,18:45:00,18:45:16,    16, 24.10, 41.40,-17.30
  11953971,  4001, 2,18:45:01,18:45:32,    31, 42.00, 31.10, 10.90
         0,     0, 2,18:45:39,18:45:51,    12, 31.10, 44.00,-12.90
  11953971,  4001, 1,18:45:48,18:46:07,    19, 41.40, 36.60,  4.80
         0,     0, 1,18:46:14,18:46:18,     4, 36.60, 41.30, -4.70
  12448518,  6131, 2,18:46:02,18:47:12,    70, 44.00, 28.50, 15.50
  12706634,  7043, 3,18:45:05,18:47:28,   143, 46.20, 30.20, 16.00
         0,     0, 2,18:47:19,18:47:34,    15, 28.50, 44.10,-15.60
  12200086,  5140, 4,18:45:49,18:47:38,   109, 43.60, 36.20,  7.40
         0,     0, 3,18:47:36,18:47:49,    13, 30.20, 30.10,  0.10
         0,     0, 4,18:47:46,18:47:52,     6, 36.20, 36.20,  0.00
  12706624,  7033, 3,18:48:04,18:48:08,     4, 46.00, 46.00,  0.00
  12448472,     0, 7,18:48:21,18:48:43,    22, 40.10, 40.00,  0.10
  12706624,  7033, 4,18:48:13,18:50:49,   156, 43.50, 26.10, 17.40
         0,     0, 4,18:50:58,18:51:14,    16, 26.10, 43.30,-17.20
  12448516,  6129, 1,18:49:29,18:51:39,   130, 41.30, 20.10, 21.20
         0,     0, 1,18:51:46,18:52:06,    20, 20.10, 41.30,-21.20
  12706707,     0, 8,18:52:42,18:53:50,    68, 41.00, 40.70,  0.30
  12200085,  5139, 2,18:53:14,18:55:16,   122, 44.10, 19.80, 24.30
         0,     0, 2,18:55:24,18:55:48,    24, 19.80, 44.10,-24.30
  12706618,  7027, 1,18:55:24,18:56:18,    54, 41.30, 32.10,  9.20
         0,     0, 1,18:56:27,18:56:35,     8, 32.10, 41.30, -9.20
  13008774,  8015, 1,18:57:57,18:59:28,    91, 41.30, 29.40, 11.90
         0,     0, 1,18:59:36,18:59:47,    11, 29.40, 41.30,-11.90
  12199951,  5005, 3,18:58:30,19:00:24,   114, 46.10, 36.80,  9.30
  12706737,  7146, 4,18:59:02,19:00:31,    89, 43.80, 43.50,  0.30
         0,     0, 3,19:00:31,19:00:38,     7, 36.80, 36.70,  0.10
  12706737,  7146, 3,19:01:37,19:02:05,    28, 46.20, 46.10,  0.10
  12706737,  7146, 2,19:04:30,19:05:12,    42, 44.00, 44.00,  0.00
  13008842,     0, 8,19:05:08,19:05:28,    20, 40.60, 37.50,  3.10
         0,     0, 8,19:05:36,19:05:39,     3, 37.50, 41.20, -3.70
  12448480,     0, 5,19:05:25,19:06:53,    88, 34.20, 21.10, 13.10
         0,     0, 5,19:07:01,19:07:18,    17, 21.10, 21.20, -0.10
  12706737,  7146, 1,19:05:54,19:07:31,    97, 41.30, 37.90,  3.40
  12200066,  5120, 2,19:06:11,19:07:33,    82, 44.00, 34.00, 10.00
         0,     0, 1,19:07:39,19:07:41,     2, 37.90, 41.20, -3.30
         0,     0, 2,19:07:41,19:07:50,     9, 34.00, 44.00,-10.00
  12706613,  7022, 4,19:07:04,19:08:17,    73, 43.50, 34.20,  9.30
         0,     0, 4,19:08:25,19:08:33,     8, 34.20, 43.50, -9.30
  12706707,     0, 7,19:11:15,19:11:17,     2, 39.70, 39.70,  0.00
         0,     0, 7,19:11:25,19:11:26,     1, 39.70, 41.10, -1.40
  12199951,  5005, 4,19:08:43,19:11:24,   161, 43.50, 36.30,  7.20
  12706628,  7037, 3,19:10:10,19:11:25,    75, 46.20, 45.10,  1.10
         0,     0, 4,19:11:32,19:11:38,     6, 36.30, 36.30,  0.00
  12706613,  7022, 3,19:11:54,19:12:03,     9, 45.30, 45.20,  0.10
  12706628,  7037, 4,19:11:52,19:12:10,    18, 43.50, 39.30,  4.20
         0,     0, 4,19:12:17,19:12:20,     3, 39.30, 43.30, -4.00
  12706656,  7065, 2,19:11:51,19:12:49,    58, 44.10, 28.60, 15.50
  12706737,  7146, 1,19:11:12,19:12:55,   103, 41.20, 41.10,  0.10
         0,     0, 2,19:12:57,19:13:12,    15, 28.60, 44.10,-15.50
  12448472,     0, 7,19:13:41,19:14:02,    21, 40.90, 40.40,  0.50
  12706628,  7037, 4,19:12:30,19:14:09,    99, 43.30, 32.80, 10.50
  12200079,  5133, 2,19:13:26,19:14:14,    48, 44.10, 31.30, 12.80
         0,     0, 4,19:14:18,19:14:28,    10, 32.80, 43.10,-10.30
         0,     0, 2,19:14:22,19:14:34,    12, 31.30, 44.00,-12.70
  13323409,     0, 5,19:14:46,19:15:08,    22, 39.40, 35.60,  3.80
         0,     0, 5,19:15:16,19:15:20,     4, 35.60, 35.70, -0.10
  12706727,     0, 7,19:14:41,19:15:23,    42, 40.40, 35.30,  5.10
         0,     0, 7,19:15:31,19:15:38,     7, 35.30, 41.10, -5.80
  12448420,  6033, 2,19:14:44,19:15:39,    55, 44.00, 36.50,  7.50
         0,     0, 2,19:15:48,19:15:54,     6, 36.50, 44.10, -7.60
  12448519,     0, 5,19:17:06,19:18:02,    56, 41.10, 30.60, 10.50
         0,     0, 5,19:18:10,19:18:18,     8, 30.60, 41.50,-10.90
  12706737,  7146, 1,19:17:35,19:18:47,    72, 41.10, 41.10,  0.00
  21268732,  6126, 2,19:17:03,19:18:52,   109, 44.00, 37.30,  6.70
  12448472,     0, 8,19:17:47,19:18:59,    72, 39.50, 32.00,  7.50
         0,     0, 2,19:19:00,19:19:05,     5, 37.30, 44.00, -6.70
         0,     0, 8,19:19:07,19:19:16,     9, 32.00, 41.30, -9.30
  12706737,  7146, 2,19:19:15,19:19:23,     8, 44.10, 44.10,  0.00
  12706613,  7022, 4,19:20:51,19:21:39,    48, 43.30, 38.00,  5.30
         0,     0, 4,19:21:47,19:21:51,     4, 38.00, 43.20, -5.20
  12199959,     0, 7,19:21:54,19:23:00,    66, 41.10, 37.70,  3.40
         0,     0, 7,19:23:07,19:23:11,     4, 37.70, 41.10, -3.40
  12448417,  6030, 3,19:23:24,19:23:42,    18, 45.20, 43.80,  1.40
         0,     0, 3,19:23:49,19:23:50,     1, 43.80, 46.20, -2.40
  12200083,  5137, 4,19:22:54,19:23:51,    57, 43.30, 43.20,  0.10
  12706624,  7033, 1,19:23:12,19:23:50,    38, 41.10, 38.80,  2.30
  12199959,     0, 7,19:23:35,19:23:54,    19, 41.10, 40.40,  0.70
         0,     0, 1,19:23:59,19:24:00,     1, 38.80, 41.30, -2.50
  13008774,  8015, 4,19:24:18,19:24:24,     6, 43.20, 43.40, -0.20
  12199959,     0, 7,19:24:04,19:24:26,    22, 40.00, 40.00,  0.00
  12448415,  6028, 2,19:25:15,19:26:38,    83, 44.00, 35.10,  8.90
         0,     0, 2,19:26:47,19:26:55,     8, 35.10, 44.00, -8.90
  12448440,     0, 7,19:26:13,19:26:52,    39, 40.00, 38.20,  1.80
         0,     0, 7,19:27:01,19:27:04,     3, 38.20, 41.10, -2.90
  12448412,     0, 5,19:25:55,19:27:54,   119, 41.30, 30.60, 10.70
         0,     0, 5,19:28:02,19:28:11,     9, 30.60, 30.70, -0.10
  12448417,  6030, 1,19:27:05,19:28:12,    67, 41.30, 27.60, 13.70
         0,     0, 1,19:28:20,19:28:32,    12, 27.60, 41.30,-13.70
  12200083,  5137, 4,19:28:24,19:28:49,    25, 43.50, 43.20,  0.30
  12200083,  5137, 3,19:29:02,19:29:08,     6, 46.30, 46.20,  0.10
  12706620,  7029, 3,19:29:38,19:29:47,     9, 46.30, 46.20,  0.10
  12706620,  7029, 4,19:29:51,19:29:56,     5, 43.30, 43.30,  0.00
  11499231,     0, 8,19:28:57,19:30:04,    67, 41.20, 35.60,  5.60
         0,     0, 8,19:30:11,19:30:16,     5, 35.60, 41.20, -5.60
  12706630,  7039, 1,19:28:49,19:30:53,   124, 41.30, 25.90, 15.40
  11499231,     0, 8,19:30:42,19:30:58,    16, 41.20, 39.40,  1.80
         0,     0, 8,19:31:06,19:31:07,     1, 39.40, 41.20, -1.80
  13323412,     0, 5,19:30:11,19:31:11,    60, 41.50, 40.90,  0.60
         0,     0, 1,19:31:01,19:31:15,    14, 25.90, 41.20,-15.30
  12706630,  7039, 2,19:30:57,19:32:18,    81, 44.00, 35.10,  8.90
  12448420,  6033, 1,19:31:56,19:32:19,    23, 41.30, 40.10,  1.20
         0,     0, 2,19:32:26,19:32:34,     8, 35.10, 44.00, -8.90
  12199959,     0, 8,19:33:08,19:33:21,    13, 41.20, 41.00,  0.20
  12200083,  5137, 2,19:32:44,19:33:58,    74, 44.10, 30.00, 14.10
         0,     0, 2,19:34:07,19:34:20,    13, 30.00, 44.10,-14.10
  11724250,  3150, 2,19:34:30,19:34:35,     5, 44.10, 43.00,  1.10
  12706620,  7029, 3,19:33:11,19:34:45,    94, 46.20, 39.50,  6.70
         0,     0, 3,19:34:52,19:34:57,     5, 39.50, 46.20, -6.70
  11724250,  3150, 1,19:35:21,19:36:24,    63, 40.10, 25.00, 15.10
         0,     0, 1,19:36:32,19:36:47,    15, 25.00, 25.10, -0.10
  12706610,  7019, 2,19:36:07,19:36:58,    51, 43.00, 36.10,  6.90
         0,     0, 2,19:37:06,19:37:13,     7, 36.10, 44.00, -7.90
  13008738,  7159, 4,19:37:07,19:37:12,     5, 43.30, 43.20,  0.10
  13008738,  7159, 3,19:37:17,19:37:22,     5, 46.20, 46.10,  0.10
  12706620,  7029, 2,19:37:36,19:38:35,    59, 44.00, 34.10,  9.90
         0,     0, 2,19:38:43,19:38:52,     9, 34.10, 44.10,-10.00
  13008738,  7159, 2,19:40:50,19:43:06,   136, 44.10, 34.10, 10.00
  12448440,     0, 7,19:43:01,19:43:17,    16, 40.20, 39.60,  0.60
         0,     0, 2,19:43:15,19:43:24,     9, 34.10, 44.00, -9.90
         0,     0, 7,19:43:24,19:43:25,     1, 39.60, 41.00, -1.40
  12706651,     0, 7,19:45:22,19:45:31,     9, 41.00, 40.90,  0.10
  12706651,     0, 8,19:45:35,19:45:41,     6, 41.00, 40.90,  0.10
  12706651,     0, 8,19:46:43,19:46:44,     1, 35.00, 35.00,  0.00
         0,     0, 8,19:46:51,19:46:57,     6, 35.00, 41.20, -6.20
  12448521,  6134, 1,19:46:13,19:47:13,    60, 41.30, 30.50, 10.80
         0,     0, 1,19:47:22,19:47:32,    10, 30.50, 41.30,-10.80
  13323409,     0, 5,19:48:47,19:49:25,    38, 40.70, 35.50,  5.20
         0,     0, 5,19:49:33,19:49:37,     4, 35.50, 41.60, -6.10
  12706656,  7065, 2,19:49:39,19:50:08,    29, 44.10, 40.10,  4.00
         0,     0, 2,19:50:16,19:50:18,     2, 40.10, 44.00, -3.90
  21268732,  6126, 1,19:50:14,19:51:34,    80, 41.30, 36.40,  4.90
         0,     0, 1,19:51:42,19:51:46,     4, 36.40, 41.20, -4.80
  21268732,  6126, 1,19:52:02,19:53:10,    68, 41.20, 37.30,  3.90
         0,     0, 1,19:53:18,19:53:21,     3, 37.30, 41.30, -4.00
  12706613,  7022, 4,19:55:18,19:55:59,    41, 43.10, 38.70,  4.40
         0,     0, 4,19:56:08,19:56:12,     4, 38.70, 43.20, -4.50
  12706620,  7029, 2,19:55:52,19:56:50,    58, 44.00, 40.60,  3.40
         0,     0, 2,19:56:58,19:57:00,     2, 40.60, 44.00, -3.40
  12199974,  5028, 4,20:05:36,20:05:42,     6, 43.20, 43.00,  0.20
  12199974,  5028, 3,20:06:04,20:06:10,     6, 46.20, 46.10,  0.10
  12448480,     0, 5,20:06:35,20:06:43,     8, 41.20, 41.20,  0.00
  12448517,  6130, 1,20:04:49,20:06:50,   121, 41.30, 30.90, 10.40
         0,     0, 1,20:06:59,20:07:08,     9, 30.90, 41.20,-10.30
  12448480,     0, 5,20:07:11,20:08:36,    85, 39.90, 29.30, 10.60
         0,     0, 5,20:08:44,20:08:54,    10, 29.30, 41.50,-12.20
  12199974,  5028, 1,20:10:54,20:12:39,   105, 41.20, 21.90, 19.30
         0,     0, 1,20:12:47,20:13:05,    18, 21.90, 41.30,-19.40
  12706656,  7065, 3,20:12:46,20:13:46,    60, 46.10, 38.10,  8.00
         0,     0, 3,20:13:55,20:14:01,     6, 38.10, 38.10,  0.00
  12200083,  5137, 2,20:18:08,20:18:43,    35, 43.90, 38.70,  5.20
         0,     0, 2,20:18:51,20:18:55,     4, 38.70, 44.00, -5.30
  12448420,  6033, 4,20:19:42,20:19:53,    11, 43.10, 42.60,  0.50
  12200091,  5145, 1,20:19:53,20:20:53,    60, 41.30, 29.90, 11.40
         0,     0, 1,20:21:01,20:21:11,    10, 29.90, 41.30,-11.40
  12448420,  6033, 4,20:20:36,20:21:44,    68, 42.60, 39.30,  3.30
         0,     0, 4,20:21:53,20:21:56,     3, 39.30, 43.30, -4.00
  11724172,     0, 7,20:24:24,20:24:31,     7, 40.90, 40.90,  0.00
  12706630,  7039, 3,20:24:10,20:25:00,    50, 46.30, 43.80,  2.50
         0,     0, 3,20:25:08,20:25:09,     1, 43.80, 46.10, -2.30
  11953971,  4001, 1,20:26:54,20:28:16,    82, 41.30, 22.50, 18.80
         0,     0, 1,20:28:24,20:28:41,    17, 22.50, 41.30,-18.80
  12448482,     0, 7,20:24:40,20:29:31,   291, 40.90, 31.30,  9.60
         0,     0, 7,20:29:39,20:29:52,    13, 31.30, 41.10, -9.80
  11499184,  2074, 2,20:30:40,20:31:30,    50, 44.10, 31.00, 13.10
         0,     0, 2,20:31:38,20:31:50,    12, 31.00, 44.00,-13.00
  12706630,  7039, 3,20:31:48,20:32:41,    53, 46.20, 45.20,  1.00
  12706621,  7030, 3,20:33:40,20:33:45,     5, 45.40, 45.10,  0.30
  12706621,  7030, 4,20:33:50,20:34:46,    56, 43.50, 29.80, 13.70
         0,     0, 4,20:34:53,20:35:06,    13, 29.80, 43.40,-13.60
  13008906,     0, 7,20:34:24,20:35:28,    64, 41.10, 33.80,  7.30
         0,     0, 7,20:35:35,20:35:44,     9, 33.80, 41.10, -7.30
  12448420,  6033, 4,20:35:16,20:36:47,    91, 43.30, 42.50,  0.80
  12448408,  6021, 1,20:39:42,20:40:06,    24, 41.30, 39.60,  1.70
         0,     0, 1,20:40:15,20:40:16,     1, 39.60, 41.20, -1.60
  11954042,  4072, 2,20:40:31,20:41:53,    82, 44.00, 29.60, 14.40
         0,     0, 2,20:42:00,20:42:13,    13, 29.60, 44.00,-14.40
  11499184,  2074, 2,20:45:04,20:45:31,    27, 44.00, 35.20,  8.80
         0,     0, 2,20:45:39,20:45:47,     8, 35.20, 44.00, -8.80
  12706630,  7039, 1,20:45:49,20:46:52,    63, 41.20, 34.30,  6.90
         0,     0, 1,20:46:59,20:47:05,     6, 34.30, 41.30, -7.00
  12448408,  6021, 3,20:48:19,20:48:28,     9, 45.20, 45.20,  0.00
  12448408,  6021, 4,20:48:32,20:49:32,    60, 42.60, 28.30, 14.30
         0,     0, 4,20:49:41,20:49:55,    14, 28.30, 43.30,-15.00
  12448518,  6131, 4,20:52:39,20:53:31,    52, 43.40, 31.40, 12.00
         0,     0, 4,20:53:38,20:53:49,    11, 31.40, 43.20,-11.80
  12448518,  6131, 3,20:54:19,20:55:10,    51, 45.20, 44.30,  0.90
  12200004,  5058, 3,20:55:27,20:55:34,     7, 44.30, 44.40, -0.10
  13008842,     0, 8,20:56:21,20:57:04,    43, 41.00, 35.60,  5.40
         0,     0, 8,20:57:13,20:57:18,     5, 35.60, 41.20, -5.60
  12200004,  5058, 4,20:58:31,20:59:29,    58, 43.40, 33.90,  9.50
         0,     0, 4,20:59:37,20:59:46,     9, 33.90, 43.20, -9.30
  12448517,  6130, 2,21:02:10,21:05:07,   177, 44.00, 33.10, 10.90
         0,     0, 2,21:05:15,21:05:25,    10, 33.10, 44.00,-10.90
  12706628,  7037, 1,21:01:53,21:06:37,   284, 41.30, 24.10, 17.20
         0,     0, 1,21:06:44,21:07:00,    16, 24.10, 41.30,-17.20
  12706737,  7146, 4,21:08:10,21:09:59,   109, 43.20, 38.80,  4.40
         0,     0, 4,21:10:07,21:10:11,     4, 38.80, 43.20, -4.40
  12706737,  7146, 3,21:10:03,21:11:26,    83, 44.40, 42.50,  1.90
         0,     0, 3,21:11:33,21:11:35,     2, 42.50, 46.40, -3.90
  12706630,  7039, 2,21:14:12,21:14:53,    41, 44.00, 40.00,  4.00
         0,     0, 2,21:15:01,21:15:04,     3, 40.00, 43.90, -3.90
  12706630,  7039, 2,21:15:46,21:16:11,    25, 44.00, 38.90,  5.10
         0,     0, 2,21:16:19,21:16:23,     4, 38.90, 44.10, -5.20
  12199987,  5041, 3,21:18:24,21:18:27,     3, 46.20, 46.30, -0.10
  11499184,  2074, 2,21:19:20,21:20:16,    56, 44.10, 33.40, 10.70
         0,     0, 2,21:20:23,21:20:32,     9, 33.40, 44.10,-10.70
  12448516,  6129, 1,21:22:00,21:22:37,    37, 41.20, 29.50, 11.70
         0,     0, 1,21:22:44,21:22:55,    11, 29.50, 41.30,-11.80
  12706614,  7023, 4,21:22:20,21:24:05,   105, 43.40, 29.30, 14.10
         0,     0, 4,21:24:13,21:24:26,    13, 29.30, 43.20,-13.90
  12448437,  6050, 1,21:24:19,21:27:00,   161, 41.30, 24.60, 16.70
         0,     0, 1,21:27:09,21:27:25,    16, 24.60, 41.30,-16.70
  12448437,  6050, 2,21:27:30,21:27:55,    25, 44.10, 41.80,  2.30
  13008842,     0, 7,21:27:54,21:27:56,     2, 41.10, 41.10,  0.00
         0,     0, 2,21:28:03,21:28:04,     1, 41.80, 44.00, -2.20
  12448521,  6134, 1,21:28:06,21:29:48,   102, 41.30, 28.70, 12.60
         0,     0, 1,21:29:56,21:30:08,    12, 28.70, 41.40,-12.70
  12448408,  6021, 4,21:29:32,21:30:29,    57, 43.30, 27.10, 16.20
         0,     0, 4,21:30:36,21:30:51,    15, 27.10, 43.30,-16.20
  12706737,  7146, 3,21:31:24,21:32:28,    64, 46.10, 40.70,  5.40
         0,     0, 3,21:32:36,21:32:40,     4, 40.70, 46.10, -5.40
  12199987,  5041, 1,21:30:18,21:32:49,   151, 41.40, 28.50, 12.90
         0,     0, 1,21:32:57,21:33:09,    12, 28.50, 41.40,-12.90
  12706642,  7051, 3,21:33:51,21:34:24,    33, 46.10, 42.40,  3.70
         0,     0, 3,21:34:33,21:34:35,     2, 42.40, 46.20, -3.80
  12706642,  7051, 4,21:34:32,21:34:56,    24, 43.70, 39.20,  4.50
         0,     0, 4,21:35:04,21:35:07,     3, 39.20, 43.20, -4.00
  12706618,  7027, 1,21:36:17,21:37:36,    79, 41.40, 29.10, 12.30
         0,     0, 1,21:37:45,21:37:56,    11, 29.10, 41.30,-12.20
  12448415,  6028, 3,21:40:03,21:40:18,    15, 46.10, 46.30, -0.20
  12448415,  6028, 4,21:40:29,21:42:45,   136, 43.30, 28.70, 14.60
         0,     0, 4,21:42:53,21:43:07,    14, 28.70, 43.30,-14.60
  12200086,  5140, 1,21:46:41,21:48:32,   111, 41.30, 34.00,  7.30
         0,     0, 1,21:48:40,21:48:46,     6, 34.00, 41.30, -7.30
  12706610,  7019, 3,21:51:58,21:52:14,    16, 46.20, 46.20,  0.00
  12706601,  7010, 4,21:49:12,21:52:54,   222, 43.30, 22.90, 20.40
         0,     0, 4,21:53:02,21:53:21,    19, 22.90, 43.20,-20.30
  12200086,  5140, 1,21:55:52,21:56:31,    39, 41.30, 37.60,  3.70
         0,     0, 1,21:56:39,21:56:42,     3, 37.60, 41.30, -3.70
  12706624,  7033, 1,21:57:04,22:00:37,   213, 41.30, 25.00, 16.30
         0,     0, 1,22:00:45,22:01:00,    15, 25.00, 41.30,-16.30
  12706615,  7024, 4,21:59:33,22:01:48,   135, 43.40, 24.80, 18.60
         0,     0, 4,22:01:56,22:02:13,    17, 24.80, 43.20,-18.40
  12706615,  7024, 3,22:02:06,22:02:58,    52, 46.30, 41.60,  4.70
         0,     0, 3,22:03:06,22:03:09,     3, 41.60, 41.40,  0.20
  12706642,  7051, 2,22:04:31,22:05:27,    56, 44.00, 35.30,  8.70
  12706610,  7019, 4,22:04:19,22:05:34,    75, 43.40, 33.40, 10.00
         0,     0, 2,22:05:35,22:05:43,     8, 35.30, 44.00, -8.70
         0,     0, 4,22:05:41,22:05:50,     9, 33.40, 43.30, -9.90
  12706609,  7018, 1,22:05:38,22:06:44,    66, 41.30, 30.60, 10.70
         0,     0, 1,22:06:51,22:07:00,     9, 30.60, 41.30,-10.70
  12200062,  1556, 5,22:15:43,22:17:01,    78, 40.30, 32.40,  7.90
         0,     0, 5,22:17:09,22:17:16,     7, 32.40, 32.50, -0.10
  12706624,  7033, 2,22:17:26,22:17:40,    14, 44.00, 44.00,  0.00
  12706624,  7033, 1,22:17:45,22:18:22,    37, 41.30, 40.30,  1.00
  11724250,  3150, 2,22:21:28,22:22:22,    54, 44.00, 34.40,  9.60
         0,     0, 2,22:22:30,22:22:38,     8, 34.40, 44.10, -9.70
  12706618,  7027, 4,22:22:27,22:22:58,    31, 43.40, 38.70,  4.70
         0,     0, 4,22:23:05,22:23:09,     4, 38.70, 43.10, -4.40
  11724250,  3150, 1,22:22:27,22:23:06,    39, 40.30, 34.80,  5.50
         0,     0, 1,22:23:14,22:23:19,     5, 34.80, 41.30, -6.50
  12706609,  7018, 4,22:26:15,22:27:00,    45, 43.00, 37.90,  5.10
         0,     0, 4,22:27:07,22:27:12,     5, 37.90, 37.90,  0.00
  12706620,  7029, 2,22:27:50,22:29:29,    99, 44.10, 35.40,  8.70
         0,     0, 2,22:29:36,22:29:43,     7, 35.40, 44.10, -8.70
  12200081,  5135, 1,22:33:59,22:34:34,    35, 41.30, 34.70,  6.60
         0,     0, 1,22:34:41,22:34:47,     6, 34.70, 41.30, -6.60
  12706642,  7051, 2,22:36:42,22:37:26,    44, 44.10, 35.70,  8.40
         0,     0, 2,22:37:33,22:37:40,     7, 35.70, 44.00, -8.30
  11724167,  3067, 1,22:37:07,22:38:16,    69, 41.30, 19.70, 21.60
         0,     0, 1,22:38:24,22:38:45,    21, 19.70, 41.20,-21.50
  12199959,     0, 7,22:38:46,22:39:13,    27, 41.00, 39.90,  1.10
         0,     0, 7,22:39:21,22:39:21,     0, 39.90, 40.90, -1.00
  12706620,  7029, 1,22:41:04,22:42:36,    92, 41.20, 36.50,  4.70
         0,     0, 1,22:42:44,22:42:48,     4, 36.50, 41.30, -4.80
  12706621,  7030, 3,22:42:56,22:43:00,     4, 46.30, 46.30,  0.00
  12200062,  1556, 5,22:42:16,22:43:30,    74, 41.30, 33.80,  7.50
         0,     0, 5,22:43:38,22:43:44,     6, 33.80, 33.90, -0.10
  12706621,  7030, 4,22:43:05,22:43:55,    50, 43.10, 30.60, 12.50
         0,     0, 4,22:44:03,22:44:15,    12, 30.60, 43.30,-12.70
  11953971,  4001, 1,22:45:16,22:45:35,    19, 41.30, 41.30,  0.00
  11953971,  4001, 2,22:45:42,22:46:07,    25, 44.00, 43.90,  0.10
  13008774,  8015, 4,22:45:47,22:47:17,    90, 43.60, 36.40,  7.20
         0,     0, 4,22:47:24,22:47:30,     6, 36.40, 43.30, -6.90
  11953971,  4001, 1,22:47:17,22:49:17,   120, 41.30, 23.30, 18.00
         0,     0, 1,22:49:25,22:49:41,    16, 23.30, 41.20,-17.90
  12706618,  7027, 1,22:54:51,22:55:43,    52, 41.30, 31.90,  9.40
         0,     0, 1,22:55:50,22:55:58,     8, 31.90, 41.30, -9.40
  12199959,     0, 8,22:57:18,22:57:26,     8, 40.90, 40.30,  0.60
  11724217,  3117, 1,22:57:16,22:59:26,   130, 41.40, 12.10, 29.30
         0,     0, 1,22:59:34,23:00:02,    28, 12.10, 41.40,-29.30
  12199959,     0, 8,22:57:39,23:00:09,   150, 40.30, 33.10,  7.20
         0,     0, 8,23:00:17,23:00:25,     8, 33.10, 41.20, -8.10
  12200083,  5137, 4,23:04:18,23:05:28,    70, 43.20, 29.30, 13.90
         0,     0, 4,23:05:35,23:05:48,    13, 29.30, 43.20,-13.90
  12200083,  5137, 4,23:06:32,23:06:59,    27, 43.30, 38.30,  5.00
         0,     0, 4,23:07:07,23:07:11,     4, 38.30, 43.30, -5.00
  13008774,  8015, 4,23:08:33,23:08:37,     4, 43.30, 43.50, -0.20
  12448440,     0, 8,23:07:49,23:09:02,    73, 41.20, 36.70,  4.50
         0,     0, 8,23:09:11,23:09:15,     4, 36.70, 41.30, -4.60
  12448440,     0, 8,23:09:34,23:10:05,    31, 39.10, 39.10,  0.00
         0,     0, 8,23:10:13,23:10:14,     1, 39.10, 41.30, -2.20
  12199987,  5041, 1,23:09:57,23:12:53,   176, 41.40, 27.30, 14.10
         0,     0, 1,23:13:01,23:13:14,    13, 27.30, 41.30,-14.00
  13008774,  8015, 3,23:14:46,23:15:00,    14, 46.40, 46.30,  0.10
  11954042,  4072, 1,23:14:55,23:15:04,     9, 41.30, 41.30,  0.00
  12199951,  5005, 4,23:13:29,23:15:09,   100, 43.40, 37.30,  6.10
         0,     0, 4,23:15:16,23:15:21,     5, 37.30, 37.20,  0.10
  11954042,  4072, 2,23:15:18,23:15:39,    21, 43.80, 43.80,  0.00
  11954042,  4072, 2,23:15:49,23:17:13,    84, 43.80, 31.40, 12.40
         0,     0, 2,23:17:21,23:17:33,    12, 31.40, 44.00,-12.60
  12199951,  5005, 4,23:16:31,23:17:36,    65, 43.30, 38.30,  5.00
         0,     0, 4,23:17:44,23:17:48,     4, 38.30, 38.20,  0.10
  12200091,  5145, 2,23:21:19,23:22:03,    44, 44.00, 37.00,  7.00
         0,     0, 2,23:22:12,23:22:18,     6, 37.00, 44.00, -7.00
  12200091,  5145, 1,23:22:08,23:22:35,    27, 41.30, 32.50,  8.80
         0,     0, 1,23:22:43,23:22:51,     8, 32.50, 41.30, -8.80
  11724167,  3067, 4,23:23:25,23:24:13,    48, 43.40, 29.00, 14.40
         0,     0, 4,23:24:20,23:24:33,    13, 29.00, 43.30,-14.30
  12706656,  7065, 4,23:28:16,23:29:46,    90, 43.60, 37.60,  6.00
         0,     0, 4,23:29:53,23:29:58,     5, 37.60, 43.30, -5.70
  12448517,  6130, 4,23:35:03,23:36:27,    84, 43.30, 33.30, 10.00
         0,     0, 4,23:36:36,23:36:45,     9, 33.30, 43.20, -9.90
  11499117,  2007, 4,23:43:06,23:44:21,    75, 43.40, 29.90, 13.50
         0,     0, 4,23:44:29,23:44:41,    12, 29.90, 43.30,-13.40
         0,     0, 1,23:44:50,23:45:00,    10, 41.30, 41.30,  0.00
         0,     0, 2,23:44:50,23:45:00,    10, 44.00, 44.00,  0.00
         0,     0, 3,23:44:50,23:45:00,    10, 46.30, 46.30,  0.00
         0,     0, 5,23:44:50,23:45:00,    10, 40.90, 40.90,  0.00
         0,     0, 7,23:44:50,23:45:00,    10, 40.90, 40.90,  0.00
         0,     0, 8,23:44:50,23:45:00,    10, 41.20, 41.20,  0.00
         0,     0, 4,23:44:58,23:45:08,    10, 43.30, 43.30,  0.00
