         0,     0, 1, 0:03:23, 0:03:33,    10, 41.20, 41.20,  0.00
         0,     0, 2, 0:03:23, 0:03:33,    10, 42.90, 42.90,  0.00
         0,     0, 3, 0:03:23, 0:03:33,    10, 46.20, 46.20,  0.00
         0,     0, 4, 0:03:23, 0:03:33,    10, 42.90, 42.90,  0.00
         0,     0, 6, 0:03:23, 0:03:33,    10,  1.00,  1.00,  0.00
         0,     0, 5, 0:03:23, 0:03:33,    10, 41.00, 41.00,  0.00
         0,     0, 7, 0:03:23, 0:03:33,    10, 41.60, 41.60,  0.00
         0,     0, 8, 0:03:23, 0:03:33,    10, 41.00, 41.00,  0.00
         0,     0, 9, 0:03:23, 0:03:33,    10, 41.10, 41.10,  0.00
         0,     0,10, 0:03:23, 0:03:33,    10, 40.40, 40.40,  0.00
  13008866,     0, 8, 0:09:04, 0:14:38,   334, 41.00, 39.50,  1.50
         0,     0, 8, 0:14:46, 0:14:47,     1, 39.50, 40.80, -1.30
  13008866,     0, 8, 0:14:59, 0:16:33,    94, 40.80, 40.30,  0.50
  13008866,     0, 8, 0:16:52, 0:18:33,   101, 40.20, 39.70,  0.50
         0,     0, 8, 0:18:42, 0:18:43,     1, 39.70, 40.90, -1.20
  13008866,     0, 8, 0:18:57, 0:20:55,   118, 40.80, 40.10,  0.70
  13008866,     0, 8, 0:21:20, 0:22:14,    54, 40.00, 39.70,  0.30
         0,     0, 8, 0:22:22, 0:22:23,     1, 39.70, 40.80, -1.10
  13008866,     0, 8, 0:22:36, 0:23:25,    49, 40.80, 40.50,  0.30
  13008866,     0, 8, 0:23:57, 0:24:36,    39, 40.30, 40.10,  0.20
  12448428,  6041, 3, 0:25:53, 0:27:17,    84, 46.50, 26.00, 20.50
  21306958,  5124, 9, 0:21:13, 0:27:21,   368, 41.10, 36.10,  5.00
         0,     0, 9, 0:27:29, 0:27:35,     6, 36.10, 41.10, -5.00
         0,     0, 3, 0:27:25, 0:27:43,    18, 26.00, 46.50,-20.50
  21306958,  5124, 9, 0:27:45, 0:28:21,    36, 41.00, 39.70,  1.30
         0,     0, 9, 0:28:29, 0:28:30,     1, 39.70, 41.10, -1.40
  12200046,  5100, 2, 0:30:56, 0:32:16,    80, 42.90, 33.40,  9.50
         0,     0, 2, 0:32:24, 0:32:34,    10, 33.40, 43.80,-10.40
  12706700,  7109, 1, 0:36:09, 0:36:59,    50, 41.20, 30.90, 10.30
         0,     0, 1, 0:37:07, 0:37:16,     9, 30.90, 41.30,-10.40
  11953978,  4008, 3, 0:36:39, 0:37:45,    66, 46.70, 38.90,  7.80
         0,     0, 3, 0:37:52, 0:37:58,     6, 38.90, 46.40, -7.50
  12706701,  7110, 2, 0:38:09, 0:40:57,   168, 44.20, 34.70,  9.50
         0,     0, 2, 0:41:06, 0:41:14,     8, 34.70, 43.80, -9.10
  12706701,  7110, 2, 0:41:24, 0:41:53,    29, 43.90, 40.30,  3.60
         0,     0, 2, 0:42:01, 0:42:03,     2, 40.30, 43.70, -3.40
  12448416,  6029, 3, 0:47:21, 0:50:19,   178, 46.80, 30.80, 16.00
         0,     0, 3, 0:50:27, 0:50:40,    13, 30.80, 30.60,  0.20
  12448451,  6064, 3, 0:57:54, 0:59:20,    86, 46.20, 46.70, -0.50
  12706655,  7064, 4, 0:59:08, 1:01:27,   139, 43.60, 28.60, 15.00
         0,     0, 4, 1:01:36, 1:01:50,    14, 28.60, 28.60,  0.00
  12448451,  6064, 3, 0:59:36, 1:02:41,   185, 46.70, 24.00, 22.70
         0,     0, 3, 1:02:50, 1:03:10,    20, 24.00, 23.70,  0.30
  12448479,  6092, 1, 1:01:24, 1:03:20,   116, 41.20, 30.60, 10.60
         0,     0, 1, 1:03:28, 1:03:38,    10, 30.60, 41.30,-10.70
  21304388,  6125, 5, 1:14:50, 1:15:44,    54, 40.90, 40.80,  0.10
  12448432,  6045, 2, 1:26:27, 1:29:34,   187, 43.70, 31.70, 12.00
         0,     0, 2, 1:29:42, 1:29:54,    12, 31.70, 43.80,-12.10
  12706637,  7046, 3, 1:29:05, 1:31:29,   144, 46.60, 33.30, 13.30
         0,     0, 3, 1:31:36, 1:31:47,    11, 33.30, 33.40, -0.10
  13008768,     0, 9, 1:31:50, 1:31:57,     7, 41.00, 41.00,  0.00
  12448416,  6029, 3, 1:35:54, 1:36:28,    34, 46.60, 46.20,  0.40
  12706705,  7114, 5, 1:42:13, 1:42:21,     8, 40.80, 40.70,  0.10
  12199981,  5035, 3, 1:43:06, 1:43:52,    46, 45.80, 31.40, 14.40
         0,     0, 3, 1:44:01, 1:44:14,    13, 31.40, 31.60, -0.20
  12706705,  7114, 5, 1:42:35, 1:47:04,   269, 40.70, 26.20, 14.50
         0,     0, 5, 1:47:13, 1:47:27,    14, 26.20, 40.90,-14.70
  12706669,  7078, 4, 1:59:52, 2:00:49,    57, 44.20, 33.90, 10.30
         0,     0, 4, 2:00:57, 2:01:06,     9, 33.90, 43.30, -9.40
  12448479,  6092, 3, 2:01:27, 2:03:07,   100, 46.60, 37.80,  8.80
         0,     0, 3, 2:03:15, 2:03:22,     7, 37.80, 37.60,  0.20
  12706727,  7136, 2, 2:06:15, 2:06:26,    11, 43.90, 43.80,  0.10
  12706727,  7136, 1, 2:06:35, 2:07:39,    64, 41.20, 34.60,  6.60
         0,     0, 1, 2:07:46, 2:07:52,     6, 34.60, 41.30, -6.70
  12706719,  7128, 3, 2:07:33, 2:10:30,   177, 46.70, 29.40, 17.30
         0,     0, 3, 2:10:38, 2:10:52,    14, 29.40, 29.40,  0.00
  13008815,     0, 9, 2:09:04, 2:10:50,   106, 41.00, 36.20,  4.80
         0,     0, 9, 2:10:58, 2:11:04,     6, 36.20, 40.50, -4.30
  13008815,     0, 9, 2:11:20, 2:11:22,     2, 38.80, 38.80,  0.00
         0,     0, 9, 2:11:29, 2:11:31,     2, 38.80, 41.10, -2.30
  12448454,  6067, 4, 2:11:54, 2:13:05,    71, 43.60, 41.50,  2.10
         0,     0, 4, 2:13:13, 2:13:14,     1, 41.50, 43.30, -1.80
  12448454,  6067, 3, 2:13:51, 2:13:52,     1, 47.50, 46.70,  0.80
  13008742,  7163, 5, 2:13:36, 2:14:03,    27, 40.90, 40.80,  0.10
  12448454,  6067, 4, 2:14:04, 2:16:33,   149, 43.40, 28.50, 14.90
         0,     0, 4, 2:16:41, 2:16:55,    14, 28.50, 43.50,-15.00
  12706707,  7116, 2, 2:16:21, 2:17:02,    41, 43.90, 43.80,  0.10
  13008742,  7163, 5, 2:14:13, 2:17:04,   171, 40.80, 23.90, 16.90
         0,     0, 5, 2:17:12, 2:17:29,    17, 23.90, 40.80,-16.90
  12706707,  7116, 1, 2:17:40, 2:19:04,    84, 41.20, 30.90, 10.30
         0,     0, 1, 2:19:11, 2:19:20,     9, 30.90, 41.20,-10.30
  13008815,     0, 9, 2:27:05, 2:27:42,    37, 41.10, 40.10,  1.00
  11953996,  4026, 1, 2:24:07, 2:28:02,   235, 41.20, 18.90, 22.30
         0,     0, 1, 2:28:10, 2:28:31,    21, 18.90, 41.20,-22.30
  12200042,  5096, 2, 2:32:50, 2:33:04,    14, 43.80, 43.80,  0.00
  12200042,  5096, 1, 2:33:12, 2:33:28,    16, 41.20, 41.10,  0.10
  13008816,     0, 7, 2:35:50, 2:38:23,   153, 41.40, 35.90,  5.50
         0,     0, 7, 2:38:31, 2:38:34,     3, 35.90, 41.50, -5.60
  12448474,  6087, 3, 2:38:27, 2:40:00,    93, 46.50, 30.80, 15.70
         0,     0, 3, 2:40:08, 2:40:22,    14, 30.80, 46.40,-15.60
  12706707,  7116, 1, 2:44:56, 2:45:09,    13, 41.10, 39.90,  1.20
         0,     0, 1, 2:45:17, 2:45:17,     0, 39.90, 41.00, -1.10
  12706707,  7116, 1, 2:45:30, 2:46:04,    34, 41.00, 36.40,  4.60
         0,     0, 1, 2:46:14, 2:46:18,     4, 36.40, 41.20, -4.80
  21268104,  6062, 2, 2:49:35, 2:49:45,    10, 43.70, 43.70,  0.00
  21268104,  6062, 1, 2:49:49, 2:50:11,    22, 41.20, 40.60,  0.60
  21268104,  6062, 1, 2:50:34, 2:52:23,   109, 40.50, 28.80, 11.70
         0,     0, 1, 2:52:32, 2:52:43,    11, 28.80, 41.20,-12.40
  13008816,     0, 7, 2:39:54, 3:05:41,  1547, 41.70, 36.50,  5.20
         0,     0, 7, 3:05:49, 3:05:52,     3, 36.50, 41.40, -4.90
  12706729,  7138, 5, 3:05:22, 3:06:46,    84, 40.90, 38.20,  2.70
         0,     0, 5, 3:06:54, 3:06:56,     2, 38.20, 40.50, -2.30
  21304388,  6125, 5, 3:24:04, 3:34:09,   605, 40.60, 23.20, 17.40
         0,     0, 5, 3:34:17, 3:34:33,    16, 23.20, 40.90,-17.70
  12706616,  7025, 4, 3:38:19, 3:40:28,   129, 44.10, 23.50, 20.60
         0,     0, 4, 3:40:36, 3:40:54,    18, 23.50, 43.40,-19.90
  12448471,  6084, 3, 3:45:00, 3:45:51,    51, 46.50, 39.90,  6.60
         0,     0, 3, 3:46:00, 3:46:05,     5, 39.90, 39.80,  0.10
  12706729,  7138, 2, 3:48:33, 3:50:47,   134, 43.60, 33.20, 10.40
         0,     0, 2, 3:50:55, 3:51:05,    10, 33.20, 43.70,-10.50
  12706700,  7109, 1, 3:53:55, 3:54:00,     5, 41.20, 41.20,  0.00
  12706700,  7109, 2, 3:54:08, 3:55:30,    82, 43.90, 32.90, 11.00
         0,     0, 2, 3:55:38, 3:55:48,    10, 32.90, 43.80,-10.90
  11954050,  4080, 1, 3:58:49, 3:59:30,    41, 41.20, 39.30,  1.90
         0,     0, 1, 3:59:37, 3:59:38,     1, 39.30, 41.30, -2.00
  11954050,  4080, 2, 4:08:36, 4:10:40,   124, 43.80, 31.50, 12.30
         0,     0, 2, 4:10:48, 4:11:00,    12, 31.50, 43.80,-12.30
  12706636,  7045, 1, 4:17:19, 4:18:30,    71, 41.30, 28.50, 12.80
         0,     0, 1, 4:18:39, 4:18:50,    11, 28.50, 41.20,-12.70
  11499202,  6055, 8, 4:29:13, 4:31:00,   107, 39.60, 33.60,  6.00
         0,     0, 8, 4:31:08, 4:31:15,     7, 33.60, 41.10, -7.50
  13008848,     0, 9, 4:30:18, 4:31:28,    70, 40.10, 40.00,  0.10
         0,     0, 9, 4:31:35, 4:31:36,     1, 40.00, 40.90, -0.90
  12448477,  6090, 3, 4:31:02, 4:31:39,    37, 46.30, 43.40,  2.90
         0,     0, 3, 4:31:47, 4:31:49,     2, 43.40, 46.20, -2.80
  12448477,  6090, 4, 4:32:45, 4:32:59,    14, 43.50, 41.40,  2.10
         0,     0, 4, 4:33:06, 4:33:07,     1, 41.40, 43.30, -1.90
  12706639,  7048, 5, 4:32:19, 4:34:32,   133, 40.90, 29.10, 11.80
         0,     0, 5, 4:34:40, 4:34:51,    11, 29.10, 41.10,-12.00
  13008848,     0, 9, 4:32:05, 4:35:22,   197, 40.90, 34.70,  6.20
         0,     0, 9, 4:35:30, 4:35:38,     8, 34.70, 41.00, -6.30
  12706669,  7078, 2, 4:44:49, 4:46:09,    80, 43.80, 31.30, 12.50
         0,     0, 2, 4:46:17, 4:46:29,    12, 31.30, 43.70,-12.40
  21268825,  6068, 1, 6:09:25, 6:10:09,    44, 41.20, 41.10,  0.10
  12706738,  7147, 2, 6:09:04, 6:11:50,   166, 43.60, 24.20, 19.40
         0,     0, 2, 6:11:57, 6:12:16,    19, 24.20, 43.70,-19.50
  21268825,  6068, 1, 6:10:20, 6:13:28,   188, 41.10, 25.80, 15.30
         0,     0, 1, 6:13:35, 6:13:49,    14, 25.80, 41.20,-15.40
  12200046,  5100, 4, 6:19:14, 6:19:18,     4, 43.20, 43.40, -0.20
  12706710,  7119, 1, 6:18:27, 6:19:24,    57, 41.20, 40.70,  0.50
  12706710,  7119, 2, 6:19:30, 6:20:08,    38, 43.80, 43.60,  0.20
  12706710,  7119, 2, 6:20:18, 6:20:34,    16, 43.60, 43.30,  0.30
  12200046,  5100, 1, 6:20:42, 6:20:45,     3, 40.70, 40.60,  0.10
  12448454,  6067, 4, 6:19:36, 6:21:42,   126, 43.30, 26.50, 16.80
  12706669,  7078, 2, 6:21:14, 6:22:02,    48, 43.40, 37.90,  5.50
         0,     0, 4, 6:21:51, 6:22:06,    15, 26.50, 43.50,-17.00
         0,     0, 2, 6:22:10, 6:22:15,     5, 37.90, 43.70, -5.80
  12706669,  7078, 1, 6:22:28, 6:22:50,    22, 40.70, 36.40,  4.30
         0,     0, 1, 6:22:57, 6:23:01,     4, 36.40, 41.30, -4.90
  12706637,  7046, 3, 6:20:05, 6:23:30,   205, 45.80, 35.90,  9.90
         0,     0, 3, 6:23:38, 6:23:46,     8, 35.90, 36.10, -0.20
  21268104,  6062, 2, 6:28:09, 6:28:28,    19, 44.10, 43.70,  0.40
  12200042,  5096, 3, 6:28:15, 6:28:46,    31, 46.60, 45.80,  0.80
  21268104,  6062, 1, 6:28:32, 6:30:02,    90, 41.30, 36.30,  5.00
         0,     0, 1, 6:30:10, 6:30:14,     4, 36.30, 41.30, -5.00
  21268104,  6062, 1, 6:30:24, 6:31:00,    36, 41.30, 36.90,  4.40
  12200042,  5096, 4, 6:29:45, 6:31:02,    77, 44.10, 29.40, 14.70
         0,     0, 1, 6:31:07, 6:31:10,     3, 36.90, 41.20, -4.30
         0,     0, 4, 6:31:11, 6:31:24,    13, 29.40, 43.30,-13.90
  12448416,  6029, 3, 6:29:24, 6:33:02,   218, 46.10, 28.00, 18.10
         0,     0, 3, 6:33:10, 6:33:25,    15, 28.00, 28.00,  0.00
  12706727,  7136, 1, 6:39:05, 6:40:34,    89, 41.20, 30.70, 10.50
         0,     0, 1, 6:40:42, 6:40:51,     9, 30.70, 41.30,-10.60
  12448412,  6025, 1, 6:42:20, 6:42:31,    11, 41.30, 41.20,  0.10
  12448412,  6025, 2, 6:42:35, 6:42:43,     8, 43.60, 43.60,  0.00
  12448412,  6025, 2, 6:43:19, 6:43:30,    11, 43.50, 43.50,  0.00
  12706707,  7116, 3, 6:44:00, 6:44:50,    50, 46.50, 39.20,  7.30
         0,     0, 3, 6:44:59, 6:45:05,     6, 39.20, 46.60, -7.40
  12200010,  5064, 2, 6:49:50, 6:49:55,     5, 43.50, 43.50,  0.00
  11954014,  4044, 3, 6:49:10, 6:50:20,    70, 46.60, 22.40, 24.20
  12448412,  6025, 1, 6:43:36, 6:50:30,   414, 41.20,  9.10, 32.10
         0,     0, 3, 6:50:28, 6:50:49,    21, 22.40, 22.30,  0.10
         0,     0, 1, 6:50:38, 6:51:08,    30,  9.10, 41.30,-32.20
  21292347,  5120, 5, 6:51:08, 6:51:37,    29, 40.90, 40.90,  0.00
  12706710,  7119, 2, 6:50:53, 6:53:32,   159, 43.50, 23.30, 20.20
         0,     0, 2, 6:53:40, 6:54:01,    21, 23.30, 43.80,-20.50
  12706651,  7060, 3, 6:54:33, 6:56:26,   113, 46.70, 36.10, 10.60
         0,     0, 3, 6:56:34, 6:56:42,     8, 36.10, 36.30, -0.20
  11953996,  4026, 2, 6:57:04, 6:59:54,   170, 43.90, 24.10, 19.80
         0,     0, 2, 7:00:02, 7:00:22,    20, 24.10, 43.80,-19.70
  12706637,  7046, 4, 7:02:45, 7:02:50,     5, 43.30, 43.50, -0.20
  12200010,  5064, 1, 7:01:21, 7:03:59,   158, 41.30, 19.10, 22.20
  12706637,  7046, 3, 7:03:31, 7:04:14,    43, 47.10, 46.50,  0.60
         0,     0, 1, 7:04:07, 7:04:27,    20, 19.10, 41.20,-22.10
  12706637,  7046, 3, 7:04:34, 7:04:53,    19, 46.40, 46.20,  0.20
  12448477,  6090, 4, 7:05:56, 7:06:53,    57, 43.50, 37.80,  5.70
         0,     0, 4, 7:07:01, 7:07:06,     5, 37.80, 37.90, -0.10
  12706637,  7046, 3, 7:05:02, 7:07:22,   140, 46.20, 32.20, 14.00
         0,     0, 3, 7:07:30, 7:07:42,    12, 32.20, 32.10,  0.10
  12448432,  6045, 2, 7:03:54, 7:07:56,   242, 43.80, 27.20, 16.60
         0,     0, 2, 7:08:04, 7:08:20,    16, 27.20, 43.80,-16.60
  11954027,  4057, 1, 7:08:12, 7:09:24,    72, 41.20, 31.30,  9.90
         0,     0, 1, 7:09:31, 7:09:40,     9, 31.30, 41.30,-10.00
  12706706,  7115, 4, 7:08:40, 7:10:00,    80, 43.50, 31.20, 12.30
         0,     0, 4, 7:10:09, 7:10:20,    11, 31.20, 43.20,-12.00
  11954027,  4057, 1, 7:09:59, 7:10:33,    34, 41.30, 30.60, 10.70
         0,     0, 1, 7:10:42, 7:10:52,    10, 30.60, 41.20,-10.60
  11954027,  4057, 2, 7:11:47, 7:12:25,    38, 43.90, 36.00,  7.90
         0,     0, 2, 7:12:34, 7:12:41,     7, 36.00, 43.80, -7.80
  13008842,  8083, 3, 7:12:43, 7:14:35,   112, 47.80, 30.40, 17.40
         0,     0, 3, 7:14:44, 7:14:57,    13, 30.40, 31.80, -1.40
  12200064,  5118, 4, 7:11:33, 7:16:32,   299, 43.40, 19.80, 23.60
         0,     0, 4, 7:16:40, 7:17:02,    22, 19.80, 42.80,-23.00
  12448474,  6087, 1, 7:16:00, 7:17:51,   111, 41.20, 26.70, 14.50
         0,     0, 1, 7:17:59, 7:18:12,    13, 26.70, 41.20,-14.50
  12706707,  7116, 4, 7:17:37, 7:18:17,    40, 42.80, 36.50,  6.30
         0,     0, 4, 7:18:25, 7:18:31,     6, 36.50, 43.50, -7.00
  12448479,  6092, 2, 7:19:37, 7:23:02,   205, 43.90, 32.10, 11.80
         0,     0, 2, 7:23:10, 7:23:21,    11, 32.10, 43.80,-11.70
  12448479,  6092, 1, 7:23:55, 7:24:09,    14, 41.20, 39.70,  1.50
         0,     0, 1, 7:24:17, 7:24:18,     1, 39.70, 41.20, -1.50
  12448483,  6096, 1, 7:27:40, 7:30:22,   162, 41.20, 13.50, 27.70
         0,     0, 1, 7:30:30, 7:30:56,    26, 13.50, 41.30,-27.80
  12706700,  7109, 2, 7:36:04, 7:37:36,    92, 44.00, 32.70, 11.30
         0,     0, 2, 7:37:43, 7:37:53,    10, 32.70, 43.80,-11.10
  12706705,  7114, 3, 7:36:34, 7:40:24,   230, 46.30, 28.40, 17.90
         0,     0, 3, 7:40:33, 7:40:48,    15, 28.40, 28.30,  0.10
  12706707,  7116, 2, 7:46:02, 7:47:01,    59, 43.80, 34.30,  9.50
  12706706,  7115, 1, 7:46:11, 7:47:08,    57, 41.30, 22.20, 19.10
         0,     0, 2, 7:47:09, 7:47:18,     9, 34.30, 43.70, -9.40
         0,     0, 1, 7:47:16, 7:47:34,    18, 22.20, 41.30,-19.10
  12706707,  7116, 1, 7:48:13, 7:48:35,    22, 41.30, 38.80,  2.50
         0,     0, 1, 7:48:43, 7:48:44,     1, 38.80, 41.30, -2.50
  12706710,  7119, 1, 7:50:41, 7:53:30,   169, 41.30, 27.40, 13.90
         0,     0, 1, 7:53:37, 7:53:50,    13, 27.40, 41.20,-13.80
  12706669,  7078, 2, 7:56:43, 7:57:32,    49, 43.80, 36.80,  7.00
         0,     0, 2, 7:57:41, 7:57:47,     6, 36.80, 43.90, -7.10
  12706636,  7045, 4, 8:00:55, 8:02:12,    77, 44.10, 28.30, 15.80
         0,     0, 4, 8:02:20, 8:02:35,    15, 28.30, 43.40,-15.10
  12448479,  6092, 2, 8:03:45, 8:06:19,   154, 43.80, 30.50, 13.30
         0,     0, 2, 8:06:27, 8:06:40,    13, 30.50, 43.80,-13.30
  12448473,  6086, 3, 8:04:59, 8:07:22,   143, 46.50, 22.10, 24.40
         0,     0, 3, 8:07:30, 8:07:51,    21, 22.10, 46.40,-24.30
  12706659,  7068, 1, 8:19:38, 8:20:14,    36, 41.20, 41.00,  0.20
  11954050,  4080, 1, 8:20:49, 8:21:46,    57, 41.10, 38.10,  3.00
         0,     0, 1, 8:21:55, 8:21:57,     2, 38.10, 41.30, -3.20
  11954050,  4080, 1, 8:22:07, 8:23:12,    65, 41.20, 27.90, 13.30
         0,     0, 1, 8:23:21, 8:23:33,    12, 27.90, 41.20,-13.30
  12706659,  7068, 3, 8:23:43, 8:27:39,   236, 46.60, 18.90, 27.70
         0,     0, 3, 8:27:47, 8:28:11,    24, 18.90, 18.90,  0.00
  12200064,  5118, 4, 8:25:34, 8:30:01,   267, 43.90, 23.50, 20.40
         0,     0, 4, 8:30:08, 8:30:26,    18, 23.50, 43.30,-19.80
  12448483,  6096, 1, 8:32:42, 8:35:40,   178, 41.20, 33.90,  7.30
         0,     0, 1, 8:35:48, 8:35:54,     6, 33.90, 41.20, -7.30
  12199981,  5035, 5, 8:35:45, 8:37:18,    93, 40.90, 22.30, 18.60
  13008742,  7163, 2, 8:36:54, 8:37:20,    26, 44.00, 43.80,  0.20
         0,     0, 5, 8:37:27, 8:37:44,    17, 22.30, 41.00,-18.70
  13008742,  7163, 2, 8:37:55, 8:38:06,    11, 43.80, 43.70,  0.10
  12200042,  5096, 2, 8:42:31, 8:42:52,    21, 43.90, 43.60,  0.30
  13008742,  7163, 2, 8:43:52, 8:44:24,    32, 43.70, 43.50,  0.20
  13008815,     0, 9, 8:43:42, 8:44:45,    63, 41.10, 39.50,  1.60
         0,     0, 9, 8:44:54, 8:44:55,     1, 39.50, 41.00, -1.50
  13008742,  7163, 1, 8:44:35, 8:45:19,    44, 41.20, 41.00,  0.20
  12706651,  7060, 4, 8:43:53, 8:46:18,   145, 43.70, 27.60, 16.10
         0,     0, 4, 8:46:26, 8:46:41,    15, 27.60, 43.30,-15.70
  13008742,  7163, 1, 8:45:29, 8:47:01,    92, 41.00, 40.20,  0.80
  11954027,  4057, 2, 8:47:16, 8:48:41,    85, 43.50, 31.90, 11.60
         0,     0, 2, 8:48:49, 8:49:00,    11, 31.90, 43.80,-11.90
  13008815,     0, 9, 8:45:07, 8:48:59,   232, 41.00, 33.00,  8.00
         0,     0, 9, 8:49:07, 8:49:17,    10, 33.00, 41.10, -8.10
  13008742,  7163, 1, 8:47:11, 8:49:17,   126, 40.20, 24.80, 15.40
         0,     0, 1, 8:49:26, 8:49:41,    15, 24.80, 41.30,-16.50
  12706639,  7048, 5, 8:50:41, 8:50:51,    10, 40.90, 40.90,  0.00
  12706639,  7048, 5, 8:51:03, 8:54:33,   210, 40.90, 19.30, 21.60
         0,     0, 5, 8:54:41, 8:55:04,    23, 19.30, 40.80,-21.50
  12706719,  7128, 5, 8:55:14, 8:58:36,   202, 40.70, 19.60, 21.10
         0,     0, 5, 8:58:45, 8:59:09,    24, 19.60, 40.90,-21.30
  12706646,     0, 8, 9:03:10, 9:03:13,     3, 41.00, 41.00,  0.00
  12448428,  6041, 1, 9:08:08, 9:08:57,    49, 41.30, 28.10, 13.20
         0,     0, 1, 9:09:04, 9:09:16,    12, 28.10, 41.30,-13.20
  13008798,     0, 7, 4:21:31, 9:09:43, 17292, 41.30, 39.10,  2.20
         0,     0, 7, 9:09:52, 9:09:53,     1, 39.10, 41.40, -2.30
  12199981,  5035, 5, 9:13:48, 9:14:52,    64, 40.90, 27.40, 13.50
         0,     0, 5, 9:15:00, 9:15:12,    12, 27.40, 40.90,-13.50
  12706729,  7138, 2, 9:13:11, 9:15:19,   128, 43.80, 32.10, 11.70
         0,     0, 2, 9:15:26, 9:15:37,    11, 32.10, 43.80,-11.70
  12706729,  7138, 2, 9:15:47, 9:16:09,    22, 43.80, 41.90,  1.90
         0,     0, 2, 9:16:17, 9:16:17,     0, 41.90, 43.50, -1.60
  12448473,  6086, 2, 9:18:03, 9:19:37,    94, 43.50, 31.30, 12.20
         0,     0, 2, 9:19:44, 9:19:56,    12, 31.30, 43.80,-12.50
  12448442,  6055, 7, 9:10:58, 9:26:39,   941, 39.40, 39.30,  0.10
         0,     0, 7, 9:26:46, 9:26:47,     1, 39.30, 41.40, -2.10
  12706646,     0, 8, 9:27:32, 9:27:38,     6, 40.90, 40.80,  0.10
  11954014,  4044, 3, 9:29:29, 9:31:05,    96, 47.10, 28.90, 18.20
         0,     0, 3, 9:31:12, 9:31:27,    15, 28.90, 28.80,  0.10
  12448471,  6084, 4, 9:29:36, 9:31:32,   116, 43.40, 23.20, 20.20
         0,     0, 4, 9:31:39, 9:31:57,    18, 23.20, 43.30,-20.10
  13008732,  7153, 1, 9:29:47, 9:32:33,   166, 41.30, 32.80,  8.50
         0,     0, 1, 9:32:40, 9:32:47,     7, 32.80, 41.30, -8.50
  12706738,  7147, 2, 9:30:49, 9:32:46,   117, 44.00, 35.00,  9.00
         0,     0, 2, 9:32:54, 9:33:02,     8, 35.00, 43.80, -8.80
  12200042,  5096, 1, 9:32:59, 9:34:13,    74, 41.30, 24.50, 16.80
         0,     0, 1, 9:34:21, 9:34:37,    16, 24.50, 41.20,-16.70
  13008732,  7153, 2, 9:33:22, 9:34:34,    72, 44.00, 27.30, 16.70
         0,     0, 2, 9:34:43, 9:35:00,    17, 27.30, 43.70,-16.40
  21268104,  6062, 2, 9:35:10, 9:36:20,    70, 44.00, 43.10,  0.90
  21268104,  6062, 2, 9:36:31, 9:38:28,   117, 43.80, 27.80, 16.00
         0,     0, 2, 9:38:35, 9:38:51,    16, 27.80, 43.80,-16.00
  21304388,  6125, 1, 9:34:59, 9:41:47,   408, 41.20, 13.90, 27.30
         0,     0, 1, 9:41:55, 9:42:22,    27, 13.90, 41.20,-27.30
  12448448,  6061, 2, 9:44:21, 9:45:24,    63, 44.00, 43.90,  0.10
  12448448,  6061, 1, 9:45:30, 9:46:07,    37, 41.20, 41.10,  0.10
  12706645,     0, 8, 9:48:20, 9:48:25,     5, 40.70, 40.70,  0.00
  12706719,  7128, 5, 9:49:16, 9:51:12,   116, 40.90, 40.30,  0.60
  13008737,     0, 9, 9:52:11, 9:52:21,    10, 41.10, 41.10,  0.00
  12448448,  6061, 2, 9:47:35, 9:54:46,   431, 43.90, 21.20, 22.70
  13008737,     0, 9, 9:52:42, 9:54:55,   133, 41.10, 28.00, 13.10
         0,     0, 2, 9:54:53, 9:55:16,    23, 21.20, 43.70,-22.50
         0,     0, 9, 9:55:03, 9:55:21,    18, 28.00, 41.10,-13.10
  12448451,  6064, 4, 9:56:43, 9:57:03,    20, 43.70, 43.50,  0.20
  12706719,  7128, 5, 9:54:01, 9:58:11,   250, 40.30, 30.20, 10.10
  12448451,  6064, 2, 9:57:48, 9:58:10,    22, 44.00, 43.80,  0.20
  12448451,  6064, 1, 9:58:15, 9:58:20,     5, 41.10, 41.10,  0.00
         0,     0, 5, 9:58:18, 9:58:28,    10, 30.20, 41.00,-10.80
  12448428,  6041, 5, 9:59:29,10:00:28,    59, 40.80, 30.80, 10.00
         0,     0, 5,10:00:35,10:00:44,     9, 30.80, 41.00,-10.20
  12448432,  6045, 2, 9:58:29,10:02:35,   246, 43.90, 32.80, 11.10
         0,     0, 2,10:02:43,10:02:53,    10, 32.80, 43.90,-11.10
  12448451,  6064, 2,10:03:03,10:07:21,   258, 43.60, 19.80, 23.80
  12706738,  7147, 5,10:04:52,10:07:35,   163, 40.90, 21.80, 19.10
         0,     0, 2,10:07:29,10:07:53,    24, 19.80, 43.90,-24.10
         0,     0, 5,10:07:42,10:08:00,    18, 21.80, 40.90,-19.10
  12706646,     0, 8,10:08:35,10:08:36,     1, 40.70, 40.70,  0.00
  13008827,     0, 8,10:09:48,10:10:09,    21, 40.50, 40.60, -0.10
  12706646,     0, 7, 9:29:52,10:10:17,  2425, 41.30, 41.20,  0.10
  11953996,  4026, 4,10:10:50,10:11:58,    68, 43.70, 43.10,  0.60
  12706646,     0, 8,10:12:04,10:12:14,    10, 40.50, 40.50,  0.00
  13008827,     0, 7,10:11:18,10:12:37,    79, 41.00, 40.80,  0.20
  12200010,  5064, 1,10:11:29,10:13:14,   105, 41.10, 24.60, 16.50
         0,     0, 1,10:13:21,10:13:36,    15, 24.60, 41.20,-16.60
  11953996,  4026, 4,10:12:29,10:13:59,    90, 43.70, 25.40, 18.30
         0,     0, 4,10:14:08,10:14:25,    17, 25.40, 43.30,-17.90
  12706646,     0, 8,10:13:21,10:14:50,    89, 40.50, 19.10, 21.40
         0,     0, 8,10:14:58,10:15:23,    25, 19.10, 41.20,-22.10
  12706729,  7138, 3,10:14:39,10:16:17,    98, 46.50, 32.50, 14.00
         0,     0, 3,10:16:25,10:16:36,    11, 32.50, 32.50,  0.00
  21268104,  6062, 2,10:16:13,10:18:12,   119, 44.00, 30.10, 13.90
         0,     0, 2,10:18:21,10:18:34,    13, 30.10, 43.70,-13.60
  12706645,     0, 8,10:17:56,10:18:41,    45, 38.70, 38.50,  0.20
  12706646,     0, 7,10:12:47,10:18:47,   360, 40.80, 40.50,  0.30
         0,     0, 8,10:18:50,10:18:52,     2, 38.50, 41.10, -2.60
  12448428,  6041, 3,10:18:35,10:19:22,    47, 46.40, 34.90, 11.50
         0,     0, 3,10:19:30,10:19:39,     9, 34.90, 46.60,-11.70
  12706727,  7136, 5,10:18:33,10:19:48,    75, 40.90, 31.70,  9.20
         0,     0, 5,10:19:56,10:20:04,     8, 31.70, 41.00, -9.30
  13008827,     0, 8,10:21:33,10:21:34,     1, 40.90, 40.90,  0.00
  12706645,     0, 8,10:22:01,10:22:04,     3, 37.30, 37.40, -0.10
         0,     0, 8,10:22:12,10:22:15,     3, 37.40, 41.20, -3.80
  12706700,  7109, 2,10:22:17,10:23:55,    98, 43.80, 33.00, 10.80
         0,     0, 2,10:24:03,10:24:13,    10, 33.00, 43.80,-10.80
  13008827,     0, 8,10:23:35,10:25:09,    94, 40.80, 40.30,  0.50
  12448471,  6084, 5,10:24:17,10:25:44,    87, 40.90, 28.90, 12.00
         0,     0, 5,10:25:52,10:26:03,    11, 28.90, 41.00,-12.10
  21292347,  5120, 3,10:22:49,10:26:51,   242, 46.90, 28.90, 18.00
         0,     0, 3,10:26:59,10:27:13,    14, 28.90, 28.90,  0.00
  21268825,  6068, 2,10:27:47,10:27:53,     6, 44.10, 44.00,  0.10
  12706622,     0, 8,10:27:09,10:29:38,   149, 39.80, 28.30, 11.50
         0,     0, 8,10:29:47,10:30:00,    13, 28.30, 41.10,-12.80
  12706645,     0, 7,10:19:12,10:30:01,   649, 40.40, 21.70, 18.70
         0,     0, 7,10:30:09,10:30:21,    12, 21.70, 41.40,-19.70
  12706624,  7033, 9,10:28:53,10:30:22,    89, 32.80, 32.30,  0.50
         0,     0, 9,10:30:31,10:30:42,    11, 32.30, 41.10, -8.80
  21268825,  6068, 1,10:27:57,10:31:21,   204, 41.20, 22.80, 18.40
         0,     0, 1,10:31:30,10:31:47,    17, 22.80, 41.30,-18.50
  12706624,  7033, 9,10:31:54,10:31:57,     3, 37.70, 37.70,  0.00
         0,     0, 9,10:32:05,10:32:09,     4, 37.70, 41.10, -3.40
  13008827,     0, 8,10:30:38,10:33:00,   142, 40.90, 27.90, 13.00
  12706624,  7033, 9,10:32:37,10:33:08,    31, 41.10, 39.30,  1.80
         0,     0, 9,10:33:16,10:33:18,     2, 39.30, 41.00, -1.70
         0,     0, 8,10:33:08,10:33:21,    13, 27.90, 41.10,-13.20
  12448412,  6025, 4,10:33:39,10:33:46,     7, 43.70, 43.70,  0.00
  12706701,  7110, 2,10:31:29,10:34:57,   208, 44.00, 26.10, 17.90
         0,     0, 2,10:35:05,10:35:23,    18, 26.10, 43.90,-17.80
  13008835,     0, 8,10:37:52,10:38:00,     8, 41.10, 41.20, -0.10
  13008732,  7153, 1,10:35:20,10:38:06,   166, 41.30, 24.00, 17.30
         0,     0, 1,10:38:14,10:38:30,    16, 24.00, 41.30,-17.30
  13008842,  8083, 3,10:35:19,10:39:21,   242, 46.80, 27.90, 18.90
         0,     0, 3,10:39:29,10:39:44,    15, 27.90, 27.80,  0.10
  12706667,     0, 8,10:39:26,10:39:51,    25, 41.10, 40.80,  0.30
  12706667,     0, 8,10:40:21,10:40:21,     0, 40.10, 40.20, -0.10
  12706727,  7136, 4,10:39:50,10:41:00,    70, 43.90, 33.30, 10.60
         0,     0, 4,10:41:07,10:41:16,     9, 33.30, 43.30,-10.00
  12199988,     0, 8,10:41:41,10:41:41,     0, 39.90, 40.00, -0.10
  13008858,     0, 7,10:30:35,10:41:44,   669, 41.40, 28.10, 13.30
         0,     0, 8,10:41:50,10:41:50,     0, 40.00, 40.70, -0.70
         0,     0, 7,10:41:52,10:42:00,     8, 28.10, 41.50,-13.40
  12448412,  6025, 1,10:41:12,10:41:59,    47, 41.30, 41.20,  0.10
  12706667,     0, 8,10:42:11,10:43:20,    69, 39.20, 27.40, 11.80
         0,     0, 8,10:43:29,10:43:44,    15, 27.40, 41.20,-13.80
  12448412,  6025, 2,10:42:04,10:44:20,   136, 44.00, 43.90,  0.10
  12448412,  6025, 1,10:44:23,10:45:17,    54, 41.20, 41.10,  0.10
  12706609,  7018, 8,10:48:23,10:49:41,    78, 41.10, 29.70, 11.40
         0,     0, 8,10:49:50,10:50:01,    11, 29.70, 41.10,-11.40
  12199988,     0, 8,10:50:14,10:50:16,     2, 40.70, 40.70,  0.00
  12199988,     0, 7,10:48:07,10:51:00,   173, 41.40, 40.00,  1.40
  12448432,  6045, 2,10:48:02,10:51:06,   184, 43.80, 32.20, 11.60
         0,     0, 2,10:51:14,10:51:25,    11, 32.20, 43.90,-11.70
  12448412,  6025, 1,10:47:28,10:53:12,   344, 41.10, 11.70, 29.40
  12200046,  5100, 4,10:52:19,10:53:10,    51, 44.00, 30.80, 13.20
         0,     0, 4,10:53:19,10:53:31,    12, 30.80, 43.30,-12.50
         0,     0, 1,10:53:19,10:53:47,    28, 11.70, 41.30,-29.60
  21268825,  6068, 1,10:53:57,10:56:09,   132, 41.30, 29.50, 11.80
         0,     0, 1,10:56:17,10:56:28,    11, 29.50, 41.30,-11.80
  13008797,     0, 9,11:00:51,11:02:05,    74, 41.00, 40.70,  0.30
  12448416,  6029, 3,10:58:12,11:03:27,   315, 46.60, 22.90, 23.70
         0,     0, 3,11:03:34,11:03:53,    19, 22.90, 46.50,-23.60
  13008797,     0, 9,11:02:23,11:04:33,   130, 40.60, 35.40,  5.20
         0,     0, 9,11:04:42,11:04:49,     7, 35.40, 41.20, -5.80
  12448471,  6084, 5,11:04:08,11:04:58,    50, 40.90, 33.70,  7.20
         0,     0, 5,11:05:05,11:05:11,     6, 33.70, 41.00, -7.30
  11724181,     0, 8,11:05:31,11:05:32,     1, 27.10, 27.10,  0.00
         0,     0, 8,11:05:40,11:05:54,    14, 27.10, 27.20, -0.10
  13008866,     0, 8,11:06:39,11:07:27,    48, 41.00, 40.80,  0.20
  13008866,     0, 8,11:08:01,11:10:15,   134, 40.60, 40.10,  0.50
  13008866,     0, 8,11:10:52,11:11:16,    24, 39.90, 39.80,  0.10
         0,     0, 8,11:11:25,11:11:25,     0, 39.80, 40.70, -0.90
  13008837,     0, 9,11:11:30,11:11:43,    13, 41.20, 41.10,  0.10
  11954014,  4044, 2,11:12:09,11:12:52,    43, 44.00, 33.40, 10.60
         0,     0, 2,11:13:00,11:13:10,    10, 33.40, 43.80,-10.40
  13008866,     0, 8,11:11:50,11:13:59,   129, 40.50, 40.00,  0.50
         0,     0, 8,11:14:08,11:14:08,     0, 40.00, 40.10, -0.10
  12706622,     0, 8,11:16:10,11:16:57,    47, 39.40, 39.30,  0.10
         0,     0, 8,11:17:05,11:17:06,     1, 39.30, 40.90, -1.60
  13008798,     0, 7,10:51:28,11:17:09,  1541, 37.80, 22.30, 15.50
         0,     0, 7,11:17:17,11:17:30,    13, 22.30, 41.40,-19.10
  12706624,  7033, 9,11:17:13,11:17:51,    38, 41.20, 41.10,  0.10
  12448454,  6067, 5,11:15:51,11:19:31,   220, 40.90, 27.90, 13.00
         0,     0, 5,11:19:39,11:19:51,    12, 27.90, 41.00,-13.10
  12706655,  7064, 2,11:18:39,11:20:40,   121, 43.80, 42.10,  1.70
  12200048,     0, 8,11:17:40,11:20:51,   191, 40.80, 26.10, 14.70
         0,     0, 8,11:20:59,11:21:14,    15, 26.10, 41.20,-15.10
  12706706,  7115, 5,11:20:02,11:21:35,    93, 41.00, 27.50, 13.50
  12448432,  6045, 2,11:21:06,11:21:51,    45, 42.20, 41.40,  0.80
         0,     0, 5,11:21:43,11:21:55,    12, 27.50, 41.00,-13.50
         0,     0, 2,11:21:59,11:22:00,     1, 41.40, 43.50, -2.10
  11499202,     0, 8,11:22:37,11:23:35,    58, 40.30, 33.00,  7.30
  12706622,     0, 7,11:17:43,11:23:42,   359, 41.30, 26.80, 14.50
         0,     0, 8,11:23:42,11:23:50,     8, 33.00, 40.80, -7.80
         0,     0, 7,11:23:49,11:23:59,    10, 26.80, 40.90,-14.10
  12706636,  7045, 4,11:22:45,11:25:16,   151, 43.60, 24.40, 19.20
  13008839,     0, 8,11:24:01,11:25:30,    89, 40.80, 37.20,  3.60
         0,     0, 8,11:25:38,11:25:42,     4, 37.20, 41.10, -3.90
         0,     0, 4,11:25:25,11:25:43,    18, 24.40, 43.40,-19.00
  13008839,     0, 8,11:27:25,11:27:45,    20, 26.40, 25.60,  0.80
  13008842,  8083, 2,11:24:11,11:27:46,   215, 43.60, 35.70,  7.90
         0,     0, 2,11:27:55,11:28:02,     7, 35.70, 43.70, -8.00
         0,     0, 8,11:27:54,11:28:10,    16, 25.60, 41.20,-15.60
  13323420,     0, 9,11:28:46,11:28:49,     3, 41.10, 40.90,  0.20
  13323420,     0, 9,11:32:15,11:32:22,     7, 40.50, 39.70,  0.80
         0,     0, 9,11:32:31,11:32:32,     1, 39.70, 41.00, -1.30
  13323420,     0, 9,11:33:06,11:33:07,     1, 39.60, 39.60,  0.00
         0,     0, 9,11:33:15,11:33:16,     1, 39.60, 41.10, -1.50
  12706645,     0, 8,11:33:11,11:33:14,     3, 30.30, 30.40, -0.10
  12706655,  7064, 1,11:30:31,11:33:27,   176, 41.30, 20.40, 20.90
         0,     0, 8,11:33:23,11:33:34,    11, 30.40, 37.20, -6.80
  13323420,     0, 9,11:33:34,11:33:39,     5, 41.10, 40.70,  0.40
         0,     0, 1,11:33:36,11:33:56,    20, 20.40, 41.20,-20.80
  12706645,     0, 8,11:33:53,11:33:58,     5, 41.00, 41.00,  0.00
  13323420,     0, 9,11:33:56,11:34:10,    14, 40.70, 38.10,  2.60
         0,     0, 9,11:34:18,11:34:21,     3, 38.10, 41.10, -3.00
  11499202,     0, 7,11:24:12,11:34:24,   612, 38.70, 35.70,  3.00
         0,     0, 7,11:34:32,11:34:35,     3, 35.70, 35.80, -0.10
  12706637,  7046, 2,11:32:07,11:34:36,   149, 43.80, 29.70, 14.10
         0,     0, 2,11:34:43,11:34:57,    14, 29.70, 43.90,-14.20
  13323420,     0, 9,11:34:32,11:35:03,    31, 41.10, 34.30,  6.80
         0,     0, 9,11:35:12,11:35:20,     8, 34.30, 41.10, -6.80
  12706646,     0, 8,11:35:22,11:35:28,     6, 41.10, 41.10,  0.00
  12706645,     0, 7,11:34:49,11:35:42,    53, 41.60, 41.40,  0.20
  13323420,     0, 9,11:35:49,11:35:57,     8, 41.10, 39.50,  1.60
         0,     0, 9,11:36:04,11:36:05,     1, 39.50, 41.10, -1.60
         0,     0, 9,11:36:38,11:36:40,     2, 38.60, 41.10, -2.50
  12448477,  6090, 3,11:35:49,11:37:54,   125, 46.50, 30.80, 15.70
         0,     0, 3,11:38:01,11:38:13,    12, 30.80, 30.70,  0.10
  11954027,  4057, 2,11:38:21,11:39:16,    55, 44.10, 41.30,  2.80
         0,     0, 2,11:39:24,11:39:25,     1, 41.30, 43.70, -2.40
  13008848,     0, 9,11:40:23,11:40:25,     2, 41.10, 41.10,  0.00
  13008848,     0, 9,11:41:02,11:41:12,    10, 41.10, 41.00,  0.10
  11954027,  4057, 2,11:40:29,11:41:25,    56, 43.80, 30.80, 13.00
         0,     0, 2,11:41:33,11:41:46,    13, 30.80, 43.80,-13.00
  13008779,     0, 9,11:42:22,11:42:29,     7, 41.00, 41.00,  0.00
  11954027,  4057, 2,11:42:42,11:43:07,    25, 44.00, 37.50,  6.50
         0,     0, 2,11:43:16,11:43:21,     5, 37.50, 43.80, -6.30
  12200046,  5100, 3,11:42:58,11:44:00,    62, 47.20, 34.70, 12.50
         0,     0, 3,11:44:09,11:44:19,    10, 34.70, 34.70,  0.00
  13008848,     0, 9,11:52:58,11:53:03,     5, 41.10, 41.00,  0.10
  12706646,     0, 7,11:35:52,11:53:11,  1039, 41.40, 40.00,  1.40
         0,     0, 7,11:53:19,11:53:19,     0, 40.00, 38.60,  1.40
  21292347,  5120, 4,11:54:18,11:54:27,     9, 43.90, 43.30,  0.60
  13008848,     0, 9,11:55:10,11:55:21,    11, 41.00, 41.00,  0.00
  13008848,     0, 9,11:56:03,11:56:44,    41, 41.00, 40.90,  0.10
  13008848,     0,10,11:57:03,11:57:09,     6, 38.50, 38.50,  0.00
         0,     0,10,11:57:17,11:57:19,     2, 38.50, 41.20, -2.70
  21292347,  5120, 3,11:55:05,11:57:54,   169, 47.60, 29.50, 18.10
         0,     0, 3,11:58:01,11:58:15,    14, 29.50, 29.40,  0.10
  12706701,  7110, 2,11:58:31,11:59:19,    48, 43.80, 43.70,  0.10
  13008848,     0, 9,11:57:20,11:59:44,   144, 40.80, 27.50, 13.30
         0,     0, 9,11:59:53,12:00:11,    18, 27.50, 41.10,-13.60
  12706701,  7110, 1,11:59:37,12:03:36,   239, 41.20, 22.60, 18.60
         0,     0, 1,12:03:44,12:04:02,    18, 22.60, 41.20,-18.60
  21306958,  5124, 9,12:04:48,12:08:07,   199, 41.20, 36.80,  4.40
         0,     0, 9,12:08:15,12:08:20,     5, 36.80, 40.60, -3.80
  21306958,  5124, 9,12:08:30,12:10:22,   112, 40.30, 36.10,  4.20
         0,     0, 9,12:10:30,12:10:36,     6, 36.10, 41.10, -5.00
  21306958,  5124, 9,12:10:58,12:11:07,     9, 41.10, 40.40,  0.70
  13008779,     0, 9,12:11:20,12:11:27,     7, 40.40, 40.40,  0.00
  13008768,     0, 9,12:12:00,12:12:02,     2, 40.40, 40.40,  0.00
  13008768,     0, 9,12:12:24,12:12:33,     9, 40.40, 40.40,  0.00
         0,     0, 9,12:12:58,12:12:59,     1, 39.90, 40.90, -1.00
  12448454,  6067, 2,12:10:54,12:14:01,   187, 43.70, 28.50, 15.20
         0,     0, 2,12:14:09,12:14:24,    15, 28.50, 43.80,-15.30
  12706642,  7051, 8,12:12:31,12:14:21,   110, 37.00, 19.80, 17.20
  13008779,     0, 9,12:13:17,12:14:27,    70, 40.90, 32.30,  8.60
  12448416,  6029, 3,12:11:32,12:14:32,   180, 46.70, 36.80,  9.90
         0,     0, 9,12:14:34,12:14:46,    12, 32.30, 41.10, -8.80
         0,     0, 3,12:14:40,12:14:48,     8, 36.80, 36.60,  0.20
         0,     0, 8,12:14:29,12:14:52,    23, 19.80, 41.20,-21.40
  13008768,     0, 9,12:15:25,12:15:36,    11, 41.00, 41.00,  0.00
  11953978,  4008, 4,12:15:06,12:17:00,   114, 44.00, 28.30, 15.70
         0,     0, 4,12:17:07,12:17:21,    14, 28.30, 43.70,-15.40
  12448477,  6090, 3,12:16:58,12:18:17,    79, 46.60, 39.70,  6.90
         0,     0, 3,12:18:25,12:18:30,     5, 39.70, 46.40, -6.70
  21268825,  6068, 2,12:19:01,12:19:04,     3, 43.90, 43.90,  0.00
  13008826,     0, 8,12:19:40,12:19:42,     2, 23.20, 23.20,  0.00
         0,     0, 8,12:19:50,12:20:09,    19, 23.20, 41.10,-17.90
  11724159,     0, 7,11:53:55,12:20:59,  1624, 27.90, 27.70,  0.20
         0,     0, 7,12:21:06,12:21:15,     9, 27.70, 41.70,-14.00
  21268825,  6068, 1,12:19:08,12:21:29,   141, 41.20, 30.80, 10.40
         0,     0, 1,12:21:38,12:21:47,     9, 30.80, 41.30,-10.50
  13008768,     0, 9,12:24:55,12:26:53,   118, 41.10, 35.90,  5.20
         0,     0, 9,12:27:00,12:27:06,     6, 35.90, 41.10, -5.20
  13008768,     0, 9,12:27:24,12:27:25,     1, 38.70, 38.70,  0.00
         0,     0, 9,12:27:32,12:27:34,     2, 38.70, 41.10, -2.40
  12199987,     0, 8,12:27:45,12:28:04,    19, 41.20, 41.20,  0.00
  11724181,     0, 7,12:24:43,12:28:08,   205, 29.50, 29.30,  0.20
  13008762,     0, 9,12:27:50,12:28:18,    28, 41.10, 41.00,  0.10
         0,     0, 7,12:28:15,12:28:22,     7, 29.30, 29.30,  0.00
  12706636,  7045, 4,12:28:46,12:29:31,    45, 43.70, 35.20,  8.50
         0,     0, 4,12:29:39,12:29:46,     7, 35.20, 43.40, -8.20
  13008762,     0, 9,12:28:44,12:30:18,    94, 41.00, 39.90,  1.10
         0,     0, 9,12:30:26,12:30:26,     0, 39.90, 40.60, -0.70
  13008762,     0, 9,12:31:56,12:31:59,     3, 31.10, 31.10,  0.00
         0,     0, 9,12:32:06,12:32:19,    13, 31.10, 41.10,-10.00
  12448483,  6096, 2,12:31:20,12:33:43,   143, 43.90, 21.70, 22.20
  12448474,  6087, 3,12:31:52,12:34:00,   128, 46.50, 27.30, 19.20
         0,     0, 2,12:33:51,12:34:13,    22, 21.70, 43.70,-22.00
         0,     0, 3,12:34:07,12:34:23,    16, 27.30, 27.10,  0.20
  12448479,  6092, 2,12:35:43,12:35:52,     9, 43.80, 43.80,  0.00
  12200048,     0, 8,12:32:42,12:37:08,   266, 41.20, 33.00,  8.20
         0,     0, 8,12:37:16,12:37:24,     8, 33.00, 41.10, -8.10
  12448479,  6092, 2,12:36:07,12:39:58,   231, 43.80, 28.50, 15.30
         0,     0, 2,12:40:06,12:40:21,    15, 28.50, 43.80,-15.30
  12200048,     0, 7,12:38:22,12:41:26,   184, 41.60, 41.50,  0.10
  12706705,  7114, 2,12:41:34,12:41:40,     6, 43.90, 43.90,  0.00
  12706651,  7060, 3,12:39:37,12:41:43,   126, 46.50, 35.40, 11.10
         0,     0, 3,12:41:51,12:42:00,     9, 35.40, 35.30,  0.10
  12706705,  7114, 1,12:41:43,12:46:04,   261, 41.30, 23.10, 18.20
  12448429,     0, 6,10:10:45,12:46:26,  9341,  0.90,  0.90,  0.00
         0,     0, 1,12:46:13,12:46:30,    17, 23.10, 41.20,-18.10
  12199987,     0, 8,12:40:38,12:46:31,   353, 41.10, 16.30, 24.80
         0,     0, 8,12:46:39,12:47:07,    28, 16.30, 41.10,-24.80
         0,     0, 6,12:46:34,12:47:14,    40,  0.90, 41.50,-40.60
  13008779,     0, 9,12:48:54,12:49:21,    27, 41.10, 39.10,  2.00
         0,     0, 9,12:49:28,12:49:30,     2, 39.10, 41.20, -2.10
  13008779,     0, 9,12:49:51,12:50:14,    23, 41.20, 39.40,  1.80
  11954050,  4080, 1,12:47:46,12:50:21,   155, 41.20, 28.00, 13.20
         0,     0, 9,12:50:22,12:50:23,     1, 39.40, 41.00, -1.60
         0,     0, 1,12:50:28,12:50:40,    12, 28.00, 41.20,-13.20
  13008779,     0, 9,12:51:11,12:51:32,    21, 41.00, 38.50,  2.50
         0,     0, 9,12:51:40,12:51:43,     3, 38.50, 41.10, -2.60
  13008835,     0, 8,12:51:26,12:52:16,    50, 40.80, 40.60,  0.20
  12706624,  7033, 9,12:53:08,12:53:11,     3, 41.10, 41.10,  0.00
  13008835,     0, 8,12:53:47,12:54:16,    29, 40.40, 40.20,  0.20
  12706616,  7025, 3,12:54:56,12:55:30,    34, 46.40, 46.00,  0.40
  12199986,     0, 9,12:54:02,12:55:50,   108, 41.10, 30.70, 10.40
  12706707,  7116, 3,12:55:41,12:56:07,    26, 46.00, 41.40,  4.60
         0,     0, 9,12:55:57,12:56:11,    14, 30.70, 41.20,-10.50
         0,     0, 3,12:56:15,12:56:18,     3, 41.40, 46.40, -5.00
  11724159,     0, 8,12:56:16,12:56:17,     1, 26.10, 26.10,  0.00
         0,     0, 8,12:56:25,12:56:40,    15, 26.10, 41.10,-15.00
  13008816,     0, 8,12:57:00,12:57:20,    20, 41.10, 41.00,  0.10
  12706707,  7116, 3,12:57:07,12:57:48,    41, 46.50, 38.50,  8.00
         0,     0, 3,12:57:56,12:58:02,     6, 38.50, 39.30, -0.80
  12706624,  7033, 9,12:58:01,12:59:11,    70, 41.20, 40.80,  0.40
  12706624,  7033,10,12:59:54,12:59:55,     1, 41.00, 41.00,  0.00
  13008768,     0, 9,12:59:23,12:59:55,    32, 40.80, 40.60,  0.20
  13008816,     0, 8,12:57:33,12:59:55,   142, 41.00, 23.80, 17.20
         0,     0, 8,13:00:04,13:00:22,    18, 23.80, 41.10,-17.30
  11953978,  4008, 2,12:58:51,13:00:50,   119, 43.80, 35.50,  8.30
         0,     0, 2,13:00:58,13:01:05,     7, 35.50, 43.70, -8.20
  12706616,  7025, 5,13:01:49,13:02:00,    11, 40.80, 40.90, -0.10
  12706616,  7025, 5,13:02:09,13:02:15,     6, 40.90, 40.90,  0.00
  13008768,     0, 9,13:00:43,13:02:20,    97, 40.60, 28.80, 11.80
         0,     0, 9,13:02:27,13:02:43,    16, 28.80, 41.10,-12.30
  12706616,  7025, 5,13:02:31,13:04:19,   108, 40.90, 22.80, 18.10
         0,     0, 5,13:04:26,13:04:43,    17, 22.80, 40.90,-18.10
  13008835,     0, 8,13:03:08,13:06:04,   176, 41.00, 27.30, 13.70
         0,     0, 8,13:06:12,13:06:26,    14, 27.30, 27.40, -0.10
  12706616,  7025, 5,13:07:35,13:08:22,    47, 40.90, 40.80,  0.10
  13008835,     0, 8,13:10:26,13:10:28,     2, 41.00, 41.10, -0.10
  12706710,  7119, 5,13:08:32,13:11:13,   161, 40.80, 29.10, 11.70
         0,     0, 5,13:11:21,13:11:32,    11, 29.10, 41.00,-11.90
  13008835,     0, 8,13:11:49,13:11:51,     2, 41.00, 41.00,  0.00
  12706624,  7033, 9,13:11:21,13:13:01,   100, 41.10, 38.30,  2.80
         0,     0, 9,13:13:08,13:13:11,     3, 38.30, 41.00, -2.70
  12706624,  7033, 9,13:13:27,13:14:06,    39, 41.10, 38.60,  2.50
         0,     0, 9,13:14:14,13:14:16,     2, 38.60, 41.10, -2.50
  12200046,  5100, 4,13:13:16,13:14:31,    75, 43.40, 33.50,  9.90
         0,     0, 4,13:14:39,13:14:48,     9, 33.50, 43.40, -9.90
  12706727,  7136, 3,13:13:49,13:15:26,    97, 46.90, 34.50, 12.40
  13008795,     0, 6,12:47:25,13:15:35,  1690, 41.50, 25.10, 16.40
         0,     0, 3,13:15:34,13:15:43,     9, 34.50, 34.50,  0.00
         0,     0, 6,13:15:42,13:15:57,    15, 25.10, 41.50,-16.40
  13008833,     0, 9,13:16:04,13:16:26,    22, 41.10, 41.10,  0.00
  21268104,  6062, 5,13:15:25,13:17:46,   141, 40.90, 31.80,  9.10
         0,     0, 5,13:17:54,13:18:02,     8, 31.80, 40.90, -9.10
  13008833,     0, 9,13:16:51,13:19:48,   177, 41.10, 32.60,  8.50
         0,     0, 9,13:19:57,13:20:08,    11, 32.60, 41.10, -8.50
  13008732,  7153, 3,13:21:09,13:22:59,   110, 46.60, 45.00,  1.60
  13008837,     0, 9,13:20:33,13:23:10,   157, 41.00, 27.10, 13.90
         0,     0, 9,13:23:19,13:23:38,    19, 27.10, 41.10,-14.00
  13008732,  7153, 4,13:23:23,13:24:36,    73, 43.60, 40.00,  3.60
         0,     0, 4,13:24:43,13:24:45,     2, 40.00, 43.30, -3.30
  21292480,     0, 6,13:16:55,13:27:22,   627, 27.30,  7.20, 20.10
         0,     0, 6,13:27:30,13:28:03,    33,  7.20, 41.40,-34.20
  13008732,  7153, 4,13:27:04,13:29:09,   125, 43.50, 34.30,  9.20
         0,     0, 4,13:29:16,13:29:24,     8, 34.30, 43.30, -9.00
  12706738,  7147, 2,13:25:29,13:29:48,   259, 43.70, 23.30, 20.40
         0,     0, 2,13:29:57,13:30:17,    20, 23.30, 43.80,-20.50
  13008866,     0, 8,13:33:52,13:34:15,    23, 41.00, 40.90,  0.10
  12706729,  7138, 5,13:32:22,13:34:17,   115, 40.80, 31.30,  9.50
         0,     0, 5,13:34:24,13:34:33,     9, 31.30, 41.00, -9.70
  11953978,  4008, 5,13:35:18,13:37:09,   111, 41.00, 34.00,  7.00
         0,     0, 5,13:37:17,13:37:23,     6, 34.00, 41.00, -7.00
  13008866,     0, 8,13:36:32,13:39:32,   180, 41.00, 40.10,  0.90
  13008742,  7163, 5,13:38:58,13:39:55,    57, 40.90, 40.70,  0.20
  13008742,  7163, 5,13:40:05,13:40:23,    18, 40.70, 40.60,  0.10
  13008866,     0, 8,13:39:52,13:40:56,    64, 40.00, 39.60,  0.40
         0,     0, 8,13:41:05,13:41:06,     1, 39.60, 40.80, -1.20
  13008839,     0, 7,12:41:36,13:41:22,  3586, 41.50, 26.50, 15.00
  13008866,     0, 8,13:41:16,13:41:34,    18, 40.80, 40.70,  0.10
         0,     0, 7,13:41:30,13:41:39,     9, 26.50, 26.80, -0.30
  12706707,  7116, 2,13:41:56,13:42:46,    50, 43.90, 36.30,  7.60
  13008866,     0, 8,13:41:51,13:42:52,    61, 40.60, 40.20,  0.40
         0,     0, 2,13:42:54,13:43:01,     7, 36.30, 43.60, -7.30
  13008826,     0, 7,13:42:14,13:43:06,    52, 41.70, 40.30,  1.40
  13008742,  7163, 5,13:40:33,13:43:51,   198, 40.60, 20.00, 20.60
  13008826,     0, 8,13:44:05,13:44:15,    10, 29.20, 29.10,  0.10
         0,     0, 5,13:43:59,13:44:20,    21, 20.00, 20.10, -0.10
         0,     0, 8,13:44:23,13:44:35,    12, 29.10, 29.20, -0.10
  12706624,  7033, 9,13:43:16,13:44:42,    86, 41.10, 38.00,  3.10
         0,     0, 9,13:44:51,13:44:54,     3, 38.00, 41.10, -3.10
  13008866,     0, 8,13:44:59,13:45:41,    42, 41.20, 40.90,  0.30
  13008816,     0, 8,13:46:07,13:46:20,    13, 41.00, 40.70,  0.30
  12448448,  6061, 4,13:42:54,13:50:02,   428, 43.90, 23.30, 20.60
         0,     0, 4,13:50:10,13:50:28,    18, 23.30, 43.40,-20.10
  13008839,     0, 8,13:50:30,13:52:18,   108, 40.50, 36.90,  3.60
         0,     0, 8,13:52:26,13:52:30,     4, 36.90, 41.10, -4.20
  12706727,  7136, 3,13:51:39,13:52:48,    69, 45.60, 38.50,  7.10
         0,     0, 3,13:52:57,13:53:03,     6, 38.50, 38.40,  0.10
  12200042,  5096, 3,13:53:30,13:54:52,    82, 46.50, 33.60, 12.90
         0,     0, 3,13:55:00,13:55:10,    10, 33.60, 33.40,  0.20
  21268104,  6062, 2,13:57:17,13:57:58,    41, 43.70, 40.70,  3.00
         0,     0, 2,13:58:06,13:58:08,     2, 40.70, 43.70, -3.00
  21268104,  6062, 1,13:59:25,13:59:31,     6, 41.20, 41.10,  0.10
  13008816,     0, 7,13:46:33,14:01:07,   874, 40.10, 17.60, 22.50
  12448429,     0, 6,13:28:18,14:01:13,  1975, 40.20, 12.80, 27.40
         0,     0, 7,14:01:15,14:01:30,    15, 17.60, 17.70, -0.10
  13008827,     0, 8,14:00:30,14:01:39,    69, 41.10, 40.90,  0.20
         0,     0, 6,14:01:21,14:01:49,    28, 12.80, 41.50,-28.70
  12199988,     0, 8,14:05:58,14:06:04,     6, 41.10, 41.00,  0.10
  12199988,     0, 8,14:06:21,14:06:37,    16, 40.90, 40.80,  0.10
  12706705,  7114, 3,14:05:29,14:06:53,    84, 46.60, 43.30,  3.30
         0,     0, 3,14:07:01,14:07:03,     2, 43.30, 46.00, -2.70
  12706705,  7114, 3,14:07:28,14:08:37,    69, 46.20, 36.30,  9.90
         0,     0, 3,14:08:45,14:08:53,     8, 36.30, 36.30,  0.00
  12199981,  5035, 4,14:07:42,14:08:52,    70, 43.60, 22.60, 21.00
         0,     0, 4,14:09:00,14:09:19,    19, 22.60, 43.20,-20.60
  12706622,     0, 8,14:07:02,14:09:38,   156, 40.70, 37.90,  2.80
         0,     0, 8,14:09:46,14:09:49,     3, 37.90, 41.10, -3.20
  12706624,  7033, 9,14:09:19,14:10:37,    78, 41.10, 38.60,  2.50
         0,     0, 9,14:10:46,14:10:49,     3, 38.60, 41.10, -2.50
  12200010,  5064, 1,14:08:49,14:11:20,   151, 41.10, 24.00, 17.10
         0,     0, 1,14:11:28,14:11:44,    16, 24.00, 41.30,-17.30
  11953978,  4008, 3,14:14:37,14:15:04,    27, 46.10, 40.80,  5.30
         0,     0, 3,14:15:12,14:15:16,     4, 40.80, 40.60,  0.20
  13008866,     0, 8,14:14:23,14:15:38,    75, 41.10, 40.80,  0.30
  12706609,  7018, 8,14:15:50,14:16:59,    69, 40.80, 30.50, 10.30
         0,     0, 8,14:17:08,14:17:19,    11, 30.50, 41.00,-10.50
  12200010,  5064, 1,14:20:12,14:20:38,    26, 41.30, 41.20,  0.10
  12706729,  7138, 2,14:20:52,14:23:11,   139, 43.60, 32.20, 11.40
         0,     0, 2,14:23:19,14:23:30,    11, 32.20, 43.80,-11.60
  11954027,  4057, 1,14:28:02,14:29:21,    79, 41.20, 31.40,  9.80
         0,     0, 1,14:29:30,14:29:39,     9, 31.40, 41.30, -9.90
  12199988,     0, 8,14:29:58,14:30:18,    20, 41.10, 40.80,  0.30
  11954027,  4057, 1,14:29:55,14:30:29,    34, 41.30, 32.80,  8.50
         0,     0, 1,14:30:38,14:30:45,     7, 32.80, 41.30, -8.50
  12199988,     0, 8,14:30:43,14:31:19,    36, 40.60, 39.80,  0.80
         0,     0, 8,14:31:26,14:31:26,     0, 39.80, 40.40, -0.60
  12199988,     0, 8,14:32:19,14:33:23,    64, 36.80, 21.20, 15.60
         0,     0, 8,14:33:32,14:33:53,    21, 21.20, 41.00,-19.80
  12706700,  7109, 2,14:38:25,14:38:41,    16, 43.90, 43.80,  0.10
  13008798,     0, 8,14:39:48,14:41:46,   118, 40.70, 30.90,  9.80
  12200010,  5064, 1,14:40:36,14:41:47,    71, 41.30, 33.80,  7.50
         0,     0, 1,14:41:56,14:42:03,     7, 33.80, 41.20, -7.40
         0,     0, 8,14:41:54,14:42:05,    11, 30.90, 41.10,-10.20
  12706700,  7109, 3,14:42:30,14:44:12,   102, 46.50, 28.60, 17.90
  13008866,     0, 8,14:42:19,14:44:11,   112, 41.10, 40.60,  0.50
         0,     0, 3,14:44:20,14:44:34,    14, 28.60, 28.40,  0.20
  13008866,     0, 8,14:44:30,14:45:51,    81, 40.60, 40.20,  0.40
  13008866,     0, 8,14:46:13,14:46:48,    35, 40.20, 39.90,  0.30
         0,     0, 8,14:46:56,14:46:56,     0, 39.90, 40.70, -0.80
  13008797,     0, 9,14:45:25,14:47:13,   108, 38.30, 37.50,  0.80
         0,     0, 9,14:47:22,14:47:26,     4, 37.50, 41.00, -3.50
  13008866,     0, 8,14:47:15,14:47:26,    11, 40.70, 40.70,  0.00
  13008797,     0, 9,14:47:41,14:50:31,   170, 40.90, 32.40,  8.50
         0,     0, 9,14:50:40,14:50:51,    11, 32.40, 41.10, -8.70
  13008790,     0, 6,14:03:24,15:07:06,  3822, 20.60, 18.00,  2.60
         0,     0, 6,15:07:14,15:07:36,    22, 18.00, 41.60,-23.60
  12706622,     0, 8,15:08:32,15:13:19,   287, 40.70, 32.30,  8.40
         0,     0, 8,15:13:26,15:13:35,     9, 32.30, 41.10, -8.80
  13008827,     0, 7,14:01:45,15:16:02,  4457, 41.60, 28.80, 12.80
         0,     0, 7,15:16:10,15:16:18,     8, 28.80, 28.90, -0.10
  11499202,     0, 8,15:20:18,15:22:00,   102, 40.20, 33.50,  6.70
         0,     0, 8,15:22:08,15:22:16,     8, 33.50, 41.10, -7.60
  12706645,     0, 8,15:23:07,15:26:08,   181, 41.10, 25.00, 16.10
         0,     0, 8,15:26:15,15:26:32,    17, 25.00, 41.10,-16.10
  12706645,     0, 7,15:16:28,15:28:20,   712, 41.40, 41.30,  0.10
  12706667,     0, 8,15:30:40,15:30:42,     2, 41.10, 41.10,  0.00
  12706667,     0, 8,15:30:54,15:30:55,     1, 41.10, 40.80,  0.30
  12706667,     0, 8,15:31:06,15:31:26,    20, 40.80, 39.50,  1.30
         0,     0, 8,15:31:34,15:31:35,     1, 39.50, 40.80, -1.30
  12706667,     0, 8,15:31:48,15:31:50,     2, 39.70, 39.60,  0.10
         0,     0, 8,15:31:57,15:31:58,     1, 39.60, 41.10, -1.50
  12706667,     0, 8,15:32:47,15:32:51,     4, 27.80, 27.80,  0.00
         0,     0, 8,15:32:59,15:33:13,    14, 27.80, 40.80,-13.00
  13008835,     0, 8,15:33:47,15:35:52,   125, 40.70, 38.80,  1.90
         0,     0, 8,15:36:00,15:36:02,     2, 38.80, 40.60, -1.80
  13008835,     0, 8,15:37:33,15:37:35,     2, 25.70, 25.70,  0.00
         0,     0, 8,15:37:42,15:37:58,    16, 25.70, 41.10,-15.40
  13008737,     0, 9,15:40:01,15:40:05,     4, 23.50, 23.50,  0.00
         0,     0, 9,15:40:13,15:40:37,    24, 23.50, 41.10,-17.60
  13008858,     0, 7,15:35:15,15:43:18,   483, 41.30, 25.90, 15.40
         0,     0, 7,15:43:26,15:43:35,     9, 25.90, 41.20,-15.30
  12706646,     0, 8,15:44:14,15:44:19,     5, 40.30, 40.40, -0.10
  12706646,     0, 8,15:44:37,15:45:27,    50, 38.60, 29.40,  9.20
         0,     0, 8,15:45:35,15:45:47,    12, 29.40, 41.00,-11.60
  21268104,  6062, 2,15:44:20,15:46:45,   145, 43.70, 31.90, 11.80
  12448451,  6064, 1,15:46:25,15:46:52,    27, 41.20, 41.10,  0.10
         0,     0, 2,15:46:53,15:47:05,    12, 31.90, 43.80,-11.90
  12706642,  7051, 8,15:46:00,15:47:02,    62, 40.60, 26.80, 13.80
         0,     0, 8,15:47:10,15:47:25,    15, 26.80, 41.10,-14.30
  12706669,  7078, 3,15:47:19,15:48:17,    58, 46.50, 31.00, 15.50
         0,     0, 3,15:48:25,15:48:38,    13, 31.00, 30.90,  0.10
  12448451,  6064, 2,15:47:16,15:50:57,   221, 44.10, 20.90, 23.20
         0,     0, 2,15:51:04,15:51:27,    23, 20.90, 43.90,-23.00
  12706639,  7048, 1,15:49:35,15:51:27,   112, 41.10, 22.00, 19.10
         0,     0, 1,15:51:34,15:51:52,    18, 22.00, 41.30,-19.30
  21306958,  5124, 9,15:51:54,15:51:57,     3, 41.10, 41.10,  0.00
  21306958,  5124, 9,15:52:09,15:52:19,    10, 41.10, 41.00,  0.10
  12448442,  6055, 8,15:52:09,15:52:46,    37, 41.20, 36.20,  5.00
         0,     0, 8,15:52:53,15:52:58,     5, 36.20, 41.10, -4.90
  12706707,  7116, 1,15:54:10,15:54:27,    17, 41.30, 40.00,  1.30
         0,     0, 1,15:54:36,15:54:36,     0, 40.00, 41.00, -1.00
  13008835,     0, 8,15:59:34,15:59:36,     2, 41.10, 41.10,  0.00
  13008795,     0, 6,15:14:17,16:02:28,  2891, 41.60, 26.90, 14.70
         0,     0, 6,16:02:35,16:02:49,    14, 26.90, 41.60,-14.70
  12448416,  6029, 5,16:00:45,16:02:47,   122, 40.70, 29.30, 11.40
         0,     0, 5,16:02:55,16:03:06,    11, 29.30, 41.00,-11.70
  21306958,  5124, 9,16:01:02,16:03:49,   167, 41.00, 36.50,  4.50
  21268825,  6068, 1,16:03:52,16:03:55,     3, 41.00, 41.00,  0.00
         0,     0, 9,16:03:58,16:04:03,     5, 36.50, 41.10, -4.60
  13008835,     0, 8,16:03:55,16:04:02,     7, 41.20, 41.10,  0.10
  11953996,  4026, 4,16:03:13,16:06:20,   187, 43.60, 23.00, 20.60
  12199981,  5035, 3,16:05:18,16:06:20,    62, 46.70, 31.50, 15.20
         0,     0, 3,16:06:29,16:06:41,    12, 31.50, 46.50,-15.00
         0,     0, 4,16:06:28,16:06:47,    19, 23.00, 43.40,-20.40
  13008835,     0, 8,16:08:19,16:08:20,     1, 40.90, 41.00, -0.10
  12706616,  7025, 4,16:07:18,16:08:22,    64, 43.60, 30.20, 13.40
         0,     0, 4,16:08:31,16:08:42,    11, 30.20, 43.30,-13.10
  13008835,     0, 8,16:09:34,16:09:36,     2, 40.90, 40.90,  0.00
  12706616,  7025, 3,16:08:49,16:09:49,    60, 46.80, 35.50, 11.30
  12706651,  7060, 2,16:08:16,16:09:56,   100, 43.90, 33.00, 10.90
         0,     0, 3,16:09:56,16:10:05,     9, 35.50, 35.30,  0.20
         0,     0, 2,16:10:04,16:10:15,    11, 33.00, 43.70,-10.70
  12706651,  7060, 1,16:10:04,16:10:31,    27, 41.00, 38.40,  2.60
         0,     0, 1,16:10:39,16:10:41,     2, 38.40, 41.30, -2.90
  12706637,  7046, 4,16:08:53,16:11:32,   159, 43.20, 27.10, 16.10
         0,     0, 4,16:11:39,16:11:54,    15, 27.10, 43.30,-16.20
  13008779,     0, 9,16:10:27,16:12:09,   102, 41.10, 34.60,  6.50
         0,     0, 9,16:12:17,16:12:25,     8, 34.60, 41.20, -6.60
  12706646,     0, 7,15:43:45,16:12:25,  1720, 41.30, 26.00, 15.30
         0,     0, 7,16:12:33,16:12:42,     9, 26.00, 41.70,-15.70
  12706706,  7115, 1,16:11:04,16:12:58,   114, 41.30, 23.40, 17.90
  12706719,  7128, 5,16:08:45,16:13:18,   273, 40.90, 21.10, 19.80
         0,     0, 1,16:13:06,16:13:23,    17, 23.40, 41.30,-17.90
  12706655,  7064, 2,16:12:28,16:13:28,    60, 43.80, 39.70,  4.10
         0,     0, 2,16:13:35,16:13:38,     3, 39.70, 43.70, -4.00
         0,     0, 5,16:13:26,16:13:45,    19, 21.10, 40.90,-19.80
  12448471,  6084, 3,16:12:22,16:14:17,   115, 46.60, 23.70, 22.90
         0,     0, 3,16:14:24,16:14:43,    19, 23.70, 23.70,  0.00
  12706710,  7119, 2,16:14:45,16:16:17,    92, 43.70, 24.90, 18.80
  12706655,  7064, 1,16:14:11,16:16:41,   150, 41.30, 27.90, 13.40
         0,     0, 2,16:16:24,16:16:43,    19, 24.90, 43.80,-18.90
  12448454,  6067, 4,16:14:55,16:16:52,   117, 44.10, 28.40, 15.70
         0,     0, 1,16:16:48,16:17:00,    12, 27.90, 41.20,-13.30
         0,     0, 4,16:17:00,16:17:14,    14, 28.40, 43.20,-14.80
  13008827,     0, 8,16:16:01,16:17:31,    90, 40.60, 40.40,  0.20
  12706642,  7051, 8,16:17:49,16:18:27,    38, 40.40, 36.90,  3.50
         0,     0, 8,16:18:35,16:18:39,     4, 36.90, 41.10, -4.20
  13008827,     0, 7,16:12:53,16:19:03,   370, 41.50, 41.20,  0.30
  12706700,  7109, 1,16:18:39,16:19:36,    57, 41.10, 30.80, 10.30
  21268825,  6068, 4,16:19:29,16:19:42,    13, 43.60, 43.30,  0.30
         0,     0, 1,16:19:43,16:19:52,     9, 30.80, 41.30,-10.50
  12448432,  6045, 2,16:17:32,16:20:20,   168, 43.90, 29.30, 14.60
         0,     0, 2,16:20:28,16:20:42,    14, 29.30, 44.00,-14.70
  12706642,  7051, 8,16:19:23,16:20:47,    84, 38.70, 32.70,  6.00
         0,     0, 8,16:20:56,16:21:04,     8, 32.70, 41.10, -8.40
  21292347,  5120, 5,16:18:58,16:21:03,   125, 40.90, 28.20, 12.70
         0,     0, 5,16:21:12,16:21:24,    12, 28.20, 40.70,-12.50
  21268825,  6068, 2,16:21:04,16:21:49,    45, 44.00, 43.80,  0.20
  11954014,  4044, 3,16:21:49,16:22:53,    64, 46.70, 33.20, 13.50
  13008732,  7153, 4,16:20:59,16:22:58,   119, 43.30, 41.00,  2.30
         0,     0, 4,16:23:07,16:23:09,     2, 41.00, 43.50, -2.50
         0,     0, 3,16:23:01,16:23:11,    10, 33.20, 33.20,  0.00
  12448473,  6086, 1,16:21:19,16:23:11,   112, 41.30, 20.00, 21.30
  13008866,     0, 8,16:22:02,16:23:26,    84, 41.10, 40.60,  0.50
  12706727,  7136, 2,16:22:00,16:23:26,    86, 43.80, 32.70, 11.10
         0,     0, 1,16:23:20,16:23:40,    20, 20.00, 41.30,-21.30
         0,     0, 2,16:23:34,16:23:45,    11, 32.70, 43.80,-11.10
  13008866,     0, 8,16:23:41,16:24:08,    27, 40.60, 40.50,  0.10
  13008732,  7153, 4,16:23:51,16:25:44,   113, 43.30, 29.10, 14.20
  13008866,     0, 8,16:25:15,16:26:00,    45, 40.20, 40.00,  0.20
         0,     0, 8,16:26:07,16:26:07,     0, 40.00, 40.20, -0.20
         0,     0, 4,16:25:53,16:26:09,    16, 29.10, 43.10,-14.00
  21268825,  6068, 2,16:24:38,16:26:34,   116, 43.90, 32.80, 11.10
  12448428,  6041, 1,16:25:16,16:26:38,    82, 41.30, 23.00, 18.30
         0,     0, 2,16:26:42,16:26:55,    13, 32.80, 43.50,-10.70
         0,     0, 1,16:26:45,16:27:06,    21, 23.00, 41.20,-18.20
  12706729,  7138, 5,16:27:17,16:27:43,    26, 40.70, 40.80, -0.10
  12448412,  6025, 1,16:28:14,16:28:50,    36, 41.10, 41.00,  0.10
  12706729,  7138, 5,16:28:33,16:29:09,    36, 40.70, 40.70,  0.00
  21304388,  6125, 2,16:27:05,16:29:51,   166, 43.90, 19.00, 24.90
  12448412,  6025, 1,16:29:02,16:30:09,    67, 41.00, 40.90,  0.10
         0,     0, 2,16:29:59,16:30:28,    29, 19.00, 43.60,-24.60
  12706729,  7138, 5,16:30:24,16:31:49,    85, 40.70, 32.50,  8.20
         0,     0, 5,16:31:57,16:32:06,     9, 32.50, 40.70, -8.20
  12448412,  6025, 1,16:30:27,16:32:12,   105, 40.90, 40.40,  0.50
  12448412,  6025, 2,16:32:22,16:32:29,     7, 43.70, 43.60,  0.10
  13008866,     0, 8,16:31:57,16:35:19,   202, 38.60, 37.50,  1.10
         0,     0, 8,16:35:27,16:35:30,     3, 37.50, 41.00, -3.50
  12448474,  6087, 2,16:34:28,16:36:15,   107, 43.60, 26.80, 16.80
         0,     0, 2,16:36:22,16:36:39,    17, 26.80, 43.70,-16.90
  12448412,  6025, 1,16:32:32,16:36:45,   253, 40.40, 12.00, 28.40
         0,     0, 1,16:36:53,16:37:21,    28, 12.00, 41.20,-29.20
  13008742,  7163, 1,16:40:18,16:41:01,    43, 41.20, 41.10,  0.10
  13008742,  7163, 2,16:41:12,16:42:10,    58, 43.70, 43.40,  0.30
  12200064,  5118, 1,16:41:32,16:42:14,    42, 41.10, 40.90,  0.20
  13008742,  7163, 1,16:42:24,16:44:51,   147, 40.90, 23.50, 17.40
  12448483,  6096, 3,16:44:27,16:45:13,    46, 46.40, 45.80,  0.60
         0,     0, 1,16:44:59,16:45:15,    16, 23.50, 41.30,-17.80
  12200064,  5118, 2,16:42:29,16:45:48,   199, 43.40, 34.80,  8.60
         0,     0, 2,16:45:55,16:46:03,     8, 34.80, 43.80, -9.00
  12448483,  6096, 4,16:45:28,16:47:15,   107, 43.50, 19.20, 24.30
  11954027,  4057, 2,16:46:20,16:47:15,    55, 43.70, 38.80,  4.90
         0,     0, 2,16:47:22,16:47:26,     4, 38.80, 44.00, -5.20
  12199987,     0, 7,16:19:28,16:47:31,  1683, 41.10, 14.30, 26.80
  12200064,  5118, 1,16:45:50,16:47:31,   101, 41.30, 20.70, 20.60
  12448416,  6029, 3,16:45:25,16:47:37,   132, 45.90, 38.20,  7.70
         0,     0, 4,16:47:22,16:47:45,    23, 19.20, 43.20,-24.00
         0,     0, 3,16:47:46,16:47:53,     7, 38.20, 38.20,  0.00
         0,     0, 7,16:47:38,16:47:57,    19, 14.30, 41.60,-27.30
         0,     0, 1,16:47:40,16:48:00,    20, 20.70, 41.30,-20.60
  11954027,  4057, 2,16:48:05,16:48:44,    39, 43.80, 33.70, 10.10
         0,     0, 2,16:48:52,16:49:01,     9, 33.70, 43.70,-10.00
  12448432,  6045, 1,16:50:48,16:51:23,    35, 41.30, 40.70,  0.60
  12448432,  6045, 2,16:51:28,16:52:45,    77, 43.80, 33.80, 10.00
  12200046,  5100, 4,16:52:26,16:52:52,    26, 43.40, 38.40,  5.00
         0,     0, 2,16:52:52,16:53:01,     9, 33.80, 43.90,-10.10
         0,     0, 4,16:52:59,16:53:03,     4, 38.40, 43.40, -5.00
  12706701,  7110, 4,16:53:29,16:54:14,    45, 43.50, 43.50,  0.00
  12448471,  6084, 5,16:54:48,16:55:48,    60, 40.70, 32.00,  8.70
         0,     0, 5,16:55:55,16:56:03,     8, 32.00, 40.80, -8.80
  12448454,  6067, 4,16:54:57,16:56:49,   112, 43.40, 33.40, 10.00
         0,     0, 4,16:56:58,16:57:07,     9, 33.40, 43.30, -9.90
  12706701,  7110, 2,16:55:43,16:59:27,   224, 43.90, 30.10, 13.80
  13008866,     0, 8,16:59:17,16:59:40,    23, 39.40, 39.30,  0.10
         0,     0, 2,16:59:34,16:59:47,    13, 30.10, 43.60,-13.50
         0,     0, 8,16:59:50,16:59:51,     1, 39.30, 41.00, -1.70
  11724159,     0, 8,17:00:03,17:00:59,    56, 41.00, 31.10,  9.90
         0,     0, 8,17:01:06,17:01:16,    10, 31.10, 41.10,-10.00
  13008866,     0, 8,17:05:19,17:05:24,     5, 41.10, 41.10,  0.00
  12199986,     0, 9,17:05:57,17:06:01,     4, 41.20, 41.10,  0.10
  12200046,  5100, 4,17:06:13,17:06:54,    41, 43.60, 35.70,  7.90
         0,     0, 4,17:07:01,17:07:08,     7, 35.70, 43.40, -7.70
  12199986,     0, 9,17:06:14,17:07:33,    79, 41.10, 34.50,  6.60
         0,     0, 9,17:07:42,17:07:50,     8, 34.50, 41.00, -6.50
  12448428,  6041, 1,17:08:30,17:09:00,    30, 40.70, 33.40,  7.30
         0,     0, 1,17:09:07,17:09:14,     7, 33.40, 41.20, -7.80
  12448428,  6041, 2,17:10:05,17:10:40,    35, 43.70, 34.20,  9.50
         0,     0, 2,17:10:48,17:10:57,     9, 34.20, 43.80, -9.60
  11953996,  4026, 1,17:09:32,17:12:08,   156, 41.20, 22.60, 18.60
         0,     0, 1,17:12:16,17:12:35,    19, 22.60, 41.20,-18.60
  21292480,     0, 6,16:04:14,17:13:38,  4164, 25.80, 25.70,  0.10
         0,     0, 6,17:13:47,17:14:03,    16, 25.70, 41.40,-15.70
  12706729,  7138, 3,17:16:12,17:16:48,    36, 46.20, 46.10,  0.10
  12706729,  7138, 4,17:17:34,17:18:07,    33, 43.60, 43.60,  0.00
  12706624,  7033, 9,17:16:56,17:19:16,   140, 41.10, 37.10,  4.00
         0,     0, 9,17:19:25,17:19:30,     5, 37.10, 41.00, -3.90
  12448473,  6086, 1,17:18:51,17:19:46,    55, 41.20, 33.20,  8.00
  12706729,  7138, 3,17:18:13,17:19:50,    97, 46.20, 32.10, 14.10
         0,     0, 1,17:19:53,17:20:01,     8, 33.20, 41.10, -7.90
         0,     0, 3,17:19:58,17:20:10,    12, 32.10, 31.90,  0.20
  12706655,  7064, 1,17:21:13,17:21:20,     7, 41.10, 41.10,  0.00
  12706655,  7064, 2,17:21:42,17:22:14,    32, 43.80, 43.60,  0.20
  21304388,  6125, 5,17:21:57,17:23:28,    91, 40.80, 40.80,  0.00
  12706645,     0, 8,17:24:07,17:24:18,    11, 41.10, 41.10,  0.00
  12706645,     0, 8,17:24:37,17:24:39,     2, 41.00, 41.00,  0.00
  12706655,  7064, 4,17:23:33,17:25:01,    88, 43.60, 31.30, 12.30
         0,     0, 4,17:25:08,17:25:19,    11, 31.30, 43.30,-12.00
  12706642,  7051, 8,17:24:50,17:26:13,    83, 41.00, 31.50,  9.50
         0,     0, 8,17:26:22,17:26:32,    10, 31.50, 41.10, -9.60
  12706738,  7147, 2,17:24:44,17:26:46,   122, 43.70, 28.00, 15.70
         0,     0, 2,17:26:53,17:27:09,    16, 28.00, 43.80,-15.80
  12706645,     0, 8,17:27:29,17:27:41,    12, 41.10, 41.10,  0.00
  12706645,     0, 7,17:24:44,17:28:11,   207, 41.50, 41.30,  0.20
  12706651,  7060, 3,17:29:29,17:30:42,    73, 46.50, 39.20,  7.30
  13008866,     0, 8,17:29:18,17:30:47,    89, 41.00, 40.50,  0.50
         0,     0, 3,17:30:50,17:30:55,     5, 39.20, 39.20,  0.00
  11954014,  4044, 3,17:31:12,17:32:21,    69, 46.70, 32.50, 14.20
         0,     0, 3,17:32:29,17:32:40,    11, 32.50, 32.70, -0.20
  13008866,     0, 8,17:32:39,17:33:00,    21, 40.00, 39.90,  0.10
         0,     0, 8,17:33:09,17:33:09,     0, 39.90, 40.70, -0.80
  12706659,  7068, 2,17:33:28,17:33:44,    16, 43.90, 43.80,  0.10
  12706659,  7068, 2,17:33:54,17:37:24,   210, 43.90, 20.50, 23.40
         0,     0, 2,17:37:32,17:37:55,    23, 20.50, 43.80,-23.30
  21306958,  5124, 9,17:42:39,17:43:54,    75, 41.00, 40.70,  0.30
  21306958,  5124, 9,17:44:06,17:45:26,    80, 40.20, 37.20,  3.00
         0,     0, 9,17:45:35,17:45:39,     4, 37.20, 41.10, -3.90
  12200046,  5100, 1,17:45:08,17:45:40,    32, 41.10, 33.50,  7.60
  12448479,  6092, 2,17:45:37,17:45:42,     5, 43.80, 43.60,  0.20
         0,     0, 1,17:45:48,17:45:55,     7, 33.50, 41.20, -7.70
  12448471,  6084, 3,17:45:37,17:46:51,    74, 46.60, 35.00, 11.60
         0,     0, 3,17:46:59,17:47:08,     9, 35.00, 34.90,  0.10
  21268104,  6062, 4,17:45:03,17:47:23,   140, 43.70, 30.80, 12.90
         0,     0, 4,17:47:31,17:47:42,    11, 30.80, 43.20,-12.40
  12448479,  6092, 1,17:46:05,17:48:05,   120, 41.20, 29.00, 12.20
         0,     0, 1,17:48:13,17:48:24,    11, 29.00, 41.30,-12.30
  13008798,     0, 7,17:28:32,17:49:35,  1263, 41.30, 24.50, 16.80
         0,     0, 7,17:49:43,17:49:58,    15, 24.50, 24.50,  0.00
  11953978,  4008, 2,17:48:54,17:50:29,    95, 43.60, 27.80, 15.80
         0,     0, 2,17:50:38,17:50:57,    19, 27.80, 43.80,-16.00
  12200064,  5118, 4,17:48:03,17:50:59,   176, 43.40, 43.10,  0.30
  12199988,     0, 8,17:52:24,17:52:43,    19, 40.80, 40.60,  0.20
  12706639,  7048, 2,17:51:07,17:52:43,    96, 43.90, 28.50, 15.40
  12200064,  5118, 4,17:51:10,17:52:45,    95, 43.00, 24.10, 18.90
  12706707,  7116, 1,17:51:59,17:52:47,    48, 41.20, 35.50,  5.70
         0,     0, 1,17:52:55,17:53:01,     6, 35.50, 41.10, -5.60
         0,     0, 2,17:52:52,17:53:12,    20, 28.50, 43.40,-14.90
         0,     0, 4,17:52:54,17:53:17,    23, 24.10, 43.10,-19.00
  12199988,     0, 8,17:53:09,17:53:29,    20, 40.60, 40.40,  0.20
  12706707,  7116, 2,17:53:22,17:53:57,    35, 43.70, 37.70,  6.00
         0,     0, 2,17:54:05,17:54:11,     6, 37.70, 43.70, -6.00
  12448412,  6025, 5,17:55:53,17:55:57,     4, 40.80, 40.80,  0.00
  12199988,     0, 8,17:53:51,17:56:02,   131, 40.40, 31.50,  8.90
         0,     0, 8,17:56:11,17:56:23,    12, 31.50, 40.90, -9.40
  13008768,     0, 9,17:55:37,17:56:19,    42, 41.10, 41.10,  0.00
  13008768,     0, 9,17:56:34,17:57:15,    41, 41.10, 39.80,  1.30
         0,     0, 9,17:57:23,17:57:24,     1, 39.80, 40.90, -1.10
  12448412,  6025, 5,18:00:37,18:01:09,    32, 40.80, 40.70,  0.10
  12448429,     0, 6,17:15:03,18:01:51,  2808, 28.30,  9.70, 18.60
         0,     0, 6,18:01:59,18:02:35,    36,  9.70, 41.50,-31.80
  12706636,  7045, 2,18:01:16,18:02:49,    93, 43.80, 28.80, 15.00
         0,     0, 2,18:02:58,18:03:13,    15, 28.80, 43.70,-14.90
  12448412,  6025, 5,18:01:27,18:03:27,   120, 40.70, 40.30,  0.40
  12448412,  6025, 5,18:04:20,18:04:27,     7, 40.40, 40.40,  0.00
  13008827,     0, 8,18:05:37,18:05:43,     6, 40.60, 40.20,  0.40
  12448477,  6090, 3,18:05:41,18:06:54,    73, 46.10, 34.80, 11.30
         0,     0, 3,18:07:02,18:07:11,     9, 34.80, 34.70,  0.10
  13008815,     0, 9,18:07:56,18:08:21,    25, 40.90, 40.00,  0.90
  12200048,     0, 8,18:06:18,18:08:22,   124, 40.00, 37.30,  2.70
         0,     0, 9,18:08:29,18:08:29,     0, 40.00, 40.80, -0.80
         0,     0, 8,18:08:31,18:08:34,     3, 37.30, 41.20, -3.90
         0,     0,10,18:08:40,18:08:40,     0, 39.90, 40.90, -1.00
  12706669,  7078, 2,18:08:01,18:09:06,    65, 43.80, 29.60, 14.20
         0,     0, 2,18:09:15,18:09:29,    14, 29.60, 43.90,-14.30
  13008737,     0, 9,18:12:16,18:12:18,     2, 27.40, 27.40,  0.00
         0,     0, 9,18:12:27,18:12:46,    19, 27.40, 41.10,-13.70
  13008837,     0, 9,18:13:06,18:13:07,     1, 41.10, 41.10,  0.00
  12448448,  6061, 4,18:11:00,18:15:45,   285, 43.50, 19.00, 24.50
         0,     0, 4,18:15:53,18:16:16,    23, 19.00, 43.30,-24.30
  13008827,     0, 7,17:52:10,18:17:07,  1497, 41.30, 12.20, 29.10
         0,     0, 7,18:17:15,18:17:34,    19, 12.20, 41.60,-29.40
  12706651,  7060, 5,18:16:08,18:17:34,    86, 40.40, 29.60, 10.80
         0,     0, 5,18:17:42,18:17:52,    10, 29.60, 40.90,-11.30
  12706667,     0, 8,18:18:32,18:18:35,     3, 31.10, 31.20, -0.10
  13008768,     0, 9,18:16:59,18:18:38,    99, 41.10, 32.40,  8.70
         0,     0, 8,18:18:42,18:18:52,    10, 31.20, 31.30, -0.10
         0,     0, 9,18:18:45,18:18:56,    11, 32.40, 41.20, -8.80
  21268104,  6062, 2,18:17:06,18:19:02,   116, 43.80, 34.30,  9.50
         0,     0, 2,18:19:10,18:19:19,     9, 34.30, 43.80, -9.50
  11954014,  4044, 1,18:19:16,18:19:54,    38, 41.10, 30.70, 10.40
  13008815,     0, 9,18:19:08,18:20:06,    58, 41.10, 33.20,  7.90
         0,     0, 1,18:20:03,18:20:12,     9, 30.70, 41.20,-10.50
         0,     0, 9,18:20:14,18:20:24,    10, 33.20, 41.10, -7.90
  12706700,  7109, 3,18:23:03,18:23:54,    51, 46.20, 34.50, 11.70
         0,     0, 3,18:24:03,18:24:13,    10, 34.50, 34.90, -0.40
  13008790,     0, 6,18:03:36,18:24:31,  1255, 26.90, 26.80,  0.10
         0,     0, 6,18:24:39,18:24:52,    13, 26.80, 41.60,-14.80
  12448479,  6092, 1,18:24:20,18:25:08,    48, 41.20, 37.90,  3.30
  21304388,  6125, 2,18:22:00,18:25:12,   192, 43.80, 19.50, 24.30
         0,     0, 1,18:25:17,18:25:19,     2, 37.90, 41.20, -3.30
         0,     0, 2,18:25:20,18:25:44,    24, 19.50, 44.10,-24.60
  12448479,  6092, 3,18:26:00,18:26:50,    50, 46.50, 37.50,  9.00
         0,     0, 3,18:26:58,18:27:04,     6, 37.50, 37.40,  0.10
  11953978,  4008, 3,18:28:09,18:29:38,    89, 46.20, 39.10,  7.10
         0,     0, 3,18:29:46,18:29:51,     5, 39.10, 39.10,  0.00
  12200010,  5064, 1,18:30:03,18:31:21,    78, 41.20, 26.20, 15.00
         0,     0, 1,18:31:30,18:31:44,    14, 26.20, 41.20,-15.00
  12199981,  5035, 4,18:31:49,18:32:47,    58, 43.50, 27.40, 16.10
         0,     0, 4,18:32:55,18:33:10,    15, 27.40, 43.40,-16.00
  12448477,  6090, 2,18:36:46,18:38:20,    94, 43.80, 34.20,  9.60
         0,     0, 2,18:38:28,18:38:37,     9, 34.20, 43.80, -9.60
  13008815,     0, 9,18:39:12,18:39:16,     4, 41.10, 41.00,  0.10
  13008866,     0, 8,18:38:12,18:39:24,    72, 41.20, 40.90,  0.30
  12448412,  6025, 1,18:39:39,18:39:47,     8, 41.20, 41.10,  0.10
  12706645,     0, 8,18:40:55,18:40:56,     1, 40.80, 40.80,  0.00
  12448412,  6025, 1,18:40:52,18:41:09,    17, 41.10, 41.10,  0.00
  12448412,  6025, 2,18:41:12,18:41:34,    22, 43.80, 43.80,  0.00
  12706645,     0, 8,18:41:35,18:42:02,    27, 40.80, 40.30,  0.50
  12706645,     0, 8,18:42:14,18:43:10,    56, 38.70, 32.70,  6.00
         0,     0, 8,18:43:19,18:43:27,     8, 32.70, 41.00, -8.30
  12448429,     0, 6,18:25:02,18:43:56,  1134, 41.40, 31.30, 10.10
         0,     0, 6,18:44:04,18:44:13,     9, 31.30, 41.50,-10.20
         0,     0, 8,18:44:15,18:44:28,    13, 28.30, 41.10,-12.80
  12706669,  7078, 2,18:44:41,18:46:16,    95, 43.80, 34.20,  9.60
  12448412,  6025, 1,18:41:38,18:46:26,   288, 41.10, 16.90, 24.20
         0,     0, 2,18:46:25,18:46:34,     9, 34.20, 43.70, -9.50
         0,     0, 1,18:46:33,18:46:56,    23, 16.90, 41.20,-24.30
  13008815,     0, 9,18:46:42,18:47:11,    29, 41.00, 38.30,  2.70
         0,     0, 9,18:47:20,18:47:23,     3, 38.30, 41.00, -2.70
  12706707,  7116, 5,18:47:57,18:48:16,    19, 40.80, 38.60,  2.20
         0,     0, 5,18:48:24,18:48:26,     2, 38.60, 41.10, -2.50
  12200042,  5096, 3,18:46:37,18:48:52,   135, 46.20, 23.80, 22.40
         0,     0, 3,18:49:00,18:49:19,    19, 23.80, 23.70,  0.10
  11954050,  4080, 1,18:48:23,18:49:41,    78, 41.20, 26.60, 14.60
  12706707,  7116, 5,18:49:26,18:49:58,    32, 41.00, 36.10,  4.90
         0,     0, 1,18:49:49,18:50:03,    14, 26.60, 41.20,-14.60
         0,     0, 5,18:50:06,18:50:10,     4, 36.10, 41.00, -4.90
  12706659,  7068, 2,18:47:07,18:50:17,   190, 43.70, 25.20, 18.50
  12706667,     0, 7,18:17:44,18:50:19,  1955, 40.20, 40.20,  0.00
  11954050,  4080, 1,18:50:13,18:50:38,    25, 41.20, 34.80,  6.40
         0,     0, 2,18:50:25,18:50:44,    19, 25.20, 43.80,-18.60
         0,     0, 1,18:50:46,18:50:51,     5, 34.80, 41.20, -6.40
  13008762,     0, 9,18:50:10,18:50:55,    45, 40.90, 39.60,  1.30
         0,     0, 9,18:51:03,18:51:04,     1, 39.60, 41.10, -1.50
  13008762,     0, 9,18:52:04,18:52:07,     3, 34.40, 34.40,  0.00
         0,     0, 9,18:52:15,18:52:23,     8, 34.40, 41.10, -6.70
  12706707,  7116, 5,18:52:39,18:52:54,    15, 40.90, 39.50,  1.40
         0,     0, 5,18:53:02,18:53:03,     1, 39.50, 40.90, -1.40
  12706727,  7136, 2,18:51:28,18:53:17,   109, 44.00, 29.10, 14.90
  12706655,  7064, 1,18:51:47,18:53:32,   105, 41.20, 29.00, 12.20
         0,     0, 2,18:53:25,18:53:39,    14, 29.10, 43.90,-14.80
         0,     0, 1,18:53:40,18:53:51,    11, 29.00, 41.20,-12.20
  12706651,  7060, 3,18:52:28,18:53:57,    89, 46.00, 41.40,  4.60
         0,     0, 3,18:54:04,18:54:07,     3, 41.40, 46.50, -5.10
  21268104,  6062, 3,18:55:11,18:55:18,     7, 46.80, 46.40,  0.40
  12706609,  7018, 8,18:54:51,18:55:28,    37, 40.80, 35.60,  5.20
         0,     0, 8,18:55:36,18:55:41,     5, 35.60, 41.10, -5.50
  12200048,     0, 7,18:51:19,18:56:45,   326, 40.00, 34.30,  5.70
         0,     0, 7,18:56:52,18:56:56,     4, 34.30, 34.30,  0.00
  12706624,  7033, 9,18:56:09,18:57:27,    78, 41.10, 38.40,  2.70
  12706705,  7114, 2,18:56:58,18:57:30,    32, 43.90, 43.80,  0.10
  12200010,  5064, 1,18:56:49,18:57:32,    43, 41.20, 33.00,  8.20
         0,     0, 9,18:57:35,18:57:38,     3, 38.40, 41.10, -2.70
         0,     0, 1,18:57:41,18:57:48,     7, 33.00, 41.20, -8.20
  12706624,  7033, 9,18:57:55,18:58:08,    13, 41.10, 40.30,  0.80
  11499202,     0, 8,18:57:43,18:59:24,   101, 39.70, 30.80,  8.90
         0,     0, 8,18:59:31,18:59:42,    11, 30.80, 41.20,-10.40
  11953978,  4008, 2,18:58:50,19:00:03,    73, 44.00, 39.00,  5.00
         0,     0, 2,19:00:11,19:00:15,     4, 39.00, 43.70, -4.70
  12706705,  7114, 1,18:57:58,19:00:48,   170, 41.20, 22.30, 18.90
         0,     0, 1,19:00:56,19:01:13,    17, 22.30, 41.30,-19.00
  12706706,  7115, 2,19:00:49,19:02:28,    99, 43.70, 27.20, 16.50
         0,     0, 2,19:02:37,19:02:53,    16, 27.20, 43.70,-16.50
  12706637,  7046, 3,19:03:17,19:05:41,   144, 46.40, 32.80, 13.60
         0,     0, 3,19:05:50,19:06:00,    10, 32.80, 32.80,  0.00
  13008795,     0, 6,18:54:47,19:06:27,   700, 41.50, 21.00, 20.50
         0,     0, 6,19:06:34,19:06:53,    19, 21.00, 41.40,-20.40
  12448479,  6092, 2,19:05:41,19:07:25,   104, 43.70, 34.00,  9.70
         0,     0, 2,19:07:33,19:07:42,     9, 34.00, 43.80, -9.80
  21292347,  5120, 5,19:05:50,19:07:50,   120, 40.80, 27.90, 12.90
         0,     0, 5,19:07:59,19:08:11,    12, 27.90, 41.00,-13.10
  12706622,     0, 7,19:02:42,19:11:31,   529, 41.50, 28.50, 13.00
         0,     0, 7,19:11:38,19:11:46,     8, 28.50, 28.50,  0.00
  12706639,  7048, 3,19:12:21,19:13:20,    59, 46.20, 44.80,  1.40
  12706719,  7128, 5,19:12:32,19:15:20,   168, 41.00, 26.60, 14.40
         0,     0, 5,19:15:28,19:15:41,    13, 26.60, 26.70, -0.10
  12706639,  7048, 3,19:14:28,19:15:42,    74, 45.70, 34.30, 11.40
         0,     0, 3,19:15:50,19:15:59,     9, 34.30, 34.30,  0.00
  13008835,     0, 8,19:16:46,19:16:47,     1, 34.40, 34.40,  0.00
         0,     0, 8,19:16:54,19:17:00,     6, 34.40, 41.00, -6.60
  12706616,  7025, 2,19:17:34,19:19:01,    87, 43.80, 28.30, 15.50
         0,     0, 2,19:19:08,19:19:23,    15, 28.30, 43.70,-15.40
  11724181,     0, 8,19:20:03,19:20:04,     1, 30.00, 30.00,  0.00
         0,     0, 8,19:20:12,19:20:23,    11, 30.00, 30.10, -0.10
  13008815,     0, 9,19:22:29,19:23:51,    82, 40.20, 32.80,  7.40
         0,     0, 9,19:24:00,19:24:10,    10, 32.80, 41.10, -8.30
  21268825,  6068, 1,19:21:35,19:24:54,   199, 41.30, 24.50, 16.80
         0,     0, 1,19:25:02,19:25:17,    15, 24.50, 41.30,-16.80
  12199981,  5035, 3,19:26:04,19:26:52,    48, 46.10, 32.00, 14.10
         0,     0, 3,19:26:59,19:27:10,    11, 32.00, 32.00,  0.00
  12448428,  6041, 4,19:27:14,19:27:55,    41, 43.80, 34.00,  9.80
  12706727,  7136, 2,19:27:07,19:28:07,    60, 44.00, 34.10,  9.90
         0,     0, 4,19:28:03,19:28:12,     9, 34.00, 43.30, -9.30
         0,     0, 2,19:28:14,19:28:22,     8, 34.10, 43.90, -9.80
  12706646,     0, 8,19:28:20,19:28:26,     6, 41.00, 41.00,  0.00
  12200048,     0, 7,19:13:53,19:28:31,   878, 38.50, 30.60,  7.90
         0,     0, 7,19:28:38,19:28:45,     7, 30.60, 41.60,-11.00
  12706646,     0, 8,19:29:47,19:29:52,     5, 41.10, 41.00,  0.10
  12706646,     0, 7,19:28:55,19:30:26,    91, 41.50, 41.20,  0.30
  12706646,     0, 8,19:30:22,19:30:30,     8, 41.00, 41.00,  0.00
  12448442,  6055, 8,19:30:47,19:30:48,     1, 41.00, 41.00,  0.00
  13008826,     0, 7,19:31:21,19:32:11,    50, 41.20, 41.10,  0.10
  12200042,  5096, 4,19:33:36,19:35:46,   130, 43.70, 39.40,  4.30
         0,     0, 4,19:35:54,19:35:57,     3, 39.40, 43.30, -3.90
  12448432,  6045, 2,19:32:23,19:36:07,   224, 43.50, 29.20, 14.30
  12706710,  7119, 1,19:31:21,19:36:11,   290, 41.30, 23.70, 17.60
         0,     0, 2,19:36:15,19:36:30,    15, 29.20, 43.80,-14.60
         0,     0, 1,19:36:19,19:36:36,    17, 23.70, 41.20,-17.50
  13008837,     0, 9,19:36:06,19:37:43,    97, 41.10, 33.20,  7.90
         0,     0, 9,19:37:51,19:38:01,    10, 33.20, 40.70, -7.50
  12448474,  6087, 3,19:37:27,19:39:29,   122, 46.10, 26.40, 19.70
         0,     0, 3,19:39:36,19:39:52,    16, 26.40, 27.00, -0.60
  13008866,     0, 8,19:40:05,19:40:08,     3, 41.10, 41.10,  0.00
  12448473,  6086, 2,19:39:51,19:40:18,    27, 43.80, 42.60,  1.20
  12448473,  6086, 1,19:40:22,19:41:48,    86, 41.20, 21.20, 20.00
  12706700,  7109, 2,19:40:52,19:41:57,    65, 42.70, 29.40, 13.30
         0,     0, 1,19:41:57,19:42:16,    19, 21.20, 41.20,-20.00
         0,     0, 2,19:42:04,19:42:19,    15, 29.40, 43.70,-14.30
  13008842,  8083, 2,19:42:49,19:43:48,    59, 43.80, 43.70,  0.10
  13008742,  7163, 5,19:43:35,19:44:26,    51, 40.80, 40.60,  0.20
  21292347,  5120, 2,19:44:07,19:45:17,    70, 43.70, 37.10,  6.60
  12448451,  6064, 1,19:44:56,19:45:19,    23, 41.20, 41.10,  0.10
         0,     0, 2,19:45:25,19:45:31,     6, 37.10, 43.70, -6.60
  13008866,     0, 8,19:45:37,19:46:10,    33, 41.10, 40.90,  0.20
  13008848,     0, 9,19:46:33,19:46:36,     3, 32.90, 32.90,  0.00
         0,     0, 9,19:46:44,19:46:54,    10, 32.90, 41.10, -8.20
  13008742,  7163, 5,19:44:40,19:47:39,   179, 40.60, 23.40, 17.20
         0,     0, 5,19:47:46,19:48:02,    16, 23.40, 41.00,-17.60
  13008866,     0, 8,19:46:20,19:48:44,   144, 40.90, 40.30,  0.60
  13008848,     0, 9,19:47:10,19:49:06,   116, 41.00, 27.90, 13.10
         0,     0, 9,19:49:13,19:49:30,    17, 27.90, 41.10,-13.20
  13008866,     0, 8,19:49:02,19:50:05,    63, 40.30, 40.00,  0.30
         0,     0, 8,19:50:14,19:50:14,     0, 40.00, 40.60, -0.60
  13008842,  8083, 2,19:49:02,19:52:23,   201, 43.70, 25.60, 18.10
         0,     0, 2,19:52:30,19:52:48,    18, 25.60, 44.00,-18.40
  13008866,     0, 8,19:50:31,19:52:55,   144, 40.60, 39.80,  0.80
         0,     0, 8,19:53:02,19:53:02,     0, 39.80, 40.80, -1.00
  13323420,     0, 9,19:52:57,19:53:03,     6, 41.10, 40.90,  0.20
  13323420,     0, 9,19:53:29,19:53:34,     5, 40.90, 40.50,  0.40
  12448479,  6092, 3,19:52:41,19:53:47,    66, 46.60, 41.90,  4.70
         0,     0, 3,19:53:55,19:53:57,     2, 41.90, 46.30, -4.40
  13323420,     0, 9,19:54:04,19:54:10,     6, 40.50, 39.50,  1.00
         0,     0, 9,19:54:18,19:54:19,     1, 39.50, 41.10, -1.60
  13323420,     0, 9,19:54:39,19:54:47,     8, 41.10, 39.70,  1.40
         0,     0, 9,19:54:55,19:54:56,     1, 39.70, 41.10, -1.40
  12448479,  6092, 3,19:54:07,19:55:05,    58, 46.40, 40.20,  6.20
         0,     0, 3,19:55:13,19:55:17,     4, 40.20, 40.40, -0.20
  13323420,     0, 9,19:55:12,19:55:20,     8, 41.10, 39.60,  1.50
         0,     0, 9,19:55:28,19:55:29,     1, 39.60, 41.10, -1.50
  11954027,  4057, 2,19:54:06,19:55:37,    91, 43.80, 29.30, 14.50
  13323420,     0, 9,19:55:40,19:55:49,     9, 41.10, 39.10,  2.00
         0,     0, 2,19:55:46,19:56:00,    14, 29.30, 43.80,-14.50
         0,     0, 9,19:55:58,19:56:00,     2, 39.10, 41.10, -2.00
  12448451,  6064, 1,19:53:25,19:56:35,   190, 41.20, 16.70, 24.50
  12448448,  6061, 4,19:53:56,19:56:36,   160, 43.80, 42.20,  1.60
  13323420,     0, 9,19:56:26,19:56:36,    10, 41.10, 39.10,  2.00
         0,     0, 9,19:56:43,19:56:45,     2, 39.10, 41.10, -2.00
         0,     0, 1,19:56:42,19:57:05,    23, 16.70, 41.20,-24.50
  11954027,  4057, 2,19:57:40,19:58:15,    35, 43.80, 38.90,  4.90
         0,     0, 2,19:58:23,19:58:27,     4, 38.90, 43.80, -4.90
  13008866,     0, 8,19:58:44,19:59:35,    51, 39.70, 39.50,  0.20
         0,     0, 8,19:59:42,19:59:43,     1, 39.50, 41.10, -1.60
  12448448,  6061, 4,19:56:52,19:59:41,   169, 42.60, 23.10, 19.50
         0,     0, 4,19:59:49,20:00:08,    19, 23.10, 43.40,-20.30
  13008866,     0, 8,20:00:19,20:00:25,     6, 40.90, 40.80,  0.10
  13008866,     0, 8,20:00:38,20:00:55,    17, 40.80, 40.80,  0.00
  12199987,     0, 8,20:01:31,20:07:28,   357, 40.80, 27.50, 13.30
         0,     0, 8,20:07:35,20:07:49,    14, 27.50, 41.10,-13.60
  11953996,  4026, 2,20:07:02,20:09:06,   124, 43.70, 26.20, 17.50
         0,     0, 2,20:09:14,20:09:31,    17, 26.20, 43.80,-17.60
  13008858,     0, 7,19:34:32,20:10:53,  2181, 41.10, 27.80, 13.30
  12706624,  7033, 9,20:10:37,20:10:56,    19, 41.10, 41.00,  0.10
         0,     0, 7,20:11:00,20:11:08,     8, 27.80, 40.80,-13.00
  13008779,     0, 9,20:11:26,20:12:45,    79, 41.00, 37.30,  3.70
         0,     0, 9,20:12:53,20:12:57,     4, 37.30, 41.10, -3.80
  13008779,     0, 9,20:13:18,20:13:21,     3, 38.90, 38.90,  0.00
         0,     0, 9,20:13:28,20:13:30,     2, 38.90, 41.20, -2.30
  13008779,     0, 9,20:14:09,20:14:44,    35, 41.20, 40.00,  1.20
         0,     0, 9,20:14:51,20:14:51,     0, 40.00, 40.80, -0.80
  12706719,  7128, 1,20:12:55,20:15:54,   179, 41.20, 30.20, 11.00
         0,     0, 1,20:16:02,20:16:12,    10, 30.20, 41.30,-11.10
  13008866,     0, 8,20:15:36,20:16:22,    46, 41.20, 41.00,  0.20
  13008866,     0, 8,20:16:36,20:17:14,    38, 41.00, 40.80,  0.20
  13008866,     0, 8,20:17:25,20:17:57,    32, 40.70, 40.50,  0.20
  12448454,  6067, 2,20:17:08,20:18:36,    88, 43.90, 34.20,  9.70
  13008866,     0, 8,20:18:29,20:18:38,     9, 40.50, 40.40,  0.10
         0,     0, 2,20:18:45,20:18:54,     9, 34.20, 43.70, -9.50
  12706667,     0, 8,20:19:25,20:19:27,     2, 40.40, 40.40,  0.00
  13008732,  7153, 1,20:16:23,20:19:54,   211, 41.30, 20.90, 20.40
  21292347,  5120, 4,20:17:23,20:19:59,   156, 43.50, 40.10,  3.40
         0,     0, 4,20:20:07,20:20:10,     3, 40.10, 43.30, -3.20
         0,     0, 1,20:20:01,20:20:20,    19, 20.90, 41.30,-20.40
  13008815,     0, 9,20:20:35,20:21:12,    37, 40.80, 38.80,  2.00
         0,     0, 9,20:21:20,20:21:22,     2, 38.80, 41.10, -2.30
  21268104,  6062, 5,20:18:52,20:21:54,   182, 40.90, 32.10,  8.80
         0,     0, 5,20:22:03,20:22:11,     8, 32.10, 41.00, -8.90
  12448416,  6029, 1,20:20:49,20:23:06,   137, 41.20, 27.60, 13.60
  12706729,  7138, 2,20:22:33,20:23:09,    36, 43.70, 43.60,  0.10
         0,     0, 1,20:23:14,20:23:27,    13, 27.60, 41.30,-13.70
  12706729,  7138, 2,20:23:18,20:24:31,    73, 43.60, 32.20, 11.40
         0,     0, 2,20:24:39,20:24:50,    11, 32.20, 43.90,-11.70
  12200064,  5118, 4,20:26:25,20:30:09,   224, 43.30, 21.40, 21.90
         0,     0, 4,20:30:16,20:30:37,    21, 21.40, 43.50,-22.10
  13008842,  8083, 3,20:29:20,20:30:45,    85, 46.60, 32.20, 14.40
         0,     0, 3,20:30:53,20:31:04,    11, 32.20, 33.20, -1.00
  12706701,  7110, 1,20:30:39,20:33:55,   196, 41.20, 28.80, 12.40
  11953978,  4008, 2,20:32:57,20:33:59,    62, 43.80, 30.30, 13.50
  21292347,  5120, 4,20:33:02,20:34:09,    67, 43.80, 37.70,  6.10
         0,     0, 1,20:34:02,20:34:14,    12, 28.80, 41.20,-12.40
         0,     0, 2,20:34:07,20:34:21,    14, 30.30, 44.00,-13.70
         0,     0, 4,20:34:17,20:34:22,     5, 37.70, 43.40, -5.70
  21268825,  6068, 1,20:36:28,20:38:38,   130, 41.20, 30.80, 10.40
         0,     0, 1,20:38:45,20:38:54,     9, 30.80, 41.20,-10.40
  12448428,  6041, 4,20:39:29,20:40:22,    53, 43.30, 31.40, 11.90
         0,     0, 4,20:40:29,20:40:40,    11, 31.40, 43.30,-11.90
  12706706,  7115, 1,20:44:37,20:45:24,    47, 41.20, 27.70, 13.50
  12200046,  5100, 2,20:44:07,20:45:23,    76, 43.90, 32.40, 11.50
         0,     0, 2,20:45:31,20:45:43,    12, 32.40, 43.70,-11.30
         0,     0, 1,20:45:31,20:45:44,    13, 27.70, 41.20,-13.50
  21292480,     0, 6,19:07:52,20:48:49,  6057, 30.70, 17.80, 12.90
         0,     0, 6,20:48:58,20:49:20,    22, 17.80, 17.80,  0.00
  21306958,  5124, 9,20:51:27,20:52:56,    89, 41.10, 40.70,  0.40
  12448416,  6029, 2,20:49:45,20:53:35,   230, 43.80, 31.40, 12.40
         0,     0, 2,20:53:42,20:53:54,    12, 31.40, 43.60,-12.20
  21306958,  5124, 9,20:53:10,20:54:51,   101, 40.70, 35.10,  5.60
         0,     0, 9,20:54:59,20:55:06,     7, 35.10, 41.10, -6.00
  11954027,  4057, 1,20:54:11,20:55:32,    81, 41.20, 35.30,  5.90
         0,     0, 1,20:55:40,20:55:45,     5, 35.30, 41.30, -6.00
  12706729,  7138, 5,20:57:22,20:57:28,     6, 40.90, 40.90,  0.00
  12706636,  7045, 2,20:58:21,20:59:46,    85, 43.70, 29.40, 14.30
  12448471,  6084, 1,20:58:08,20:59:53,   105, 41.20, 24.30, 16.90
         0,     0, 2,20:59:53,21:00:07,    14, 29.40, 43.80,-14.40
         0,     0, 1,21:00:00,21:00:16,    16, 24.30, 41.30,-17.00
  12448483,  6096, 4,21:02:03,21:04:18,   135, 43.60, 25.50, 18.10
         0,     0, 4,21:04:25,21:04:42,    17, 25.50, 43.70,-18.20
  12706738,  7147, 1,21:03:44,21:05:22,    98, 41.30, 35.40,  5.90
         0,     0, 1,21:05:29,21:05:34,     5, 35.40, 41.20, -5.80
  12448483,  6096, 3,21:04:46,21:05:59,    73, 46.50, 25.60, 20.90
         0,     0, 3,21:06:06,21:06:24,    18, 25.60, 25.30,  0.30
  13008842,  8083, 2,21:05:33,21:07:30,   117, 43.70, 33.30, 10.40
         0,     0, 2,21:07:37,21:07:47,    10, 33.30, 43.70,-10.40
  12706738,  7147, 2,21:08:07,21:09:24,    77, 43.80, 37.90,  5.90
         0,     0, 2,21:09:31,21:09:36,     5, 37.90, 43.80, -5.90
  12706727,  7136, 1,21:18:23,21:18:38,    15, 41.20, 41.00,  0.20
  12706727,  7136, 2,21:18:48,21:20:14,    86, 43.80, 34.80,  9.00
         0,     0, 2,21:20:22,21:20:30,     8, 34.80, 44.00, -9.20
  13008790,     0, 6,20:49:38,21:21:37,  1919, 40.10, 40.10,  0.00
  12448477,  6090, 3,21:22:25,21:23:19,    54, 46.50, 42.00,  4.50
         0,     0, 3,21:23:28,21:23:31,     3, 42.00, 41.90,  0.10
  12448477,  6090, 3,21:24:04,21:24:53,    49, 46.40, 41.30,  5.10
         0,     0, 3,21:25:00,21:25:03,     3, 41.30, 46.30, -5.00
  12706719,  7128, 5,21:23:12,21:25:16,   124, 40.90, 30.60, 10.30
         0,     0, 5,21:25:24,21:25:33,     9, 30.60, 40.90,-10.30
  12448432,  6045, 2,21:27:28,21:30:47,   199, 44.00, 35.90,  8.10
         0,     0, 2,21:30:55,21:31:02,     7, 35.90, 43.80, -7.90
  12706616,  7025, 2,21:32:28,21:33:12,    44, 43.90, 44.00, -0.10
  12448412,  6025, 2,21:33:22,21:33:47,    25, 43.80, 43.80,  0.00
  12706624,  7033, 9,21:33:07,21:34:21,    74, 41.10, 40.10,  1.00
  12448412,  6025, 2,21:34:04,21:34:29,    25, 43.70, 43.60,  0.10
  12706616,  7025, 3,21:33:40,21:34:55,    75, 46.30, 34.80, 11.50
         0,     0, 3,21:35:03,21:35:13,    10, 34.80, 35.10, -0.30
  12706624,  7033, 9,21:34:35,21:36:10,    95, 40.10, 36.00,  4.10
         0,     0, 9,21:36:19,21:36:25,     6, 36.00, 41.00, -5.00
  13008732,  7153, 2,21:36:53,21:37:03,    10, 43.60, 43.60,  0.00
  12448412,  6025, 1,21:35:28,21:37:08,   100, 41.00, 40.70,  0.30
  12706624,  7033, 9,21:36:35,21:37:07,    32, 41.00, 38.40,  2.60
         0,     0, 9,21:37:16,21:37:19,     3, 38.40, 41.10, -2.70
  13008732,  7153, 1,21:37:35,21:37:44,     9, 40.70, 40.70,  0.00
  13008795,     0, 6,21:22:49,21:37:49,   900, 25.00, 25.00,  0.00
         0,     0, 6,21:37:57,21:38:12,    15, 25.00, 41.40,-16.40
  12448412,  6025, 2,21:37:38,21:38:10,    32, 43.60, 43.50,  0.10
  21306958,  5124, 9,21:40:47,21:41:35,    48, 41.10, 40.90,  0.20
  13008732,  7153, 2,21:40:13,21:41:44,    91, 43.50, 43.50,  0.00
  12448442,  6055, 7,20:11:24,21:43:04,  5500, 37.30, 27.80,  9.50
         0,     0, 7,21:43:12,21:43:20,     8, 27.80, 28.10, -0.30
  12448412,  6025, 2,21:42:40,21:44:07,    87, 43.50, 43.10,  0.40
  12448454,  6067, 2,21:44:18,21:44:23,     5, 43.30, 43.10,  0.20
  13008732,  7153, 1,21:41:50,21:44:42,   172, 40.70, 30.80,  9.90
         0,     0, 1,21:44:50,21:44:59,     9, 30.80, 41.20,-10.40
  12448412,  6025, 2,21:45:54,21:46:08,    14, 43.10, 43.00,  0.10
  12706636,  7045, 3,21:45:34,21:46:24,    50, 46.80, 41.10,  5.70
         0,     0, 3,21:46:32,21:46:36,     4, 41.10, 46.30, -5.20
  12448412,  6025, 1,21:46:12,21:51:34,   322, 41.20, 15.80, 25.40
         0,     0, 1,21:51:42,21:52:06,    24, 15.80, 41.20,-25.40
  12706738,  7147, 5,21:51:22,21:53:07,   105, 40.90, 33.50,  7.40
         0,     0, 5,21:53:15,21:53:22,     7, 33.50, 40.90, -7.40
  13008797,     0, 9,21:55:14,21:55:21,     7, 40.90, 40.80,  0.10
  12706609,  7018, 8,21:59:07,21:59:13,     6, 40.40, 40.40,  0.00
  13008797,     0, 9,21:55:51,21:59:31,   220, 40.70, 30.20, 10.50
         0,     0, 9,21:59:40,21:59:54,    14, 30.20, 41.10,-10.90
  12448432,  6045, 1,21:58:29,22:00:51,   142, 41.20, 31.10, 10.10
         0,     0, 1,22:00:59,22:01:08,     9, 31.10, 41.20,-10.10
  12448454,  6067, 1,22:01:49,22:01:59,    10, 41.20, 41.20,  0.00
  12448454,  6067, 4,22:02:58,22:03:08,    10, 44.00, 42.90,  1.10
  12706669,  7078, 3,22:02:59,22:03:16,    17, 46.40, 45.90,  0.50
  12448454,  6067, 4,22:03:29,22:05:12,   103, 43.00, 30.80, 12.20
         0,     0, 4,22:05:20,22:05:32,    12, 30.80, 43.40,-12.60
  12706669,  7078, 2,22:03:45,22:05:35,   110, 43.00, 25.40, 17.60
         0,     0, 2,22:05:44,22:06:02,    18, 25.40, 43.90,-18.50
  12200010,  5064, 1,22:02:52,22:07:24,   272, 41.20, 14.20, 27.00
         0,     0, 1,22:07:33,22:07:58,    25, 14.20, 41.20,-27.00
  12706609,  7018, 7,21:59:44,22:09:07,   563, 41.70, 38.20,  3.50
         0,     0, 7,22:09:15,22:09:17,     2, 38.20, 41.60, -3.40
  12706646,     0, 8,22:09:17,22:09:33,    16, 40.40, 40.30,  0.10
  12706646,     0, 8,22:10:18,22:11:38,    80, 39.40, 25.60, 13.80
         0,     0, 8,22:11:47,22:12:03,    16, 25.60, 25.70, -0.10
  21306958,  5124, 9,22:11:58,22:12:12,    14, 41.20, 41.10,  0.10
  12706637,  7046, 2,22:13:14,22:13:43,    29, 43.80, 43.60,  0.20
  12706637,  7046, 1,22:13:48,22:15:23,    95, 41.20, 27.90, 13.30
         0,     0, 1,22:15:31,22:15:43,    12, 27.90, 41.20,-13.30
  12200046,  5100, 1,22:16:25,22:16:39,    14, 41.20, 41.20,  0.00
  12200046,  5100, 2,22:16:43,22:16:48,     5, 43.70, 43.60,  0.10
  12200046,  5100, 4,22:18:20,22:19:38,    78, 43.60, 35.70,  7.90
         0,     0, 4,22:19:46,22:19:53,     7, 35.70, 43.40, -7.70
  11953978,  4008, 1,22:18:11,22:19:51,   100, 41.20, 25.40, 15.80
         0,     0, 1,22:20:00,22:20:14,    14, 25.40, 41.20,-15.80
  12706636,  7045, 4,22:20:20,22:21:28,    68, 43.50, 36.80,  6.70
         0,     0, 4,22:21:36,22:21:42,     6, 36.80, 43.30, -6.50
  12706705,  7114, 1,22:21:55,22:22:16,    21, 41.20, 41.10,  0.10
  11499202,     0, 8,22:20:14,22:24:56,   282, 40.50, 27.50, 13.00
  12706705,  7114, 2,22:22:33,22:25:07,   154, 43.60, 25.10, 18.50
         0,     0, 8,22:25:04,22:25:18,    14, 27.50, 41.00,-13.50
  12200042,  5096, 3,22:23:45,22:25:20,    95, 45.50, 32.60, 12.90
         0,     0, 2,22:25:16,22:25:35,    19, 25.10, 43.70,-18.60
         0,     0, 3,22:25:28,22:25:40,    12, 32.60, 32.40,  0.20
  13008790,     0, 6,21:38:56,22:34:39,  3343, 39.90, 33.30,  6.60
         0,     0, 6,22:34:47,22:34:54,     7, 33.30, 41.40, -8.10
  12448429,     0, 6,22:35:09,22:43:03,   474, 41.30, 39.70,  1.60
         0,     0, 6,22:43:10,22:43:11,     1, 39.70, 41.40, -1.70
  12448479,  6092, 2,22:51:00,22:54:02,   182, 43.80, 36.10,  7.70
         0,     0, 2,22:54:09,22:54:16,     7, 36.10, 43.80, -7.70
  12448479,  6092, 2,22:54:26,22:54:37,    11, 43.80, 42.60,  1.20
  12706651,  7060, 5,22:54:54,22:56:44,   110, 40.90, 32.10,  8.80
         0,     0, 5,22:56:52,22:57:00,     8, 32.10, 40.90, -8.80
  13008815,     0, 9,23:06:06,23:06:46,    40, 41.00, 38.70,  2.30
         0,     0, 9,23:06:53,23:06:55,     2, 38.70, 41.10, -2.40
  13008798,     0, 8,23:06:50,23:07:01,    11, 41.10, 41.00,  0.10
  13008798,     0, 8,23:07:32,23:09:17,   105, 41.00, 30.20, 10.80
         0,     0, 8,23:09:25,23:09:36,    11, 30.20, 30.30, -0.10
  11724159,     0, 8,23:17:20,23:17:48,    28, 41.10, 41.00,  0.10
  11724159,     0, 8,23:18:03,23:19:10,    67, 41.00, 34.60,  6.40
         0,     0, 8,23:19:17,23:19:23,     6, 34.60, 41.10, -6.50
  12706669,  7078, 4,23:18:24,23:19:28,    64, 43.60, 35.20,  8.40
         0,     0, 4,23:19:37,23:19:44,     7, 35.20, 43.30, -8.10
  12448477,  6090, 2,23:23:24,23:24:02,    38, 42.50, 39.70,  2.80
         0,     0, 2,23:24:09,23:24:12,     3, 39.70, 43.80, -4.10
  11954050,  4080, 4,23:22:59,23:25:24,   145, 43.50, 25.10, 18.40
         0,     0, 4,23:25:31,23:25:48,    17, 25.10, 43.30,-18.20
  12448451,  6064, 2,23:26:24,23:30:17,   233, 43.90, 24.30, 19.60
         0,     0, 2,23:30:24,23:30:43,    19, 24.30, 43.80,-19.50
  12706637,  7046, 4,23:36:17,23:37:50,    93, 43.70, 32.60, 11.10
         0,     0, 4,23:37:58,23:38:08,    10, 32.60, 43.30,-10.70
  12448477,  6090, 1,23:38:51,23:39:13,    22, 41.10, 38.70,  2.40
         0,     0, 1,23:39:22,23:39:24,     2, 38.70, 41.40, -2.70
  12706646,     0, 7,22:10:00,23:43:06,  5586, 41.70, 41.60,  0.10
  13008790,     0, 6,22:44:23,23:44:47,  3624, 30.40, 30.50, -0.10
  13008826,     0, 7,23:43:45,23:44:48,    63, 41.20, 36.70,  4.50
         0,     0, 5,23:45:01,23:45:11,    10, 41.00, 41.00,  0.00
         0,     0, 8,23:45:01,23:45:11,    10, 41.10, 41.10,  0.00
         0,     0, 9,23:45:01,23:45:11,    10, 41.10, 41.10,  0.00
         0,     0,10,23:45:01,23:45:11,    10, 39.70, 39.70,  0.00
         0,     0, 1,23:45:01,23:45:11,    10, 41.30, 41.30,  0.00
         0,     0, 2,23:45:01,23:45:11,    10, 43.90, 43.90,  0.00
         0,     0, 3,23:45:01,23:45:11,    10, 46.90, 46.90,  0.00
         0,     0, 4,23:45:01,23:45:11,    10, 43.60, 43.60,  0.00
         0,     0, 7,23:44:55,23:44:58,     3, 36.70, 41.60, -4.90
         0,     0, 6,23:44:55,23:45:05,    10, 30.50, 41.40,-10.90
