         0,     0, 6, 0:02:38, 0:02:48,    10, 41.40, 41.40,  0.00
         0,     0, 5, 0:02:38, 0:02:48,    10, 40.90, 40.90,  0.00
         0,     0, 7, 0:02:38, 0:02:48,    10, 41.30, 41.30,  0.00
         0,     0, 8, 0:02:38, 0:02:48,    10, 39.40, 39.40,  0.00
         0,     0, 9, 0:02:38, 0:02:48,    10, 41.00, 41.00,  0.00
         0,     0,10, 0:02:38, 0:02:48,    10, 41.10, 41.10,  0.00
         0,     0, 1, 0:02:38, 0:02:48,    10, 41.20, 41.20,  0.00
         0,     0, 2, 0:02:38, 0:02:48,    10, 43.90, 43.90,  0.00
         0,     0, 3, 0:02:38, 0:02:48,    10, 46.40, 46.40,  0.00
         0,     0, 4, 0:02:38, 0:02:48,    10, 42.70, 42.70,  0.00
  12200010,  5064, 5, 0:02:38, 0:02:41,     3, 40.90, 40.90,  0.00
  12200010,  5064, 5, 0:02:51, 0:04:55,   124, 40.90, 22.20, 18.70
         0,     0, 5, 0:05:03, 0:05:21,    18, 22.20, 40.80,-18.60
  13008866,     0, 8, 0:06:06, 0:06:21,    15, 39.20, 39.20,  0.00
         0,     0, 8, 0:06:30, 0:06:31,     1, 39.20, 40.90, -1.70
  11724159,     0, 8, 0:07:13, 0:08:23,    70, 40.90, 33.60,  7.30
         0,     0, 8, 0:08:30, 0:08:37,     7, 33.60, 41.00, -7.40
  13008866,     0, 8, 0:14:34, 0:14:38,     4, 40.90, 40.90,  0.00
  13008866,     0, 8, 0:14:50, 0:15:02,    12, 40.90, 40.90,  0.00
  13008866,     0, 8, 0:15:14, 0:15:31,    17, 40.90, 40.80,  0.10
  12199981,  5035, 1, 0:20:46, 0:20:53,     7, 41.20, 41.20,  0.00
  12199981,  5035, 2, 0:20:59, 0:22:05,    66, 43.80, 25.90, 17.90
         0,     0, 2, 0:22:13, 0:22:30,    17, 25.90, 44.00,-18.10
  12706700,  7109, 3, 0:29:32, 0:30:31,    59, 46.60, 34.40, 12.20
         0,     0, 3, 0:30:39, 0:30:48,     9, 34.40, 34.20,  0.20
  13323420,     0,10, 0:34:14, 0:34:34,    20, 41.00, 40.90,  0.10
  13323420,     0,10, 0:35:07, 0:35:26,    19, 40.90, 39.10,  1.80
         0,     0,10, 0:35:33, 0:35:34,     1, 39.10, 41.20, -2.10
  13323420,     0,10, 0:35:51, 0:36:07,    16, 41.20, 39.10,  2.10
         0,     0,10, 0:36:14, 0:36:15,     1, 39.10, 41.20, -2.10
  12448432,  6045, 1, 0:39:00, 0:41:23,   143, 41.20, 31.20, 10.00
         0,     0, 1, 0:41:30, 0:41:39,     9, 31.20, 41.30,-10.10
  12200010,  5064, 5, 0:49:33, 0:50:46,    73, 40.90, 26.80, 14.10
         0,     0, 5, 0:50:54, 0:51:07,    13, 26.80, 40.90,-14.10
  12448454,  6067, 4, 0:51:41, 0:52:51,    70, 43.40, 38.90,  4.50
         0,     0, 4, 0:52:58, 0:53:02,     4, 38.90, 43.30, -4.40
  21304388,  6125, 1, 0:52:54, 0:53:56,    62, 41.30, 20.30, 21.00
         0,     0, 1, 0:54:03, 0:54:23,    20, 20.30, 41.30,-21.00
  11954056,     0, 9, 0:53:23, 0:54:54,    91, 40.90, 36.90,  4.00
         0,     0, 9, 0:55:01, 0:55:06,     5, 36.90, 41.10, -4.20
  12448454,  6067, 3, 0:54:11, 0:55:07,    56, 46.70, 39.60,  7.10
         0,     0, 3, 0:55:14, 0:55:19,     5, 39.60, 39.90, -0.30
  11953978,  4008, 4, 0:59:49, 1:00:37,    48, 43.20, 40.00,  3.20
         0,     0, 4, 1:00:44, 1:00:47,     3, 40.00, 43.40, -3.40
  12448428,  6041, 4, 1:01:02, 1:01:46,    44, 42.90, 31.50, 11.40
         0,     0, 4, 1:01:53, 1:02:04,    11, 31.50, 43.30,-11.80
  12448483,  6096, 3, 1:01:21, 1:04:50,   209, 46.40, 23.60, 22.80
         0,     0, 3, 1:04:58, 1:05:17,    19, 23.60, 23.60,  0.00
  12448437,  6050,10, 1:04:11, 1:08:23,   252, 40.40, 33.30,  7.10
         0,     0,10, 1:08:31, 1:08:39,     8, 33.30, 41.20, -7.90
  13323420,     0,10, 1:09:25, 1:09:45,    20, 41.20, 39.90,  1.30
         0,     0,10, 1:09:52, 1:09:52,     0, 39.90, 41.00, -1.10
  13323420,     0,10, 1:10:51, 1:11:08,    17, 41.00, 37.70,  3.30
         0,     0,10, 1:11:15, 1:11:18,     3, 37.70, 41.20, -3.50
  12706706,  7115, 4, 1:13:20, 1:14:12,    52, 43.40, 29.00, 14.40
         0,     0, 4, 1:14:20, 1:14:34,    14, 29.00, 43.30,-14.30
  11954027,  4057, 1, 1:15:27, 1:15:28,     1, 41.30, 41.30,  0.00
  11954027,  4057, 1, 1:17:57, 1:19:23,    86, 41.30, 28.20, 13.10
         0,     0, 1, 1:19:30, 1:19:42,    12, 28.20, 41.30,-13.10
  12200010,  5064, 5, 1:30:05, 1:30:51,    46, 41.00, 34.30,  6.70
         0,     0, 5, 1:30:59, 1:31:05,     6, 34.30, 40.80, -6.50
  12706729,  7138, 5, 1:31:15, 1:31:25,    10, 40.80, 40.80,  0.00
  12706655,  7064, 2, 1:32:52, 1:34:07,    75, 43.80, 27.50, 16.30
         0,     0, 2, 1:34:14, 1:34:29,    15, 27.50, 43.90,-16.40
  11953978,  4008, 3, 1:34:43, 1:35:32,    49, 46.30, 37.10,  9.20
         0,     0, 3, 1:35:40, 1:35:47,     7, 37.10, 37.40, -0.30
  12706729,  7138, 5, 1:43:42, 1:46:14,   152, 40.90, 28.00, 12.90
         0,     0, 5, 1:46:21, 1:46:33,    12, 28.00, 40.80,-12.80
  12448437,  6050, 9, 1:52:38, 1:53:57,    79, 41.00, 38.70,  2.30
         0,     0, 9, 1:54:05, 1:54:07,     2, 38.70, 41.00, -2.30
  13323420,     0,10, 1:57:05, 1:57:31,    26, 41.10, 39.00,  2.10
         0,     0,10, 1:57:40, 1:57:41,     1, 39.00, 41.20, -2.20
  12200042,  5096, 2, 1:56:55, 1:59:04,   129, 43.90, 27.60, 16.30
         0,     0, 2, 1:59:13, 1:59:28,    15, 27.60, 43.90,-16.30
  12706637,  7046, 3, 2:00:30, 2:02:46,   136, 46.20, 33.00, 13.20
         0,     0, 3, 2:02:54, 2:03:05,    11, 33.00, 32.80,  0.20
  12200046,  5100, 4, 2:07:12, 2:09:11,   119, 43.50, 25.30, 18.20
         0,     0, 4, 2:09:18, 2:09:36,    18, 25.30, 43.20,-17.90
  11954014,  4044, 4, 2:11:22, 2:12:37,    75, 43.30, 39.90,  3.40
         0,     0, 4, 2:12:44, 2:12:47,     3, 39.90, 43.30, -3.40
  12706700,  7109, 2, 2:13:53, 2:14:49,    56, 43.90, 34.20,  9.70
         0,     0, 2, 2:14:57, 2:15:05,     8, 34.20, 43.80, -9.60
  21268825,  6068, 2, 2:18:03, 2:23:31,   328, 43.90, 26.20, 17.70
         0,     0, 2, 2:23:39, 2:23:55,    16, 26.20, 43.90,-17.70
  13008815,     0, 9, 2:23:53, 2:25:26,    93, 41.00, 36.00,  5.00
         0,     0, 9, 2:25:35, 2:25:41,     6, 36.00, 41.10, -5.10
  12706705,  7114, 4, 2:27:04, 2:29:35,   151, 43.50, 28.10, 15.40
         0,     0, 4, 2:29:43, 2:29:57,    14, 28.10, 43.30,-15.20
  12706738,  7147, 2, 2:28:20, 2:32:01,   221, 44.00, 23.90, 20.10
  12706655,  7064, 1, 2:29:08, 2:32:05,   177, 41.30, 26.60, 14.70
         0,     0, 1, 2:32:13, 2:32:28,    15, 26.60, 41.20,-14.60
         0,     0, 2, 2:32:10, 2:32:30,    20, 23.90, 43.80,-19.90
  12706646,     0, 6, 2:15:01, 2:38:25,  1404, 41.40, 41.40,  0.00
  13008815,     0, 9, 2:42:07, 2:42:53,    46, 41.10, 38.80,  2.30
         0,     0, 9, 2:43:01, 2:43:03,     2, 38.80, 41.10, -2.30
  12706636,  7045, 2, 2:41:09, 2:43:02,   113, 43.80, 26.60, 17.20
         0,     0, 2, 2:43:11, 2:43:27,    16, 26.60, 43.90,-17.30
  12706700,  7109, 1, 2:48:00, 2:48:05,     5, 41.20, 41.20,  0.00
  12706700,  7109, 1, 2:48:51, 2:49:28,    37, 41.20, 41.10,  0.10
  12706700,  7109, 1, 2:53:24, 2:53:28,     4, 41.10, 41.10,  0.00
  12448477,  6090, 3, 2:55:49, 2:57:10,    81, 46.50, 39.80,  6.70
         0,     0, 3, 2:57:18, 2:57:23,     5, 39.80, 39.80,  0.00
  12448477,  6090, 3, 2:58:08, 2:58:43,    35, 46.60, 44.60,  2.00
  12706727,  7136, 2, 2:59:10, 3:01:01,   111, 43.90, 33.60, 10.30
         0,     0, 2, 3:01:10, 3:01:19,     9, 33.60, 43.90,-10.30
  13008779,     0,10, 3:17:44, 3:18:03,    19, 40.90, 39.40,  1.50
         0,     0,10, 3:18:11, 3:18:12,     1, 39.40, 41.10, -1.70
  13008779,     0,10, 3:20:51, 3:22:01,    70, 41.10, 37.50,  3.60
         0,     0,10, 3:22:08, 3:22:11,     3, 37.50, 41.10, -3.60
  12706719,  7128, 1, 3:19:31, 3:24:17,   286, 41.20, 23.50, 17.70
         0,     0, 1, 3:24:24, 3:24:40,    16, 23.50, 41.20,-17.70
  12200048,     0, 8, 3:20:45, 3:25:03,   258, 40.80, 38.90,  1.90
         0,     0, 8, 3:25:11, 3:25:13,     2, 38.90, 41.20, -2.30
  13008836,     0, 9, 3:36:14, 3:36:18,     4, 41.10, 41.10,  0.00
  13008836,     0,10, 3:45:54, 3:46:01,     7, 41.10, 41.00,  0.10
  12706651,  7060, 2, 3:44:15, 3:46:21,   126, 43.70, 34.30,  9.40
         0,     0, 2, 3:46:28, 3:46:36,     8, 34.30, 44.00, -9.70
  11954050,  4080, 1, 3:47:30, 3:47:55,    25, 41.20, 40.30,  0.90
  13008836,     0, 9, 3:48:03, 3:48:16,    13, 41.00, 40.90,  0.10
  12448448,  6061, 4, 3:44:19, 3:52:04,   465, 43.80, 23.00, 20.80
         0,     0, 4, 3:52:12, 3:52:31,    19, 23.00, 43.40,-20.40
  13008742,  7163, 1, 3:51:59, 3:52:55,    56, 40.30, 40.00,  0.30
         0,     0, 1, 3:53:03, 3:53:03,     0, 40.00, 40.70, -0.70
  13008742,  7163, 1, 3:53:13, 3:53:35,    22, 40.70, 40.60,  0.10
  13323449,     0,10, 3:54:02, 3:54:13,    11, 40.90, 40.90,  0.00
  12706727,  7136, 4, 3:54:28, 3:55:02,    34, 43.80, 43.80,  0.00
  13323449,     0, 9, 3:55:11, 3:55:27,    16, 41.00, 40.90,  0.10
  13008742,  7163, 1, 3:53:45, 3:55:54,   129, 40.60, 28.50, 12.10
         0,     0, 1, 3:56:03, 3:56:15,    12, 28.50, 41.30,-12.80
  13323449,     0,10, 3:56:24, 3:56:26,     2, 40.80, 40.80,  0.00
  13008836,     0,10, 3:57:57, 3:58:02,     5, 40.80, 40.70,  0.10
  13008836,     0, 9, 4:02:18, 4:02:34,    16, 40.80, 40.70,  0.10
  13008836,     0, 9, 4:08:29, 4:08:31,     2, 40.60, 40.70, -0.10
  12448454,  6067, 4, 4:14:31, 4:16:58,   147, 43.90, 36.30,  7.60
         0,     0, 4, 4:17:05, 4:17:11,     6, 36.30, 43.40, -7.10
  13008836,     0, 9, 4:29:27, 4:31:10,   103, 40.60, 31.90,  8.70
         0,     0, 9, 4:31:18, 4:31:30,    12, 31.90, 41.10, -9.20
  12706669,  7078, 2, 4:36:49, 4:38:09,    80, 43.90, 26.60, 17.30
         0,     0, 2, 4:38:17, 4:38:33,    16, 26.60, 43.80,-17.20
  12448416,  6029, 5, 5:01:05, 5:03:10,   125, 40.90, 28.50, 12.40
         0,     0, 5, 5:03:18, 5:03:29,    11, 28.50, 40.90,-12.40
  12706669,  7078, 4, 5:01:53, 5:04:08,   135, 43.80, 38.70,  5.10
         0,     0, 4, 5:04:15, 5:04:19,     4, 38.70, 43.30, -4.60
  12199981,  5035, 3, 5:05:02, 5:07:19,   137, 44.50, 25.10, 19.40
         0,     0, 3, 5:07:28, 5:07:46,    18, 25.10, 25.40, -0.30
  12448451,  6064, 5, 5:14:03, 5:16:15,   132, 40.80, 40.50,  0.30
  12448451,  6064, 5, 5:16:29, 5:17:24,    55, 40.50, 39.10,  1.40
         0,     0, 5, 5:17:31, 5:17:32,     1, 39.10, 40.90, -1.80
  13008732,  7153, 2, 6:00:58, 6:04:12,   194, 43.60, 21.30, 22.30
         0,     0, 2, 6:04:21, 6:04:42,    21, 21.30, 43.90,-22.60
  12448451,  6064, 2, 6:07:33, 6:10:49,   196, 43.90, 28.80, 15.10
  12706710,  7119, 1, 6:08:55, 6:10:53,   118, 41.30, 20.30, 21.00
         0,     0, 2, 6:10:57, 6:11:12,    15, 28.80, 43.80,-15.00
         0,     0, 1, 6:11:01, 6:11:22,    21, 20.30, 41.30,-21.00
  12448428,  6041, 1, 6:11:32, 6:12:48,    76, 41.30, 21.20, 20.10
  12448451,  6064, 2, 6:11:31, 6:12:51,    80, 43.80, 34.30,  9.50
         0,     0, 2, 6:12:59, 6:13:08,     9, 34.30, 43.90, -9.60
         0,     0, 1, 6:12:57, 6:13:16,    19, 21.20, 41.10,-19.90
  13008842,  8083, 3, 6:17:48, 6:18:32,    44, 46.60, 46.90, -0.30
  21268825,  6068, 5, 6:16:05, 6:18:34,   149, 40.90, 32.80,  8.10
  12706738,  7147, 2, 6:17:36, 6:18:44,    68, 43.90, 37.80,  6.10
         0,     0, 5, 6:18:43, 6:18:51,     8, 32.80, 40.80, -8.00
         0,     0, 2, 6:18:51, 6:18:56,     5, 37.80, 43.90, -6.10
  12706738,  7147, 1, 6:18:49, 6:20:24,    95, 41.20, 28.10, 13.10
  12706707,  7116, 2, 6:19:06, 6:20:32,    86, 43.90, 34.50,  9.40
         0,     0, 1, 6:20:32, 6:20:44,    12, 28.10, 41.20,-13.10
         0,     0, 2, 6:20:41, 6:20:49,     8, 34.50, 43.90, -9.40
  21306958,  5124, 9, 6:21:12, 6:24:11,   179, 41.00, 40.70,  0.30
  12706669,  7078, 3, 6:24:39, 6:25:42,    63, 46.10, 38.00,  8.10
         0,     0, 3, 6:25:50, 6:25:57,     7, 38.00, 38.00,  0.00
  11953996,  4026, 2, 6:24:14, 6:27:00,   166, 44.00, 19.00, 25.00
         0,     0, 2, 6:27:07, 6:27:30,    23, 19.00, 44.00,-25.00
  21306958,  5124, 9, 6:24:27, 6:28:01,   214, 40.70, 40.00,  0.70
         0,     0, 9, 6:28:10, 6:28:10,     0, 40.00, 40.90, -0.90
  21306958,  5124, 9, 6:28:26, 6:30:18,   112, 40.20, 38.20,  2.00
         0,     0, 9, 6:30:27, 6:30:30,     3, 38.20, 41.00, -2.80
  11954027,  4057, 1, 6:31:13, 6:32:56,   103, 41.20, 20.90, 20.30
  13008842,  8083, 3, 6:31:10, 6:33:01,   111, 47.30, 33.00, 14.30
         0,     0, 3, 6:33:09, 6:33:19,    10, 33.00, 32.90,  0.10
         0,     0, 1, 6:33:03, 6:33:22,    19, 20.90, 41.20,-20.30
  12706729,  7138, 4, 6:31:53, 6:33:48,   115, 43.50, 30.00, 13.50
         0,     0, 4, 6:33:56, 6:34:09,    13, 30.00, 43.30,-13.30
  21268104,  6062, 2, 6:33:33, 6:34:18,    45, 44.00, 42.30,  1.70
  11954027,  4057, 1, 6:34:05, 6:34:34,    29, 41.30, 36.30,  5.00
         0,     0, 1, 6:34:43, 6:34:47,     4, 36.30, 41.30, -5.00
  12448471,  6084, 3, 6:33:32, 6:35:11,    99, 46.20, 28.60, 17.60
         0,     0, 3, 6:35:19, 6:35:34,    15, 28.60, 28.60,  0.00
  21268104,  6062, 2, 6:34:31, 6:36:18,   107, 42.30, 28.00, 14.30
         0,     0, 2, 6:36:27, 6:36:41,    14, 28.00, 43.90,-15.90
  12706639,  7048, 2, 6:37:13, 6:39:40,   147, 43.90, 30.90, 13.00
         0,     0, 2, 6:39:47, 6:39:58,    11, 30.90, 43.90,-13.00
  12448479,  6092, 2, 6:42:07, 6:42:13,     6, 43.90, 43.90,  0.00
  12706636,  7045, 5, 6:42:43, 6:43:33,    50, 40.80, 36.80,  4.00
         0,     0, 5, 6:43:41, 6:43:44,     3, 36.80, 41.00, -4.20
  11954014,  4044, 3, 6:43:15, 6:44:03,    48, 46.90, 32.90, 14.00
         0,     0, 3, 6:44:11, 6:44:22,    11, 32.90, 33.20, -0.30
  21304388,  6125, 1, 6:45:36, 6:49:33,   237, 41.30, 19.20, 22.10
  12706701,  7110, 2, 6:48:59, 6:49:37,    38, 43.90, 43.60,  0.30
         0,     0, 1, 6:49:41, 6:50:02,    21, 19.20, 19.40, -0.20
  12200064,  5118, 5, 6:44:26, 6:51:25,   419, 40.90, 18.80, 22.10
         0,     0, 5, 6:51:33, 6:51:53,    20, 18.80, 41.00,-22.20
  12706701,  7110, 2, 6:49:54, 6:53:42,   228, 43.60, 28.00, 15.60
         0,     0, 2, 6:53:51, 6:54:05,    14, 28.00, 43.90,-15.90
  12706616,  7025, 3, 6:56:33, 6:57:23,    50, 46.60, 37.30,  9.30
  12448483,  6096, 4, 6:56:26, 6:57:33,    67, 43.90, 41.60,  2.30
  12448479,  6092, 1, 6:55:09, 6:57:35,   146, 41.30, 27.70, 13.60
         0,     0, 3, 6:57:31, 6:57:38,     7, 37.30, 37.50, -0.20
         0,     0, 4, 6:57:41, 6:57:42,     1, 41.60, 43.20, -1.60
         0,     0, 1, 6:57:43, 6:57:55,    12, 27.70, 41.20,-13.50
  12448483,  6096, 4, 6:57:54, 6:58:43,    49, 43.30, 41.50,  1.80
         0,     0, 4, 6:58:52, 6:58:53,     1, 41.50, 43.30, -1.80
  12448483,  6096, 3, 6:58:49, 6:59:01,    12, 46.30, 45.90,  0.40
  12706707,  7116, 1, 6:59:37, 7:00:38,    61, 41.20, 31.00, 10.20
  12706706,  7115, 3, 6:59:14, 7:00:39,    85, 45.90, 26.90, 19.00
         0,     0, 1, 7:00:46, 7:00:55,     9, 31.00, 41.30,-10.30
         0,     0, 3, 7:00:46, 7:01:02,    16, 26.90, 27.10, -0.20
  12706669,  7078, 2, 7:00:53, 7:01:37,    44, 43.90, 37.20,  6.70
         0,     0, 2, 7:01:45, 7:01:50,     5, 37.20, 43.90, -6.70
  12448432,  6045, 5, 6:57:36, 7:02:40,   304, 40.90, 20.70, 20.20
         0,     0, 5, 7:02:48, 7:03:07,    19, 20.70, 41.00,-20.30
  12706651,  7060, 4, 7:04:41, 7:06:56,   135, 43.30, 26.50, 16.80
         0,     0, 4, 7:07:04, 7:07:20,    16, 26.50, 43.40,-16.90
  12448483,  6096, 3, 7:09:54, 7:13:26,   212, 46.10, 22.60, 23.50
         0,     0, 3, 7:13:34, 7:13:54,    20, 22.60, 46.50,-23.90
  12706729,  7138, 2, 7:15:49, 7:17:08,    79, 43.80, 37.50,  6.30
         0,     0, 2, 7:17:15, 7:17:20,     5, 37.50, 43.90, -6.40
  12706710,  7119, 1, 7:18:33, 7:21:10,   157, 41.30, 25.80, 15.50
         0,     0, 1, 7:21:17, 7:21:31,    14, 25.80, 41.20,-15.40
  12448471,  6084, 5, 7:21:14, 7:22:57,   103, 41.00, 31.80,  9.20
         0,     0, 5, 7:23:06, 7:23:14,     8, 31.80, 40.90, -9.10
  13323427,     0,10, 7:27:55, 7:28:20,    25, 40.30, 40.20,  0.10
  12448479,  6092, 2, 7:30:18, 7:32:23,   125, 44.00, 33.40, 10.60
         0,     0, 2, 7:32:32, 7:32:41,     9, 33.40, 44.00,-10.60
  12706707,  7116, 1, 7:36:55, 7:38:17,    82, 41.20, 35.60,  5.60
         0,     0, 1, 7:38:24, 7:38:28,     4, 35.60, 41.20, -5.60
  12448473,  6086, 2, 7:36:21, 7:38:31,   130, 44.00, 25.50, 18.50
         0,     0, 2, 7:38:38, 7:38:55,    17, 25.50, 44.00,-18.50
  12706707,  7116, 2, 7:39:11, 7:39:33,    22, 44.00, 41.20,  2.80
         0,     0, 2, 7:39:41, 7:39:42,     1, 41.20, 44.00, -2.80
  12448412,  6025, 1, 7:53:35, 7:59:22,   347, 41.30,  9.00, 32.30
         0,     0, 1, 7:59:30, 8:00:00,    30,  9.00,  9.10, -0.10
  11954027,  4057, 1, 8:06:43, 8:08:03,    80, 41.40, 30.40, 11.00
         0,     0, 1, 8:08:10, 8:08:20,    10, 30.40, 41.20,-10.80
  12448479,  6092, 4, 8:09:09, 8:10:57,   108, 43.70, 37.90,  5.80
         0,     0, 4, 8:11:05, 8:11:10,     5, 37.90, 43.30, -5.40
  12706705,  7114, 3, 8:17:06, 8:17:09,     3, 46.20, 46.40, -0.20
  12706727,  7136, 2, 8:19:43, 8:21:20,    97, 43.90, 29.20, 14.70
  12706705,  7114, 4, 8:17:29, 8:21:28,   239, 43.60, 27.10, 16.50
  12448477,  6090, 1, 8:20:27, 8:21:28,    61, 41.20, 36.50,  4.70
         0,     0, 1, 8:21:36, 8:21:40,     4, 36.50, 41.10, -4.60
         0,     0, 2, 8:21:27, 8:21:41,    14, 29.20, 43.80,-14.60
         0,     0, 4, 8:21:35, 8:21:50,    15, 27.10, 43.30,-16.20
  12448477,  6090, 1, 8:22:20, 8:23:25,    65, 41.10, 35.80,  5.30
         0,     0, 1, 8:23:33, 8:23:37,     4, 35.80, 41.20, -5.40
  12199981,  5035, 3, 8:23:07, 8:24:22,    75, 46.40, 30.20, 16.20
  11954050,  4080, 2, 8:23:50, 8:24:29,    39, 43.80, 42.60,  1.20
         0,     0, 3, 8:24:29, 8:24:42,    13, 30.20, 30.20,  0.00
  11954050,  4080, 2, 8:24:38, 8:26:19,   101, 42.70, 25.50, 17.20
         0,     0, 2, 8:26:28, 8:26:45,    17, 25.50, 44.00,-18.50
  12706659,  7068, 4, 8:29:15, 8:29:20,     5, 43.60, 43.80, -0.20
  12706639,  7048, 4, 8:30:18, 8:33:09,   171, 44.00, 29.70, 14.30
         0,     0, 4, 8:33:17, 8:33:30,    13, 29.70, 43.30,-13.60
  12706659,  7068, 1, 8:36:59, 8:37:08,     9, 41.20, 41.20,  0.00
  12448473,  6086, 1, 8:44:29, 8:45:51,    82, 41.20, 30.80, 10.40
         0,     0, 1, 8:45:58, 8:46:07,     9, 30.80, 41.30,-10.50
  12448454,  6067, 4, 8:44:49, 8:46:38,   109, 43.80, 34.00,  9.80
         0,     0, 4, 8:46:47, 8:46:55,     8, 34.00, 43.30, -9.30
  12448474,  6087, 4, 8:55:25, 8:55:49,    24, 43.00, 43.60, -0.60
  12448477,  6090, 2, 8:58:15, 8:58:56,    41, 43.90, 40.90,  3.00
         0,     0, 2, 8:59:03, 8:59:05,     2, 40.90, 44.00, -3.10
  12448474,  6087, 3, 8:57:00, 8:59:29,   149, 46.60, 28.00, 18.60
         0,     0, 3, 8:59:36, 8:59:51,    15, 28.00, 27.90,  0.10
  12448415,     0,10, 9:07:22, 9:07:47,    25, 40.10, 40.00,  0.10
  12200010,  5064, 1, 9:09:05, 9:11:17,   132, 41.30, 25.40, 15.90
         0,     0, 1, 9:11:25, 9:11:39,    14, 25.40, 41.30,-15.90
  13008737,     0,10, 9:11:38, 9:11:53,    15, 40.00, 40.00,  0.00
  21268825,  6068, 4, 9:09:59, 9:12:30,   151, 43.60, 32.40, 11.20
         0,     0, 4, 9:12:39, 9:12:49,    10, 32.40, 43.40,-11.00
         0,     0, 9, 9:14:24, 9:14:42,    18, 26.70, 41.10,-14.40
  12200042,  5096, 4, 9:13:07, 9:14:51,   104, 43.60, 28.70, 14.90
         0,     0, 4, 9:15:00, 9:15:16,    16, 28.70, 43.10,-14.40
  12706700,  7109, 2, 9:16:53, 9:17:20,    27, 43.90, 38.60,  5.30
         0,     0, 2, 9:17:27, 9:17:31,     4, 38.60, 43.90, -5.30
  12706700,  7109, 1, 9:17:42, 9:17:56,    14, 41.30, 39.30,  2.00
         0,     0, 1, 9:18:04, 9:18:05,     1, 39.30, 41.30, -2.00
  13008779,     0,10, 9:19:45, 9:20:58,    73, 40.00, 34.10,  5.90
         0,     0,10, 9:21:07, 9:21:14,     7, 34.10, 41.20, -7.10
  13008779,     0,10, 9:21:38, 9:21:40,     2, 38.70, 38.80, -0.10
  11499202,     0, 8, 9:21:36, 9:21:44,     8, 41.00, 41.00,  0.00
         0,     0,10, 9:21:48, 9:21:50,     2, 38.80, 41.20, -2.40
  12448454,  6067, 4, 9:29:08, 9:31:37,   149, 43.80, 32.20, 11.60
         0,     0, 4, 9:31:45, 9:31:55,    10, 32.20, 43.40,-11.20
  12448451,  6064, 5, 9:28:59, 9:35:21,   382, 40.90, 25.70, 15.20
         0,     0, 5, 9:35:29, 9:35:43,    14, 25.70, 41.00,-15.30
  12200048,     0, 7, 3:26:00, 9:37:12, 22272, 41.20, 39.40,  1.80
         0,     0, 7, 9:37:21, 9:37:21,     0, 39.40, 41.20, -1.80
  13008797,     0, 8, 9:38:56, 9:39:53,    57, 39.90, 37.20,  2.70
         0,     0, 8, 9:40:00, 9:40:03,     3, 37.20, 41.20, -4.00
  13008797,     0, 8, 9:41:36, 9:41:40,     4, 29.50, 29.50,  0.00
         0,     0, 8, 9:41:47, 9:41:58,    11, 29.50, 29.60, -0.10
  13008762,     0, 7, 9:38:38, 9:46:06,   448, 40.50, 33.20,  7.30
         0,     0, 7, 9:46:13, 9:46:18,     5, 33.20, 41.40, -8.20
  13008837,     0,10, 9:49:30, 9:50:49,    79, 41.20, 41.00,  0.20
  13008848,     0, 7, 9:46:46, 9:50:52,   246, 41.20, 33.70,  7.50
         0,     0, 7, 9:50:59, 9:51:03,     4, 33.70, 41.40, -7.70
  13008837,     0, 9, 9:50:54, 9:53:36,   162, 41.10, 29.50, 11.60
  13008848,     0, 7, 9:52:07, 9:53:50,   103, 31.20, 31.30, -0.10
         0,     0, 9, 9:53:44, 9:53:59,    15, 29.50, 41.00,-11.50
         0,     0, 7, 9:53:57, 9:54:03,     6, 31.30, 31.30,  0.00
  12706701,  7110, 4, 9:56:21, 9:56:36,    15, 43.90, 43.50,  0.40
  12706622,     0, 8, 9:55:35, 9:57:55,   140, 25.60, 16.10,  9.50
  12200010,  5064, 5, 9:56:25, 9:57:59,    94, 40.90, 27.70, 13.20
  11953978,  4008, 2, 9:55:54, 9:58:13,   139, 43.80, 24.60, 19.20
         0,     0, 5, 9:58:08, 9:58:21,    13, 27.70, 40.70,-13.00
         0,     0, 8, 9:58:02, 9:58:30,    28, 16.10, 41.10,-25.00
         0,     0, 2, 9:58:20, 9:58:39,    19, 24.60, 44.00,-19.40
  12706634,     0, 9,10:00:53,10:03:08,   135, 41.00, 28.50, 12.50
         0,     0, 9,10:03:16,10:03:32,    16, 28.50, 41.10,-12.60
  12706622,     0, 7, 9:54:19,10:05:19,   660, 41.50, 41.00,  0.50
  12199988,     0, 6, 2:38:44,10:10:49, 27125, 41.00, 36.40,  4.60
         0,     0, 6,10:10:58,10:11:02,     4, 36.40, 41.40, -5.00
  13008833,     0, 8,10:11:51,10:12:52,    61, 41.20, 41.00,  0.20
  12706701,  7110, 3,10:09:38,10:13:16,   218, 46.40, 30.70, 15.70
         0,     0, 3,10:13:24,10:13:37,    13, 30.70, 31.40, -0.70
  13008732,  7153, 5,10:13:56,10:16:22,   146, 40.50, 21.30, 19.20
         0,     0, 5,10:16:30,10:16:48,    18, 21.30, 41.00,-19.70
  21292347,  5120, 4,10:15:00,10:17:07,   127, 43.50, 33.90,  9.60
  13008833,     0, 8,10:13:05,10:17:14,   249, 40.90, 21.50, 19.40
         0,     0, 4,10:17:15,10:17:24,     9, 33.90, 43.20, -9.30
         0,     0, 8,10:17:22,10:17:42,    20, 21.50, 41.10,-19.60
  21292347,  5120, 4,10:19:45,10:20:26,    41, 43.20, 39.10,  4.10
         0,     0, 4,10:20:35,10:20:38,     3, 39.10, 43.40, -4.30
  13008762,     0, 8,10:18:09,10:21:01,   172, 41.10, 36.10,  5.00
         0,     0, 8,10:21:08,10:21:13,     5, 36.10, 41.00, -4.90
  13008839,     0, 8,10:23:03,10:23:15,    12, 36.80, 36.80,  0.00
         0,     0, 8,10:23:23,10:23:27,     4, 36.80, 41.10, -4.30
  12706646,     0, 6,10:19:52,10:25:15,   323, 41.40, 41.20,  0.20
  13008827,     0, 6,10:25:54,10:29:02,   188, 41.10, 28.50, 12.60
  12706707,  7116, 2,10:28:31,10:29:09,    38, 43.90, 37.90,  6.00
         0,     0, 6,10:29:09,10:29:21,    12, 28.50, 41.00,-12.50
         0,     0, 2,10:29:17,10:29:22,     5, 37.90, 43.90, -6.00
  12706642,  7051, 8,10:26:27,10:29:24,   177, 41.00, 27.40, 13.60
         0,     0, 8,10:29:32,10:29:46,    14, 27.40, 41.10,-13.70
  12448432,  6045, 5,10:28:42,10:29:49,    67, 40.90, 40.50,  0.40
  21268825,  6068, 5,10:29:59,10:31:43,   104, 40.50, 32.60,  7.90
         0,     0, 5,10:31:51,10:31:58,     7, 32.60, 41.00, -8.40
  13008839,     0, 7,10:22:04,10:32:30,   626, 31.50, 16.40, 15.10
  12706637,  7046, 3,10:32:36,10:32:39,     3, 46.30, 46.60, -0.30
  13008797,     0, 8,10:30:29,10:32:42,   133, 41.20, 37.60,  3.60
         0,     0, 7,10:32:37,10:32:54,    17, 16.40, 41.10,-24.70
         0,     0, 8,10:32:50,10:32:54,     4, 37.60, 40.80, -3.20
  21268825,  6068, 5,10:32:08,10:33:02,    54, 41.00, 35.40,  5.60
         0,     0, 5,10:33:10,10:33:15,     5, 35.40, 41.00, -5.60
  13008835,     0, 8,10:34:12,10:34:15,     3, 40.70, 40.70,  0.00
  12706637,  7046, 3,10:34:16,10:34:22,     6, 46.60, 46.30,  0.30
  12448432,  6045, 2,10:34:16,10:34:43,    27, 43.90, 43.70,  0.20
  12199977,     0, 9,10:33:37,10:35:33,   116, 41.10, 33.80,  7.30
         0,     0, 9,10:35:41,10:35:50,     9, 33.80, 41.20, -7.40
  13008797,     0, 8,10:35:25,10:35:55,    30, 39.50, 37.80,  1.70
         0,     0, 8,10:36:03,10:36:06,     3, 37.80, 41.20, -3.40
  12706637,  7046, 3,10:34:48,10:37:38,   170, 47.00, 27.30, 19.70
         0,     0, 3,10:37:45,10:38:01,    16, 27.30, 27.30,  0.00
  12448416,  6029, 2,10:35:13,10:38:05,   172, 43.70, 28.00, 15.70
  13323427,     0,10,10:37:57,10:38:07,    10, 40.90, 40.80,  0.10
  12706719,  7128, 5,10:34:32,10:38:07,   215, 40.90, 21.40, 19.50
  13323427,     0,10,10:38:20,10:38:22,     2, 40.70, 40.50,  0.20
         0,     0, 2,10:38:13,10:38:28,    15, 28.00, 43.80,-15.80
         0,     0, 5,10:38:16,10:38:34,    18, 21.40, 41.00,-19.60
  12706637,  7046, 3,10:38:18,10:38:45,    27, 46.40, 41.80,  4.60
         0,     0, 3,10:38:52,10:38:55,     3, 41.80, 41.70,  0.10
  12448432,  6045, 2,10:39:13,10:39:21,     8, 43.90, 43.80,  0.10
  13323427,     0,10,10:39:09,10:39:27,    18, 40.10, 38.50,  1.60
         0,     0,10,10:39:36,10:39:37,     1, 38.50, 40.00, -1.50
  13323427,     0, 9,10:40:38,10:40:55,    17, 41.20, 39.60,  1.60
         0,     0, 9,10:41:03,10:41:04,     1, 39.60, 41.10, -1.50
  13323420,     0,10,10:41:05,10:41:06,     1, 29.80, 29.80,  0.00
         0,     0,10,10:41:13,10:41:24,    11, 29.80, 41.10,-11.30
  13008835,     0, 8,10:43:42,10:43:43,     1, 34.20, 34.30, -0.10
         0,     0, 8,10:43:50,10:43:57,     7, 34.30, 41.10, -6.80
  12448428,  6041, 3,10:43:33,10:44:52,    79, 46.50, 32.50, 14.00
         0,     0, 3,10:45:00,10:45:11,    11, 32.50, 35.30, -2.80
  12448428,  6041, 4,10:45:25,10:45:46,    21, 43.30, 39.10,  4.20
         0,     0, 4,10:45:53,10:45:57,     4, 39.10, 43.40, -4.30
  13008835,     0, 8,10:46:12,10:46:18,     6, 41.10, 41.00,  0.10
  13008835,     0, 8,10:46:51,10:46:53,     2, 40.90, 41.00, -0.10
  12448415,     0,10,10:48:55,10:48:58,     3, 41.10, 41.10,  0.00
  21304388,  6125, 5,10:51:08,10:52:16,    68, 40.90, 40.00,  0.90
         0,     0, 5,10:52:23,10:52:23,     0, 40.00, 40.70, -0.70
  12448415,     0,10,10:49:10,10:52:41,   211, 41.10, 28.60, 12.50
         0,     0,10,10:52:49,10:53:02,    13, 28.60, 41.20,-12.60
  13323449,     0, 9,10:54:21,10:54:31,    10, 41.00, 41.00,  0.00
  13323449,     0,10,10:55:35,10:55:36,     1, 36.00, 36.00,  0.00
         0,     0,10,10:55:44,10:55:49,     5, 36.00, 40.90, -4.90
  13323449,     0,10,10:56:03,10:56:04,     1, 39.80, 39.80,  0.00
         0,     0,10,10:56:13,10:56:13,     0, 39.80, 41.00, -1.20
  13323420,     0,10,10:58:46,10:58:51,     5, 41.00, 41.00,  0.00
  12706707,  7116, 1,10:59:07,10:59:57,    50, 41.30, 32.40,  8.90
         0,     0, 1,11:00:05,11:00:13,     8, 32.40, 41.30, -8.90
  12706655,  7064, 3,10:59:33,11:01:38,   125, 46.50, 26.60, 19.90
         0,     0, 3,11:01:46,11:02:02,    16, 26.60, 26.50,  0.10
  13008742,  7163, 2,11:00:34,11:05:23,   289, 43.70, 18.80, 24.90
         0,     0, 2,11:05:30,11:05:53,    23, 18.80, 43.90,-25.10
  13008835,     0, 8,11:06:06,11:06:07,     1, 40.80, 40.80,  0.00
  13008835,     0, 8,11:06:39,11:06:40,     1, 40.70, 40.70,  0.00
  21268104,  6062, 5,11:04:28,11:06:52,   144, 40.80, 25.60, 15.20
  11954027,  4057, 1,11:05:45,11:07:01,    76, 41.30, 33.10,  8.20
  13008835,     0, 8,11:07:05,11:07:06,     1, 40.60, 40.60,  0.00
         0,     0, 5,11:07:00,11:07:15,    15, 25.60, 25.60,  0.00
         0,     0, 1,11:07:08,11:07:16,     8, 33.10, 41.20, -8.10
  13008835,     0, 8,11:07:44,11:07:45,     1, 40.50, 40.50,  0.00
  13008835,     0, 8,11:08:37,11:08:41,     4, 40.60, 40.50,  0.10
  13008835,     0, 8,11:09:26,11:09:27,     1, 40.30, 40.40, -0.10
  11953996,  4026, 2,11:07:22,11:10:08,   166, 43.90, 23.80, 20.10
  13008835,     0, 8,11:10:12,11:10:14,     2, 40.20, 40.30, -0.10
         0,     0, 2,11:10:15,11:10:33,    18, 23.80, 43.80,-20.00
  13008835,     0, 8,11:10:40,11:10:42,     2, 40.20, 40.20,  0.00
  13008835,     0, 8,11:11:12,11:11:16,     4, 40.20, 40.10,  0.10
  13008835,     0, 8,11:11:45,11:11:49,     4, 40.10, 40.00,  0.10
  13008835,     0, 8,11:12:18,11:12:22,     4, 40.00, 39.90,  0.10
         0,     0, 8,11:12:30,11:12:30,     0, 39.90, 40.60, -0.70
  12706609,  7018, 8,11:16:09,11:16:13,     4, 40.70, 40.70,  0.00
  13008797,     0, 7,10:36:01,11:16:33,  2432, 41.10, 34.40,  6.70
         0,     0, 7,11:16:41,11:16:45,     4, 34.40, 41.30, -6.90
  12448471,  6084, 2,11:15:58,11:16:56,    58, 43.90, 37.60,  6.30
         0,     0, 2,11:17:04,11:17:09,     5, 37.60, 44.00, -6.40
  12448521,     0, 9,11:15:59,11:17:27,    88, 41.00, 33.50,  7.50
         0,     0, 9,11:17:34,11:17:43,     9, 33.50, 41.10, -7.60
  12448471,  6084, 1,11:17:01,11:18:45,   104, 41.20, 28.50, 12.70
         0,     0, 1,11:18:53,11:19:05,    12, 28.50, 41.30,-12.80
  12199987,     0, 8,11:19:37,11:19:48,    11, 40.70, 40.60,  0.10
  12706609,  7018, 7,11:17:08,11:20:06,   178, 39.00, 32.30,  6.70
  12706646,     0, 6,10:29:36,11:20:14,  3038, 40.90, 16.90, 24.00
         0,     0, 7,11:20:13,11:20:17,     4, 32.30, 39.00, -6.70
         0,     0, 6,11:20:22,11:20:45,    23, 16.90, 41.70,-24.80
  12706659,  7068, 2,11:17:19,11:21:43,   264, 44.00, 16.10, 27.90
         0,     0, 2,11:21:51,11:22:17,    26, 16.10, 44.00,-27.90
  13323420,     0,10,11:24:29,11:24:35,     6, 41.00, 41.00,  0.00
  13008768,     0, 8,11:27:33,11:28:08,    35, 40.60, 40.10,  0.50
  12706651,  7060, 4,11:29:06,11:29:45,    39, 43.50, 41.10,  2.40
         0,     0, 4,11:29:53,11:29:55,     2, 41.10, 43.30, -2.20
  13008768,     0, 8,11:28:19,11:30:23,   124, 39.70, 18.50, 21.20
  13323420,     0,10,11:30:11,11:30:28,    17, 40.90, 39.80,  1.10
         0,     0,10,11:30:35,11:30:35,     0, 39.80, 41.00, -1.20
  11954014,  4044, 4,11:30:13,11:30:40,    27, 43.30, 42.50,  0.80
         0,     0, 8,11:30:32,11:30:56,    24, 18.50, 41.20,-22.70
  12706651,  7060, 3,11:30:02,11:31:29,    87, 46.40, 39.80,  6.60
         0,     0, 3,11:31:37,11:31:42,     5, 39.80, 39.80,  0.00
  13323420,     0,10,11:32:06,11:32:44,    38, 41.00, 36.10,  4.90
         0,     0,10,11:32:53,11:32:57,     4, 36.10, 41.10, -5.00
  12706738,  7147, 2,11:30:07,11:33:41,   214, 44.00, 25.20, 18.80
  12706729,  7138, 4,11:31:04,11:33:41,   157, 42.40, 26.20, 16.20
         0,     0, 2,11:33:48,11:34:06,    18, 25.20, 43.80,-18.60
         0,     0, 4,11:33:49,11:34:06,    17, 26.20, 43.30,-17.10
  13008762,     0, 8,11:32:36,11:35:10,   154, 41.20, 40.10,  1.10
  12199987,     0, 7,11:20:29,11:35:19,   890, 39.00, 20.80, 18.20
         0,     0, 7,11:35:27,11:35:40,    13, 20.80, 41.50,-20.70
  13323420,     0,10,11:35:27,11:35:39,    12, 41.10, 38.40,  2.70
         0,     0,10,11:35:46,11:35:48,     2, 38.40, 41.20, -2.80
  13323420,     0,10,11:36:29,11:37:01,    32, 41.20, 33.00,  8.20
  13008827,     0, 6,11:21:08,11:37:08,   960, 38.10, 38.00,  0.10
         0,     0,10,11:37:09,11:37:17,     8, 33.00, 41.20, -8.20
         0,     0, 6,11:37:16,11:37:18,     2, 38.00, 41.40, -3.40
  13008858,     0, 7,11:35:56,11:38:15,   139, 41.40, 40.90,  0.50
  13008866,     0, 8,11:39:11,11:39:11,     0, 33.70, 33.80, -0.10
         0,     0, 8,11:39:20,11:39:27,     7, 33.80, 41.10, -7.30
  13008866,     0, 8,11:40:56,11:41:21,    25, 41.10, 41.00,  0.10
  11954014,  4044, 2,11:42:14,11:42:56,    42, 43.90, 30.50, 13.40
         0,     0, 2,11:43:03,11:43:15,    12, 30.50, 43.90,-13.40
  11954014,  4044, 1,11:43:41,11:44:10,    29, 41.30, 38.10,  3.20
         0,     0, 1,11:44:18,11:44:20,     2, 38.10, 41.20, -3.10
  12448448,  6061, 4,11:37:31,11:44:20,   409, 43.50, 24.00, 19.50
         0,     0, 4,11:44:27,11:44:45,    18, 24.00, 43.30,-19.30
  12706719,  7128, 5,11:42:52,11:45:07,   135, 40.90, 34.20,  6.70
         0,     0, 5,11:45:14,11:45:20,     6, 34.20, 40.90, -6.70
  13008816,     0, 8,11:43:23,11:45:25,   122, 40.90, 27.30, 13.60
         0,     0, 8,11:45:33,11:45:48,    15, 27.30, 41.00,-13.70
  12448521,     0, 9,11:45:53,11:46:01,     8, 41.10, 41.10,  0.00
  12706655,  7064, 2,11:44:54,11:47:21,   147, 43.90, 28.40, 15.50
         0,     0, 2,11:47:28,11:47:42,    14, 28.40, 44.00,-15.60
  12448479,  6092, 4,11:46:02,11:48:37,   155, 43.40, 35.30,  8.10
         0,     0, 4,11:48:44,11:48:51,     7, 35.30, 43.30, -8.00
  12706616,  7025, 3,11:49:54,11:51:34,   100, 46.50, 24.20, 22.30
         0,     0, 3,11:51:41,11:51:59,    18, 24.20, 24.10,  0.10
  11954027,  4057, 1,11:50:19,11:52:03,   104, 41.20, 27.60, 13.60
         0,     0, 1,11:52:10,11:52:22,    12, 27.60, 41.30,-13.70
  21268104,  6062, 2,11:50:32,11:52:57,   145, 44.00, 29.70, 14.30
         0,     0, 2,11:53:06,11:53:19,    13, 29.70, 43.80,-14.10
  13008816,     0, 7,11:38:25,11:54:09,   944, 41.00, 40.90,  0.10
  12200048,     0, 8,11:54:37,11:57:51,   194, 41.10, 30.50, 10.60
         0,     0, 8,11:57:59,11:58:10,    11, 30.50, 41.20,-10.70
  12706710,  7119, 2,11:58:04,11:58:44,    40, 43.90, 43.40,  0.50
  13008866,     0, 8,11:59:13,11:59:28,    15, 41.20, 41.00,  0.20
  12448432,  6045, 5,11:55:42,12:00:54,   312, 40.90, 21.80, 19.10
         0,     0, 5,12:01:02,12:01:20,    18, 21.80, 40.80,-19.00
  12200046,  5100, 4,12:02:15,12:03:09,    54, 43.30, 34.60,  8.70
  12706636,  7045, 2,12:01:24,12:03:21,   117, 43.40, 27.00, 16.40
         0,     0, 4,12:03:16,12:03:24,     8, 34.60, 43.40, -8.80
         0,     0, 2,12:03:28,12:03:43,    15, 27.00, 43.90,-16.90
  12706651,  7060, 2,12:03:54,12:04:06,    12, 43.90, 43.90,  0.00
  12199986,     0, 9,12:04:25,12:04:27,     2, 41.00, 41.10, -0.10
  12199986,     0, 9,12:04:50,12:04:51,     1, 40.10, 40.10,  0.00
  12706667,     0, 6,11:58:33,12:05:03,   390, 41.40, 41.40,  0.00
  12199986,     0, 9,12:05:49,12:05:50,     1, 32.80, 32.80,  0.00
         0,     0, 9,12:05:58,12:06:08,    10, 32.80, 41.10, -8.30
  12706624,  7033, 8,12:05:43,12:06:27,    44, 41.10, 40.90,  0.20
  12706624,  7033, 8,12:07:01,12:08:10,    69, 40.50, 36.90,  3.60
         0,     0, 8,12:08:19,12:08:23,     4, 36.90, 41.10, -4.20
  12706624,  7033, 8,12:08:39,12:09:20,    41, 41.10, 37.40,  3.70
         0,     0, 8,12:09:27,12:09:30,     3, 37.40, 41.20, -3.80
  11499202,     0, 7,11:54:19,12:10:07,   948, 40.90, 27.00, 13.90
         0,     0, 7,12:10:15,12:10:23,     8, 27.00, 27.00,  0.00
  13008779,     0, 9,12:11:06,12:11:07,     1, 40.40, 40.40,  0.00
  13008866,     0, 8,12:12:05,12:12:08,     3, 41.10, 41.00,  0.10
  13008779,     0, 9,12:11:26,12:12:50,    84, 39.70, 36.70,  3.00
         0,     0, 9,12:12:57,12:13:02,     5, 36.70, 41.10, -4.40
  12706645,     0, 6,12:05:28,12:13:20,   472, 41.30, 22.90, 18.40
         0,     0, 6,12:13:27,12:13:46,    19, 22.90, 40.70,-17.80
  13008866,     0, 8,12:14:41,12:14:43,     2, 40.80, 40.90, -0.10
  11954056,     0,10,12:15:20,12:15:26,     6, 41.10, 41.00,  0.10
  11954056,     0, 9,12:16:07,12:16:16,     9, 41.10, 41.00,  0.10
  11724181,     0, 7,12:16:07,12:17:56,   109, 41.40, 40.70,  0.70
  13008842,  8083, 3,12:17:09,12:18:51,   102, 46.90, 42.80,  4.10
         0,     0, 3,12:18:58,12:19:00,     2, 42.80, 46.60, -3.80
  11954056,     0,10,12:17:56,12:19:11,    75, 41.00, 39.00,  2.00
         0,     0,10,12:19:19,12:19:20,     1, 39.00, 41.10, -2.10
  21306958,  5124, 9,12:19:30,12:21:23,   113, 41.00, 37.50,  3.50
         0,     0, 9,12:21:31,12:21:35,     4, 37.50, 41.20, -3.70
  11954056,     0,10,12:22:39,12:23:21,    42, 41.10, 40.00,  1.10
         0,     0,10,12:23:28,12:23:28,     0, 40.00, 40.40, -0.40
  12448471,  6084, 4,12:23:03,12:23:47,    44, 43.50, 37.20,  6.30
         0,     0, 4,12:23:56,12:24:01,     5, 37.20, 43.10, -5.90
  11954056,     0,10,12:24:57,12:25:02,     5, 27.10, 27.20, -0.10
  13008858,     0, 8,12:25:20,12:25:21,     1, 39.80, 39.80,  0.00
         0,     0,10,12:25:10,12:25:24,    14, 27.20, 41.10,-13.90
         0,     0, 8,12:25:29,12:25:29,     0, 39.80, 40.80, -1.00
  12706710,  7119, 4,12:24:12,12:25:50,    98, 43.00, 35.10,  7.90
         0,     0, 4,12:25:58,12:26:05,     7, 35.10, 43.40, -8.30
  13008858,     0, 8,12:26:02,12:28:40,   158, 40.50, 27.40, 13.10
         0,     0, 8,12:28:48,12:29:02,    14, 27.40, 41.20,-13.80
  13008798,     0, 7,12:18:22,12:31:03,   761, 40.70, 16.40, 24.30
         0,     0, 7,12:31:10,12:31:25,    15, 16.40, 16.40,  0.00
  12448416,  6029, 4,12:31:54,12:32:59,    65, 43.30, 32.10, 11.20
  13008842,  8083, 2,12:30:01,12:33:08,   187, 43.80, 24.10, 19.70
         0,     0, 4,12:33:07,12:33:17,    10, 32.10, 43.30,-11.20
         0,     0, 2,12:33:17,12:33:35,    18, 24.10, 44.00,-19.90
  13008842,  8083, 1,12:33:20,12:33:45,    25, 41.30, 40.10,  1.20
  12448416,  6029, 4,12:33:31,12:34:07,    36, 43.40, 39.20,  4.20
  12200048,     0, 8,12:31:41,12:34:13,   152, 41.10, 34.00,  7.10
         0,     0, 4,12:34:14,12:34:18,     4, 39.20, 43.30, -4.10
         0,     0, 8,12:34:21,12:34:28,     7, 34.00, 41.20, -7.20
  13008866,     0, 8,12:35:19,12:35:32,    13, 41.20, 41.10,  0.10
  12706651,  7060, 4,12:35:24,12:36:36,    72, 43.50, 35.60,  7.90
         0,     0, 4,12:36:43,12:36:50,     7, 35.60, 43.40, -7.80
  13008815,     0, 9,12:34:46,12:37:11,   145, 41.00, 31.10,  9.90
  12200046,  5100, 2,12:36:29,12:37:16,    47, 44.00, 37.60,  6.40
         0,     0, 2,12:37:24,12:37:29,     5, 37.60, 43.90, -6.30
         0,     0, 9,12:37:19,12:37:32,    13, 31.10, 41.10,-10.00
  13008866,     0, 8,12:39:01,12:39:14,    13, 41.10, 41.00,  0.10
  13008866,     0, 8,12:40:16,12:40:40,    24, 40.90, 40.70,  0.20
  11954050,  4080, 4,12:41:13,12:41:24,    11, 43.40, 43.70, -0.30
  13008836,     0, 9,12:41:22,12:41:56,    34, 41.10, 41.00,  0.10
  12706727,  7136, 4,12:41:48,12:43:26,    98, 43.80, 30.50, 13.30
         0,     0, 4,12:43:34,12:43:46,    12, 30.50, 43.40,-12.90
  13008836,     0, 9,12:42:54,12:43:44,    50, 41.00, 40.90,  0.10
  13008836,     0, 9,12:44:04,12:45:45,   101, 40.80, 32.40,  8.40
  13008742,  7163, 5,12:42:14,12:45:53,   219, 40.80, 22.90, 17.90
         0,     0, 9,12:45:53,12:46:04,    11, 32.40, 41.10, -8.70
  11954050,  4080, 1,12:45:10,12:46:11,    61, 40.10, 37.40,  2.70
         0,     0, 5,12:46:01,12:46:18,    17, 22.90, 40.90,-18.00
         0,     0, 1,12:46:19,12:46:22,     3, 37.40, 41.20, -3.80
  13008866,     0, 8,12:47:48,12:47:50,     2, 40.60, 40.70, -0.10
  11954050,  4080, 1,12:46:33,12:48:13,   100, 41.20, 26.60, 14.60
         0,     0, 1,12:48:20,12:48:33,    13, 26.60, 41.30,-14.70
  12448479,  6092, 3,12:46:54,12:48:47,   113, 46.60, 33.70, 12.90
         0,     0, 3,12:48:54,12:49:04,    10, 33.70, 46.40,-12.70
  13008816,     0, 7,12:37:18,12:49:21,   723, 41.30, 28.90, 12.40
         0,     0, 7,12:49:29,12:49:36,     7, 28.90, 41.50,-12.60
  11954050,  4080, 1,12:49:38,12:49:58,    20, 41.30, 39.90,  1.40
         0,     0, 1,12:50:06,12:50:06,     0, 39.90, 41.10, -1.20
  12706636,  7045, 4,12:50:13,12:51:06,    53, 43.40, 35.40,  8.00
         0,     0, 4,12:51:13,12:51:20,     7, 35.40, 43.30, -7.90
  13008866,     0, 8,12:53:34,12:53:51,    17, 40.70, 40.40,  0.30
  12448451,  6064, 5,12:54:57,12:58:30,   213, 40.90, 40.70,  0.20
  12706705,  7114, 4,12:58:45,12:59:17,    32, 43.40, 43.50, -0.10
  12706624,  7033, 8,12:58:53,12:59:23,    30, 40.40, 40.10,  0.30
  12706729,  7138, 4,12:59:30,12:59:47,    17, 43.50, 43.50,  0.00
  12706624,  7033, 8,13:00:44,13:01:19,    35, 35.90, 34.80,  1.10
         0,     0, 8,13:01:26,13:01:32,     6, 34.80, 41.10, -6.30
  13008835,     0, 8,13:02:51,13:02:56,     5, 41.00, 40.90,  0.10
  12706729,  7138, 4,13:01:08,13:03:10,   122, 43.40, 30.50, 12.90
         0,     0, 4,13:03:17,13:03:29,    12, 30.50, 43.30,-12.80
  13008866,     0, 8,13:03:22,13:03:27,     5, 40.90, 40.80,  0.10
  13008835,     0, 8,13:03:39,13:03:44,     5, 40.80, 40.70,  0.10
  12706634,     0,10,13:04:02,13:04:16,    14, 41.10, 39.40,  1.70
         0,     0,10,13:04:24,13:04:25,     1, 39.40, 41.20, -1.80
  13008835,     0, 8,13:04:34,13:04:37,     3, 40.80, 40.70,  0.10
  12200064,  5118, 1,13:03:03,13:04:45,   102, 41.10, 40.50,  0.60
  12706634,     0, 9,13:04:55,13:05:15,    20, 41.10, 38.90,  2.20
         0,     0, 9,13:05:22,13:05:24,     2, 38.90, 41.10, -2.20
  13008835,     0, 8,13:05:26,13:05:27,     1, 40.60, 40.60,  0.00
  12200064,  5118, 2,13:04:51,13:05:48,    57, 43.90, 43.10,  0.80
  13008835,     0, 8,13:05:59,13:06:03,     4, 40.60, 40.60,  0.00
  12706634,     0, 9,13:05:43,13:06:18,    35, 39.00, 33.40,  5.60
         0,     0, 9,13:06:26,13:06:36,    10, 33.40, 41.10, -7.70
  13008835,     0, 8,13:06:53,13:06:54,     1, 40.40, 40.50, -0.10
  13008866,     0, 8,13:08:47,13:08:50,     3, 40.10, 40.10,  0.00
  12200064,  5118, 1,13:06:00,13:09:36,   216, 40.50, 22.70, 17.80
         0,     0, 1,13:09:45,13:10:02,    17, 22.70, 41.30,-18.60
  13008866,     0, 8,13:10:56,13:10:59,     3, 39.90, 39.90,  0.00
         0,     0, 8,13:11:06,13:11:06,     0, 39.90, 40.70, -0.80
  11499202,     0, 7,12:52:41,13:11:12,  1111, 39.70, 19.70, 20.00
         0,     0, 7,13:11:19,13:11:32,    13, 19.70, 41.40,-21.70
  13008866,     0, 8,13:11:28,13:11:38,    10, 40.70, 40.70,  0.00
  13008858,     0, 8,13:13:19,13:13:20,     1, 40.30, 40.20,  0.10
  12706669,  7078, 4,13:12:04,13:13:33,    89, 43.50, 32.40, 11.10
         0,     0, 4,13:13:41,13:13:52,    11, 32.40, 43.30,-10.90
  12448454,  6067, 2,13:13:34,13:15:05,    91, 43.10, 34.90,  8.20
  13008835,     0, 8,13:15:07,13:15:11,     4, 40.10, 40.10,  0.00
         0,     0, 2,13:15:12,13:15:20,     8, 34.90, 43.90, -9.00
  13008835,     0, 8,13:15:46,13:15:51,     5, 40.10, 40.00,  0.10
  13008835,     0, 8,13:16:13,13:16:35,    22, 40.00, 39.90,  0.10
         0,     0, 8,13:16:43,13:16:43,     0, 39.90, 40.70, -0.80
  13008835,     0, 8,13:17:13,13:17:20,     7, 40.70, 40.70,  0.00
  13008835,     0, 8,13:18:18,13:18:20,     2, 40.50, 40.60, -0.10
  12448471,  6084, 5,13:17:08,13:18:21,    73, 40.70, 30.70, 10.00
         0,     0, 5,13:18:30,13:18:39,     9, 30.70, 41.00,-10.30
  13008835,     0, 8,13:18:49,13:18:54,     5, 40.60, 40.50,  0.10
  13008858,     0, 7,13:11:43,13:20:06,   503, 41.20, 32.40,  8.80
         0,     0, 7,13:20:14,13:20:19,     5, 32.40, 41.20, -8.80
  13008798,     0, 8,13:19:37,13:21:38,   121, 40.50, 24.70, 15.80
         0,     0, 8,13:21:45,13:22:02,    17, 24.70, 24.90, -0.20
  13008835,     0, 7,13:20:51,13:22:50,   119, 40.90, 32.40,  8.50
         0,     0, 7,13:22:57,13:23:02,     5, 32.40, 41.30, -8.90
  13008835,     0, 8,13:23:40,13:23:58,    18, 41.20, 41.00,  0.20
  13008826,     0, 8,13:24:22,13:24:23,     1, 41.00, 40.90,  0.10
  21304388,  6125, 2,13:23:19,13:25:47,   148, 43.90, 21.00, 22.90
         0,     0, 2,13:25:55,13:26:16,    21, 21.00, 43.90,-22.90
  12706700,  7109, 1,13:24:41,13:26:41,   120, 41.30, 19.10, 22.20
         0,     0, 1,13:26:50,13:27:10,    20, 19.10, 41.20,-22.10
  11724159,     0, 8,13:36:45,13:36:52,     7, 27.10, 27.10,  0.00
         0,     0, 8,13:37:00,13:37:16,    16, 27.10, 33.60, -6.50
  11724159,     0, 8,13:37:26,13:38:07,    41, 41.20, 31.30,  9.90
         0,     0, 8,13:38:15,13:38:25,    10, 31.30, 41.10, -9.80
  12448412,  6025, 1,13:38:29,13:38:36,     7, 41.20, 41.20,  0.00
  12448412,  6025, 2,13:38:45,13:38:49,     4, 43.90, 43.90,  0.00
  12706706,  7115, 5,13:38:04,13:39:06,    62, 40.90, 24.10, 16.80
  12448483,  6096, 4,13:37:58,13:39:15,    77, 42.90, 30.50, 12.40
         0,     0, 5,13:39:14,13:39:30,    16, 24.10, 40.90,-16.80
         0,     0, 4,13:39:23,13:39:35,    12, 30.50, 43.20,-12.70
  13008835,     0, 8,13:39:36,13:39:38,     2, 41.00, 41.00,  0.00
  12448415,     0,10,13:37:25,13:40:07,   162, 41.10, 37.40,  3.70
  12448437,  6050, 9,13:38:55,13:40:13,    78, 41.00, 40.80,  0.20
         0,     0,10,13:40:15,13:40:18,     3, 37.40, 41.20, -3.80
  12448483,  6096, 3,13:39:20,13:40:17,    57, 46.60, 27.30, 19.30
  12448437,  6050,10,13:40:30,13:40:30,     0, 41.20, 40.70,  0.50
         0,     0, 3,13:40:25,13:40:41,    16, 27.30, 27.20,  0.10
  13008835,     0, 8,13:41:20,13:41:21,     1, 40.80, 40.90, -0.10
  21292347,  5120, 4,13:39:47,13:41:41,   114, 43.40, 31.10, 12.30
  12448521,     0, 9,13:40:39,13:41:49,    70, 40.80, 34.20,  6.60
  12448415,     0,10,13:40:41,13:41:53,    72, 40.50, 28.20, 12.30
         0,     0, 4,13:41:48,13:41:59,    11, 31.10, 43.30,-12.20
  12706639,  7048, 5,13:41:44,13:42:02,    18, 40.90, 40.80,  0.10
         0,     0, 9,13:41:58,13:42:07,     9, 34.20, 41.00, -6.80
         0,     0,10,13:42:01,13:42:15,    14, 28.20, 41.20,-13.00
  13008835,     0, 8,13:42:18,13:42:21,     3, 40.90, 40.80,  0.10
  13008835,     0, 8,13:43:06,13:43:07,     1, 40.70, 40.70,  0.00
  13008835,     0, 8,13:43:43,13:44:01,    18, 40.60, 40.60,  0.00
  13008835,     0, 8,13:44:49,13:44:50,     1, 40.50, 40.50,  0.00
  12448412,  6025, 2,13:42:22,13:44:57,   155, 43.90, 42.90,  1.00
  13008835,     0, 8,13:45:36,13:45:41,     5, 40.50, 40.40,  0.10
  13008835,     0, 8,13:46:17,13:46:21,     4, 40.50, 40.40,  0.10
  12448437,  6050, 9,13:44:06,13:46:24,   138, 41.00, 35.50,  5.50
         0,     0, 9,13:46:32,13:46:39,     7, 35.50, 41.10, -5.60
  13008835,     0, 8,13:47:12,13:47:17,     5, 40.40, 40.30,  0.10
  12706639,  7048, 4,13:49:59,13:50:00,     1, 43.30, 43.90, -0.60
  12448412,  6025, 1,13:46:33,13:50:09,   216, 41.20, 13.40, 27.80
         0,     0, 1,13:50:17,13:50:43,    26, 13.40, 41.30,-27.90
  13008848,     0, 8,13:55:47,13:55:48,     1, 40.20, 40.20,  0.00
  12706639,  7048, 3,13:55:12,13:56:42,    90, 46.30, 40.10,  6.20
         0,     0, 3,13:56:49,13:56:54,     5, 40.10, 40.30, -0.20
  12706669,  7078, 2,13:59:18,14:03:13,   235, 42.80, 26.30, 16.50
         0,     0, 2,14:03:21,14:03:37,    16, 26.30, 43.80,-17.50
  12448474,  6087, 5,14:01:55,14:04:19,   144, 40.90, 25.20, 15.70
         0,     0, 5,14:04:27,14:04:42,    15, 25.20, 41.10,-15.90
  12706622,     0, 8,14:05:48,14:05:50,     2, 26.00, 25.90,  0.10
         0,     0, 8,14:05:57,14:06:13,    16, 25.90, 41.00,-15.10
  12200010,  5064, 1,14:04:04,14:06:19,   135, 41.30, 36.00,  5.30
         0,     0, 1,14:06:26,14:06:30,     4, 36.00, 41.20, -5.20
  12199977,     0, 9,14:08:32,14:09:58,    86, 41.10, 31.50,  9.60
         0,     0, 9,14:10:06,14:10:18,    12, 31.50, 41.10, -9.60
  12448454,  6067, 2,14:09:41,14:11:28,   107, 43.90, 31.60, 12.30
         0,     0, 2,14:11:36,14:11:47,    11, 31.60, 43.90,-12.30
  21292347,  5120, 5,14:11:22,14:13:12,   110, 40.80, 31.70,  9.10
         0,     0, 5,14:13:21,14:13:29,     8, 31.70, 31.80, -0.10
  13008737,     0, 9,14:14:25,14:15:50,    85, 41.10, 30.10, 11.00
         0,     0, 9,14:15:57,14:16:11,    14, 30.10, 41.10,-11.00
  11724159,     0, 8,14:20:06,14:21:01,    55, 41.20, 31.20, 10.00
         0,     0, 8,14:21:08,14:21:18,    10, 31.20, 41.10, -9.90
  12200042,  5096, 4,14:20:27,14:22:50,   143, 43.90, 28.00, 15.90
         0,     0, 4,14:22:59,14:23:14,    15, 28.00, 43.20,-15.20
  21306958,  5124, 9,14:24:31,14:25:03,    32, 41.10, 41.00,  0.10
  13008826,     0, 7,13:24:10,14:29:20,  3910, 29.20, 21.20,  8.00
         0,     0, 7,14:29:28,14:29:40,    12, 21.20, 21.20,  0.00
  13008732,  7153, 4,14:29:00,14:31:57,   177, 43.30, 24.80, 18.50
  21306958,  5124, 9,14:32:08,14:32:18,    10, 41.00, 41.10, -0.10
         0,     0, 4,14:32:06,14:32:23,    17, 24.80, 24.70,  0.10
  21306958,  5124, 9,14:32:27,14:32:36,     9, 40.90, 40.90,  0.00
  13008815,     0,10,14:31:46,14:32:38,    52, 41.00, 34.60,  6.40
  12706667,     0, 6,12:14:34,14:32:49,  8295, 29.10, 29.10,  0.00
         0,     0,10,14:32:47,14:32:53,     6, 34.60, 41.10, -6.50
         0,     0, 6,14:32:58,14:33:09,    11, 29.10, 41.30,-12.20
  21306958,  5124, 9,14:32:50,14:33:29,    39, 40.90, 40.70,  0.20
  13008732,  7153, 3,14:32:50,14:33:31,    41, 46.70, 36.60, 10.10
         0,     0, 3,14:33:39,14:33:47,     8, 36.60, 36.60,  0.00
  21306958,  5124, 9,14:33:45,14:33:58,    13, 40.70, 40.70,  0.00
  12706706,  7115, 1,14:33:35,14:34:18,    43, 41.20, 27.90, 13.30
         0,     0, 1,14:34:25,14:34:37,    12, 27.90, 41.20,-13.30
  21306958,  5124, 9,14:35:58,14:36:07,     9, 40.70, 40.60,  0.10
  12199981,  5035, 3,14:39:16,14:40:34,    78, 46.50, 23.30, 23.20
         0,     0, 3,14:40:41,14:41:00,    19, 23.30, 23.20,  0.10
  13008797,     0, 7,14:29:52,14:41:56,   724, 41.20, 31.30,  9.90
         0,     0, 7,14:42:04,14:42:10,     6, 31.30, 41.10, -9.80
  13008815,     0, 9,14:42:23,14:43:41,    78, 40.60, 36.50,  4.10
         0,     0, 9,14:43:49,14:43:54,     5, 36.50, 41.10, -4.60
  21292347,  5120, 5,14:42:18,14:43:54,    96, 40.90, 34.10,  6.80
         0,     0, 5,14:44:01,14:44:07,     6, 34.10, 34.20, -0.10
  13008833,     0, 8,14:44:59,14:45:22,    23, 25.40, 25.40,  0.00
         0,     0, 8,14:45:31,14:45:47,    16, 25.40, 41.10,-15.70
  12448442,  6055, 8,14:46:35,14:47:48,    73, 41.10, 32.40,  8.70
         0,     0, 8,14:47:57,14:48:06,     9, 32.40, 41.10, -8.70
  21306958,  5124,10,14:50:31,14:51:02,    31, 41.10, 40.80,  0.30
         0,     0, 5,14:52:23,14:52:33,    10, 41.00, 41.00,  0.00
  13008833,     0, 7,14:42:28,14:53:36,   668, 40.90, 24.70, 16.20
         0,     0, 7,14:53:44,14:53:55,    11, 24.70, 41.40,-16.70
  21306958,  5124, 9,14:55:59,14:59:15,   196, 41.10, 37.50,  3.60
         0,     0, 9,14:59:22,14:59:26,     4, 37.50, 41.10, -3.60
  11954027,  4057, 1,14:58:43,14:59:51,    68, 41.20, 38.70,  2.50
         0,     0, 1,14:59:58,15:00:00,     2, 38.70, 41.40, -2.70
         0,     0, 5,15:01:06,15:01:16,    10, 40.90, 40.90,  0.00
  11954027,  4057, 1,15:00:25,15:01:18,    53, 41.30, 30.40, 10.90
         0,     0, 1,15:01:25,15:01:35,    10, 30.40, 41.30,-10.90
  12200046,  5100, 4,15:01:05,15:02:05,    60, 43.80, 32.50, 11.30
  12448415,     0,10,15:01:50,15:02:16,    26, 40.80, 40.60,  0.20
         0,     0, 4,15:02:13,15:02:23,    10, 32.50, 43.30,-10.80
  12448521,     0,10,15:02:26,15:02:27,     1, 40.60, 40.60,  0.00
  12448415,     0,10,15:02:45,15:04:18,    93, 40.40, 27.50, 12.90
         0,     0,10,15:04:27,15:04:41,    14, 27.50, 41.20,-13.70
  21268825,  6068, 4,15:03:44,15:05:13,    89, 43.30, 43.20,  0.10
  21268825,  6068, 3,15:05:25,15:07:32,   127, 46.90, 31.20, 15.70
         0,     0, 3,15:07:40,15:07:52,    12, 31.20, 31.10,  0.10
  12706622,     0, 7,14:57:45,15:10:09,   744, 33.00, 33.00,  0.00
         0,     0, 7,15:10:17,15:10:22,     5, 33.00, 41.40, -8.40
  13008779,     0, 9,15:13:17,15:13:19,     2, 38.10, 38.20, -0.10
         0,     0, 9,15:13:27,15:13:30,     3, 38.20, 41.10, -2.90
  13008848,     0, 7,15:10:39,15:13:38,   179, 41.50, 41.40,  0.10
  12706624,  7033, 8,15:13:46,15:14:10,    24, 28.00, 28.00,  0.00
  13008779,     0, 9,15:13:40,15:14:19,    39, 41.10, 38.50,  2.60
         0,     0, 9,15:14:28,15:14:31,     3, 38.50, 41.10, -2.60
         0,     0, 8,15:14:18,15:14:32,    14, 28.00, 41.00,-13.00
  12706624,  7033, 8,15:14:43,15:15:14,    31, 41.10, 40.90,  0.20
  12706646,     0, 6,14:33:19,15:17:51,  2672, 41.30, 22.40, 18.90
         0,     0, 6,15:17:59,15:18:16,    17, 22.40, 41.50,-19.10
  13008835,     0, 8,15:19:32,15:19:37,     5, 40.90, 40.90,  0.00
  13008835,     0, 8,15:20:30,15:20:31,     1, 40.80, 40.80,  0.00
  13008835,     0, 8,15:21:35,15:21:39,     4, 40.70, 40.70,  0.00
  13008835,     0, 8,15:23:12,15:23:14,     2, 40.40, 40.40,  0.00
  12706624,  7033, 8,15:23:41,15:23:46,     5, 40.40, 40.40,  0.00
  12199987,     0, 7,15:16:03,15:24:06,   483, 41.40, 41.40,  0.00
  12706624,  7033, 8,15:23:58,15:24:18,    20, 40.40, 40.20,  0.20
  12199988,     0, 6,15:21:40,15:24:20,   160, 40.70, 37.40,  3.30
         0,     0, 6,15:24:28,15:24:31,     3, 37.40, 41.40, -4.00
  12706642,  7051, 7,15:24:22,15:24:54,    32, 41.10, 38.20,  2.90
         0,     0, 7,15:25:02,15:25:03,     1, 38.20, 41.40, -3.20
  13008848,     0, 7,15:25:27,15:29:37,   250, 41.40, 41.30,  0.10
  12706642,  7051, 8,15:30:50,15:31:06,    16, 40.10, 39.50,  0.60
         0,     0, 8,15:31:14,15:31:15,     1, 39.50, 41.10, -1.60
  13008835,     0, 8,15:31:29,15:31:31,     2, 41.00, 41.00,  0.00
  13008835,     0, 8,15:32:01,15:32:02,     1, 40.90, 41.00, -0.10
  12199987,     0, 8,15:33:24,15:36:28,   184, 40.80, 38.60,  2.20
         0,     0, 8,15:36:36,15:36:38,     2, 38.60, 41.20, -2.60
  12199987,     0, 8,15:38:06,15:38:09,     3, 41.20, 41.20,  0.00
  12706609,  7018, 8,15:40:34,15:40:46,    12, 41.20, 41.20,  0.00
  13008848,     0, 7,15:30:32,15:40:53,   621, 41.30, 40.90,  0.40
  13008835,     0, 8,15:42:29,15:43:21,    52, 41.10, 40.90,  0.20
  13008835,     0, 8,15:43:55,15:44:26,    31, 40.90, 40.70,  0.20
  13008837,     0, 9,15:42:44,15:44:27,   103, 41.10, 40.80,  0.30
  13008837,     0, 9,15:44:41,15:45:25,    44, 40.00, 37.20,  2.80
         0,     0, 9,15:45:33,15:45:37,     4, 37.20, 40.50, -3.30
  12706738,  7147, 2,15:44:16,15:46:11,   115, 43.50, 43.50,  0.00
  12706609,  7018, 7,15:41:26,15:46:13,   287, 34.70, 34.40,  0.30
  13008837,     0, 9,15:46:10,15:46:12,     2, 36.50, 36.50,  0.00
         0,     0, 7,15:46:20,15:46:24,     4, 34.40, 40.90, -6.50
         0,     0, 9,15:46:21,15:46:26,     5, 36.50, 41.10, -4.60
  12706705,  7114, 1,15:44:00,15:46:36,   156, 41.30, 19.60, 21.70
         0,     0, 1,15:46:44,15:47:04,    20, 19.60, 41.30,-21.70
  13008835,     0, 8,15:45:32,15:47:23,   111, 40.20, 26.00, 14.20
  12706738,  7147, 2,15:47:33,15:47:39,     6, 43.50, 43.50,  0.00
         0,     0, 8,15:47:31,15:47:47,    16, 26.00, 41.10,-15.10
  13008835,     0, 8,15:48:15,15:48:17,     2, 40.60, 40.70, -0.10
  12448437,  6050, 9,15:46:55,15:49:00,   125, 41.10, 34.80,  6.30
         0,     0, 9,15:49:08,15:49:16,     8, 34.80, 41.10, -6.30
  12706738,  7147, 1,15:47:44,15:50:13,   149, 41.30, 22.20, 19.10
         0,     0, 1,15:50:20,15:50:38,    18, 22.20, 41.30,-19.10
  13008835,     0, 8,15:51:54,15:51:57,     3, 40.70, 40.60,  0.10
  13008866,     0, 8,15:54:02,15:54:04,     2, 40.50, 40.50,  0.00
  21268104,  6062, 2,15:55:19,15:55:27,     8, 43.50, 43.50,  0.00
  13008835,     0, 8,15:55:46,15:55:51,     5, 40.50, 40.40,  0.10
  12706707,  7116, 4,15:56:15,15:56:34,    19, 44.10, 43.10,  1.00
  13008835,     0, 8,15:56:41,15:56:45,     4, 40.40, 40.30,  0.10
  21268104,  6062, 1,15:55:30,15:57:26,   116, 41.30, 28.40, 12.90
         0,     0, 1,15:57:33,15:57:45,    12, 28.40, 41.20,-12.80
  12706707,  7116, 3,15:57:00,15:57:54,    54, 46.60, 38.30,  8.30
         0,     0, 3,15:58:02,15:58:08,     6, 38.30, 38.30,  0.00
  13008768,     0, 8,15:59:29,16:02:12,   163, 40.30, 28.50, 11.80
  12448428,  6041, 3,16:01:04,16:02:20,    76, 46.70, 26.60, 20.10
  11953978,  4008, 2,16:00:46,16:02:28,   102, 43.50, 27.60, 15.90
         0,     0, 8,16:02:21,16:02:34,    13, 28.50, 41.10,-12.60
         0,     0, 3,16:02:28,16:02:45,    17, 26.60, 26.60,  0.00
         0,     0, 2,16:02:35,16:02:50,    15, 27.60, 43.90,-16.30
  12448416,  6029, 5,16:02:55,16:04:15,    80, 40.90, 30.50, 10.40
         0,     0, 5,16:04:24,16:04:34,    10, 30.50, 40.90,-10.40
  12706636,  7045, 2,16:03:34,16:04:43,    69, 43.90, 30.90, 13.00
         0,     0, 2,16:04:50,16:05:02,    12, 30.90, 43.90,-13.00
  13008835,     0, 8,16:05:02,16:05:05,     3, 40.90, 40.90,  0.00
  13008762,     0, 8,16:05:37,16:06:28,    51, 40.80, 40.80,  0.00
  12706729,  7138, 4,16:05:19,16:07:14,   115, 43.30, 29.80, 13.50
         0,     0, 4,16:07:23,16:07:36,    13, 29.80, 43.20,-13.40
  13008835,     0, 8,16:08:07,16:08:11,     4, 40.70, 40.60,  0.10
  12448451,  6064, 2,16:05:39,16:09:01,   202, 43.90, 16.70, 27.20
         0,     0, 2,16:09:08,16:09:34,    26, 16.70, 43.90,-27.20
  12706642,  7051, 7,15:46:34,16:10:08,  1414, 40.60, 23.80, 16.80
  12706727,  7136, 1,16:09:38,16:10:12,    34, 41.20, 36.70,  4.50
         0,     0, 1,16:10:19,16:10:23,     4, 36.70, 41.20, -4.50
         0,     0, 7,16:10:16,16:10:27,    11, 23.80, 41.10,-17.30
  12706727,  7136, 2,16:10:17,16:10:36,    19, 44.00, 41.10,  2.90
         0,     0, 2,16:10:43,16:10:44,     1, 41.10, 43.90, -2.80
  12706651,  7060, 5,16:08:55,16:10:42,   107, 40.90, 28.30, 12.60
         0,     0, 5,16:10:49,16:11:00,    11, 28.30, 41.00,-12.70
  11953996,  4026, 1,16:10:58,16:12:48,   110, 41.20, 24.10, 17.10
         0,     0, 1,16:12:55,16:13:11,    16, 24.10, 41.20,-17.10
  12706639,  7048, 3,16:12:29,16:14:27,   118, 46.60, 31.40, 15.20
  12706727,  7136, 1,16:13:24,16:14:44,    80, 41.20, 25.20, 16.00
         0,     0, 3,16:14:35,16:14:48,    13, 31.40, 34.90, -3.50
  12706616,  7025, 2,16:13:16,16:14:47,    91, 43.90, 27.40, 16.50
         0,     0, 1,16:14:51,16:15:07,    16, 25.20, 41.20,-16.00
         0,     0, 2,16:14:54,16:15:11,    17, 27.40, 44.00,-16.60
  12199987,     0, 8,16:09:02,16:15:37,   395, 40.60, 29.00, 11.60
         0,     0, 8,16:15:45,16:15:58,    13, 29.00, 29.10, -0.10
  12448477,  6090, 4,16:16:10,16:16:58,    48, 43.20, 38.30,  4.90
         0,     0, 4,16:17:06,16:17:10,     4, 38.30, 43.30, -5.00
  13008762,     0, 7,16:12:40,16:17:14,   274, 27.20, 27.00,  0.20
         0,     0, 7,16:17:21,16:17:30,     9, 27.00, 27.00,  0.00
  13008866,     0, 8,16:18:54,16:18:56,     2, 41.10, 41.10,  0.00
  12706710,  7119, 2,16:17:41,16:18:59,    78, 44.00, 27.90, 16.10
  12448474,  6087, 4,16:17:28,16:19:12,   104, 43.40, 28.50, 14.90
         0,     0, 2,16:19:06,16:19:21,    15, 27.90, 43.90,-16.00
         0,     0, 4,16:19:19,16:19:34,    15, 28.50, 43.30,-14.80
  13008797,     0, 7,16:18:37,16:20:10,    93, 40.70, 40.30,  0.40
  13008866,     0, 8,16:20:31,16:20:34,     3, 41.10, 41.10,  0.00
  12448454,  6067, 4,16:22:19,16:22:32,    13, 43.50, 42.90,  0.60
  13008866,     0, 8,16:23:15,16:23:39,    24, 40.30, 40.10,  0.20
  12448416,  6029, 3,16:22:38,16:24:36,   118, 46.50, 36.50, 10.00
  12448454,  6067, 4,16:22:53,16:24:38,   105, 43.00, 31.40, 11.60
         0,     0, 3,16:24:44,16:24:54,    10, 36.50, 38.00, -1.50
         0,     0, 4,16:24:45,16:24:59,    14, 31.40, 43.10,-11.70
  21268104,  6062, 1,16:24:51,16:25:00,     9, 41.20, 40.90,  0.30
  13008732,  7153, 5,16:23:04,16:25:19,   135, 41.00, 26.20, 14.80
         0,     0, 5,16:25:28,16:25:44,    16, 26.20, 40.80,-14.60
  13008866,     0, 8,16:26:57,16:27:29,    32, 39.00, 38.70,  0.30
  12706705,  7114, 1,16:25:25,16:27:35,   130, 40.90, 26.00, 14.90
         0,     0, 8,16:27:38,16:27:40,     2, 38.70, 41.10, -2.40
         0,     0, 1,16:27:42,16:27:57,    15, 26.00, 41.30,-15.30
  12706705,  7114, 2,16:27:40,16:28:02,    22, 43.90, 43.80,  0.10
  13008816,     0, 7,16:20:20,16:28:05,   465, 40.30, 40.20,  0.10
  12448471,  6084, 4,16:27:23,16:29:14,   111, 43.20, 28.40, 14.80
         0,     0, 4,16:29:21,16:29:35,    14, 28.40, 43.40,-15.00
  12200010,  5064, 4,16:30:36,16:31:31,    55, 43.40, 33.00, 10.40
  12706637,  7046, 3,16:29:46,16:31:35,   109, 46.50, 32.60, 13.90
         0,     0, 4,16:31:38,16:31:48,    10, 33.00, 43.30,-10.30
         0,     0, 3,16:31:42,16:31:53,    11, 32.60, 32.50,  0.10
  21268104,  6062, 2,16:33:53,16:34:09,    16, 43.80, 43.40,  0.40
  21268104,  6062, 2,16:34:19,16:35:34,    75, 43.40, 33.90,  9.50
         0,     0, 2,16:35:42,16:35:51,     9, 33.90, 43.90,-10.00
  11954014,  4044, 3,16:35:21,16:36:07,    46, 46.80, 30.20, 16.60
  12706719,  7128, 5,16:34:03,16:36:16,   133, 40.80, 28.00, 12.80
         0,     0, 3,16:36:14,16:36:27,    13, 30.20, 30.10,  0.10
         0,     0, 5,16:36:23,16:36:35,    12, 28.00, 40.90,-12.90
  12706719,  7128, 5,16:36:46,16:37:22,    36, 40.90, 34.00,  6.90
  12199981,  5035, 4,16:36:46,16:37:32,    46, 43.90, 32.50, 11.40
         0,     0, 5,16:37:30,16:37:36,     6, 34.00, 40.80, -6.80
         0,     0, 4,16:37:39,16:37:49,    10, 32.50, 43.30,-10.80
  11953978,  4008, 2,16:38:11,16:38:21,    10, 44.00, 43.90,  0.10
  13008848,     0, 7,16:28:15,16:40:34,   739, 40.20, 21.20, 19.00
         0,     0, 7,16:40:42,16:40:54,    12, 21.20, 21.20,  0.00
  11953978,  4008, 1,16:41:11,16:41:44,    33, 41.30, 33.00,  8.30
         0,     0, 1,16:41:52,16:41:59,     7, 33.00, 41.20, -8.20
  12448448,  6061, 2,16:38:33,16:42:09,   216, 43.90, 23.90, 20.00
         0,     0, 2,16:42:18,16:42:37,    19, 23.90, 43.80,-19.90
  21304388,  6125, 2,16:42:47,16:43:47,    60, 43.80, 21.60, 22.20
  12448473,  6086, 1,16:42:32,16:44:09,    97, 41.20, 22.50, 18.70
         0,     0, 2,16:43:56,16:44:17,    21, 21.60, 43.90,-22.30
         0,     0, 1,16:44:17,16:44:34,    17, 22.50, 41.30,-18.80
  12448477,  6090, 3,16:46:31,16:47:24,    53, 46.50, 41.60,  4.90
  12448483,  6096, 4,16:47:28,16:47:30,     2, 44.00, 43.80,  0.20
         0,     0, 3,16:47:31,16:47:34,     3, 41.60, 46.30, -4.70
  12706706,  7115, 4,16:47:42,16:48:35,    53, 43.80, 31.20, 12.60
         0,     0, 4,16:48:42,16:48:54,    12, 31.20, 43.60,-12.40
  12448412,  6025, 1,16:45:03,16:49:06,   243, 41.30, 16.40, 24.90
         0,     0, 1,16:49:15,16:49:38,    23, 16.40, 41.20,-24.80
  21292347,  5120, 5,16:49:34,16:50:57,    83, 40.90, 33.40,  7.50
         0,     0, 5,16:51:04,16:51:11,     7, 33.40, 33.50, -0.10
  12706701,  7110, 2,16:49:24,16:53:07,   223, 44.00, 30.60, 13.40
         0,     0, 2,16:53:15,16:53:27,    12, 30.60, 43.90,-13.30
  12706667,     0, 6,15:24:44,16:54:34,  5390, 39.50, 20.80, 18.70
         0,     0, 6,16:54:41,16:55:00,    19, 20.80, 41.50,-20.70
  12706738,  7147, 2,16:57:21,16:59:03,   102, 43.90, 30.90, 13.00
         0,     0, 2,16:59:11,16:59:22,    11, 30.90, 43.80,-12.90
  12706651,  7060, 5,16:57:19,16:59:23,   124, 40.90, 31.10,  9.80
  12706738,  7147, 1,16:59:23,16:59:32,     9, 41.30, 39.80,  1.50
         0,     0, 1,16:59:40,16:59:40,     0, 39.80, 41.20, -1.40
         0,     0, 5,16:59:31,16:59:40,     9, 31.10, 40.90, -9.80
  12706700,  7109, 4,16:59:00,16:59:56,    56, 43.40, 34.30,  9.10
         0,     0, 4,17:00:03,17:00:11,     8, 34.30, 43.30, -9.00
  12448483,  6096, 3,16:58:52,17:01:16,   144, 47.00, 23.20, 23.80
         0,     0, 3,17:01:23,17:01:43,    20, 23.20, 33.00, -9.80
  12706669,  7078, 1,17:01:12,17:02:02,    50, 41.20, 32.30,  8.90
         0,     0, 1,17:02:11,17:02:19,     8, 32.30, 41.30, -9.00
  12200010,  5064, 1,17:02:49,17:04:01,    72, 41.30, 29.50, 11.80
         0,     0, 1,17:04:10,17:04:20,    10, 29.50, 41.20,-11.70
  21292347,  5120, 4,17:07:38,17:08:34,    56, 43.30, 38.70,  4.60
  11954027,  4057, 1,17:07:34,17:08:41,    67, 41.20, 29.30, 11.90
         0,     0, 4,17:08:43,17:08:47,     4, 38.70, 43.40, -4.70
         0,     0, 1,17:08:49,17:09:00,    11, 29.30, 41.20,-11.90
  11724181,     0, 7,16:41:14,17:11:47,  1833, 41.30, 30.10, 11.20
  11953978,  4008, 1,17:10:49,17:11:55,    66, 41.20, 34.60,  6.60
         0,     0, 7,17:11:55,17:12:02,     7, 30.10, 30.20, -0.10
         0,     0, 1,17:12:03,17:12:08,     5, 34.60, 41.20, -6.60
  12448432,  6045, 2,17:08:57,17:12:08,   191, 43.90, 26.70, 17.20
         0,     0, 2,17:12:17,17:12:33,    16, 26.70, 44.00,-17.30
  12199981,  5035, 3,17:12:33,17:13:14,    41, 46.40, 33.80, 12.60
         0,     0, 3,17:13:22,17:13:32,    10, 33.80, 33.70,  0.10
  12706729,  7138, 4,17:12:35,17:13:30,    55, 43.40, 35.80,  7.60
         0,     0, 4,17:13:39,17:13:46,     7, 35.80, 43.40, -7.60
  12448416,  6029, 1,17:12:18,17:14:19,   121, 41.20, 28.80, 12.40
  13323427,     0, 9,17:14:20,17:14:26,     6, 41.10, 41.10,  0.00
         0,     0, 1,17:14:27,17:14:38,    11, 28.80, 41.20,-12.40
  11954050,  4080, 2,17:13:35,17:14:44,    69, 44.00, 36.30,  7.70
  13008866,     0, 8,17:14:38,17:14:47,     9, 40.80, 40.80,  0.00
         0,     0, 2,17:14:52,17:14:58,     6, 36.30, 44.00, -7.70
  13008866,     0, 8,17:15:49,17:16:08,    19, 40.40, 36.30,  4.10
         0,     0, 8,17:16:15,17:16:19,     4, 36.30, 41.00, -4.70
  12448428,  6041, 1,17:15:19,17:16:20,    61, 41.20, 24.70, 16.50
         0,     0, 1,17:16:28,17:16:44,    16, 24.70, 41.30,-16.60
  12706609,  7018, 7,17:12:14,17:17:52,   338, 41.50, 33.90,  7.60
         0,     0, 7,17:18:00,17:18:04,     4, 33.90, 33.90,  0.00
  12706655,  7064, 2,17:15:23,17:18:28,   185, 44.00, 28.40, 15.60
         0,     0, 2,17:18:36,17:18:46,    10, 28.40, 28.50, -0.10
  13008742,  7163, 5,17:16:22,17:19:48,   206, 40.70, 26.30, 14.40
         0,     0, 5,17:19:56,17:20:10,    14, 26.30, 40.90,-14.60
  12706616,  7025, 2,17:18:56,17:20:32,    96, 39.60, 25.80, 13.80
         0,     0, 2,17:20:40,17:20:57,    17, 25.80, 43.80,-18.00
  12448521,     0, 9,17:20:46,17:21:50,    64, 41.00, 35.50,  5.50
         0,     0, 9,17:21:59,17:22:06,     7, 35.50, 41.10, -5.60
  12200046,  5100, 4,17:21:52,17:22:14,    22, 43.50, 40.00,  3.50
         0,     0, 4,17:22:22,17:22:25,     3, 40.00, 43.40, -3.40
  12200048,     0, 8,17:20:33,17:22:49,   136, 41.10, 39.00,  2.10
  12200046,  5100, 4,17:22:37,17:22:54,    17, 43.50, 40.30,  3.20
         0,     0, 8,17:22:56,17:22:58,     2, 39.00, 41.20, -2.20
         0,     0, 4,17:23:03,17:23:05,     2, 40.30, 43.30, -3.00
  12706637,  7046, 2,17:24:51,17:26:44,   113, 43.80, 31.50, 12.30
  12200048,     0, 8,17:23:50,17:26:57,   187, 41.00, 39.70,  1.30
         0,     0, 2,17:26:51,17:27:02,    11, 31.50, 43.90,-12.40
         0,     0, 8,17:27:04,17:27:05,     1, 39.70, 40.80, -1.10
  12199986,     0,10,17:27:35,17:27:52,    17, 40.80, 39.80,  1.00
         0,     0,10,17:28:01,17:28:01,     0, 39.80, 41.00, -1.20
  12199988,     0, 6,17:24:53,17:28:29,   216, 39.20, 32.80,  6.40
         0,     0, 6,17:28:36,17:28:44,     8, 32.80, 41.40, -8.60
  12199986,     0, 9,17:28:03,17:28:55,    52, 41.10, 30.40, 10.70
  12706710,  7119, 4,17:26:47,17:29:05,   138, 43.30, 26.80, 16.50
         0,     0, 9,17:29:02,17:29:16,    14, 30.40, 41.10,-10.70
         0,     0, 4,17:29:14,17:29:30,    16, 26.80, 43.40,-16.60
  12448437,  6050,10,17:29:02,17:30:37,    95, 40.70, 37.20,  3.50
         0,     0,10,17:30:45,17:30:48,     3, 37.20, 41.10, -3.90
  12706624,  7033, 8,17:33:51,17:33:56,     5, 40.80, 40.80,  0.00
  12448473,  6086, 2,17:32:37,17:33:57,    80, 43.90, 33.10, 10.80
         0,     0, 2,17:34:05,17:34:14,     9, 33.10, 44.00,-10.90
  21268104,  6062, 4,17:32:43,17:34:34,   111, 43.40, 33.80,  9.60
         0,     0, 4,17:34:42,17:34:51,     9, 33.80, 43.30, -9.50
  13008827,     0, 6,17:31:06,17:35:05,   239, 32.30, 32.20,  0.10
         0,     0, 6,17:35:13,17:35:21,     8, 32.20, 40.70, -8.50
  13008835,     0, 8,17:37:12,17:37:14,     2, 40.70, 40.70,  0.00
  11953978,  4008, 1,17:38:48,17:39:51,    63, 41.30, 33.40,  7.90
  12200046,  5100, 4,17:39:13,17:39:54,    41, 43.40, 37.70,  5.70
         0,     0, 1,17:39:59,17:40:06,     7, 33.40, 41.20, -7.80
  12200046,  5100, 3,17:40:03,17:40:04,     1, 46.40, 46.00,  0.40
         0,     0, 4,17:40:02,17:40:07,     5, 37.70, 43.20, -5.50
  12706729,  7138, 5,17:38:31,17:40:11,   100, 40.90, 33.30,  7.60
         0,     0, 5,17:40:18,17:40:25,     7, 33.30, 41.10, -7.80
  12200048,     0, 7,17:19:40,17:40:50,  1270, 41.10, 40.60,  0.50
  21292347,  5120, 2,17:40:01,17:41:18,    77, 44.00, 37.70,  6.30
         0,     0, 2,17:41:26,17:41:31,     5, 37.70, 44.00, -6.30
  13008835,     0, 8,17:42:36,17:42:42,     6, 33.30, 33.20,  0.10
  12706700,  7109, 2,17:41:45,17:42:46,    61, 43.90, 27.80, 16.10
         0,     0, 8,17:42:50,17:42:58,     8, 33.20, 41.10, -7.90
         0,     0, 2,17:42:54,17:43:09,    15, 27.80, 43.90,-16.10
  13008779,     0,10,17:42:42,17:43:34,    52, 41.10, 34.90,  6.20
         0,     0,10,17:43:42,17:43:48,     6, 34.90, 40.40, -5.50
  13008779,     0,10,17:44:03,17:44:05,     2, 38.50, 38.50,  0.00
         0,     0,10,17:44:13,17:44:15,     2, 38.50, 41.30, -2.80
  21306958,  5124,10,17:44:35,17:45:05,    30, 41.30, 41.10,  0.20
  13008797,     0, 8,17:44:31,17:45:15,    44, 40.90, 40.80,  0.10
  21306958,  5124, 9,17:45:24,17:46:17,    53, 41.10, 40.80,  0.30
  12706701,  7110, 2,17:45:29,17:46:21,    52, 43.90, 43.50,  0.40
  13008816,     0, 8,17:45:34,17:47:16,   102, 40.70, 26.20, 14.50
  13008768,     0, 7,17:41:44,17:47:22,   338, 40.60, 20.70, 19.90
         0,     0, 8,17:47:24,17:47:43,    19, 26.20, 41.00,-14.80
         0,     0, 7,17:47:29,17:47:44,    15, 20.70, 41.40,-20.70
  21306958,  5124, 9,17:46:29,17:47:50,    81, 40.80, 38.30,  2.50
         0,     0, 9,17:47:58,17:48:01,     3, 38.30, 41.00, -2.70
  12706701,  7110, 2,17:46:48,17:48:56,   128, 43.50, 29.40, 14.10
         0,     0, 2,17:49:05,17:49:18,    13, 29.40, 43.90,-14.50
  12706706,  7115, 5,17:49:13,17:49:56,    43, 41.00, 28.60, 12.40
         0,     0, 5,17:50:04,17:50:16,    12, 28.60, 41.00,-12.40
  12706624,  7033, 8,17:49:08,17:50:53,   105, 41.00, 35.40,  5.60
         0,     0, 8,17:51:01,17:51:07,     6, 35.40, 41.10, -5.70
  12706646,     0, 6,17:35:31,17:51:42,   971, 39.70, 29.10, 10.60
         0,     0, 6,17:51:50,17:52:01,    11, 29.10, 41.50,-12.40
  13008768,     0, 8,17:52:58,17:53:57,    59, 41.10, 39.80,  1.30
         0,     0, 8,17:54:04,17:54:04,     0, 39.80, 40.80, -1.00
  12199987,     0, 8,17:54:20,17:54:47,    27, 40.80, 40.80,  0.00
  12706651,  7060, 5,17:52:20,17:54:59,   159, 41.00, 30.50, 10.50
         0,     0, 5,17:55:07,17:55:17,    10, 30.50, 41.00,-10.50
  12448477,  6090, 3,17:54:32,17:55:55,    83, 46.30, 37.00,  9.30
  12448479,  6092, 2,17:53:40,17:55:54,   134, 43.90, 27.40, 16.50
         0,     0, 3,17:56:02,17:56:10,     8, 37.00, 37.30, -0.30
  12448415,     0,10,17:53:12,17:56:09,   177, 41.10, 31.70,  9.40
         0,     0, 2,17:56:02,17:56:17,    15, 27.40, 43.90,-16.50
         0,     0,10,17:56:17,17:56:27,    10, 31.70, 41.20, -9.50
  12448477,  6090, 3,17:56:36,17:56:53,    17, 46.40, 43.20,  3.20
         0,     0, 3,17:57:01,17:57:03,     2, 43.20, 46.50, -3.30
  12448471,  6084, 1,17:56:01,17:57:11,    70, 41.20, 30.50, 10.70
         0,     0, 1,17:57:18,17:57:28,    10, 30.50, 41.30,-10.80
  12199987,     0, 8,17:55:16,18:02:14,   418, 40.70, 27.40, 13.30
  12448432,  6045, 5,17:58:37,18:02:17,   220, 41.00, 24.30, 16.70
         0,     0, 8,18:02:21,18:02:35,    14, 27.40, 41.20,-13.80
         0,     0, 5,18:02:24,18:02:40,    16, 24.30, 41.00,-16.70
  13008768,     0, 8,18:02:50,18:04:39,   109, 41.00, 24.80, 16.20
  12706727,  7136, 1,18:03:33,18:04:50,    77, 41.30, 26.90, 14.40
         0,     0, 8,18:04:46,18:05:03,    17, 24.80, 41.10,-16.30
         0,     0, 1,18:04:58,18:05:11,    13, 26.90, 41.30,-14.40
  12706707,  7116, 1,18:07:39,18:09:05,    86, 41.30, 29.30, 12.00
         0,     0, 1,18:09:14,18:09:25,    11, 29.30, 41.30,-12.00
  12200048,     0, 8,18:06:56,18:09:44,   168, 41.10, 33.20,  7.90
         0,     0, 8,18:09:53,18:10:01,     8, 33.20, 41.10, -7.90
  12706624,  7033, 8,18:12:00,18:12:34,    34, 41.10, 41.00,  0.10
  11954050,  4080, 2,18:12:07,18:12:35,    28, 43.90, 43.30,  0.60
  13008815,     0, 9,18:11:14,18:13:28,   134, 41.10, 35.80,  5.30
  12706624,  7033, 8,18:12:53,18:13:37,    44, 40.90, 39.80,  1.10
         0,     0, 9,18:13:35,18:13:41,     6, 35.80, 41.10, -5.30
         0,     0, 8,18:13:46,18:13:46,     0, 39.80, 40.80, -1.00
  13008866,     0, 7,17:55:22,18:14:15,  1133, 41.40, 30.10, 11.30
         0,     0, 7,18:14:23,18:14:30,     7, 30.10, 40.60,-10.50
  13008815,     0, 9,18:14:24,18:14:44,    20, 41.10, 39.00,  2.10
  11954050,  4080, 1,18:12:59,18:14:46,   107, 41.30, 24.50, 16.80
  12706624,  7033, 8,18:13:56,18:14:50,    54, 40.80, 37.50,  3.30
         0,     0, 9,18:14:52,18:14:54,     2, 39.00, 41.00, -2.00
  21268104,  6062, 5,18:13:22,18:14:54,    92, 41.00, 28.90, 12.10
         0,     0, 8,18:14:59,18:15:02,     3, 37.50, 41.00, -3.50
         0,     0, 1,18:14:54,18:15:10,    16, 24.50, 41.30,-16.80
         0,     0, 5,18:15:01,18:15:12,    11, 28.90, 40.80,-11.90
  12448483,  6096, 3,18:13:22,18:15:25,   123, 46.70, 30.70, 16.00
         0,     0, 3,18:15:33,18:15:46,    13, 30.70, 30.60,  0.10
  11954014,  4044, 3,18:16:32,18:16:33,     1, 46.50, 46.10,  0.40
  12448442,  6055, 7,18:14:45,18:17:41,   176, 36.40, 36.30,  0.10
         0,     0, 7,18:17:49,18:17:52,     3, 36.30, 41.40, -5.10
  11954014,  4044, 3,18:17:17,18:18:04,    47, 45.70, 28.80, 16.90
         0,     0, 3,18:18:11,18:18:26,    15, 28.80, 28.80,  0.00
  13008866,     0, 8,18:18:56,18:18:59,     3, 40.90, 40.80,  0.10
  12706667,     0, 6,17:52:13,18:19:38,  1645, 39.90, 29.10, 10.80
  13008866,     0, 8,18:19:24,18:19:52,    28, 40.90, 40.70,  0.20
         0,     0, 6,18:19:45,18:19:56,    11, 29.10, 41.50,-12.40
  13323427,     0,10,18:20:00,18:20:23,    23, 41.10, 40.70,  0.40
  13008866,     0, 8,18:20:09,18:20:35,    26, 40.70, 40.60,  0.10
  13323427,     0,10,18:20:45,18:21:06,    21, 40.80, 39.30,  1.50
         0,     0,10,18:21:13,18:21:15,     2, 39.30, 40.20, -0.90
  13008866,     0, 8,18:21:14,18:21:30,    16, 40.50, 40.40,  0.10
  21268825,  6068, 2,18:18:19,18:22:21,   242, 43.20, 22.50, 20.70
  13008866,     0, 8,18:21:49,18:22:28,    39, 40.40, 40.20,  0.20
         0,     0, 2,18:22:28,18:22:48,    20, 22.50, 44.00,-21.50
  12200064,  5118, 1,18:18:29,18:23:37,   308, 41.30,  8.90, 32.40
  11953978,  4008, 3,18:23:10,18:23:55,    45, 46.90, 37.20,  9.70
         0,     0, 3,18:24:03,18:24:10,     7, 37.20, 36.90,  0.30
         0,     0, 1,18:23:45,18:24:15,    30,  8.90, 41.30,-32.40
  11954056,     0,10,18:25:18,18:25:30,    12, 34.40, 34.20,  0.20
         0,     0,10,18:25:38,18:25:45,     7, 34.20, 40.80, -6.60
  13008835,     0, 8,18:26:04,18:26:05,     1, 40.00, 40.00,  0.00
  11954056,     0,10,18:27:14,18:27:16,     2, 23.70, 23.80, -0.10
  12706659,  7068, 2,18:24:32,18:27:22,   170, 44.00, 17.50, 26.50
  12706710,  7119, 4,18:25:52,18:27:23,    91, 43.20, 30.60, 12.60
  13008835,     0, 8,18:27:24,18:27:26,     2, 39.90, 39.90,  0.00
         0,     0, 8,18:27:34,18:27:34,     0, 39.90, 40.60, -0.70
         0,     0,10,18:27:24,18:27:43,    19, 23.80, 41.10,-17.30
         0,     0, 4,18:27:32,18:27:45,    13, 30.60, 43.30,-12.70
         0,     0, 2,18:27:30,18:27:56,    26, 17.50, 43.80,-26.30
  13008839,     0, 7,18:18:05,18:29:11,   666, 41.40, 19.00, 22.40
         0,     0, 7,18:29:19,18:29:33,    14, 19.00, 19.10, -0.10
  13008737,     0,10,18:28:27,18:29:48,    81, 41.10, 28.70, 12.40
         0,     0,10,18:29:56,18:30:09,    13, 28.70, 41.10,-12.40
  12706701,  7110, 2,18:28:09,18:30:21,   132, 43.80, 35.40,  8.40
         0,     0, 2,18:30:28,18:30:35,     7, 35.40, 43.90, -8.50
  12706622,     0, 8,18:33:33,18:33:40,     7, 40.70, 40.70,  0.00
  12448521,     0,10,18:33:41,18:33:43,     2, 41.00, 41.00,  0.00
  12448521,     0, 9,18:33:49,18:34:20,    31, 41.00, 39.40,  1.60
         0,     0, 9,18:34:27,18:34:29,     2, 39.40, 41.10, -1.70
  11954027,  4057, 1,18:33:38,18:35:08,    90, 41.30, 20.30, 21.00
         0,     0, 1,18:35:16,18:35:36,    20, 20.30, 41.30,-21.00
  13008858,     0, 7,18:30:50,18:36:20,   330, 41.40, 41.30,  0.10
  12706622,     0, 8,18:34:19,18:36:44,   145, 40.50, 31.70,  8.80
         0,     0, 8,18:36:53,18:37:03,    10, 31.70, 41.10, -9.40
  12706700,  7109, 1,18:36:58,18:37:46,    48, 41.30, 27.80, 13.50
  13008866,     0, 8,18:37:48,18:37:56,     8, 41.10, 41.00,  0.10
         0,     0, 1,18:37:54,18:38:06,    12, 27.80, 41.20,-13.40
  13008866,     0, 8,18:38:08,18:38:11,     3, 41.00, 41.00,  0.00
  13008858,     0, 8,18:38:55,18:39:22,    27, 41.00, 40.70,  0.30
  13008835,     0, 7,18:36:36,18:39:32,   176, 41.30, 41.00,  0.30
  12448432,  6045, 2,18:37:52,18:40:22,   150, 43.90, 34.60,  9.30
         0,     0, 2,18:40:30,18:40:38,     8, 34.60, 43.90, -9.30
  12200042,  5096, 3,18:39:21,18:41:51,   150, 46.70, 30.40, 16.30
         0,     0, 3,18:41:58,18:42:11,    13, 30.40, 30.30,  0.10
  12706639,  7048, 2,18:41:15,18:42:15,    60, 43.90, 43.90,  0.00
  13008866,     0, 8,18:42:56,18:42:58,     2, 40.50, 40.50,  0.00
  12448451,  6064, 2,18:43:23,18:44:19,    56, 43.90, 43.90,  0.00
  13008842,  8083, 3,18:43:47,18:45:11,    84, 46.10, 36.30,  9.80
         0,     0, 3,18:45:20,18:45:28,     8, 36.30, 36.30,  0.00
  12706639,  7048, 1,18:42:56,18:45:58,   182, 41.20, 24.20, 17.00
         0,     0, 1,18:46:05,18:46:21,    16, 24.20, 41.30,-17.10
  13008835,     0, 8,18:46:26,18:46:28,     2, 40.40, 40.40,  0.00
  12706634,     0,10,18:46:07,18:46:29,    22, 41.00, 36.60,  4.40
  13008842,  8083, 3,18:45:52,18:46:38,    46, 46.00, 41.90,  4.10
         0,     0,10,18:46:38,18:46:42,     4, 36.60, 41.20, -4.60
         0,     0, 3,18:46:46,18:46:49,     3, 41.90, 46.40, -4.50
  12448451,  6064, 2,18:44:33,18:47:13,   160, 43.80, 43.70,  0.10
  12706707,  7116, 1,18:46:43,18:48:16,    93, 41.30, 31.10, 10.20
  13008835,     0, 8,18:48:12,18:48:17,     5, 40.50, 40.40,  0.10
         0,     0, 1,18:48:25,18:48:34,     9, 31.10, 41.20,-10.10
  12706727,  7136, 2,18:47:37,18:48:40,    63, 43.70, 41.80,  1.90
         0,     0, 2,18:48:48,18:48:48,     0, 41.80, 43.70, -1.90
  12448451,  6064, 3,18:49:56,18:53:10,   194, 46.40, 24.10, 22.30
         0,     0, 3,18:53:18,18:53:36,    18, 24.10, 23.90,  0.20
  13008797,     0, 8,18:54:39,18:55:41,    62, 40.40, 39.70,  0.70
  12448479,  6092, 2,18:54:34,18:55:48,    74, 43.60, 39.80,  3.80
         0,     0, 8,18:55:50,18:55:51,     1, 39.70, 40.90, -1.20
         0,     0, 2,18:55:55,18:55:58,     3, 39.80, 43.90, -4.10
  13008858,     0, 7,18:39:42,18:55:58,   976, 41.00, 30.10, 10.90
         0,     0, 7,18:56:06,18:56:13,     7, 30.10, 30.50, -0.40
  12448479,  6092, 1,18:55:52,18:56:28,    36, 41.20, 32.90,  8.30
         0,     0, 1,18:56:36,18:56:43,     7, 32.90, 41.20, -8.30
  12706705,  7114, 4,18:57:06,18:59:20,   134, 43.30, 27.30, 16.00
         0,     0, 4,18:59:28,18:59:43,    15, 27.30, 43.40,-16.10
  12200010,  5064, 1,19:00:11,19:01:24,    73, 41.20, 28.60, 12.60
         0,     0, 1,19:01:32,19:01:44,    12, 28.60, 41.30,-12.70
  12706645,     0, 6,18:21:20,19:04:06,  2566, 40.10, 20.20, 19.90
  12706634,     0,10,19:04:03,19:04:11,     8, 41.10, 39.60,  1.50
         0,     0,10,19:04:20,19:04:21,     1, 39.60, 41.10, -1.50
         0,     0, 6,19:04:14,19:04:37,    23, 20.20, 41.50,-21.30
  12706624,  7033, 8,19:04:33,19:04:40,     7, 36.00, 36.00,  0.00
         0,     0, 8,19:04:47,19:04:52,     5, 36.00, 41.10, -5.10
  12706634,     0, 9,19:04:42,19:05:24,    42, 41.10, 34.90,  6.20
         0,     0, 9,19:05:33,19:05:41,     8, 34.90, 41.10, -6.20
  21268104,  6062, 2,19:05:00,19:06:19,    79, 43.90, 35.60,  8.30
         0,     0, 2,19:06:27,19:06:34,     7, 35.60, 44.00, -8.40
  13008797,     0, 7,18:57:58,19:10:03,   725, 41.40, 40.30,  1.10
  12200048,     0, 8,19:10:30,19:10:35,     5, 41.00, 41.10, -0.10
  12199977,     0, 9,19:10:32,19:11:44,    72, 41.10, 33.60,  7.50
         0,     0, 9,19:11:52,19:12:01,     9, 33.60, 41.00, -7.40
  11953996,  4026, 1,19:10:32,19:13:41,   189, 41.30, 18.30, 23.00
         0,     0, 1,19:13:48,19:14:09,    21, 18.30, 41.30,-23.00
  12200064,  5118, 4,19:11:18,19:14:51,   213, 44.10, 28.10, 16.00
         0,     0, 4,19:14:59,19:15:13,    14, 28.10, 43.30,-15.20
  12706636,  7045, 1,19:15:17,19:16:49,    92, 41.30, 29.60, 11.70
         0,     0, 1,19:16:56,19:17:06,    10, 29.60, 41.20,-11.60
  12200048,     0, 8,19:14:49,19:18:10,   201, 28.90, 18.80, 10.10
         0,     0, 8,19:18:19,19:18:43,    24, 18.80, 41.10,-22.30
  12200010,  5064, 1,19:19:14,19:20:03,    49, 41.20, 34.30,  6.90
         0,     0, 1,19:20:10,19:20:16,     6, 34.30, 41.30, -7.00
  12706624,  7033, 8,19:19:44,19:21:09,    85, 41.10, 37.50,  3.60
         0,     0, 8,19:21:18,19:21:21,     3, 37.50, 41.00, -3.50
  12706624,  7033, 8,19:21:39,19:22:02,    23, 41.00, 39.10,  1.90
         0,     0, 8,19:22:11,19:22:12,     1, 39.10, 41.00, -1.90
  12448521,     0, 9,19:22:28,19:22:55,    27, 41.00, 39.80,  1.20
         0,     0, 9,19:23:03,19:23:04,     1, 39.80, 41.00, -1.20
  12448474,  6087, 3,19:22:13,19:23:52,    99, 46.60, 33.30, 13.30
  12448521,     0, 9,19:23:29,19:23:53,    24, 40.40, 40.40,  0.00
  12200042,  5096, 4,19:22:30,19:23:58,    88, 43.50, 30.80, 12.70
         0,     0, 3,19:23:59,19:24:10,    11, 33.30, 33.30,  0.00
         0,     0, 4,19:24:05,19:24:17,    12, 30.80, 43.30,-12.50
  13008835,     0, 8,19:23:22,19:25:55,   153, 40.80, 29.10, 11.70
         0,     0, 8,19:26:03,19:26:15,    12, 29.10, 41.00,-11.90
  12448428,  6041, 3,19:26:12,19:27:01,    49, 46.60, 37.50,  9.10
         0,     0, 3,19:27:09,19:27:16,     7, 37.50, 37.30,  0.20
  13008848,     0, 7,19:26:55,19:29:24,   149, 40.30, 40.10,  0.20
  13008833,     0, 8,19:27:45,19:30:11,   146, 40.90, 22.90, 18.00
  12706669,  7078, 2,19:27:54,19:30:21,   147, 43.90, 33.50, 10.40
         0,     0, 8,19:30:20,19:30:39,    19, 22.90, 23.00, -0.10
         0,     0, 2,19:30:30,19:30:39,     9, 33.50, 43.90,-10.40
  13008798,     0, 8,19:30:57,19:32:21,    84, 41.00, 32.40,  8.60
  21268825,  6068, 1,19:30:27,19:32:28,   121, 41.30, 30.40, 10.90
         0,     0, 8,19:32:30,19:32:39,     9, 32.40, 32.50, -0.10
         0,     0, 1,19:32:35,19:32:45,    10, 30.40, 41.30,-10.90
  13008798,     0, 8,19:32:49,19:33:35,    46, 41.10, 32.90,  8.20
         0,     0, 8,19:33:43,19:33:51,     8, 32.90, 41.10, -8.20
  11499202,     0, 8,19:35:22,19:36:39,    77, 40.60, 30.80,  9.80
         0,     0, 8,19:36:48,19:36:58,    10, 30.80, 30.90, -0.10
  12448412,  6025, 1,19:32:55,19:37:24,   269, 41.30, 20.60, 20.70
         0,     0, 1,19:37:32,19:37:51,    19, 20.60, 20.70, -0.10
  13008842,  8083, 2,19:37:22,19:39:24,   122, 43.80, 26.00, 17.80
         0,     0, 2,19:39:31,19:39:47,    16, 26.00, 43.90,-17.90
  12448448,  6061, 4,19:39:19,19:40:52,    93, 43.80, 43.80,  0.00
  12706659,  7068, 2,19:39:59,19:41:09,    70, 43.90, 33.70, 10.20
         0,     0, 2,19:41:17,19:41:26,     9, 33.70, 43.90,-10.20
  13323420,     0,10,19:41:27,19:41:39,    12, 39.80, 38.90,  0.90
         0,     0,10,19:41:47,19:41:49,     2, 38.90, 41.30, -2.40
  12706646,     0, 6,19:04:47,19:43:11,  2304, 41.50, 31.60,  9.90
         0,     0, 6,19:43:19,19:43:28,     9, 31.60, 41.00, -9.40
  13323420,     0,10,19:43:57,19:44:09,    12, 41.30, 39.10,  2.20
         0,     0,10,19:44:17,19:44:18,     1, 39.10, 41.20, -2.10
  12448448,  6061, 4,19:41:39,19:46:16,   277, 43.90, 23.90, 20.00
  13323420,     0,10,19:46:11,19:46:19,     8, 41.20, 40.10,  1.10
         0,     0, 4,19:46:24,19:46:43,    19, 23.90, 43.30,-19.40
  12448448,  6061, 3,19:46:24,19:47:20,    56, 46.70, 39.10,  7.60
         0,     0, 3,19:47:28,19:47:34,     6, 39.10, 39.40, -0.30
  12448432,  6045, 1,19:46:27,19:48:11,   104, 41.20, 31.40,  9.80
         0,     0, 1,19:48:18,19:48:27,     9, 31.40, 31.60, -0.20
  13008839,     0, 8,19:50:52,19:50:57,     5, 41.00, 41.00,  0.00
  12706636,  7045, 2,19:50:39,19:51:30,    51, 43.90, 33.20, 10.70
         0,     0, 2,19:51:39,19:51:48,     9, 33.20, 43.90,-10.70
  11954056,     0,10,19:52:24,19:52:25,     1, 40.10, 40.10,  0.00
  13008839,     0, 8,19:51:13,19:53:20,   127, 41.00, 37.00,  4.00
         0,     0, 8,19:53:27,19:53:31,     4, 37.00, 41.10, -4.10
  21306958,  5124,10,19:53:27,19:53:55,    28, 40.10, 40.00,  0.10
         0,     0,10,19:54:02,19:54:02,     0, 40.00, 40.90, -0.90
  13008839,     0, 8,19:53:44,19:55:11,    87, 40.40, 30.80,  9.60
         0,     0, 8,19:55:20,19:55:30,    10, 30.80, 41.20,-10.40
  12200046,  5100, 1,19:56:12,19:57:18,    66, 41.30, 29.00, 12.30
         0,     0, 1,19:57:25,19:57:36,    11, 29.00, 29.20, -0.20
  13008826,     0, 7,19:29:42,20:02:38,  1976, 40.10, 17.30, 22.80
         0,     0, 7,20:02:45,20:03:00,    15, 17.30, 17.30,  0.00
  21306958,  5124,10,20:05:12,20:05:22,    10, 40.90, 40.80,  0.10
  21306958,  5124, 9,20:05:26,20:07:13,   107, 40.40, 36.60,  3.80
         0,     0, 9,20:07:22,20:07:27,     5, 36.60, 41.00, -4.40
  12706738,  7147, 2,20:13:53,20:15:58,   125, 43.90, 29.20, 14.70
         0,     0, 2,20:16:07,20:16:20,    13, 29.20, 43.90,-14.70
  12448442,  6055, 7,20:06:15,20:17:34,   679, 41.50, 33.50,  8.00
         0,     0, 7,20:17:41,20:17:45,     4, 33.50, 33.60, -0.10
  12448454,  6067, 4,20:17:49,20:19:19,    90, 43.80, 33.70, 10.10
         0,     0, 4,20:19:26,20:19:35,     9, 33.70, 43.30, -9.60
  12448415,     0,10,20:19:40,20:21:14,    94, 40.70, 33.00,  7.70
         0,     0,10,20:21:23,20:21:31,     8, 33.00, 41.20, -8.20
  12706624,  7033, 7,20:17:55,20:22:07,   252, 41.40, 38.00,  3.40
         0,     0, 7,20:22:15,20:22:17,     2, 38.00, 41.40, -3.40
  13008858,     0, 8,20:23:22,20:23:23,     1, 36.00, 36.00,  0.00
         0,     0, 8,20:23:31,20:23:36,     5, 36.00, 41.30, -5.30
  13008858,     0, 8,20:23:49,20:23:57,     8, 41.20, 41.20,  0.00
  12448428,  6041, 3,20:25:30,20:26:15,    45, 46.60, 35.10, 11.50
  13008858,     0, 8,20:24:21,20:26:15,   114, 40.90, 37.00,  3.90
         0,     0, 8,20:26:23,20:26:27,     4, 37.00, 40.60, -3.60
         0,     0, 3,20:26:22,20:26:31,     9, 35.10, 35.10,  0.00
  13008858,     0, 8,20:26:50,20:26:52,     2, 38.40, 38.40,  0.00
         0,     0, 8,20:27:00,20:27:02,     2, 38.40, 41.10, -2.70
  13008798,     0, 8,20:27:57,20:28:04,     7, 41.10, 41.10,  0.00
  13008848,     0, 8,20:29:49,20:30:52,    63, 40.90, 40.90,  0.00
  12199981,  5035, 3,20:29:26,20:31:23,   117, 46.70, 28.20, 18.50
         0,     0, 3,20:31:32,20:31:47,    15, 28.20, 27.90,  0.30
  13008848,     0, 8,20:31:56,20:31:58,     2, 40.30, 40.40, -0.10
  12706719,  7128, 5,20:29:38,20:32:39,   181, 40.80, 20.00, 20.80
         0,     0, 5,20:32:47,20:33:06,    19, 20.00, 40.90,-20.90
  13008848,     0, 8,20:32:36,20:34:14,    98, 40.30, 31.10,  9.20
  11953978,  4008, 1,20:32:53,20:34:17,    84, 41.30, 26.80, 14.50
         0,     0, 8,20:34:22,20:34:32,    10, 31.10, 41.10,-10.00
         0,     0, 1,20:34:25,20:34:39,    14, 26.80, 26.90, -0.10
  12706622,     0, 8,20:34:42,20:34:43,     1, 41.10, 41.10,  0.00
  13008848,     0, 7,20:28:09,20:34:47,   398, 41.40, 41.30,  0.10
  13008848,     0, 8,20:35:23,20:35:47,    24, 41.20, 41.10,  0.10
  12448521,     0,10,20:36:27,20:37:01,    34, 41.20, 36.70,  4.50
         0,     0,10,20:37:09,20:37:13,     4, 36.70, 41.20, -4.50
         0,     0,10,20:37:42,20:37:45,     3, 37.90, 41.10, -3.20
  11953996,  4026, 2,20:36:45,20:38:23,    98, 43.90, 28.70, 15.20
         0,     0, 2,20:38:32,20:38:46,    14, 28.70, 43.90,-15.20
  12706622,     0, 7,20:35:03,20:39:30,   267, 41.30, 29.50, 11.80
         0,     0, 7,20:39:38,20:39:44,     6, 29.50, 40.10,-10.60
  12706636,  7045, 1,20:41:58,20:43:06,    68, 41.20, 33.20,  8.00
         0,     0, 1,20:43:14,20:43:21,     7, 33.20, 41.20, -8.00
  21306958,  5124, 9,20:43:34,20:44:52,    78, 41.00, 40.60,  0.40
  13008836,     0, 9,20:45:03,20:45:05,     2, 40.60, 40.60,  0.00
  13008836,     0,10,20:46:59,20:47:00,     1, 41.00, 41.10, -0.10
  12706616,  7025, 3,20:45:26,20:47:21,   115, 46.50, 33.10, 13.40
         0,     0, 3,20:47:29,20:47:40,    11, 33.10, 33.00,  0.10
  13008836,     0, 9,20:47:08,20:47:53,    45, 40.60, 40.40,  0.20
  13008836,     0, 9,20:48:02,20:48:52,    50, 40.40, 39.70,  0.70
  12448473,  6086, 2,20:47:43,20:48:57,    74, 43.90, 31.50, 12.40
         0,     0, 9,20:49:01,20:49:02,     1, 39.70, 40.50, -0.80
         0,     0, 2,20:49:05,20:49:16,    11, 31.50, 43.90,-12.40
  13008836,     0, 9,20:49:23,20:49:56,    33, 38.90, 33.40,  5.50
         0,     0, 9,20:50:05,20:50:15,    10, 33.40, 41.00, -7.60
  13008798,     0, 7,20:39:59,20:52:01,   722, 38.90, 29.60,  9.30
         0,     0, 7,20:52:09,20:52:16,     7, 29.60, 29.60,  0.00
  12448454,  6067, 2,20:56:36,20:57:43,    67, 43.90, 39.60,  4.30
         0,     0, 2,20:57:52,20:57:55,     3, 39.60, 43.90, -4.30
  12448442,  6055, 7,20:52:37,20:58:32,   355, 40.10, 40.10,  0.00
  12448454,  6067, 1,20:58:12,20:58:44,    32, 41.20, 35.80,  5.40
         0,     0, 1,20:58:52,20:58:56,     4, 35.80, 41.30, -5.50
  12448477,  6090, 3,20:58:57,21:01:06,   129, 46.70, 34.50, 12.20
         0,     0, 3,21:01:13,21:01:23,    10, 34.50, 34.30,  0.20
  12448477,  6090, 3,21:01:42,21:02:00,    18, 46.50, 43.30,  3.20
         0,     0, 3,21:02:09,21:02:11,     2, 43.30, 46.50, -3.20
  12706727,  7136, 1,21:01:26,21:02:40,    74, 41.30, 26.60, 14.70
         0,     0, 1,21:02:48,21:03:01,    13, 26.60, 41.30,-14.70
  11954027,  4057, 1,21:10:34,21:12:14,   100, 41.30, 24.10, 17.20
         0,     0, 1,21:12:21,21:12:37,    16, 24.10, 24.30, -0.20
  12448479,  6092, 2,21:11:22,21:12:54,    92, 43.90, 36.60,  7.30
         0,     0, 2,21:13:02,21:13:08,     6, 36.60, 43.90, -7.30
  21306958,  5124, 9,21:11:15,21:14:08,   173, 41.00, 37.70,  3.30
         0,     0, 9,21:14:17,21:14:21,     4, 37.70, 41.00, -3.30
  11954027,  4057, 1,21:13:44,21:14:25,    41, 41.20, 38.60,  2.60
         0,     0, 1,21:14:33,21:14:35,     2, 38.60, 41.40, -2.80
  11953978,  4008, 2,21:19:29,21:20:13,    44, 43.80, 34.10,  9.70
         0,     0, 2,21:20:21,21:20:29,     8, 34.10, 44.00, -9.90
  13008742,  7163, 1,21:20:16,21:20:31,    15, 41.40, 41.30,  0.10
  13008742,  7163, 1,21:20:40,21:21:11,    31, 41.30, 41.10,  0.20
  12448437,  6050,10,21:19:29,21:22:59,   210, 41.00, 33.70,  7.30
         0,     0,10,21:23:08,21:23:15,     7, 33.70, 41.20, -7.50
  13008779,     0, 9,21:21:31,21:23:49,   138, 41.00, 32.90,  8.10
         0,     0, 9,21:23:57,21:24:07,    10, 32.90, 40.90, -8.00
  13008742,  7163, 2,21:21:20,21:24:27,   187, 44.00, 28.80, 15.20
         0,     0, 2,21:24:36,21:24:50,    14, 28.80, 43.80,-15.00
  11954050,  4080, 5,21:26:30,21:27:15,    45, 40.80, 39.20,  1.60
         0,     0, 5,21:27:22,21:27:23,     1, 39.20, 41.00, -1.80
  11954050,  4080, 5,21:27:33,21:28:03,    30, 41.00, 38.00,  3.00
         0,     0, 5,21:28:11,21:28:13,     2, 38.00, 41.00, -3.00
  12706622,     0, 8,21:32:07,21:32:49,    42, 41.10, 40.80,  0.30
  12706622,     0, 8,21:33:05,21:34:32,    87, 40.80, 40.50,  0.30
  12706642,  7051, 7,20:58:44,21:34:39,  2155, 40.10, 27.10, 13.00
         0,     0, 7,21:34:46,21:34:55,     9, 27.10, 41.30,-14.20
  21268104,  6062, 2,21:32:50,21:35:27,   157, 43.90, 32.10, 11.80
  12448416,  6029, 3,21:32:55,21:35:40,   165, 46.80, 25.50, 21.30
         0,     0, 2,21:35:35,21:35:45,    10, 32.10, 43.90,-11.80
         0,     0, 3,21:35:48,21:36:05,    17, 25.50, 25.50,  0.00
  12706637,  7046, 4,21:33:51,21:36:17,   146, 43.70, 27.70, 16.00
  11954050,  4080, 1,21:35:52,21:36:28,    36, 41.10, 40.10,  1.00
         0,     0, 4,21:36:25,21:36:40,    15, 27.70, 43.30,-15.60
  11954050,  4080, 1,21:36:40,21:38:20,   100, 40.10, 25.70, 14.40
         0,     0, 1,21:38:27,21:38:41,    14, 25.70, 25.80, -0.10
  12706609,  7018, 8,21:38:48,21:39:48,    60, 40.60, 31.30,  9.30
         0,     0, 8,21:39:55,21:40:05,    10, 31.30, 41.20, -9.90
  12706700,  7109, 3,21:41:44,21:42:44,    60, 46.20, 36.40,  9.80
         0,     0, 3,21:42:53,21:43:01,     8, 36.40, 36.60, -0.20
  12706707,  7116, 1,21:42:47,21:43:48,    61, 41.30, 34.20,  7.10
         0,     0, 1,21:43:56,21:44:02,     6, 34.20, 41.30, -7.10
  12706616,  7025, 5,21:45:05,21:46:10,    65, 40.90, 35.70,  5.20
         0,     0, 5,21:46:18,21:46:22,     4, 35.70, 40.90, -5.20
  12448473,  6086, 2,21:46:39,21:47:36,    57, 44.00, 35.20,  8.80
         0,     0, 2,21:47:45,21:47:52,     7, 35.20, 43.80, -8.60
  13323420,     0,10,21:47:43,21:47:58,    15, 41.10, 40.80,  0.30
  12706705,  7114, 3,21:47:24,21:50:02,   158, 46.30, 32.30, 14.00
         0,     0, 3,21:50:10,21:50:22,    12, 32.30, 32.20,  0.10
  12200046,  5100, 4,21:58:28,21:59:31,    63, 43.90, 34.90,  9.00
         0,     0, 4,21:59:40,21:59:48,     8, 34.90, 43.40, -8.50
  13008762,     0, 8,22:03:11,22:03:34,    23, 41.30, 41.30,  0.00
  13008762,     0, 8,22:04:26,22:05:16,    50, 41.30, 41.20,  0.10
  11724159,     0, 8,22:08:26,22:08:37,    11, 41.20, 40.00,  1.20
         0,     0, 8,22:08:46,22:08:46,     0, 40.00, 40.60, -0.60
  12448479,  6092, 4,22:07:12,22:08:50,    98, 43.40, 35.10,  8.30
         0,     0, 4,22:08:58,22:09:06,     8, 35.10, 43.40, -8.30
  11724159,     0, 8,22:09:03,22:09:20,    17, 39.70, 38.90,  0.80
         0,     0, 8,22:09:28,22:09:30,     2, 38.90, 41.20, -2.30
  11724159,     0, 8,22:10:27,22:11:03,    36, 39.50, 29.20, 10.30
         0,     0, 8,22:11:11,22:11:23,    12, 29.20, 41.20,-12.00
  12706667,     0, 6,19:43:54,22:12:30,  8916, 40.20, 31.90,  8.30
         0,     0, 6,22:12:39,22:12:48,     9, 31.90, 41.50, -9.60
  13008842,  8083, 1,22:18:51,22:21:19,   148, 41.30, 29.10, 12.20
         0,     0, 1,22:21:28,22:21:39,    11, 29.10, 41.30,-12.20
  12706727,  7136, 2,22:22:24,22:23:31,    67, 43.70, 32.30, 11.40
         0,     0, 2,22:23:39,22:23:49,    10, 32.30, 44.00,-11.70
  12706646,     0, 6,22:14:45,22:25:30,   645, 41.50, 36.30,  5.20
         0,     0, 6,22:25:38,22:25:42,     4, 36.30, 41.60, -5.30
  12448432,  6045, 5,22:27:36,22:31:50,   254, 40.90, 24.50, 16.40
         0,     0, 5,22:31:58,22:32:13,    15, 24.50, 40.90,-16.40
  13008742,  7163, 5,22:32:46,22:33:01,    15, 40.90, 40.90,  0.00
  12706669,  7078, 2,22:32:44,22:33:45,    61, 44.00, 32.40, 11.60
         0,     0, 2,22:33:52,22:34:02,    10, 32.40, 44.00,-11.60
  12706729,  7138, 4,22:36:21,22:37:39,    78, 43.60, 30.30, 13.30
         0,     0, 4,22:37:48,22:38:00,    12, 30.30, 43.30,-13.00
  12706719,  7128, 5,22:34:21,22:38:18,   237, 40.90, 28.30, 12.60
         0,     0, 5,22:38:26,22:38:38,    12, 28.30, 41.00,-12.70
  21304388,  6125, 2,22:37:34,22:40:08,   154, 44.00, 17.50, 26.50
         0,     0, 2,22:40:16,22:40:41,    25, 17.50, 43.90,-26.40
  12706706,  7115, 1,22:40:31,22:41:07,    36, 41.30, 34.80,  6.50
         0,     0, 1,22:41:15,22:41:20,     5, 34.80, 41.30, -6.50
  13008762,     0, 7,22:05:30,22:42:55,  2245, 41.30, 27.80, 13.50
  12706616,  7025, 3,22:42:22,22:42:56,    34, 46.50, 46.30,  0.20
         0,     0, 7,22:43:03,22:43:11,     8, 27.80, 41.40,-13.60
  12706616,  7025, 3,22:43:10,22:43:57,    47, 46.20, 36.50,  9.70
         0,     0, 3,22:44:05,22:44:13,     8, 36.50, 36.30,  0.20
  13008732,  7153, 4,22:44:01,22:46:23,   142, 43.80, 27.40, 16.40
         0,     0, 4,22:46:30,22:46:45,    15, 27.40, 43.40,-16.00
  13008732,  7153, 3,22:46:30,22:46:43,    13, 46.50, 44.10,  2.40
  12706639,  7048, 4,22:48:34,22:49:23,    49, 43.60, 42.60,  1.00
  12706609,  7018, 8,22:50:23,22:51:08,    45, 39.00, 35.80,  3.20
         0,     0, 8,22:51:16,22:51:21,     5, 35.80, 41.10, -5.30
  11954014,  4044, 3,22:50:15,22:51:37,    82, 44.10, 33.70, 10.40
  12706639,  7048, 4,22:49:54,22:51:38,   104, 42.70, 28.10, 14.60
         0,     0, 3,22:51:44,22:51:55,    11, 33.70, 33.60,  0.10
         0,     0, 4,22:51:47,22:52:02,    15, 28.10, 43.30,-15.20
  12199988,     0, 6,22:26:25,23:00:30,  2045, 40.20, 40.30, -0.10
  12200046,  5100, 3,23:00:19,23:00:56,    37, 46.50, 41.90,  4.60
         0,     0, 3,23:01:04,23:01:07,     3, 41.90, 46.40, -4.50
  21268825,  6068, 3,23:05:48,23:09:40,   232, 47.10, 33.00, 14.10
         0,     0, 3,23:09:47,23:09:58,    11, 33.00, 33.00,  0.00
  13008836,     0, 9,23:14:55,23:15:07,    12, 30.90, 30.90,  0.00
         0,     0, 9,23:15:14,23:15:27,    13, 30.90, 41.00,-10.10
  12448471,  6084, 1,23:14:08,23:15:51,   103, 41.30, 26.80, 14.50
         0,     0, 1,23:15:59,23:16:12,    13, 26.80, 41.20,-14.40
  13008836,     0, 9,23:16:00,23:16:57,    57, 40.90, 36.80,  4.10
         0,     0, 9,23:17:04,23:17:09,     5, 36.80, 41.10, -4.30
  11954014,  4044, 3,23:17:15,23:17:56,    41, 46.60, 40.80,  5.80
         0,     0, 3,23:18:04,23:18:08,     4, 40.80, 40.70,  0.10
  12448477,  6090, 2,23:19:02,23:19:26,    24, 43.90, 42.30,  1.60
  12448412,  6025, 1,23:28:12,23:34:29,   377, 41.20, 14.00, 27.20
         0,     0, 1,23:34:36,23:35:02,    26, 14.00, 41.30,-27.30
  12199986,     0, 9,23:34:42,23:35:41,    59, 41.10, 34.10,  7.00
         0,     0, 9,23:35:49,23:35:58,     9, 34.10, 41.00, -6.90
  12706669,  7078, 3,23:41:12,23:42:01,    49, 46.40, 33.60, 12.80
         0,     0, 3,23:42:09,23:42:19,    10, 33.60, 33.80, -0.20
  12706667,     0, 6,23:00:50,23:43:59,  2589, 40.30, 37.70,  2.60
  11724181,     0, 7,22:43:31,23:43:59,  3628, 41.20, 32.00,  9.20
  12448448,  6061, 4,23:41:04,23:43:59,   175, 43.80, 42.90,  0.90
         0,     0, 3,23:44:13,23:44:23,    10, 46.50, 46.50,  0.00
         0,     0, 5,23:44:13,23:44:23,    10, 41.00, 41.00,  0.00
         0,     0, 8,23:44:13,23:44:23,    10, 33.00, 33.00,  0.00
         0,     0, 9,23:44:13,23:44:23,    10, 41.10, 41.10,  0.00
         0,     0,10,23:44:13,23:44:23,    10, 40.00, 40.00,  0.00
         0,     0, 1,23:44:13,23:44:23,    10, 41.30, 41.30,  0.00
         0,     0, 2,23:44:13,23:44:23,    10, 42.30, 42.30,  0.00
         0,     0, 6,23:44:07,23:44:10,     3, 37.70, 41.40, -3.70
         0,     0, 7,23:44:07,23:44:13,     6, 32.00, 41.30, -9.30
