         0,     0, 3, 0:03:14, 0:03:24,    10, 45.30, 45.30,  0.00
         0,     0, 4, 0:03:14, 0:03:24,    10, 43.70, 43.70,  0.00
         0,     0, 6, 0:03:14, 0:03:24,    10, 41.40, 41.40,  0.00
         0,     0, 5, 0:03:14, 0:03:24,    10, 40.80, 40.80,  0.00
         0,     0, 7, 0:03:14, 0:03:24,    10, 40.90, 40.90,  0.00
         0,     0, 8, 0:03:14, 0:03:24,    10, 41.20, 41.20,  0.00
         0,     0, 9, 0:03:14, 0:03:24,    10, 41.10, 41.10,  0.00
         0,     0,10, 0:03:14, 0:03:24,    10, 35.30, 35.30,  0.00
         0,     0, 1, 0:03:14, 0:03:24,    10, 40.70, 40.70,  0.00
         0,     0, 2, 0:03:14, 0:03:24,    10, 43.90, 43.90,  0.00
  13323450,     0,10, 0:03:23, 0:03:24,     1, 35.30, 35.20,  0.10
         0,     0,10, 0:03:33, 0:03:39,     6, 35.20, 41.30, -6.10
  11953978,  4008, 2, 0:04:51, 0:06:54,   123, 43.80, 33.80, 10.00
         0,     0, 2, 0:07:02, 0:07:11,     9, 33.80, 43.90,-10.10
  11724239,  3139, 3, 0:03:42, 0:08:29,   287, 45.20, 27.30, 17.90
  13008765,     0,10, 0:08:06, 0:08:37,    31, 39.80, 37.30,  2.50
         0,     0,10, 0:08:45, 0:08:48,     3, 37.30, 41.20, -3.90
         0,     0, 3, 0:08:36, 0:08:53,    17, 27.30, 27.20,  0.10
  12448416,  6029, 2, 0:09:27, 0:11:15,   108, 43.90, 26.60, 17.30
         0,     0, 2, 0:11:23, 0:11:39,    16, 26.60, 43.90,-17.30
  12448449,  6062, 1, 0:11:28, 0:11:53,    25, 40.60, 40.60,  0.00
  12706636,  7045, 5, 0:11:40, 0:14:06,   146, 40.80, 23.80, 17.00
         0,     0, 5, 0:14:15, 0:14:31,    16, 23.80, 23.90, -0.10
  12448449,  6062, 2, 0:13:20, 0:16:33,   193, 44.00, 30.30, 13.70
         0,     0, 2, 0:16:40, 0:16:53,    13, 30.30, 43.90,-13.60
  12706669,  7078, 1, 0:16:51, 0:17:44,    53, 40.60, 31.10,  9.50
         0,     0, 1, 0:17:52, 0:18:01,     9, 31.10, 41.20,-10.10
  12199981,  5035, 1, 0:18:28, 0:18:33,     5, 41.30, 41.20,  0.10
  12199981,  5035, 2, 0:18:38, 0:19:28,    50, 44.00, 28.40, 15.60
         0,     0, 2, 0:19:35, 0:19:49,    14, 28.40, 43.90,-15.50
  12706624,  7033, 6, 0:05:15, 0:31:10,  1555, 41.30, 37.00,  4.30
         0,     0, 6, 0:31:18, 0:31:21,     3, 37.00, 41.40, -4.40
  12706686,  7095, 1, 0:29:46, 0:34:21,   275, 41.20, 26.00, 15.20
         0,     0, 1, 0:34:29, 0:34:43,    14, 26.00, 41.30,-15.30
  12199977,     0, 9, 0:36:56, 0:37:18,    22, 41.10, 41.00,  0.10
  12199977,     0, 9, 0:37:31, 0:38:57,    86, 40.80, 34.20,  6.60
         0,     0, 9, 0:39:04, 0:39:13,     9, 34.20, 41.10, -6.90
  21268104,  6067, 5, 0:38:49, 0:40:51,   122, 40.90, 33.50,  7.40
         0,     0, 5, 0:40:59, 0:41:05,     6, 33.50, 40.70, -7.20
  12448479,  6092, 3, 0:43:09, 0:45:53,   164, 46.10, 35.60, 10.50
         0,     0, 3, 0:46:02, 0:46:11,     9, 35.60, 35.50,  0.10
  12199981,  5035, 2, 0:46:08, 0:46:47,    39, 43.90, 34.20,  9.70
         0,     0, 2, 0:46:54, 0:47:02,     8, 34.20, 43.90, -9.70
  12706669,  7078, 2, 0:52:51, 0:53:52,    61, 44.00, 39.40,  4.60
         0,     0, 2, 0:53:59, 0:54:02,     3, 39.40, 43.90, -4.50
  13008836,     0, 7, 0:48:47, 0:56:13,   446, 40.90, 41.00, -0.10
  12448416,  6029, 3, 0:54:14, 0:58:08,   234, 45.90, 40.20,  5.70
         0,     0, 3, 0:58:16, 0:58:21,     5, 40.20, 40.40, -0.20
  12706651,  7060, 2, 1:04:02, 1:04:48,    46, 44.00, 43.70,  0.30
  12706669,  7078, 2, 1:05:01, 1:05:33,    32, 43.70, 40.00,  3.70
         0,     0, 2, 1:05:41, 1:05:43,     2, 40.00, 43.90, -3.90
  12706659,  7068, 4, 1:07:08, 1:11:10,   242, 43.00, 28.60, 14.40
         0,     0, 4, 1:11:17, 1:11:31,    14, 28.60, 43.40,-14.80
  12448449,  6062, 1, 1:11:10, 1:11:54,    44, 41.30, 39.00,  2.30
         0,     0, 1, 1:12:02, 1:12:03,     1, 39.00, 41.20, -2.20
  13008797,     0, 6, 0:55:01, 1:13:07,  1086, 24.90, 15.90,  9.00
  12448449,  6062, 2, 1:12:07, 1:13:15,    68, 43.90, 34.50,  9.40
         0,     0, 2, 1:13:23, 1:13:31,     8, 34.50, 43.90, -9.40
         0,     0, 6, 1:13:15, 1:13:39,    24, 15.90, 41.40,-25.50
  11724159,     0, 6, 1:14:06, 1:20:08,   362, 41.40, 41.50, -0.10
  13008837,     0, 7, 0:56:49, 1:24:41,  1672, 40.80, 25.40, 15.40
         0,     0, 7, 1:24:49, 1:24:59,    10, 25.40, 25.50, -0.10
  13008836,     0, 8, 1:41:32, 1:41:38,     6, 40.90, 40.90,  0.00
  12199986,     0, 8, 2:01:10, 2:01:33,    23, 40.90, 40.70,  0.20
  12706726,  7135, 5, 2:03:42, 2:06:12,   150, 40.80, 24.60, 16.20
         0,     0, 5, 2:06:20, 2:06:35,    15, 24.60, 40.90,-16.30
  13323450,     0, 9, 2:08:13, 2:10:44,   151, 41.10, 33.80,  7.30
         0,     0, 9, 2:10:51, 2:11:00,     9, 33.80, 41.10, -7.30
  12199986,     0, 8, 2:12:46, 2:14:11,    85, 40.70, 33.20,  7.50
         0,     0, 8, 2:14:19, 2:14:27,     8, 33.20, 41.20, -8.00
  12706700,  7109, 3, 2:14:30, 2:15:30,    60, 45.20, 39.00,  6.20
         0,     0, 3, 2:15:38, 2:15:44,     6, 39.00, 39.20, -0.20
  12706655,  7064, 2, 2:10:34, 2:16:03,   329, 44.00, 29.10, 14.90
         0,     0, 2, 2:16:11, 2:16:24,    13, 29.10, 43.90,-14.80
  12200042,  5096, 3, 2:16:23, 2:16:49,    26, 46.20, 46.20,  0.00
  12200042,  5096, 2, 2:18:01, 2:18:49,    48, 44.00, 43.90,  0.10
  12200042,  5096, 1, 2:20:08, 2:22:26,   138, 41.20, 27.70, 13.50
         0,     0, 1, 2:22:34, 2:22:46,    12, 27.70, 41.30,-13.60
  11724159,     0, 6, 1:41:32, 2:30:59,  2967, 41.50, 31.60,  9.90
         0,     0, 6, 2:31:07, 2:31:16,     9, 31.60, 41.50, -9.90
  12448428,  6041, 3, 2:39:01, 2:39:18,    17, 45.70, 43.70,  2.00
         0,     0, 3, 2:39:26, 2:39:27,     1, 43.70, 46.00, -2.30
  11954075,  4105, 2, 2:44:06, 2:45:08,    62, 43.80, 33.30, 10.50
         0,     0, 2, 2:45:17, 2:45:26,     9, 33.30, 44.00,-10.70
  13323358,     0,10, 2:52:49, 2:54:01,    72, 40.50, 32.10,  8.40
         0,     0,10, 2:54:09, 2:54:18,     9, 32.10, 41.20, -9.10
  12706616,  7025, 1, 3:14:21, 3:16:17,   116, 41.30, 24.50, 16.80
         0,     0, 1, 3:16:25, 3:16:40,    15, 24.50, 41.30,-16.80
  12706686,  7095, 5, 3:11:06, 3:16:42,   336, 40.90, 35.20,  5.70
         0,     0, 5, 3:16:51, 3:16:56,     5, 35.20, 40.80, -5.60
  12706650,  7059, 5, 3:59:36, 4:00:43,    67, 40.90, 35.80,  5.10
         0,     0, 5, 4:00:50, 4:00:55,     5, 35.80, 40.90, -5.10
  12706705,  7114, 2, 4:20:22, 4:24:35,   253, 44.00, 31.00, 13.00
         0,     0, 2, 4:24:42, 4:24:53,    11, 31.00, 43.90,-12.90
  12448409,  6022, 2, 4:30:20, 4:30:28,     8, 44.00, 44.00,  0.00
  12448409,  6022, 2, 4:30:47, 4:34:16,   209, 44.00, 23.20, 20.80
         0,     0, 2, 4:34:23, 4:34:43,    20, 23.20, 44.00,-20.80
  12706669,  7078, 1, 5:59:45, 6:01:00,    75, 41.30, 24.90, 16.40
         0,     0, 1, 6:01:08, 6:01:23,    15, 24.90, 41.30,-16.40
  12448473,  6086, 2, 6:01:32, 6:03:40,   128, 44.00, 24.60, 19.40
         0,     0, 2, 6:03:49, 6:04:07,    18, 24.60, 44.00,-19.40
  21268104,  6067, 4, 6:00:28, 6:04:05,   217, 43.70, 25.80, 17.90
         0,     0, 4, 6:04:13, 6:04:30,    17, 25.80, 43.50,-17.70
  12706669,  7078, 1, 6:04:45, 6:05:12,    27, 41.20, 41.20,  0.00
  12706669,  7078, 2, 6:05:34, 6:06:18,    44, 44.00, 42.90,  1.10
  13008732,  7153, 5, 6:05:39, 6:09:01,   202, 40.90, 20.40, 20.50
         0,     0, 5, 6:09:08, 6:09:27,    19, 20.40, 40.80,-20.40
  12200007,  5061, 2, 6:07:57, 6:09:26,    89, 42.90, 32.80, 10.10
         0,     0, 2, 6:09:34, 6:09:44,    10, 32.80, 43.90,-11.10
  13008735,  7156, 5, 6:09:38, 6:11:07,    89, 40.80, 35.20,  5.60
         0,     0, 5, 6:11:15, 6:11:20,     5, 35.20, 41.00, -5.80
  12448416,  6029, 4, 6:09:54, 6:12:28,   154, 44.10, 26.30, 17.80
         0,     0, 4, 6:12:36, 6:12:52,    16, 26.30, 43.30,-17.00
  11953978,  4008, 2, 6:11:50, 6:12:57,    67, 43.90, 36.20,  7.70
         0,     0, 2, 6:13:05, 6:13:11,     6, 36.20, 43.90, -7.70
  12706707,  7116, 2, 6:13:21, 6:14:25,    64, 43.80, 35.60,  8.20
         0,     0, 2, 6:14:34, 6:14:41,     7, 35.60, 43.90, -8.30
  12706727,  7136, 1, 6:15:13, 6:16:27,    74, 41.20, 29.60, 11.60
         0,     0, 1, 6:16:34, 6:16:45,    11, 29.60, 41.30,-11.70
  12706651,  7060, 4, 6:16:38, 6:18:40,   122, 43.60, 31.40, 12.20
         0,     0, 4, 6:18:48, 6:18:59,    11, 31.40, 43.30,-11.90
  12706710,  7119, 2, 6:17:58, 6:20:41,   163, 43.90, 28.30, 15.60
         0,     0, 2, 6:20:49, 6:21:04,    15, 28.30, 44.00,-15.70
  12706738,  7147, 1, 6:21:07, 6:23:35,   148, 41.20, 23.40, 17.80
         0,     0, 1, 6:23:44, 6:24:01,    17, 23.40, 41.30,-17.90
  12706639,  7048, 2, 6:21:58, 6:24:28,   150, 44.00, 25.90, 18.10
         0,     0, 2, 6:24:37, 6:24:55,    18, 25.90, 44.00,-18.10
  12706637,  7046, 1, 6:25:04, 6:26:16,    72, 41.30, 40.00,  1.30
         0,     0, 1, 6:26:24, 6:26:24,     0, 40.00, 40.70, -0.70
  12706637,  7046, 3, 6:26:52, 6:28:26,    94, 45.30, 28.70, 16.60
         0,     0, 3, 6:28:34, 6:28:50,    16, 28.70, 28.60,  0.10
  13008735,  7156, 4, 6:29:40, 6:30:55,    75, 43.20, 39.70,  3.50
         0,     0, 4, 6:31:03, 6:31:06,     3, 39.70, 43.30, -3.60
  12448471,  6084, 3, 6:34:08, 6:36:04,   116, 46.20, 30.30, 15.90
         0,     0, 3, 6:36:12, 6:36:27,    15, 30.30, 46.10,-15.80
  12448483,  6096, 1, 6:35:02, 6:38:31,   209, 40.70, 13.00, 27.70
         0,     0, 1, 6:38:39, 6:39:05,    26, 13.00, 41.30,-28.30
  12706701,  7110, 3, 6:39:12, 6:42:25,   193, 45.70, 35.80,  9.90
         0,     0, 3, 6:42:33, 6:42:42,     9, 35.80, 35.70,  0.10
  11499161,  2051, 3, 6:43:36, 6:47:29,   233, 46.10, 30.60, 15.50
         0,     0, 3, 6:47:38, 6:47:52,    14, 30.60, 30.30,  0.30
  12706650,  7059, 4, 6:47:43, 6:49:14,    91, 43.20, 34.10,  9.10
         0,     0, 4, 6:49:22, 6:49:31,     9, 34.10, 43.50, -9.40
  11724239,  3139, 1, 6:48:39, 6:52:40,   241, 41.30, 26.50, 14.80
         0,     0, 1, 6:52:47, 6:53:00,    13, 26.50, 41.20,-14.70
  13008756,  7115, 2, 6:51:58, 6:53:41,   103, 44.00, 25.50, 18.50
         0,     0, 2, 6:53:49, 6:54:07,    18, 25.50, 43.90,-18.40
  12200046,  5100, 4, 6:53:51, 6:54:31,    40, 43.70, 38.20,  5.50
         0,     0, 4, 6:54:39, 6:54:44,     5, 38.20, 43.40, -5.20
  12200007,  5061, 4, 6:55:13, 6:57:05,   112, 43.20, 26.10, 17.10
         0,     0, 4, 6:57:14, 6:57:30,    16, 26.10, 43.40,-17.30
  13008742,  7163, 2, 6:58:29, 6:59:00,    31, 44.00, 43.80,  0.20
  13008742,  7163, 2, 6:59:09, 7:03:02,   233, 43.80, 30.50, 13.30
         0,     0, 2, 7:03:10, 7:03:23,    13, 30.50, 43.90,-13.40
  12706707,  7116, 2, 7:04:29, 7:05:14,    45, 44.00, 41.40,  2.60
         0,     0, 2, 7:05:23, 7:05:24,     1, 41.40, 43.90, -2.50
  12706707,  7116, 2, 7:05:39, 7:06:17,    38, 43.90, 37.80,  6.10
         0,     0, 2, 7:06:24, 7:06:29,     5, 37.80, 43.90, -6.10
  12448477,  6090, 3, 7:11:18, 7:12:00,    42, 46.10, 44.20,  1.90
  12706651,  7060, 5, 7:10:52, 7:12:35,   103, 40.90, 29.70, 11.20
         0,     0, 5, 7:12:43, 7:12:54,    11, 29.70, 40.90,-11.20
  12448477,  6090, 4, 7:12:53, 7:13:14,    21, 43.80, 40.60,  3.20
         0,     0, 4, 7:13:23, 7:13:25,     2, 40.60, 43.10, -2.50
  21268825,  6087, 3, 7:13:07, 7:13:25,    18, 42.70, 44.20, -1.50
  12448477,  6090, 4, 7:14:28, 7:15:01,    33, 43.20, 40.10,  3.10
         0,     0, 4, 7:15:09, 7:15:12,     3, 40.10, 43.00, -2.90
  21268825,  6087, 3, 7:13:49, 7:16:34,   165, 44.20, 20.70, 23.50
         0,     0, 3, 7:16:43, 7:17:06,    23, 20.70, 28.40, -7.70
  12448473,  6086, 1, 7:16:14, 7:17:28,    74, 41.20, 32.50,  8.70
         0,     0, 1, 7:17:36, 7:17:44,     8, 32.50, 41.20, -8.70
  12706659,  7068, 2, 7:19:01, 7:27:18,   497, 43.90, 22.40, 21.50
         0,     0, 2, 7:27:26, 7:27:47,    21, 22.40, 44.00,-21.60
  11954050,  4080, 1, 7:28:40, 7:30:39,   119, 41.20, 26.70, 14.50
         0,     0, 1, 7:30:47, 7:31:00,    13, 26.70, 41.30,-14.60
  11724239,  3139, 1, 7:31:48, 7:35:05,   197, 41.30, 33.30,  8.00
         0,     0, 1, 7:35:13, 7:35:20,     7, 33.30, 41.30, -8.00
  12448483,  6096, 2, 7:35:39, 7:37:41,   122, 44.00, 39.00,  5.00
         0,     0, 2, 7:37:49, 7:37:53,     4, 39.00, 44.00, -5.00
  13008756,  7115, 2, 7:38:04, 7:38:57,    53, 43.90, 29.00, 14.90
  12448483,  6096, 1, 7:38:17, 7:39:12,    55, 41.30, 24.60, 16.70
         0,     0, 2, 7:39:04, 7:39:18,    14, 29.00, 43.90,-14.90
         0,     0, 1, 7:39:20, 7:39:36,    16, 24.60, 41.20,-16.60
  12706686,  7095, 3, 7:44:15, 7:49:00,   285, 46.20, 29.70, 16.50
         0,     0, 3, 7:49:09, 7:49:24,    15, 29.70, 46.20,-16.50
  12448477,  6090, 4, 7:49:25, 7:50:28,    63, 42.90, 36.10,  6.80
         0,     0, 4, 7:50:36, 7:50:43,     7, 36.10, 43.40, -7.30
  12448479,  6092, 3, 7:52:28, 7:54:24,   116, 46.30, 38.50,  7.80
         0,     0, 3, 7:54:33, 7:54:39,     6, 38.50, 46.20, -7.70
  12448479,  6092, 4, 7:54:38, 7:54:45,     7, 44.20, 42.40,  1.80
  12448479,  6092, 3, 7:55:22, 7:57:09,   107, 46.00, 30.60, 15.40
  12448451,  6064, 4, 7:55:43, 7:57:21,    98, 42.60, 42.30,  0.30
         0,     0, 3, 7:57:18, 7:57:32,    14, 30.60, 30.60,  0.00
  12448451,  6064, 4, 7:57:43, 8:02:23,   280, 42.20, 18.40, 23.80
         0,     0, 4, 8:02:31, 8:02:55,    24, 18.40, 43.40,-25.00
  12199988,  5042, 3, 8:08:40, 8:10:50,   130, 46.30, 31.00, 15.30
         0,     0, 3, 8:10:58, 8:11:12,    14, 31.00, 31.00,  0.00
  12706726,  7135, 2, 8:14:08, 8:16:11,   123, 43.90, 31.00, 12.90
         0,     0, 2, 8:16:18, 8:16:30,    12, 31.00, 43.90,-12.90
  12706686,  7095, 3, 8:21:07, 8:22:12,    65, 46.40, 47.20, -0.80
  12706686,  7095, 4, 8:22:46, 8:24:49,   123, 44.00, 41.10,  2.90
         0,     0, 4, 8:24:57, 8:24:59,     2, 41.10, 43.40, -2.30
  13008800,     0,10, 8:32:58, 8:33:59,    61, 40.00, 31.80,  8.20
         0,     0,10, 8:34:06, 8:34:15,     9, 31.80, 41.20, -9.40
  12706686,  7095, 4, 8:38:50, 8:40:40,   110, 43.50, 39.00,  4.50
         0,     0, 4, 8:40:47, 8:40:51,     4, 39.00, 43.40, -4.40
  11499202,     0, 6, 2:31:57, 8:42:03, 22206, 38.70, 35.90,  2.80
         0,     0, 6, 8:42:12, 8:42:17,     5, 35.90, 41.50, -5.60
  12706705,  7114, 3, 8:42:15, 8:43:25,    70, 46.30, 47.10, -0.80
  12706705,  7114, 4, 8:43:36, 8:46:05,   149, 43.40, 25.70, 17.70
         0,     0, 4, 8:46:13, 8:46:30,    17, 25.70, 43.20,-17.50
  12706636,  7045, 1, 8:47:03, 8:49:54,   171, 41.30, 19.40, 21.90
  12448448,  6061, 2, 8:46:26, 8:50:03,   217, 43.90, 43.90,  0.00
         0,     0, 1, 8:50:02, 8:50:23,    21, 19.40, 41.30,-21.90
  11499202,     0, 6, 8:50:36, 8:54:59,   263, 41.00, 32.40,  8.60
         0,     0, 6, 8:55:06, 8:55:14,     8, 32.40, 41.50, -9.10
  12706700,  7109, 1, 8:55:46, 8:56:12,    26, 41.30, 41.30,  0.00
  13008762,     0, 6, 8:55:25, 8:56:41,    76, 41.50, 41.50,  0.00
  11954014,  4044, 3, 8:56:45, 8:56:49,     4, 46.10, 46.70, -0.60
  12448448,  6061, 2, 8:50:23, 8:58:31,   488, 43.80, 17.40, 26.40
  11954014,  4044, 4, 8:58:41, 8:58:46,     5, 44.00, 43.60,  0.40
         0,     0, 2, 8:58:39, 8:59:05,    26, 17.40, 44.00,-26.60
  11499161,  2051, 1, 8:59:32, 9:00:30,    58, 41.30, 40.80,  0.50
  12706700,  7109, 2, 8:59:38, 9:00:38,    60, 44.00, 32.30, 11.70
         0,     0, 2, 9:00:46, 9:00:57,    11, 32.30, 43.90,-11.60
  11499161,  2051, 2, 9:01:07, 9:01:16,     9, 44.00, 43.70,  0.30
  11499161,  2051, 1, 9:01:31, 9:01:54,    23, 40.80, 40.20,  0.60
  21268104,  6067, 4, 8:59:49, 9:02:18,   149, 43.90, 35.00,  8.90
  11499161,  2051, 2, 9:01:59, 9:02:28,    29, 43.70, 42.80,  0.90
         0,     0, 4, 9:02:26, 9:02:34,     8, 35.00, 43.30, -8.30
  11954014,  4044, 1, 9:02:44, 9:04:26,   102, 40.20, 16.60, 23.60
  11499161,  2051, 2, 9:02:38, 9:04:32,   114, 42.80, 23.60, 19.20
         0,     0, 1, 9:04:34, 9:05:02,    28, 16.60, 41.20,-24.60
         0,     0, 2, 9:04:40, 9:05:04,    24, 23.60, 43.90,-20.30
  12706618,     0, 9, 9:04:16, 9:05:30,    74, 41.00, 35.40,  5.60
         0,     0, 9, 9:05:37, 9:05:45,     8, 35.40, 40.90, -5.50
  11499161,  2051, 2, 9:06:02, 9:06:17,    15, 43.90, 43.40,  0.50
  12706710,  7119, 1, 9:06:03, 9:06:25,    22, 41.20, 41.00,  0.20
  12448409,  6022, 4, 9:06:56, 9:07:43,    47, 43.30, 43.40, -0.10
  12199981,  5035, 3, 9:06:57, 9:08:06,    69, 46.10, 32.10, 14.00
  12706710,  7119, 1, 9:06:45, 9:08:22,    97, 41.00, 28.50, 12.50
         0,     0, 3, 9:08:13, 9:08:25,    12, 32.10, 32.10,  0.00
  12706618,     0, 9, 9:07:23, 9:08:31,    68, 41.00, 39.30,  1.70
         0,     0, 9, 9:08:39, 9:08:41,     2, 39.30, 41.10, -1.80
         0,     0, 1, 9:08:30, 9:08:42,    12, 28.50, 41.30,-12.80
  12448409,  6022, 4, 9:08:30, 9:08:38,     8, 43.50, 43.50,  0.00
  12706710,  7119, 1, 9:09:28, 9:09:56,    28, 41.20, 40.90,  0.30
  12706622,     0, 6, 9:01:13, 9:10:41,   568, 41.50, 41.60, -0.10
  12706616,  7025, 4, 9:08:50, 9:10:49,   119, 43.60, 22.90, 20.70
  12200042,  5096, 1, 9:10:33, 9:11:10,    37, 40.90, 40.80,  0.10
         0,     0, 4, 9:10:56, 9:11:16,    20, 22.90, 22.90,  0.00
  12448409,  6022, 3, 9:08:44, 9:11:53,   189, 46.10, 23.10, 23.00
         0,     0, 3, 9:12:01, 9:12:22,    21, 23.10, 23.10,  0.00
  13008802,     0, 9, 9:12:03, 9:12:41,    38, 41.10, 40.90,  0.20
  13008802,     0, 9, 9:12:52, 9:13:41,    49, 40.90, 39.30,  1.60
         0,     0, 9, 9:13:49, 9:13:51,     2, 39.30, 41.10, -1.80
  12200042,  5096, 3, 9:12:46, 9:15:06,   140, 47.40, 35.40, 12.00
         0,     0, 3, 9:15:14, 9:15:23,     9, 35.40, 35.20,  0.20
  11724109,  6068, 1, 9:11:57, 9:15:45,   228, 40.80, 16.80, 24.00
         0,     0, 1, 9:15:54, 9:16:17,    23, 16.80, 41.30,-24.50
  13008797,     0, 6, 9:11:47, 9:16:22,   275, 41.50, 41.50,  0.00
  12448449,  6062, 2, 9:14:59, 9:18:15,   196, 43.40, 23.30, 20.10
         0,     0, 2, 9:18:24, 9:18:44,    20, 23.30, 44.00,-20.70
  13008779,     0, 8, 9:22:22, 9:22:54,    32, 41.20, 40.40,  0.80
  13008835,     0, 6, 9:19:20, 9:23:34,   254, 41.40, 41.50, -0.10
  12448437,  6050, 7, 9:00:36, 9:23:57,  1401, 41.40, 32.30,  9.10
         0,     0, 7, 9:24:04, 9:24:09,     5, 32.30, 32.30,  0.00
  11954050,  4080, 2, 9:22:25, 9:24:16,   111, 44.00, 38.50,  5.50
         0,     0, 2, 9:24:24, 9:24:28,     4, 38.50, 43.90, -5.40
  13008779,     0, 8, 9:24:03, 9:24:25,    22, 40.40, 38.60,  1.80
         0,     0, 8, 9:24:33, 9:24:35,     2, 38.60, 41.10, -2.50
  13008779,     0, 8, 9:26:05, 9:26:30,    25, 36.40, 35.20,  1.20
         0,     0, 8, 9:26:37, 9:26:43,     6, 35.20, 41.10, -5.90
  13323450,     0,10, 9:27:15, 9:27:18,     3, 40.90, 41.00, -0.10
  13008837,     0, 7, 9:24:19, 9:28:39,   260, 41.60, 41.60,  0.00
  13008737,     0, 8, 9:32:39, 9:32:55,    16, 41.10, 41.10,  0.00
  12706650,  7059, 3, 9:31:26, 9:33:25,   119, 46.40, 33.90, 12.50
         0,     0, 3, 9:33:32, 9:33:43,    11, 33.90, 33.70,  0.20
  13008762,     0, 6, 9:23:47, 9:33:44,   597, 41.40, 10.40, 31.00
  21268104,  6067, 1, 9:32:10, 9:34:07,   117, 41.30, 30.10, 11.20
         0,     0, 6, 9:33:52, 9:34:22,    30, 10.40, 41.40,-31.00
         0,     0, 1, 9:34:15, 9:34:25,    10, 30.10, 41.20,-11.10
  13008737,     0, 8, 9:35:23, 9:35:25,     2, 22.90, 22.90,  0.00
         0,     0, 8, 9:35:32, 9:35:51,    19, 22.90, 41.10,-18.20
  12706700,  7109, 5, 9:40:30, 9:41:03,    33, 40.90, 34.80,  6.10
         0,     0, 5, 9:41:12, 9:41:17,     5, 34.80, 40.90, -6.10
  11499161,  2051, 1, 9:40:49, 9:42:06,    77, 41.20, 40.70,  0.50
  12706700,  7109, 1, 9:45:21, 9:46:02,    41, 40.70, 32.40,  8.30
         0,     0, 1, 9:46:09, 9:46:17,     8, 32.40, 41.20, -8.80
  12706738,  7147, 2, 9:42:52, 9:46:17,   205, 43.90, 24.40, 19.50
         0,     0, 2, 9:46:25, 9:46:44,    19, 24.40, 44.00,-19.60
  12706669,  7078, 3, 9:45:29, 9:47:17,   108, 46.20, 36.10, 10.10
         0,     0, 3, 9:47:25, 9:47:34,     9, 36.10, 36.40, -0.30
  11954075,  4105, 1, 9:46:50, 9:48:25,    95, 41.20, 21.20, 20.00
         0,     0, 1, 9:48:32, 9:48:51,    19, 21.20, 41.30,-20.10
  21292347,  5120, 2, 9:46:57, 9:49:00,   123, 44.00, 37.90,  6.10
         0,     0, 2, 9:49:07, 9:49:12,     5, 37.90, 44.00, -6.10
  11499161,  2051, 1, 9:51:13, 9:52:11,    58, 41.30, 40.30,  1.00
  13008765,     0, 9, 9:51:41, 9:53:11,    90, 41.10, 36.50,  4.60
  12706710,  7119, 2, 9:52:25, 9:53:16,    51, 44.00, 43.40,  0.60
  12199981,  5035, 5, 9:52:21, 9:53:18,    57, 40.90, 24.20, 16.70
         0,     0, 9, 9:53:18, 9:53:23,     5, 36.50, 41.00, -4.50
  13008833,     0, 6, 9:47:43, 9:53:24,   341, 41.50, 40.60,  0.90
         0,     0, 5, 9:53:26, 9:53:41,    15, 24.20, 40.90,-16.70
  12706710,  7119, 2, 9:54:15, 9:55:32,    77, 43.40, 33.70,  9.70
         0,     0, 2, 9:55:40, 9:55:49,     9, 33.70, 43.90,-10.20
  13008833,     0, 6, 9:54:29, 9:56:11,   102, 40.50, 40.40,  0.10
  21292347,  5120, 4, 9:55:28, 9:57:45,   137, 43.70, 29.00, 14.70
         0,     0, 4, 9:57:52, 9:58:05,    13, 29.00, 29.00,  0.00
  12706650,  7059, 3, 9:57:34, 9:59:49,   135, 45.50, 36.30,  9.20
         0,     0, 3, 9:59:57,10:00:05,     8, 36.30, 36.10,  0.20
  13008768,     0, 6, 9:56:49,10:01:41,   292, 40.30, 17.50, 22.80
         0,     0, 6,10:01:49,10:02:12,    23, 17.50, 41.60,-24.10
  12706634,     0, 7, 9:28:49,10:02:09,  2000, 41.60, 29.40, 12.20
         0,     0, 7,10:02:17,10:02:24,     7, 29.40, 41.50,-12.10
  13323451,     0, 9,10:00:12,10:02:36,   144, 41.10, 31.60,  9.50
         0,     0, 9,10:02:44,10:02:56,    12, 31.60, 41.10, -9.50
  13008735,  7156, 2,10:00:28,10:03:45,   197, 43.90, 29.80, 14.10
         0,     0, 2,10:03:53,10:04:06,    13, 29.80, 43.90,-14.10
  12448437,  6050, 7,10:02:34,10:06:23,   229, 41.50, 33.40,  8.10
         0,     0, 7,10:06:31,10:06:36,     5, 33.40, 41.70, -8.30
  13008797,     0, 6,10:03:01,10:06:46,   225, 41.40, 30.20, 11.20
         0,     0, 6,10:06:53,10:07:03,    10, 30.20, 41.30,-11.10
  12448449,  6062, 3,10:05:06,10:07:17,   131, 46.10, 31.20, 14.90
         0,     0, 3,10:07:24,10:07:37,    13, 31.20, 31.10,  0.10
  12706701,  7110, 5,10:06:46,10:10:38,   232, 40.90, 26.20, 14.70
         0,     0, 5,10:10:46,10:11:00,    14, 26.20, 26.30, -0.10
  12706601,     0,10,10:10:23,10:11:23,    60, 40.80, 36.90,  3.90
         0,     0,10,10:11:32,10:11:36,     4, 36.90, 41.20, -4.30
  12706655,  7064, 1,10:11:29,10:11:36,     7, 40.30, 40.30,  0.00
  12706601,     0,10,10:12:08,10:13:40,    92, 41.20, 30.00, 11.20
  12448471,  6084, 2,10:11:40,10:13:47,   127, 43.90, 25.30, 18.60
         0,     0,10,10:13:49,10:14:01,    12, 30.00, 41.10,-11.10
         0,     0, 2,10:13:54,10:14:12,    18, 25.30, 44.00,-18.70
  13008833,     0, 6,10:07:13,10:15:11,   478, 41.50, 25.30, 16.20
         0,     0, 6,10:15:19,10:15:34,    15, 25.30, 41.50,-16.20
  13323434,     0, 9,10:14:37,10:17:09,   152, 40.90, 31.80,  9.10
         0,     0, 9,10:17:17,10:17:29,    12, 31.80, 41.10, -9.30
  11724109,  6068, 2,10:15:48,10:18:09,   141, 44.00, 31.00, 13.00
         0,     0, 2,10:18:17,10:18:29,    12, 31.00, 44.00,-13.00
  13323358,     0,10,10:17:49,10:19:05,    76, 41.10, 32.40,  8.70
         0,     0,10,10:19:14,10:19:23,     9, 32.40, 41.20, -8.80
  12448416,  6029, 3,10:16:03,10:19:33,   210, 46.10, 30.90, 15.20
         0,     0, 3,10:19:41,10:19:54,    13, 30.90, 30.80,  0.10
  11954075,  4105, 1,10:19:29,10:20:40,    71, 40.30, 26.00, 14.30
         0,     0, 1,10:20:48,10:21:02,    14, 26.00, 41.30,-15.30
  13008742,  7163, 5,10:22:38,10:23:36,    58, 40.90, 40.70,  0.20
  12448428,  6041, 3,10:23:28,10:24:57,    89, 46.10, 26.90, 19.20
  12706669,  7078, 4,10:24:54,10:25:10,    16, 43.60, 41.60,  2.00
         0,     0, 4,10:25:18,10:25:19,     1, 41.60, 43.10, -1.50
         0,     0, 3,10:25:05,10:25:23,    18, 26.90, 30.60, -3.70
  12706639,  7048, 1,10:21:39,10:25:47,   248, 41.30, 20.90, 20.40
         0,     0, 1,10:25:55,10:26:14,    19, 20.90, 41.20,-20.30
  12448428,  6041, 4,10:25:41,10:26:16,    35, 43.10, 32.90, 10.20
         0,     0, 4,10:26:24,10:26:34,    10, 32.90, 43.40,-10.50
  13008815,     0, 8,10:26:27,10:28:34,   127, 41.20, 30.90, 10.30
         0,     0, 8,10:28:42,10:28:52,    10, 30.90, 41.10,-10.20
  13008732,  7153, 5,10:25:05,10:29:10,   245, 40.70, 24.70, 16.00
  13008837,     0, 8,10:29:08,10:29:14,     6, 41.00, 41.00,  0.00
  12706669,  7078, 2,10:28:15,10:29:20,    65, 44.00, 38.70,  5.30
         0,     0, 2,10:29:28,10:29:32,     4, 38.70, 43.80, -5.10
         0,     0, 5,10:29:19,10:29:34,    15, 24.70, 41.00,-16.30
  13008742,  7163, 4,10:29:30,10:29:33,     3, 43.40, 44.20, -0.80
  11953978,  4008, 1,10:29:16,10:29:40,    24, 41.20, 41.20,  0.00
  13008820,     0, 9,10:29:07,10:31:01,   114, 34.10, 32.90,  1.20
         0,     0, 9,10:31:08,10:31:18,    10, 32.90, 40.70, -7.80
  11953978,  4008, 2,10:30:08,10:31:37,    89, 43.90, 28.50, 15.40
  12706707,  7116, 1,10:30:27,10:31:41,    74, 41.20, 31.00, 10.20
         0,     0, 1,10:31:48,10:31:57,     9, 31.00, 41.20,-10.20
         0,     0, 2,10:31:46,10:32:01,    15, 28.50, 43.90,-15.40
  13008837,     0, 8,10:29:45,10:32:00,   135, 40.90, 25.20, 15.70
         0,     0, 8,10:32:08,10:32:24,    16, 25.20, 41.10,-15.90
  13008820,     0, 9,10:32:50,10:32:52,     2, 38.50, 38.50,  0.00
         0,     0, 9,10:33:00,10:33:03,     3, 38.50, 40.80, -2.30
  13008820,     0, 9,10:33:44,10:33:45,     1, 38.00, 38.00,  0.00
         0,     0, 9,10:33:53,10:33:56,     3, 38.00, 41.00, -3.00
  12200046,  5100, 4,10:33:27,10:34:24,    57, 44.00, 34.80,  9.20
         0,     0, 4,10:34:32,10:34:40,     8, 34.80, 34.80,  0.00
  12706655,  7064, 5,10:31:06,10:34:58,   232, 41.00, 15.70, 25.30
  21292347,  5120, 2,10:32:27,10:35:03,   156, 43.80, 33.40, 10.40
  12200083,     0, 9,10:35:10,10:35:18,     8, 41.00, 41.00,  0.00
         0,     0, 2,10:35:11,10:35:21,    10, 33.40, 43.90,-10.50
         0,     0, 5,10:35:06,10:35:30,    24, 15.70, 40.80,-25.10
  12200046,  5100, 4,10:34:53,10:35:28,    35, 43.70, 36.60,  7.10
         0,     0, 4,10:35:37,10:35:43,     6, 36.60, 43.10, -6.50
  12200083,     0, 9,10:35:31,10:35:49,    18, 41.00, 41.00,  0.00
  12200083,     0, 9,10:36:38,10:37:21,    43, 41.00, 38.20,  2.80
         0,     0, 9,10:37:29,10:37:32,     3, 38.20, 41.00, -2.80
  12706700,  7109, 3,10:45:17,10:46:07,    50, 46.80, 39.60,  7.20
         0,     0, 3,10:46:15,10:46:20,     5, 39.60, 39.80, -0.20
  12706637,  7046, 4,10:45:49,10:46:25,    36, 43.30, 43.30,  0.00
  12706637,  7046, 3,10:46:32,10:47:12,    40, 39.80, 47.60, -7.80
  12706622,     0, 6,10:16:06,10:47:17,  1871, 41.40, 22.80, 18.60
         0,     0, 6,10:47:25,10:47:43,    18, 22.80, 22.90, -0.10
  13008735,  7156, 2,10:47:40,10:48:34,    54, 43.90, 43.30,  0.60
  12706637,  7046, 3,10:48:25,10:48:56,    31, 47.10, 47.00,  0.10
  12199969,     0, 9,10:50:01,10:50:07,     6, 41.10, 41.00,  0.10
  13008735,  7156, 1,10:48:51,10:50:12,    81, 41.20, 34.90,  6.30
         0,     0, 1,10:50:21,10:50:26,     5, 34.90, 41.30, -6.40
  12706651,  7060, 4,10:49:24,10:51:06,   102, 43.30, 29.90, 13.40
  12706637,  7046, 3,10:49:10,10:51:16,   126, 46.60, 26.50, 20.10
         0,     0, 4,10:51:15,10:51:28,    13, 29.90, 43.20,-13.30
         0,     0, 3,10:51:24,10:51:42,    18, 26.50, 26.30,  0.20
  12199969,     0, 9,10:50:17,10:52:02,   105, 41.00, 29.50, 11.50
         0,     0, 9,10:52:10,10:52:25,    15, 29.50, 41.00,-11.50
  13008735,  7156, 1,10:51:46,10:52:48,    62, 41.30, 32.80,  8.50
         0,     0, 1,10:52:56,10:53:03,     7, 32.80, 41.20, -8.40
  12200007,  5061, 5,11:00:07,11:01:12,    65, 40.80, 32.60,  8.20
         0,     0, 5,11:01:21,11:01:29,     8, 32.60, 40.90, -8.30
  13323427,     0, 8,11:01:41,11:01:41,     0, 41.20, 41.00,  0.20
  12706636,  7045, 3,11:00:55,11:02:16,    81, 45.50, 38.20,  7.30
  11954056,     0, 8,11:01:58,11:02:18,    20, 41.00, 41.00,  0.00
         0,     0, 3,11:02:24,11:02:31,     7, 38.20, 38.10,  0.10
  13323450,     0,10,11:02:12,11:04:10,   118, 40.90, 30.90, 10.00
         0,     0,10,11:04:19,11:04:30,    11, 30.90, 41.20,-10.30
  12706624,  7033, 6,10:56:26,11:05:43,   557, 41.40, 41.50, -0.10
  12448521,     0, 7,10:06:50,11:06:00,  3550, 41.60, 35.40,  6.20
         0,     0, 7,11:06:09,11:06:12,     3, 35.40, 35.50, -0.10
  12706727,  7136, 1,11:06:19,11:07:21,    62, 41.20, 41.00,  0.20
  12200007,  5061, 5,11:06:34,11:07:48,    74, 40.90, 30.80, 10.10
         0,     0, 5,11:07:55,11:08:04,     9, 30.80, 40.90,-10.10
  13008836,     0, 8,11:09:12,11:09:27,    15, 40.40, 39.70,  0.70
  13008836,     0, 7,11:06:58,11:09:34,   156, 41.50, 41.00,  0.50
         0,     0, 8,11:09:36,11:09:37,     1, 39.70, 40.90, -1.20
  12448521,     0, 8,11:09:59,11:10:04,     5, 40.10, 40.10,  0.00
  12706727,  7136, 1,11:07:35,11:10:20,   165, 41.00, 22.00, 19.00
  12448473,  6086, 2,11:08:19,11:10:19,   120, 43.30, 28.90, 14.40
  12448521,     0, 8,11:10:21,11:10:22,     1, 38.20, 38.30, -0.10
         0,     0, 8,11:10:29,11:10:31,     2, 38.30, 40.20, -1.90
         0,     0, 2,11:10:27,11:10:42,    15, 28.90, 43.90,-15.00
         0,     0, 1,11:10:27,11:10:46,    19, 22.00, 41.30,-19.30
  13008836,     0, 8,11:10:41,11:11:22,    41, 40.10, 38.70,  1.40
         0,     0, 8,11:11:30,11:11:32,     2, 38.70, 41.10, -2.40
  12706701,  7110, 5,11:08:14,11:11:40,   206, 40.90, 29.00, 11.90
         0,     0, 5,11:11:48,11:11:59,    11, 29.00, 40.90,-11.90
  13008797,     0, 6,11:07:37,11:11:57,   260, 41.40, 31.00, 10.40
         0,     0, 6,11:12:05,11:12:14,     9, 31.00, 31.10, -0.10
  13008836,     0, 8,11:12:46,11:12:53,     7, 31.80, 30.70,  1.10
         0,     0, 8,11:13:02,11:13:13,    11, 30.70, 41.10,-10.40
  11953978,  4008, 2,11:12:52,11:13:45,    53, 44.00, 36.90,  7.10
         0,     0, 2,11:13:53,11:13:59,     6, 36.90, 43.90, -7.00
  12706624,  7033, 6,11:12:29,11:15:57,   208, 41.10, 35.70,  5.40
         0,     0, 6,11:16:04,11:16:09,     5, 35.70, 41.40, -5.70
  21292347,  5120, 1,11:14:40,11:16:10,    90, 41.30, 34.30,  7.00
         0,     0, 1,11:16:18,11:16:24,     6, 34.30, 41.30, -7.00
  12448442,  6055, 6,11:16:28,11:17:04,    36, 41.40, 41.30,  0.10
  12706707,  7116, 3,11:17:42,11:18:24,    42, 45.70, 40.80,  4.90
         0,     0, 3,11:18:31,11:18:35,     4, 40.80, 40.70,  0.10
  13008815,     0, 8,11:16:52,11:18:59,   127, 40.90, 30.60, 10.30
         0,     0, 8,11:19:07,11:19:18,    11, 30.60, 41.10,-10.50
  12448416,  6029, 5,11:18:46,11:20:06,    80, 40.80, 32.40,  8.40
         0,     0, 5,11:20:13,11:20:21,     8, 32.40, 40.90, -8.50
  12706705,  7114, 3,11:20:20,11:23:11,   171, 46.30, 31.30, 15.00
  12200048,     0, 8,11:19:33,11:23:16,   223, 41.10, 32.90,  8.20
         0,     0, 3,11:23:18,11:23:31,    13, 31.30, 46.20,-14.90
         0,     0, 8,11:23:24,11:23:33,     9, 32.90, 41.10, -8.20
  12448477,  6090, 4,11:26:48,11:28:19,    91, 43.60, 36.70,  6.90
  12706624,  7033, 6,11:17:32,11:28:18,   646, 40.70, 19.10, 21.60
         0,     0, 4,11:28:26,11:28:32,     6, 36.70, 43.30, -6.60
         0,     0, 6,11:28:26,11:28:48,    22, 19.10, 41.20,-22.10
  12448477,  6090, 4,11:28:53,11:29:11,    18, 43.40, 40.10,  3.30
         0,     0, 4,11:29:20,11:29:23,     3, 40.10, 43.30, -3.20
  12448442,  6055, 6,11:28:59,11:32:32,   213, 40.50, 32.20,  8.30
         0,     0, 6,11:32:39,11:32:47,     8, 32.20, 41.50, -9.30
  11954042,     0, 9,11:36:18,11:38:19,   121, 35.20, 34.90,  0.30
         0,     0, 9,11:38:28,11:38:36,     8, 34.90, 41.10, -6.20
  11954042,     0, 9,11:38:46,11:39:16,    30, 41.00, 40.80,  0.20
  21268825,  6087, 1,11:36:35,11:39:23,   168, 41.30, 20.70, 20.60
         0,     0, 1,11:39:30,11:39:49,    19, 20.70, 41.20,-20.50
  11954042,     0, 9,11:39:51,11:41:54,   123, 40.80, 37.20,  3.60
         0,     0, 9,11:42:03,11:42:07,     4, 37.20, 40.50, -3.30
  11954042,     0, 9,11:42:57,11:43:00,     3, 34.00, 34.00,  0.00
         0,     0, 9,11:43:07,11:43:16,     9, 34.00, 41.00, -7.00
  12200007,  5061, 5,11:45:25,11:46:21,    56, 40.90, 34.30,  6.60
         0,     0, 5,11:46:29,11:46:35,     6, 34.30, 41.00, -6.70
  13008765,     0, 9,11:48:43,11:49:41,    58, 41.00, 36.20,  4.80
  12706601,     0,10,11:48:06,11:49:44,    98, 41.00, 32.60,  8.40
         0,     0, 9,11:49:49,11:49:55,     6, 36.20, 41.00, -4.80
         0,     0,10,11:49:53,11:50:02,     9, 32.60, 41.20, -8.60
  12448415,     0, 7,11:09:56,11:51:45,  2509, 41.00, 22.90, 18.10
         0,     0, 7,11:51:53,11:52:05,    12, 22.90, 41.60,-18.70
  12448428,  6041, 5,11:51:52,11:52:36,    44, 41.00, 30.10, 10.90
         0,     0, 5,11:52:43,11:52:53,    10, 30.10, 40.80,-10.70
  13008742,  7163, 1,11:47:35,11:52:57,   322, 41.20, 18.10, 23.10
  13008792,     0,10,11:50:43,11:53:12,   149, 41.20, 22.50, 18.70
  12706609,  7018, 8,11:52:18,11:53:20,    62, 31.10, 23.90,  7.20
         0,     0, 1,11:53:04,11:53:26,    22, 18.10, 41.20,-23.10
         0,     0,10,11:53:21,11:53:42,    21, 22.50, 41.20,-18.70
         0,     0, 8,11:53:27,11:53:46,    19, 23.90, 41.10,-17.20
  21306958,  5124, 8,11:54:11,11:58:28,   257, 41.10, 35.00,  6.10
         0,     0, 8,11:58:36,11:58:42,     6, 35.00, 41.00, -6.00
  11953978,  4008, 3,11:57:33,11:58:44,    71, 46.60, 41.00,  5.60
         0,     0, 3,11:58:53,11:58:57,     4, 41.00, 41.90, -0.90
  13008756,  7115, 2,11:58:27,11:59:35,    68, 44.00, 31.40, 12.60
         0,     0, 2,11:59:44,11:59:55,    11, 31.40, 43.90,-12.50
  12706651,  7060, 5,11:58:44,12:00:19,    95, 40.70, 29.00, 11.70
  13008802,     0, 9,11:59:22,12:00:33,    71, 41.00, 33.40,  7.60
         0,     0, 5,12:00:27,12:00:38,    11, 29.00, 29.00,  0.00
         0,     0, 9,12:00:41,12:00:51,    10, 33.40, 41.10, -7.70
  13008789,     0, 8,12:03:10,12:03:13,     3, 41.10, 41.10,  0.00
  21306958,  5124, 7,11:53:45,12:03:20,   575, 41.60, 41.30,  0.30
  12706624,  7033, 6,11:47:30,12:03:34,   964, 41.50, 34.80,  6.70
         0,     0, 6,12:03:41,12:03:46,     5, 34.80, 34.80,  0.00
  12706686,  7095, 1,11:59:33,12:04:06,   273, 41.20, 33.60,  7.60
         0,     0, 1,12:04:13,12:04:19,     6, 33.60, 41.20, -7.60
  13008800,     0, 9,12:05:23,12:06:59,    96, 41.10, 32.10,  9.00
         0,     0, 9,12:07:08,12:07:20,    12, 32.10, 41.00, -8.90
  13008789,     0, 7,12:03:32,12:14:44,   672, 41.30, 21.20, 20.10
         0,     0, 7,12:14:51,12:15:04,    13, 21.20, 21.30, -0.10
  12199981,  5035, 5,12:15:02,12:16:15,    73, 40.90, 25.30, 15.60
         0,     0, 5,12:16:23,12:16:38,    15, 25.30, 40.80,-15.50
  12200048,     0, 8,12:15:09,12:18:32,   203, 41.10, 32.30,  8.80
         0,     0, 8,12:18:39,12:18:48,     9, 32.30, 41.10, -8.80
  12706726,  7135, 2,12:22:54,12:24:20,    86, 43.90, 38.80,  5.10
         0,     0, 2,12:24:28,12:24:32,     4, 38.80, 43.90, -5.10
  12706726,  7135, 2,12:24:53,12:26:28,    95, 43.90, 29.90, 14.00
         0,     0, 2,12:26:36,12:26:49,    13, 29.90, 43.90,-14.00
  12448477,  6090, 4,12:27:23,12:28:06,    43, 43.60, 38.50,  5.10
         0,     0, 4,12:28:15,12:28:19,     4, 38.50, 43.40, -4.90
  12448477,  6090, 4,12:29:40,12:29:51,    11, 43.40, 42.10,  1.30
  12199988,  5042, 2,12:27:16,12:30:24,   188, 43.90, 31.30, 12.60
  13008835,     0, 6,12:05:01,12:30:32,  1531, 41.30, 16.10, 25.20
         0,     0, 2,12:30:32,12:30:44,    12, 31.30, 43.90,-12.60
         0,     0, 6,12:30:39,12:31:04,    25, 16.10, 41.60,-25.50
  12199977,     0, 9,12:31:29,12:33:25,   116, 41.00, 32.10,  8.90
         0,     0, 9,12:33:32,12:33:43,    11, 32.10, 41.10, -9.00
  12200046,  5100, 4,12:34:22,12:34:36,    14, 42.40, 42.10,  0.30
  12200046,  5100, 3,12:35:03,12:36:08,    65, 45.20, 38.50,  6.70
         0,     0, 3,12:36:16,12:36:22,     6, 38.50, 38.30,  0.20
  13323358,     0,10,12:38:24,12:39:08,    44, 40.80, 35.10,  5.70
         0,     0,10,12:39:16,12:39:22,     6, 35.10, 41.20, -6.10
  12706686,  7095, 1,12:36:50,12:40:33,   223, 41.20, 32.70,  8.50
         0,     0, 1,12:40:41,12:40:49,     8, 32.70, 41.30, -8.60
  11499202,     0, 6,12:31:15,12:40:57,   582, 41.60, 33.60,  8.00
         0,     0, 6,12:41:05,12:41:12,     7, 33.60, 41.50, -7.90
  11954014,  4044, 2,12:43:08,12:43:33,    25, 43.90, 43.90,  0.00
  11954014,  4044, 2,12:44:06,12:46:43,   157, 43.90, 27.40, 16.50
  12706604,     0, 9,12:45:27,12:46:45,    78, 41.10, 40.90,  0.20
         0,     0, 2,12:46:52,12:47:08,    16, 27.40, 44.00,-16.60
  12706604,     0, 9,12:47:37,12:47:43,     6, 40.90, 40.80,  0.10
  12706604,     0, 9,12:47:58,12:48:06,     8, 40.80, 40.50,  0.30
  12706604,     0, 9,12:48:23,12:48:32,     9, 40.50, 40.10,  0.40
  12706604,     0, 9,12:48:44,12:50:08,    84, 40.10, 27.10, 13.00
         0,     0, 9,12:50:16,12:50:35,    19, 27.10, 41.00,-13.90
  13323427,     0, 7,12:35:43,12:52:29,  1006, 41.60, 40.80,  0.80
  12706659,  7068, 1,12:49:27,12:52:58,   211, 41.30, 21.10, 20.20
         0,     0, 1,12:53:07,12:53:26,    19, 21.10, 41.30,-20.20
  13323451,     0, 9,12:54:02,12:56:02,   120, 41.00, 36.40,  4.60
         0,     0, 9,12:56:10,12:56:16,     6, 36.40, 41.00, -4.60
  13323427,     0, 8,12:55:24,12:57:38,   134, 41.10, 40.50,  0.60
  12199986,     0, 7,12:52:39,12:58:40,   361, 40.90, 15.90, 25.00
         0,     0, 7,12:58:48,12:59:04,    16, 15.90, 16.60, -0.70
  11954050,  4080, 5,12:59:55,13:02:13,   138, 40.80, 27.00, 13.80
         0,     0, 5,13:02:20,13:02:33,    13, 27.00, 40.90,-13.90
  12448471,  6084, 5,13:04:24,13:06:25,   121, 40.90, 23.00, 17.90
         0,     0, 5,13:06:32,13:06:49,    17, 23.00, 40.90,-17.90
  12448479,  6092, 3,13:08:31,13:10:47,   136, 46.20, 42.40,  3.80
         0,     0, 3,13:10:54,13:10:57,     3, 42.40, 42.70, -0.30
  12448451,  6064, 5,13:08:39,13:11:56,   197, 40.80, 40.50,  0.30
  12448451,  6064, 5,13:12:05,13:12:39,    34, 40.50, 40.40,  0.10
  12448479,  6092, 2,13:11:34,13:13:47,   133, 44.00, 29.70, 14.30
         0,     0, 2,13:13:56,13:14:09,    13, 29.70, 44.00,-14.30
  13008835,     0, 6,12:46:27,13:14:31,  1684, 41.40, 41.40,  0.00
  12448451,  6064, 5,13:12:52,13:14:55,   123, 40.40, 14.20, 26.20
         0,     0, 5,13:15:03,13:15:29,    26, 14.20, 40.70,-26.50
  12706609,  7018, 8,13:16:35,13:16:36,     1, 40.50, 40.50,  0.00
  12706609,  7018, 8,13:16:47,13:17:53,    66, 40.50, 30.00, 10.50
         0,     0, 8,13:18:01,13:18:12,    11, 30.00, 41.10,-11.10
  12448448,  6061, 5,13:20:11,13:20:52,    41, 40.80, 40.80,  0.00
  12706650,  7059, 3,13:19:47,13:21:18,    91, 45.40, 39.20,  6.20
         0,     0, 3,13:21:25,13:21:31,     6, 39.20, 46.00, -6.80
  13323427,     0, 7,13:00:00,13:21:29,  1289, 28.10, 28.20, -0.10
         0,     0, 7,13:21:36,13:21:44,     8, 28.20, 41.40,-13.20
  12448449,  6062, 1,13:20:54,13:22:49,   115, 41.30, 27.30, 14.00
         0,     0, 1,13:22:56,13:23:09,    13, 27.30, 41.30,-14.00
  12706616,  7025, 3,13:22:25,13:23:50,    85, 46.00, 34.90, 11.10
         0,     0, 3,13:23:59,13:24:09,    10, 34.90, 35.20, -0.30
  13008762,     0, 6,13:15:17,13:28:15,   778, 41.40, 41.40,  0.00
  12200042,  5096, 1,13:27:37,13:30:03,   146, 41.20, 19.40, 21.80
         0,     0, 1,13:30:12,13:30:33,    21, 19.40, 41.30,-21.90
  21268104,  6067, 3,13:27:35,13:31:03,   208, 45.50, 31.50, 14.00
         0,     0, 3,13:31:10,13:31:23,    13, 31.50, 31.40,  0.10
  11724159,     0, 6,13:29:08,13:33:39,   271, 31.80, 31.40,  0.40
         0,     0, 6,13:33:47,13:33:56,     9, 31.40, 40.60, -9.20
  11724239,  3139, 1,13:33:48,13:34:40,    52, 41.30, 41.00,  0.30
  12448448,  6061, 5,13:27:52,13:38:25,   633, 40.80, 20.20, 20.60
         0,     0, 5,13:38:34,13:38:54,    20, 20.20, 40.90,-20.70
  12448415,     0, 7,13:21:55,13:39:42,  1067, 41.30, 25.00, 16.30
         0,     0, 7,13:39:49,13:39:59,    10, 25.00, 41.50,-16.50
  11724239,  3139, 1,13:38:26,13:42:26,   240, 41.00, 28.50, 12.50
         0,     0, 1,13:42:33,13:42:45,    12, 28.50, 41.30,-12.80
  11954056,     0, 7,13:40:10,13:45:43,   333, 41.40, 20.30, 21.10
  13008820,     0, 9,13:42:56,13:45:58,   182, 40.70, 38.90,  1.80
         0,     0, 7,13:45:50,13:46:05,    15, 20.30, 41.40,-21.10
         0,     0, 9,13:46:05,13:46:07,     2, 38.90, 40.80, -1.90
  13008779,     0, 8,13:46:00,13:46:10,    10, 41.30, 40.00,  1.30
  13008820,     0, 9,13:47:23,13:47:25,     2, 37.60, 37.70, -0.10
  13323450,     0,10,13:46:29,13:47:28,    59, 41.00, 40.60,  0.40
         0,     0, 9,13:47:33,13:47:37,     4, 37.70, 41.10, -3.40
  12706618,     0, 9,13:50:44,13:51:52,    68, 41.10, 33.50,  7.60
         0,     0, 9,13:52:00,13:52:10,    10, 33.50, 41.10, -7.60
  13008762,     0, 6,13:36:11,13:55:46,  1175, 26.00, 26.10, -0.10
         0,     0, 6,13:55:54,13:56:08,    14, 26.10, 41.40,-15.30
  12706634,     0, 8,13:59:46,14:00:00,    14, 40.00, 40.00,  0.00
  12706634,     0, 7,14:00:24,14:02:43,   139, 41.30, 30.30, 11.00
         0,     0, 7,14:02:50,14:02:57,     7, 30.30, 30.30,  0.00
  13008836,     0, 8,14:03:42,14:05:15,    93, 39.90, 39.50,  0.40
         0,     0, 8,14:05:23,14:05:24,     1, 39.50, 40.80, -1.30
  13008836,     0, 7,14:03:08,14:05:31,   143, 41.50, 41.50,  0.00
  12706707,  7116, 2,14:05:39,14:07:06,    87, 43.90, 32.60, 11.30
         0,     0, 2,14:07:14,14:07:24,    10, 32.60, 32.60,  0.00
  13008836,     0, 8,14:06:53,14:07:50,    57, 31.50, 27.50,  4.00
         0,     0, 8,14:07:58,14:08:12,    14, 27.50, 27.60, -0.10
  12706738,  7147, 5,14:04:52,14:08:34,   222, 40.90, 22.10, 18.80
         0,     0, 5,14:08:42,14:09:00,    18, 22.10, 22.10,  0.00
  12448409,  6022, 5,14:09:34,14:10:06,    32, 40.90, 40.90,  0.00
  12448483,  6096, 2,14:09:53,14:11:49,   116, 44.00, 39.40,  4.60
         0,     0, 2,14:11:57,14:12:00,     3, 39.40, 44.00, -4.60
  12448483,  6096, 1,14:11:54,14:12:23,    29, 41.30, 29.70, 11.60
         0,     0, 1,14:12:30,14:12:41,    11, 29.70, 41.30,-11.60
  12448483,  6096, 2,14:12:54,14:14:49,   115, 44.00, 24.20, 19.80
         0,     0, 2,14:14:56,14:15:15,    19, 24.20, 44.00,-19.80
  11724239,  3139, 1,14:12:51,14:15:19,   148, 41.30, 40.20,  1.10
  12706639,  7048, 2,14:17:05,14:17:09,     4, 44.00, 44.00,  0.00
  12706639,  7048, 2,14:17:53,14:18:23,    30, 44.00, 44.00,  0.00
  12706700,  7109, 3,14:18:18,14:19:37,    79, 45.70, 34.60, 11.10
         0,     0, 3,14:19:45,14:19:55,    10, 34.60, 34.90, -0.30
  12706710,  7119, 2,14:18:34,14:20:41,   127, 44.00, 31.10, 12.90
  11724109,  6068, 1,14:19:48,14:20:49,    61, 40.20, 40.10,  0.10
         0,     0, 2,14:20:48,14:21:00,    12, 31.10, 43.90,-12.80
  12706639,  7048, 1,14:21:21,14:21:27,     6, 40.10, 40.10,  0.00
  12448442,  6055, 6,14:05:29,14:21:58,   989, 41.40, 34.30,  7.10
  12706710,  7119, 2,14:21:35,14:22:00,    25, 44.00, 43.80,  0.20
         0,     0, 6,14:22:06,14:22:12,     6, 34.30, 41.50, -7.20
  12706650,  7059, 5,14:23:19,14:23:30,    11, 40.90, 40.80,  0.10
  11724109,  6068, 1,14:22:18,14:24:49,   151, 40.10, 24.70, 15.40
         0,     0, 1,14:24:56,14:25:12,    16, 24.70, 41.20,-16.50
  12706639,  7048, 2,14:22:15,14:25:34,   199, 43.70, 25.00, 18.70
         0,     0, 2,14:25:42,14:26:00,    18, 25.00, 25.00,  0.00
  12706650,  7059, 5,14:26:02,14:26:18,    16, 40.80, 40.90, -0.10
  21268104,  6067, 5,14:27:08,14:27:39,    31, 40.80, 40.90, -0.10
  11724239,  3139, 2,14:28:26,14:32:02,   216, 44.00, 35.20,  8.80
         0,     0, 2,14:32:09,14:32:17,     8, 35.20, 44.00, -8.80
  12706655,  7064, 4,14:36:10,14:36:13,     3, 42.30, 42.10,  0.20
  13008768,     0, 6,14:31:45,14:37:06,   321, 41.00, 40.90,  0.10
  12706637,  7046, 4,14:37:46,14:38:34,    48, 42.20, 41.70,  0.50
         0,     0, 4,14:38:42,14:38:43,     1, 41.70, 43.20, -1.50
  12706655,  7064, 1,14:39:51,14:40:29,    38, 41.20, 41.00,  0.20
  12706637,  7046, 4,14:38:59,14:40:56,   117, 43.70, 28.30, 15.40
         0,     0, 4,14:41:05,14:41:20,    15, 28.30, 43.30,-15.00
  12706655,  7064, 1,14:40:38,14:42:10,    92, 41.00, 23.70, 17.30
         0,     0, 1,14:42:18,14:42:35,    17, 23.70, 41.20,-17.50
  12706634,     0, 8,14:46:32,14:46:51,    19, 41.10, 41.00,  0.10
  12706634,     0, 8,14:47:28,14:48:24,    56, 38.00, 29.00,  9.00
  13008835,     0, 6,14:43:44,14:48:42,   298, 40.90, 40.90,  0.00
         0,     0, 8,14:48:33,14:48:46,    13, 29.00, 29.10, -0.10
  13008732,  7153, 4,14:48:30,14:48:56,    26, 43.80, 43.60,  0.20
  13008732,  7153, 3,14:49:12,14:52:10,   178, 45.70, 23.60, 22.10
         0,     0, 3,14:52:19,14:52:40,    21, 23.60, 23.60,  0.00
  13008815,     0, 7,14:05:41,14:53:12,  2851, 41.30, 28.50, 12.80
         0,     0, 7,14:53:20,14:53:28,     8, 28.50, 28.50,  0.00
  12448416,  6029, 3,14:54:31,14:56:44,   133, 46.10, 25.70, 20.40
  13008837,     0, 8,14:57:02,14:57:05,     3, 41.10, 41.10,  0.00
         0,     0, 3,14:56:52,14:57:10,    18, 25.70, 25.60,  0.10
  11954056,     0, 7,14:53:41,14:57:14,   213, 41.40, 24.90, 16.50
  11954075,  4105, 2,14:55:01,14:57:14,   133, 44.00, 27.50, 16.50
  13008768,     0, 6,14:49:01,14:57:20,   499, 40.90, 10.20, 30.70
         0,     0, 7,14:57:22,14:57:33,    11, 24.90, 41.60,-16.70
         0,     0, 2,14:57:22,14:57:38,    16, 27.50, 43.90,-16.40
         0,     0, 6,14:57:27,14:57:57,    30, 10.20, 10.30, -0.10
  12199969,     0, 9,15:00:44,15:02:30,   106, 41.10, 35.30,  5.80
         0,     0, 9,15:02:37,15:02:44,     7, 35.30, 41.00, -5.70
  21292347,  5120, 4,15:04:15,15:06:16,   121, 43.40, 34.60,  8.80
         0,     0, 4,15:06:24,15:06:32,     8, 34.60, 35.00, -0.40
  12706622,     0, 6,14:58:27,15:06:31,   484, 41.40, 41.20,  0.20
  13008802,     0, 9,15:13:20,15:13:37,    17, 41.00, 40.10,  0.90
  13008800,     0, 9,15:14:25,15:15:06,    41, 40.10, 37.50,  2.60
         0,     0, 9,15:15:14,15:15:18,     4, 37.50, 41.00, -3.50
  13008837,     0, 7,14:57:57,15:17:49,  1192, 41.60, 28.80, 12.80
         0,     0, 7,15:17:57,15:18:05,     8, 28.80, 41.60,-12.80
  13008802,     0, 9,15:17:25,15:18:47,    82, 41.10, 33.60,  7.50
         0,     0, 9,15:18:55,15:19:05,    10, 33.60, 40.90, -7.30
  12448437,  6050, 8,15:20:00,15:20:06,     6, 41.10, 41.10,  0.00
  13008815,     0, 7,15:18:16,15:20:12,   116, 41.40, 33.30,  8.10
         0,     0, 7,15:20:20,15:20:25,     5, 33.30, 41.40, -8.10
  12448437,  6050, 8,15:20:33,15:23:01,   148, 40.90, 33.50,  7.40
         0,     0, 8,15:23:09,15:23:17,     8, 33.50, 41.10, -7.60
  21306958,  5124, 8,15:23:28,15:24:26,    58, 41.10, 40.90,  0.20
  13323434,     0, 9,15:25:15,15:25:24,     9, 40.40, 40.20,  0.20
  12200083,     0, 9,15:25:48,15:26:09,    21, 40.20, 40.10,  0.10
  12200083,     0, 9,15:26:32,15:27:45,    73, 40.10, 33.10,  7.00
         0,     0, 9,15:27:54,15:28:04,    10, 33.10, 41.00, -7.90
  13008835,     0, 6,15:07:26,15:32:32,  1506, 41.20, 29.00, 12.20
  13008737,     0, 8,15:29:33,15:32:32,   179, 40.80, 22.50, 18.30
         0,     0, 6,15:32:39,15:32:51,    12, 29.00, 41.40,-12.40
         0,     0, 8,15:32:40,15:33:00,    20, 22.50, 22.70, -0.20
  13323434,     0, 9,15:36:12,15:36:50,    38, 41.10, 39.90,  1.20
         0,     0, 9,15:36:59,15:37:00,     1, 39.90, 41.00, -1.10
  21306958,  5124, 8,15:36:56,15:38:17,    81, 41.20, 40.80,  0.40
  13323434,     0, 9,15:37:50,15:38:57,    67, 38.50, 33.50,  5.00
         0,     0, 9,15:39:05,15:39:15,    10, 33.50, 41.10, -7.60
  11953978,  4008, 2,15:42:48,15:44:24,    96, 44.00, 29.80, 14.20
         0,     0, 2,15:44:32,15:44:45,    13, 29.80, 44.00,-14.20
  12706669,  7078, 3,15:44:58,15:46:01,    63, 45.90, 38.10,  7.80
         0,     0, 3,15:46:08,15:46:15,     7, 38.10, 37.90,  0.20
  12706726,  7135, 1,15:45:47,15:47:47,   120, 41.20, 30.10, 11.10
         0,     0, 1,15:47:55,15:48:05,    10, 30.10, 41.30,-11.20
  12448409,  6022, 2,15:48:12,15:48:20,     8, 44.00, 44.00,  0.00
  12199981,  5035, 3,15:48:28,15:48:34,     6, 46.10, 46.80, -0.70
  12199981,  5035, 4,15:48:51,15:49:48,    57, 43.70, 30.20, 13.50
         0,     0, 4,15:49:56,15:50:09,    13, 30.20, 43.10,-12.90
  21268104,  6067, 5,15:48:31,15:50:25,   114, 40.80, 28.70, 12.10
         0,     0, 5,15:50:32,15:50:43,    11, 28.70, 40.80,-12.10
  12448409,  6022, 1,15:48:24,15:50:42,   138, 41.30, 22.20, 19.10
         0,     0, 1,15:50:51,15:51:09,    18, 22.20, 41.20,-19.00
  12706616,  7025, 1,15:55:00,15:56:17,    77, 41.20, 25.10, 16.10
         0,     0, 1,15:56:25,15:56:40,    15, 25.10, 41.30,-16.20
  12706624,  7033, 6,15:33:09,15:57:35,  1466, 41.50, 29.50, 12.00
         0,     0, 6,15:57:42,15:57:54,    12, 29.50, 41.40,-11.90
  12706727,  7136, 1,15:58:53,16:00:38,   105, 41.30, 21.10, 20.20
         0,     0, 1,16:00:47,16:01:06,    19, 21.10, 41.30,-20.20
  12448449,  6062, 2,16:00:10,16:01:28,    78, 44.00, 34.60,  9.40
         0,     0, 2,16:01:36,16:01:45,     9, 34.60, 44.00, -9.40
  13008820,     0, 9,15:58:16,16:01:50,   214, 41.10, 38.20,  2.90
  12448449,  6062, 1,16:01:31,16:01:56,    25, 41.30, 35.70,  5.60
         0,     0, 9,16:01:59,16:02:02,     3, 38.20, 41.10, -2.90
         0,     0, 1,16:02:04,16:02:08,     4, 35.70, 41.20, -5.50
  13008756,  7115, 1,16:03:14,16:04:44,    90, 41.20, 26.00, 15.20
         0,     0, 1,16:04:52,16:05:06,    14, 26.00, 41.30,-15.30
  12200007,  5061, 2,16:04:59,16:06:43,   104, 44.00, 25.00, 19.00
         0,     0, 2,16:06:51,16:07:09,    18, 25.00, 44.10,-19.10
  12706707,  7116, 2,16:07:20,16:07:25,     5, 44.00, 44.10, -0.10
  12706707,  7116, 2,16:07:37,16:08:21,    44, 44.10, 37.60,  6.50
         0,     0, 2,16:08:29,16:08:34,     5, 37.60, 43.90, -6.30
  21306958,  5124, 8,16:10:12,16:10:32,    20, 40.80, 38.50,  2.30
         0,     0, 8,16:10:41,16:10:43,     2, 38.50, 41.10, -2.60
  11499202,     0, 6,15:58:04,16:11:04,   780, 41.40, 35.50,  5.90
         0,     0, 6,16:11:12,16:11:17,     5, 35.50, 41.40, -5.90
  12706636,  7045, 3,16:11:58,16:14:10,   132, 45.50, 29.00, 16.50
         0,     0, 3,16:14:18,16:14:33,    15, 29.00, 28.90,  0.10
  21306958,  5124, 7,15:24:31,16:15:27,  3056, 41.40, 33.50,  7.90
         0,     0, 7,16:15:34,16:15:39,     5, 33.50, 41.60, -8.10
  13008779,     0, 7,16:16:51,16:16:58,     7, 29.30, 29.30,  0.00
         0,     0, 7,16:17:06,16:17:13,     7, 29.30, 41.60,-12.30
  13008765,     0,10,16:17:32,16:18:40,    68, 38.30, 29.40,  8.90
         0,     0,10,16:18:48,16:19:00,    12, 29.40, 41.20,-11.80
  12706669,  7078, 2,16:19:44,16:20:36,    52, 43.90, 34.70,  9.20
         0,     0, 2,16:20:43,16:20:52,     9, 34.70, 43.90, -9.20
  12706686,  7095, 1,16:18:47,16:21:26,   159, 41.30, 27.40, 13.90
         0,     0, 1,16:21:33,16:21:46,    13, 27.40, 41.30,-13.90
  12706650,  7059, 5,16:22:02,16:23:49,   107, 40.80, 30.00, 10.80
         0,     0, 5,16:23:56,16:24:08,    12, 30.00, 40.70,-10.70
  13008735,  7156, 4,16:24:46,16:24:52,     6, 43.30, 43.50, -0.20
  13008797,     0, 6,16:12:14,16:26:48,   874, 41.40, 19.20, 22.20
  12706707,  7116, 2,16:26:08,16:26:55,    47, 43.90, 40.80,  3.10
         0,     0, 2,16:27:02,16:27:04,     2, 40.80, 43.70, -2.90
  12448473,  6086, 1,16:26:27,16:27:08,    41, 41.30, 36.60,  4.70
  13008735,  7156, 3,16:25:07,16:27:13,   126, 47.20, 40.00,  7.20
         0,     0, 6,16:26:55,16:27:18,    23, 19.20, 41.50,-22.30
         0,     0, 1,16:27:16,16:27:20,     4, 36.60, 41.20, -4.60
         0,     0, 3,16:27:20,16:27:25,     5, 40.00, 39.90,  0.10
  11499161,  2051, 4,16:25:09,16:27:57,   168, 43.40, 25.20, 18.20
  12448471,  6084, 3,16:27:35,16:28:08,    33, 46.20, 41.00,  5.20
         0,     0, 3,16:28:17,16:28:21,     4, 41.00, 40.90,  0.10
         0,     0, 4,16:28:05,16:28:24,    19, 25.20, 43.20,-18.00
  12448473,  6086, 2,16:27:52,16:29:21,    89, 43.70, 25.10, 18.60
         0,     0, 2,16:29:28,16:29:46,    18, 25.10, 43.90,-18.80
  12448471,  6084, 4,16:28:52,16:30:07,    75, 43.50, 31.70, 11.80
         0,     0, 4,16:30:15,16:30:26,    11, 31.70, 43.20,-11.50
  11953978,  4008, 2,16:29:57,16:30:39,    42, 43.80, 37.10,  6.70
         0,     0, 2,16:30:47,16:30:52,     5, 37.10, 43.80, -6.70
  12448428,  6041, 3,16:30:35,16:31:56,    81, 45.60, 26.80, 18.80
         0,     0, 3,16:32:03,16:32:21,    18, 26.80, 26.70,  0.10
  12448437,  6050, 7,16:17:23,16:32:36,   913, 41.60, 31.00, 10.60
         0,     0, 7,16:32:44,16:32:50,     6, 31.00, 31.00,  0.00
  12706701,  7110, 4,16:31:30,16:34:36,   186, 43.40, 31.90, 11.50
         0,     0, 4,16:34:45,16:34:56,    11, 31.90, 43.40,-11.50
  13008765,     0, 9,16:35:23,16:35:33,    10, 34.20, 34.20,  0.00
         0,     0, 9,16:35:41,16:35:50,     9, 34.20, 40.90, -6.70
  11954014,  4044, 2,16:38:11,16:38:46,    35, 43.90, 30.10, 13.80
         0,     0, 2,16:38:55,16:39:08,    13, 30.10, 44.00,-13.90
  12199988,  5042, 2,16:39:36,16:40:04,    28, 44.00, 43.10,  0.90
  13008732,  7153, 5,16:38:34,16:41:01,   147, 40.70, 38.90,  1.80
  12199988,  5042, 2,16:40:14,16:41:04,    50, 43.20, 40.90,  2.30
         0,     0, 5,16:41:10,16:41:12,     2, 38.90, 41.00, -2.10
         0,     0, 2,16:41:12,16:41:13,     1, 40.90, 43.90, -3.00
  12199988,  5042, 1,16:41:30,16:42:09,    39, 41.20, 32.50,  8.70
         0,     0, 1,16:42:18,16:42:26,     8, 32.50, 41.30, -8.80
  12706651,  7060, 5,16:41:23,16:43:10,   107, 41.00, 25.10, 15.90
         0,     0, 5,16:43:19,16:43:35,    16, 25.10, 40.80,-15.70
  12706634,     0, 8,16:44:07,16:44:08,     1, 41.10, 41.10,  0.00
  12706705,  7114, 3,16:45:03,16:45:21,    18, 46.50, 47.60, -1.10
  21268825,  6087, 2,16:43:59,16:45:52,   113, 43.80, 25.00, 18.80
  13008789,     0, 7,16:43:40,16:45:58,   138, 38.90, 38.80,  0.10
         0,     0, 7,16:46:05,16:46:06,     1, 38.80, 41.30, -2.50
         0,     0, 2,16:46:01,16:46:19,    18, 25.00, 43.90,-18.90
  12706624,  7033, 6,16:37:56,16:46:56,   540, 41.50, 41.50,  0.00
  12448521,     0, 7,16:46:24,16:49:53,   209, 40.60, 27.70, 12.90
         0,     0, 7,16:50:00,16:50:09,     9, 27.70, 41.70,-14.00
  12200046,  5100, 4,16:49:57,16:50:39,    42, 43.70, 34.10,  9.60
         0,     0, 4,16:50:46,16:50:55,     9, 34.10, 43.40, -9.30
  12706738,  7147, 2,16:47:59,16:51:27,   208, 44.00, 29.40, 14.60
         0,     0, 2,16:51:34,16:51:48,    14, 29.40, 43.90,-14.50
  13008756,  7115, 5,16:51:13,16:52:13,    60, 40.80, 29.40, 11.40
         0,     0, 5,16:52:21,16:52:32,    11, 29.40, 40.80,-11.40
  12706705,  7114, 1,16:50:16,16:53:10,   174, 41.30, 21.00, 20.30
         0,     0, 1,16:53:18,16:53:37,    19, 21.00, 41.30,-20.30
  21268104,  6067, 2,16:53:33,16:55:06,    93, 43.90, 33.40, 10.50
         0,     0, 2,16:55:15,16:55:25,    10, 33.40, 43.90,-10.50
  21268104,  6067, 1,16:56:19,16:56:48,    29, 41.30, 37.60,  3.70
         0,     0, 1,16:56:55,16:56:58,     3, 37.60, 41.30, -3.70
  13008762,     0, 6,16:47:06,16:57:05,   599, 41.50, 30.10, 11.40
         0,     0, 6,16:57:13,16:57:23,    10, 30.10, 41.50,-11.40
  12448479,  6092, 2,16:57:25,16:59:08,   103, 43.90, 29.00, 14.90
         0,     0, 2,16:59:16,16:59:30,    14, 29.00, 43.90,-14.90
  13008735,  7156, 3,16:58:25,16:59:47,    82, 46.40, 39.50,  6.90
         0,     0, 3,16:59:54,17:00:00,     6, 39.50, 39.30,  0.20
  12706636,  7045, 5,17:01:15,17:02:35,    80, 40.80, 29.70, 11.10
         0,     0, 5,17:02:43,17:02:54,    11, 29.70, 40.80,-11.10
  12199986,     0, 8,17:01:16,17:03:07,   111, 41.00, 22.30, 18.70
         0,     0, 8,17:03:16,17:03:36,    20, 22.30, 22.40, -0.10
  11954075,  4105, 2,17:03:21,17:04:01,    40, 43.90, 36.60,  7.30
         0,     0, 2,17:04:09,17:04:15,     6, 36.60, 43.90, -7.30
  11954075,  4105, 1,17:04:47,17:05:14,    27, 41.30, 34.90,  6.40
         0,     0, 1,17:05:21,17:05:26,     5, 34.90, 41.20, -6.30
  11499161,  2051, 2,17:05:40,17:06:12,    32, 43.90, 43.60,  0.30
  12706624,  7033, 6,17:01:49,17:06:24,   275, 41.50, 35.70,  5.80
         0,     0, 6,17:06:32,17:06:37,     5, 35.70, 41.50, -5.80
  11499161,  2051, 1,17:06:17,17:06:38,    21, 41.20, 40.60,  0.60
  13008742,  7163, 1,17:06:48,17:07:44,    56, 40.60, 40.40,  0.20
  11724239,  3139, 1,17:08:04,17:08:38,    34, 40.40, 40.20,  0.20
  13008742,  7163, 2,17:07:56,17:08:43,    47, 43.60, 43.30,  0.30
  12200007,  5061, 3,17:09:34,17:10:28,    54, 47.20, 38.70,  8.50
         0,     0, 3,17:10:35,17:10:42,     7, 38.70, 38.70,  0.00
  13008742,  7163, 1,17:09:00,17:11:43,   163, 40.20, 18.30, 21.90
  11724239,  3139, 2,17:09:05,17:11:56,   171, 43.30, 33.70,  9.60
         0,     0, 1,17:11:50,17:12:12,    22, 18.30, 41.20,-22.90
         0,     0, 2,17:12:05,17:12:15,    10, 33.70, 44.00,-10.30
  13008835,     0, 6,17:07:03,17:14:47,   464, 41.50, 33.60,  7.90
         0,     0, 6,17:14:55,17:15:02,     7, 33.60, 33.70, -0.10
  12706701,  7110, 5,17:13:49,17:17:03,   194, 40.80, 28.40, 12.40
         0,     0, 5,17:17:11,17:17:23,    12, 28.40, 40.90,-12.50
  12448409,  6022, 4,17:19:36,17:19:36,     0, 43.40, 43.70, -0.30
  12706710,  7119, 1,17:18:02,17:20:11,   129, 41.20, 25.40, 15.80
         0,     0, 1,17:20:19,17:20:34,    15, 25.40, 41.30,-15.90
  13323358,     0, 9,17:21:08,17:21:09,     1, 39.40, 39.40,  0.00
         0,     0, 9,17:21:17,17:21:18,     1, 39.40, 40.80, -1.40
  12448451,  6064, 2,17:16:53,17:21:26,   273, 44.00, 23.00, 21.00
  13323358,     0, 9,17:21:33,17:21:35,     2, 39.20, 39.20,  0.00
  12448409,  6022, 3,17:19:44,17:21:41,   117, 45.50, 30.70, 14.80
         0,     0, 9,17:21:42,17:21:44,     2, 39.20, 41.10, -1.90
         0,     0, 2,17:21:33,17:21:54,    21, 23.00, 43.90,-20.90
         0,     0, 3,17:21:49,17:22:04,    15, 30.70, 46.20,-15.50
  12706655,  7064, 1,17:20:44,17:23:11,   147, 41.30, 26.10, 15.20
         0,     0, 1,17:23:19,17:23:33,    14, 26.10, 41.30,-15.20
  12448483,  6096, 2,17:22:29,17:24:25,   116, 44.00, 41.60,  2.40
         0,     0, 2,17:24:32,17:24:33,     1, 41.60, 43.90, -2.30
  12448483,  6096, 1,17:24:53,17:26:07,    74, 41.30, 24.00, 17.30
         0,     0, 1,17:26:16,17:26:32,    16, 24.00, 41.20,-17.20
  12706618,     0, 9,17:26:04,17:27:10,    66, 41.10, 32.50,  8.60
         0,     0, 9,17:27:18,17:27:29,    11, 32.50, 41.10, -8.60
  12199988,  5042, 5,17:27:34,17:27:58,    24, 40.90, 39.90,  1.00
         0,     0, 5,17:28:06,17:28:06,     0, 39.90, 40.60, -0.70
  12199988,  5042, 5,17:28:16,17:29:21,    65, 40.60, 31.30,  9.30
         0,     0, 5,17:29:29,17:29:39,    10, 31.30, 40.80, -9.50
  13008833,     0, 6,17:20:03,17:30:06,   603, 41.40, 25.30, 16.10
         0,     0, 6,17:30:14,17:30:29,    15, 25.30, 41.50,-16.20
  12448448,  6061, 1,17:30:19,17:30:38,    19, 41.20, 41.20,  0.00
  12448521,     0, 8,17:31:00,17:31:24,    24, 41.20, 40.50,  0.70
  12448521,     0, 8,17:31:37,17:31:42,     5, 40.50, 40.10,  0.40
  13008789,     0, 7,16:50:19,17:31:57,  2498, 41.80, 21.50, 20.30
  12448521,     0, 8,17:31:58,17:31:59,     1, 38.20, 38.20,  0.00
  12448448,  6061, 2,17:30:43,17:32:00,    77, 43.90, 43.50,  0.40
         0,     0, 8,17:32:07,17:32:10,     3, 38.20, 40.50, -2.30
         0,     0, 7,17:32:05,17:32:18,    13, 21.50, 21.50,  0.00
  12448521,     0, 8,17:32:45,17:32:46,     1, 34.10, 34.10,  0.00
         0,     0, 8,17:32:54,17:33:01,     7, 34.10, 41.10, -7.00
  12448415,     0, 7,17:32:37,17:33:02,    25, 41.60, 41.50,  0.10
  11954075,  4105, 1,17:32:23,17:33:08,    45, 41.20, 33.00,  8.20
  12448448,  6061, 2,17:32:33,17:33:11,    38, 43.50, 43.40,  0.10
         0,     0, 1,17:33:15,17:33:22,     7, 33.00, 41.20, -8.20
  12706651,  7060, 5,17:32:22,17:33:47,    85, 40.80, 30.00, 10.80
         0,     0, 5,17:33:55,17:34:05,    10, 30.00, 40.90,-10.90
  13323451,     0, 9,17:33:39,17:35:40,   121, 41.10, 31.50,  9.60
  11954014,  4044, 5,17:34:42,17:35:54,    72, 40.90, 25.50, 15.40
         0,     0, 9,17:35:49,17:36:02,    13, 31.50, 41.10, -9.60
         0,     0, 5,17:36:03,17:36:17,    14, 25.50, 40.80,-15.30
  12448415,     0, 8,17:33:21,17:36:53,   212, 41.10, 23.80, 17.30
  12448448,  6061, 2,17:36:55,17:37:13,    18, 43.40, 43.40,  0.00
         0,     0, 8,17:37:01,17:37:20,    19, 23.80, 41.10,-17.30
  12706705,  7114, 3,17:36:22,17:38:36,   134, 46.40, 36.40, 10.00
         0,     0, 3,17:38:43,17:38:52,     9, 36.40, 36.30,  0.10
  12448449,  6062, 4,17:40:33,17:40:53,    20, 43.70, 43.20,  0.50
  11724239,  3139, 1,17:38:21,17:41:16,   175, 41.20, 30.20, 11.00
         0,     0, 1,17:41:25,17:41:35,    10, 30.20, 41.30,-11.10
  12448448,  6061, 2,17:41:36,17:42:34,    58, 43.40, 43.40,  0.00
  12448448,  6061, 2,17:42:45,17:43:08,    23, 43.40, 43.30,  0.10
  21268825,  6087, 2,17:43:20,17:45:25,   125, 43.30, 34.10,  9.20
         0,     0, 2,17:45:33,17:45:42,     9, 34.10, 44.00, -9.90
  12448449,  6062, 4,17:44:35,17:46:17,   102, 43.10, 30.10, 13.00
         0,     0, 4,17:46:25,17:46:38,    13, 30.10, 43.50,-13.40
  11953978,  4008, 2,17:46:31,17:46:40,     9, 44.00, 44.00,  0.00
  12448477,  6090, 3,17:47:51,17:50:01,   130, 46.30, 33.30, 13.00
         0,     0, 3,17:50:08,17:50:19,    11, 33.30, 33.20,  0.10
  12448473,  6086, 2,17:50:38,17:51:03,    25, 44.00, 42.10,  1.90
  12706726,  7135, 2,17:51:18,17:52:02,    44, 42.10, 42.10,  0.00
  12448448,  6061, 1,17:47:24,17:52:21,   297, 41.20, 16.70, 24.50
         0,     0, 1,17:52:29,17:52:53,    24, 16.70, 41.20,-24.50
  12706659,  7068, 2,17:53:33,17:53:57,    24, 42.10, 42.00,  0.10
  11954050,  4080, 1,17:53:05,17:54:00,    55, 41.20, 38.90,  2.30
         0,     0, 2,17:54:04,17:54:04,     0, 42.00, 43.80, -1.80
         0,     0, 1,17:54:08,17:54:09,     1, 38.90, 41.40, -2.50
  12200046,  5100, 2,17:54:14,17:54:59,    45, 43.70, 35.00,  8.70
  12706659,  7068, 1,17:54:22,17:55:10,    48, 41.30, 37.20,  4.10
         0,     0, 2,17:55:08,17:55:16,     8, 35.00, 43.90, -8.90
         0,     0, 1,17:55:17,17:55:20,     3, 37.20, 41.30, -4.10
  12706659,  7068, 2,17:55:26,17:55:54,    28, 43.90, 39.00,  4.90
         0,     0, 2,17:56:02,17:56:06,     4, 39.00, 43.90, -4.90
  11954050,  4080, 3,17:55:25,17:56:32,    67, 46.00, 34.10, 11.90
  12200007,  5061, 4,17:56:08,17:56:36,    28, 43.60, 39.90,  3.70
         0,     0, 4,17:56:44,17:56:47,     3, 39.90, 43.10, -3.20
         0,     0, 3,17:56:39,17:56:50,    11, 34.10, 33.90,  0.20
  11953978,  4008, 2,17:56:16,17:57:04,    48, 44.00, 31.60, 12.40
         0,     0, 2,17:57:12,17:57:23,    11, 31.60, 43.90,-12.30
  12200007,  5061, 4,17:57:10,17:58:01,    51, 43.10, 37.00,  6.10
         0,     0, 4,17:58:09,17:58:15,     6, 37.00, 43.40, -6.40
  11724159,     0, 6,17:51:21,17:59:30,   489, 41.50, 41.30,  0.20
  12706726,  7135, 5,17:57:24,17:59:41,   137, 40.80, 26.60, 14.20
         0,     0, 5,17:59:49,18:00:03,    14, 26.60, 40.90,-14.30
  13008737,     0, 8,17:59:23,18:00:04,    41, 41.00, 39.60,  1.40
         0,     0, 8,18:00:13,18:00:14,     1, 39.60, 41.00, -1.40
  13008737,     0, 8,18:01:51,18:01:53,     2, 24.60, 24.70, -0.10
         0,     0, 8,18:02:01,18:02:18,    17, 24.70, 41.00,-16.30
  13323427,     0, 8,18:04:59,18:05:36,    37, 41.00, 40.90,  0.10
  12706700,  7109, 3,18:07:56,18:09:00,    64, 46.80, 31.40, 15.40
         0,     0, 3,18:09:08,18:09:21,    13, 31.40, 31.20,  0.20
  13008779,     0, 7,17:36:28,18:10:00,  2012, 41.50, 35.60,  5.90
         0,     0, 7,18:10:08,18:10:11,     3, 35.60, 41.40, -5.80
  11724159,     0, 6,18:00:19,18:10:38,   619, 41.30, 24.70, 16.60
         0,     0, 6,18:10:46,18:11:02,    16, 24.70, 41.50,-16.80
  12448471,  6084, 1,18:11:56,18:13:07,    71, 41.30, 33.70,  7.60
         0,     0, 1,18:13:14,18:13:20,     6, 33.70, 41.20, -7.50
  12199969,     0, 9,18:09:11,18:14:15,   304, 41.10, 36.20,  4.90
         0,     0, 9,18:14:23,18:14:29,     6, 36.20, 41.10, -4.90
  12706639,  7048, 4,18:14:42,18:15:59,    77, 43.60, 30.50, 13.10
         0,     0, 4,18:16:07,18:16:19,    12, 30.50, 43.30,-12.80
  12200042,  5096, 1,18:17:46,18:20:16,   150, 41.20, 22.70, 18.50
  12706634,     0, 8,18:20:21,18:20:28,     7, 40.60, 40.70, -0.10
         0,     0, 1,18:20:24,18:20:41,    17, 22.70, 41.20,-18.50
  12706659,  7068, 2,18:23:21,18:23:46,    25, 43.90, 43.90,  0.00
  12199981,  5035, 2,18:23:55,18:24:03,     8, 43.90, 43.90,  0.00
  12199981,  5035, 3,18:24:54,18:25:48,    54, 46.20, 30.90, 15.30
         0,     0, 3,18:25:56,18:26:10,    14, 30.90, 30.70,  0.20
  12706659,  7068, 1,18:23:56,18:26:21,   145, 41.20, 22.60, 18.60
         0,     0, 1,18:26:29,18:26:47,    18, 22.60, 41.20,-18.60
  12448477,  6090, 1,18:27:38,18:28:37,    59, 41.20, 37.40,  3.80
         0,     0, 1,18:28:46,18:28:49,     3, 37.40, 41.30, -3.90
  12448477,  6090, 2,18:29:26,18:29:38,    12, 43.80, 42.20,  1.60
  13323427,     0, 8,18:29:15,18:30:14,    59, 40.70, 40.50,  0.20
  13323427,     0, 8,18:30:31,18:30:41,    10, 40.50, 40.40,  0.10
  12706686,  7095, 1,18:31:51,18:34:01,   130, 41.30, 39.80,  1.50
         0,     0, 1,18:34:09,18:34:09,     0, 39.80, 41.10, -1.30
  12706727,  7136, 2,18:33:36,18:34:10,    34, 42.20, 41.10,  1.10
         0,     0, 2,18:34:17,18:34:18,     1, 41.10, 44.00, -2.90
  12706686,  7095, 1,18:34:33,18:35:58,    85, 41.10, 30.70, 10.40
         0,     0, 1,18:36:06,18:36:16,    10, 30.70, 41.20,-10.50
  12706727,  7136, 1,18:36:27,18:37:57,    90, 41.20, 25.10, 16.10
  12706601,     0, 9,18:36:27,18:38:04,    97, 41.10, 34.20,  6.90
  21292347,  5120, 2,18:34:29,18:38:06,   217, 44.00, 22.60, 21.40
         0,     0, 1,18:38:04,18:38:20,    16, 25.10, 41.30,-16.20
         0,     0, 9,18:38:13,18:38:22,     9, 34.20, 41.00, -6.80
         0,     0, 2,18:38:14,18:38:35,    21, 22.60, 43.90,-21.30
  12706700,  7109, 2,18:39:34,18:40:16,    42, 44.00, 43.90,  0.10
  12706700,  7109, 2,18:40:28,18:41:20,    52, 43.90, 30.30, 13.60
         0,     0, 2,18:41:27,18:41:40,    13, 30.30, 43.90,-13.60
  13008768,     0, 6,18:26:38,18:46:28,  1190, 41.50, 21.70, 19.80
  11954050,  4080, 1,18:46:12,18:46:40,    28, 41.30, 40.40,  0.90
         0,     0, 6,18:46:36,18:46:55,    19, 21.70, 40.40,-18.70
  11954050,  4080, 1,18:46:52,18:48:06,    74, 40.40, 30.00, 10.40
         0,     0, 1,18:48:13,18:48:23,    10, 30.00, 41.30,-11.30
  12706707,  7116, 2,18:47:21,18:48:22,    61, 43.90, 37.90,  6.00
         0,     0, 2,18:48:31,18:48:36,     5, 37.90, 43.80, -5.90
  13008765,     0,10,18:49:02,18:49:41,    39, 38.90, 36.40,  2.50
         0,     0,10,18:49:50,18:49:54,     4, 36.40, 41.20, -4.80
  12706616,  7025, 1,18:49:01,18:50:19,    78, 41.30, 25.20, 16.10
         0,     0, 1,18:50:27,18:50:42,    15, 25.20, 41.20,-16.00
  12448442,  6055, 6,18:47:07,18:50:43,   216, 39.00, 17.50, 21.50
         0,     0, 6,18:50:50,18:51:13,    23, 17.50, 41.40,-23.90
  11954042,     0,10,18:51:31,18:52:05,    34, 41.20, 41.10,  0.10
  11954042,     0,10,18:52:22,18:52:33,    11, 41.10, 41.00,  0.10
  11954042,     0,10,18:52:48,18:52:59,    11, 40.90, 41.00, -0.10
  13008800,     0,10,18:57:28,18:58:20,    52, 38.90, 32.40,  6.50
         0,     0,10,18:58:28,18:58:37,     9, 32.40, 41.10, -8.70
  12448416,  6029, 2,18:57:30,18:59:42,   132, 43.80, 30.50, 13.30
         0,     0, 2,18:59:49,19:00:01,    12, 30.50, 43.90,-13.40
  12448521,     0, 8,19:02:09,19:02:14,     5, 39.20, 39.20,  0.00
         0,     0, 8,19:02:22,19:02:23,     1, 39.20, 40.30, -1.10
  11954042,     0, 9,18:59:26,19:02:59,   213, 41.10, 32.70,  8.40
         0,     0, 9,19:03:06,19:03:17,    11, 32.70, 41.00, -8.30
  12448521,     0, 8,19:02:33,19:03:30,    57, 39.70, 29.30, 10.40
         0,     0, 8,19:03:39,19:03:51,    12, 29.30, 29.40, -0.10
  12706624,  7033, 6,18:51:39,19:05:35,   836, 41.30, 33.30,  8.00
         0,     0, 6,19:05:43,19:05:50,     7, 33.30, 41.50, -8.20
  13008815,     0, 8,19:05:59,19:06:50,    51, 41.20, 39.30,  1.90
         0,     0, 8,19:06:58,19:06:59,     1, 39.30, 40.90, -1.60
  21306958,  5124, 7,18:25:34,19:07:17,  2503, 41.30, 22.40, 18.90
  13008792,     0,10,19:05:17,19:07:26,   129, 41.10, 25.30, 15.80
  12200042,  5096, 3,19:05:23,19:07:29,   126, 46.70, 32.60, 14.10
         0,     0, 7,19:07:25,19:07:37,    12, 22.40, 40.20,-17.80
         0,     0, 3,19:07:37,19:07:49,    12, 32.60, 33.00, -0.40
         0,     0,10,19:07:34,19:07:51,    17, 25.30, 41.20,-15.90
  12706609,  7018, 8,19:07:26,19:08:26,    60, 41.00, 38.70,  2.30
         0,     0, 8,19:08:35,19:08:37,     2, 38.70, 41.10, -2.40
  13008779,     0, 8,19:11:18,19:12:10,    52, 41.10, 35.90,  5.20
  12706686,  7095, 5,19:09:52,19:12:12,   140, 40.80, 36.10,  4.70
         0,     0, 8,19:12:19,19:12:24,     5, 35.90, 41.10, -5.20
         0,     0, 5,19:12:20,19:12:24,     4, 36.10, 36.10,  0.00
  13008779,     0, 8,19:12:42,19:12:59,    17, 41.10, 39.30,  1.80
         0,     0, 8,19:13:07,19:13:08,     1, 39.30, 40.90, -1.60
  12448479,  6092, 1,19:12:27,19:13:06,    39, 41.20, 38.60,  2.60
         0,     0, 1,19:13:15,19:13:17,     2, 38.60, 41.30, -2.70
  12448479,  6092, 2,19:13:10,19:13:15,     5, 43.80, 43.70,  0.10
  12706622,     0, 6,19:06:17,19:14:14,   477, 41.30, 27.40, 13.90
         0,     0, 6,19:14:22,19:14:34,    12, 27.40, 27.60, -0.20
  12448479,  6092, 1,19:13:34,19:14:52,    78, 41.30, 26.80, 14.50
  12706707,  7116, 2,19:13:32,19:14:52,    80, 43.70, 36.10,  7.60
         0,     0, 2,19:14:59,19:15:06,     7, 36.10, 43.90, -7.80
         0,     0, 1,19:14:59,19:15:13,    14, 26.80, 41.30,-14.50
  13008815,     0, 7,19:08:19,19:16:45,   506, 33.50, 33.40,  0.10
         0,     0, 7,19:16:53,19:16:58,     5, 33.40, 41.40, -8.00
  13008836,     0, 8,19:17:11,19:17:37,    26, 40.80, 40.80,  0.00
  12448428,  6041, 2,19:18:04,19:18:35,    31, 43.90, 38.60,  5.30
         0,     0, 2,19:18:42,19:18:46,     4, 38.60, 44.00, -5.40
  12448428,  6041, 1,19:20:02,19:20:31,    29, 41.30, 36.50,  4.80
  13008836,     0, 8,19:19:12,19:20:34,    82, 40.60, 39.30,  1.30
         0,     0, 8,19:20:41,19:20:42,     1, 39.30, 39.40, -0.10
         0,     0, 1,19:20:38,19:20:42,     4, 36.50, 41.30, -4.80
  13008836,     0, 8,19:21:07,19:21:36,    29, 38.20, 35.60,  2.60
         0,     0, 8,19:21:44,19:21:49,     5, 35.60, 41.10, -5.50
  13008800,     0,10,19:21:39,19:22:37,    58, 41.10, 31.60,  9.50
  13323434,     0, 9,19:21:27,19:22:43,    76, 41.10, 38.60,  2.50
         0,     0, 9,19:22:51,19:22:54,     3, 38.60, 41.00, -2.40
         0,     0,10,19:22:45,19:22:55,    10, 31.60, 41.20, -9.60
  13323434,     0, 9,19:23:34,19:23:35,     1, 40.10, 40.10,  0.00
         0,     0, 9,19:24:32,19:24:33,     1, 39.80, 40.70, -0.90
  13323434,     0, 9,19:24:46,19:25:03,    17, 40.30, 39.60,  0.70
         0,     0, 9,19:25:11,19:25:12,     1, 39.60, 40.70, -1.10
  13008833,     0, 6,19:14:52,19:26:04,   672, 40.40, 32.50,  7.90
         0,     0, 6,19:26:11,19:26:19,     8, 32.50, 41.40, -8.90
  13323434,     0, 9,19:25:33,19:26:18,    45, 39.50, 38.20,  1.30
         0,     0, 9,19:26:26,19:26:29,     3, 38.20, 41.00, -2.80
  13008802,     0, 9,19:31:08,19:32:12,    64, 41.00, 33.40,  7.60
         0,     0, 9,19:32:20,19:32:30,    10, 33.40, 41.10, -7.70
  12200083,     0, 9,19:32:53,19:32:55,     2, 41.10, 41.10,  0.00
  12200083,     0, 9,19:34:00,19:34:01,     1, 34.60, 34.60,  0.00
         0,     0, 9,19:34:09,19:34:17,     8, 34.60, 41.10, -6.50
  21292347,  5120, 1,19:35:41,19:36:54,    73, 41.30, 36.40,  4.90
         0,     0, 1,19:37:02,19:37:06,     4, 36.40, 41.20, -4.80
  13323358,     0,10,19:37:03,19:38:09,    66, 41.10, 30.80, 10.30
         0,     0,10,19:38:17,19:38:28,    11, 30.80, 41.10,-10.30
  13008836,     0, 7,19:17:42,19:39:53,  1331, 41.50, 36.80,  4.70
         0,     0, 7,19:40:01,19:40:04,     3, 36.80, 41.70, -4.90
  12706636,  7045, 1,19:42:11,19:42:26,    15, 41.20, 41.10,  0.10
  11499202,     0, 6,19:26:38,19:42:26,   948, 39.80, 33.40,  6.40
         0,     0, 6,19:42:34,19:42:41,     7, 33.40, 41.40, -8.00
  12706636,  7045, 1,19:42:36,19:42:45,     9, 41.10, 40.80,  0.30
  12706636,  7045, 2,19:42:52,19:44:17,    85, 44.00, 33.70, 10.30
         0,     0, 2,19:44:25,19:44:34,     9, 33.70, 44.00,-10.30
  11953978,  4008, 3,19:43:54,19:45:37,   103, 46.20, 31.60, 14.60
  12706637,  7046, 5,19:45:47,19:45:52,     5, 40.80, 40.70,  0.10
         0,     0, 3,19:45:45,19:45:58,    13, 31.60, 31.40,  0.20
  12706637,  7046, 5,19:46:03,19:46:32,    29, 40.80, 40.40,  0.40
  11724109,  6068, 1,19:42:55,19:46:46,   231, 40.80, 17.00, 23.80
         0,     0, 1,19:46:54,19:47:17,    23, 17.00, 41.30,-24.30
  21306958,  5124, 7,19:40:28,19:48:04,   456, 41.50, 35.20,  6.30
         0,     0, 7,19:48:12,19:48:16,     4, 35.20, 41.60, -6.40
  12706637,  7046, 5,19:46:43,19:48:21,    98, 40.50, 26.50, 14.00
         0,     0, 5,19:48:28,19:48:42,    14, 26.50, 40.80,-14.30
  12706707,  7116, 5,19:50:26,19:50:48,    22, 40.80, 40.40,  0.40
  13008837,     0, 8,19:49:48,19:50:53,    65, 41.20, 41.10,  0.10
  13008742,  7163, 2,19:48:19,19:52:23,   244, 44.00, 23.10, 20.90
         0,     0, 2,19:52:32,19:52:53,    21, 23.10, 44.00,-20.90
  13008837,     0, 8,19:51:38,19:54:14,   156, 41.10, 40.60,  0.50
  13008837,     0, 7,19:49:02,19:56:26,   444, 41.60, 41.50,  0.10
  12706710,  7119, 2,19:54:12,19:57:02,   170, 44.00, 24.40, 19.60
  12200048,     0, 8,19:54:58,19:57:05,   127, 40.40, 30.80,  9.60
         0,     0, 8,19:57:12,19:57:23,    11, 30.80, 41.10,-10.30
         0,     0, 2,19:57:11,19:57:30,    19, 24.40, 43.90,-19.50
  13008735,  7156, 3,19:56:21,19:59:05,   164, 46.40, 33.80, 12.60
         0,     0, 3,19:59:13,19:59:24,    11, 33.80, 34.00, -0.20
  13008756,  7115, 2,19:58:53,20:00:13,    80, 44.00, 30.50, 13.50
         0,     0, 2,20:00:21,20:00:34,    13, 30.50, 44.00,-13.50
  12199981,  5035, 5,20:01:27,20:02:16,    49, 40.40, 26.70, 13.70
         0,     0, 5,20:02:23,20:02:36,    13, 26.70, 41.00,-14.30
  21268104,  6067, 1,20:02:53,20:02:55,     2, 41.30, 41.30,  0.00
  13323427,     0, 8,19:59:54,20:03:02,   188, 41.10, 26.60, 14.50
  13008815,     0, 7,19:56:43,20:03:13,   390, 40.60, 31.90,  8.70
         0,     0, 7,20:03:20,20:03:26,     6, 31.90, 32.00, -0.10
         0,     0, 8,20:03:10,20:03:27,    17, 26.60, 41.00,-14.40
  13008820,     0, 9,20:04:26,20:05:14,    48, 40.90, 40.60,  0.30
  12448409,  6022, 1,20:04:05,20:06:06,   121, 41.30, 29.00, 12.30
         0,     0, 1,20:06:14,20:06:25,    11, 29.00, 41.20,-12.20
  12706738,  7147, 2,20:03:16,20:06:53,   217, 44.00, 26.10, 17.90
         0,     0, 2,20:07:02,20:07:19,    17, 26.10, 43.80,-17.70
  12448479,  6092, 3,20:05:59,20:07:23,    84, 46.20, 40.10,  6.10
  13008820,     0, 9,20:05:56,20:07:24,    88, 40.30, 39.10,  1.20
         0,     0, 9,20:07:32,20:07:34,     2, 39.10, 41.10, -2.00
         0,     0, 3,20:07:32,20:07:37,     5, 40.10, 40.40, -0.30
  13008820,     0, 9,20:07:53,20:08:07,    14, 40.50, 40.10,  0.40
  12199988,  5042, 4,20:06:35,20:08:38,   123, 43.50, 22.80, 20.70
         0,     0, 4,20:08:46,20:09:06,    20, 22.80, 43.30,-20.50
  12706700,  7109, 5,20:09:05,20:09:42,    37, 40.90, 32.40,  8.50
         0,     0, 5,20:09:49,20:09:57,     8, 32.40, 40.90, -8.50
  13008833,     0, 6,19:43:16,20:11:06,  1670, 41.40, 24.80, 16.60
         0,     0, 6,20:11:13,20:11:29,    16, 24.80, 41.50,-16.70
  13323450,     0, 9,20:12:17,20:12:39,    22, 40.00, 40.00,  0.00
         0,     0, 9,20:12:47,20:12:47,     0, 40.00, 40.90, -0.90
  13323450,     0, 9,20:13:54,20:13:55,     1, 36.20, 36.20,  0.00
         0,     0, 9,20:14:03,20:14:09,     6, 36.20, 41.00, -4.80
  11954075,  4105, 1,20:14:36,20:15:50,    74, 41.20, 25.70, 15.50
         0,     0, 1,20:15:59,20:16:14,    15, 25.70, 41.20,-15.50
  13008789,     0, 7,20:03:46,20:17:51,   845, 41.10, 29.30, 11.80
         0,     0, 7,20:17:59,20:18:06,     7, 29.30, 41.60,-12.30
  12706636,  7045, 3,20:17:27,20:19:15,   108, 46.10, 38.40,  7.70
         0,     0, 3,20:19:23,20:19:30,     7, 38.40, 38.40,  0.00
  13323358,     0,10,20:20:04,20:20:33,    29, 41.00, 40.30,  0.70
  13323358,     0,10,20:20:52,20:21:29,    37, 40.30, 38.00,  2.30
         0,     0,10,20:21:38,20:21:41,     3, 38.00, 41.20, -3.20
  11724239,  3139, 2,20:16:28,20:22:22,   354, 43.80, 23.10, 20.70
         0,     0, 2,20:22:30,20:22:50,    20, 23.10, 44.00,-20.90
  13008779,     0, 7,20:18:37,20:23:38,   301, 36.80, 36.70,  0.10
         0,     0, 7,20:23:45,20:23:47,     2, 36.70, 41.50, -4.80
  11724239,  3139, 2,20:23:09,20:24:03,    54, 44.00, 38.40,  5.60
         0,     0, 2,20:24:11,20:24:15,     4, 38.40, 44.00, -5.60
  12706727,  7136, 1,20:24:18,20:24:37,    19, 41.20, 41.00,  0.20
  21268104,  6067, 1,20:25:00,20:26:03,    63, 41.00, 33.40,  7.60
         0,     0, 1,20:26:11,20:26:18,     7, 33.40, 41.20, -7.80
  21268104,  6067, 2,20:26:43,20:26:57,    14, 44.00, 42.00,  2.00
  12706707,  7116, 1,20:27:27,20:27:51,    24, 41.20, 38.20,  3.00
         0,     0, 1,20:27:59,20:28:01,     2, 38.20, 41.30, -3.10
  12706707,  7116, 1,20:28:15,20:28:43,    28, 41.30, 37.30,  4.00
         0,     0, 1,20:28:51,20:28:54,     3, 37.30, 41.30, -4.00
  12448415,     0, 7,20:24:03,20:28:56,   293, 41.40, 27.90, 13.50
         0,     0, 7,20:29:03,20:29:11,     8, 27.90, 28.00, -0.10
  11724159,     0, 6,20:11:43,20:29:56,  1093, 39.60, 37.30,  2.30
         0,     0, 6,20:30:04,20:30:07,     3, 37.30, 37.30,  0.00
  12200046,  5100, 4,20:30:20,20:31:11,    51, 43.70, 33.90,  9.80
         0,     0, 4,20:31:18,20:31:27,     9, 33.90, 43.30, -9.40
  12200048,     0, 8,20:29:04,20:32:21,   197, 41.00, 36.70,  4.30
         0,     0, 8,20:32:29,20:32:33,     4, 36.70, 41.10, -4.40
  13008815,     0, 8,20:33:21,20:33:23,     2, 41.00, 41.00,  0.00
  13008732,  7153, 3,20:31:45,20:34:22,   157, 45.70, 30.70, 15.00
  12706710,  7119, 4,20:34:10,20:34:23,    13, 43.70, 43.60,  0.10
  11954075,  4105, 2,20:33:43,20:34:25,    42, 42.00, 35.70,  6.30
         0,     0, 2,20:34:33,20:34:40,     7, 35.70, 43.80, -8.10
         0,     0, 3,20:34:29,20:34:42,    13, 30.70, 30.30,  0.40
  13008732,  7153, 4,20:34:39,20:34:59,    20, 43.70, 42.80,  0.90
  12448442,  6055, 6,20:30:17,20:36:11,   354, 41.40, 41.40,  0.00
  13008732,  7153, 3,20:35:27,20:36:14,    47, 46.10, 34.90, 11.20
         0,     0, 3,20:36:22,20:36:32,    10, 34.90, 34.80,  0.10
  13008735,  7156, 2,20:36:38,20:38:35,   117, 43.90, 37.10,  6.80
         0,     0, 2,20:38:43,20:38:49,     6, 37.10, 44.00, -6.90
  12706650,  7059, 3,20:37:07,20:39:21,   134, 46.10, 32.90, 13.20
         0,     0, 3,20:39:29,20:39:41,    12, 32.90, 32.80,  0.10
  12448473,  6086, 2,20:39:05,20:40:37,    92, 44.00, 27.90, 16.10
         0,     0, 2,20:40:46,20:41:01,    15, 27.90, 44.00,-16.10
  12706624,  7033, 6,20:36:22,20:41:02,   280, 41.40, 41.30,  0.10
  12706637,  7046, 4,20:42:33,20:43:37,    64, 42.00, 37.50,  4.50
         0,     0, 4,20:43:45,20:43:50,     5, 37.50, 43.40, -5.90
  11724109,  6068, 1,20:41:54,20:44:02,   128, 41.20, 30.40, 10.80
         0,     0, 1,20:44:10,20:44:20,    10, 30.40, 41.30,-10.90
  12706637,  7046, 3,20:43:46,20:44:45,    59, 45.50, 37.40,  8.10
         0,     0, 3,20:44:54,20:45:02,     8, 37.40, 37.30,  0.10
  12448442,  6055, 6,20:41:20,20:49:55,   515, 41.30, 32.00,  9.30
         0,     0, 6,20:50:03,20:50:11,     8, 32.00, 41.40, -9.40
  13008837,     0, 8,20:51:58,20:52:18,    20, 41.00, 40.90,  0.10
  13008837,     0, 8,20:52:32,20:52:34,     2, 40.90, 40.90,  0.00
  13008815,     0, 7,20:30:07,20:52:42,  1355, 35.40, 28.80,  6.60
         0,     0, 7,20:52:49,20:52:57,     8, 28.80, 41.50,-12.70
  13008837,     0, 8,20:53:19,20:53:20,     1, 41.00, 41.00,  0.00
  13008837,     0, 7,20:53:10,20:53:39,    29, 41.50, 41.50,  0.00
  13008836,     0, 8,20:53:53,20:53:55,     2, 40.90, 40.90,  0.00
  13008837,     0, 8,20:54:12,20:55:34,    82, 40.90, 40.60,  0.30
  13008837,     0, 8,20:55:53,20:56:45,    52, 39.40, 36.60,  2.80
         0,     0, 8,20:56:53,20:56:57,     4, 36.60, 41.10, -4.50
  13008837,     0, 8,20:57:19,20:58:05,    46, 38.20, 30.40,  7.80
         0,     0, 8,20:58:13,20:58:24,    11, 30.40, 41.00,-10.60
  12706701,  7110, 5,20:57:14,20:59:50,   156, 40.90, 31.00,  9.90
         0,     0, 5,20:59:58,21:00:07,     9, 31.00, 40.90, -9.90
  13008735,  7156, 4,20:59:16,21:01:06,   110, 43.20, 37.60,  5.60
         0,     0, 4,21:01:15,21:01:20,     5, 37.60, 43.40, -5.80
  12706701,  7110, 5,21:00:17,21:01:45,    88, 40.90, 32.90,  8.00
         0,     0, 5,21:01:53,21:02:00,     7, 32.90, 40.80, -7.90
  12706616,  7025, 1,21:00:23,21:02:10,   107, 41.30, 25.20, 16.10
         0,     0, 1,21:02:18,21:02:33,    15, 25.20, 41.30,-16.10
  13323451,     0, 9,21:08:27,21:10:25,   118, 41.00, 32.20,  8.80
         0,     0, 9,21:10:33,21:10:44,    11, 32.20, 41.10, -8.90
  12706655,  7064, 5,21:08:41,21:11:30,   169, 40.80, 20.50, 20.30
         0,     0, 5,21:11:38,21:11:57,    19, 20.50, 20.50,  0.00
  12448471,  6084, 2,21:11:06,21:13:16,   130, 44.00, 25.20, 18.80
         0,     0, 2,21:13:25,21:13:43,    18, 25.20, 25.20,  0.00
  12706650,  7059, 5,21:14:29,21:16:13,   104, 40.90, 31.50,  9.40
  12706727,  7136, 1,21:16:01,21:16:15,    14, 41.30, 41.30,  0.00
         0,     0, 5,21:16:22,21:16:31,     9, 31.50, 40.90, -9.40
  12706738,  7147, 3,21:14:26,21:17:05,   159, 45.50, 39.20,  6.30
         0,     0, 3,21:17:12,21:17:18,     6, 39.20, 39.50, -0.30
  12706727,  7136, 1,21:16:28,21:18:58,   150, 41.30, 26.60, 14.70
         0,     0, 1,21:19:06,21:19:19,    13, 26.60, 41.30,-14.70
  11499161,  2051, 2,21:16:30,21:19:28,   178, 44.00, 23.70, 20.30
         0,     0, 2,21:19:35,21:19:54,    19, 23.70, 43.90,-20.20
  12706609,  7018, 8,21:21:59,21:22:01,     2, 41.10, 41.10,  0.00
  12448451,  6064, 2,21:21:17,21:22:41,    84, 43.90, 43.70,  0.20
  12448451,  6064, 1,21:22:47,21:23:28,    41, 41.30, 41.20,  0.10
  12706686,  7095, 3,21:21:14,21:24:57,   223, 46.80, 34.30, 12.50
         0,     0, 3,21:25:04,21:25:14,    10, 34.30, 46.20,-11.90
  12448451,  6064, 2,21:23:32,21:25:49,   137, 43.70, 20.80, 22.90
         0,     0, 2,21:25:57,21:26:20,    23, 20.80, 44.00,-23.20
  11954050,  4080, 2,21:34:47,21:36:43,   116, 44.00, 31.50, 12.50
         0,     0, 2,21:36:50,21:37:01,    11, 31.50, 43.90,-12.40
  11954050,  4080, 1,21:36:54,21:37:06,    12, 41.20, 37.80,  3.40
         0,     0, 1,21:37:14,21:37:16,     2, 37.80, 41.20, -3.40
  13008735,  7156, 3,21:35:20,21:38:58,   218, 46.10, 39.10,  7.00
         0,     0, 3,21:39:05,21:39:11,     6, 39.10, 46.40, -7.30
  11954075,  4105, 1,21:40:17,21:41:04,    47, 41.20, 32.10,  9.10
         0,     0, 1,21:41:13,21:41:21,     8, 32.10, 41.20, -9.10
  12706624,  7033, 6,20:50:21,21:41:32,  3071, 41.40, 35.00,  6.40
         0,     0, 6,21:41:40,21:41:45,     5, 35.00, 35.10, -0.10
  12448437,  6050, 8,21:40:35,21:43:17,   162, 41.20, 35.40,  5.80
         0,     0, 8,21:43:26,21:43:32,     6, 35.40, 41.10, -5.70
  12706609,  7018, 8,21:48:16,21:48:18,     2, 41.20, 41.20,  0.00
  12706650,  7059, 5,21:48:36,21:49:48,    72, 40.80, 34.10,  6.70
         0,     0, 5,21:49:56,21:50:02,     6, 34.10, 40.80, -6.70
  12706609,  7018, 7,21:22:10,21:50:52,  1722, 41.50, 35.40,  6.10
         0,     0, 7,21:51:00,21:51:03,     3, 35.40, 41.40, -6.00
  12200046,  5100, 1,21:52:49,21:53:14,    25, 41.20, 37.30,  3.90
         0,     0, 1,21:53:21,21:53:24,     3, 37.30, 41.20, -3.90
  11954042,     0, 9,21:55:22,21:55:39,    17, 40.50, 40.50,  0.00
  12706669,  7078, 1,21:55:07,21:56:58,   111, 41.20, 27.00, 14.20
  11954042,     0, 9,21:55:50,21:57:16,    86, 40.50, 39.70,  0.80
         0,     0, 1,21:57:06,21:57:19,    13, 27.00, 41.30,-14.30
         0,     0, 9,21:57:24,21:57:25,     1, 39.70, 40.90, -1.20
  11954042,     0, 9,21:57:38,21:58:49,    71, 40.30, 34.40,  5.90
         0,     0, 9,21:58:57,21:59:05,     8, 34.40, 41.00, -6.60
  12706726,  7135, 5,22:00:04,22:02:21,   137, 40.90, 23.90, 17.00
         0,     0, 5,22:02:29,22:02:45,    16, 23.90, 40.90,-17.00
  12448477,  6090, 3,22:04:10,22:04:13,     3, 46.20, 46.80, -0.60
  11499161,  2051, 1,22:03:24,22:04:49,    85, 41.30, 36.00,  5.30
         0,     0, 1,22:04:56,22:05:00,     4, 36.00, 41.20, -5.20
  11954056,     0, 7,21:51:13,22:05:53,   880, 41.40, 24.80, 16.60
         0,     0, 7,22:06:01,22:06:11,    10, 24.80, 41.50,-16.70
  13008836,     0, 8,22:07:13,22:07:25,    12, 41.10, 41.00,  0.10
  12448477,  6090, 4,22:04:25,22:07:49,   204, 43.70, 26.30, 17.40
         0,     0, 4,22:07:58,22:08:15,    17, 26.30, 43.60,-17.30
  13008836,     0, 8,22:07:40,22:08:17,    37, 41.00, 40.90,  0.10
  13008835,     0, 6,21:44:54,22:09:55,  1501, 41.40, 34.40,  7.00
         0,     0, 6,22:10:03,22:10:09,     6, 34.40, 41.50, -7.10
  13008836,     0, 8,22:08:51,22:11:49,   178, 40.70, 30.40, 10.30
         0,     0, 8,22:11:58,22:12:09,    11, 30.40, 41.00,-10.60
  12706705,  7114, 1,22:14:07,22:15:38,    91, 41.20, 41.00,  0.20
  12706705,  7114, 1,22:16:08,22:17:54,   106, 41.00, 37.30,  3.70
         0,     0, 1,22:18:01,22:18:04,     3, 37.30, 41.20, -3.90
  13008800,     0,10,22:17:37,22:18:15,    38, 40.80, 36.10,  4.70
         0,     0,10,22:18:23,22:18:28,     5, 36.10, 41.20, -5.10
  12200042,  5096, 1,22:18:14,22:19:12,    58, 41.20, 39.60,  1.60
         0,     0, 1,22:19:20,22:19:20,     0, 39.60, 41.10, -1.50
  12706705,  7114, 2,22:18:20,22:19:55,    95, 43.90, 30.20, 13.70
  12448437,  6050, 8,22:19:04,22:20:07,    63, 41.00, 40.10,  0.90
         0,     0, 2,22:20:02,22:20:15,    13, 30.20, 44.00,-13.80
  13008836,     0, 7,22:06:21,22:20:21,   840, 41.50, 40.70,  0.80
  12706669,  7078, 3,22:22:08,22:23:25,    77, 46.20, 36.60,  9.60
         0,     0, 3,22:23:33,22:23:41,     8, 36.60, 36.40,  0.20
  13008732,  7153, 2,22:26:17,22:29:21,   184, 44.00, 34.00, 10.00
         0,     0, 2,22:29:29,22:29:38,     9, 34.00, 44.00,-10.00
  12448416,  6029, 3,22:29:20,22:32:49,   209, 46.90, 23.10, 23.80
         0,     0, 3,22:32:58,22:33:18,    20, 23.10, 22.90,  0.20
  12199981,  5035, 2,22:33:13,22:34:12,    59, 44.00, 29.40, 14.60
  12706639,  7048, 4,22:32:10,22:34:16,   126, 43.80, 25.10, 18.70
         0,     0, 2,22:34:19,22:34:33,    14, 29.40, 43.80,-14.40
         0,     0, 4,22:34:25,22:34:43,    18, 25.10, 25.10,  0.00
  12706618,     0, 9,22:35:07,22:35:24,    17, 41.00, 40.40,  0.60
  12706618,     0, 9,22:35:52,22:36:42,    50, 40.40, 35.30,  5.10
         0,     0, 9,22:36:50,22:36:57,     7, 35.30, 41.10, -5.80
  12200007,  5061, 1,22:38:25,22:39:57,    92, 41.20, 29.40, 11.80
         0,     0, 1,22:40:04,22:40:15,    11, 29.40, 41.20,-11.80
  12706609,  7018, 8,22:40:30,22:41:04,    34, 40.10, 34.40,  5.70
         0,     0, 8,22:41:12,22:41:19,     7, 34.40, 41.10, -6.70
  12706650,  7059, 4,22:42:01,22:43:13,    72, 43.90, 38.00,  5.90
         0,     0, 4,22:43:21,22:43:26,     5, 38.00, 43.40, -5.40
  12200046,  5100, 1,22:42:40,22:43:36,    56, 41.20, 33.10,  8.10
         0,     0, 1,22:43:45,22:43:52,     7, 33.10, 41.20, -8.10
  12448448,  6061, 5,22:37:28,22:44:53,   445, 40.90, 21.00, 19.90
         0,     0, 5,22:45:00,22:45:19,    19, 21.00, 40.80,-19.80
  12448449,  6062, 1,22:44:26,22:47:11,   165, 41.20, 28.20, 13.00
         0,     0, 1,22:47:18,22:47:30,    12, 28.20, 41.20,-13.00
  12199986,     0, 8,22:47:18,22:47:37,    19, 41.10, 40.90,  0.20
  12199986,     0, 8,22:48:27,22:48:38,    11, 40.90, 39.50,  1.40
         0,     0, 8,22:48:46,22:48:47,     1, 39.50, 40.00, -0.50
  13323358,     0, 9,22:49:47,22:49:57,    10, 41.10, 40.90,  0.20
  13323450,     0, 9,22:50:38,22:53:08,   150, 40.80, 35.80,  5.00
         0,     0, 9,22:53:17,22:53:23,     6, 35.80, 41.00, -5.20
  21306958,  5124, 8,22:52:40,22:53:21,    41, 35.90, 35.70,  0.20
         0,     0, 8,22:53:29,22:53:34,     5, 35.70, 41.10, -5.40
  13323450,     0, 9,22:53:34,22:53:36,     2, 41.00, 41.00,  0.00
  13323358,     0,10,22:54:43,22:55:19,    36, 36.50, 34.90,  1.60
  13008737,     0, 8,22:54:10,22:55:26,    76, 41.00, 40.80,  0.20
         0,     0,10,22:55:27,22:55:33,     6, 34.90, 41.20, -6.30
  13008737,     0, 8,22:55:52,22:57:34,   102, 40.80, 25.30, 15.50
         0,     0, 8,22:57:42,22:57:58,    16, 25.30, 25.40, -0.10
  21268825,  6087, 5,22:58:52,23:00:20,    88, 40.80, 26.30, 14.50
         0,     0, 5,23:00:27,23:00:41,    14, 26.30, 40.90,-14.60
  12448483,  6096, 1,22:58:03,23:01:23,   200, 41.20, 14.10, 27.10
         0,     0, 1,23:01:31,23:01:57,    26, 14.10, 41.30,-27.20
  13008756,  7115, 4,23:01:37,23:02:20,    43, 43.40, 33.20, 10.20
         0,     0, 4,23:02:29,23:02:39,    10, 33.20, 43.30,-10.10
  12448437,  6050, 7,22:20:31,23:04:30,  2639, 40.30, 32.30,  8.00
         0,     0, 7,23:04:38,23:04:43,     5, 32.30, 41.30, -9.00
  12199977,     0, 9,23:02:55,23:05:01,   126, 41.00, 28.30, 12.70
         0,     0, 9,23:05:09,23:05:26,    17, 28.30, 41.10,-12.80
  12706669,  7078, 3,23:06:17,23:07:19,    62, 46.80, 39.80,  7.00
         0,     0, 3,23:07:28,23:07:33,     5, 39.80, 40.10, -0.30
  21306958,  5124, 8,23:09:46,23:10:44,    58, 41.10, 40.80,  0.30
  21306958,  5124, 8,23:10:57,23:12:00,    63, 40.80, 40.50,  0.30
  11953978,  4008, 1,23:13:32,23:16:28,   176, 41.30, 26.10, 15.20
         0,     0, 1,23:16:36,23:16:50,    14, 26.10, 41.20,-15.10
  12706659,  7068, 2,23:18:35,23:18:50,    15, 43.80, 43.80,  0.00
  12706659,  7068, 2,23:19:06,23:19:26,    20, 43.80, 43.70,  0.10
  13008800,     0, 9,23:21:32,23:22:30,    58, 41.10, 35.70,  5.40
         0,     0, 9,23:22:37,23:22:44,     7, 35.70, 41.10, -5.40
  12706659,  7068, 2,23:19:56,23:23:42,   226, 43.70, 24.90, 18.80
         0,     0, 2,23:23:51,23:24:09,    18, 24.90, 44.10,-19.20
  12706651,  7060, 3,23:23:15,23:25:02,   107, 46.50, 33.60, 12.90
         0,     0, 3,23:25:10,23:25:21,    11, 33.60, 33.50,  0.10
  12706609,  7018, 8,23:31:14,23:32:00,    46, 29.40, 25.40,  4.00
         0,     0, 8,23:32:08,23:32:24,    16, 25.40, 41.20,-15.80
  12706700,  7109, 3,23:35:03,23:37:05,   122, 46.30, 30.70, 15.60
         0,     0, 3,23:37:13,23:37:27,    14, 30.70, 30.60,  0.10
  12199986,     0, 7,23:04:53,23:44:36,  2383, 41.40, 30.90, 10.50
  12706634,     0, 8,23:43:45,23:44:37,    52, 41.20, 38.80,  2.40
  11724159,     0, 6,23:14:35,23:44:37,  1802, 41.50, 41.40,  0.10
         0,     0, 9,23:44:50,23:45:00,    10, 41.10, 41.10,  0.00
         0,     0,10,23:44:50,23:45:00,    10, 31.30, 31.30,  0.00
         0,     0, 1,23:44:50,23:45:00,    10, 41.20, 41.20,  0.00
         0,     0, 2,23:44:50,23:45:00,    10, 44.10, 44.10,  0.00
         0,     0, 3,23:44:50,23:45:00,    10, 46.70, 46.70,  0.00
         0,     0, 4,23:44:50,23:45:00,    10, 43.70, 43.70,  0.00
         0,     0, 5,23:44:50,23:45:00,    10, 40.80, 40.80,  0.00
         0,     0, 8,23:44:44,23:44:46,     2, 38.80, 40.90, -2.10
         0,     0, 7,23:44:44,23:44:51,     7, 30.90, 41.60,-10.70
