         0,     0, 3, 0:03:07, 0:03:17,    10, 47.70, 47.70,  0.00
         0,     0, 4, 0:03:07, 0:03:17,    10, 42.40, 42.40,  0.00
         0,     0, 6, 0:03:07, 0:03:17,    10, 41.40, 41.40,  0.00
         0,     0, 5, 0:03:07, 0:03:17,    10, 40.80, 40.80,  0.00
         0,     0, 7, 0:03:07, 0:03:17,    10, 41.50, 41.50,  0.00
         0,     0, 8, 0:03:07, 0:03:17,    10, 41.20, 41.20,  0.00
         0,     0, 9, 0:03:07, 0:03:17,    10, 36.80, 36.80,  0.00
         0,     0,10, 0:03:07, 0:03:17,    10, 40.70, 40.70,  0.00
         0,     0, 1, 0:03:08, 0:03:18,    10, 41.30, 41.30,  0.00
         0,     0, 2, 0:03:08, 0:03:18,    10, 44.00, 44.00,  0.00
  12448449,  6062, 5, 0:03:37, 0:03:53,    16, 40.70, 40.60,  0.10
  11954075,  4105, 1, 0:03:24, 0:04:33,    69, 41.30, 27.90, 13.40
         0,     0, 1, 0:04:41, 0:04:53,    12, 27.90, 41.30,-13.40
  13323435,     0,10, 0:04:00, 0:05:54,   114, 40.70, 34.00,  6.70
         0,     0,10, 0:06:01, 0:06:08,     7, 34.00, 41.20, -7.20
  13323435,     0, 9, 0:06:17, 0:06:21,     4, 36.80, 36.80,  0.00
         0,     0, 9, 0:06:28, 0:06:33,     5, 36.80, 41.10, -4.30
  12448449,  6062, 5, 0:04:27, 0:06:38,   131, 40.60, 25.30, 15.30
         0,     0, 5, 0:06:46, 0:07:00,    14, 25.30, 40.90,-15.60
  13008735,  7156, 5, 0:07:30, 0:10:05,   155, 40.90, 32.70,  8.20
         0,     0, 5, 0:10:13, 0:10:20,     7, 32.70, 40.80, -8.10
  13008732,  7153, 5, 0:10:36, 0:13:16,   160, 40.90, 22.30, 18.60
         0,     0, 5, 0:13:23, 0:13:40,    17, 22.30, 40.90,-18.60
  12706705,  7114, 1, 0:21:19, 0:24:37,   198, 41.20, 22.60, 18.60
         0,     0, 1, 0:24:45, 0:25:02,    17, 22.60, 41.30,-18.70
  12706650,  7059, 4, 0:26:17, 0:28:25,   128, 41.90, 32.90,  9.00
         0,     0, 4, 0:28:32, 0:28:42,    10, 32.90, 43.40,-10.50
  11954014,  4044, 4, 0:30:01, 0:30:54,    53, 43.40, 27.10, 16.30
         0,     0, 4, 0:31:03, 0:31:18,    15, 27.10, 43.30,-16.20
  13323358,     0,10, 0:34:20, 0:34:27,     7, 41.00, 41.00,  0.00
  13323358,     0,10, 0:34:43, 0:34:45,     2, 40.80, 40.80,  0.00
  13323358,     0,10, 0:36:27, 0:36:41,    14, 40.80, 40.40,  0.40
  12448416,  6029, 5, 0:36:15, 0:39:43,   208, 40.90, 29.50, 11.40
         0,     0, 5, 0:39:50, 0:40:01,    11, 29.50, 40.90,-11.40
  13008735,  7156, 3, 0:40:36, 0:42:21,   105, 46.30, 41.00,  5.30
         0,     0, 3, 0:42:28, 0:42:32,     4, 41.00, 41.20, -0.20
  12448448,  6061, 3, 0:43:54, 0:44:27,    33, 46.20, 46.70, -0.50
  12706651,  7060, 5, 0:42:27, 0:44:48,   141, 40.90, 29.30, 11.60
         0,     0, 5, 0:44:56, 0:45:07,    11, 29.30, 40.90,-11.60
  13008756,  7115, 1, 0:46:44, 0:47:45,    61, 41.30, 32.70,  8.60
         0,     0, 1, 0:47:53, 0:48:00,     7, 32.70, 41.30, -8.60
  12448448,  6061, 4, 0:44:31, 0:48:22,   231, 43.50, 25.80, 17.70
         0,     0, 4, 0:48:30, 0:48:47,    17, 25.80, 43.30,-17.50
  12706738,  7147, 2, 0:52:02, 0:54:57,   175, 44.00, 29.00, 15.00
         0,     0, 2, 0:55:05, 0:55:18,    13, 29.00, 43.90,-14.90
  12706659,  7068, 2, 0:56:48, 0:56:52,     4, 43.90, 43.90,  0.00
  12199969,     0, 9, 0:55:04, 0:58:13,   189, 32.60, 25.30,  7.30
         0,     0, 9, 0:58:22, 0:58:43,    21, 25.30, 41.10,-15.80
  13323425,     0, 9, 0:59:08, 0:59:38,    30, 41.10, 40.80,  0.30
  12706659,  7068, 1, 0:57:56, 1:01:08,   192, 41.30, 25.80, 15.50
  13323425,     0, 9, 1:01:12, 1:01:17,     5, 39.00, 39.00,  0.00
         0,     0, 9, 1:01:26, 1:01:28,     2, 39.00, 40.80, -1.80
         0,     0, 1, 1:01:16, 1:01:30,    14, 25.80, 41.30,-15.50
  13323425,     0, 9, 1:01:43, 1:01:45,     2, 39.40, 39.50, -0.10
         0,     0, 9, 1:01:53, 1:01:54,     1, 39.50, 41.10, -1.60
  11499161,  2051, 1, 1:04:35, 1:05:33,    58, 41.30, 40.50,  0.80
  12706727,  7136, 3, 1:03:09, 1:05:53,   164, 46.20, 34.10, 12.10
         0,     0, 3, 1:06:01, 1:06:12,    11, 34.10, 34.10,  0.00
  11499161,  2051, 2, 1:05:41, 1:06:42,    61, 43.90, 42.60,  1.30
  12706655,  7064, 5, 1:08:39, 1:09:09,    30, 40.90, 40.90,  0.00
  13008836,     0, 7, 0:57:14, 1:13:06,   952, 41.40, 30.90, 10.50
         0,     0, 7, 1:13:14, 1:13:20,     6, 30.90, 30.90,  0.00
  12706616,  7025, 3, 1:14:20, 1:15:21,    61, 46.40, 36.00, 10.40
  12706655,  7064, 5, 1:09:40, 1:15:24,   344, 40.90, 33.20,  7.70
         0,     0, 3, 1:15:29, 1:15:38,     9, 36.00, 35.90,  0.10
         0,     0, 5, 1:15:33, 1:15:40,     7, 33.20, 40.90, -7.70
  12448479,  6092, 1, 1:12:25, 1:15:46,   201, 40.60, 27.70, 12.90
  13008837,     0, 8, 1:13:39, 1:15:57,   138, 41.00, 40.70,  0.30
         0,     0, 1, 1:15:54, 1:16:06,    12, 27.70, 41.30,-13.60
  13008837,     0, 8, 1:16:09, 1:17:47,    98, 40.30, 30.80,  9.50
         0,     0, 8, 1:17:56, 1:18:07,    11, 30.80, 41.20,-10.40
  12200083,     0, 9, 1:30:44, 1:30:49,     5, 41.10, 41.10,  0.00
  12200083,     0, 9, 1:31:50, 1:31:52,     2, 34.00, 34.00,  0.00
         0,     0, 9, 1:32:01, 1:32:10,     9, 34.00, 41.10, -7.10
  12706651,  7060, 5, 1:37:40, 1:39:34,   114, 40.90, 32.70,  8.20
         0,     0, 5, 1:39:42, 1:39:49,     7, 32.70, 40.90, -8.20
  12706710,  7119, 2, 1:46:27, 1:47:56,    89, 42.60, 39.00,  3.60
         0,     0, 2, 1:48:03, 1:48:06,     3, 39.00, 43.90, -4.90
  12706710,  7119, 1, 1:48:52, 1:50:48,   116, 41.30, 27.10, 14.20
         0,     0, 1, 1:50:55, 1:51:08,    13, 27.10, 41.30,-14.20
  12706669,  7078, 3, 1:53:02, 1:55:03,   121, 46.10, 35.00, 11.10
         0,     0, 3, 1:55:11, 1:55:21,    10, 35.00, 34.90,  0.10
  12706726,  7135, 5, 1:54:51, 1:56:37,   106, 40.90, 32.60,  8.30
         0,     0, 5, 1:56:46, 1:56:53,     7, 32.60, 40.90, -8.30
  12200046,  5100, 4, 1:58:12, 1:59:35,    83, 44.00, 30.80, 13.20
         0,     0, 4, 1:59:42, 1:59:54,    12, 30.80, 43.30,-12.50
  12448409,  6022, 3, 2:02:39, 2:04:57,   138, 46.60, 32.80, 13.80
         0,     0, 3, 2:05:04, 2:05:16,    12, 32.80, 32.70,  0.10
  12448437,  6050, 8, 2:02:45, 2:05:52,   187, 41.30, 39.10,  2.20
         0,     0, 8, 2:06:00, 2:06:01,     1, 39.10, 41.10, -2.00
  12448437,  6050, 8, 2:06:49, 2:07:50,    61, 41.10, 35.60,  5.50
         0,     0, 8, 2:07:59, 2:08:04,     5, 35.60, 41.10, -5.50
  12706707,  7116, 2, 2:13:48, 2:14:34,    46, 43.90, 39.30,  4.60
         0,     0, 2, 2:14:41, 2:14:44,     3, 39.30, 43.90, -4.60
  12706707,  7116, 2, 2:14:54, 2:15:31,    37, 43.90, 37.10,  6.80
         0,     0, 2, 2:15:39, 2:15:44,     5, 37.10, 43.90, -6.80
  12448437,  6050, 7, 2:05:56, 2:15:47,   591, 41.40, 40.30,  1.10
  12199981,  5035, 1, 2:14:50, 2:15:56,    66, 41.30, 28.70, 12.60
         0,     0, 1, 2:16:04, 2:16:15,    11, 28.70, 41.30,-12.60
  13008802,     0, 9, 2:19:12, 2:19:30,    18, 41.10, 41.00,  0.10
  11724109,  6068, 1, 2:16:43, 2:20:28,   225, 41.30, 27.10, 14.20
         0,     0, 1, 2:20:35, 2:20:48,    13, 27.10, 41.30,-14.20
  12448483,  6096, 2, 2:32:52, 2:37:00,   248, 43.90, 24.70, 19.20
         0,     0, 2, 2:37:07, 2:37:25,    18, 24.70, 44.00,-19.30
  11499161,  2051, 2, 2:40:55, 2:43:46,   171, 44.00, 35.00,  9.00
         0,     0, 2, 2:43:53, 2:44:00,     7, 35.00, 44.00, -9.00
  13008800,     0, 9, 2:45:26, 2:46:05,    39, 41.00, 40.60,  0.40
  13008800,     0,10, 2:46:42, 2:46:48,     6, 31.30, 31.30,  0.00
         0,     0,10, 2:46:56, 2:47:06,    10, 31.30, 41.20, -9.90
  12706604,     0, 9, 2:56:50, 2:56:55,     5, 40.60, 40.60,  0.00
  11954050,  4080, 3, 2:56:16, 2:58:28,   132, 47.00, 41.80,  5.20
         0,     0, 3, 2:58:37, 2:58:40,     3, 41.80, 42.00, -0.20
  11954050,  4080, 2, 3:05:09, 3:06:28,    79, 44.00, 40.50,  3.50
         0,     0, 2, 3:06:37, 3:06:39,     2, 40.50, 43.90, -3.40
  12706700,  7109, 3, 3:08:00, 3:09:13,    73, 46.00, 37.80,  8.20
         0,     0, 3, 3:09:21, 3:09:28,     7, 37.80, 46.50, -8.70
  13008800,     0, 9, 3:13:06, 3:13:33,    27, 40.60, 40.50,  0.10
  13008800,     0,10, 3:14:02, 3:14:38,    36, 38.00, 35.50,  2.50
         0,     0,10, 3:14:46, 3:14:51,     5, 35.50, 41.20, -5.70
  11954042,     0,10, 3:16:57, 3:17:01,     4, 41.30, 41.30,  0.00
  13008765,     0,10, 3:21:29, 3:21:30,     1, 41.20, 41.20,  0.00
  13008789,     0, 7, 2:15:57, 3:36:27,  4830, 40.30, 30.80,  9.50
         0,     0, 7, 3:36:35, 3:36:41,     6, 30.80, 30.80,  0.00
  21268104,  6067, 5, 3:41:01, 3:43:01,   120, 40.90, 37.20,  3.70
         0,     0, 5, 3:43:08, 3:43:11,     3, 37.20, 41.00, -3.80
  12706636,  7045, 3, 3:48:32, 3:50:07,    95, 46.10, 41.90,  4.20
         0,     0, 3, 3:50:14, 3:50:17,     3, 41.90, 42.00, -0.10
  12706636,  7045, 4, 3:50:14, 3:51:04,    50, 43.20, 40.70,  2.50
         0,     0, 4, 3:51:12, 3:51:14,     2, 40.70, 43.30, -2.60
  11954075,  4105, 1, 4:37:47, 4:38:54,    67, 41.30, 32.70,  8.60
         0,     0, 1, 4:39:02, 4:39:09,     7, 32.70, 41.30, -8.60
  12706669,  7078, 2, 6:06:21, 6:09:35,   194, 43.80, 37.50,  6.30
         0,     0, 2, 6:09:42, 6:09:47,     5, 37.50, 44.10, -6.60
  12448449,  6062, 4, 6:06:32, 6:09:45,   193, 43.10, 23.10, 20.00
         0,     0, 4, 6:09:52, 6:10:11,    19, 23.10, 43.30,-20.20
  12448416,  6029, 4, 6:10:30, 6:12:06,    96, 43.40, 32.00, 11.40
         0,     0, 4, 6:12:14, 6:12:24,    10, 32.00, 43.40,-11.40
  12706616,  7025, 1, 6:11:32, 6:13:05,    93, 41.30, 26.00, 15.30
         0,     0, 1, 6:13:13, 6:13:27,    14, 26.00, 41.20,-15.20
  12706738,  7147, 2, 6:13:01, 6:14:56,   115, 44.20, 35.20,  9.00
         0,     0, 2, 6:15:05, 6:15:12,     7, 35.20, 44.00, -8.80
  21268104,  6067, 2, 6:15:34, 6:16:39,    65, 44.00, 39.00,  5.00
  11953978,  4008, 1, 6:14:55, 6:16:40,   105, 41.20, 24.20, 17.00
         0,     0, 2, 6:16:46, 6:16:50,     4, 39.00, 43.90, -4.90
         0,     0, 1, 6:16:48, 6:17:04,    16, 24.20, 41.20,-17.00
  21268104,  6067, 2, 6:17:01, 6:17:11,    10, 43.90, 42.50,  1.40
  12199981,  5035, 1, 6:22:10, 6:24:38,   148, 41.20, 21.30, 19.90
  12200007,  5061, 2, 6:22:58, 6:24:43,   105, 42.60, 31.40, 11.20
         0,     0, 2, 6:24:51, 6:25:03,    12, 31.40, 43.90,-12.50
         0,     0, 1, 6:24:47, 6:25:07,    20, 21.30, 41.30,-20.00
  12706637,  7046, 3, 6:25:22, 6:25:48,    26, 45.60, 46.60, -1.00
  12706637,  7046, 4, 6:25:58, 6:27:31,    93, 43.50, 36.30,  7.20
         0,     0, 4, 6:27:39, 6:27:45,     6, 36.30, 43.40, -7.10
  12706637,  7046, 4, 6:27:55, 6:28:44,    49, 43.40, 34.10,  9.30
         0,     0, 4, 6:28:52, 6:29:01,     9, 34.10, 43.30, -9.20
  11724239,  3139, 2, 6:30:57, 6:32:00,    63, 44.00, 43.50,  0.50
  13008735,  7156, 4, 6:29:46, 6:32:04,   138, 43.40, 34.00,  9.40
         0,     0, 4, 6:32:12, 6:32:21,     9, 34.00, 43.40, -9.40
  12706650,  7059, 3, 6:30:31, 6:32:25,   114, 45.70, 35.20, 10.50
  11724239,  3139, 2, 6:32:26, 6:32:30,     4, 43.50, 43.50,  0.00
         0,     0, 3, 6:32:34, 6:32:44,    10, 35.20, 36.90, -1.70
  12448471,  6084, 3, 6:32:54, 6:34:43,   109, 36.90, 28.60,  8.30
         0,     0, 3, 6:34:51, 6:35:07,    16, 28.60, 28.60,  0.00
  11724239,  3139, 1, 6:34:21, 6:35:26,    65, 41.30, 40.80,  0.50
  12706650,  7059, 3, 6:35:23, 6:36:27,    64, 46.70, 42.40,  4.30
         0,     0, 3, 6:36:36, 6:36:39,     3, 42.40, 46.40, -4.00
  11724239,  3139, 2, 6:35:39, 6:38:12,   153, 43.50, 27.70, 15.80
         0,     0, 2, 6:38:20, 6:38:35,    15, 27.70, 44.00,-16.30
  12448473,  6086, 2, 6:39:17, 6:41:04,   107, 44.00, 27.50, 16.50
         0,     0, 2, 6:41:12, 6:41:27,    15, 27.50, 44.00,-16.50
  21268825,  6087, 3, 6:47:14, 6:49:47,   153, 45.80, 25.30, 20.50
         0,     0, 3, 6:49:55, 6:50:13,    18, 25.30, 25.20,  0.10
  12706707,  7116, 4, 6:51:44, 6:52:49,    65, 43.60, 33.50, 10.10
         0,     0, 4, 6:52:58, 6:53:07,     9, 33.50, 43.40, -9.90
  12706710,  7119, 2, 6:55:59, 6:58:19,   140, 44.10, 30.10, 14.00
  13008756,  7115, 1, 6:56:34, 6:58:21,   107, 40.80, 23.20, 17.60
         0,     0, 2, 6:58:27, 6:58:40,    13, 30.10, 44.00,-13.90
         0,     0, 1, 6:58:29, 6:58:46,    17, 23.20, 41.30,-18.10
  13008742,  7163, 1, 6:59:49, 7:00:50,    61, 41.30, 41.20,  0.10
  13008742,  7163, 2, 7:00:53, 7:01:42,    49, 44.00, 43.80,  0.20
  13008742,  7163, 2, 7:01:59, 7:02:46,    47, 43.80, 43.30,  0.50
  13008735,  7156, 5, 7:01:50, 7:03:29,    99, 40.90, 35.30,  5.60
         0,     0, 5, 7:03:38, 7:03:43,     5, 35.30, 40.90, -5.60
  13008742,  7163, 2, 7:02:56, 7:05:15,   139, 43.30, 21.40, 21.90
         0,     0, 2, 7:05:22, 7:05:43,    21, 21.40, 44.00,-22.60
  11954014,  4044, 4, 7:08:08, 7:09:15,    67, 43.50, 25.10, 18.40
         0,     0, 4, 7:09:24, 7:09:42,    18, 25.10, 43.30,-18.20
  12200007,  5061, 5, 7:19:55, 7:20:40,    45, 40.90, 35.60,  5.30
         0,     0, 5, 7:20:48, 7:20:53,     5, 35.60, 41.00, -5.40
  12706707,  7116, 2, 7:19:54, 7:21:07,    73, 44.10, 34.80,  9.30
         0,     0, 2, 7:21:14, 7:21:21,     7, 34.80, 44.00, -9.20
  12200007,  5061, 5, 7:21:12, 7:21:40,    28, 40.90, 37.40,  3.50
         0,     0, 5, 7:21:48, 7:21:51,     3, 37.40, 40.90, -3.50
  12706705,  7114, 5, 7:22:13, 7:26:30,   257, 40.80, 22.30, 18.50
         0,     0, 5, 7:26:37, 7:26:54,    17, 22.30, 41.00,-18.70
  12706686,  7095, 1, 7:23:44, 7:27:13,   209, 41.20, 19.20, 22.00
         0,     0, 1, 7:27:21, 7:27:42,    21, 19.20, 41.40,-22.20
  12200042,  5096, 1, 7:27:52, 7:30:49,   177, 41.50, 20.20, 21.30
         0,     0, 1, 7:30:57, 7:31:16,    19, 20.20, 41.30,-21.10
  21268104,  6067, 1, 7:31:47, 7:31:51,     4, 41.30, 41.30,  0.00
  21268104,  6067, 2, 7:31:58, 7:34:10,   132, 44.00, 35.60,  8.40
         0,     0, 2, 7:34:19, 7:34:26,     7, 35.60, 44.00, -8.40
  12706639,  7048, 1, 7:43:32, 7:43:42,    10, 41.30, 41.30,  0.00
  12448409,  6022, 2, 7:41:15, 7:43:45,   150, 44.00, 29.10, 14.90
         0,     0, 2, 7:43:53, 7:44:06,    13, 29.10, 43.90,-14.80
  12448409,  6022, 2, 7:44:16, 7:45:11,    55, 43.90, 33.70, 10.20
         0,     0, 2, 7:45:19, 7:45:28,     9, 33.70, 43.90,-10.20
  12706639,  7048, 2, 7:48:19, 7:53:03,   284, 44.00, 23.70, 20.30
         0,     0, 2, 7:53:11, 7:53:30,    19, 23.70, 44.00,-20.30
  12448477,  6090, 3, 7:56:19, 7:57:23,    64, 47.00, 43.20,  3.80
         0,     0, 3, 7:57:31, 7:57:33,     2, 43.20, 46.20, -3.00
  12448477,  6090, 3, 7:58:05, 7:58:53,    48, 46.80, 41.10,  5.70
         0,     0, 3, 7:59:00, 7:59:04,     4, 41.10, 46.20, -5.10
  12706726,  7135, 3, 8:00:17, 8:01:37,    80, 46.40, 43.80,  2.60
         0,     0, 3, 8:01:46, 8:01:47,     1, 43.80, 46.00, -2.20
  12448479,  6092, 2, 8:00:35, 8:02:53,   138, 44.10, 39.40,  4.70
         0,     0, 2, 8:03:01, 8:03:04,     3, 39.40, 43.90, -4.50
  12706726,  7135, 5, 8:02:21, 8:04:38,   137, 41.00, 25.20, 15.80
  12448479,  6092, 2, 8:03:29, 8:04:43,    74, 43.90, 36.30,  7.60
         0,     0, 2, 8:04:51, 8:04:57,     6, 36.30, 44.00, -7.70
         0,     0, 5, 8:04:45, 8:05:00,    15, 25.20, 40.80,-15.60
  12706686,  7095, 1, 8:03:37, 8:04:59,    82, 41.30, 36.20,  5.10
         0,     0, 1, 8:05:07, 8:05:11,     4, 36.20, 41.20, -5.00
  21292347,  5120, 4, 8:11:50, 8:14:20,   150, 44.00, 33.50, 10.50
         0,     0, 4, 8:14:28, 8:14:37,     9, 33.50, 43.20, -9.70
  13008732,  7153, 4, 8:15:47, 8:19:41,   234, 43.40, 20.90, 22.50
         0,     0, 4, 8:19:48, 8:20:11,    23, 20.90, 43.40,-22.50
  12706669,  7078, 1, 8:26:20, 8:28:06,   106, 41.20, 32.00,  9.20
         0,     0, 1, 8:28:14, 8:28:22,     8, 32.00, 41.20, -9.20
  12706700,  7109, 2, 8:28:27, 8:28:31,     4, 44.00, 44.00,  0.00
  12706700,  7109, 2, 8:28:41, 8:29:40,    59, 44.00, 30.20, 13.80
         0,     0, 2, 8:29:48, 8:30:00,    12, 30.20, 43.90,-13.70
  13008737,     0, 8, 8:31:32, 8:32:08,    36, 41.00, 40.90,  0.10
  12706636,  7045, 1, 8:35:30, 8:36:37,    67, 41.20, 26.60, 14.60
         0,     0, 1, 8:36:45, 8:36:58,    13, 26.60, 41.30,-14.70
  13323434,     0, 9, 8:37:26, 8:37:44,    18, 39.80, 39.90, -0.10
         0,     0, 9, 8:37:53, 8:37:54,     1, 39.90, 41.00, -1.10
  12706639,  7048, 5, 8:44:26, 8:44:37,    11, 40.80, 40.70,  0.10
  12448448,  6061, 2, 8:46:12, 8:46:40,    28, 44.00, 43.90,  0.10
  11954014,  4044, 2, 8:48:09, 8:49:10,    61, 43.90, 25.60, 18.30
  21292347,  5120, 4, 8:48:05, 8:49:31,    86, 44.20, 38.20,  6.00
         0,     0, 2, 8:49:17, 8:49:34,    17, 25.60, 44.00,-18.40
         0,     0, 4, 8:49:38, 8:49:43,     5, 38.20, 43.30, -5.10
  12448448,  6061, 1, 8:46:45, 8:49:43,   178, 41.30, 40.90,  0.40
  12706604,     0, 9, 8:53:45, 8:53:58,    13, 41.10, 41.00,  0.10
  12448448,  6061, 1, 8:49:54, 8:56:33,   399, 40.90, 21.30, 19.60
         0,     0, 1, 8:56:40, 8:56:59,    19, 21.30, 41.30,-20.00
  13008762,     0, 6, 2:09:00, 8:59:20, 24620, 41.40, 27.10, 14.30
         0,     0, 6, 8:59:29, 8:59:42,    13, 27.10, 41.20,-14.10
  12448451,  6064, 2, 8:53:29, 9:00:51,   442, 44.10, 15.40, 28.70
         0,     0, 2, 9:00:59, 9:01:26,    27, 15.40, 43.90,-28.50
  12448479,  6092, 5, 9:01:52, 9:04:05,   133, 40.70, 29.00, 11.70
         0,     0, 5, 9:04:13, 9:04:24,    11, 29.00, 40.80,-11.80
  12706669,  7078, 1, 9:04:03, 9:05:44,   101, 41.30, 34.60,  6.70
         0,     0, 1, 9:05:52, 9:05:58,     6, 34.60, 41.30, -6.70
  12706655,  7064, 1, 9:06:13, 9:08:44,   151, 41.30, 14.30, 27.00
         0,     0, 1, 9:08:53, 9:09:18,    25, 14.30, 41.20,-26.90
  12706659,  7068, 2, 9:15:27, 9:15:35,     8, 44.00, 44.00,  0.00
  12448477,  6090, 5, 9:15:49, 9:16:09,    20, 40.80, 38.20,  2.60
         0,     0, 5, 9:16:17, 9:16:19,     2, 38.20, 40.90, -2.70
  12706659,  7068, 1, 9:16:37, 9:17:11,    34, 41.20, 41.20,  0.00
  11954075,  4105, 1, 9:17:28, 9:19:01,    93, 41.20, 23.90, 17.30
         0,     0, 1, 9:19:08, 9:19:24,    16, 23.90, 41.20,-17.30
  12448428,  6041, 3, 9:18:26, 9:19:37,    71, 45.20, 26.00, 19.20
         0,     0, 3, 9:19:44, 9:20:02,    18, 26.00, 25.80,  0.20
  12706659,  7068, 2, 9:20:01, 9:21:16,    75, 44.00, 43.90,  0.10
  13008800,     0,10, 9:20:51, 9:21:35,    44, 39.80, 36.30,  3.50
         0,     0,10, 9:21:43, 9:21:47,     4, 36.30, 41.20, -4.90
  12706659,  7068, 1, 9:21:25, 9:24:09,   164, 41.20, 22.00, 19.20
         0,     0, 1, 9:24:17, 9:24:35,    18, 22.00, 41.30,-19.30
  12706659,  7068, 1, 9:24:48, 9:26:11,    83, 41.30, 35.90,  5.40
         0,     0, 1, 9:26:19, 9:26:23,     4, 35.90, 41.30, -5.40
  12706701,  7110, 2, 9:23:47, 9:27:36,   229, 43.90, 29.30, 14.60
         0,     0, 2, 9:27:44, 9:27:57,    13, 29.30, 43.90,-14.60
  12706701,  7110, 2, 9:28:15, 9:28:31,    16, 43.90, 42.00,  1.90
         0,     0, 2, 9:28:38, 9:28:38,     0, 42.00, 43.50, -1.50
  12448416,  6029, 3, 9:27:01, 9:30:34,   213, 46.50, 31.40, 15.10
         0,     0, 3, 9:30:42, 9:30:55,    13, 31.40, 45.70,-14.30
  13008800,     0, 9, 9:32:08, 9:32:11,     3, 41.00, 41.00,  0.00
  12448477,  6090, 5, 9:31:37, 9:32:45,    68, 40.90, 33.40,  7.50
         0,     0, 5, 9:32:54, 9:33:01,     7, 33.40, 40.90, -7.50
  11724109,  6068, 1, 9:29:13, 9:33:01,   228, 41.30, 21.60, 19.70
         0,     0, 1, 9:33:08, 9:33:26,    18, 21.60, 41.20,-19.60
  12706651,  7060, 1, 9:35:29, 9:38:46,   197, 41.20, 21.20, 20.00
         0,     0, 1, 9:38:54, 9:39:13,    19, 21.20, 41.20,-20.00
  11954050,  4080, 1, 9:39:51, 9:40:52,    61, 41.20, 38.70,  2.50
         0,     0, 1, 9:40:59, 9:41:00,     1, 38.70, 41.40, -2.70
  11954050,  4080, 2, 9:43:19, 9:43:47,    28, 43.50, 42.30,  1.20
  11954050,  4080, 2, 9:43:57, 9:45:14,    77, 42.30, 30.40, 11.90
         0,     0, 2, 9:45:22, 9:45:34,    12, 30.40, 43.90,-13.50
  13008800,     0, 9, 9:54:05, 9:54:18,    13, 41.00, 41.00,  0.00
  13008800,     0, 9, 9:54:56, 9:54:59,     3, 37.60, 37.50,  0.10
         0,     0, 9, 9:55:08, 9:55:12,     4, 37.50, 41.10, -3.60
  11724239,  3139, 3, 9:55:59, 9:56:16,    17, 46.70, 47.20, -0.50
  13008765,     0, 9, 9:55:25, 9:56:52,    87, 40.30, 34.00,  6.30
         0,     0, 9, 9:57:00, 9:57:09,     9, 34.00, 41.10, -7.10
  12706710,  7119, 2, 9:55:08, 9:57:08,   120, 44.00, 27.50, 16.50
         0,     0, 2, 9:57:15, 9:57:30,    15, 27.50, 44.00,-16.50
  13323427,     0, 8, 9:59:53, 9:59:54,     1, 40.80, 40.80,  0.00
  13323425,     0, 9, 9:59:56,10:00:51,    55, 40.30, 39.30,  1.00
         0,     0, 9,10:00:59,10:01:01,     2, 39.30, 41.10, -1.80
  12448428,  6041, 1,10:01:29,10:01:50,    21, 41.40, 41.30,  0.10
  12706738,  7147, 4, 9:58:48,10:02:19,   211, 43.30, 23.50, 19.80
  12448428,  6041, 2,10:02:01,10:02:27,    26, 44.00, 44.00,  0.00
  13323425,     0, 9,10:02:34,10:02:36,     2, 38.90, 38.90,  0.00
         0,     0, 4,10:02:26,10:02:45,    19, 23.50, 43.20,-19.70
         0,     0, 9,10:02:45,10:02:47,     2, 38.90, 41.10, -2.20
  11954075,  4105, 1,10:02:46,10:03:55,    69, 41.30, 28.30, 13.00
         0,     0, 1,10:04:03,10:04:15,    12, 28.30, 41.30,-13.00
  11499202,     0, 6, 8:59:57,10:07:01,  4024, 39.80, 28.80, 11.00
         0,     0, 6,10:07:09,10:07:21,    12, 28.80, 41.40,-12.60
  12448428,  6041, 3,10:06:41,10:07:57,    76, 46.20, 29.40, 16.80
         0,     0, 3,10:08:04,10:08:19,    15, 29.40, 29.30,  0.10
  13323451,     0, 9,10:08:52,10:10:13,    81, 40.60, 30.80,  9.80
         0,     0, 9,10:10:21,10:10:34,    13, 30.80, 41.10,-10.30
  12448442,  6055, 6,10:07:34,10:10:33,   179, 39.50, 35.30,  4.20
         0,     0, 6,10:10:40,10:10:45,     5, 35.30, 41.40, -6.10
  11724239,  3139, 2,10:11:24,10:14:45,   201, 44.00, 35.10,  8.90
         0,     0, 2,10:14:52,10:14:59,     7, 35.10, 44.00, -8.90
  13008768,     0, 6,10:11:05,10:18:26,   441, 41.40, 23.50, 17.90
         0,     0, 6,10:18:34,10:18:50,    16, 23.50, 41.30,-17.80
  12706727,  7136, 2,10:20:21,10:20:30,     9, 44.00, 44.00,  0.00
  12706727,  7136, 1,10:20:42,10:22:05,    83, 41.30, 30.70, 10.60
         0,     0, 1,10:22:12,10:22:21,     9, 30.70, 41.30,-10.60
  11954042,     0, 9,10:21:04,10:22:54,   110, 41.10, 40.90,  0.20
  12706727,  7136, 2,10:22:44,10:23:27,    43, 44.00, 35.00,  9.00
         0,     0, 2,10:23:34,10:23:42,     8, 35.00, 43.80, -8.80
  11954042,     0, 9,10:23:16,10:24:53,    97, 40.80, 40.30,  0.50
  12448471,  6084, 5,10:23:11,10:25:01,   110, 40.80, 25.10, 15.70
         0,     0, 5,10:25:08,10:25:23,    15, 25.10, 40.90,-15.80
  12706705,  7114, 1,10:22:31,10:25:35,   184, 41.30, 25.10, 16.20
  11954042,     0, 9,10:25:12,10:25:53,    41, 40.00, 39.50,  0.50
         0,     0, 1,10:25:44,10:25:59,    15, 25.10, 41.20,-16.10
         0,     0, 9,10:26:01,10:26:02,     1, 39.50, 41.00, -1.50
  13008815,     0, 7, 3:36:51,10:26:30, 24579, 41.40, 27.60, 13.80
         0,     0, 7,10:26:40,10:26:48,     8, 27.60, 27.60,  0.00
  11954042,     0, 9,10:26:21,10:27:58,    97, 40.70, 29.30, 11.40
         0,     0, 9,10:28:06,10:28:22,    16, 29.30, 41.10,-11.80
  12706609,  7018, 8,10:26:40,10:28:36,   116, 40.90, 33.80,  7.10
         0,     0, 8,10:28:44,10:28:52,     8, 33.80, 41.20, -7.40
  13008820,     0, 9,10:30:26,10:31:13,    47, 41.10, 40.70,  0.40
  13008820,     0, 9,10:33:19,10:33:20,     1, 36.20, 36.20,  0.00
         0,     0, 9,10:33:28,10:33:34,     6, 36.20, 41.00, -4.80
  11499161,  2051, 1,10:34:03,10:36:38,   155, 41.20, 27.10, 14.10
         0,     0, 1,10:36:46,10:36:59,    13, 27.10, 41.20,-14.10
  13323425,     0, 9,10:39:17,10:39:21,     4, 40.80, 40.80,  0.00
  12448449,  6062, 2,10:37:10,10:39:26,   136, 43.80, 29.40, 14.40
         0,     0, 2,10:39:33,10:39:46,    13, 29.40, 44.00,-14.60
  13323425,     0, 9,10:41:42,10:42:07,    25, 39.80, 39.40,  0.40
         0,     0, 9,10:42:14,10:42:15,     1, 39.40, 41.20, -1.80
  13008833,     0, 6,10:22:24,10:43:19,  1255, 28.50,  7.60, 20.90
  13323425,     0, 9,10:43:18,10:43:36,    18, 41.20, 40.80,  0.40
         0,     0, 6,10:43:26,10:44:04,    38,  7.60, 41.50,-33.90
  13323450,     0, 9,10:50:59,10:51:04,     5, 40.80, 40.80,  0.00
  11499202,     0, 6,10:44:21,10:51:54,   453, 41.50, 37.20,  4.30
         0,     0, 6,10:52:02,10:52:05,     3, 37.20, 41.40, -4.20
  13008815,     0, 8,10:51:05,10:52:57,   112, 41.30, 28.50, 12.80
         0,     0, 8,10:53:06,10:53:20,    14, 28.50, 41.00,-12.50
  12448483,  6096, 2,10:51:12,10:53:56,   164, 44.00, 16.00, 28.00
  13323427,     0, 8,10:53:48,10:53:56,     8, 41.00, 41.00,  0.00
         0,     0, 2,10:54:03,10:54:30,    27, 16.00, 43.90,-27.90
  13323427,     0, 8,10:55:00,10:55:26,    26, 40.90, 40.80,  0.10
  13008742,  7163, 1,10:55:21,10:55:34,    13, 41.20, 41.20,  0.00
  12706604,     0, 9,10:54:51,10:55:40,    49, 40.80, 40.70,  0.10
  13323427,     0, 8,10:55:42,10:55:43,     1, 40.70, 40.70,  0.00
  13323427,     0, 8,10:56:03,10:56:04,     1, 40.60, 40.50,  0.10
  12200046,  5100, 3,10:56:18,10:56:18,     0, 46.90, 47.90, -1.00
  12706604,     0, 9,10:55:50,10:56:32,    42, 40.80, 40.50,  0.30
  13323427,     0, 8,10:57:00,10:57:06,     6, 39.80, 39.00,  0.80
         0,     0, 8,10:57:14,10:57:16,     2, 39.00, 40.90, -1.90
  13323427,     0, 8,10:57:31,10:57:32,     1, 39.10, 38.40,  0.70
         0,     0, 8,10:57:40,10:57:43,     3, 38.40, 39.90, -1.50
  13323427,     0, 8,10:58:23,10:58:24,     1, 33.10, 33.10,  0.00
  21306958,  5124, 7,10:27:32,10:58:31,  1859, 41.30, 32.50,  8.80
  12706604,     0, 9,10:56:47,10:58:33,   106, 40.50, 25.40, 15.10
         0,     0, 8,10:58:32,10:58:40,     8, 33.10, 41.00, -7.90
         0,     0, 7,10:58:38,10:58:44,     6, 32.50, 32.50,  0.00
         0,     0, 9,10:58:40,10:59:01,    21, 25.40, 41.10,-15.70
  13008742,  7163, 2,10:55:49,10:59:32,   223, 43.90, 23.20, 20.70
         0,     0, 2,10:59:39,10:59:59,    20, 23.20, 44.10,-20.90
  12200007,  5061, 5,10:59:21,11:00:47,    86, 40.90, 27.80, 13.10
         0,     0, 5,11:00:54,11:01:06,    12, 27.80, 40.90,-13.10
  13323450,     0,10,11:01:28,11:01:29,     1, 26.30, 26.30,  0.00
         0,     0,10,11:01:37,11:01:52,    15, 26.30, 41.30,-15.00
  12448437,  6050, 8,10:59:09,11:01:52,   163, 40.90, 31.50,  9.40
         0,     0, 8,11:02:00,11:02:09,     9, 31.50, 41.10, -9.60
  13008756,  7115, 1,11:00:30,11:02:11,   101, 41.20, 23.70, 17.50
         0,     0, 1,11:02:20,11:02:36,    16, 23.70, 41.20,-17.50
  12706624,  7033, 6,10:52:37,11:03:28,   651, 41.40, 24.50, 16.90
  13323450,     0,10,11:03:40,11:03:41,     1, 34.50, 34.50,  0.00
         0,     0, 6,11:03:36,11:03:52,    16, 24.50, 41.50,-17.00
         0,     0,10,11:03:49,11:03:56,     7, 34.50, 41.20, -6.70
  12706634,     0, 8,11:04:26,11:05:09,    43, 41.20, 41.10,  0.10
  12200048,     0, 7,11:03:14,11:05:22,   128, 41.50, 37.90,  3.60
         0,     0, 7,11:05:29,11:05:31,     2, 37.90, 41.50, -3.60
  13323451,     0, 9,11:09:19,11:09:54,    35, 40.20, 37.60,  2.60
         0,     0, 9,11:10:02,11:10:06,     4, 37.60, 41.00, -3.40
  12200046,  5100, 4,11:09:47,11:10:51,    64, 44.30, 29.00, 15.30
         0,     0, 4,11:10:59,11:11:13,    14, 29.00, 43.30,-14.30
  12706634,     0, 7,11:05:42,11:12:54,   432, 41.40, 14.60, 26.80
         0,     0, 7,11:13:01,11:13:20,    19, 14.60, 41.50,-26.90
  12199981,  5035, 5,11:12:22,11:13:28,    66, 40.90, 22.70, 18.20
  11499161,  2051, 4,11:11:38,11:13:43,   125, 43.60, 32.20, 11.40
         0,     0, 5,11:13:36,11:13:54,    18, 22.70, 40.80,-18.10
         0,     0, 4,11:13:52,11:14:03,    11, 32.20, 43.30,-11.10
  12706622,     0, 6,11:04:31,11:14:56,   625, 41.40, 32.10,  9.30
         0,     0, 6,11:15:03,11:15:07,     4, 32.10, 37.10, -5.00
  13323435,     0, 9,11:15:18,11:15:25,     7, 41.00, 40.90,  0.10
  13323435,     0, 9,11:15:44,11:16:57,    73, 40.50, 37.10,  3.40
         0,     0, 9,11:17:04,11:17:08,     4, 37.10, 41.00, -3.90
  12199988,  5042, 4,11:15:35,11:17:31,   116, 42.70, 39.00,  3.70
         0,     0, 4,11:17:39,11:17:43,     4, 39.00, 43.50, -4.50
  12448471,  6084, 5,11:16:59,11:18:15,    76, 40.70, 30.20, 10.50
         0,     0, 5,11:18:22,11:18:31,     9, 30.20, 31.10, -0.90
  21268825,  6087, 3,11:18:21,11:20:20,   119, 47.00, 27.80, 19.20
  13008797,     0, 6,11:17:26,11:20:27,   181, 26.60, 26.60,  0.00
         0,     0, 3,11:20:29,11:20:46,    17, 27.80, 27.70,  0.10
         0,     0, 6,11:20:35,11:20:49,    14, 26.60, 41.70,-15.10
  12448473,  6086, 2,11:19:25,11:21:06,   101, 44.10, 27.20, 16.90
         0,     0, 2,11:21:15,11:21:30,    15, 27.20, 44.00,-16.80
  12199969,     0, 9,11:21:54,11:22:32,    38, 41.00, 38.60,  2.40
         0,     0, 9,11:22:40,11:22:43,     3, 38.60, 41.10, -2.50
  13323434,     0, 9,11:22:57,11:23:13,    16, 41.00, 40.80,  0.20
  13323434,     0, 9,11:23:29,11:25:51,   142, 40.40, 31.80,  8.60
         0,     0, 9,11:25:58,11:26:10,    12, 31.80, 41.10, -9.30
  13323434,     0, 9,11:26:49,11:26:50,     1, 40.00, 40.00,  0.00
         0,     0, 9,11:26:58,11:26:58,     0, 40.00, 40.90, -0.90
  12706650,  7059, 2,11:25:30,11:27:51,   141, 44.10, 31.60, 12.50
         0,     0, 2,11:28:00,11:28:11,    11, 31.60, 44.00,-12.40
  12706650,  7059, 2,11:28:21,11:30:03,   102, 44.10, 37.00,  7.10
         0,     0, 2,11:30:12,11:30:17,     5, 37.00, 43.90, -6.90
  12706686,  7095, 1,11:28:14,11:31:15,   181, 41.20, 20.70, 20.50
         0,     0, 1,11:31:23,11:31:42,    19, 20.70, 41.20,-20.50
  12200048,     0, 8,11:32:37,11:33:02,    25, 41.00, 40.80,  0.20
  12448521,     0, 7,11:13:30,11:33:26,  1196, 41.40, 29.60, 11.80
         0,     0, 7,11:33:34,11:33:42,     8, 29.60, 29.70, -0.10
  13323358,     0, 9,11:33:48,11:33:51,     3, 40.60, 40.60,  0.00
  13323358,     0, 9,11:34:40,11:34:43,     3, 35.10, 35.10,  0.00
         0,     0, 9,11:34:51,11:34:59,     8, 35.10, 41.00, -5.90
  12706624,  7033, 6,11:20:59,11:36:28,   929, 41.70, 36.70,  5.00
         0,     0, 6,11:36:36,11:36:40,     4, 36.70, 40.60, -3.90
  12200048,     0, 8,11:35:06,11:37:29,   143, 40.90, 29.80, 11.10
         0,     0, 8,11:37:36,11:37:47,    11, 29.80, 41.10,-11.30
  13008735,  7156, 5,11:34:59,11:37:48,   169, 40.90, 29.10, 11.80
         0,     0, 5,11:37:56,11:38:07,    11, 29.10, 40.90,-11.80
  12706639,  7048, 4,11:37:45,11:38:31,    46, 43.50, 43.20,  0.30
  12706639,  7048, 3,11:38:37,11:41:00,   143, 46.60, 29.70, 16.90
         0,     0, 3,11:41:07,11:41:22,    15, 29.70, 29.60,  0.10
  12706601,     0,10,11:40:27,11:42:11,   104, 41.10, 33.40,  7.70
         0,     0,10,11:42:19,11:42:27,     8, 33.40, 41.20, -7.80
  12706637,  7046, 4,11:38:43,11:42:28,   225, 43.20, 28.60, 14.60
         0,     0, 4,11:42:35,11:42:49,    14, 28.60, 43.30,-14.70
  13008802,     0, 9,11:42:51,11:42:54,     3, 41.00, 41.10, -0.10
  12706615,     0,10,11:43:07,11:43:51,    44, 41.20, 41.10,  0.10
  21268104,  6067, 4,11:43:30,11:46:05,   155, 44.00, 30.80, 13.20
         0,     0, 4,11:46:12,11:46:24,    12, 30.80, 43.30,-12.50
  12706615,     0,10,11:44:07,11:46:41,   154, 41.10, 32.30,  8.80
         0,     0,10,11:46:48,11:46:57,     9, 32.30, 41.10, -8.80
  12706615,     0, 9,11:46:46,11:47:31,    45, 39.40, 33.70,  5.70
         0,     0, 9,11:47:39,11:47:48,     9, 33.70, 41.00, -7.30
  13008765,     0, 9,11:48:54,11:49:05,    11, 41.00, 41.00,  0.00
  13008786,     0,10,11:48:50,11:49:14,    24, 41.10, 41.00,  0.10
  12706618,     0,10,11:52:06,11:52:17,    11, 40.90, 40.80,  0.10
  12706618,     0,10,11:52:45,11:53:48,    63, 39.50, 30.50,  9.00
  12199986,     0, 8,11:53:42,11:53:56,    14, 41.20, 40.60,  0.60
         0,     0,10,11:53:57,11:54:08,    11, 30.50, 41.10,-10.60
  12199986,     0, 8,11:54:08,11:55:47,    99, 40.20, 19.80, 20.40
         0,     0, 8,11:55:55,11:56:17,    22, 19.80, 41.20,-21.40
  13008762,     0, 6,11:54:38,11:56:50,   132, 33.50, 19.80, 13.70
         0,     0, 6,11:56:58,11:57:19,    21, 19.80, 41.60,-21.80
  12199988,  5042, 4,11:56:29,11:58:24,   115, 43.20, 28.00, 15.20
  12200007,  5061, 5,11:57:20,11:58:25,    65, 40.90, 30.70, 10.20
         0,     0, 5,11:58:33,11:58:43,    10, 30.70, 40.90,-10.20
         0,     0, 4,11:58:32,11:58:47,    15, 28.00, 43.30,-15.30
  12706616,  7025, 3,11:57:34,11:59:15,   101, 46.90, 30.00, 16.90
         0,     0, 3,11:59:23,11:59:37,    14, 30.00, 46.30,-16.30
  13008765,     0, 9,11:58:44,11:59:51,    67, 40.70, 38.70,  2.00
         0,     0, 9,12:00:00,12:00:02,     2, 38.70, 41.10, -2.40
  13008779,     0, 8,11:58:48,12:01:29,   161, 41.20, 36.80,  4.40
         0,     0, 8,12:01:38,12:01:42,     4, 36.80, 41.10, -4.30
  13008815,     0, 8,12:02:42,12:02:49,     7, 37.40, 37.40,  0.00
         0,     0, 8,12:02:56,12:02:59,     3, 37.40, 41.10, -3.70
  13008815,     0, 7,11:58:54,12:03:15,   261, 21.30, 15.40,  5.90
         0,     0, 7,12:03:22,12:03:38,    16, 15.40, 15.50, -0.10
  12200083,     0, 9,12:05:04,12:05:06,     2, 33.00, 33.00,  0.00
         0,     0, 9,12:05:15,12:05:25,    10, 33.00, 41.10, -8.10
  12200083,     0, 9,12:05:35,12:06:36,    61, 41.10, 34.50,  6.60
         0,     0, 9,12:06:45,12:06:53,     8, 34.50, 41.00, -6.50
  11724159,     0, 6,11:58:17,12:06:52,   515, 32.90, 32.90,  0.00
         0,     0, 6,12:06:59,12:07:06,     7, 32.90, 33.00, -0.10
  12706609,  7018, 8,12:06:54,12:07:09,    15, 24.50, 24.50,  0.00
         0,     0, 8,12:07:17,12:07:34,    17, 24.50, 41.10,-16.60
  12200083,     0, 9,12:07:47,12:08:01,    14, 41.00, 39.60,  1.40
         0,     0, 9,12:08:10,12:08:11,     1, 39.60, 41.00, -1.40
  13008789,     0, 7,12:05:59,12:08:21,   142, 41.50, 39.90,  1.60
         0,     0, 7,12:08:28,12:08:28,     0, 39.90, 40.60, -0.70
  13008837,     0, 8,12:08:32,12:08:49,    17, 41.10, 41.10,  0.00
  13008789,     0, 7,12:10:13,12:11:14,    61, 40.60, 39.90,  0.70
         0,     0, 7,12:11:21,12:11:21,     0, 39.90, 41.10, -1.20
  13008800,     0,10,12:10:44,12:11:22,    38, 41.10, 36.50,  4.60
         0,     0,10,12:11:30,12:11:34,     4, 36.50, 41.20, -4.70
  13323450,     0, 9,12:12:19,12:13:35,    76, 41.00, 39.70,  1.30
         0,     0, 9,12:13:44,12:13:45,     1, 39.70, 41.00, -1.30
  12448521,     0, 8,12:13:18,12:13:55,    37, 41.00, 40.80,  0.20
  12448415,     0, 7,12:11:37,12:14:25,   168, 41.00, 40.30,  0.70
  12706726,  7135, 2,12:14:01,12:16:17,   136, 43.90, 33.50, 10.40
  12448415,     0, 8,12:14:14,12:16:19,   125, 40.80, 29.60, 11.20
         0,     0, 2,12:16:26,12:16:35,     9, 33.50, 43.80,-10.30
         0,     0, 8,12:16:27,12:16:39,    12, 29.60, 41.10,-11.50
  12448521,     0, 7,12:14:38,12:16:42,   124, 40.00, 25.50, 14.50
         0,     0, 7,12:16:50,12:17:00,    10, 25.50, 25.50,  0.00
  13008802,     0, 9,12:16:31,12:17:09,    38, 41.00, 37.00,  4.00
         0,     0, 9,12:17:17,12:17:22,     5, 37.00, 41.10, -4.10
  12448415,     0, 7,12:17:26,12:17:40,    14, 38.90, 38.90,  0.00
         0,     0, 7,12:17:47,12:17:48,     1, 38.90, 41.40, -2.50
  13008837,     0, 8,12:18:40,12:18:42,     2, 41.10, 41.10,  0.00
  11953978,  4008, 1,12:17:54,12:19:01,    67, 41.20, 39.80,  1.40
         0,     0, 1,12:19:08,12:19:08,     0, 39.80, 41.20, -1.40
  13008837,     0, 7,12:18:07,12:19:51,   104, 41.40, 40.40,  1.00
  11953978,  4008, 1,12:19:18,12:20:46,    88, 41.10, 26.10, 15.00
         0,     0, 1,12:20:54,12:21:08,    14, 26.10, 41.20,-15.10
  13008837,     0, 8,12:19:40,12:21:21,   101, 40.80, 23.60, 17.20
         0,     0, 8,12:21:30,12:21:48,    18, 23.60, 41.10,-17.50
  13008792,     0, 9,12:19:57,12:22:13,   136, 37.00, 36.10,  0.90
         0,     0, 9,12:22:21,12:22:27,     6, 36.10, 41.00, -4.90
  12199977,     0, 9,12:22:55,12:24:26,    91, 41.00, 30.90, 10.10
         0,     0, 9,12:24:35,12:24:48,    13, 30.90, 41.10,-10.20
  13008815,     0, 7,12:20:01,12:25:08,   307, 40.50, 35.80,  4.70
         0,     0, 7,12:25:16,12:25:19,     3, 35.80, 41.50, -5.70
  13008792,     0,10,12:23:59,12:26:15,   136, 41.00, 28.00, 13.00
         0,     0,10,12:26:23,12:26:36,    13, 28.00, 41.20,-13.20
  12706636,  7045, 1,12:25:17,12:27:25,   128, 41.20, 30.50, 10.70
         0,     0, 1,12:27:33,12:27:42,     9, 30.50, 41.30,-10.80
  13008735,  7156, 4,12:25:43,12:27:48,   125, 44.00, 36.80,  7.20
         0,     0, 4,12:27:56,12:28:02,     6, 36.80, 43.30, -6.50
  13008792,     0,10,12:27:31,12:28:13,    42, 40.40, 40.10,  0.30
  12706700,  7109, 1,12:28:19,12:28:24,     5, 41.30, 41.30,  0.00
  13008835,     0, 6,12:07:17,12:29:12,  1315, 41.40, 30.40, 11.00
         0,     0, 6,12:29:19,12:29:29,    10, 30.40, 41.50,-11.10
  12706700,  7109, 2,12:28:31,12:29:52,    81, 43.90, 25.70, 18.20
         0,     0, 2,12:30:01,12:30:18,    17, 25.70, 43.90,-18.20
  12706624,  7033, 6,12:30:00,12:30:53,    53, 41.10, 40.20,  0.90
  21292347,  5120, 5,12:29:26,12:31:43,   137, 40.90, 28.60, 12.30
         0,     0, 5,12:31:52,12:32:04,    12, 28.60, 41.00,-12.40
  12448471,  6084, 3,12:32:02,12:33:32,    90, 46.90, 34.60, 12.30
         0,     0, 3,12:33:39,12:33:49,    10, 34.60, 34.60,  0.00
  13008820,     0, 9,12:33:48,12:33:50,     2, 40.80, 40.80,  0.00
  13008762,     0, 6,12:32:59,12:34:56,   117, 21.40, 20.90,  0.50
  12199969,     0, 9,12:33:59,12:35:08,    69, 40.80, 33.60,  7.20
         0,     0, 6,12:35:03,12:35:24,    21, 20.90, 41.50,-20.60
         0,     0, 9,12:35:17,12:35:27,    10, 33.60, 41.20, -7.60
  12706707,  7116, 1,12:37:50,12:38:19,    29, 41.30, 41.20,  0.10
  11724109,  6068, 4,12:38:36,12:39:05,    29, 43.30, 43.30,  0.00
  12448409,  6022, 2,12:37:13,12:39:42,   149, 44.00, 43.90,  0.10
  12706707,  7116, 1,12:39:29,12:39:46,    17, 41.20, 41.20,  0.00
  12706624,  7033, 6,12:35:39,12:40:03,   264, 41.50, 38.40,  3.10
         0,     0, 6,12:40:10,12:40:12,     2, 38.40, 41.60, -3.20
  12706707,  7116, 2,12:40:41,12:40:48,     7, 44.00, 44.00,  0.00
  12448409,  6022, 1,12:41:01,12:41:13,    12, 41.20, 41.20,  0.00
  11724109,  6068, 4,12:39:20,12:42:16,   176, 43.20, 31.70, 11.50
         0,     0, 4,12:42:24,12:42:35,    11, 31.70, 43.30,-11.60
  13008800,     0, 9,12:42:58,12:44:48,   110, 41.20, 41.20,  0.00
  12448409,  6022, 2,12:41:17,12:44:49,   212, 43.90, 21.50, 22.40
         0,     0, 2,12:44:57,12:45:18,    21, 21.50, 43.90,-22.40
  13008779,     0, 8,12:44:23,12:45:19,    56, 41.10, 36.00,  5.10
         0,     0, 8,12:45:27,12:45:32,     5, 36.00, 40.40, -4.40
  12448416,  6029, 3,12:44:07,12:45:54,   107, 46.90, 35.10, 11.80
  13008779,     0, 8,12:45:52,12:46:02,    10, 38.10, 38.10,  0.00
         0,     0, 3,12:46:01,12:46:10,     9, 35.10, 35.10,  0.00
         0,     0, 8,12:46:11,12:46:13,     2, 38.10, 41.00, -2.90
  13008836,     0, 7,12:25:52,12:47:39,  1307, 41.60, 41.50,  0.10
  12706707,  7116, 2,12:46:55,12:48:34,    99, 44.00, 34.60,  9.40
         0,     0, 2,12:48:43,12:48:51,     8, 34.60, 44.00, -9.40
  13008800,     0, 9,12:45:25,12:50:38,   313, 41.20, 41.00,  0.20
  12706601,     0,10,12:44:20,12:50:52,   392, 33.40, 19.20, 14.20
         0,     0,10,12:51:01,12:51:24,    23, 19.20, 41.10,-21.90
  11954014,  4044, 4,12:50:45,12:51:27,    42, 43.50, 34.10,  9.40
         0,     0, 4,12:51:36,12:51:45,     9, 34.10, 43.30, -9.20
  13008836,     0, 7,12:49:24,12:53:32,   248, 41.50, 41.50,  0.00
  12200083,     0, 9,12:53:56,12:54:23,    27, 41.00, 40.90,  0.10
  11954056,     0, 8,12:54:13,12:54:57,    44, 41.10, 40.60,  0.50
  13008836,     0, 8,12:55:43,12:56:14,    31, 40.40, 40.40,  0.00
  13008732,  7153, 4,12:53:08,12:56:29,   201, 43.40, 22.50, 20.90
  12200083,     0, 9,12:56:35,12:56:47,    12, 37.90, 38.00, -0.10
         0,     0, 4,12:56:36,12:56:56,    20, 22.50, 43.20,-20.70
         0,     0, 9,12:56:56,12:57:00,     4, 38.00, 41.10, -3.10
  11954056,     0, 7,12:55:11,12:58:29,   198, 41.50, 41.50,  0.00
  13008836,     0, 8,12:56:37,12:58:37,   120, 40.20, 31.40,  8.80
         0,     0, 8,12:58:44,12:58:54,    10, 31.40, 41.10, -9.70
  13008836,     0, 8,12:59:18,13:00:26,    68, 39.00, 30.30,  8.70
         0,     0, 8,13:00:35,13:00:46,    11, 30.30, 41.20,-10.90
  13008797,     0, 6,12:48:37,13:02:18,   821, 41.70, 32.10,  9.60
         0,     0, 6,13:02:26,13:02:36,    10, 32.10, 40.00, -7.90
  13323427,     0, 8,13:04:05,13:04:07,     2, 41.00, 41.00,  0.00
  11954056,     0, 8,13:04:20,13:04:26,     6, 41.00, 41.00,  0.00
  11954056,     0, 8,13:04:54,13:04:59,     5, 40.90, 41.00, -0.10
  13008786,     0,10,13:05:31,13:05:38,     7, 38.40, 38.40,  0.00
         0,     0,10,13:05:47,13:05:49,     2, 38.40, 41.20, -2.80
  11954056,     0, 8,13:05:09,13:06:23,    74, 40.80, 39.50,  1.30
         0,     0, 8,13:06:32,13:06:33,     1, 39.50, 41.00, -1.50
  13008786,     0, 9,13:07:25,13:07:30,     5, 41.10, 41.10,  0.00
  13008797,     0, 6,13:03:56,13:08:27,   271, 37.40, 29.70,  7.70
  21306958,  5124, 8,13:08:25,13:08:38,    13, 40.90, 40.90,  0.00
         0,     0, 6,13:08:35,13:08:46,    11, 29.70, 41.60,-11.90
  21306958,  5124, 8,13:09:01,13:09:50,    49, 40.90, 40.70,  0.20
  12706727,  7136, 3,13:08:15,13:09:54,    99, 46.70, 36.70, 10.00
         0,     0, 3,13:10:01,13:10:09,     8, 36.70, 36.70,  0.00
  21306958,  5124, 8,13:10:01,13:10:10,     9, 40.70, 40.70,  0.00
  12200048,     0, 8,13:11:11,13:11:19,     8, 40.70, 40.70,  0.00
  13323450,     0,10,13:11:30,13:11:32,     2, 30.30, 30.30,  0.00
  13323435,     0, 9,13:09:43,13:11:41,   118, 41.30, 40.90,  0.40
         0,     0,10,13:11:40,13:11:51,    11, 30.30, 41.20,-10.90
  13323425,     0, 9,13:13:28,13:13:32,     4, 40.90, 40.90,  0.00
  21292347,  5120, 5,13:12:47,13:14:26,    99, 41.00, 31.70,  9.30
         0,     0, 5,13:14:33,13:14:41,     8, 31.70, 40.90, -9.20
  12200048,     0, 8,13:12:47,13:15:09,   142, 40.70, 40.60,  0.10
  11953978,  4008, 3,13:14:31,13:15:21,    50, 47.60, 38.50,  9.10
         0,     0, 3,13:15:29,13:15:35,     6, 38.50, 46.20, -7.70
  13323451,     0,10,13:14:36,13:15:48,    72, 41.20, 39.20,  2.00
         0,     0,10,13:15:57,13:15:58,     1, 39.20, 41.20, -2.00
  12706701,  7110, 2,13:14:41,13:17:39,   178, 44.00, 33.10, 10.90
  21306958,  5124, 7,13:05:45,13:17:53,   728, 41.50, 41.50,  0.00
         0,     0, 2,13:17:47,13:17:57,    10, 33.10, 44.00,-10.90
  13323425,     0,10,13:18:18,13:18:20,     2, 41.20, 41.20,  0.00
  12706701,  7110, 2,13:18:07,13:18:36,    29, 44.00, 38.90,  5.10
  13008815,     0, 8,13:18:27,13:18:39,    12, 40.60, 40.70, -0.10
         0,     0, 2,13:18:44,13:18:48,     4, 38.90, 44.00, -5.10
  13323425,     0,10,13:18:49,13:20:06,    77, 40.60, 31.40,  9.20
         0,     0,10,13:20:14,13:20:24,    10, 31.40, 41.20, -9.80
  13323425,     0,10,13:20:49,13:20:50,     1, 40.30, 40.30,  0.00
  13008835,     0, 6,13:09:02,13:21:02,   720, 41.40, 35.20,  6.20
         0,     0, 6,13:21:10,13:21:15,     5, 35.20, 41.50, -6.30
  13323435,     0, 9,13:20:06,13:21:39,    93, 40.90, 36.80,  4.10
         0,     0, 9,13:21:48,13:21:53,     5, 36.80, 41.10, -4.30
  12706609,  7018, 8,13:26:03,13:26:07,     4, 40.60, 40.60,  0.00
  13323358,     0, 9,13:25:17,13:26:33,    76, 41.00, 34.20,  6.80
         0,     0, 9,13:26:41,13:26:50,     9, 34.20, 41.10, -6.90
  21306958,  5124, 8,13:29:42,13:29:43,     1, 40.60, 40.60,  0.00
  12706609,  7018, 8,13:31:11,13:31:15,     4, 40.60, 40.60,  0.00
  12448416,  6029, 4,13:31:27,13:31:57,    30, 43.70, 38.30,  5.40
         0,     0, 4,13:32:05,13:32:10,     5, 38.30, 43.50, -5.20
  12448416,  6029, 3,13:32:10,13:32:30,    20, 46.00, 43.70,  2.30
         0,     0, 3,13:32:38,13:32:39,     1, 43.70, 46.10, -2.40
  21268104,  6067, 5,13:35:56,13:37:52,   116, 40.90, 40.50,  0.40
  21268104,  6067, 5,13:38:40,13:40:02,    82, 40.40, 33.20,  7.20
         0,     0, 5,13:40:10,13:40:17,     7, 33.20, 40.90, -7.70
  12706609,  7018, 7,13:26:12,13:43:55,  1063, 41.50, 41.50,  0.00
  13008786,     0, 9,13:43:51,13:44:02,    11, 41.10, 41.10,  0.00
  11724109,  6068, 2,13:43:59,13:44:36,    37, 44.00, 43.90,  0.10
  11724109,  6068, 1,13:44:41,13:46:19,    98, 41.30, 31.50,  9.80
         0,     0, 1,13:46:26,13:46:34,     8, 31.50, 41.30, -9.80
  11954056,     0, 8,13:46:32,13:46:41,     9, 40.60, 40.50,  0.10
  13323434,     0, 9,13:48:47,13:48:49,     2, 41.10, 41.10,  0.00
  11954056,     0, 8,13:47:10,13:49:24,   134, 40.50, 36.00,  4.50
         0,     0, 8,13:49:32,13:49:37,     5, 36.00, 40.20, -4.20
  11954056,     0, 8,13:49:49,13:50:59,    70, 39.40, 19.80, 19.60
  12706655,  7064, 2,13:49:02,13:51:05,   123, 43.80, 28.80, 15.00
         0,     0, 2,13:51:13,13:51:27,    14, 28.80, 43.90,-15.10
         0,     0, 8,13:51:07,13:51:30,    23, 19.80, 41.20,-21.40
  12706609,  7018, 8,13:52:30,13:52:30,     0, 41.10, 41.20, -0.10
  12448449,  6062, 5,13:51:21,13:53:15,   114, 40.90, 27.90, 13.00
         0,     0, 5,13:53:23,13:53:35,    12, 27.90, 40.90,-13.00
  11724239,  3139, 2,13:51:51,13:54:03,   132, 43.90, 34.70,  9.20
         0,     0, 2,13:54:10,13:54:18,     8, 34.70, 44.00, -9.30
  11724159,     0, 6,13:21:25,13:58:52,  2247, 41.40, 35.30,  6.10
         0,     0, 6,13:59:00,13:59:03,     3, 35.30, 39.20, -3.90
  13008797,     0, 6,13:59:28,14:00:13,    45, 38.90, 39.10, -0.20
         0,     0, 6,14:00:21,14:00:22,     1, 39.10, 41.50, -2.40
  12448479,  6092, 1,13:55:52,14:00:26,   274, 41.30, 29.00, 12.30
         0,     0, 1,14:00:34,14:00:45,    11, 29.00, 41.30,-12.30
  13008765,     0,10,14:01:12,14:01:23,    11, 38.10, 38.20, -0.10
         0,     0,10,14:01:30,14:01:32,     2, 38.20, 41.20, -3.00
  13008765,     0, 9,14:01:42,14:01:51,     9, 41.10, 40.30,  0.80
  12706651,  7060, 3,14:01:35,14:04:00,   145, 46.10, 29.20, 16.90
         0,     0, 3,14:04:08,14:04:23,    15, 29.20, 46.30,-17.10
  12200048,     0, 8,14:01:52,14:04:23,   151, 41.20, 34.10,  7.10
         0,     0, 8,14:04:32,14:04:39,     7, 34.10, 41.10, -7.00
  21268104,  6067, 2,14:05:37,14:07:20,   103, 44.00, 34.70,  9.30
  13008768,     0, 6,14:00:55,14:07:33,   398, 41.40, 23.40, 18.00
         0,     0, 2,14:07:28,14:07:36,     8, 34.70, 44.00, -9.30
         0,     0, 6,14:07:41,14:07:58,    17, 23.40, 41.50,-18.10
  12448437,  6050, 8,14:08:07,14:11:29,   202, 41.10, 32.10,  9.00
  12200042,  5096, 5,14:11:25,14:11:34,     9, 40.80, 40.80,  0.00
         0,     0, 8,14:11:37,14:11:46,     9, 32.10, 41.10, -9.00
  11954056,     0, 7,13:45:56,14:13:10,  1634, 41.60, 41.50,  0.10
  12448451,  6064, 2,14:14:42,14:15:31,    49, 44.00, 43.80,  0.20
  12200042,  5096, 1,14:15:42,14:16:35,    53, 41.30, 36.50,  4.80
         0,     0, 1,14:16:42,14:16:46,     4, 36.50, 41.30, -4.80
  12200042,  5096, 2,14:16:52,14:16:58,     6, 43.80, 43.00,  0.80
  13323427,     0, 8,14:17:31,14:18:01,    30, 41.20, 41.10,  0.10
  12448451,  6064, 5,14:18:07,14:18:25,    18, 40.70, 40.80, -0.10
  11954075,  4105, 2,14:17:08,14:18:41,    93, 42.90, 25.00, 17.90
  12448451,  6064, 5,14:18:42,14:18:53,    11, 40.80, 40.70,  0.10
         0,     0, 2,14:18:49,14:19:06,    17, 25.00, 43.90,-18.90
  13323427,     0, 8,14:18:20,14:19:17,    57, 41.00, 40.90,  0.10
  13323427,     0, 7,14:19:20,14:19:32,    12, 41.50, 41.50,  0.00
  12448451,  6064, 5,14:19:03,14:19:46,    43, 40.70, 40.60,  0.10
  12448448,  6061, 5,14:19:57,14:20:19,    22, 40.60, 40.60,  0.00
  13008789,     0, 7,14:19:46,14:22:05,   139, 41.60, 41.10,  0.50
  13008789,     0, 8,14:22:02,14:22:14,    12, 40.90, 41.00, -0.10
  12706634,     0, 8,14:22:38,14:24:49,   131, 41.00, 32.60,  8.40
         0,     0, 8,14:24:56,14:25:04,     8, 32.60, 41.00, -8.40
  12706624,  7033, 6,14:08:09,14:25:49,  1060, 41.50, 37.70,  3.80
  13008762,     0, 6,14:26:36,14:28:13,    97, 38.20, 36.00,  2.20
         0,     0, 6,14:28:20,14:28:24,     4, 36.00, 36.10, -0.10
  12448451,  6064, 3,14:26:26,14:29:43,   197, 46.60, 24.50, 22.10
  12706624,  7033, 6,14:28:36,14:29:59,    83, 41.40, 40.90,  0.50
         0,     0, 3,14:29:52,14:30:11,    19, 24.50, 24.30,  0.20
  12706726,  7135, 5,14:30:54,14:30:59,     5, 40.50, 40.50,  0.00
  12706622,     0, 6,14:30:18,14:37:52,   454, 40.80, 16.60, 24.20
         0,     0, 6,14:37:59,14:38:22,    23, 16.60, 41.50,-24.90
  13008835,     0, 6,14:40:36,14:45:35,   299, 41.50, 40.30,  1.20
  13008789,     0, 7,14:22:39,14:49:53,  1634, 41.10, 23.50, 17.60
  12706738,  7147, 2,14:46:35,14:50:01,   206, 43.90, 24.30, 19.60
         0,     0, 7,14:50:01,14:50:12,    11, 23.50, 23.50,  0.00
         0,     0, 2,14:50:09,14:50:27,    18, 24.30, 44.00,-19.70
  12706710,  7119, 2,14:53:04,14:54:57,   113, 44.10, 28.60, 15.50
  12448415,     0, 8,14:50:04,14:55:13,   309, 41.00, 27.70, 13.30
         0,     0, 2,14:55:06,14:55:20,    14, 28.60, 44.00,-15.40
         0,     0, 8,14:55:20,14:55:34,    14, 27.70, 41.10,-13.40
  13008762,     0, 6,14:46:03,14:57:59,   716, 40.40, 28.60, 11.80
         0,     0, 6,14:58:06,14:58:19,    13, 28.60, 40.50,-11.90
  21306958,  5124, 8,14:56:41,14:58:48,   127, 41.10, 40.70,  0.40
  12706738,  7147, 5,14:58:49,14:59:21,    32, 40.60, 40.50,  0.10
  11499161,  2051, 1,14:55:31,14:59:40,   249, 41.30, 23.10, 18.20
         0,     0, 1,14:59:48,15:00:05,    17, 23.10, 41.20,-18.10
  11499161,  2051, 2,15:00:16,15:00:59,    43, 44.10, 38.90,  5.20
         0,     0, 2,15:01:07,15:01:11,     4, 38.90, 44.00, -5.10
  12706636,  7045, 4,14:59:17,15:01:22,   125, 43.80, 32.60, 11.20
         0,     0, 4,15:01:30,15:01:40,    10, 32.60, 43.40,-10.80
  21306958,  5124, 8,14:59:09,15:02:12,   183, 40.60, 29.20, 11.40
  21306958,  5124, 7,14:56:24,15:02:26,   362, 41.50, 41.40,  0.10
         0,     0, 8,15:02:20,15:02:32,    12, 29.20, 41.10,-11.90
  12448473,  6086, 2,15:01:28,15:03:21,   113, 44.00, 26.50, 17.50
         0,     0, 2,15:03:29,15:03:45,    16, 26.50, 43.90,-17.40
  13008802,     0, 9,15:03:41,15:04:32,    51, 39.90, 34.20,  5.70
         0,     0, 9,15:04:40,15:04:48,     8, 34.20, 41.00, -6.80
  11499202,     0, 6,14:58:52,15:04:56,   364, 32.00, 31.80,  0.20
         0,     0, 6,15:05:03,15:05:11,     8, 31.80, 31.80,  0.00
  13008792,     0, 9,15:12:24,15:12:28,     4, 41.00, 41.00,  0.00
  12199969,     0, 9,15:27:10,15:28:13,    63, 41.00, 35.50,  5.50
         0,     0, 9,15:28:21,15:28:28,     7, 35.50, 41.00, -5.50
  13008737,     0, 8,15:31:30,15:32:16,    46, 41.10, 40.80,  0.30
  13008737,     0, 8,15:34:45,15:34:49,     4, 21.30, 21.40, -0.10
         0,     0, 8,15:34:57,15:35:18,    21, 21.40, 41.20,-19.80
  12199981,  5035, 1,15:38:25,15:39:27,    62, 41.20, 24.10, 17.10
         0,     0, 1,15:39:34,15:39:50,    16, 24.10, 41.30,-17.20
  13008835,     0, 6,15:05:43,15:43:33,  2270, 41.20, 37.20,  4.00
  12200046,  5100, 2,15:42:36,15:43:34,    58, 43.90, 31.60, 12.30
         0,     0, 6,15:43:40,15:43:43,     3, 37.20, 41.20, -4.00
         0,     0, 2,15:43:42,15:43:53,    11, 31.60, 44.00,-12.40
  12448437,  6050, 8,15:42:48,15:46:02,   194, 41.30, 32.80,  8.50
         0,     0, 8,15:46:10,15:46:19,     9, 32.80, 41.20, -8.40
  12706686,  7095, 1,15:47:51,15:51:07,   196, 41.30, 25.50, 15.80
         0,     0, 1,15:51:14,15:51:28,    14, 25.50, 41.30,-15.80
  12706637,  7046, 2,15:50:16,15:52:25,   129, 44.00, 31.40, 12.60
         0,     0, 2,15:52:33,15:52:44,    11, 31.40, 43.90,-12.50
  12448442,  6055, 6,15:43:59,15:52:42,   523, 39.40, 33.50,  5.90
  12448416,  6029, 4,15:51:04,15:52:47,   103, 43.70, 33.50, 10.20
  11954050,  4080, 3,15:51:20,15:52:49,    89, 46.40, 31.60, 14.80
         0,     0, 6,15:52:49,15:52:56,     7, 33.50, 41.50, -8.00
         0,     0, 4,15:52:55,15:53:05,    10, 33.50, 43.40, -9.90
         0,     0, 3,15:52:56,15:53:09,    13, 31.60, 32.10, -0.50
  12448449,  6062, 5,15:52:07,15:53:37,    90, 40.50, 30.60,  9.90
         0,     0, 5,15:53:45,15:53:55,    10, 30.60, 40.70,-10.10
  12706616,  7025, 1,15:53:02,15:54:30,    88, 41.30, 25.20, 16.10
         0,     0, 1,15:54:38,15:54:53,    15, 25.20, 41.30,-16.10
  21306958,  5124, 8,15:55:44,15:55:47,     3, 41.30, 41.30,  0.00
  21306958,  5124, 8,15:56:20,15:57:23,    63, 41.00, 40.70,  0.30
  13008756,  7115, 1,15:57:23,15:59:30,   127, 41.30, 22.00, 19.30
         0,     0, 1,15:59:39,15:59:57,    18, 22.00, 41.30,-19.30
  21306958,  5124, 8,15:58:18,15:59:59,   101, 40.50, 40.10,  0.40
  21306958,  5124, 8,16:00:11,16:00:17,     6, 40.10, 39.10,  1.00
         0,     0, 8,16:00:26,16:00:28,     2, 39.10, 41.20, -2.10
  21306958,  5124, 8,16:00:38,16:00:49,    11, 41.20, 40.30,  0.90
  12200007,  5061, 2,16:00:58,16:01:31,    33, 44.00, 38.50,  5.50
         0,     0, 2,16:01:40,16:01:44,     4, 38.50, 43.90, -5.40
  12200007,  5061, 1,16:01:35,16:02:42,    67, 41.20, 26.20, 15.00
         0,     0, 1,16:02:50,16:03:04,    14, 26.20, 41.30,-15.10
  12706655,  7064, 3,16:02:19,16:03:27,    68, 47.80, 47.60,  0.20
  12706727,  7136, 2,16:01:58,16:03:39,   101, 43.90, 30.30, 13.60
         0,     0, 2,16:03:46,16:03:58,    12, 30.30, 44.00,-13.70
  13008835,     0, 6,15:53:06,16:04:21,   675, 41.50, 38.00,  3.50
  12706707,  7116, 1,16:03:19,16:04:25,    66, 41.30, 33.80,  7.50
         0,     0, 6,16:04:29,16:04:31,     2, 38.00, 41.40, -3.40
  21306958,  5124, 8,16:03:41,16:04:31,    50, 40.40, 40.10,  0.30
         0,     0, 1,16:04:32,16:04:38,     6, 33.80, 41.30, -7.50
  12706707,  7116, 2,16:04:54,16:05:13,    19, 44.10, 41.40,  2.70
         0,     0, 2,16:05:20,16:05:21,     1, 41.40, 43.80, -2.40
  12706669,  7078, 4,16:04:55,16:05:19,    24, 43.60, 41.00,  2.60
         0,     0, 4,16:05:27,16:05:29,     2, 41.00, 43.40, -2.40
  12200042,  5096, 3,16:04:36,16:05:29,    53, 47.80, 46.20,  1.60
  13008792,     0, 9,16:03:43,16:05:57,   134, 41.00, 30.00, 11.00
         0,     0, 9,16:06:06,16:06:20,    14, 30.00, 41.10,-11.10
  21268104,  6067, 4,16:05:42,16:07:00,    78, 43.50, 32.50, 11.00
  13323427,     0, 8,16:06:58,16:07:01,     3, 40.00, 40.00,  0.00
         0,     0, 4,16:07:08,16:07:18,    10, 32.50, 43.40,-10.90
  12706655,  7064, 1,16:06:40,16:07:55,    75, 41.30, 29.00, 12.30
         0,     0, 1,16:08:02,16:08:13,    11, 29.00, 41.30,-12.30
  13323427,     0, 8,16:09:27,16:10:54,    87, 39.40, 25.10, 14.30
         0,     0, 8,16:11:02,16:11:18,    16, 25.10, 25.30, -0.20
  12448428,  6041, 1,16:12:01,16:12:47,    46, 41.30, 29.90, 11.40
  12199988,  5042, 2,16:10:59,16:12:48,   109, 43.80, 34.30,  9.50
  12448521,     0, 8,16:11:57,16:12:59,    62, 40.80, 40.40,  0.40
         0,     0, 1,16:12:54,16:13:05,    11, 29.90, 41.20,-11.30
         0,     0, 2,16:12:56,16:13:05,     9, 34.30, 43.80, -9.50
  21306958,  5124, 7,15:55:35,16:13:30,  1075, 41.40, 41.40,  0.00
  12706624,  7033, 6,16:05:00,16:14:46,   586, 41.30, 37.10,  4.20
         0,     0, 6,16:14:53,16:14:56,     3, 37.10, 41.40, -4.30
  12200042,  5096, 3,16:15:56,16:16:09,    13, 44.70, 44.60,  0.10
  12448449,  6062, 5,16:16:37,16:16:48,    11, 40.80, 40.60,  0.20
  12448448,  6061, 1,16:13:47,16:17:16,   209, 41.20, 24.20, 17.00
  12706669,  7078, 2,16:16:46,16:17:25,    39, 43.80, 36.00,  7.80
  13008765,     0, 9,16:14:43,16:17:35,   172, 41.10, 36.00,  5.10
         0,     0, 1,16:17:23,16:17:39,    16, 24.20, 41.30,-17.10
         0,     0, 2,16:17:34,16:17:41,     7, 36.00, 44.00, -8.00
         0,     0, 9,16:17:43,16:17:49,     6, 36.00, 41.10, -5.10
  12448449,  6062, 4,16:18:05,16:18:27,    22, 43.80, 41.10,  2.70
  12706639,  7048, 3,16:16:48,16:18:29,   101, 44.40, 27.90, 16.50
         0,     0, 4,16:18:34,16:18:36,     2, 41.10, 43.40, -2.30
         0,     0, 3,16:18:37,16:18:51,    14, 27.90, 27.90,  0.00
  12706669,  7078, 2,16:17:51,16:19:02,    71, 43.90, 36.50,  7.40
  12448448,  6061, 1,16:17:49,16:19:06,    77, 41.30, 31.50,  9.80
         0,     0, 2,16:19:11,16:19:17,     6, 36.50, 43.90, -7.40
         0,     0, 1,16:19:14,16:19:23,     9, 31.50, 41.20, -9.70
  13008732,  7153, 5,16:17:05,16:19:26,   141, 40.60, 26.70, 13.90
         0,     0, 5,16:19:34,16:19:47,    13, 26.70, 40.80,-14.10
  12706726,  7135, 2,16:19:27,16:19:45,    18, 43.90, 40.80,  3.10
         0,     0, 2,16:19:53,16:19:55,     2, 40.80, 43.90, -3.10
  21292347,  5120, 4,16:18:52,16:20:05,    73, 43.80, 34.80,  9.00
         0,     0, 4,16:20:12,16:20:20,     8, 34.80, 43.00, -8.20
  12706726,  7135, 2,16:20:05,16:20:38,    33, 44.00, 36.90,  7.10
         0,     0, 2,16:20:46,16:20:52,     6, 36.90, 43.90, -7.00
  12199981,  5035, 3,16:19:49,16:21:13,    84, 45.30, 28.30, 17.00
         0,     0, 3,16:21:20,16:21:36,    16, 28.30, 28.20,  0.10
  12448449,  6062, 5,16:20:24,16:21:34,    70, 40.80, 30.90,  9.90
         0,     0, 5,16:21:42,16:21:51,     9, 30.90, 40.90,-10.00
  12706618,     0, 9,16:23:59,16:25:05,    66, 41.10, 34.10,  7.00
         0,     0, 9,16:25:14,16:25:23,     9, 34.10, 41.10, -7.00
  13008735,  7156, 5,16:22:56,16:25:25,   149, 40.90, 29.30, 11.60
         0,     0, 5,16:25:34,16:25:45,    11, 29.30, 40.90,-11.60
  13008833,     0, 6,16:15:25,16:26:31,   666, 40.80, 22.10, 18.70
         0,     0, 6,16:26:39,16:26:57,    18, 22.10, 41.60,-19.50
  12706705,  7114, 2,16:24:30,16:26:54,   144, 43.90, 28.20, 15.70
         0,     0, 2,16:27:03,16:27:17,    14, 28.20, 43.90,-15.70
  12706705,  7114, 1,16:27:08,16:27:43,    35, 41.20, 34.50,  6.70
         0,     0, 1,16:27:51,16:27:57,     6, 34.50, 41.30, -6.80
  12448477,  6090, 2,16:28:47,16:29:40,    53, 44.00, 39.80,  4.20
         0,     0, 2,16:29:47,16:29:50,     3, 39.80, 44.00, -4.20
         0,     0, 8,16:30:16,16:30:28,    12, 29.50, 41.00,-11.50
  12448483,  6096, 2,16:31:15,16:33:09,   114, 44.00, 20.70, 23.30
         0,     0, 2,16:33:18,16:33:43,    25, 20.70, 43.90,-23.20
  12448479,  6092, 3,16:34:17,16:35:59,   102, 46.40, 36.00, 10.40
         0,     0, 3,16:36:08,16:36:17,     9, 36.00, 35.80,  0.20
  12448409,  6022, 1,16:33:55,16:36:52,   177, 41.30, 26.40, 14.90
         0,     0, 1,16:37:00,16:37:14,    14, 26.40, 41.30,-14.90
  11954014,  4044, 3,16:36:49,16:37:40,    51, 46.20, 28.80, 17.40
         0,     0, 3,16:37:47,16:38:03,    16, 28.80, 46.30,-17.50
  12706609,  7018, 8,16:39:09,16:39:16,     7, 41.20, 41.10,  0.10
  13008779,     0, 7,16:32:41,16:39:21,   400, 41.30, 41.40, -0.10
  12706710,  7119, 4,16:38:31,16:39:57,    86, 43.20, 30.90, 12.30
  12706609,  7018, 8,16:39:50,16:39:59,     9, 41.10, 41.10,  0.00
         0,     0, 4,16:40:04,16:40:16,    12, 30.90, 43.40,-12.50
  12448471,  6084, 5,16:40:21,16:41:29,    68, 40.90, 30.20, 10.70
         0,     0, 5,16:41:37,16:41:47,    10, 30.20, 40.90,-10.70
  11724109,  6068, 1,16:41:58,16:42:23,    25, 41.30, 41.20,  0.10
  12706650,  7059, 4,16:41:38,16:44:31,   173, 43.80, 28.50, 15.30
         0,     0, 4,16:44:38,16:44:52,    14, 28.50, 43.30,-14.80
  12448416,  6029, 1,16:42:49,16:45:07,   138, 41.20, 29.20, 12.00
  11724109,  6068, 2,16:43:13,16:45:14,   121, 44.00, 33.20, 10.80
         0,     0, 1,16:45:15,16:45:26,    11, 29.20, 41.20,-12.00
         0,     0, 2,16:45:21,16:45:31,    10, 33.20, 44.00,-10.80
  21268825,  6087, 3,16:44:26,16:46:10,   104, 46.30, 28.90, 17.40
         0,     0, 3,16:46:17,16:46:32,    15, 28.90, 28.90,  0.00
  13008756,  7115, 5,16:45:37,16:46:52,    75, 40.80, 29.00, 11.80
  12200007,  5061, 2,16:46:15,16:47:05,    50, 44.00, 37.70,  6.30
         0,     0, 5,16:47:00,16:47:11,    11, 29.00, 40.60,-11.60
         0,     0, 2,16:47:12,16:47:17,     5, 37.70, 43.90, -6.20
  12706636,  7045, 4,16:46:57,16:47:50,    53, 43.30, 35.90,  7.40
         0,     0, 4,16:47:58,16:48:05,     7, 35.90, 43.40, -7.50
  12448477,  6090, 2,16:51:15,16:52:32,    77, 43.90, 36.00,  7.90
         0,     0, 2,16:52:39,16:52:45,     6, 36.00, 43.80, -7.80
  12706609,  7018, 8,16:52:07,16:53:25,    78, 41.20, 30.40, 10.80
  12448477,  6090, 1,16:53:15,16:53:32,    17, 41.20, 37.80,  3.40
         0,     0, 1,16:53:40,16:53:42,     2, 37.80, 41.20, -3.40
         0,     0, 8,16:53:34,16:53:45,    11, 30.40, 41.10,-10.70
  12706707,  7116, 4,16:54:25,16:55:21,    56, 43.40, 34.60,  8.80
         0,     0, 4,16:55:28,16:55:36,     8, 34.60, 43.50, -8.90
  12199986,     0, 8,16:56:46,16:56:47,     1, 41.20, 41.40, -0.20
  12199986,     0, 8,16:56:58,16:57:00,     2, 40.90, 40.90,  0.00
  12199986,     0, 8,16:57:16,16:57:42,    26, 40.50, 37.70,  2.80
         0,     0, 8,16:57:51,16:57:54,     3, 37.70, 41.10, -3.40
  13008732,  7153, 5,16:58:31,16:59:05,    34, 40.60, 40.00,  0.60
         0,     0, 5,16:59:12,16:59:12,     0, 40.00, 40.20, -0.20
  12199988,  5042, 2,16:57:54,16:59:14,    80, 43.80, 39.90,  3.90
  12199986,     0, 8,16:59:11,16:59:14,     3, 21.50, 21.60, -0.10
         0,     0, 2,16:59:21,16:59:24,     3, 39.90, 43.90, -4.00
  12706651,  7060, 1,16:58:11,16:59:35,    84, 41.20, 29.90, 11.30
         0,     0, 8,16:59:22,16:59:43,    21, 21.60, 41.20,-19.60
         0,     0, 1,16:59:42,16:59:52,    10, 29.90, 41.20,-11.30
  13008732,  7153, 5,16:59:36,17:00:40,    64, 40.10, 36.20,  3.90
         0,     0, 5,17:00:48,17:00:52,     4, 36.20, 36.20,  0.00
  12706651,  7060, 1,17:00:37,17:01:02,    25, 41.20, 37.10,  4.10
         0,     0, 1,17:01:09,17:01:12,     3, 37.10, 41.20, -4.10
  12200046,  5100, 4,17:01:30,17:02:22,    52, 43.40, 31.10, 12.30
         0,     0, 4,17:02:30,17:02:42,    12, 31.10, 43.30,-12.20
  13008732,  7153, 5,17:01:49,17:02:49,    60, 40.80, 30.30, 10.50
         0,     0, 5,17:02:57,17:03:07,    10, 30.30, 30.40, -0.10
  11953978,  4008, 2,17:02:18,17:03:35,    77, 43.90, 27.10, 16.80
         0,     0, 2,17:03:44,17:04:00,    16, 27.10, 44.00,-16.90
  13008735,  7156, 4,17:03:10,17:04:56,   106, 43.30, 35.20,  8.10
         0,     0, 4,17:05:04,17:05:12,     8, 35.20, 43.40, -8.20
  11954075,  4105, 2,17:04:25,17:05:13,    48, 44.00, 37.30,  6.70
         0,     0, 2,17:05:20,17:05:25,     5, 37.30, 43.90, -6.60
  11954075,  4105, 1,17:07:20,17:07:49,    29, 41.20, 36.50,  4.70
         0,     0, 1,17:07:57,17:08:01,     4, 36.50, 41.30, -4.80
  12706659,  7068, 2,17:07:23,17:08:01,    38, 43.90, 43.80,  0.10
  11724239,  3139, 4,17:07:30,17:09:44,   134, 43.40, 33.00, 10.40
         0,     0, 4,17:09:52,17:10:02,    10, 33.00, 43.30,-10.30
  12706659,  7068, 2,17:08:48,17:11:33,   165, 43.80, 21.00, 22.80
         0,     0, 2,17:11:42,17:12:04,    22, 21.00, 44.00,-23.00
  12448449,  6062, 3,17:13:06,17:13:48,    42, 45.50, 45.40,  0.10
  12706705,  7114, 2,17:13:32,17:14:08,    36, 44.00, 43.00,  1.00
  13008837,     0, 8,17:13:51,17:14:13,    22, 41.30, 41.30,  0.00
  12199986,     0, 7,16:56:31,17:14:22,  1071, 41.40, 41.40,  0.00
  12706615,     0,10,17:14:02,17:15:03,    61, 40.50, 37.80,  2.70
         0,     0,10,17:15:10,17:15:13,     3, 37.80, 41.20, -3.40
  12448449,  6062, 4,17:14:22,17:15:20,    58, 43.40, 35.10,  8.30
         0,     0, 4,17:15:29,17:15:37,     8, 35.10, 43.40, -8.30
  13008820,     0, 9,17:14:05,17:15:37,    92, 40.70, 39.00,  1.70
         0,     0, 9,17:15:44,17:15:46,     2, 39.00, 41.00, -2.00
  13323358,     0,10,17:15:45,17:15:47,     2, 40.60, 40.60,  0.00
  12448473,  6086, 1,17:15:06,17:16:10,    64, 41.30, 29.30, 12.00
         0,     0, 1,17:16:19,17:16:30,    11, 29.30, 41.30,-12.00
  13323358,     0,10,17:15:57,17:16:32,    35, 40.60, 32.00,  8.60
  12706669,  7078, 2,17:14:18,17:16:32,   134, 42.90, 30.20, 12.70
  13008820,     0, 9,17:16:37,17:16:39,     2, 35.00, 35.00,  0.00
         0,     0,10,17:16:39,17:16:49,    10, 32.00, 41.20, -9.20
         0,     0, 2,17:16:40,17:16:53,    13, 30.20, 44.00,-13.80
         0,     0, 9,17:16:47,17:16:55,     8, 35.00, 41.20, -6.20
  13008837,     0, 8,17:14:57,17:18:10,   193, 41.30, 31.40,  9.90
         0,     0, 8,17:18:19,17:18:29,    10, 31.40, 41.10, -9.70
  21306958,  5124, 8,17:19:13,17:20:09,    56, 41.10, 40.70,  0.40
  12706615,     0,10,17:18:51,17:20:14,    83, 41.20, 28.30, 12.90
         0,     0,10,17:20:22,17:20:35,    13, 28.30, 41.20,-12.90
  12199988,  5042, 2,17:22:23,17:23:07,    44, 44.00, 42.70,  1.30
  12199988,  5042, 2,17:23:26,17:24:00,    34, 42.70, 41.40,  1.30
         0,     0, 2,17:24:07,17:24:08,     1, 41.40, 43.80, -2.40
  12706705,  7114, 2,17:25:19,17:27:28,   129, 43.80, 33.10, 10.70
         0,     0, 2,17:27:36,17:27:45,     9, 33.10, 43.90,-10.80
  21306958,  5124, 7,17:19:00,17:31:09,   729, 41.40, 41.40,  0.00
  12448471,  6084, 3,17:30:54,17:31:49,    55, 43.80, 34.60,  9.20
         0,     0, 3,17:31:56,17:32:06,    10, 34.60, 34.50,  0.10
  11954075,  4105, 2,17:32:56,17:33:38,    42, 43.90, 36.50,  7.40
  11953978,  4008, 1,17:33:18,17:33:45,    27, 41.30, 35.70,  5.60
         0,     0, 2,17:33:46,17:33:52,     6, 36.50, 43.90, -7.40
         0,     0, 1,17:33:52,17:33:57,     5, 35.70, 41.30, -5.60
  12448477,  6090, 2,17:34:27,17:35:14,    47, 43.90, 39.00,  4.90
         0,     0, 2,17:35:21,17:35:24,     3, 39.00, 44.00, -5.00
  13008835,     0, 6,17:16:44,17:35:51,  1147, 36.80, 34.50,  2.30
  13008815,     0, 8,17:33:03,17:35:54,   171, 40.80, 27.50, 13.30
         0,     0, 6,17:35:59,17:36:01,     2, 34.50, 34.60, -0.10
         0,     0, 8,17:36:03,17:36:17,    14, 27.50, 41.10,-13.60
  11954050,  4080, 1,17:35:10,17:36:51,   101, 41.30, 26.80, 14.50
         0,     0, 1,17:36:58,17:37:12,    14, 26.80, 41.20,-14.40
  13008742,  7163, 1,17:37:30,17:37:35,     5, 41.20, 41.20,  0.00
  13323435,     0,10,17:37:55,17:38:01,     6, 39.70, 39.70,  0.00
         0,     0,10,17:38:10,17:38:11,     1, 39.70, 41.10, -1.40
  13323435,     0, 9,17:38:30,17:38:32,     2, 35.60, 35.60,  0.00
  13323427,     0, 8,17:38:26,17:38:32,     6, 41.10, 41.10,  0.00
         0,     0, 9,17:38:40,17:38:47,     7, 35.60, 41.10, -5.50
  13323435,     0, 9,17:39:25,17:39:38,    13, 41.10, 40.40,  0.70
  13008742,  7163, 3,17:38:31,17:40:16,   105, 46.30, 48.10, -1.80
  12706726,  7135, 2,17:44:03,17:45:04,    61, 44.00, 36.10,  7.90
  13008742,  7163, 3,17:40:56,17:45:09,   253, 48.10, 22.10, 26.00
         0,     0, 2,17:45:12,17:45:18,     6, 36.10, 43.90, -7.80
         0,     0, 3,17:45:17,17:45:39,    22, 22.10, 22.00,  0.10
  12706601,     0, 9,17:47:51,17:48:25,    34, 39.70, 38.60,  1.10
         0,     0, 9,17:48:34,17:48:37,     3, 38.60, 41.00, -2.40
  12706727,  7136, 2,17:47:06,17:48:41,    95, 43.90, 29.30, 14.60
  11724239,  3139, 5,17:48:28,17:48:55,    27, 40.80, 40.60,  0.20
         0,     0, 2,17:48:49,17:49:03,    14, 29.30, 44.00,-14.70
  12706701,  7110, 1,17:45:49,17:49:41,   232, 41.20, 19.90, 21.30
         0,     0, 1,17:49:48,17:50:08,    20, 19.90, 41.30,-21.40
  13008779,     0, 8,17:49:15,17:50:41,    86, 21.30,  9.70, 11.60
         0,     0, 8,17:50:50,17:51:23,    33,  9.70, 41.10,-31.40
  13008800,     0, 9,17:51:16,17:51:33,    17, 41.00, 39.70,  1.30
         0,     0, 9,17:51:40,17:51:41,     1, 39.70, 41.00, -1.30
  13008800,     0,10,17:52:03,17:52:03,     0, 34.40, 33.60,  0.80
         0,     0,10,17:52:12,17:52:19,     7, 33.60, 41.20, -7.60
  13008800,     0,10,17:52:53,17:52:55,     2, 34.80, 34.80,  0.00
         0,     0,10,17:53:02,17:53:08,     6, 34.80, 41.20, -6.40
  12200042,  5096, 1,17:51:36,17:54:25,   169, 41.30, 16.70, 24.60
         0,     0, 1,17:54:32,17:54:55,    23, 16.70, 41.20,-24.50
  21292347,  5120, 4,17:55:21,17:56:42,    81, 43.70, 36.10,  7.60
         0,     0, 4,17:56:49,17:56:56,     7, 36.10, 43.30, -7.20
  12706738,  7147, 2,17:56:00,17:59:35,   215, 44.00, 27.70, 16.30
         0,     0, 2,17:59:42,17:59:57,    15, 27.70, 44.00,-16.30
  21268825,  6087, 3,18:00:38,18:01:14,    36, 46.30, 47.20, -0.90
  12706637,  7046, 4,18:00:22,18:01:40,    78, 43.30, 38.10,  5.20
         0,     0, 4,18:01:47,18:01:52,     5, 38.10, 43.30, -5.20
  12448451,  6064, 1,17:58:50,18:01:56,   186, 41.20, 16.80, 24.40
         0,     0, 1,18:02:03,18:02:26,    23, 16.80, 41.20,-24.40
  21268825,  6087, 3,18:01:28,18:02:26,    58, 47.20, 37.70,  9.50
         0,     0, 3,18:02:33,18:02:40,     7, 37.70, 37.50,  0.20
  12706637,  7046, 4,18:02:40,18:02:59,    19, 43.20, 40.00,  3.20
         0,     0, 4,18:03:06,18:03:09,     3, 40.00, 43.50, -3.50
  12448473,  6086, 1,18:02:36,18:03:30,    54, 41.20, 32.60,  8.60
         0,     0, 1,18:03:38,18:03:45,     7, 32.60, 41.30, -8.70
  12706637,  7046, 3,18:03:04,18:03:46,    42, 46.00, 40.50,  5.50
         0,     0, 3,18:03:53,18:03:58,     5, 40.50, 46.30, -5.80
  12706651,  7060, 5,18:11:18,18:12:09,    51, 40.60, 35.70,  4.90
         0,     0, 5,18:12:17,18:12:21,     4, 35.70, 40.90, -5.20
  12706700,  7109, 2,18:15:42,18:16:52,    70, 44.00, 23.90, 20.10
         0,     0, 2,18:16:59,18:17:18,    19, 23.90, 44.00,-20.10
  11954042,     0, 9,18:18:00,18:18:19,    19, 41.00, 41.00,  0.00
  12706726,  7135, 2,18:17:33,18:18:59,    86, 44.00, 32.20, 11.80
         0,     0, 2,18:19:07,18:19:17,    10, 32.20, 43.70,-11.50
  21292347,  5120, 4,18:18:05,18:19:26,    81, 43.50, 36.20,  7.30
         0,     0, 4,18:19:34,18:19:41,     7, 36.20, 43.30, -7.10
  11954042,     0, 9,18:19:05,18:19:56,    51, 40.90, 40.60,  0.30
  11954042,     0, 9,18:20:09,18:21:27,    78, 40.30, 37.00,  3.30
         0,     0, 9,18:21:35,18:21:40,     5, 37.00, 40.80, -3.80
  11954042,     0, 9,18:22:25,18:22:29,     4, 34.80, 34.80,  0.00
         0,     0, 9,18:22:37,18:22:45,     8, 34.80, 41.10, -6.30
  11724239,  3139, 4,18:23:13,18:25:52,   159, 43.30, 31.10, 12.20
         0,     0, 4,18:26:00,18:26:12,    12, 31.10, 43.30,-12.20
  12706686,  7095, 1,18:30:51,18:32:40,   109, 41.30, 25.10, 16.20
         0,     0, 1,18:32:48,18:33:03,    15, 25.10, 41.20,-16.10
  12706618,     0,10,18:35:11,18:35:17,     6, 41.00, 40.70,  0.30
  12706618,     0,10,18:35:42,18:35:58,    16, 40.70, 40.00,  0.70
  12706701,  7110, 2,18:33:27,18:36:06,   159, 43.70, 32.70, 11.00
         0,     0, 2,18:36:14,18:36:24,    10, 32.70, 43.90,-11.20
  13323434,     0, 9,18:39:32,18:39:48,    16, 41.10, 41.00,  0.10
  12448428,  6041, 1,18:39:45,18:40:44,    59, 41.20, 24.10, 17.10
         0,     0, 1,18:40:52,18:41:08,    16, 24.10, 41.20,-17.10
  12706707,  7116, 2,18:41:05,18:41:08,     3, 43.90, 43.90,  0.00
  13323434,     0, 9,18:40:10,18:41:40,    90, 40.80, 37.00,  3.80
  13008742,  7163, 2,18:41:21,18:41:44,    23, 43.90, 43.80,  0.10
         0,     0, 9,18:41:47,18:41:52,     5, 37.00, 41.10, -4.10
  13008779,     0, 7,17:48:36,18:41:58,  3202, 41.50, 41.40,  0.10
  21306958,  5124, 8,18:42:20,18:42:21,     1, 41.10, 41.10,  0.00
  12448479,  6092, 3,18:39:24,18:42:25,   181, 45.20, 34.60, 10.60
  13008797,     0, 6,17:37:18,18:42:38,  3920, 33.80, 30.20,  3.60
         0,     0, 3,18:42:33,18:42:43,    10, 34.60, 34.90, -0.30
         0,     0, 6,18:42:46,18:42:56,    10, 30.20, 41.30,-11.10
  13008742,  7163, 1,18:41:58,18:44:59,   181, 41.20, 25.10, 16.10
  13008756,  7115, 2,18:44:07,18:44:59,    52, 43.90, 36.00,  7.90
         0,     0, 2,18:45:07,18:45:14,     7, 36.00, 43.80, -7.80
         0,     0, 1,18:45:07,18:45:22,    15, 25.10, 41.30,-16.20
  12199981,  5035, 3,18:48:19,18:48:22,     3, 46.20, 47.60, -1.40
  13008765,     0,10,18:48:35,18:49:04,    29, 38.20, 35.70,  2.50
  21306958,  5124, 8,18:48:51,18:49:08,    17, 41.10, 40.90,  0.20
         0,     0,10,18:49:11,18:49:16,     5, 35.70, 41.20, -5.50
  13323434,     0, 9,18:49:05,18:49:33,    28, 40.60, 40.00,  0.60
         0,     0, 9,18:49:41,18:49:42,     1, 40.00, 41.00, -1.00
  21306958,  5124, 8,18:49:19,18:49:43,    24, 40.90, 40.80,  0.10
  12199981,  5035, 4,18:48:50,18:49:56,    66, 43.30, 28.70, 14.60
  13323434,     0, 9,18:49:59,18:50:16,    17, 40.50, 39.80,  0.70
         0,     0, 4,18:50:05,18:50:19,    14, 28.70, 43.40,-14.70
         0,     0, 9,18:50:23,18:50:24,     1, 39.80, 40.60, -0.80
  13323434,     0, 9,18:50:42,18:51:50,    68, 39.80, 36.40,  3.40
         0,     0, 9,18:51:58,18:52:03,     5, 36.40, 41.00, -4.60
  12706618,     0,10,18:52:43,18:53:41,    58, 41.20, 28.40, 12.80
         0,     0,10,18:53:49,18:54:02,    13, 28.40, 41.10,-12.70
  12448448,  6061, 1,18:54:15,18:54:24,     9, 41.30, 41.30,  0.00
  12706707,  7116, 5,18:54:10,18:54:54,    44, 40.90, 33.50,  7.40
         0,     0, 5,18:55:02,18:55:09,     7, 33.50, 40.80, -7.30
  21306958,  5124, 8,18:56:11,18:56:43,    32, 40.80, 40.60,  0.20
  21268104,  6067, 4,18:55:21,18:58:00,   159, 43.60, 31.90, 11.70
         0,     0, 4,18:58:08,18:58:19,    11, 31.90, 43.30,-11.40
  13008833,     0, 6,18:43:10,18:58:57,   947, 40.20, 26.90, 13.30
         0,     0, 6,18:59:04,18:59:15,    11, 26.90, 26.90,  0.00
  21306958,  5124, 8,19:00:46,19:01:15,    29, 40.60, 40.30,  0.30
  12448448,  6061, 2,18:54:29,19:03:15,   526, 43.90, 23.70, 20.20
         0,     0, 2,19:03:23,19:03:42,    19, 23.70, 43.90,-20.20
  13008797,     0, 6,18:59:25,19:03:56,   271, 39.00, 30.70,  8.30
         0,     0, 6,19:04:04,19:04:13,     9, 30.70, 41.50,-10.80
  21306958,  5124, 8,19:01:31,19:04:36,   185, 40.30, 28.30, 12.00
         0,     0, 8,19:04:44,19:04:57,    13, 28.30, 41.10,-12.80
  13323450,     0,10,19:06:45,19:06:50,     5, 35.00, 35.00,  0.00
         0,     0,10,19:06:58,19:07:04,     6, 35.00, 41.20, -6.20
  12448415,     0, 8,19:07:03,19:07:06,     3, 41.20, 41.10,  0.10
  12706616,  7025, 2,19:07:10,19:08:45,    95, 43.90, 28.00, 15.90
  13008765,     0,10,19:08:02,19:08:59,    57, 40.00, 34.80,  5.20
         0,     0, 2,19:08:53,19:09:08,    15, 28.00, 43.80,-15.80
         0,     0,10,19:09:07,19:09:13,     6, 34.80, 41.20, -6.40
  13008789,     0, 7,18:54:53,19:09:45,   892, 41.40, 40.90,  0.50
  12448479,  6092, 3,19:09:04,19:10:29,    85, 45.90, 42.30,  3.60
         0,     0, 3,19:10:37,19:10:40,     3, 42.30, 42.50, -0.20
  12200046,  5100, 1,19:09:48,19:10:52,    64, 41.30, 28.30, 13.00
         0,     0, 1,19:11:00,19:11:11,    11, 28.30, 41.30,-13.00
  13008815,     0, 8,19:11:50,19:11:56,     6, 41.00, 41.00,  0.00
  13008836,     0, 8,19:12:15,19:12:31,    16, 41.00, 40.90,  0.10
  13323435,     0, 9,19:12:39,19:12:47,     8, 41.00, 41.00,  0.00
  11954050,  4080, 1,19:12:41,19:14:50,   129, 41.30, 30.90, 10.40
  12199988,  5042, 2,19:12:49,19:14:55,   126, 43.90, 33.00, 10.90
         0,     0, 1,19:14:58,19:15:07,     9, 30.90, 41.20,-10.30
         0,     0, 2,19:15:03,19:15:13,    10, 33.00, 43.90,-10.90
  11954050,  4080, 1,19:15:17,19:15:49,    32, 41.20, 34.60,  6.60
  12199988,  5042, 2,19:15:25,19:15:53,    28, 43.90, 42.30,  1.60
         0,     0, 1,19:15:58,19:16:04,     6, 34.60, 41.30, -6.70
  12448415,     0, 8,19:12:48,19:16:44,   236, 40.90, 30.50, 10.40
         0,     0, 8,19:16:52,19:17:03,    11, 30.50, 41.10,-10.60
  13008802,     0, 9,19:16:21,19:17:16,    55, 41.00, 34.70,  6.30
         0,     0, 9,19:17:25,19:17:33,     8, 34.70, 41.10, -6.40
  11953978,  4008, 3,19:16:16,19:17:40,    84, 47.00, 29.70, 17.30
         0,     0, 3,19:17:48,19:18:03,    15, 29.70, 46.30,-16.60
  13008815,     0, 7,19:11:31,19:18:38,   427, 40.90, 40.80,  0.10
  13008836,     0, 8,19:18:38,19:18:43,     5, 40.90, 40.90,  0.00
  11499161,  2051, 2,19:16:31,19:19:38,   187, 42.30, 27.20, 15.10
  13008836,     0, 8,19:18:58,19:19:51,    53, 40.80, 40.50,  0.30
         0,     0, 2,19:19:46,19:20:01,    15, 27.20, 43.90,-16.70
  11499161,  2051, 1,19:20:04,19:20:42,    38, 41.30, 40.10,  1.20
  13008836,     0, 8,19:20:20,19:21:16,    56, 37.80, 23.60, 14.20
         0,     0, 8,19:21:23,19:21:41,    18, 23.60, 41.10,-17.50
  12200007,  5061, 5,19:21:50,19:24:10,   140, 40.80, 26.60, 14.20
         0,     0, 5,19:24:18,19:24:31,    13, 26.60, 40.90,-14.30
  13008779,     0, 8,19:23:52,19:24:56,    64, 41.20, 31.90,  9.30
         0,     0, 8,19:25:03,19:25:12,     9, 31.90, 41.10, -9.20
  13008779,     0, 8,19:26:08,19:26:30,    22, 41.10, 37.40,  3.70
         0,     0, 8,19:26:38,19:26:41,     3, 37.40, 41.10, -3.70
  13323451,     0, 9,19:24:37,19:26:59,   142, 41.00, 29.70, 11.30
         0,     0, 9,19:27:07,19:27:22,    15, 29.70, 41.10,-11.40
  12448409,  6022, 2,19:25:51,19:27:59,   128, 44.00, 28.90, 15.10
  12706636,  7045, 1,19:26:02,19:28:08,   126, 40.10, 22.00, 18.10
         0,     0, 2,19:28:07,19:28:21,    14, 28.90, 43.90,-15.00
         0,     0, 1,19:28:16,19:28:34,    18, 22.00, 41.30,-19.30
  12706622,     0, 6,19:20:59,19:28:40,   461, 41.40, 31.70,  9.70
         0,     0, 6,19:28:48,19:28:57,     9, 31.70, 41.50, -9.80
  13008779,     0, 7,19:23:40,19:28:59,   319, 40.90, 40.90,  0.00
  11954056,     0, 8,19:29:55,19:30:05,    10, 41.00, 41.00,  0.00
  11954056,     0, 8,19:30:19,19:32:43,   144, 40.90, 23.00, 17.90
         0,     0, 8,19:32:50,19:33:09,    19, 23.00, 23.10, -0.10
  12448416,  6029, 2,19:34:35,19:37:19,   164, 43.90, 27.70, 16.20
  12448479,  6092, 1,19:35:40,19:37:25,   105, 41.30, 35.10,  6.20
         0,     0, 1,19:37:33,19:37:38,     5, 35.10, 41.20, -6.10
         0,     0, 2,19:37:28,19:37:43,    15, 27.70, 44.00,-16.30
  13008815,     0, 8,19:38:29,19:40:42,   133, 41.10, 28.50, 12.60
         0,     0, 8,19:40:51,19:41:04,    13, 28.50, 41.10,-12.60
  12706686,  7095, 5,19:38:42,19:42:34,   232, 40.80, 36.70,  4.10
         0,     0, 5,19:42:43,19:42:46,     3, 36.70, 40.80, -4.10
  12706639,  7048, 5,19:43:00,19:43:04,     4, 40.80, 40.80,  0.00
  12706710,  7119, 2,19:40:14,19:43:59,   225, 44.00, 19.40, 24.60
  12706639,  7048, 5,19:43:29,19:44:08,    39, 40.80, 40.80,  0.00
         0,     0, 2,19:44:07,19:44:30,    23, 19.40, 44.00,-24.60
  13323425,     0,10,19:46:08,19:46:32,    24, 41.10, 40.70,  0.40
  12706639,  7048, 5,19:44:23,19:46:34,   131, 40.80, 20.80, 20.00
         0,     0, 5,19:46:42,19:47:01,    19, 20.80, 41.00,-20.20
  13323425,     0,10,19:46:53,19:47:21,    28, 40.70, 39.90,  0.80
         0,     0,10,19:47:30,19:47:30,     0, 39.90, 40.90, -1.00
  12706624,  7033, 6,19:29:10,19:47:45,  1115, 41.40, 38.10,  3.30
  13323425,     0, 9,19:47:32,19:47:49,    17, 41.10, 39.50,  1.60
         0,     0, 6,19:47:52,19:47:54,     2, 38.10, 41.40, -3.30
         0,     0, 9,19:47:58,19:47:59,     1, 39.50, 41.00, -1.50
  11724109,  6068, 2,19:47:05,19:50:39,   214, 44.00, 28.60, 15.40
         0,     0, 2,19:50:46,19:51:00,    14, 28.60, 28.60,  0.00
  12706700,  7109, 2,19:53:09,19:53:31,    22, 44.00, 38.70,  5.30
         0,     0, 2,19:53:38,19:53:42,     4, 38.70, 44.00, -5.30
  12706727,  7136, 1,19:53:20,19:53:40,    20, 41.20, 41.20,  0.00
  12706700,  7109, 1,19:54:01,19:54:31,    30, 41.20, 32.10,  9.10
         0,     0, 1,19:54:39,19:54:47,     8, 32.10, 41.30, -9.20
  21292347,  5120, 2,19:53:52,19:55:25,    93, 44.00, 39.60,  4.40
         0,     0, 2,19:55:33,19:55:36,     3, 39.60, 43.90, -4.30
  12448483,  6096, 2,19:55:46,19:55:59,    13, 43.90, 43.80,  0.10
  13008732,  7153, 5,19:54:27,19:57:39,   192, 40.90, 27.50, 13.40
         0,     0, 5,19:57:47,19:58:00,    13, 27.50, 41.00,-13.50
  12200042,  5096, 2,19:56:21,19:58:23,   122, 43.80, 29.70, 14.10
  12448483,  6096, 1,19:56:30,19:58:29,   119, 41.30, 13.30, 28.00
         0,     0, 2,19:58:31,19:58:45,    14, 29.70, 43.90,-14.20
         0,     0, 1,19:58:37,19:59:04,    27, 13.30, 41.30,-28.00
  12706727,  7136, 1,20:02:47,20:03:02,    15, 41.30, 41.20,  0.10
  13008737,     0, 8,20:04:21,20:05:00,    39, 41.20, 41.20,  0.00
  12706727,  7136, 1,20:03:56,20:05:29,    93, 41.20, 31.50,  9.70
  12448477,  6090, 2,20:03:46,20:05:36,   110, 43.90, 37.00,  6.90
         0,     0, 1,20:05:36,20:05:45,     9, 31.50, 41.20, -9.70
         0,     0, 2,20:05:43,20:05:49,     6, 37.00, 44.00, -7.00
  13008737,     0, 8,20:05:38,20:06:07,    29, 41.10, 41.10,  0.00
  12448477,  6090, 2,20:08:06,20:08:49,    43, 44.00, 40.10,  3.90
  13008737,     0, 8,20:06:50,20:08:54,   124, 40.80, 26.00, 14.80
         0,     0, 2,20:08:57,20:08:59,     2, 40.10, 44.00, -3.90
         0,     0, 8,20:09:03,20:09:19,    16, 26.00, 41.20,-15.20
  12706705,  7114, 2,20:09:54,20:10:39,    45, 44.00, 43.50,  0.50
  12706609,  7018, 8,20:11:07,20:11:10,     3, 41.20, 41.20,  0.00
  13008789,     0, 7,20:05:11,20:11:25,   374, 40.90, 26.80, 14.10
         0,     0, 7,20:11:33,20:11:42,     9, 26.80, 26.90, -0.10
  12706659,  7068, 1,20:12:41,20:13:31,    50, 41.20, 41.10,  0.10
  12706650,  7059, 2,20:10:48,20:13:34,   166, 43.50, 26.90, 16.60
         0,     0, 2,20:13:43,20:13:59,    16, 26.90, 43.90,-17.00
  12706634,     0, 8,20:12:45,20:14:09,    84, 41.20, 41.10,  0.10
  12706659,  7068, 2,20:14:09,20:14:50,    41, 43.90, 39.70,  4.20
  12706659,  7068, 1,20:14:54,20:14:56,     2, 41.10, 41.10,  0.00
         0,     0, 2,20:14:58,20:15:01,     3, 39.70, 43.90, -4.20
  12706659,  7068, 1,20:15:12,20:16:37,    85, 41.10, 23.80, 17.30
         0,     0, 1,20:16:45,20:17:01,    16, 23.80, 41.30,-17.50
  11954075,  4105, 2,20:15:12,20:17:06,   114, 43.90, 28.40, 15.50
         0,     0, 2,20:17:13,20:17:27,    14, 28.40, 44.00,-15.60
  12706609,  7018, 8,20:15:57,20:17:29,    92, 41.10, 32.10,  9.00
         0,     0, 8,20:17:37,20:17:46,     9, 32.10, 41.10, -9.00
  13323358,     0,10,20:18:31,20:19:40,    69, 40.80, 37.50,  3.30
         0,     0,10,20:19:49,20:19:52,     3, 37.50, 41.20, -3.70
  12706705,  7114, 2,20:26:44,20:28:59,   135, 44.00, 34.00, 10.00
         0,     0, 2,20:29:07,20:29:16,     9, 34.00, 43.90, -9.90
  12706636,  7045, 1,20:28:32,20:29:17,    45, 41.30, 31.00, 10.30
         0,     0, 1,20:29:24,20:29:33,     9, 31.00, 41.20,-10.20
  21306958,  5124, 7,20:26:18,20:36:16,   598, 41.70, 41.70,  0.00
  12706634,     0, 8,20:36:27,20:36:55,    28, 41.00, 40.20,  0.80
  12706634,     0, 8,20:38:00,20:38:11,    11, 31.40, 31.40,  0.00
         0,     0, 8,20:38:19,20:38:29,    10, 31.40, 31.50, -0.10
  12200048,     0, 8,20:39:53,20:40:49,    56, 36.30, 36.00,  0.30
         0,     0, 8,20:40:58,20:41:03,     5, 36.00, 41.10, -5.10
  21268104,  6067, 2,20:39:10,20:41:36,   146, 43.90, 32.00, 11.90
         0,     0, 2,20:41:44,20:41:54,    10, 32.00, 32.00,  0.00
  13323450,     0,10,20:43:35,20:43:40,     5, 41.10, 41.10,  0.00
  12706738,  7147, 1,20:42:06,20:44:10,   124, 41.20, 24.80, 16.40
         0,     0, 1,20:44:18,20:44:33,    15, 24.80, 41.30,-16.50
  13008768,     0, 6,19:48:32,20:46:19,  3467, 41.30, 27.10, 14.20
  12706655,  7064, 2,20:46:02,20:46:27,    25, 43.90, 43.90,  0.00
         0,     0, 6,20:46:28,20:46:41,    13, 27.10, 41.40,-14.30
  11954075,  4105, 1,20:46:58,20:47:05,     7, 41.30, 40.70,  0.60
  12200048,     0, 8,20:45:23,20:47:46,   143, 41.20, 32.00,  9.20
         0,     0, 8,20:47:54,20:48:03,     9, 32.00, 32.10, -0.10
  11954075,  4105, 1,20:47:18,20:48:07,    49, 40.70, 34.10,  6.60
         0,     0, 1,20:48:14,20:48:20,     6, 34.10, 41.20, -7.10
  12706650,  7059, 4,20:48:56,20:48:57,     1, 43.60, 43.50,  0.10
  12706655,  7064, 5,20:48:34,20:50:08,    94, 41.00, 27.60, 13.40
         0,     0, 5,20:50:15,20:50:27,    12, 27.60, 40.80,-13.20
  13323450,     0, 9,20:55:25,20:55:26,     1, 40.60, 40.60,  0.00
  13323451,     0, 9,20:55:38,20:55:39,     1, 40.60, 40.60,  0.00
  13323450,     0,10,20:56:27,20:56:29,     2, 36.70, 36.70,  0.00
         0,     0,10,20:56:36,20:56:40,     4, 36.70, 41.20, -4.50
  13323451,     0, 9,20:56:38,20:56:39,     1, 40.60, 40.60,  0.00
  13323451,     0,10,20:58:55,20:58:56,     1, 39.70, 39.80, -0.10
         0,     0,10,20:59:05,20:59:05,     0, 39.80, 41.00, -1.20
  13008800,     0,10,20:59:26,21:00:21,    55, 39.40, 31.60,  7.80
         0,     0,10,21:00:30,21:00:40,    10, 31.60, 41.10, -9.50
  12706701,  7110, 3,21:04:57,21:05:20,    23, 46.10, 47.50, -1.40
  11499202,     0, 6,20:47:03,21:05:37,  1114, 40.30, 34.30,  6.00
         0,     0, 6,21:05:44,21:05:50,     6, 34.30, 41.50, -7.20
  12448409,  6022, 4,21:05:39,21:07:38,   119, 43.50, 29.90, 13.60
         0,     0, 4,21:07:45,21:07:58,    13, 29.90, 43.40,-13.50
  13008735,  7156, 5,21:07:43,21:09:13,    90, 40.80, 33.50,  7.30
  12706701,  7110, 3,21:05:50,21:09:17,   207, 47.00, 32.00, 15.00
         0,     0, 5,21:09:20,21:09:27,     7, 33.50, 33.60, -0.10
         0,     0, 3,21:09:25,21:09:38,    13, 32.00, 31.90,  0.10
  12199986,     0, 8,21:09:16,21:09:42,    26, 41.10, 40.70,  0.40
  12448442,  6055, 6,21:08:19,21:09:59,   100, 39.40, 39.40,  0.00
         0,     0, 6,21:10:07,21:10:08,     1, 39.40, 41.40, -2.00
  12199986,     0, 8,21:10:11,21:11:28,    77, 38.60, 25.90, 12.70
         0,     0, 8,21:11:36,21:11:52,    16, 25.90, 41.10,-15.20
  12706601,     0,10,21:13:13,21:14:20,    67, 41.20, 37.00,  4.20
         0,     0,10,21:14:28,21:14:32,     4, 37.00, 41.10, -4.10
  11499161,  2051, 1,21:13:45,21:15:13,    88, 41.20, 40.40,  0.80
  12706650,  7059, 4,21:13:51,21:15:40,   109, 43.60, 33.20, 10.40
  12448437,  6050, 8,21:12:54,21:15:46,   172, 41.10, 36.10,  5.00
         0,     0, 4,21:15:48,21:15:58,    10, 33.20, 43.30,-10.10
         0,     0, 8,21:15:55,21:16:00,     5, 36.10, 41.10, -5.00
  11499161,  2051, 2,21:15:28,21:17:00,    92, 43.90, 42.60,  1.30
  13008800,     0, 9,21:17:48,21:17:51,     3, 37.10, 37.10,  0.00
         0,     0, 9,21:17:59,21:18:04,     5, 37.10, 41.10, -4.00
  11953978,  4008, 1,21:20:15,21:23:51,   216, 40.40, 29.20, 11.20
         0,     0, 1,21:23:58,21:24:09,    11, 29.20, 41.30,-12.10
  13323435,     0, 9,21:23:31,21:25:32,   121, 41.10, 37.00,  4.10
         0,     0, 9,21:25:41,21:25:46,     5, 37.00, 41.10, -4.10
  12706726,  7135, 2,21:25:42,21:28:18,   156, 42.60, 34.60,  8.00
         0,     0, 2,21:28:25,21:28:33,     8, 34.60, 43.90, -9.30
  21268825,  6087, 3,21:37:23,21:39:30,   127, 46.50, 29.40, 17.10
         0,     0, 3,21:39:38,21:39:53,    15, 29.40, 29.60, -0.20
  13323425,     0,10,21:41:23,21:41:47,    24, 40.70, 40.30,  0.40
  12706622,     0, 6,21:10:18,21:42:01,  1903, 41.40, 41.50, -0.10
  12448473,  6086, 2,21:42:48,21:43:18,    30, 43.90, 43.40,  0.50
  12706616,  7025, 2,21:44:02,21:44:16,    14, 43.40, 43.40,  0.00
  12448473,  6086, 1,21:43:23,21:44:29,    66, 41.30, 31.40,  9.90
         0,     0, 1,21:44:37,21:44:45,     8, 31.40, 41.20, -9.80
  13008735,  7156, 5,21:44:15,21:45:52,    97, 40.80, 32.40,  8.40
         0,     0, 5,21:45:59,21:46:07,     8, 32.40, 40.90, -8.50
  13008756,  7115, 3,21:44:52,21:46:17,    85, 46.10, 47.70, -1.60
  12200048,     0, 8,21:45:33,21:46:20,    47, 41.10, 40.90,  0.20
  13323425,     0, 9,21:46:28,21:46:33,     5, 40.60, 40.60,  0.00
  12200046,  5100, 3,21:46:30,21:46:38,     8, 48.20, 47.60,  0.60
  12706616,  7025, 1,21:44:56,21:47:06,   130, 41.20, 26.10, 15.10
         0,     0, 1,21:47:13,21:47:27,    14, 26.10, 41.20,-15.10
  13323425,     0, 9,21:46:44,21:47:32,    48, 40.60, 39.60,  1.00
         0,     0, 9,21:47:40,21:47:41,     1, 39.60, 41.10, -1.50
  13008836,     0, 8,21:48:05,21:49:24,    79, 40.80, 40.60,  0.20
  13008836,     0, 8,21:50:19,21:51:36,    77, 40.60, 40.40,  0.20
  13323358,     0, 9,21:51:47,21:51:48,     1, 41.00, 41.00,  0.00
  12448471,  6084, 1,21:48:36,21:51:48,   192, 41.20, 18.00, 23.20
         0,     0, 1,21:51:56,21:52:18,    22, 18.00, 41.30,-23.30
  12448449,  6062, 5,21:50:36,21:52:41,   125, 40.90, 31.40,  9.50
         0,     0, 5,21:52:49,21:52:58,     9, 31.40, 40.90, -9.50
  12706727,  7136, 2,21:53:53,21:53:59,     6, 43.40, 43.40,  0.00
  13008836,     0, 8,21:52:24,21:54:17,   113, 40.20, 26.70, 13.50
         0,     0, 8,21:54:24,21:54:39,    15, 26.70, 41.10,-14.40
  12706727,  7136, 1,21:54:09,21:56:05,   116, 41.30, 32.50,  8.80
         0,     0, 1,21:56:12,21:56:20,     8, 32.50, 41.20, -8.70
  13008836,     0, 7,21:49:42,21:57:46,   484, 41.60, 41.60,  0.00
  13008756,  7115, 1,21:59:22,22:00:21,    59, 41.20, 28.50, 12.70
  13008742,  7163, 2,21:57:16,22:00:28,   192, 43.40, 32.30, 11.10
         0,     0, 1,22:00:28,22:00:40,    12, 28.50, 41.30,-12.80
         0,     0, 2,22:00:36,22:00:46,    10, 32.30, 43.90,-11.60
  13008762,     0, 6,21:42:15,22:01:49,  1174, 41.20, 26.20, 15.00
  12200046,  5100, 4,22:02:02,22:02:07,     5, 43.70, 43.60,  0.10
         0,     0, 6,22:01:57,22:02:11,    14, 26.20, 41.40,-15.20
  12200046,  5100, 4,22:02:20,22:02:52,    32, 43.80, 38.00,  5.80
         0,     0, 4,22:02:59,22:03:04,     5, 38.00, 43.30, -5.30
  12200046,  5100, 4,22:03:15,22:03:48,    33, 43.40, 36.80,  6.60
         0,     0, 4,22:03:55,22:04:01,     6, 36.80, 43.40, -6.60
  12199977,     0, 9,22:06:33,22:07:54,    81, 41.00, 30.90, 10.10
  12706669,  7078, 3,22:08:01,22:08:09,     8, 45.70, 47.60, -1.90
         0,     0, 9,22:08:02,22:08:15,    13, 30.90, 41.00,-10.10
  12706669,  7078, 4,22:08:18,22:11:04,   166, 43.40, 21.70, 21.70
         0,     0, 4,22:11:11,22:11:32,    21, 21.70, 43.40,-21.70
  13323434,     0, 9,22:11:15,22:13:25,   130, 40.90, 33.20,  7.70
         0,     0, 9,22:13:32,22:13:42,    10, 33.20, 41.00, -7.80
  13008800,     0,10,22:16:35,22:16:43,     8, 29.40, 29.50, -0.10
         0,     0,10,22:16:50,22:17:02,    12, 29.50, 41.10,-11.60
  12448473,  6086, 2,22:17:34,22:18:19,    45, 43.90, 37.50,  6.40
         0,     0, 2,22:18:27,22:18:32,     5, 37.50, 43.90, -6.40
  12199969,     0,10,22:17:49,22:19:30,   101, 41.20, 27.90, 13.30
         0,     0,10,22:19:37,22:19:51,    14, 27.90, 41.20,-13.30
  12706707,  7116, 4,22:20:09,22:20:57,    48, 43.60, 36.90,  6.70
         0,     0, 4,22:21:05,22:21:11,     6, 36.90, 36.90,  0.00
  11954042,     0, 9,22:25:38,22:26:38,    60, 41.00, 40.70,  0.30
  11954042,     0,10,22:29:07,22:29:10,     3, 41.10, 41.20, -0.10
  11724239,  3139, 3,22:29:21,22:29:25,     4, 45.80, 47.60, -1.80
  11954042,     0, 9,22:29:14,22:29:36,    22, 40.70, 40.60,  0.10
  11954042,     0, 9,22:29:52,22:29:54,     2, 40.40, 40.40,  0.00
  11954042,     0, 9,22:30:05,22:30:33,    28, 40.40, 39.80,  0.60
         0,     0, 9,22:30:41,22:30:42,     1, 39.80, 40.80, -1.00
  11724239,  3139, 4,22:31:14,22:31:42,    28, 43.50, 42.90,  0.60
  11954042,     0, 9,22:30:59,22:31:56,    57, 40.00, 35.70,  4.30
         0,     0, 9,22:32:04,22:32:10,     6, 35.70, 41.10, -5.40
  11499161,  2051, 1,22:32:39,22:33:26,    47, 41.30, 40.70,  0.60
  11499161,  2051, 2,22:33:48,22:33:56,     8, 43.90, 43.70,  0.20
  11724239,  3139, 4,22:33:29,22:34:47,    78, 42.80, 37.60,  5.20
         0,     0, 4,22:34:55,22:35:00,     5, 37.60, 43.40, -5.80
  12448449,  6062, 5,22:35:20,22:36:47,    87, 40.90, 29.00, 11.90
         0,     0, 5,22:36:56,22:37:07,    11, 29.00, 29.00,  0.00
  12448477,  6090, 2,22:38:28,22:39:26,    58, 43.70, 40.30,  3.40
         0,     0, 2,22:39:34,22:39:36,     2, 40.30, 44.00, -3.70
  13008735,  7156, 5,22:39:26,22:40:49,    83, 40.80, 35.40,  5.40
         0,     0, 5,22:40:56,22:41:01,     5, 35.40, 40.80, -5.40
  12448477,  6090, 2,22:40:56,22:41:40,    44, 44.00, 41.40,  2.60
         0,     0, 2,22:41:48,22:41:49,     1, 41.40, 43.80, -2.40
  11499161,  2051, 1,22:40:51,22:42:08,    77, 40.80, 36.30,  4.50
         0,     0, 1,22:42:16,22:42:20,     4, 36.30, 41.20, -4.90
  11954075,  4105, 1,22:42:30,22:43:34,    64, 41.20, 31.70,  9.50
  11954014,  4044, 3,22:43:35,22:43:42,     7, 45.80, 47.60, -1.80
         0,     0, 1,22:43:42,22:43:50,     8, 31.70, 41.20, -9.50
  11954075,  4105, 2,22:44:19,22:44:43,    24, 43.80, 38.50,  5.30
         0,     0, 2,22:44:51,22:44:55,     4, 38.50, 43.90, -5.40
  13008837,     0, 8,22:42:55,22:47:01,   246, 41.10, 24.40, 16.70
         0,     0, 8,22:47:10,22:47:27,    17, 24.40, 41.00,-16.60
  11954014,  4044, 4,22:48:47,22:49:53,    66, 43.40, 23.10, 20.30
         0,     0, 4,22:50:01,22:50:20,    19, 23.10, 43.40,-20.30
  13008837,     0, 7,22:42:10,22:56:14,   844, 41.60, 41.60,  0.00
  12448521,     0, 8,22:56:32,22:58:23,   111, 41.10, 31.60,  9.50
         0,     0, 8,22:58:30,22:58:40,    10, 31.60, 41.10, -9.50
  11724239,  3139, 1,22:57:46,22:59:14,    88, 41.20, 37.90,  3.30
  12706637,  7046, 2,22:57:46,22:59:16,    90, 43.90, 29.80, 14.10
         0,     0, 1,22:59:21,22:59:23,     2, 37.90, 41.30, -3.40
         0,     0, 2,22:59:24,22:59:37,    13, 29.80, 44.00,-14.20
  12448428,  6041, 3,22:58:09,22:59:52,   103, 46.10, 28.30, 17.80
         0,     0, 3,22:59:59,23:00:15,    16, 28.30, 28.20,  0.10
  12448428,  6041, 4,23:00:34,23:00:54,    20, 44.00, 40.30,  3.70
         0,     0, 4,23:01:03,23:01:06,     3, 40.30, 43.40, -3.10
  13008802,     0, 9,22:59:27,23:01:14,   107, 41.10, 36.10,  5.00
         0,     0, 9,23:01:23,23:01:29,     6, 36.10, 41.10, -5.00
  11954050,  4080, 1,23:06:03,23:08:03,   120, 41.30, 32.60,  8.70
         0,     0, 1,23:08:10,23:08:17,     7, 32.60, 41.40, -8.80
  12706738,  7147, 5,23:06:29,23:08:32,   123, 40.80, 28.20, 12.60
  13323358,     0,10,23:08:39,23:08:47,     8, 41.00, 40.90,  0.10
         0,     0, 5,23:08:40,23:08:52,    12, 28.20, 40.80,-12.60
  13323358,     0,10,23:09:31,23:09:35,     4, 36.00, 36.00,  0.00
         0,     0,10,23:09:43,23:09:48,     5, 36.00, 41.10, -5.10
  13008732,  7153, 5,23:09:02,23:11:42,   160, 40.80, 36.30,  4.50
         0,     0, 5,23:11:50,23:11:54,     4, 36.30, 40.90, -4.60
  13008732,  7153, 5,23:12:05,23:13:18,    73, 40.90, 35.30,  5.60
         0,     0, 5,23:13:26,23:13:31,     5, 35.30, 40.80, -5.50
  12706636,  7045, 4,23:12:21,23:13:53,    92, 43.40, 32.30, 11.10
         0,     0, 4,23:14:02,23:14:13,    11, 32.30, 43.40,-11.10
  13008735,  7156, 1,23:14:55,23:16:25,    90, 41.30, 36.40,  4.90
         0,     0, 1,23:16:33,23:16:37,     4, 36.40, 41.20, -4.80
  12200007,  5061, 5,23:16:56,23:17:21,    25, 40.80, 39.40,  1.40
         0,     0, 5,23:17:28,23:17:29,     1, 39.40, 40.80, -1.40
  12706700,  7109, 1,23:16:57,23:17:39,    42, 41.20, 31.60,  9.60
         0,     0, 1,23:17:48,23:17:56,     8, 31.60, 41.20, -9.60
  12199981,  5035, 3,23:18:14,23:18:24,    10, 45.70, 47.60, -1.90
  13323427,     0, 8,23:18:30,23:20:14,   104, 41.20, 40.80,  0.40
  12199981,  5035, 4,23:18:45,23:20:27,   102, 43.40, 42.80,  0.60
  12199981,  5035, 3,23:20:34,23:21:51,    77, 45.70, 31.00, 14.70
         0,     0, 3,23:21:58,23:22:11,    13, 31.00, 30.90,  0.10
  13323427,     0, 8,23:24:38,23:25:48,    70, 21.80, 21.40,  0.40
  12706700,  7109, 2,23:25:29,23:26:04,    35, 44.00, 42.90,  1.10
         0,     0, 8,23:25:57,23:26:18,    21, 21.40, 41.20,-19.80
  13323427,     0, 8,23:26:28,23:27:07,    39, 41.20, 41.10,  0.10
  12706727,  7136, 1,23:28:44,23:29:39,    55, 41.20, 31.80,  9.40
         0,     0, 1,23:29:47,23:29:55,     8, 31.80, 41.30, -9.50
  12199988,  5042, 5,23:32:30,23:33:18,    48, 40.80, 40.30,  0.50
  12199988,  5042, 5,23:33:35,23:34:48,    73, 40.30, 38.40,  1.90
  12706669,  7078, 4,23:32:18,23:34:48,   150, 42.80, 38.90,  3.90
         0,     0, 5,23:34:55,23:34:57,     2, 38.40, 40.70, -2.30
         0,     0, 4,23:34:56,23:35:00,     4, 38.90, 43.30, -4.40
  11954014,  4044, 4,23:37:12,23:37:52,    40, 43.50, 33.50, 10.00
         0,     0, 4,23:38:01,23:38:10,     9, 33.50, 43.40, -9.90
  12200007,  5061, 5,23:40:29,23:41:22,    53, 40.80, 31.80,  9.00
         0,     0, 5,23:41:30,23:41:38,     8, 31.80, 31.90, -0.10
  12706651,  7060, 5,23:41:51,23:43:43,   112, 40.90, 26.60, 14.30
         0,     0, 5,23:43:52,23:44:05,    13, 26.60, 40.80,-14.20
  12706686,  7095, 1,23:41:28,23:44:28,   180, 41.20, 23.80, 17.40
  13008835,     0, 6,22:49:04,23:44:28,  3324, 29.00, 21.20,  7.80
         0,     0, 3,23:44:42,23:44:52,    10, 45.70, 45.70,  0.00
         0,     0, 4,23:44:42,23:44:52,    10, 43.40, 43.40,  0.00
         0,     0, 5,23:44:42,23:44:52,    10, 40.80, 40.80,  0.00
         0,     0, 7,23:44:42,23:44:52,    10, 41.70, 41.70,  0.00
         0,     0, 8,23:44:42,23:44:52,    10, 41.20, 41.20,  0.00
         0,     0, 9,23:44:42,23:44:52,    10, 41.10, 41.10,  0.00
         0,     0,10,23:44:42,23:44:52,    10, 41.00, 41.00,  0.00
         0,     0, 2,23:44:42,23:44:52,    10, 42.80, 42.80,  0.00
         0,     0, 1,23:44:36,23:44:53,    17, 23.80, 41.20,-17.40
         0,     0, 6,23:44:36,23:44:55,    19, 21.20, 41.50,-20.30
