         0,     0, 3, 0:03:04, 0:03:14,    10, 45.80, 45.80,  0.00
         0,     0, 4, 0:03:04, 0:03:14,    10, 43.70, 43.70,  0.00
         0,     0, 6, 0:03:04, 0:03:14,    10, 41.40, 41.40,  0.00
         0,     0, 5, 0:03:04, 0:03:14,    10, 40.70, 40.70,  0.00
         0,     0, 7, 0:03:04, 0:03:14,    10, 41.60, 41.60,  0.00
         0,     0, 8, 0:03:04, 0:03:14,    10, 41.40, 41.40,  0.00
         0,     0, 9, 0:03:04, 0:03:14,    10, 35.00, 35.00,  0.00
         0,     0,10, 0:03:04, 0:03:14,    10, 41.00, 41.00,  0.00
         0,     0, 1, 0:03:04, 0:03:14,    10, 41.30, 41.30,  0.00
         0,     0, 2, 0:03:04, 0:03:14,    10, 43.60, 43.60,  0.00
  12199987,     0, 9, 0:11:59, 0:15:49,   230, 35.00, 26.90,  8.10
         0,     0, 9, 0:15:58, 0:16:16,    18, 26.90, 41.10,-14.20
  13323406,     0, 9, 0:17:01, 0:18:01,    60, 41.10, 36.50,  4.60
         0,     0, 9, 0:18:10, 0:18:15,     5, 36.50, 41.10, -4.60
  13008835,     0,10, 0:22:05, 0:22:09,     4, 41.00, 40.90,  0.10
  13008835,     0,10, 0:22:21, 0:22:25,     4, 40.80, 40.90, -0.10
  13008835,     0,10, 0:22:38, 0:23:57,    79, 40.90, 40.40,  0.50
  12706705,  7114, 2, 0:24:34, 0:24:41,     7, 43.50, 43.40,  0.10
  12706705,  7114, 1, 0:24:45, 0:24:59,    14, 41.20, 41.20,  0.00
  13008842,  8083, 3, 0:22:26, 0:25:02,   156, 45.80, 28.00, 17.80
         0,     0, 3, 0:25:10, 0:25:25,    15, 28.00, 45.90,-17.90
  13008835,     0,10, 0:25:25, 0:25:27,     2, 36.70, 36.70,  0.00
         0,     0,10, 0:25:36, 0:25:40,     4, 36.70, 41.20, -4.50
  12448432,  6045, 2, 0:25:14, 0:27:25,   131, 43.50, 32.80, 10.70
         0,     0, 2, 0:27:33, 0:27:43,    10, 32.80, 43.80,-11.00
  12706719,  7128, 3, 0:27:39, 0:29:25,   106, 46.40, 27.20, 19.20
         0,     0, 3, 0:29:33, 0:29:48,    15, 27.20, 45.80,-18.60
  12448428,  6041, 2, 0:29:40, 0:31:05,    85, 43.90, 27.20, 16.70
         0,     0, 2, 0:31:13, 0:31:29,    16, 27.20, 43.80,-16.60
  12200010,  5064, 1, 0:30:17, 0:34:00,   223, 41.20, 17.70, 23.50
         0,     0, 1, 0:34:09, 0:34:31,    22, 17.70, 41.20,-23.50
  12706701,  7110, 4, 0:33:03, 0:35:58,   175, 44.00, 30.20, 13.80
         0,     0, 4, 0:36:06, 0:36:18,    12, 30.20, 43.30,-13.10
  12706705,  7114, 5, 0:34:42, 0:37:37,   175, 40.80, 21.40, 19.40
         0,     0, 5, 0:37:44, 0:38:02,    18, 21.40, 40.70,-19.30
  13323390,  9012, 1, 0:42:36, 0:43:40,    64, 41.30, 41.10,  0.20
  12706651,  7060, 4, 0:47:13, 0:48:53,   100, 43.60, 34.80,  8.80
         0,     0, 4, 0:49:02, 0:49:10,     8, 34.80, 43.30, -8.50
  11724181,     0, 6, 0:28:14, 0:59:21,  1867, 33.10, 22.50, 10.60
  13323352,  8154, 1, 0:58:37, 0:59:41,    64, 41.10, 39.30,  1.80
         0,     0, 6, 0:59:29, 0:59:47,    18, 22.50, 22.60, -0.10
         0,     0, 1, 0:59:50, 0:59:51,     1, 39.30, 41.20, -1.90
  13323352,  8154, 1, 1:02:05, 1:02:44,    39, 41.20, 39.90,  1.30
         0,     0, 1, 1:02:52, 1:02:52,     0, 39.90, 40.90, -1.00
  13323352,  8154, 2, 1:03:00, 1:03:23,    23, 43.80, 42.60,  1.20
  13008732,  7153, 5, 1:03:17, 1:08:19,   302, 40.70, 24.70, 16.00
         0,     0, 5, 1:08:28, 1:08:43,    15, 24.70, 40.80,-16.10
  13008826,     0,10, 1:08:44, 1:10:22,    98, 41.10, 28.80, 12.30
  12448412,  6025, 1, 1:08:27, 1:10:25,   118, 41.00, 40.80,  0.20
         0,     0,10, 1:10:30, 1:10:43,    13, 28.80, 41.20,-12.40
  12448412,  6025, 2, 1:10:29, 1:15:31,   302, 42.70, 16.00, 26.70
         0,     0, 2, 1:15:39, 1:16:07,    28, 16.00, 43.80,-27.80
  12448432,  6045, 1, 1:13:03, 1:16:28,   205, 40.70, 26.90, 13.80
         0,     0, 1, 1:16:35, 1:16:48,    13, 26.90, 41.20,-14.30
  12448404,  6017, 1, 1:18:36, 1:20:21,   105, 41.20, 19.00, 22.20
         0,     0, 1, 1:20:29, 1:20:50,    21, 19.00, 41.20,-22.20
  12448428,  6041, 1, 1:21:59, 1:23:02,    63, 41.10, 32.70,  8.40
         0,     0, 1, 1:23:10, 1:23:17,     7, 32.70, 41.30, -8.60
  12706727,  7136, 4, 1:23:15, 1:24:46,    91, 43.30, 33.20, 10.10
         0,     0, 4, 1:24:54, 1:25:03,     9, 33.20, 43.30,-10.10
  21268104,  6062, 4, 1:25:40, 1:27:44,   124, 43.10, 32.70, 10.40
         0,     0, 4, 1:27:52, 1:28:02,    10, 32.70, 43.30,-10.60
  12200064,  5118, 2, 1:24:05, 1:28:27,   262, 43.90, 25.00, 18.90
         0,     0, 2, 1:28:36, 1:28:54,    18, 25.00, 43.90,-18.90
  12706667,     0, 6, 1:13:23, 1:44:53,  1890, 41.00, 27.70, 13.30
         0,     0, 6, 1:45:00, 1:45:13,    13, 27.70, 27.80, -0.10
  12706714,  7123, 5, 1:44:31, 1:46:32,   121, 40.70, 31.30,  9.40
         0,     0, 5, 1:46:39, 1:46:47,     8, 31.30, 40.80, -9.50
  21268162,  6046, 5, 1:47:22, 1:49:19,   117, 40.80, 23.80, 17.00
         0,     0, 5, 1:49:27, 1:49:42,    15, 23.80, 40.80,-17.00
  12706669,  7078, 2, 1:53:13, 1:54:28,    75, 43.70, 32.00, 11.70
         0,     0, 2, 1:54:36, 1:54:47,    11, 32.00, 43.90,-11.90
  13323388,  9010, 4, 1:54:22, 1:56:22,   120, 43.30, 36.80,  6.50
         0,     0, 4, 1:56:30, 1:56:36,     6, 36.80, 43.30, -6.50
  12706707,  7116, 4, 1:57:04, 1:57:55,    51, 43.00, 35.20,  7.80
         0,     0, 4, 1:58:03, 1:58:10,     7, 35.20, 43.30, -8.10
  12706707,  7116, 4, 1:59:11, 1:59:25,    14, 43.10, 41.80,  1.30
         0,     0, 4, 1:59:33, 1:59:34,     1, 41.80, 43.10, -1.30
  12706609,  7018, 6, 1:45:30, 2:05:07,  1177, 41.50, 35.40,  6.10
         0,     0, 6, 2:05:14, 2:05:19,     5, 35.40, 41.40, -6.00
  13323388,  9010, 4, 2:18:43, 2:18:55,    12, 43.50, 42.70,  0.80
  13008742,  7163, 1, 2:15:12, 2:19:14,   242, 41.20, 25.00, 16.20
         0,     0, 1, 2:19:22, 2:19:37,    15, 25.00, 41.20,-16.20
  11499202,     0, 9, 2:19:02, 2:21:10,   128, 41.00, 36.00,  5.00
         0,     0, 9, 2:21:18, 2:21:24,     6, 36.00, 41.10, -5.10
  12706669,  7078, 1, 2:29:00, 2:29:10,    10, 41.20, 40.70,  0.50
  13008866,     0,10, 2:35:14, 2:37:43,   149, 40.10, 38.20,  1.90
         0,     0,10, 2:37:52, 2:37:54,     2, 38.20, 41.10, -2.90
  12448479,  6092, 2, 2:49:49, 2:49:58,     9, 43.50, 43.50,  0.00
  12448479,  6092, 1, 2:50:03, 2:52:22,   139, 40.60, 28.20, 12.40
         0,     0, 1, 2:52:30, 2:52:42,    12, 28.20, 41.30,-13.10
  13323462,     0,10, 2:55:56, 2:55:58,     2, 41.10, 41.10,  0.00
  11953978,  4008, 3, 2:56:51, 2:59:39,   168, 45.80, 36.10,  9.70
         0,     0, 3, 2:59:46, 2:59:53,     7, 36.10, 46.00, -9.90
  13323462,     0, 9, 3:03:30, 3:05:01,    91, 41.10, 37.40,  3.70
         0,     0, 9, 3:05:09, 3:05:13,     4, 37.40, 41.20, -3.80
  12448451,  6064, 5, 3:08:41, 3:10:17,    96, 40.70, 40.50,  0.20
  12448451,  6064, 5, 3:10:52, 3:12:30,    98, 40.50, 40.40,  0.10
  13008842,  8083, 1, 3:13:29, 3:19:54,   385, 41.30, 27.60, 13.70
         0,     0, 1, 3:20:02, 3:20:15,    13, 27.60, 41.20,-13.60
  12706616,  7025, 2, 3:32:57, 3:34:14,    77, 43.30, 31.70, 11.60
         0,     0, 2, 3:34:21, 3:34:32,    11, 31.70, 43.90,-12.20
  12706729,  7138, 1, 3:41:16, 3:41:33,    17, 41.20, 41.20,  0.00
  12448442,  6055, 9, 3:41:28, 3:42:22,    54, 41.20, 35.10,  6.10
         0,     0, 9, 3:42:30, 3:42:37,     7, 35.10, 41.10, -6.00
  12706729,  7138, 1, 3:41:43, 3:44:07,   144, 41.20, 24.00, 17.20
         0,     0, 1, 3:44:15, 3:44:31,    16, 24.00, 41.20,-17.20
  12200046,  5100, 2, 3:59:48, 4:01:44,   116, 43.80, 29.90, 13.90
         0,     0, 2, 4:01:51, 4:02:04,    13, 29.90, 43.90,-14.00
  12706636,  7045, 4, 4:03:50, 4:05:34,   104, 42.40, 35.70,  6.70
         0,     0, 4, 4:05:42, 4:05:49,     7, 35.70, 43.20, -7.50
  12706655,  7064, 5, 4:28:57, 4:30:47,   110, 40.40, 30.00, 10.40
         0,     0, 5, 4:30:55, 4:31:05,    10, 30.00, 40.70,-10.70
  12706669,  7078, 3, 6:04:42, 6:05:34,    52, 45.90, 30.00, 15.90
         0,     0, 3, 6:05:42, 6:05:55,    13, 30.00, 46.20,-16.20
  12706738,  7147, 2, 6:04:48, 6:07:15,   147, 43.40, 28.80, 14.60
         0,     0, 2, 6:07:23, 6:07:38,    15, 28.80, 43.80,-15.00
  21268162,  6046, 1, 6:08:11, 6:10:10,   119, 41.10, 18.90, 22.20
         0,     0, 1, 6:10:18, 6:10:39,    21, 18.90, 41.20,-22.30
  12448451,  6064, 2, 6:09:13, 6:12:16,   183, 43.90, 17.90, 26.00
         0,     0, 2, 6:12:25, 6:12:51,    26, 17.90, 43.80,-25.90
  12706719,  7128, 1, 6:13:54, 6:16:16,   142, 41.30, 29.00, 12.30
  12706730,  7139, 2, 6:13:49, 6:16:17,   148, 43.90, 22.90, 21.00
         0,     0, 1, 6:16:24, 6:16:36,    12, 29.00, 41.00,-12.00
         0,     0, 2, 6:16:25, 6:16:47,    22, 22.90, 43.70,-20.80
  12448416,  6029, 4, 6:14:31, 6:16:59,   148, 44.30, 40.70,  3.60
         0,     0, 4, 6:17:06, 6:17:08,     2, 40.70, 43.30, -2.60
  11953996,  4026, 2, 6:17:39, 6:17:51,    12, 43.90, 43.80,  0.10
  21268104,  6062, 2, 6:18:11, 6:19:11,    60, 43.70, 43.20,  0.50
  21268104,  6062, 1, 6:19:15, 6:19:21,     6, 41.00, 40.90,  0.10
  12706714,  7123, 5, 6:17:52, 6:20:35,   163, 40.70, 16.50, 24.20
         0,     0, 5, 6:20:44, 6:21:07,    23, 16.50, 40.80,-24.30
  21268104,  6062, 2, 6:19:34, 6:21:42,   128, 43.20, 30.10, 13.10
         0,     0, 2, 6:21:49, 6:22:02,    13, 30.10, 43.90,-13.80
  11953996,  4026, 1, 6:19:31, 6:22:33,   182, 40.80, 15.70, 25.10
         0,     0, 1, 6:22:41, 6:23:05,    24, 15.70, 41.20,-25.50
  12448416,  6029, 4, 6:22:16, 6:24:07,   111, 43.30, 36.10,  7.20
         0,     0, 4, 6:24:15, 6:24:22,     7, 36.10, 43.40, -7.30
  12706639,  7048, 5, 6:24:27, 6:24:36,     9, 40.70, 40.70,  0.00
  12706727,  7136, 1, 6:23:25, 6:25:57,   152, 41.20, 24.10, 17.10
  12706734,  7143, 2, 6:23:21, 6:26:03,   162, 43.90, 27.90, 16.00
         0,     0, 1, 6:26:04, 6:26:21,    17, 24.10, 41.20,-17.10
         0,     0, 2, 6:26:10, 6:26:26,    16, 27.90, 43.80,-15.90
  12706655,  7064, 5, 6:25:12, 6:28:25,   193, 40.70, 24.00, 16.70
  12706734,  7143, 2, 6:27:19, 6:28:44,    85, 43.90, 42.80,  1.10
         0,     0, 5, 6:28:33, 6:28:48,    15, 24.00, 40.70,-16.70
  13323461,     0, 6, 2:25:00, 6:32:10, 14830, 26.70,  8.60, 18.10
  21268825,  6068, 4, 6:30:05, 6:32:38,   153, 43.10, 30.20, 12.90
         0,     0, 6, 6:32:19, 6:32:50,    31,  8.60, 41.50,-32.90
         0,     0, 4, 6:32:46, 6:32:58,    12, 30.20, 43.20,-13.00
  12706701,  7110, 5, 6:31:37, 6:35:43,   246, 40.80, 26.70, 14.10
  13323388,  9010, 4, 6:33:29, 6:35:45,   136, 43.30, 27.30, 16.00
         0,     0, 5, 6:35:52, 6:36:06,    14, 26.70, 40.70,-14.00
         0,     0, 4, 6:35:53, 6:36:09,    16, 27.30, 43.20,-15.90
  12706651,  7060, 3, 6:35:47, 6:36:34,    47, 46.00, 43.60,  2.40
         0,     0, 3, 6:36:41, 6:36:42,     1, 43.60, 45.70, -2.10
  12706651,  7060, 3, 6:37:26, 6:38:54,    88, 45.50, 36.10,  9.40
         0,     0, 3, 6:39:01, 6:39:08,     7, 36.10, 36.00,  0.10
  12706639,  7048, 1, 6:37:12, 6:40:02,   170, 41.20, 22.00, 19.20
         0,     0, 1, 6:40:10, 6:40:28,    18, 22.00, 22.10, -0.10
  12448448,  6061, 2, 6:33:12, 6:43:38,   626, 42.90, 18.50, 24.40
         0,     0, 2, 6:43:46, 6:44:12,    26, 18.50, 43.80,-25.30
  13008742,  7163, 2, 6:44:46, 6:44:51,     5, 43.80, 43.80,  0.00
  13008742,  7163, 1, 6:44:54, 6:49:28,   274, 41.30, 19.60, 21.70
         0,     0, 1, 6:49:36, 6:49:56,    20, 19.60, 41.20,-21.60
  21268104,  6062, 1, 6:53:01, 6:53:34,    33, 41.20, 40.40,  0.80
  12448416,  6029, 1, 6:53:45, 6:54:38,    53, 40.40, 35.50,  4.90
         0,     0, 1, 6:54:46, 6:54:51,     5, 35.50, 41.20, -5.70
  12448416,  6029, 1, 6:55:01, 6:57:46,   165, 41.20, 25.40, 15.80
         0,     0, 1, 6:57:54, 6:58:08,    14, 25.40, 41.20,-15.80
  11954014,  4044, 4, 6:57:39, 6:58:43,    64, 43.60, 22.10, 21.50
         0,     0, 4, 6:58:52, 6:59:13,    21, 22.10, 43.20,-21.10
  21268104,  6062, 1, 6:58:26, 6:59:28,    62, 41.20, 32.00,  9.20
  12448412,  6025, 2, 6:52:38, 6:59:35,   417, 43.90, 42.60,  1.30
         0,     0, 1, 6:59:36, 6:59:44,     8, 32.00, 41.30, -9.30
  12706738,  7147, 2, 6:59:44, 7:02:33,   169, 42.70, 28.00, 14.70
         0,     0, 2, 7:02:42, 7:02:58,    16, 28.00, 43.80,-15.80
  12448412,  6025, 1, 6:59:54, 7:04:43,   289, 41.30, 15.20, 26.10
         0,     0, 1, 7:04:51, 7:05:19,    28, 15.20, 41.20,-26.00
  21299280,  8145, 3, 7:06:55, 7:08:39,   104, 45.90, 34.20, 11.70
         0,     0, 3, 7:08:47, 7:08:56,     9, 34.20, 46.20,-12.00
  13008905,  8146, 5, 7:07:58, 7:09:54,   116, 40.70, 27.80, 12.90
         0,     0, 5, 7:10:03, 7:10:15,    12, 27.80, 40.70,-12.90
  12706706,  7115, 2, 7:08:47, 7:10:53,   126, 43.80, 26.00, 17.80
         0,     0, 2, 7:11:00, 7:11:18,    18, 26.00, 43.80,-17.80
  12448483,  6096, 3, 7:09:07, 7:11:54,   167, 46.20, 12.20, 34.00
         0,     0, 3, 7:12:02, 7:12:31,    29, 12.20, 46.00,-33.80
  13323406,     0, 9, 7:16:30, 7:17:48,    78, 41.00, 34.50,  6.50
  12706734,  7143, 2, 7:16:42, 7:17:59,    77, 43.80, 41.30,  2.50
         0,     0, 9, 7:17:57, 7:18:06,     9, 34.50, 41.10, -6.60
         0,     0, 2, 7:18:06, 7:18:07,     1, 41.30, 43.90, -2.60
  12448473,  6086, 3, 7:17:19, 7:19:26,   127, 46.10, 23.50, 22.60
  12706734,  7143, 2, 7:18:22, 7:19:43,    81, 43.90, 35.70,  8.20
         0,     0, 3, 7:19:34, 7:19:53,    19, 23.50, 45.80,-22.30
         0,     0, 2, 7:19:51, 7:19:58,     7, 35.70, 44.00, -8.30
  13323390,  9012, 2, 7:27:26, 7:29:41,   135, 44.10, 41.70,  2.40
         0,     0, 2, 7:29:50, 7:29:51,     1, 41.70, 43.60, -1.90
  12706669,  7078, 2, 7:30:01, 7:30:39,    38, 43.90, 37.80,  6.10
         0,     0, 2, 7:30:47, 7:30:52,     5, 37.80, 43.90, -6.10
  21299280,  8145, 3, 7:29:32, 7:31:02,    90, 45.90, 33.80, 12.10
         0,     0, 3, 7:31:10, 7:31:20,    10, 33.80, 46.00,-12.20
  13008732,  7153, 1, 7:38:37, 7:39:04,    27, 41.20, 41.10,  0.10
  12706707,  7116, 4, 7:39:31, 7:40:36,    65, 44.20, 33.10, 11.10
         0,     0, 4, 7:40:44, 7:40:53,     9, 33.10, 43.20,-10.10
  12200010,  5064, 1, 7:40:20, 7:42:45,   145, 41.10, 21.10, 20.00
         0,     0, 1, 7:42:52, 7:43:11,    19, 21.10, 41.20,-20.10
  13008732,  7153, 2, 7:39:10, 7:43:30,   260, 44.00, 28.80, 15.20
         0,     0, 2, 7:43:37, 7:43:51,    14, 28.80, 43.80,-15.00
  13323352,  8154, 1, 7:49:26, 7:50:00,    34, 41.20, 40.80,  0.40
  13323352,  8154, 2, 7:50:19, 7:51:12,    53, 43.80, 41.40,  2.40
         0,     0, 2, 7:51:19, 7:51:20,     1, 41.40, 43.80, -2.40
  13008905,  8146, 2, 7:53:15, 7:53:27,    12, 44.10, 43.80,  0.30
  12706616,  7025, 2, 7:57:43, 7:59:32,   109, 43.90, 31.70, 12.20
         0,     0, 2, 7:59:41, 7:59:52,    11, 31.70, 43.80,-12.10
  12706705,  7114, 3, 8:04:41, 8:07:57,   196, 46.00, 25.90, 20.10
         0,     0, 3, 8:08:05, 8:08:22,    17, 25.90, 46.00,-20.10
  12448404,  6017, 1, 8:06:40, 8:08:43,   123, 40.80, 13.90, 26.90
         0,     0, 1, 8:08:51, 8:09:17,    26, 13.90, 41.20,-27.30
  12448479,  6092, 2, 8:10:49, 8:10:53,     4, 43.80, 43.70,  0.10
  12706636,  7045, 4, 8:09:25, 8:10:56,    91, 43.80, 38.60,  5.20
         0,     0, 4, 8:11:03, 8:11:07,     4, 38.60, 43.30, -4.70
  12706636,  7045, 3, 8:11:14, 8:12:31,    77, 46.00, 39.70,  6.30
         0,     0, 3, 8:12:39, 8:12:44,     5, 39.70, 46.20, -6.50
  12448479,  6092, 1, 8:11:00, 8:13:29,   149, 41.20, 22.70, 18.50
         0,     0, 1, 8:13:36, 8:13:53,    17, 22.70, 41.20,-18.50
  13323352,  8154, 5, 8:14:19, 8:15:41,    82, 40.70, 36.80,  3.90
         0,     0, 5, 8:15:48, 8:15:52,     4, 36.80, 40.70, -3.90
  13323352,  8154, 5, 8:16:04, 8:16:27,    23, 40.70, 38.80,  1.90
         0,     0, 5, 8:16:36, 8:16:38,     2, 38.80, 40.80, -2.00
  21268162,  6046, 2, 8:18:48, 8:18:56,     8, 43.70, 43.60,  0.10
  21268162,  6046, 1, 8:19:36, 8:21:08,    92, 41.20, 28.80, 12.40
         0,     0, 1, 8:21:16, 8:21:27,    11, 28.80, 41.20,-12.40
  12448428,  6041, 4, 8:20:29, 8:21:50,    81, 43.30, 26.60, 16.70
         0,     0, 4, 8:21:58, 8:22:14,    16, 26.60, 43.10,-16.50
  11954003,     0, 6, 7:29:43, 8:24:16,  3273, 40.80, 39.70,  1.10
         0,     0, 6, 8:24:23, 8:24:24,     1, 39.70, 41.30, -1.60
  12706622,     0, 9, 8:23:45, 8:24:51,    66, 41.10, 40.90,  0.20
  21292347,  5120, 4, 8:24:54, 8:26:41,   107, 43.70, 29.90, 13.80
  12706622,     0, 9, 8:25:10, 8:26:56,   106, 41.00, 39.20,  1.80
         0,     0, 4, 8:26:50, 8:27:02,    12, 29.90, 43.10,-13.20
         0,     0, 9, 8:27:04, 8:27:06,     2, 39.20, 41.10, -1.90
  12706655,  7064, 1, 8:23:21, 8:27:38,   257, 41.20, 37.80,  3.40
         0,     0, 1, 8:27:46, 8:27:48,     2, 37.80, 41.30, -3.50
  12706655,  7064, 1, 8:28:14, 8:30:58,   164, 41.20, 33.40,  7.80
         0,     0, 1, 8:31:06, 8:31:13,     7, 33.40, 41.30, -7.90
  13008798,     0,10, 8:31:44, 8:32:03,    19, 40.40, 36.10,  4.30
         0,     0,10, 8:32:10, 8:32:15,     5, 36.10, 41.20, -5.10
  13008798,     0,10, 8:33:01, 8:33:02,     1, 30.10, 30.10,  0.00
  21304388,  6125, 2, 8:28:06, 8:33:01,   295, 43.70, 25.00, 18.70
         0,     0,10, 8:33:09, 8:33:21,    12, 30.10, 41.00,-10.90
         0,     0, 2, 8:33:10, 8:33:29,    19, 25.00, 43.80,-18.80
  13008866,     0,10, 8:34:47, 8:34:48,     1, 32.80, 32.90, -0.10
         0,     0,10, 8:34:55, 8:35:03,     8, 32.90, 41.20, -8.30
  13008848,     0,10, 8:35:19, 8:35:26,     7, 41.20, 41.20,  0.00
  13008848,     0,10, 8:36:22, 8:36:46,    24, 41.10, 41.20, -0.10
  12448451,  6064, 3, 8:33:49, 8:37:35,   226, 46.00, 23.90, 22.10
  13008848,     0,10, 8:37:14, 8:37:54,    40, 41.00, 41.00,  0.00
         0,     0, 3, 8:37:42, 8:38:00,    18, 23.90, 46.00,-22.10
  12448474,  6087, 2, 8:38:57, 8:39:18,    21, 43.90, 43.80,  0.10
  12448474,  6087, 1, 8:39:44, 8:39:57,    13, 41.30, 41.30,  0.00
  12448474,  6087, 1, 8:40:29, 8:40:34,     5, 41.30, 41.30,  0.00
  13008848,     0, 9, 8:39:07, 8:42:13,   186, 41.10, 32.80,  8.30
  13323471,     0, 6, 8:24:36, 8:42:23,  1067, 40.90, 28.70, 12.20
         0,     0, 9, 8:42:21, 8:42:31,    10, 32.80, 41.00, -8.20
         0,     0, 6, 8:42:30, 8:42:42,    12, 28.70, 41.00,-12.30
  12448474,  6087, 1, 8:40:54, 8:43:18,   144, 41.30, 20.10, 21.20
  12706729,  7138, 3, 8:40:25, 8:43:40,   195, 45.90, 22.90, 23.00
         0,     0, 1, 8:43:27, 8:43:47,    20, 20.10, 41.20,-21.10
         0,     0, 3, 8:43:49, 8:44:08,    19, 22.90, 46.00,-23.10
  12706727,  7136, 2, 8:42:57, 8:44:37,   100, 43.90, 33.40, 10.50
         0,     0, 2, 8:44:45, 8:44:54,     9, 33.40, 43.80,-10.40
  13008842,  8083, 1, 8:45:19, 8:46:32,    73, 41.20, 41.20,  0.00
  12706622,     0, 9, 8:43:58, 8:47:14,   196, 40.90, 35.50,  5.40
         0,     0, 9, 8:47:21, 8:47:28,     7, 35.50, 41.10, -5.60
  13008842,  8083, 2, 8:46:37, 8:50:11,   214, 43.80, 31.70, 12.10
         0,     0, 2, 8:50:19, 8:50:31,    12, 31.70, 43.80,-12.10
  13323390,  9012, 1, 8:51:25, 8:54:12,   167, 41.20, 34.60,  6.60
         0,     0, 1, 8:54:19, 8:54:25,     6, 34.60, 41.20, -6.60
  13008866,     0,10, 8:55:12, 8:55:18,     6, 41.00, 40.90,  0.10
  13323390,  9012, 2, 8:54:21, 8:56:06,   105, 43.80, 31.30, 12.50
         0,     0, 2, 8:56:15, 8:56:27,    12, 31.30, 43.90,-12.60
  13323490,     0, 6, 8:43:09, 8:57:11,   842, 38.10, 21.00, 17.10
         0,     0, 6, 8:57:18, 8:57:38,    20, 21.00, 41.30,-20.30
  12448479,  6092, 4, 8:56:45, 8:58:41,   116, 43.40, 31.20, 12.20
         0,     0, 4, 8:58:50, 8:59:01,    11, 31.20, 43.20,-12.00
  21268162,  6046, 5, 9:00:12, 9:01:26,    74, 40.80, 29.40, 11.40
         0,     0, 5, 9:01:35, 9:01:46,    11, 29.40, 40.70,-11.30
  13323462,     0, 9, 9:03:10, 9:04:01,    51, 40.60, 36.90,  3.70
  12706727,  7136, 1, 9:02:36, 9:04:06,    90, 41.20, 30.50, 10.70
         0,     0, 9, 9:04:10, 9:04:15,     5, 36.90, 41.00, -4.10
         0,     0, 1, 9:04:15, 9:04:24,     9, 30.50, 41.20,-10.70
  12448432,  6045, 2, 8:59:51, 9:04:32,   281, 44.00, 24.20, 19.80
         0,     0, 2, 9:04:41, 9:05:00,    19, 24.20, 44.00,-19.80
  13323462,     0, 9, 9:04:55, 9:05:00,     5, 38.20, 38.30, -0.10
         0,     0, 9, 9:05:09, 9:05:12,     3, 38.30, 41.00, -2.70
  21292480,     0, 6, 8:59:21, 9:06:38,   437, 41.10, 13.20, 27.90
         0,     0, 6, 9:06:45, 9:07:12,    27, 13.20, 13.20,  0.00
  12200048,     0, 6, 9:07:31, 9:11:51,   260, 41.40, 32.50,  8.90
         0,     0, 6, 9:11:58, 9:12:06,     8, 32.50, 32.50,  0.00
  12706719,  7128, 1, 9:10:51, 9:13:24,   153, 41.10, 24.10, 17.00
         0,     0, 1, 9:13:32, 9:13:48,    16, 24.10, 41.20,-17.10
  12448429,     0, 6, 9:13:21, 9:14:26,    65, 23.60, 13.50, 10.10
         0,     0, 6, 9:14:33, 9:15:02,    29, 13.50, 39.80,-26.30
  12706700,  7109, 3, 9:15:05, 9:15:21,    16, 45.90, 45.90,  0.00
  12706700,  7109, 4, 9:15:46, 9:17:05,    79, 43.50, 25.10, 18.40
  12706645,     0, 6, 9:15:44, 9:17:23,    99, 27.40, 22.60,  4.80
         0,     0, 4, 9:17:12, 9:17:30,    18, 25.10, 43.10,-18.00
         0,     0, 6, 9:17:30, 9:17:47,    17, 22.60, 22.70, -0.10
  12448429,     0, 6, 9:18:05, 9:19:55,   110, 41.50, 30.10, 11.40
         0,     0, 6, 9:20:02, 9:20:12,    10, 30.10, 41.40,-11.30
  12706714,  7123, 5, 9:21:24, 9:22:00,    36, 40.70, 39.90,  0.80
         0,     0, 5, 9:22:08, 9:22:08,     0, 39.90, 40.60, -0.70
  13008866,     0,10, 9:21:29, 9:22:05,    36, 38.60, 29.10,  9.50
         0,     0,10, 9:22:14, 9:22:26,    12, 29.10, 41.20,-12.10
  12200060,     0, 6, 9:20:23, 9:26:38,   375, 41.40, 36.60,  4.80
         0,     0, 6, 9:26:45, 9:26:49,     4, 36.60, 41.40, -4.80
  12706730,  7139, 2, 9:24:28, 9:27:39,   191, 43.90, 26.10, 17.80
         0,     0, 2, 9:27:47, 9:28:04,    17, 26.10, 43.90,-17.80
  13323462,     0, 9, 9:31:59, 9:32:00,     1, 37.80, 37.80,  0.00
         0,     0, 9, 9:32:08, 9:32:11,     3, 37.80, 41.10, -3.30
  12200010,  5064, 2, 9:32:12, 9:32:15,     3, 44.00, 43.90,  0.10
  12200010,  5064, 1, 9:32:21, 9:33:36,    75, 41.20, 35.00,  6.20
         0,     0, 1, 9:33:43, 9:33:48,     5, 35.00, 41.20, -6.20
  12706609,  7018, 6, 9:27:15, 9:38:00,   645, 35.80, 29.10,  6.70
         0,     0, 6, 9:38:07, 9:38:18,    11, 29.10, 29.20, -0.10
  12448432,  6045, 1, 9:38:14, 9:38:31,    17, 41.20, 41.20,  0.00
  12448432,  6045, 2, 9:38:40, 9:40:08,    88, 44.00, 42.80,  1.20
  13008768,     0,10, 9:40:23, 9:41:13,    50, 41.20, 38.70,  2.50
         0,     0,10, 9:41:22, 9:41:24,     2, 38.70, 41.00, -2.30
  12448434,     0, 8, 9:42:13, 9:42:18,     5, 40.60, 40.60,  0.00
  12706646,     0, 6, 9:38:29, 9:42:24,   235, 41.20, 22.40, 18.80
  13008768,     0,10, 9:42:34, 9:42:37,     3, 31.30, 31.40, -0.10
         0,     0, 6, 9:42:31, 9:42:48,    17, 22.40, 39.90,-17.50
         0,     0,10, 9:42:46, 9:42:56,    10, 31.40, 41.20, -9.80
  12706714,  7123, 5, 9:40:25, 9:42:59,   154, 40.50, 21.00, 19.50
  12448434,     0, 8, 9:43:04, 9:43:11,     7, 39.30, 39.30,  0.00
         0,     0, 8, 9:43:18, 9:43:19,     1, 39.30, 40.90, -1.60
         0,     0, 5, 9:43:07, 9:43:25,    18, 21.00, 40.80,-19.80
  12706609,  7018, 6, 9:43:29, 9:47:45,   256, 36.40, 31.60,  4.80
         0,     0, 6, 9:47:52, 9:48:01,     9, 31.60, 41.30, -9.70
  13008827,     0, 6, 9:48:16, 9:49:01,    45, 41.30, 41.30,  0.00
  13323490,     0, 6, 9:49:58, 9:50:06,     8, 34.10, 33.50,  0.60
         0,     0, 6, 9:50:15, 9:50:23,     8, 33.50, 41.20, -7.70
  12200010,  5064, 1, 9:48:22, 9:50:59,   157, 41.20, 30.90, 10.30
         0,     0, 1, 9:51:07, 9:51:17,    10, 30.90, 41.10,-10.20
  21268825,  6068, 4, 9:56:09, 9:57:56,   107, 43.50, 43.40,  0.10
  12706719,  7128, 5,10:02:39,10:04:06,    87, 40.80, 39.30,  1.50
         0,     0, 5,10:04:14,10:04:15,     1, 39.30, 40.70, -1.40
  12706639,  7048, 4,10:03:48,10:04:14,    26, 43.20, 43.40, -0.20
  21268825,  6068, 2,10:00:46,10:04:17,   211, 42.80, 25.30, 17.50
  13008835,     0,10,10:04:01,10:04:21,    20, 41.10, 41.10,  0.00
         0,     0, 2,10:04:24,10:04:42,    18, 25.30, 43.80,-18.50
  12448434,     0, 8,10:05:53,10:06:25,    32, 40.70, 39.40,  1.30
         0,     0, 8,10:06:34,10:06:35,     1, 39.40, 41.10, -1.70
  13323390,  9012, 5,10:04:25,10:06:44,   139, 40.70, 30.60, 10.10
         0,     0, 5,10:06:52,10:07:02,    10, 30.60, 40.70,-10.10
  12448432,  6045, 2,10:05:13,10:07:42,   149, 43.90, 32.10, 11.80
         0,     0, 2,10:07:50,10:08:01,    11, 32.10, 43.70,-11.60
  12448434,     0, 8,10:06:56,10:08:07,    71, 38.90, 34.00,  4.90
         0,     0, 8,10:08:16,10:08:23,     7, 34.00, 41.10, -7.10
  12706639,  7048, 3,10:05:15,10:08:42,   207, 45.90, 25.60, 20.30
         0,     0, 3,10:08:50,10:09:07,    17, 25.60, 46.00,-20.40
  12706719,  7128, 5,10:08:01,10:11:14,   193, 40.70, 28.30, 12.40
         0,     0, 5,10:11:23,10:11:34,    11, 28.30, 40.80,-12.50
  13323456,     0, 6, 9:50:33,10:13:01,  1348, 41.00, 18.90, 22.10
         0,     0, 6,10:13:09,10:13:32,    23, 18.90, 40.80,-21.90
  12706642,  7051, 9,10:13:50,10:15:51,   121, 41.10, 29.80, 11.30
         0,     0, 9,10:15:58,10:16:12,    14, 29.80, 41.10,-11.30
  12706636,  7045, 1,10:15:40,10:17:22,   102, 41.20, 26.60, 14.60
         0,     0, 1,10:17:30,10:17:43,    13, 26.60, 41.20,-14.60
  12448471,     0, 6,10:14:47,10:19:08,   261, 25.50, 25.20,  0.30
         0,     0, 6,10:19:16,10:19:31,    15, 25.20, 41.50,-16.30
  13008839,     0, 9,10:21:14,10:22:41,    87, 41.10, 38.60,  2.50
         0,     0, 9,10:22:50,10:22:52,     2, 38.60, 41.00, -2.40
  12706669,  7078, 2,10:22:03,10:23:28,    85, 43.80, 30.20, 13.60
         0,     0, 2,10:23:36,10:23:49,    13, 30.20, 43.70,-13.50
  13008816,     0,10,10:22:33,10:24:06,    93, 41.10, 40.30,  0.80
  13008839,     0, 9,10:23:08,10:24:06,    58, 40.20, 36.70,  3.50
         0,     0, 9,10:24:15,10:24:20,     5, 36.70, 41.10, -4.40
  12199988,     0, 6,10:20:54,10:26:12,   318, 29.20, 29.20,  0.00
         0,     0, 6,10:26:20,10:26:31,    11, 29.20, 29.30, -0.10
  12448428,  6041, 4,10:29:41,10:30:57,    76, 43.40, 24.50, 18.90
         0,     0, 4,10:31:04,10:31:22,    18, 24.50, 43.30,-18.80
  13008816,     0, 9,10:31:02,10:32:22,    80, 41.10, 40.60,  0.50
  13323471,     0, 6,10:26:42,10:33:54,   432, 41.20, 41.40, -0.20
  13008816,     0, 9,10:32:48,10:34:39,   111, 38.80, 32.10,  6.70
         0,     0, 9,10:34:48,10:34:59,    11, 32.10, 41.10, -9.00
  12706738,  7147, 2,10:31:51,10:37:20,   329, 43.80, 26.60, 17.20
         0,     0, 2,10:37:27,10:37:44,    17, 26.60, 43.70,-17.10
  12706706,  7115, 5,10:41:13,10:41:27,    14, 40.70, 40.70,  0.00
  13323490,     0, 6,10:34:09,10:42:17,   488, 41.40, 34.20,  7.20
         0,     0, 6,10:42:25,10:42:31,     6, 34.20, 41.20, -7.00
  12706706,  7115, 5,10:41:41,10:43:01,    80, 40.70, 27.30, 13.40
  13008790,     0, 6,10:42:43,10:43:02,    19, 41.30, 41.40, -0.10
         0,     0, 5,10:43:09,10:43:21,    12, 27.30, 40.80,-13.50
  21292480,     0, 6,10:43:31,10:45:01,    90, 38.70, 32.90,  5.80
         0,     0, 6,10:45:09,10:45:16,     7, 32.90, 41.40, -8.50
  13008848,     0, 9,10:43:36,10:45:24,   108, 41.10, 41.10,  0.00
  13008905,  8146, 5,10:43:31,10:45:33,   122, 40.80, 28.40, 12.40
         0,     0, 5,10:45:41,10:45:53,    12, 28.40, 40.70,-12.30
  13008905,  8146, 5,10:46:28,10:46:48,    20, 40.70, 39.20,  1.50
         0,     0, 5,10:46:56,10:46:57,     1, 39.20, 40.80, -1.60
  13008848,     0,10,10:45:33,10:47:03,    90, 40.20, 40.20,  0.00
  13008827,     0, 6,10:45:33,10:48:22,   169, 41.40, 27.70, 13.70
  11953978,  4008, 1,10:44:27,10:48:27,   240, 41.20, 14.50, 26.70
         0,     0, 6,10:48:30,10:48:43,    13, 27.70, 27.80, -0.10
         0,     0, 1,10:48:35,10:49:01,    26, 14.50, 41.20,-26.70
  11724159,     0, 9,10:49:04,10:50:34,    90, 41.10, 35.90,  5.20
         0,     0, 9,10:50:42,10:50:48,     6, 35.90, 41.00, -5.10
  13008827,     0, 6,10:49:26,10:52:58,   212, 41.30, 19.60, 21.70
  12448432,  6045, 5,10:48:08,10:53:20,   312, 40.70, 33.40,  7.30
         0,     0, 6,10:53:06,10:53:29,    23, 19.60, 39.90,-20.30
         0,     0, 5,10:53:29,10:53:36,     7, 33.40, 40.80, -7.40
  11499202,     0,10,10:56:04,10:57:24,    80, 40.10, 36.50,  3.60
         0,     0,10,10:57:33,10:57:37,     4, 36.50, 41.20, -4.70
  12448483,  6096, 3,10:54:57,10:57:55,   178, 46.00, 21.50, 24.50
         0,     0, 3,10:58:04,10:58:25,    21, 21.50, 46.00,-24.50
  21268104,  6062, 1,10:56:09,10:58:37,   148, 41.30, 29.90, 11.40
         0,     0, 1,10:58:45,10:58:55,    10, 29.90, 41.20,-11.30
  11499202,     0,10,10:58:50,10:59:35,    45, 41.20, 37.70,  3.50
         0,     0,10,10:59:43,10:59:46,     3, 37.70, 41.10, -3.40
  11954014,  4044, 4,10:59:25,11:00:31,    66, 44.60, 23.40, 21.20
         0,     0, 4,11:00:38,11:00:58,    20, 23.40, 43.20,-19.80
  21268825,  6068, 2,11:01:06,11:01:11,     5, 43.70, 43.60,  0.10
  12448428,  6041, 5,11:00:34,11:01:28,    54, 40.70, 32.20,  8.50
         0,     0, 5,11:01:37,11:01:45,     8, 32.20, 32.30, -0.10
  12706669,  7078, 3,11:02:56,11:03:41,    45, 45.80, 37.00,  8.80
         0,     0, 3,11:03:49,11:03:56,     7, 37.00, 36.80,  0.20
  21268825,  6068, 2,11:01:37,11:04:12,   155, 43.50, 31.90, 11.60
         0,     0, 2,11:04:21,11:04:32,    11, 31.90, 43.80,-11.90
  12448434,     0, 7, 9:36:20,11:05:13,  5333, 41.10, 40.20,  0.90
  13008839,     0, 9,11:07:09,11:10:42,   213, 41.00, 35.10,  5.90
         0,     0, 9,11:10:50,11:10:57,     7, 35.10, 41.10, -6.00
  13008768,     0,10,11:11:10,11:12:35,    85, 41.10, 28.10, 13.00
         0,     0,10,11:12:43,11:12:56,    13, 28.10, 41.20,-13.10
  12706622,     0, 9,11:11:31,11:14:14,   163, 41.00, 40.80,  0.20
  11954014,  4044, 4,11:14:38,11:14:55,    17, 43.80, 41.40,  2.40
         0,     0, 4,11:15:03,11:15:04,     1, 41.40, 43.20, -1.80
  11954014,  4044, 4,11:15:36,11:15:49,    13, 43.30, 40.50,  2.80
         0,     0, 4,11:15:58,11:16:00,     2, 40.50, 43.20, -2.70
  12706734,  7143, 5,11:18:22,11:19:14,    52, 40.70, 39.00,  1.70
         0,     0, 5,11:19:21,11:19:22,     1, 39.00, 40.90, -1.90
  12448412,  6025, 3,11:17:04,11:20:00,   176, 45.80, 45.70,  0.10
  12706734,  7143, 5,11:19:43,11:21:38,   115, 40.90, 30.10, 10.80
         0,     0, 5,11:21:45,11:21:55,    10, 30.10, 40.80,-10.70
  12448456,     0, 8,11:20:16,11:22:04,   108, 41.10, 26.80, 14.30
  13008905,  8146, 1,11:20:45,11:22:22,    97, 41.20, 34.40,  6.80
         0,     0, 8,11:22:13,11:22:28,    15, 26.80, 40.90,-14.10
         0,     0, 1,11:22:30,11:22:36,     6, 34.40, 41.20, -6.80
  12448456,     0, 8,11:23:09,11:23:17,     8, 31.00, 31.00,  0.00
         0,     0, 8,11:23:24,11:23:34,    10, 31.00, 41.10,-10.10
  13008905,  8146, 1,11:23:02,11:23:55,    53, 41.20, 31.50,  9.70
         0,     0, 1,11:24:03,11:24:12,     9, 31.50, 41.20, -9.70
  12448473,  6086, 2,11:25:07,11:25:33,    26, 43.70, 43.10,  0.60
  12448473,  6086, 2,11:26:00,11:27:33,    93, 43.10, 26.90, 16.20
         0,     0, 2,11:27:41,11:27:58,    17, 26.90, 43.80,-16.90
  12448473,  6086, 1,11:27:43,11:28:04,    21, 41.20, 37.10,  4.10
         0,     0, 1,11:28:12,11:28:15,     3, 37.10, 41.20, -4.10
  21268104,  6062, 2,11:31:26,11:31:35,     9, 43.80, 43.80,  0.00
  21268104,  6062, 1,11:31:40,11:33:49,   129, 41.30, 29.50, 11.80
         0,     0, 1,11:33:56,11:34:07,    11, 29.50, 41.20,-11.70
  11499202,     0, 9,11:34:18,11:34:40,    22, 40.80, 40.20,  0.60
  12200046,  5100, 2,11:34:41,11:34:45,     4, 43.80, 43.80,  0.00
  11499202,     0, 9,11:34:55,11:35:55,    60, 40.20, 37.10,  3.10
         0,     0, 9,11:36:03,11:36:08,     5, 37.10, 41.10, -4.00
  12706622,     0,10,11:36:38,11:36:48,    10, 41.10, 41.10,  0.00
  12706622,     0, 9,11:36:57,11:38:22,    85, 41.10, 38.80,  2.30
         0,     0, 9,11:38:29,11:38:31,     2, 38.80, 41.10, -2.30
  13008826,     0,10,11:37:11,11:38:36,    85, 41.10, 26.60, 14.50
         0,     0,10,11:38:44,11:39:00,    16, 26.60, 41.20,-14.60
  12706622,     0, 9,11:39:09,11:40:16,    67, 41.10, 36.30,  4.80
         0,     0, 9,11:40:24,11:40:30,     6, 36.30, 41.10, -4.80
  11954050,     0, 8,11:40:35,11:40:41,     6, 41.10, 40.90,  0.20
  11954050,     0, 8,11:40:51,11:40:55,     4, 40.80, 40.50,  0.30
  11954050,     0, 8,11:41:07,11:41:12,     5, 40.50, 40.10,  0.40
  13008835,     0,10,11:41:31,11:43:00,    89, 41.20, 41.00,  0.20
  13008790,     0, 6,10:54:30,11:43:18,  2928, 21.70, 11.10, 10.60
         0,     0, 6,11:43:25,11:43:54,    29, 11.10, 41.40,-30.30
  21299280,  8145, 4,11:42:56,11:45:15,   139, 43.30, 34.10,  9.20
         0,     0, 4,11:45:23,11:45:32,     9, 34.10, 43.20, -9.10
  12200046,  5100, 1,11:44:16,11:45:40,    84, 41.20, 27.30, 13.90
         0,     0, 1,11:45:48,11:46:01,    13, 27.30, 41.20,-13.90
  13008835,     0, 9,11:43:12,11:46:43,   211, 41.10, 35.20,  5.90
         0,     0, 9,11:46:52,11:46:59,     7, 35.20, 40.80, -5.60
  11724181,     0, 6,11:45:10,11:47:04,   114, 37.90, 14.20, 23.70
  13008835,     0, 9,11:47:26,11:47:29,     3, 39.30, 39.30,  0.00
         0,     0, 9,11:47:36,11:47:37,     1, 39.30, 41.00, -1.70
         0,     0, 6,11:47:12,11:47:38,    26, 14.20, 18.70, -4.50
  13008732,  7153, 2,11:40:52,11:47:53,   421, 43.70, 24.10, 19.60
         0,     0, 2,11:48:01,11:48:20,    19, 24.10, 43.80,-19.70
  11954050,     0, 8,11:49:23,11:49:55,    32, 40.10, 38.20,  1.90
         0,     0, 8,11:50:03,11:50:06,     3, 38.20, 40.60, -2.40
  11954050,     0, 8,11:50:16,11:50:22,     6, 40.50, 39.30,  1.20
         0,     0, 8,11:50:30,11:50:31,     1, 39.30, 41.00, -1.70
  11954003,     0, 6,11:48:39,11:50:36,   117, 41.50, 33.00,  8.50
  13008801,     0, 7,11:19:09,11:50:41,  1892, 25.20, 10.30, 14.90
         0,     0, 6,11:50:43,11:50:52,     9, 33.00, 40.70, -7.70
         0,     0, 7,11:50:49,11:51:08,    19, 10.30, 41.60,-31.30
  11954050,     0, 8,11:52:18,11:52:58,    40, 40.90, 38.60,  2.30
         0,     0, 8,11:53:07,11:53:09,     2, 38.60, 41.10, -2.50
  12706667,     0, 6,11:51:49,11:53:47,   118, 28.20, 24.00,  4.20
         0,     0, 6,11:53:55,11:54:10,    15, 24.00, 41.10,-17.10
  12706734,  7143, 2,11:56:49,11:56:55,     6, 43.80, 43.80,  0.00
  11954014,  4044, 4,12:01:23,12:02:30,    67, 43.30, 31.40, 11.90
         0,     0, 4,12:02:39,12:02:50,    11, 31.40, 43.60,-12.20
  11954003,     0, 6,11:55:03,12:03:39,   516, 29.90, 21.70,  8.20
         0,     0, 6,12:03:47,12:04:05,    18, 21.70, 41.40,-19.70
  12448404,  6017, 1,12:03:12,12:04:18,    66, 41.30, 40.70,  0.60
  12448404,  6017, 2,12:04:47,12:04:50,     3, 43.70, 43.70,  0.00
  13323352,  8154, 5,12:03:28,12:06:00,   152, 40.80, 32.80,  8.00
         0,     0, 5,12:06:08,12:06:15,     7, 32.80, 40.70, -7.90
  12200060,     0, 8,12:07:43,12:08:41,    58, 41.10, 37.20,  3.90
         0,     0, 8,12:08:50,12:08:53,     3, 37.20, 41.10, -3.90
  12448483,  6096, 1,12:08:52,12:11:12,   140, 40.70, 17.30, 23.40
         0,     0, 1,12:11:20,12:11:42,    22, 17.30, 41.30,-24.00
  12448442,  6055, 9,12:14:29,12:14:57,    28, 39.70, 38.00,  1.70
         0,     0, 9,12:15:05,12:15:08,     3, 38.00, 41.10, -3.10
  12448404,  6017, 4,12:14:10,12:16:05,   115, 43.30, 22.30, 21.00
  11724181,     0, 6,12:05:25,12:16:15,   650, 41.00, 17.20, 23.80
         0,     0, 4,12:16:13,12:16:33,    20, 22.30, 43.10,-20.80
         0,     0, 6,12:16:23,12:16:46,    23, 17.20, 40.30,-23.10
  11953978,  4008, 1,12:15:53,12:16:55,    62, 41.30, 30.00, 11.30
         0,     0, 1,12:17:04,12:17:14,    10, 30.00, 41.20,-11.20
  12706734,  7143, 2,12:17:23,12:19:15,   112, 43.60, 36.30,  7.30
         0,     0, 2,12:19:23,12:19:29,     6, 36.30, 43.80, -7.50
  12199987,     0,10,12:19:55,12:20:57,    62, 40.90, 40.20,  0.70
  21268104,  6062, 3,12:20:14,12:21:51,    97, 45.40, 33.20, 12.20
  13008790,     0, 6,12:17:50,12:21:58,   248, 26.20, 26.10,  0.10
  11954050,     0, 8,12:21:37,12:22:05,    28, 41.10, 40.00,  1.10
  13323352,  8154, 1,12:19:44,12:22:04,   140, 41.20, 36.00,  5.20
         0,     0, 3,12:21:59,12:22:09,    10, 33.20, 46.00,-12.80
         0,     0, 1,12:22:13,12:22:17,     4, 36.00, 41.10, -5.10
         0,     0, 6,12:22:06,12:22:21,    15, 26.10, 26.10,  0.00
  11954050,     0, 8,12:23:28,12:23:30,     2, 24.80, 24.90, -0.10
         0,     0, 8,12:23:38,12:23:55,    17, 24.90, 41.00,-16.10
  12199987,     0,10,12:23:27,12:24:01,    34, 30.90, 28.80,  2.10
  13008858,     0, 9,12:21:20,12:24:01,   161, 41.10, 31.60,  9.50
         0,     0, 9,12:24:09,12:24:22,    13, 31.60, 41.00, -9.40
         0,     0,10,12:24:08,12:24:22,    14, 28.80, 41.10,-12.30
  21299280,  8145, 5,12:28:58,12:30:13,    75, 40.70, 32.30,  8.40
         0,     0, 5,12:30:21,12:30:29,     8, 32.30, 40.70, -8.40
  12200060,     0, 8,12:30:17,12:30:58,    41, 39.90, 35.90,  4.00
         0,     0, 8,12:31:06,12:31:12,     6, 35.90, 41.10, -5.20
  21299280,  8145, 5,12:31:03,12:31:32,    29, 40.80, 37.00,  3.80
         0,     0, 5,12:31:40,12:31:43,     3, 37.00, 40.80, -3.80
  12200060,     0, 8,12:32:09,12:32:31,    22, 41.10, 36.00,  5.10
         0,     0, 8,12:32:39,12:32:44,     5, 36.00, 41.10, -5.10
  12706700,  7109, 1,12:32:37,12:34:07,    90, 41.20, 21.80, 19.40
  13008732,  7153, 2,12:31:02,12:34:14,   192, 43.80, 42.90,  0.90
         0,     0, 1,12:34:16,12:34:34,    18, 21.80, 41.20,-19.40
  12706651,  7060, 3,12:33:51,12:35:17,    86, 45.90, 35.10, 10.80
         0,     0, 3,12:35:24,12:35:32,     8, 35.10, 35.00,  0.10
  12706651,  7060, 3,12:36:06,12:37:36,    90, 45.90, 38.10,  7.80
         0,     0, 3,12:37:43,12:37:49,     6, 38.10, 37.90,  0.20
  12448479,  6092, 2,12:38:56,12:38:59,     3, 42.90, 42.80,  0.10
  21292347,  5120, 5,12:35:53,12:39:01,   188, 40.80, 31.00,  9.80
         0,     0, 5,12:39:09,12:39:18,     9, 31.00, 40.80, -9.80
  13323490,     0, 6,12:27:55,12:39:20,   685, 41.50, 34.40,  7.10
         0,     0, 6,12:39:27,12:39:33,     6, 34.40, 40.40, -6.00
  13323461,     0, 6,12:39:44,12:42:07,   143, 39.10, 20.20, 18.90
  12448479,  6092, 1,12:39:08,12:42:17,   189, 41.20, 19.60, 21.60
         0,     0, 6,12:42:14,12:42:35,    21, 20.20, 41.40,-21.20
         0,     0, 1,12:42:25,12:42:46,    21, 19.60, 41.20,-21.60
  21268162,  6046, 1,12:42:56,12:43:22,    26, 41.20, 39.40,  1.80
         0,     0, 1,12:43:31,12:43:32,     1, 39.40, 41.20, -1.80
  13008848,     0,10,12:41:07,12:45:04,   237, 41.10, 27.30, 13.80
         0,     0,10,12:45:13,12:45:27,    14, 27.30, 41.20,-13.90
  21268162,  6046, 1,12:43:44,12:45:43,   119, 41.20, 25.10, 16.10
  12706707,  7116, 2,12:44:55,12:45:44,    49, 42.90, 38.60,  4.30
  11953996,  4026, 4,12:44:51,12:45:51,    60, 43.60, 43.80, -0.20
         0,     0, 2,12:45:53,12:45:57,     4, 38.60, 43.80, -5.20
         0,     0, 1,12:45:50,12:46:05,    15, 25.10, 41.20,-16.10
  12706707,  7116, 2,12:46:07,12:46:59,    52, 43.80, 34.30,  9.50
         0,     0, 2,12:47:08,12:47:17,     9, 34.30, 43.80, -9.50
  11953996,  4026, 4,12:46:42,12:48:34,   112, 43.10, 20.70, 22.40
  12200046,  5100, 3,12:48:23,12:48:37,    14, 45.80, 45.60,  0.20
         0,     0, 4,12:48:43,12:49:05,    22, 20.70, 43.30,-22.60
  12706636,  7045, 1,12:47:09,12:49:55,   166, 41.20, 27.10, 14.10
  12200046,  5100, 3,12:49:20,12:50:09,    49, 45.40, 33.80, 11.60
         0,     0, 1,12:50:03,12:50:16,    13, 27.10, 41.20,-14.10
         0,     0, 3,12:50:16,12:50:26,    10, 33.80, 33.70,  0.10
  21292347,  5120, 4,12:51:24,12:53:57,   153, 44.70, 31.00, 13.70
         0,     0, 4,12:54:04,12:54:16,    12, 31.00, 43.10,-12.10
  12448442,  6055, 9,12:54:13,12:54:30,    17, 41.00, 38.50,  2.50
         0,     0, 9,12:54:39,12:54:42,     3, 38.50, 41.00, -2.50
  12448442,  6055, 9,12:54:57,12:55:16,    19, 41.10, 37.00,  4.10
         0,     0, 9,12:55:25,12:55:30,     5, 37.00, 41.10, -4.10
  12448442,  6055, 9,12:56:03,12:56:14,    11, 41.10, 38.80,  2.30
         0,     0, 9,12:56:22,12:56:24,     2, 38.80, 41.10, -2.30
  12706729,  7138, 3,12:54:36,12:57:36,   180, 46.00, 25.10, 20.90
         0,     0, 3,12:57:43,12:58:01,    18, 25.10, 25.00,  0.10
  13008866,     0,10,13:03:11,13:03:36,    25, 41.00, 40.00,  1.00
         0,     0,10,13:03:44,13:03:44,     0, 40.00, 40.20, -0.20
  12200013,     0, 8,13:04:25,13:04:27,     2, 41.10, 41.00,  0.10
  13008801,     0, 7,11:53:13,13:04:44,  4291, 41.60,  8.90, 32.70
  12200013,     0, 8,13:04:59,13:05:02,     3, 41.00, 40.90,  0.10
         0,     0, 7,13:04:52,13:05:11,    19,  8.90, 41.30,-32.40
  12200013,     0, 8,13:05:23,13:05:27,     4, 40.60, 40.50,  0.10
  12200013,     0, 8,13:05:37,13:05:45,     8, 40.50, 40.40,  0.10
  13323462,     0,10,13:05:57,13:06:00,     3, 40.20, 40.20,  0.00
  13323462,     0, 9,13:06:04,13:06:07,     3, 41.10, 41.10,  0.00
  13323462,     0, 9,13:06:31,13:06:31,     0, 40.30, 40.40, -0.10
  12200060,     0, 8,13:06:09,13:06:32,    23, 40.40, 40.40,  0.00
  13323462,     0, 9,13:06:43,13:07:10,    27, 40.40, 38.60,  1.80
         0,     0, 9,13:07:19,13:07:22,     3, 38.60, 41.10, -2.50
  13323462,     0, 9,13:07:53,13:07:55,     2, 39.40, 39.40,  0.00
         0,     0, 9,13:08:03,13:08:04,     1, 39.40, 41.10, -1.70
  12200060,     0, 8,13:09:00,13:09:13,    13, 31.60, 31.60,  0.00
         0,     0, 8,13:09:21,13:09:30,     9, 31.60, 41.10, -9.50
  12706707,  7116, 3,13:09:47,13:09:58,    11, 46.10, 45.90,  0.20
  12200060,     0, 8,13:10:02,13:10:19,    17, 41.10, 38.90,  2.20
         0,     0, 8,13:10:26,13:10:28,     2, 38.90, 41.10, -2.20
  12706707,  7116, 4,13:10:32,13:11:28,    56, 43.60, 35.00,  8.60
         0,     0, 4,13:11:36,13:11:44,     8, 35.00, 43.20, -8.20
  13008798,     0,10,13:15:05,13:16:18,    73, 38.00, 29.40,  8.60
  12200048,     0, 6,12:51:36,13:16:25,  1489, 41.50, 32.10,  9.40
         0,     0,10,13:16:25,13:16:37,    12, 29.40, 41.10,-11.70
         0,     0, 6,13:16:32,13:16:40,     8, 32.10, 32.30, -0.20
  12706609,  7018, 6,13:16:59,13:17:53,    54, 40.20, 40.10,  0.10
  12200013,     0, 7,13:05:51,13:21:39,   948, 41.40,  7.20, 34.20
         0,     0, 7,13:21:47,13:22:07,    20,  7.20, 41.30,-34.10
  12448434,     0, 8,13:21:53,13:22:12,    19, 41.10, 41.10,  0.00
  13008816,     0, 9,13:19:58,13:22:31,   153, 41.00, 40.10,  0.90
  13008816,     0, 9,13:23:04,13:23:11,     7, 36.00, 36.00,  0.00
  13323406,     0,10,13:23:10,13:23:11,     1, 40.60, 40.70, -0.10
         0,     0, 9,13:23:19,13:23:25,     6, 36.00, 41.10, -5.10
  12706646,     0, 6,13:18:02,13:23:38,   336, 40.10, 21.60, 18.50
         0,     0, 6,13:23:46,13:24:05,    19, 21.60, 21.60,  0.00
  12448434,     0, 8,13:22:38,13:24:27,   109, 40.40, 33.90,  6.50
         0,     0, 8,13:24:36,13:24:43,     7, 33.90, 41.10, -7.20
  13323406,     0,10,13:25:52,13:26:18,    26, 40.60, 35.70,  4.90
         0,     0,10,13:26:25,13:26:30,     5, 35.70, 41.10, -5.40
  13323406,     0,10,13:26:41,13:26:42,     1, 39.70, 39.80, -0.10
         0,     0,10,13:26:51,13:26:51,     0, 39.80, 41.10, -1.30
  13008842,  8083, 2,13:26:18,13:27:18,    60, 43.50, 43.00,  0.50
  12706701,  7110, 3,13:24:54,13:27:57,   183, 46.00, 33.60, 12.40
  12706609,  7018, 6,13:24:22,13:28:07,   225, 38.80, 38.70,  0.10
         0,     0, 3,13:28:04,13:28:14,    10, 33.60, 33.40,  0.20
         0,     0, 6,13:28:14,13:28:16,     2, 38.70, 41.40, -2.70
  12706616,  7025, 4,13:28:50,13:31:08,   138, 43.40, 24.70, 18.70
         0,     0, 4,13:31:16,13:31:34,    18, 24.70, 43.20,-18.50
  13323406,     0, 9,13:33:03,13:33:05,     2, 40.80, 40.80,  0.00
  13323462,     0, 9,13:33:17,13:33:19,     2, 40.80, 40.80,  0.00
  12448448,  6061, 3,13:37:30,13:38:07,    37, 45.90, 46.00, -0.10
  13008842,  8083, 2,13:33:56,13:38:15,   259, 43.00, 24.70, 18.30
         0,     0, 2,13:38:22,13:38:41,    19, 24.70, 43.80,-19.10
  11954050,     0, 6,13:28:34,13:39:07,   633, 40.90, 27.50, 13.40
  12706705,  7114, 2,13:38:51,13:39:13,    22, 43.90, 43.80,  0.10
         0,     0, 6,13:39:14,13:39:27,    13, 27.50, 27.60, -0.10
  11953996,  4026, 3,13:38:23,13:39:32,    69, 46.30, 45.60,  0.70
  12448448,  6061, 4,13:39:13,13:39:35,    22, 43.90, 44.10, -0.20
  12448448,  6061, 3,13:39:51,13:39:58,     7, 45.50, 45.50,  0.00
  12706705,  7114, 2,13:39:28,13:40:06,    38, 43.90, 43.70,  0.20
  12706706,  7115, 2,13:40:15,13:42:13,   118, 43.80, 27.00, 16.80
  11953996,  4026, 3,13:40:48,13:42:29,   101, 45.60, 27.30, 18.30
         0,     0, 2,13:42:22,13:42:38,    16, 27.00, 43.80,-16.80
         0,     0, 3,13:42:37,13:42:53,    16, 27.30, 27.30,  0.00
  12706705,  7114, 1,13:40:09,13:43:35,   206, 41.20, 14.00, 27.20
         0,     0, 1,13:43:43,13:44:09,    26, 14.00, 41.30,-27.30
  12448448,  6061, 4,13:40:05,13:44:19,   254, 43.90, 37.80,  6.10
         0,     0, 4,13:44:27,13:44:32,     5, 37.80, 43.20, -5.40
  13008858,     0,10,13:43:20,13:44:59,    99, 40.80, 31.60,  9.20
         0,     0,10,13:45:08,13:45:18,    10, 31.60, 41.10, -9.50
  12448429,     0, 6,13:40:42,13:46:22,   340, 26.20, 26.20,  0.00
         0,     0, 6,13:46:30,13:46:44,    14, 26.20, 26.30, -0.10
  12448448,  6061, 4,13:44:52,13:46:55,   123, 43.60, 27.10, 16.50
         0,     0, 4,13:47:03,13:47:19,    16, 27.10, 43.30,-16.20
  12448474,  6087, 3,13:44:37,13:47:24,   167, 46.10, 23.10, 23.00
         0,     0, 3,13:47:31,13:47:50,    19, 23.10, 46.10,-23.00
  13323462,     0, 9,13:51:26,13:53:21,   115, 36.40, 34.20,  2.20
         0,     0, 9,13:53:29,13:53:38,     9, 34.20, 41.00, -6.80
  12448434,     0, 8,13:54:03,13:54:33,    30, 40.50, 39.10,  1.40
         0,     0, 8,13:54:41,13:54:42,     1, 39.10, 41.10, -2.00
  21292347,  5120, 3,13:53:00,13:55:22,   142, 45.80, 36.00,  9.80
         0,     0, 3,13:55:30,13:55:38,     8, 36.00, 46.40,-10.40
  13323456,     0, 6,13:46:54,13:56:31,   577, 41.40, 26.30, 15.10
         0,     0, 6,13:56:39,13:56:53,    14, 26.30, 41.40,-15.10
  13323406,     0, 9,13:56:06,13:56:55,    49, 41.00, 36.70,  4.30
         0,     0, 9,13:57:04,13:57:09,     5, 36.70, 41.10, -4.40
  13323388,  9010, 4,13:56:39,13:59:28,   169, 43.60, 27.90, 15.70
         0,     0, 4,13:59:36,13:59:51,    15, 27.90, 43.20,-15.30
  13323390,  9012, 1,14:01:45,14:02:09,    24, 41.30, 41.30,  0.00
         0,     0, 1,14:02:33,14:02:43,    10, 41.30, 41.30,  0.00
         0,     0, 2,14:02:33,14:02:43,    10, 43.70, 43.70,  0.00
         0,     0, 3,14:03:08,14:03:18,    10, 46.00, 46.00,  0.00
         0,     0, 4,14:03:08,14:03:18,    10, 44.10, 44.10,  0.00
  12448416,  6029, 5,14:05:02,14:05:13,    11, 40.50, 40.60, -0.10
  12199988,     0, 6,13:57:08,14:06:18,   550, 41.10, 34.20,  6.90
         0,     0, 6,14:06:26,14:06:32,     6, 34.20, 41.00, -6.80
  13008768,     0,10,14:06:08,14:07:51,   103, 41.10, 31.70,  9.40
         0,     0,10,14:07:58,14:08:08,    10, 31.70, 41.20, -9.50
  13323461,     0, 6,14:06:42,14:08:13,    91, 41.10, 37.30,  3.80
         0,     0, 6,14:08:21,14:08:24,     3, 37.30, 41.50, -4.20
         0,     0, 1,14:09:38,14:09:48,    10, 41.30, 41.30,  0.00
         0,     0, 2,14:09:39,14:09:49,    10, 43.70, 43.70,  0.00
  12706729,  7138, 1,14:09:39,14:11:14,    95, 41.30, 27.60, 13.70
         0,     0, 1,14:11:22,14:11:34,    12, 27.60, 41.20,-13.60
  12448416,  6029, 5,14:08:48,14:11:40,   172, 40.70, 19.10, 21.60
         0,     0, 5,14:11:48,14:12:08,    20, 19.10, 40.70,-21.60
  12200048,     0, 6,14:08:41,14:12:46,   245, 41.40, 17.70, 23.70
         0,     0, 3,14:13:12,14:13:22,    10, 46.00, 46.00,  0.00
         0,     0, 4,14:13:13,14:13:23,    10, 44.00, 44.00,  0.00
  12706707,  7116, 5,14:12:22,14:13:11,    49, 40.80, 32.70,  8.10
         0,     0, 6,14:12:54,14:13:18,    24, 17.70, 41.50,-23.80
         0,     0, 5,14:13:19,14:13:26,     7, 32.70, 40.70, -8.00
  12706622,     0, 9,14:10:55,14:13:24,   149, 41.10, 35.50,  5.60
         0,     0, 9,14:13:32,14:13:39,     7, 35.50, 41.00, -5.50
  12706622,     0,10,14:13:29,14:13:44,    15, 41.20, 41.20,  0.00
  12706707,  7116, 5,14:14:48,14:15:10,    22, 40.70, 37.40,  3.30
         0,     0, 5,14:15:17,14:15:20,     3, 37.40, 40.80, -3.40
  12706622,     0, 9,14:13:50,14:15:35,   105, 41.10, 38.00,  3.10
         0,     0, 9,14:15:43,14:15:46,     3, 38.00, 41.00, -3.00
  12448416,  6029, 4,14:14:47,14:16:35,   108, 44.20, 34.60,  9.60
         0,     0, 4,14:16:43,14:16:51,     8, 34.60, 43.20, -8.60
  12706701,  7110, 5,14:15:30,14:18:48,   198, 40.80, 26.90, 13.90
         0,     0, 5,14:18:56,14:19:09,    13, 26.90, 40.70,-13.80
  11954050,     0, 8,14:18:39,14:19:20,    41, 37.70, 35.90,  1.80
         0,     0, 8,14:19:27,14:19:32,     5, 35.90, 40.90, -5.00
  11954050,     0, 8,14:19:43,14:20:07,    24, 40.30, 38.70,  1.60
         0,     0, 8,14:20:14,14:20:16,     2, 38.70, 41.10, -2.40
  12706730,  7139, 1,14:24:10,14:24:39,    29, 41.20, 41.20,  0.00
  12706730,  7139, 2,14:24:49,14:26:56,   127, 43.40, 24.00, 19.40
         0,     0, 2,14:27:04,14:27:24,    20, 24.00, 43.80,-19.80
  12199988,     0, 6,14:22:10,14:28:12,   362, 41.50, 36.10,  5.40
         0,     0, 6,14:28:20,14:28:24,     4, 36.10, 36.20, -0.10
  12706642,  7051, 9,14:36:40,14:38:04,    84, 41.10, 36.10,  5.00
         0,     0, 9,14:38:11,14:38:17,     6, 36.10, 41.10, -5.00
  13008732,  7153, 5,14:33:49,14:38:36,   287, 40.60, 24.30, 16.30
         0,     0, 5,14:38:44,14:38:59,    15, 24.30, 40.70,-16.40
  12706622,     0,10,14:41:27,14:42:10,    43, 41.20, 40.90,  0.30
  12706622,     0, 9,14:42:15,14:42:40,    25, 41.10, 40.40,  0.70
  13323471,     0, 6,14:28:34,14:42:55,   861, 39.50, 24.90, 14.60
         0,     0, 6,14:43:03,14:43:19,    16, 24.90, 25.00, -0.10
  12448412,  6025, 4,14:43:30,14:43:36,     6, 43.40, 43.50, -0.10
  11724159,     0, 9,14:43:27,14:44:29,    62, 40.40, 31.60,  8.80
  12706714,  7123, 5,14:41:41,14:44:37,   176, 40.80, 19.30, 21.50
         0,     0, 9,14:44:38,14:44:50,    12, 31.60, 41.10, -9.50
         0,     0, 5,14:44:45,14:45:05,    20, 19.30, 19.40, -0.10
  13008866,     0,10,14:47:52,14:47:53,     1, 40.30, 40.40, -0.10
  13008866,     0,10,14:48:05,14:49:08,    63, 40.40, 26.10, 14.30
         0,     0,10,14:49:16,14:49:32,    16, 26.10, 41.10,-15.00
  12200064,  5118, 2,14:51:11,14:53:10,   119, 43.70, 43.10,  0.60
  12706714,  7123, 2,14:53:27,14:53:32,     5, 43.10, 43.00,  0.10
  12448412,  6025, 1,14:47:03,14:54:14,   431, 41.20,  7.60, 33.60
         0,     0, 1,14:54:22,14:54:54,    32,  7.60, 41.30,-33.70
  12200013,     0, 6,14:43:34,14:56:01,   747, 41.30, 38.90,  2.40
         0,     0, 6,14:56:09,14:56:10,     1, 38.90, 41.40, -2.50
  12200064,  5118, 2,14:53:42,14:56:58,   196, 43.00, 16.80, 26.20
         0,     0, 2,14:57:06,14:57:33,    27, 16.80, 43.80,-27.00
  21268825,  6068, 5,14:58:39,15:01:58,   199, 40.70, 31.20,  9.50
  12706642,  7051,10,15:00:03,15:02:00,   117, 41.10, 29.50, 11.60
         0,     0, 5,15:02:05,15:02:14,     9, 31.20, 40.70, -9.50
         0,     0,10,15:02:08,15:02:20,    12, 29.50, 41.20,-11.70
  12448429,     0, 6,14:57:10,15:02:24,   314, 27.90, 28.00, -0.10
  12706639,  7048, 4,15:00:52,15:02:40,   108, 43.50, 43.30,  0.20
         0,     0, 6,15:02:32,15:02:45,    13, 28.00, 41.00,-13.00
  12706639,  7048, 3,15:03:21,15:04:17,    56, 46.10, 34.40, 11.70
         0,     0, 3,15:04:25,15:04:34,     9, 34.40, 34.30,  0.10
  12706622,     0, 9,15:04:12,15:04:47,    35, 41.10, 41.00,  0.10
  12706622,     0,10,15:04:52,15:05:16,    24, 41.20, 41.00,  0.20
  12200010,  5064, 5,15:07:00,15:07:37,    37, 40.70, 40.60,  0.10
  21268162,  6046, 5,15:08:03,15:08:12,     9, 40.60, 40.60,  0.00
  11499202,     0, 9,15:06:49,15:08:40,   111, 41.00, 37.30,  3.70
         0,     0, 9,15:08:47,15:08:51,     4, 37.30, 40.50, -3.20
  12200010,  5064, 5,15:10:05,15:10:22,    17, 40.50, 40.40,  0.10
  12448471,     0, 6,15:06:14,15:10:59,   285, 34.80, 22.00, 12.80
         0,     0, 6,15:11:06,15:11:24,    18, 22.00, 41.50,-19.50
  13008835,     0,10,15:18:28,15:18:33,     5, 41.00, 40.90,  0.10
  11724181,     0, 6,15:13:50,15:19:33,   343, 29.30, 29.20,  0.10
         0,     0, 6,15:19:40,15:19:51,    11, 29.20, 40.90,-11.70
  13008835,     0,10,15:23:01,15:23:02,     1, 40.80, 40.80,  0.00
  21292480,     0, 6,15:20:45,15:23:45,   180, 31.00, 27.00,  4.00
         0,     0, 6,15:23:53,15:24:06,    13, 27.00, 27.10, -0.10
  12706609,  7018, 6,15:25:25,15:26:12,    47, 39.50, 39.50,  0.00
         0,     0, 6,15:26:20,15:26:21,     1, 39.50, 41.40, -1.90
  11499202,     0,10,15:28:39,15:28:47,     8, 40.80, 40.80,  0.00
  11499202,     0, 9,15:30:14,15:30:35,    21, 40.00, 39.30,  0.70
         0,     0, 9,15:30:43,15:30:45,     2, 39.30, 41.10, -1.80
  11499202,     0, 9,15:30:58,15:31:31,    33, 41.10, 40.00,  1.10
         0,     0, 9,15:31:39,15:31:39,     0, 40.00, 40.90, -0.90
  13008768,     0, 9,15:38:39,15:38:40,     1, 40.80, 40.80,  0.00
  12706738,  7147, 2,15:37:30,15:39:41,   131, 43.60, 25.40, 18.20
         0,     0, 2,15:39:49,15:40:07,    18, 25.40, 43.90,-18.50
  13008768,     0,10,15:38:53,15:40:25,    92, 40.60, 31.10,  9.50
         0,     0,10,15:40:34,15:40:44,    10, 31.10, 41.10,-10.00
  12706645,     0, 6,15:27:24,15:42:20,   896, 23.00, 22.70,  0.30
  12706642,  7051,10,15:40:58,15:42:38,   100, 41.10, 34.40,  6.70
         0,     0, 6,15:42:27,15:42:45,    18, 22.70, 41.50,-18.80
         0,     0,10,15:42:46,15:42:52,     6, 34.40, 41.10, -6.70
  21268104,  6062, 1,15:47:45,15:49:20,    95, 41.30, 28.90, 12.40
         0,     0, 1,15:49:28,15:49:39,    11, 28.90, 41.20,-12.30
  13008827,     0, 6,15:42:57,15:51:50,   533, 41.30, 24.70, 16.60
  13323390,  9012, 5,15:49:12,15:52:08,   176, 40.40, 22.00, 18.40
         0,     0, 6,15:51:57,15:52:13,    16, 24.70, 41.60,-16.90
  11953978,  4008, 2,15:50:49,15:52:12,    83, 43.90, 31.70, 12.20
         0,     0, 2,15:52:21,15:52:34,    13, 31.70, 43.70,-12.00
         0,     0, 5,15:52:15,15:52:34,    19, 22.00, 40.60,-18.60
  12706727,  7136, 2,15:52:44,15:54:51,   127, 43.80, 31.00, 12.80
         0,     0, 2,15:54:59,15:55:11,    12, 31.00, 43.90,-12.90
  12448432,  6045, 1,15:52:23,15:55:12,   169, 41.20, 21.00, 20.20
         0,     0, 1,15:55:19,15:55:38,    19, 21.00, 41.10,-20.10
  12448456,     0, 8,15:54:05,15:56:39,   154, 37.10, 16.20, 20.90
         0,     0, 8,15:56:48,15:57:14,    26, 16.20, 41.10,-24.90
  12706616,  7025, 2,15:59:48,16:01:32,   104, 43.90, 30.40, 13.50
         0,     0, 2,16:01:40,16:01:53,    13, 30.40, 43.80,-13.40
  12706707,  7116, 4,16:01:00,16:02:10,    70, 43.40, 34.10,  9.30
         0,     0, 4,16:02:17,16:02:25,     8, 34.10, 43.10, -9.00
  12706669,  7078, 3,16:03:47,16:04:44,    57, 46.30, 26.50, 19.80
         0,     0, 3,16:04:52,16:05:08,    16, 26.50, 26.30,  0.20
  12448451,  6064, 2,16:05:26,16:06:36,    70, 43.70, 43.50,  0.20
  12706729,  7138, 3,16:06:49,16:06:54,     5, 46.30, 45.90,  0.40
  12706636,  7045, 3,16:07:06,16:07:11,     5, 46.20, 46.10,  0.10
  12448451,  6064, 1,16:06:47,16:07:26,    39, 41.20, 40.70,  0.50
  12706636,  7045, 3,16:08:07,16:08:56,    49, 45.90, 46.20, -0.30
  12448428,  6041, 1,16:08:05,16:09:21,    76, 40.70, 26.70, 14.00
         0,     0, 1,16:09:29,16:09:42,    13, 26.70, 41.20,-14.50
  12448451,  6064, 2,16:07:32,16:10:06,   154, 43.70, 20.50, 23.20
         0,     0, 2,16:10:14,16:10:37,    23, 20.50, 43.70,-23.20
  21268162,  6046, 5,16:10:18,16:10:42,    24, 40.60, 38.00,  2.60
         0,     0, 5,16:10:49,16:10:51,     2, 38.00, 40.90, -2.90
  12706727,  7136, 1,16:10:12,16:11:08,    56, 41.20, 31.60,  9.60
         0,     0, 1,16:11:16,16:11:25,     9, 31.60, 41.20, -9.60
  12706655,  7064, 4,16:09:26,16:12:00,   154, 43.30, 23.90, 19.40
  21268162,  6046, 5,16:11:02,16:12:23,    81, 40.90, 26.30, 14.60
         0,     0, 4,16:12:09,16:12:28,    19, 23.90, 43.30,-19.40
         0,     0, 5,16:12:31,16:12:45,    14, 26.30, 40.80,-14.50
  13008835,     0,10,16:11:08,16:12:45,    97, 41.10, 40.50,  0.60
  12448404,  6017, 3,16:11:20,16:13:09,   109, 46.20, 25.10, 21.10
         0,     0, 3,16:13:16,16:13:33,    17, 25.10, 25.00,  0.10
  12199987,     0,10,16:13:18,16:15:39,   141, 40.20, 33.40,  6.80
         0,     0,10,16:15:48,16:15:56,     8, 33.40, 41.20, -7.80
  12706738,  7147, 2,16:16:29,16:18:07,    98, 43.90, 32.90, 11.00
         0,     0, 2,16:18:16,16:18:26,    10, 32.90, 43.80,-10.90
  13323352,  8154, 5,16:16:55,16:18:40,   105, 40.70, 34.10,  6.60
  21268104,  6062, 1,16:18:18,16:18:50,    32, 41.20, 40.30,  0.90
         0,     0, 5,16:18:47,16:18:53,     6, 34.10, 40.70, -6.60
  21268104,  6062, 2,16:18:55,16:19:01,     6, 44.00, 43.60,  0.40
  12706651,  7060, 4,16:18:38,16:20:32,   114, 44.00, 27.40, 16.60
  12706729,  7138, 3,16:20:29,16:20:39,    10, 46.00, 44.40,  1.60
         0,     0, 4,16:20:40,16:20:55,    15, 27.40, 43.30,-15.90
  21268104,  6062, 1,16:19:25,16:20:54,    89, 40.30, 25.20, 15.10
  12706636,  7045, 2,16:19:44,16:20:56,    72, 43.80, 34.40,  9.40
         0,     0, 2,16:21:03,16:21:12,     9, 34.40, 43.90, -9.50
         0,     0, 1,16:21:03,16:21:19,    16, 25.20, 41.20,-16.00
  21299280,  8145, 3,16:20:51,16:22:16,    85, 44.90, 38.40,  6.50
         0,     0, 3,16:22:24,16:22:30,     6, 38.40, 38.40,  0.00
  13008835,     0,10,16:23:04,16:23:10,     6, 41.20, 41.20,  0.00
  13008732,  7153, 2,16:23:15,16:24:12,    57, 43.80, 43.90, -0.10
  12706719,  7128, 1,16:24:06,16:24:38,    32, 41.30, 39.70,  1.60
         0,     0, 1,16:24:45,16:24:45,     0, 39.70, 41.20, -1.50
  21299280,  8145, 3,16:23:50,16:24:55,    65, 45.90, 35.90, 10.00
  13008742,  7163, 2,16:24:54,16:25:02,     8, 43.90, 43.90,  0.00
         0,     0, 3,16:25:03,16:25:11,     8, 35.90, 46.20,-10.30
  13008835,     0,10,16:26:14,16:26:19,     5, 41.20, 41.10,  0.10
  12448473,  6086, 2,16:27:23,16:29:24,   121, 43.80, 27.00, 16.80
         0,     0, 2,16:29:32,16:29:51,    19, 27.00, 43.70,-16.70
  12706729,  7138, 3,16:28:48,16:29:54,    66, 46.20, 36.60,  9.60
  13008826,     0,10,16:28:37,16:29:54,    77, 41.10, 29.10, 12.00
         0,     0, 3,16:30:02,16:30:10,     8, 36.60, 36.60,  0.00
         0,     0,10,16:30:03,16:30:18,    15, 29.10, 41.10,-12.00
  13008732,  7153, 2,16:30:06,16:30:15,     9, 43.90, 43.80,  0.10
  13008742,  7163, 1,16:25:05,16:30:43,   338, 41.20, 14.60, 26.60
  12706719,  7128, 5,16:28:23,16:30:46,   143, 40.60, 20.20, 20.40
         0,     0, 5,16:30:53,16:31:18,    25, 20.20, 40.60,-20.40
         0,     0, 1,16:30:51,16:31:23,    32, 14.60, 41.10,-26.50
  13008732,  7153, 1,16:31:33,16:33:29,   116, 41.10, 40.20,  0.90
  21304388,  6125, 2,16:31:48,16:33:32,   104, 43.90, 21.90, 22.00
         0,     0, 2,16:33:40,16:34:02,    22, 21.90, 43.80,-21.90
  12448416,  6029, 4,16:33:41,16:34:44,    63, 44.10, 39.10,  5.00
         0,     0, 4,16:34:52,16:34:56,     4, 39.10, 43.20, -4.10
  13008732,  7153, 1,16:33:42,16:36:19,   157, 40.20, 28.90, 11.30
  12706734,  7143, 5,16:34:05,16:36:26,   141, 40.60, 24.90, 15.70
         0,     0, 1,16:36:27,16:36:39,    12, 28.90, 41.20,-12.30
         0,     0, 5,16:36:34,16:36:49,    15, 24.90, 40.80,-15.90
  12448412,  6025, 1,16:36:59,16:37:03,     4, 41.20, 41.20,  0.00
  11953996,  4026, 4,16:35:24,16:37:55,   151, 43.70, 24.70, 19.00
  12448412,  6025, 2,16:37:07,16:38:04,    57, 43.90, 43.70,  0.20
         0,     0, 4,16:38:02,16:38:19,    17, 24.70, 43.20,-18.50
  13008835,     0,10,16:35:06,16:38:30,   204, 41.10, 27.50, 13.60
         0,     0,10,16:38:39,16:38:54,    15, 27.50, 41.20,-13.70
  12448412,  6025, 1,16:38:16,16:40:08,   112, 41.30, 41.10,  0.20
  12706701,  7110, 2,16:38:15,16:40:22,   127, 43.80, 34.50,  9.30
  12200010,  5064, 1,16:40:25,16:40:30,     5, 41.10, 41.10,  0.00
         0,     0, 2,16:40:30,16:40:38,     8, 34.50, 44.00, -9.50
  12706701,  7110, 2,16:40:48,16:41:35,    47, 43.80, 38.20,  5.60
         0,     0, 2,16:41:43,16:41:48,     5, 38.20, 44.00, -5.80
  12200010,  5064, 1,16:40:40,16:42:41,   121, 41.10, 21.80, 19.30
         0,     0, 1,16:42:49,16:43:07,    18, 21.80, 41.10,-19.30
  12706639,  7048, 5,16:43:15,16:44:36,    81, 40.80, 29.10, 11.70
         0,     0, 5,16:44:44,16:44:55,    11, 29.10, 40.80,-11.70
  12706700,  7109, 2,16:43:42,16:45:04,    82, 43.90, 23.90, 20.00
         0,     0, 2,16:45:12,16:45:32,    20, 23.90, 43.90,-20.00
  12706714,  7123, 3,16:44:08,16:46:13,   125, 45.90, 27.00, 18.90
         0,     0, 3,16:46:21,16:46:37,    16, 27.00, 26.90,  0.10
  13008905,  8146, 5,16:45:20,16:47:29,   129, 40.80, 21.80, 19.00
         0,     0, 5,16:47:38,16:47:56,    18, 21.80, 40.70,-18.90
  12448474,  6087, 3,16:47:50,16:49:15,    85, 45.80, 31.90, 13.90
  12448412,  6025, 1,16:44:00,16:49:31,   331, 41.10, 19.20, 21.90
         0,     0, 3,16:49:24,16:49:35,    11, 31.90, 31.80,  0.10
  21292347,  5120, 4,16:47:57,16:49:42,   105, 44.20, 33.50, 10.70
         0,     0, 4,16:49:50,16:50:00,    10, 33.50, 43.10, -9.60
         0,     0, 1,16:49:39,16:50:01,    22, 19.20, 41.20,-22.00
  13323352,  8154, 5,16:49:23,16:50:08,    45, 40.70, 38.30,  2.40
         0,     0, 5,16:50:17,16:50:19,     2, 38.30, 40.80, -2.50
  12200013,     0, 8,16:50:54,16:51:42,    48, 41.10, 40.70,  0.40
  12200013,     0, 8,16:51:53,16:52:10,    17, 40.60, 40.50,  0.10
  12200046,  5100, 5,16:51:55,16:53:06,    71, 40.70, 27.10, 13.60
  13323388,  9010, 4,16:51:16,16:53:19,   123, 43.40, 27.10, 16.30
  11954050,     0, 8,16:52:21,16:53:21,    60, 40.50, 38.30,  2.20
         0,     0, 5,16:53:15,16:53:28,    13, 27.10, 40.80,-13.70
         0,     0, 8,16:53:30,16:53:32,     2, 38.30, 40.90, -2.60
         0,     0, 4,16:53:26,16:53:42,    16, 27.10, 43.40,-16.30
  12448434,     0, 7,13:53:42,16:53:53, 10811, 41.30,  1.20, 40.10
         0,     0, 7,16:54:01,16:54:25,    24,  1.20, 41.50,-40.30
  12448416,  6029, 1,16:53:08,16:54:53,   105, 41.20, 30.70, 10.50
         0,     0, 1,16:55:02,16:55:11,     9, 30.70, 41.20,-10.50
  12706727,  7136, 4,16:54:18,16:56:12,   114, 43.60, 33.20, 10.40
         0,     0, 4,16:56:19,16:56:28,     9, 33.20, 43.10, -9.90
  21268825,  6068, 1,16:55:21,16:57:36,   135, 41.20, 28.80, 12.40
         0,     0, 1,16:57:44,16:57:56,    12, 28.80, 41.20,-12.40
  13323352,  8154, 4,16:58:20,17:00:19,   119, 43.30, 37.90,  5.40
         0,     0, 4,17:00:26,17:00:31,     5, 37.90, 43.30, -5.40
  13008835,     0,10,16:57:14,17:01:20,   246, 41.10, 38.80,  2.30
         0,     0,10,17:01:29,17:01:31,     2, 38.80, 41.10, -2.30
  13323352,  8154, 1,17:01:16,17:01:51,    35, 41.20, 39.10,  2.10
         0,     0, 1,17:01:59,17:02:00,     1, 39.10, 41.20, -2.10
  12706705,  7114, 5,16:59:51,17:02:57,   186, 40.80, 21.40, 19.40
         0,     0, 5,17:03:06,17:03:24,    18, 21.40, 40.80,-19.40
  12448448,  6061, 2,17:00:32,17:04:59,   267, 43.80, 19.00, 24.80
  13323390,  9012, 1,17:02:10,17:05:03,   173, 41.30, 32.10,  9.20
         0,     0, 1,17:05:11,17:05:20,     9, 32.10, 41.20, -9.10
         0,     0, 2,17:05:07,17:05:33,    26, 19.00, 43.80,-24.80
  12706651,  7060, 5,17:04:27,17:06:21,   114, 40.80, 30.20, 10.60
         0,     0, 5,17:06:29,17:06:39,    10, 30.20, 40.60,-10.40
  13008866,     0,10,17:10:37,17:10:37,     0, 41.00, 40.90,  0.10
  12448483,  6096, 3,17:11:05,17:13:19,   134, 46.10, 16.20, 29.90
         0,     0, 3,17:13:26,17:13:51,    25, 16.20, 16.00,  0.20
  12200010,  5064, 1,17:13:23,17:15:24,   121, 41.20, 28.20, 13.00
  12706734,  7143, 2,17:10:49,17:15:34,   285, 43.80, 31.30, 12.50
         0,     0, 1,17:15:31,17:15:43,    12, 28.20, 41.20,-13.00
         0,     0, 2,17:15:42,17:15:53,    11, 31.30, 43.60,-12.30
  12448451,  6064, 3,17:20:34,17:20:54,    20, 46.00, 45.90,  0.10
  13008742,  7163, 1,17:19:20,17:21:07,   107, 41.20, 40.70,  0.50
  13008742,  7163, 2,17:21:11,17:21:54,    43, 43.90, 43.60,  0.30
  13323352,  8154, 5,17:20:59,17:21:58,    59, 40.50, 38.30,  2.20
         0,     0, 5,17:22:06,17:22:08,     2, 38.30, 40.80, -2.50
  13008742,  7163, 2,17:22:04,17:22:08,     4, 43.50, 43.70, -0.20
  13008905,  8146, 4,17:21:51,17:23:10,    79, 43.40, 34.10,  9.30
         0,     0, 4,17:23:17,17:23:25,     8, 34.10, 43.20, -9.10
  21292347,  5120, 2,17:22:21,17:24:29,   128, 43.80, 36.60,  7.20
  13008742,  7163, 1,17:24:12,17:24:31,    19, 40.70, 40.60,  0.10
         0,     0, 2,17:24:36,17:24:42,     6, 36.60, 43.80, -7.20
  12448451,  6064, 3,17:21:11,17:24:43,   212, 46.00, 20.80, 25.20
         0,     0, 3,17:24:51,17:25:12,    21, 20.80, 20.60,  0.20
  13008742,  7163, 2,17:25:03,17:26:50,   107, 44.00, 43.20,  0.80
  12448473,  6086, 1,17:25:48,17:27:19,    91, 40.60, 26.70, 13.90
  12706700,  7109, 3,17:26:41,17:27:34,    53, 45.90, 32.00, 13.90
         0,     0, 1,17:27:27,17:27:40,    13, 26.70, 41.20,-14.50
         0,     0, 3,17:27:41,17:27:52,    11, 32.00, 31.90,  0.10
  13008742,  7163, 2,17:27:08,17:29:16,   128, 43.20, 26.50, 16.70
         0,     0, 2,17:29:23,17:29:40,    17, 26.50, 43.90,-17.40
  12706667,     0, 6,16:41:01,17:30:06,  2945, 26.00, 11.30, 14.70
         0,     0, 6,17:30:15,17:30:44,    29, 11.30, 41.40,-30.10
  12199988,     0, 6,17:31:21,17:32:35,    74, 40.00, 30.70,  9.30
  12200046,  5100, 4,17:32:07,17:32:41,    34, 43.30, 35.00,  8.30
         0,     0, 6,17:32:43,17:32:52,     9, 30.70, 40.80,-10.10
         0,     0, 4,17:32:49,17:32:57,     8, 35.00, 43.20, -8.20
  12448432,  6045, 2,17:30:47,17:33:19,   152, 43.90, 27.60, 16.30
         0,     0, 2,17:33:27,17:33:42,    15, 27.60, 43.80,-16.20
  13008848,     0, 9,17:33:47,17:34:30,    43, 40.90, 40.80,  0.10
  13323352,  8154, 5,17:33:13,17:34:43,    90, 40.80, 36.80,  4.00
         0,     0, 5,17:34:50,17:34:53,     3, 36.80, 40.80, -4.00
  13008848,     0,10,17:35:00,17:36:44,   104, 35.30, 30.00,  5.30
         0,     0,10,17:36:52,17:37:04,    12, 30.00, 41.20,-11.20
  13008848,     0, 9,17:36:56,17:37:27,    31, 40.80, 38.40,  2.40
         0,     0, 9,17:37:34,17:37:37,     3, 38.40, 41.10, -2.70
  21299280,  8145, 5,17:36:25,17:38:16,   111, 40.70, 29.50, 11.20
         0,     0, 5,17:38:24,17:38:34,    10, 29.50, 40.70,-11.20
  12448479,  6092, 2,17:40:13,17:40:16,     3, 43.90, 43.80,  0.10
  12448479,  6092, 1,17:40:21,17:41:54,    93, 41.20, 30.90, 10.30
         0,     0, 1,17:42:02,17:42:11,     9, 30.90, 41.30,-10.40
  12200010,  5064, 3,17:41:21,17:42:22,    61, 46.10, 40.90,  5.20
         0,     0, 3,17:42:30,17:42:33,     3, 40.90, 46.30, -5.40
  13008905,  8146, 5,17:42:38,17:44:42,   124, 40.60, 33.50,  7.10
         0,     0, 5,17:44:51,17:44:58,     7, 33.50, 40.80, -7.30
  13323406,     0, 9,17:44:26,17:45:18,    52, 41.10, 34.30,  6.80
  21304388,  6125, 2,17:42:29,17:45:30,   181, 43.80, 25.30, 18.50
         0,     0, 9,17:45:27,17:45:35,     8, 34.30, 41.00, -6.70
         0,     0, 2,17:45:39,17:45:57,    18, 25.30, 43.90,-18.60
  13323462,     0, 9,17:45:58,17:46:12,    14, 41.10, 41.10,  0.00
  13323462,     0, 9,17:47:09,17:47:12,     3, 40.50, 40.50,  0.00
  12706646,     0, 6,17:46:47,17:47:46,    59, 21.80, 18.50,  3.30
  13323462,     0, 9,17:47:28,17:48:04,    36, 40.50, 38.60,  1.90
         0,     0, 9,17:48:12,17:48:15,     3, 38.60, 41.10, -2.50
         0,     0, 6,17:47:54,17:48:16,    22, 18.50, 41.30,-22.80
  13323462,     0, 9,17:48:39,17:48:42,     3, 39.60, 39.60,  0.00
         0,     0, 9,17:48:50,17:48:51,     1, 39.60, 41.00, -1.40
  11954014,  4044, 4,17:48:59,17:49:53,    54, 43.30, 27.60, 15.70
  12706730,  7139, 2,17:47:51,17:49:58,   127, 44.00, 26.70, 17.30
         0,     0, 4,17:50:00,17:50:15,    15, 27.60, 43.20,-15.60
         0,     0, 2,17:50:06,17:50:23,    17, 26.70, 43.90,-17.20
  12200048,     0, 6,17:49:49,17:51:15,    86, 32.00, 28.00,  4.00
         0,     0, 6,17:51:23,17:51:40,    17, 28.00, 41.40,-13.40
  13323388,  9010, 4,17:53:49,17:55:35,   106, 43.50, 30.80, 12.70
         0,     0, 4,17:55:42,17:55:54,    12, 30.80, 43.40,-12.60
  13323406,     0, 9,17:56:11,17:56:22,    11, 40.10, 40.10,  0.00
  12706646,     0, 6,17:52:22,17:56:43,   261, 23.60, 23.60,  0.00
         0,     0, 6,17:56:51,17:57:08,    17, 23.60, 40.30,-16.70
  12706651,  7060, 4,17:57:00,17:57:59,    59, 43.70, 37.40,  6.30
  12448456,     0, 8,17:57:39,17:58:02,    23, 40.60, 40.30,  0.30
         0,     0, 4,17:58:06,17:58:11,     5, 37.40, 43.30, -5.90
  12448456,     0, 8,17:58:28,17:59:28,    60, 40.30, 39.70,  0.60
         0,     0, 8,17:59:36,17:59:36,     0, 39.70, 40.90, -1.20
  13323352,  8154, 1,18:00:15,18:01:14,    59, 41.30, 38.80,  2.50
         0,     0, 1,18:01:22,18:01:23,     1, 38.80, 41.20, -2.40
  12448412,  6025, 2,18:02:00,18:02:19,    19, 43.70, 43.50,  0.20
  12706622,     0, 9,17:58:35,18:02:29,   234, 40.10, 35.40,  4.70
         0,     0, 9,18:02:38,18:02:45,     7, 35.40, 41.10, -5.70
  13323352,  8154, 1,18:02:18,18:03:10,    52, 41.20, 38.80,  2.40
         0,     0, 1,18:03:18,18:03:19,     1, 38.80, 41.10, -2.30
  12706622,     0, 9,18:02:56,18:04:58,   122, 41.00, 41.00,  0.00
  12706706,  7115, 4,18:04:03,18:05:52,   109, 43.40, 27.90, 15.50
         0,     0, 4,18:05:59,18:06:14,    15, 27.90, 43.30,-15.40
  12200013,     0, 8,18:06:22,18:06:36,    14, 40.80, 40.60,  0.20
  12448456,     0, 7,18:00:18,18:06:39,   381, 41.40, 41.20,  0.20
  13008816,     0,10,18:05:45,18:07:03,    78, 41.10, 30.70, 10.40
         0,     0,10,18:07:11,18:07:22,    11, 30.70, 41.10,-10.40
  21292480,     0, 6,17:57:44,18:07:44,   600, 35.30, 33.90,  1.40
         0,     0, 6,18:07:51,18:07:58,     7, 33.90, 41.60, -7.70
  12448412,  6025, 2,18:02:32,18:08:55,   383, 43.60, 23.90, 19.70
  12706622,     0, 9,18:08:15,18:08:57,    42, 41.00, 41.00,  0.00
  12200013,     0, 8,18:07:06,18:09:11,   125, 40.60, 25.50, 15.10
  12706609,  7018, 6,18:08:14,18:09:15,    61, 40.30, 40.20,  0.10
         0,     0, 2,18:09:02,18:09:22,    20, 23.90, 43.80,-19.90
         0,     0, 8,18:09:19,18:09:35,    16, 25.50, 41.10,-15.60
  12706622,     0, 9,18:09:26,18:09:43,    17, 41.00, 41.00,  0.00
  12706645,     0, 6,18:10:35,18:11:55,    80, 23.70, 22.70,  1.00
         0,     0, 6,18:12:03,18:12:22,    19, 22.70, 41.60,-18.90
  12448404,  6017, 4,18:11:35,18:13:15,   100, 43.80, 20.60, 23.20
  12448456,     0, 8,18:10:38,18:13:26,   168, 41.10, 24.10, 17.00
         0,     0, 4,18:13:22,18:13:44,    22, 20.60, 43.40,-22.80
         0,     0, 8,18:13:33,18:13:51,    18, 24.10, 41.00,-16.90
  12448479,  6092, 1,18:12:18,18:14:01,   103, 41.20, 28.20, 13.00
         0,     0, 1,18:14:08,18:14:20,    12, 28.20, 41.20,-13.00
  13008790,     0, 6,18:13:27,18:15:32,   125, 23.30, 23.30,  0.00
         0,     0, 6,18:15:40,18:15:57,    17, 23.30, 41.30,-18.00
  12706669,  7078, 3,18:15:00,18:16:17,    77, 46.10, 29.10, 17.00
  12706738,  7147, 2,18:14:30,18:16:18,   108, 44.00, 29.30, 14.70
         0,     0, 3,18:16:25,18:16:39,    14, 29.10, 29.10,  0.00
         0,     0, 2,18:16:26,18:16:40,    14, 29.30, 43.90,-14.60
  21268104,  6062, 1,18:15:39,18:18:01,   142, 41.20, 31.30,  9.90
         0,     0, 1,18:18:09,18:18:18,     9, 31.30, 41.20, -9.90
  11954014,  4044, 3,18:20:27,18:21:41,    74, 45.70, 30.60, 15.10
         0,     0, 3,18:21:48,18:22:00,    12, 30.60, 30.40,  0.20
  11724159,     0, 9,18:24:04,18:25:04,    60, 41.00, 35.90,  5.10
         0,     0, 9,18:25:11,18:25:17,     6, 35.90, 41.00, -5.10
  12706655,  7064, 4,18:24:19,18:26:02,   103, 43.80, 32.80, 11.00
         0,     0, 4,18:26:10,18:26:20,    10, 32.80, 43.50,-10.70
  12448471,     0, 6,18:16:54,18:26:34,   580, 29.40, 29.40,  0.00
         0,     0, 6,18:26:42,18:26:53,    11, 29.40, 29.50, -0.10
  13008798,     0,10,18:27:14,18:27:22,     8, 41.10, 41.00,  0.10
  13008798,     0, 9,18:27:39,18:28:07,    28, 41.10, 41.10,  0.00
  12706719,  7128, 1,18:29:17,18:31:13,   116, 41.20, 30.60, 10.60
         0,     0, 1,18:31:20,18:31:30,    10, 30.60, 41.20,-10.60
  12706727,  7136, 2,18:31:37,18:32:28,    51, 43.80, 35.30,  8.50
         0,     0, 2,18:32:35,18:32:42,     7, 35.30, 43.80, -8.50
  12200060,     0, 8,18:36:43,18:36:44,     1, 39.80, 39.80,  0.00
         0,     0, 8,18:36:52,18:36:52,     0, 39.80, 40.90, -1.10
  12706639,  7048, 5,18:36:15,18:37:10,    55, 40.70, 32.10,  8.60
         0,     0, 5,18:37:18,18:37:26,     8, 32.10, 40.70, -8.60
  13323456,     0, 6,18:27:03,18:37:48,   645, 41.40, 33.60,  7.80
         0,     0, 6,18:37:56,18:38:03,     7, 33.60, 41.20, -7.60
  12706729,  7138, 2,18:38:11,18:38:23,    12, 43.90, 43.80,  0.10
  12706729,  7138, 2,18:38:34,18:41:42,   188, 43.80, 26.60, 17.20
         0,     0, 2,18:41:49,18:42:06,    17, 26.60, 43.80,-17.20
  12199988,     0, 6,18:38:14,18:42:13,   239, 41.30, 31.40,  9.90
         0,     0, 6,18:42:20,18:42:28,     8, 31.40, 39.70, -8.30
  13008798,     0,10,18:42:44,18:42:55,    11, 41.00, 38.70,  2.30
         0,     0,10,18:43:04,18:43:06,     2, 38.70, 41.10, -2.40
  11499202,     0,10,18:43:22,18:44:15,    53, 40.10, 38.70,  1.40
         0,     0,10,18:44:24,18:44:26,     2, 38.70, 41.20, -2.50
  12706706,  7115, 3,18:46:41,18:47:44,    63, 45.70, 45.40,  0.30
  12706669,  7078, 5,18:48:04,18:48:50,    46, 40.60, 30.60, 10.00
         0,     0, 5,18:48:58,18:49:07,     9, 30.60, 40.70,-10.10
  13323390,  9012, 1,18:48:46,18:50:29,   103, 41.20, 40.40,  0.80
  12448451,  6064, 4,18:48:04,18:51:14,   190, 43.60, 26.10, 17.50
  12200060,     0, 8,18:49:35,18:51:18,   103, 39.30, 34.20,  5.10
         0,     0, 8,18:51:26,18:51:33,     7, 34.20, 41.10, -6.90
         0,     0, 4,18:51:22,18:51:39,    17, 26.10, 43.30,-17.20
  12448479,  6092, 3,18:50:28,18:52:10,   102, 45.50, 34.20, 11.30
         0,     0, 3,18:52:18,18:52:27,     9, 34.20, 34.10,  0.10
  12448416,  6029, 2,18:50:41,18:52:38,   117, 43.90, 29.10, 14.80
         0,     0, 2,18:52:45,18:52:59,    14, 29.10, 43.80,-14.70
  12706707,  7116, 1,18:51:56,18:53:09,    73, 40.40, 38.10,  2.30
         0,     0, 1,18:53:17,18:53:19,     2, 38.10, 41.20, -3.10
  12706707,  7116, 1,18:53:53,18:54:11,    18, 41.20, 38.50,  2.70
         0,     0, 1,18:54:18,18:54:20,     2, 38.50, 41.20, -2.70
  12706707,  7116, 2,18:54:17,18:54:27,    10, 43.90, 42.20,  1.70
  21268104,  6062, 2,18:54:38,18:54:54,    16, 42.20, 42.00,  0.20
  21268104,  6062, 1,18:54:59,18:56:08,    69, 41.20, 36.90,  4.30
  12706651,  7060, 4,18:55:17,18:56:15,    58, 44.10, 36.50,  7.60
         0,     0, 1,18:56:15,18:56:18,     3, 36.90, 41.20, -4.30
         0,     0, 4,18:56:23,18:56:29,     6, 36.50, 43.20, -6.70
  21268104,  6062, 1,18:56:32,18:56:59,    27, 41.20, 37.10,  4.10
         0,     0, 1,18:57:08,18:57:11,     3, 37.10, 41.20, -4.10
  12706639,  7048, 5,18:56:43,18:57:27,    44, 40.70, 31.70,  9.00
  12448428,  6041, 2,18:56:34,18:57:37,    63, 42.10, 26.20, 15.90
         0,     0, 5,18:57:35,18:57:43,     8, 31.70, 31.80, -0.10
         0,     0, 2,18:57:45,18:58:02,    17, 26.20, 43.90,-17.70
  12448428,  6041, 1,18:57:43,18:58:04,    21, 41.20, 37.70,  3.50
         0,     0, 1,18:58:11,18:58:13,     2, 37.70, 41.20, -3.50
  12448442,  6055, 9,18:58:54,18:59:14,    20, 41.00, 37.90,  3.10
         0,     0, 9,18:59:22,18:59:25,     3, 37.90, 41.00, -3.10
  12706727,  7136, 2,18:58:27,18:59:27,    60, 44.00, 40.00,  4.00
         0,     0, 2,18:59:35,18:59:38,     3, 40.00, 43.80, -3.80
  12706609,  7018, 6,18:42:59,18:59:50,  1011, 32.00, 28.30,  3.70
  11953978,  4008, 3,18:56:51,18:59:56,   185, 45.90, 11.90, 34.00
  12706636,  7045, 1,18:58:42,19:00:10,    88, 41.20, 23.00, 18.20
         0,     0, 6,18:59:57,19:00:14,    17, 28.30, 40.20,-11.90
         0,     0, 3,19:00:04,19:00:34,    30, 11.90, 11.70,  0.20
         0,     0, 1,19:00:19,19:00:36,    17, 23.00, 41.30,-18.30
  12706706,  7115, 4,19:00:18,19:01:20,    62, 43.10, 28.50, 14.60
  13323390,  9012, 5,18:58:56,19:01:27,   151, 40.70, 27.00, 13.70
         0,     0, 4,19:01:29,19:01:44,    15, 28.50, 43.20,-14.70
         0,     0, 5,19:01:35,19:01:48,    13, 27.00, 40.80,-13.80
  12448474,  6087, 3,19:03:08,19:03:09,     1, 46.00, 46.00,  0.00
  21268162,  6046, 3,19:03:21,19:03:35,    14, 46.10, 45.00,  1.10
  12200010,  5064, 1,19:00:46,19:03:38,   172, 41.30, 22.80, 18.50
         0,     0, 1,19:03:46,19:04:03,    17, 22.80, 41.20,-18.40
  12706707,  7116, 2,19:03:54,19:04:37,    43, 43.90, 35.70,  8.20
         0,     0, 2,19:04:46,19:04:53,     7, 35.70, 43.90, -8.20
  12448474,  6087, 3,19:03:52,19:05:00,    68, 45.20, 29.30, 15.90
         0,     0, 3,19:05:08,19:05:22,    14, 29.30, 46.00,-16.70
  13008795,     0, 6,19:01:08,19:05:34,   266, 24.80, 24.80,  0.00
  12706707,  7116, 1,19:05:13,19:05:40,    27, 41.20, 36.90,  4.30
  12448474,  6087, 4,19:05:20,19:05:47,    27, 44.10, 37.50,  6.60
         0,     0, 1,19:05:49,19:05:52,     3, 36.90, 41.30, -4.40
         0,     0, 6,19:05:42,19:05:58,    16, 24.80, 41.40,-16.60
         0,     0, 4,19:05:55,19:06:00,     5, 37.50, 43.30, -5.80
  12448434,     0, 8,19:04:40,19:06:13,    93, 41.00, 35.10,  5.90
         0,     0, 8,19:06:21,19:06:27,     6, 35.10, 41.10, -6.00
  13008848,     0,10,19:05:38,19:06:25,    47, 41.10, 41.00,  0.10
  12706700,  7109, 3,19:05:38,19:06:45,    67, 46.20, 28.60, 17.60
  12706719,  7128, 5,19:04:54,19:06:51,   117, 40.70, 28.50, 12.20
         0,     0, 3,19:06:53,19:07:07,    14, 28.60, 28.40,  0.20
         0,     0, 5,19:06:58,19:07:09,    11, 28.50, 40.70,-12.20
  12448432,  6045, 2,19:05:03,19:07:09,   126, 43.70, 32.60, 11.10
         0,     0, 2,19:07:18,19:07:29,    11, 32.60, 43.90,-11.30
  13008848,     0, 9,19:07:13,19:08:11,    58, 41.00, 41.00,  0.00
  12706727,  7136, 2,19:08:02,19:09:08,    66, 43.90, 37.10,  6.80
  21268162,  6046, 1,19:08:20,19:09:12,    52, 41.30, 32.20,  9.10
         0,     0, 2,19:09:16,19:09:22,     6, 37.10, 43.70, -6.60
         0,     0, 1,19:09:21,19:09:29,     8, 32.20, 41.30, -9.10
  21268162,  6046, 1,19:09:45,19:10:26,    41, 41.30, 33.00,  8.30
         0,     0, 1,19:10:35,19:10:42,     7, 33.00, 41.20, -8.20
  13323461,     0, 6,19:09:23,19:13:35,   252, 41.40, 23.30, 18.10
  12706714,  7123, 1,19:13:25,19:13:52,    27, 41.20, 41.20,  0.00
  12706655,  7064, 4,19:11:19,19:13:56,   157, 43.20, 33.50,  9.70
         0,     0, 6,19:13:42,19:13:59,    17, 23.30, 41.50,-18.20
         0,     0, 4,19:14:04,19:14:13,     9, 33.50, 43.30, -9.80
  21304388,  6125, 2,19:11:16,19:14:14,   178, 43.90, 31.00, 12.90
         0,     0, 2,19:14:22,19:14:34,    12, 31.00, 43.80,-12.80
  12200060,     0, 8,19:15:08,19:15:54,    46, 28.40, 21.70,  6.70
         0,     0, 8,19:16:02,19:16:24,    22, 21.70, 41.00,-19.30
  13008827,     0, 6,19:14:12,19:16:28,   136, 41.20, 26.70, 14.50
         0,     0, 6,19:16:36,19:16:52,    16, 26.70, 35.40, -8.70
  12199987,     0,10,19:15:00,19:17:43,   163, 41.00, 30.30, 10.70
         0,     0,10,19:17:50,19:18:01,    11, 30.30, 41.20,-10.90
  12199988,     0, 6,19:17:50,19:19:20,    90, 31.10, 29.40,  1.70
         0,     0, 6,19:19:27,19:19:39,    12, 29.40, 40.30,-10.90
  12706714,  7123, 5,19:17:03,19:19:40,   157, 40.70, 19.10, 21.60
         0,     0, 5,19:19:47,19:20:07,    20, 19.10, 40.70,-21.60
  12200010,  5064, 2,19:20:34,19:20:53,    19, 44.00, 43.80,  0.20
  12706622,     0, 9,19:20:38,19:23:29,   171, 41.00, 34.60,  6.40
  21292480,     0, 6,19:19:52,19:23:36,   224, 38.80, 32.10,  6.70
         0,     0, 9,19:23:38,19:23:46,     8, 34.60, 41.10, -6.50
         0,     0, 6,19:23:43,19:23:50,     7, 32.10, 39.70, -7.60
  13323352,  8154, 3,19:23:25,19:24:12,    47, 45.60, 44.00,  1.60
         0,     0, 3,19:24:21,19:24:21,     0, 44.00, 44.10, -0.10
  12706616,  7025, 1,19:22:04,19:24:26,   142, 41.20, 21.80, 19.40
         0,     0, 1,19:24:34,19:24:53,    19, 21.80, 41.20,-19.40
  11953996,  4026, 2,19:21:46,19:25:02,   196, 43.80, 26.40, 17.40
         0,     0, 2,19:25:10,19:25:27,    17, 26.40, 43.90,-17.50
  21268162,  6046, 2,19:25:37,19:25:48,    11, 43.90, 43.60,  0.30
  12200060,     0, 8,19:26:45,19:26:47,     2, 39.00, 39.00,  0.00
         0,     0, 8,19:26:56,19:26:58,     2, 39.00, 41.10, -2.10
  12706705,  7114, 3,19:24:44,19:27:15,   151, 44.00, 22.40, 21.60
         0,     0, 3,19:27:23,19:27:43,    20, 22.40, 22.20,  0.20
  12706734,  7143, 2,19:25:58,19:28:14,   136, 43.70, 32.00, 11.70
  12448416,  6029, 1,19:25:19,19:28:21,   182, 41.20, 30.60, 10.60
         0,     0, 2,19:28:22,19:28:33,    11, 32.00, 43.80,-11.80
         0,     0, 1,19:28:29,19:28:39,    10, 30.60, 41.20,-10.60
  13008768,     0, 9,19:29:37,19:29:42,     5, 41.10, 41.10,  0.00
  13323352,  8154, 1,19:29:02,19:29:57,    55, 41.20, 38.90,  2.30
         0,     0, 1,19:30:05,19:30:06,     1, 38.90, 41.20, -2.30
  13008768,     0,10,19:30:19,19:30:52,    33, 41.20, 37.00,  4.20
         0,     0,10,19:30:59,19:31:03,     4, 37.00, 41.20, -4.20
  13323352,  8154, 1,19:30:34,19:31:14,    40, 41.20, 39.10,  2.10
         0,     0, 1,19:31:22,19:31:23,     1, 39.10, 41.20, -2.10
  12448442,  6055, 9,19:31:24,19:32:01,    37, 41.00, 36.80,  4.20
  13323352,  8154, 1,19:31:41,19:32:01,    20, 41.20, 40.20,  1.00
         0,     0, 9,19:32:08,19:32:13,     5, 36.80, 41.10, -4.30
  13323388,  9010, 1,19:32:21,19:32:35,    14, 40.20, 40.20,  0.00
  21268825,  6068, 2,19:30:08,19:33:08,   180, 44.00, 25.40, 18.60
  12448442,  6055, 9,19:33:08,19:33:10,     2, 38.20, 38.20,  0.00
         0,     0, 9,19:33:18,19:33:21,     3, 38.20, 41.00, -2.80
         0,     0, 2,19:33:17,19:33:35,    18, 25.40, 44.00,-18.60
  12200060,     0, 8,19:34:36,19:35:05,    29, 41.10, 40.10,  1.00
  13323388,  9010, 4,19:34:17,19:36:03,   106, 43.80, 30.90, 12.90
         0,     0, 4,19:36:11,19:36:23,    12, 30.90, 43.40,-12.50
  12200010,  5064, 1,19:35:53,19:36:28,    35, 40.20, 35.50,  4.70
         0,     0, 1,19:36:37,19:36:42,     5, 35.50, 41.20, -5.70
  13008768,     0,10,19:37:01,19:37:14,    13, 41.20, 40.00,  1.20
         0,     0,10,19:37:21,19:37:21,     0, 40.00, 41.00, -1.00
  13008768,     0,10,19:38:06,19:38:07,     1, 33.20, 33.20,  0.00
         0,     0,10,19:38:16,19:38:24,     8, 33.20, 41.10, -7.90
  13008835,     0, 9,19:38:21,19:38:23,     2, 41.00, 41.00,  0.00
  12706729,  7138, 1,19:38:14,19:38:34,    20, 41.20, 41.20,  0.00
  13008835,     0,10,19:38:40,19:38:44,     4, 41.10, 41.10,  0.00
  12706655,  7064, 4,19:38:27,19:39:35,    68, 43.40, 36.40,  7.00
         0,     0, 4,19:39:43,19:39:49,     6, 36.40, 43.30, -6.90
  11954003,     0, 6,19:24:01,19:39:54,   953, 39.60,  9.60, 30.00
         0,     0, 6,19:40:01,19:40:31,    30,  9.60,  9.80, -0.20
  11724181,     0, 6,19:40:41,19:40:59,    18, 41.30, 41.40, -0.10
  13008835,     0,10,19:39:28,19:41:17,   109, 40.80, 32.80,  8.00
         0,     0,10,19:41:26,19:41:34,     8, 32.80, 41.10, -8.30
  13008835,     0,10,19:42:08,19:42:09,     1, 40.10, 40.20, -0.10
  21268162,  6046, 1,19:41:12,19:42:14,    62, 41.20, 32.10,  9.10
         0,     0, 1,19:42:22,19:42:30,     8, 32.10, 41.30, -9.20
  12200064,  5118, 2,19:39:13,19:42:56,   223, 43.90, 13.90, 30.00
  13008798,     0,10,19:42:48,19:42:58,    10, 40.20, 38.70,  1.50
         0,     0,10,19:43:05,19:43:07,     2, 38.70, 39.80, -1.10
  13008798,     0,10,19:43:21,19:43:22,     1, 39.20, 38.20,  1.00
         0,     0,10,19:43:29,19:43:31,     2, 38.20, 41.20, -3.00
         0,     0, 2,19:43:03,19:43:33,    30, 13.90, 43.80,-29.90
  12448428,  6041, 3,19:43:52,19:44:46,    54, 46.00, 35.90, 10.10
         0,     0, 3,19:44:53,19:45:01,     8, 35.90, 35.80,  0.10
  13008839,     0,10,19:43:46,19:46:34,   168, 40.80, 26.20, 14.60
         0,     0,10,19:46:42,19:46:58,    16, 26.20, 40.90,-14.70
  13008842,  8083, 1,19:44:09,19:47:12,   183, 41.20, 17.10, 24.10
         0,     0, 1,19:47:19,19:47:42,    23, 17.10, 41.10,-24.00
  13008839,     0,10,19:47:09,19:47:51,    42, 40.90, 39.30,  1.60
         0,     0,10,19:47:59,19:48:00,     1, 39.30, 41.20, -1.90
  21292347,  5120, 2,19:47:41,19:50:25,   164, 44.10, 33.30, 10.80
         0,     0, 2,19:50:33,19:50:42,     9, 33.30, 43.70,-10.40
  12448448,  6061, 4,19:46:30,19:51:00,   270, 43.30, 22.50, 20.80
         0,     0, 4,19:51:08,19:51:28,    20, 22.50, 43.60,-21.10
  12200048,     0, 6,19:43:06,19:51:26,   500, 27.90, 11.20, 16.70
         0,     0, 6,19:51:34,19:52:03,    29, 11.20, 41.50,-30.30
  12706706,  7115, 5,19:51:23,19:52:03,    40, 40.60, 30.50, 10.10
         0,     0, 5,19:52:10,19:52:19,     9, 30.50, 40.80,-10.30
  12706701,  7110, 1,19:50:50,19:53:50,   180, 41.20, 25.30, 15.90
         0,     0, 1,19:53:58,19:54:13,    15, 25.30, 41.20,-15.90
  12706616,  7025, 2,19:54:59,19:55:16,    17, 43.80, 43.70,  0.10
  12706616,  7025, 1,19:55:20,19:55:27,     7, 41.20, 41.20,  0.00
  12706642,  7051,10,19:53:05,19:55:52,   167, 41.20, 28.90, 12.30
         0,     0,10,19:56:00,19:56:13,    13, 28.90, 41.20,-12.30
  21299280,  8145, 3,19:55:20,19:56:34,    74, 45.70, 36.80,  8.90
         0,     0, 3,19:56:42,19:56:49,     7, 36.80, 36.60,  0.20
  12706616,  7025, 2,19:58:23,19:59:25,    62, 43.50, 31.10, 12.40
         0,     0, 2,19:59:33,19:59:45,    12, 31.10, 43.90,-12.80
  13008798,     0,10,20:01:56,20:02:42,    46, 41.20, 30.60, 10.60
         0,     0,10,20:02:49,20:03:00,    11, 30.60, 41.10,-10.50
  12706639,  7048, 2,20:05:51,20:06:09,    18, 43.90, 43.80,  0.10
  13008826,     0,10,20:06:38,20:06:40,     2, 40.90, 40.90,  0.00
  12706639,  7048, 1,20:06:21,20:07:25,    64, 41.20, 32.50,  8.70
         0,     0, 1,20:07:33,20:07:41,     8, 32.50, 41.10, -8.60
  13008826,     0, 9,20:07:35,20:07:39,     4, 33.80, 33.90, -0.10
         0,     0, 9,20:07:47,20:07:56,     9, 33.90, 41.00, -7.10
  12448432,  6045, 2,20:08:50,20:12:09,   199, 43.90, 31.70, 12.20
         0,     0, 2,20:12:17,20:12:28,    11, 31.70, 43.90,-12.20
  21299280,  8145, 5,20:13:27,20:14:10,    43, 40.70, 36.00,  4.70
         0,     0, 5,20:14:18,20:14:22,     4, 36.00, 40.80, -4.80
  12706705,  7114, 1,20:12:39,20:14:24,   105, 41.00, 30.10, 10.90
         0,     0, 1,20:14:31,20:14:41,    10, 30.10, 41.10,-11.00
  13008866,     0,10,20:15:14,20:15:15,     1, 40.80, 40.70,  0.10
  21299280,  8145, 5,20:14:46,20:15:21,    35, 40.80, 38.80,  2.00
         0,     0, 5,20:15:30,20:15:32,     2, 38.80, 40.90, -2.10
  21292347,  5120, 3,20:13:57,20:15:54,   117, 45.90, 41.40,  4.50
         0,     0, 3,20:16:02,20:16:05,     3, 41.40, 46.20, -4.80
  13008905,  8146, 5,20:15:46,20:17:47,   121, 40.80, 31.20,  9.60
         0,     0, 5,20:17:55,20:18:03,     8, 31.20, 40.50, -9.30
  13323352,  8154, 1,20:17:31,20:18:47,    76, 41.00, 38.90,  2.10
  12200046,  5100, 4,20:17:51,20:18:45,    54, 44.30, 30.20, 14.10
         0,     0, 1,20:18:54,20:18:55,     1, 38.90, 41.20, -2.30
         0,     0, 4,20:18:54,20:19:07,    13, 30.20, 43.20,-13.00
  13323352,  8154, 2,20:18:52,20:20:01,    69, 44.00, 41.80,  2.20
         0,     0, 2,20:20:09,20:20:10,     1, 41.80, 43.60, -1.80
  21268825,  6068, 3,20:19:20,20:21:21,   121, 46.20, 36.30,  9.90
         0,     0, 3,20:21:29,20:21:36,     7, 36.30, 36.20,  0.10
  12706734,  7143, 5,20:20:00,20:22:08,   128, 40.50, 35.40,  5.10
         0,     0, 5,20:22:16,20:22:21,     5, 35.40, 40.80, -5.40
  11953996,  4026, 3,20:23:06,20:24:03,    57, 45.90, 45.70,  0.20
  11953996,  4026, 4,20:24:09,20:26:05,   116, 43.50, 35.00,  8.50
         0,     0, 4,20:26:12,20:26:20,     8, 35.00, 43.20, -8.20
  12199987,     0,10,20:24:24,20:27:08,   164, 40.70, 33.10,  7.60
         0,     0,10,20:27:16,20:27:24,     8, 33.10, 41.20, -8.10
  12706734,  7143, 5,20:29:33,20:31:28,   115, 40.70, 39.10,  1.60
         0,     0, 5,20:31:36,20:31:37,     1, 39.10, 40.80, -1.70
  12200064,  5118, 2,20:31:30,20:31:35,     5, 43.70, 43.70,  0.00
  13008858,     0, 9,20:30:19,20:32:54,   155, 41.00, 31.40,  9.60
         0,     0, 9,20:33:03,20:33:15,    12, 31.40, 41.00, -9.60
  13323471,     0, 6,19:52:24,20:33:20,  2456, 39.70, 22.10, 17.60
         0,     0, 6,20:33:28,20:33:46,    18, 22.10, 22.20, -0.10
  12200064,  5118, 1,20:32:16,20:35:42,   206, 41.20, 18.70, 22.50
         0,     0, 1,20:35:49,20:36:10,    21, 18.70, 41.20,-22.50
  12448456,     0, 7,18:10:25,20:40:28,  9003, 41.20, 27.60, 13.60
         0,     0, 7,20:40:36,20:40:44,     8, 27.60, 41.50,-13.90
  13008839,     0, 9,20:40:12,20:41:49,    97, 41.00, 39.20,  1.80
         0,     0, 9,20:41:57,20:41:59,     2, 39.20, 40.80, -1.60
  13008842,  8083, 1,20:41:04,20:43:22,   138, 41.30, 30.00, 11.30
         0,     0, 1,20:43:30,20:43:40,    10, 30.00, 41.20,-11.20
  13008839,     0, 9,20:42:09,20:45:30,   201, 40.80, 37.90,  2.90
         0,     0, 9,20:45:39,20:45:42,     3, 37.90, 41.10, -3.20
  13323352,  8154, 1,20:44:53,20:45:44,    51, 41.30, 39.30,  2.00
         0,     0, 1,20:45:52,20:45:53,     1, 39.30, 41.20, -1.90
  13008790,     0, 6,20:34:07,20:51:52,  1065, 41.20, 39.30,  1.90
         0,     0, 6,20:51:59,20:52:00,     1, 39.30, 41.10, -1.80
  13323462,     0, 9,20:51:22,20:52:05,    43, 41.10, 40.30,  0.80
  13323462,     0, 9,20:52:16,20:53:37,    81, 40.30, 37.00,  3.30
         0,     0, 9,20:53:46,20:53:51,     5, 37.00, 41.00, -4.00
  21299280,  8145, 3,20:53:19,20:55:30,   131, 45.80, 38.00,  7.80
         0,     0, 3,20:55:38,20:55:44,     6, 38.00, 37.90,  0.10
  12706738,  7147, 2,21:01:09,21:03:49,   160, 43.50, 31.30, 12.20
         0,     0, 2,21:03:56,21:04:08,    12, 31.30, 43.70,-12.40
  12706730,  7139, 2,21:07:43,21:10:24,   161, 43.80, 27.60, 16.20
         0,     0, 2,21:10:31,21:10:47,    16, 27.60, 43.80,-16.20
  12706734,  7143, 5,21:11:26,21:13:10,   104, 40.70, 32.60,  8.10
         0,     0, 5,21:13:17,21:13:24,     7, 32.60, 40.90, -8.30
  21268825,  6068, 2,21:13:21,21:14:54,    93, 43.90, 37.10,  6.80
         0,     0, 2,21:15:03,21:15:09,     6, 37.10, 43.70, -6.60
  13008742,  7163, 5,21:18:21,21:19:06,    45, 40.70, 40.50,  0.20
  13008848,     0,10,21:17:38,21:19:15,    97, 40.80, 27.80, 13.00
         0,     0,10,21:19:23,21:19:37,    14, 27.80, 41.20,-13.40
  12706636,  7045, 1,21:18:58,21:20:07,    69, 41.20, 30.60, 10.60
         0,     0, 1,21:20:15,21:20:25,    10, 30.60, 41.20,-10.60
  13008742,  7163, 5,21:19:27,21:21:08,   101, 40.70, 38.50,  2.20
         0,     0, 5,21:21:17,21:21:19,     2, 38.50, 40.90, -2.40
  12448429,     0, 6,20:52:45,21:22:00,  1755, 28.10, 20.90,  7.20
         0,     0, 6,21:22:08,21:22:28,    20, 20.90, 41.40,-20.50
  13008742,  7163, 5,21:21:29,21:23:01,    92, 40.80, 23.30, 17.50
         0,     0, 5,21:23:09,21:23:25,    16, 23.30, 40.80,-17.50
  12706622,     0, 9,21:21:25,21:23:48,   143, 41.00, 34.10,  6.90
  12706727,  7136, 3,21:23:58,21:23:59,     1, 46.20, 45.90,  0.30
         0,     0, 9,21:23:56,21:24:05,     9, 34.10, 41.00, -6.90
  11953978,  4008, 1,21:24:36,21:25:53,    77, 41.20, 28.40, 12.80
         0,     0, 1,21:26:00,21:26:12,    12, 28.40, 41.30,-12.90
  21268162,  6046, 5,21:26:05,21:27:23,    78, 40.70, 35.00,  5.70
         0,     0, 5,21:27:31,21:27:36,     5, 35.00, 40.80, -5.80
  13323406,     0, 9,21:26:52,21:27:48,    56, 41.00, 34.00,  7.00
         0,     0, 9,21:27:56,21:28:05,     9, 34.00, 41.10, -7.10
  21268162,  6046, 5,21:27:48,21:28:15,    27, 40.80, 37.80,  3.00
         0,     0, 5,21:28:24,21:28:26,     2, 37.80, 40.70, -2.90
  12706727,  7136, 1,21:28:01,21:29:08,    67, 41.30, 35.80,  5.50
         0,     0, 1,21:29:16,21:29:20,     4, 35.80, 41.20, -5.40
  21268162,  6046, 5,21:28:36,21:29:48,    72, 40.70, 27.40, 13.30
         0,     0, 5,21:29:56,21:30:09,    13, 27.40, 40.70,-13.30
  12200046,  5100, 1,21:32:09,21:32:54,    45, 41.20, 31.50,  9.70
         0,     0, 1,21:33:01,21:33:10,     9, 31.50, 41.20, -9.70
  13008905,  8146, 5,21:38:00,21:40:17,   137, 40.80, 38.80,  2.00
         0,     0, 5,21:40:25,21:40:26,     1, 38.80, 40.80, -2.00
  12706707,  7116, 1,21:41:15,21:42:02,    47, 41.20, 33.40,  7.80
         0,     0, 1,21:42:10,21:42:17,     7, 33.40, 41.20, -7.80
  12706707,  7116, 2,21:42:21,21:42:35,    14, 43.60, 42.00,  1.60
         0,     0, 2,21:42:43,21:42:43,     0, 42.00, 42.90, -0.90
  12448474,  6087, 3,21:42:55,21:44:54,   119, 46.10, 28.20, 17.90
         0,     0, 3,21:45:02,21:45:17,    15, 28.20, 46.20,-18.00
  11499202,     0,10,21:47:28,21:51:14,   226, 41.10, 28.60, 12.50
  11953978,  4008, 3,21:50:42,21:51:30,    48, 46.10, 43.40,  2.70
         0,     0,10,21:51:23,21:51:36,    13, 28.60, 41.20,-12.60
         0,     0, 3,21:51:38,21:51:39,     1, 43.40, 46.30, -2.90
  13008742,  7163, 5,21:53:47,21:54:11,    24, 40.70, 40.60,  0.10
  12448404,  6017, 3,21:57:13,21:57:24,    11, 46.30, 46.00,  0.30
  13008866,     0,10,21:58:42,21:59:36,    54, 40.90, 40.30,  0.60
  12448483,  6096, 1,21:58:06,22:01:13,   187, 41.10, 10.30, 30.80
  11954050,     0, 8,22:01:24,22:01:30,     6, 31.30, 30.90,  0.40
         0,     0, 8,22:01:38,22:01:49,    11, 30.90, 41.10,-10.20
         0,     0, 1,22:01:21,22:01:52,    31, 10.30, 41.10,-30.80
  12706714,  7123, 1,22:05:13,22:05:24,    11, 41.20, 41.20,  0.00
  12448404,  6017, 1,22:06:25,22:08:57,   152, 41.20, 22.50, 18.70
         0,     0, 1,22:09:05,22:09:23,    18, 22.50, 41.30,-18.80
  12706729,  7138, 3,22:07:16,22:09:58,   162, 46.00, 22.10, 23.90
         0,     0, 3,22:10:05,22:10:25,    20, 22.10, 21.90,  0.20
  11724159,     0, 9,22:11:52,22:12:24,    32, 40.10, 36.90,  3.20
         0,     0, 9,22:12:32,22:12:37,     5, 36.90, 41.10, -4.20
  12448432,  6045, 2,22:09:11,22:12:48,   217, 42.70, 32.80,  9.90
         0,     0, 2,22:12:56,22:13:06,    10, 32.80, 43.80,-11.00
  12706714,  7123, 5,22:13:36,22:14:13,    37, 40.60, 40.50,  0.10
  12448473,  6086, 2,22:18:13,22:18:20,     7, 43.90, 43.80,  0.10
  12200010,  5064, 2,22:19:03,22:19:10,     7, 43.80, 43.80,  0.00
  12448473,  6086, 1,22:18:25,22:19:15,    50, 41.30, 34.40,  6.90
         0,     0, 1,22:19:22,22:19:28,     6, 34.40, 41.20, -6.80
  12706667,     0, 6,21:22:40,22:20:14,  3454, 41.30, 40.30,  1.00
  12706714,  7123, 5,22:18:25,22:20:24,   119, 40.50, 20.00, 20.50
         0,     0, 5,22:20:31,22:20:51,    20, 20.00, 40.80,-20.80
  13008742,  7163, 1,22:19:57,22:23:45,   228, 41.20, 30.40, 10.80
  11724159,     0, 9,22:23:24,22:23:52,    28, 41.10, 39.70,  1.40
         0,     0, 9,22:24:00,22:24:01,     1, 39.70, 41.00, -1.30
         0,     0, 1,22:23:52,22:24:02,    10, 30.40, 41.20,-10.80
  21268104,  6062, 4,22:22:36,22:24:11,    95, 43.40, 34.50,  8.90
         0,     0, 4,22:24:19,22:24:27,     8, 34.50, 43.20, -8.70
  21292480,     0, 6,22:21:07,22:27:26,   379, 33.00, 17.90, 15.10
         0,     0, 6,22:27:34,22:27:57,    23, 17.90, 41.40,-23.50
  12200010,  5064, 1,22:26:14,22:28:41,   147, 41.20, 26.30, 14.90
         0,     0, 1,22:28:48,22:29:02,    14, 26.30, 41.20,-14.90
  12448473,  6086, 1,22:30:43,22:32:04,    81, 41.20, 26.10, 15.10
         0,     0, 1,22:32:12,22:32:26,    14, 26.10, 41.20,-15.10
  13323352,  8154, 5,22:30:04,22:32:58,   174, 40.70, 35.60,  5.10
         0,     0, 5,22:33:06,22:33:11,     5, 35.60, 40.90, -5.30
  13323352,  8154, 5,22:33:35,22:34:10,    35, 40.90, 39.50,  1.40
         0,     0, 5,22:34:17,22:34:18,     1, 39.50, 40.80, -1.30
  13323352,  8154, 5,22:35:14,22:36:10,    56, 40.70, 38.70,  2.00
         0,     0, 5,22:36:18,22:36:20,     2, 38.70, 40.80, -2.10
  13323456,     0, 6,22:30:41,22:41:20,   639, 41.30, 38.30,  3.00
         0,     0, 6,22:41:28,22:41:30,     2, 38.30, 41.50, -3.20
  13008816,     0, 9,22:39:55,22:41:28,    93, 41.00, 34.40,  6.60
         0,     0, 9,22:41:36,22:41:44,     8, 34.40, 41.00, -6.60
  12448451,  6064, 2,22:43:24,22:43:45,    21, 43.60, 43.60,  0.00
  12706669,  7078, 3,22:45:15,22:46:22,    67, 46.00, 30.20, 15.80
         0,     0, 3,22:46:31,22:46:44,    13, 30.20, 30.00,  0.20
  13323461,     0, 6,22:42:13,22:48:01,   348, 39.10, 34.40,  4.70
         0,     0, 6,22:48:09,22:48:15,     6, 34.40, 34.40,  0.00
  12706622,     0,10,22:48:04,22:49:16,    72, 34.50, 30.40,  4.10
         0,     0,10,22:49:24,22:49:35,    11, 30.40, 41.10,-10.70
  12706622,     0, 9,22:49:21,22:49:43,    22, 41.00, 40.60,  0.40
  12200048,     0, 6,22:48:25,22:52:28,   243, 41.30, 41.00,  0.30
  12706609,  7018, 6,22:52:42,22:56:38,   236, 40.90, 40.90,  0.00
  12448451,  6064, 3,22:54:53,22:56:55,   122, 46.10, 45.70,  0.40
  21268104,  6062, 1,22:57:02,22:58:25,    83, 41.20, 36.20,  5.00
         0,     0, 1,22:58:33,22:58:37,     4, 36.20, 41.20, -5.00
  12448451,  6064, 3,22:57:47,22:59:30,   103, 45.80, 45.50,  0.30
  13323471,     0, 6,22:58:02,23:02:10,   248, 37.10, 26.60, 10.50
         0,     0, 6,23:02:18,23:02:32,    14, 26.60, 41.40,-14.80
  13008798,     0,10,23:08:04,23:08:43,    39, 41.10, 33.10,  8.00
         0,     0,10,23:08:51,23:08:59,     8, 33.10, 41.10, -8.00
  13008798,     0,10,23:09:48,23:09:55,     7, 40.50, 40.50,  0.00
  12448434,     0, 8,23:08:43,23:09:56,    73, 40.90, 33.60,  7.30
         0,     0, 8,23:10:04,23:10:11,     7, 33.60, 41.10, -7.50
  13008798,     0,10,23:10:26,23:11:01,    35, 40.50, 33.80,  6.70
         0,     0,10,23:11:09,23:11:16,     7, 33.80, 41.20, -7.40
  12448451,  6064, 5,23:09:43,23:12:50,   187, 40.80, 33.30,  7.50
         0,     0, 5,23:12:57,23:13:04,     7, 33.30, 33.40, -0.10
  12200010,  5064, 5,23:13:14,23:13:58,    44, 40.80, 35.90,  4.90
         0,     0, 5,23:14:07,23:14:11,     4, 35.90, 40.80, -4.90
  12706655,  7064, 4,23:13:58,23:15:46,   108, 43.80, 27.60, 16.20
         0,     0, 4,23:15:54,23:16:09,    15, 27.60, 43.20,-15.60
  12448471,     0, 6,23:03:40,23:19:15,   935, 30.80, 30.90, -0.10
         0,     0, 6,23:19:23,23:19:33,    10, 30.90, 30.90,  0.00
  12200013,     0, 8,23:19:26,23:19:53,    27, 41.10, 41.00,  0.10
  12200013,     0, 8,23:20:16,23:20:24,     8, 40.70, 40.70,  0.00
  12200013,     0, 8,23:20:34,23:21:31,    57, 40.60, 39.40,  1.20
         0,     0, 8,23:21:39,23:21:40,     1, 39.40, 40.70, -1.30
  13008801,     0, 7,20:41:44,23:21:49,  9605, 39.80, 37.40,  2.40
         0,     0, 7,23:21:58,23:22:00,     2, 37.40, 41.60, -4.20
  12200013,     0, 8,23:22:09,23:23:11,    62, 40.70, 25.50, 15.20
         0,     0, 8,23:23:19,23:23:35,    16, 25.50, 41.10,-15.60
  12706706,  7115, 1,23:22:57,23:25:03,   126, 41.20, 24.60, 16.60
         0,     0, 1,23:25:12,23:25:27,    15, 24.60, 41.20,-16.60
  12706669,  7078, 3,23:27:38,23:28:29,    51, 45.50, 36.20,  9.30
         0,     0, 3,23:28:37,23:28:45,     8, 36.20, 36.00,  0.20
  12706616,  7025, 2,23:32:36,23:34:08,    92, 43.30, 32.10, 11.20
         0,     0, 2,23:34:15,23:34:26,    11, 32.10, 44.00,-11.90
  21268104,  6062, 1,23:38:47,23:40:36,   109, 41.20, 30.90, 10.30
         0,     0, 1,23:40:45,23:40:54,     9, 30.90, 41.20,-10.30
  13008801,     0, 7,23:44:16,23:44:24,     8, 41.50, 41.50,  0.00
  13008732,  7153, 5,23:41:58,23:44:25,   147, 40.70, 37.90,  2.80
         0,     0, 6,23:44:38,23:44:48,    10, 41.50, 41.50,  0.00
         0,     0, 8,23:44:38,23:44:48,    10, 41.00, 41.00,  0.00
         0,     0, 9,23:44:38,23:44:48,    10, 40.50, 40.50,  0.00
         0,     0,10,23:44:38,23:44:48,    10, 41.10, 41.10,  0.00
         0,     0, 1,23:44:38,23:44:48,    10, 41.20, 41.20,  0.00
         0,     0, 2,23:44:38,23:44:48,    10, 44.00, 44.00,  0.00
         0,     0, 3,23:44:38,23:44:48,    10, 45.90, 45.90,  0.00
         0,     0, 4,23:44:38,23:44:48,    10, 43.40, 43.40,  0.00
         0,     0, 5,23:44:33,23:44:35,     2, 37.90, 40.70, -2.80
