         0,     0, 7, 0:03:04, 0:03:14,    10, 41.60, 41.60,  0.00
         0,     0, 8, 0:03:04, 0:03:14,    10, 41.20, 41.20,  0.00
         0,     0, 9, 0:03:04, 0:03:14,    10, 41.10, 41.10,  0.00
         0,     0,10, 0:03:04, 0:03:14,    10, 40.90, 40.90,  0.00
         0,     0, 1, 0:03:05, 0:03:15,    10, 41.20, 41.20,  0.00
         0,     0, 2, 0:03:05, 0:03:15,    10, 42.90, 42.90,  0.00
         0,     0, 3, 0:03:05, 0:03:15,    10, 46.10, 46.10,  0.00
         0,     0, 4, 0:03:05, 0:03:15,    10, 43.70, 43.70,  0.00
         0,     0, 6, 0:03:05, 0:03:15,    10, 41.50, 41.50,  0.00
         0,     0, 5, 0:03:05, 0:03:15,    10, 40.80, 40.80,  0.00
  21292347,  5120, 2, 0:03:46, 0:06:17,   151, 42.90, 37.90,  5.00
         0,     0, 2, 0:06:25, 0:06:30,     5, 37.90, 43.90, -6.00
  11724239,  3139, 1, 0:08:13, 0:09:22,    69, 41.20, 38.40,  2.80
         0,     0, 1, 0:09:30, 0:09:32,     2, 38.40, 41.20, -2.80
  12706650,  7059, 3, 0:10:00, 0:12:12,   132, 45.70, 46.40, -0.70
  13008800,     0,10, 0:11:57, 0:13:24,    87, 40.80, 33.80,  7.00
         0,     0,10, 0:13:32, 0:13:39,     7, 33.80, 41.20, -7.40
  12706637,  7046, 1, 0:15:33, 0:16:04,    31, 41.20, 40.60,  0.60
  12706637,  7046, 1, 0:16:16, 0:16:35,    19, 40.60, 39.20,  1.40
         0,     0, 1, 0:16:43, 0:16:44,     1, 39.20, 41.30, -2.10
  11724239,  3139, 2, 0:17:52, 0:18:52,    60, 43.90, 43.50,  0.40
  12706637,  7046, 1, 0:18:02, 0:18:53,    51, 41.30, 34.60,  6.70
         0,     0, 1, 0:19:01, 0:19:06,     5, 34.60, 41.20, -6.60
  12706650,  7059, 4, 0:18:38, 0:19:58,    80, 43.70, 36.90,  6.80
         0,     0, 4, 0:20:06, 0:20:12,     6, 36.90, 43.40, -6.50
  11724109,  6068, 3, 0:18:52, 0:21:39,   167, 45.70, 46.40, -0.70
  11724109,  6068, 3, 0:21:49, 0:22:05,    16, 46.40, 45.80,  0.60
  12448416,  6029, 3, 0:22:24, 0:26:03,   219, 45.80, 33.60, 12.20
  11724109,  6068, 2, 0:23:45, 0:26:18,   153, 43.50, 28.90, 14.60
         0,     0, 3, 0:26:11, 0:26:22,    11, 33.60, 33.50,  0.10
         0,     0, 2, 0:26:25, 0:26:39,    14, 28.90, 44.00,-15.10
  12706669,  7078, 4, 0:29:32, 0:31:02,    90, 43.20, 39.10,  4.10
         0,     0, 4, 0:31:11, 0:31:15,     4, 39.10, 43.50, -4.40
  12706669,  7078, 3, 0:32:00, 0:33:37,    97, 45.70, 45.00,  0.70
  12448483,  6096, 5, 0:29:11, 0:33:58,   287, 40.80, 19.00, 21.80
         0,     0, 5, 0:34:06, 0:34:27,    21, 19.00, 41.00,-22.00
  21292347,  5120, 3, 0:36:02, 0:36:10,     8, 44.40, 44.60, -0.20
  13008792,     0,10, 0:34:56, 0:37:17,   141, 32.50, 20.20, 12.30
         0,     0,10, 0:37:24, 0:37:46,    22, 20.20, 41.10,-20.90
  13008792,     0,10, 0:38:04, 0:38:23,    19, 41.20, 39.20,  2.00
         0,     0,10, 0:38:32, 0:38:33,     1, 39.20, 41.10, -1.90
  12706726,  7135, 2, 0:40:34, 0:43:25,   171, 44.00, 28.70, 15.30
  21292347,  5120, 3, 0:42:14, 0:43:33,    79, 43.70, 39.20,  4.50
         0,     0, 2, 0:43:32, 0:43:46,    14, 28.70, 43.80,-15.10
         0,     0, 3, 0:43:41, 0:43:47,     6, 39.20, 39.40, -0.20
  13323435,     0,10, 0:45:12, 0:45:20,     8, 41.10, 41.10,  0.00
  12200083,     0, 9, 0:46:20, 0:47:28,    68, 41.10, 35.50,  5.60
         0,     0, 9, 0:47:35, 0:47:42,     7, 35.50, 41.10, -5.60
  12706686,  7095, 4, 0:48:20, 0:48:21,     1, 43.30, 43.50, -0.20
  12706686,  7095, 3, 0:48:26, 0:51:09,   163, 45.80, 41.30,  4.50
         0,     0, 3, 0:51:17, 0:51:21,     4, 41.30, 46.20, -4.90
  12448451,  6064, 2, 0:51:37, 0:52:03,    26, 43.80, 43.70,  0.10
  12448409,  6022, 5, 0:51:07, 0:53:46,   159, 40.90, 28.90, 12.00
         0,     0, 5, 0:53:54, 0:54:05,    11, 28.90, 40.80,-11.90
  12706705,  7114, 2, 0:52:13, 0:55:24,   191, 43.70, 29.10, 14.60
         0,     0, 2, 0:55:32, 0:55:45,    13, 29.10, 43.90,-14.80
  12448451,  6064, 1, 0:52:11, 0:56:26,   255, 41.20, 16.00, 25.20
         0,     0, 1, 0:56:34, 0:56:57,    23, 16.00, 41.30,-25.30
  13323435,     0, 9, 1:00:46, 1:02:02,    76, 40.90, 37.70,  3.20
         0,     0, 9, 1:02:09, 1:02:13,     4, 37.70, 41.10, -3.40
  12448479,  6092, 4, 1:08:09, 1:10:22,   133, 44.10, 32.10, 12.00
         0,     0, 4, 1:10:30, 1:10:41,    11, 32.10, 43.30,-11.20
  12448479,  6092, 2, 1:12:04, 1:12:44,    40, 43.90, 42.00,  1.90
         0,     0, 2, 1:12:51, 1:12:51,     0, 42.00, 42.70, -0.70
  12448448,  6061, 5, 1:19:20, 1:19:30,    10, 40.80, 40.80,  0.00
  21268104,  6067, 3, 1:25:42, 1:26:16,    34, 44.60, 46.60, -2.00
  12200046,  5100, 2, 1:26:18, 1:27:14,    56, 42.70, 41.90,  0.80
         0,     0, 2, 1:27:22, 1:27:22,     0, 41.90, 43.60, -1.70
  13323425,     0, 9, 1:27:26, 1:27:47,    21, 41.00, 40.80,  0.20
  12200046,  5100, 1, 1:27:36, 1:28:08,    32, 41.30, 34.10,  7.20
         0,     0, 1, 1:28:15, 1:28:21,     6, 34.10, 41.30, -7.20
  21268104,  6067, 3, 1:27:18, 1:29:43,   145, 46.10, 34.30, 11.80
         0,     0, 3, 1:29:50, 1:30:01,    11, 34.30, 34.30,  0.00
  12448448,  6061, 5, 1:34:27, 1:37:36,   189, 40.80, 40.30,  0.50
  12448448,  6061, 5, 1:37:45, 1:41:01,   196, 40.30, 24.50, 15.80
  11499161,  2051, 4, 1:39:49, 1:41:18,    89, 43.60, 42.30,  1.30
         0,     0, 5, 1:41:10, 1:41:25,    15, 24.50, 24.50,  0.00
  12706655,  7064, 4, 1:45:06, 1:48:07,   181, 42.40, 21.70, 20.70
         0,     0, 4, 1:48:14, 1:48:35,    21, 21.70, 43.40,-21.70
  13323450,     0, 9, 1:50:55, 1:53:13,   138, 40.80, 34.10,  6.70
         0,     0, 9, 1:53:21, 1:53:30,     9, 34.10, 41.00, -6.90
  11499161,  2051, 4, 1:52:35, 1:54:17,   102, 43.50, 36.70,  6.80
         0,     0, 4, 1:54:25, 1:54:31,     6, 36.70, 43.30, -6.60
  11499161,  2051, 4, 1:54:54, 1:55:19,    25, 43.40, 41.30,  2.10
         0,     0, 4, 1:55:27, 1:55:28,     1, 41.30, 43.40, -2.10
  12448479,  6092, 2, 1:56:09, 1:57:57,   108, 43.60, 36.60,  7.00
         0,     0, 2, 1:58:04, 1:58:10,     6, 36.60, 43.90, -7.30
  12200042,  5096, 4, 1:56:51, 1:58:50,   119, 43.30, 26.60, 16.70
  12448479,  6092, 1, 1:58:34, 1:59:05,    31, 41.20, 40.20,  1.00
         0,     0, 4, 1:58:58, 1:59:14,    16, 26.60, 43.40,-16.80
  12448449,  6062, 5, 2:01:41, 2:03:34,   113, 40.90, 28.90, 12.00
         0,     0, 5, 2:03:41, 2:03:52,    11, 28.90, 29.00, -0.10
  12706701,  7110, 5, 2:05:15, 2:10:48,   333, 40.80, 29.20, 11.60
         0,     0, 5, 2:10:56, 2:11:07,    11, 29.20, 40.90,-11.70
  13323358,     0, 9, 2:10:32, 2:11:20,    48, 41.00, 35.90,  5.10
         0,     0, 9, 2:11:27, 2:11:33,     6, 35.90, 41.10, -5.20
  12706616,  7025, 4, 2:14:12, 2:15:11,    59, 43.40, 30.00, 13.40
         0,     0, 4, 2:15:18, 2:15:31,    13, 30.00, 43.30,-13.30
  13008835,     0, 6, 1:38:49, 2:18:25,  2376, 41.40, 40.80,  0.60
  11953978,  4008, 2, 2:18:03, 2:22:31,   268, 43.90, 33.70, 10.20
         0,     0, 2, 2:22:39, 2:22:48,     9, 33.70, 43.90,-10.20
  21268104,  6067, 5, 2:24:29, 2:26:59,   150, 40.90, 40.80,  0.10
  12448477,  6090, 1, 2:26:53, 2:31:01,   248, 40.20, 27.50, 12.70
         0,     0, 1, 2:31:09, 2:31:22,    13, 27.50, 41.20,-13.70
  12706618,     0,10, 2:40:31, 2:41:15,    44, 40.70, 35.80,  4.90
         0,     0,10, 2:41:23, 2:41:28,     5, 35.80, 41.20, -5.40
  13323425,     0,10, 2:48:00, 2:48:18,    18, 41.20, 41.00,  0.20
  13323425,     0,10, 2:49:37, 2:50:00,    23, 40.90, 40.60,  0.30
  13323425,     0, 9, 2:51:21, 2:51:42,    21, 41.10, 40.70,  0.40
  12200007,  5061, 2, 2:53:04, 2:53:53,    49, 44.00, 38.10,  5.90
         0,     0, 2, 2:54:02, 2:54:07,     5, 38.10, 44.00, -5.90
  12448477,  6090, 1, 3:05:30, 3:05:56,    26, 41.20, 39.90,  1.30
         0,     0, 1, 3:06:04, 3:06:04,     0, 39.90, 41.10, -1.20
  12706651,  7060, 1, 3:09:32, 3:10:35,    63, 41.10, 37.30,  3.80
         0,     0, 1, 3:10:42, 3:10:45,     3, 37.30, 41.30, -4.00
  12706651,  7060, 1, 3:10:55, 3:11:41,    46, 41.30, 37.40,  3.90
         0,     0, 1, 3:11:49, 3:11:52,     3, 37.40, 41.30, -3.90
  13008800,     0,10, 3:13:48, 3:14:23,    35, 40.50, 36.00,  4.50
         0,     0,10, 3:14:31, 3:14:36,     5, 36.00, 41.20, -5.20
  11954075,  4105, 2, 3:23:19, 3:25:41,   142, 44.00, 28.00, 16.00
         0,     0, 2, 3:25:49, 3:26:04,    15, 28.00, 43.90,-15.90
  12706700,  7109, 3, 3:25:48, 3:27:39,   111, 45.90, 28.10, 17.80
         0,     0, 3, 3:27:47, 3:28:03,    16, 28.10, 28.00,  0.10
  13008815,     0, 8, 3:42:20, 3:44:20,   120, 41.00, 35.20,  5.80
         0,     0, 8, 3:44:29, 3:44:35,     6, 35.20, 41.10, -5.90
  13008815,     0, 8, 3:46:21, 3:47:35,    74, 41.10, 38.10,  3.00
         0,     0, 8, 3:47:43, 3:47:46,     3, 38.10, 41.10, -3.00
  13008735,  7156, 1, 3:44:35, 3:49:23,   288, 41.30, 23.80, 17.50
         0,     0, 1, 3:49:32, 3:49:48,    16, 23.80, 41.30,-17.50
  12706636,  7045, 1, 4:03:51, 4:05:16,    85, 41.30, 26.50, 14.80
         0,     0, 1, 4:05:24, 4:05:37,    13, 26.50, 41.30,-14.80
  12706639,  7048, 2, 4:08:07, 4:11:19,   192, 43.90, 27.00, 16.90
         0,     0, 2, 4:11:26, 4:11:42,    16, 27.00, 44.00,-17.00
  12706669,  7078, 3, 4:09:30, 4:11:59,   149, 46.70, 28.70, 18.00
         0,     0, 3, 4:12:07, 4:12:23,    16, 28.70, 28.60,  0.10
  12706650,  7059, 2, 4:30:26, 4:33:36,   190, 44.00, 30.70, 13.30
         0,     0, 2, 4:33:43, 4:33:55,    12, 30.70, 43.90,-13.20
  11724239,  3139, 1, 4:32:25, 4:36:32,   247, 41.30, 25.40, 15.90
         0,     0, 1, 4:36:39, 4:36:54,    15, 25.40, 41.30,-15.90
  12199981,  5035, 5, 4:59:07, 5:01:37,   150, 40.80, 21.70, 19.10
         0,     0, 5, 5:01:44, 5:02:02,    18, 21.70, 40.90,-19.20
  12200046,  5100, 1, 6:05:02, 6:05:34,    32, 41.30, 39.20,  2.10
         0,     0, 1, 6:05:43, 6:05:44,     1, 39.20, 41.20, -2.00
  12200046,  5100, 1, 6:05:59, 6:06:26,    27, 41.20, 36.10,  5.10
         0,     0, 1, 6:06:34, 6:06:38,     4, 36.10, 41.30, -5.20
  12448428,  6041, 1, 6:08:11, 6:09:05,    54, 41.30, 27.30, 14.00
         0,     0, 1, 6:09:13, 6:09:26,    13, 27.30, 41.20,-13.90
  12706738,  7147, 2, 6:07:09, 6:09:28,   139, 43.90, 32.80, 11.10
         0,     0, 2, 6:09:36, 6:09:45,     9, 32.80, 42.90,-10.10
  12706738,  7147, 2, 6:09:58, 6:10:54,    56, 43.00, 38.30,  4.70
  11724109,  6068, 1, 6:10:07, 6:10:56,    49, 41.20, 41.10,  0.10
         0,     0, 2, 6:11:02, 6:11:06,     4, 38.30, 43.90, -5.60
  13008732,  7153, 4, 6:11:06, 6:14:15,   189, 43.60, 25.80, 17.80
  11724109,  6068, 1, 6:11:16, 6:14:31,   195, 41.10, 25.10, 16.00
  21268104,  6067, 2, 6:11:26, 6:14:35,   189, 43.90, 24.20, 19.70
         0,     0, 4, 6:14:24, 6:14:41,    17, 25.80, 43.20,-17.40
         0,     0, 1, 6:14:39, 6:14:54,    15, 25.10, 41.30,-16.20
         0,     0, 2, 6:14:43, 6:15:02,    19, 24.20, 43.90,-19.70
  12706686,  7095, 1, 6:17:54, 6:21:50,   236, 41.30, 22.00, 19.30
         0,     0, 1, 6:21:58, 6:22:16,    18, 22.00, 41.30,-19.30
  12706616,  7025, 3, 6:21:28, 6:23:15,   107, 46.50, 34.40, 12.10
         0,     0, 3, 6:23:23, 6:23:33,    10, 34.40, 34.80, -0.40
  12706727,  7136, 1, 6:24:49, 6:26:26,    97, 41.30, 24.00, 17.30
         0,     0, 1, 6:26:34, 6:26:50,    16, 24.00, 41.30,-17.30
  12448416,  6029, 3, 6:24:15, 6:26:57,   162, 46.00, 33.90, 12.10
         0,     0, 3, 6:27:05, 6:27:16,    11, 33.90, 33.80,  0.10
  12706637,  7046, 3, 6:34:12, 6:34:17,     5, 45.90, 45.80,  0.10
  13008735,  7156, 4, 6:32:47, 6:34:22,    95, 43.40, 41.70,  1.70
  12706637,  7046, 4, 6:34:43, 6:34:47,     4, 41.30, 41.70, -0.40
         0,     0, 4, 6:34:55, 6:34:56,     1, 41.70, 43.30, -1.60
  13008735,  7156, 3, 6:34:47, 6:36:47,   120, 46.00, 38.30,  7.70
         0,     0, 3, 6:36:55, 6:37:02,     7, 38.30, 38.50, -0.20
  12448473,  6086, 2, 6:36:20, 6:37:36,    76, 44.00, 33.20, 10.80
  12448449,  6062, 5, 6:35:15, 6:37:39,   144, 40.90, 27.60, 13.30
         0,     0, 2, 6:37:44, 6:37:54,    10, 33.20, 43.90,-10.70
         0,     0, 5, 6:37:46, 6:37:59,    13, 27.60, 40.90,-13.30
  12706705,  7114, 2, 6:38:04, 6:38:15,    11, 43.90, 43.90,  0.00
  12448473,  6086, 1, 6:37:42, 6:38:18,    36, 41.30, 33.90,  7.40
         0,     0, 1, 6:38:27, 6:38:33,     6, 33.90, 41.30, -7.40
  12706651,  7060, 4, 6:39:27, 6:41:44,   137, 43.30, 28.50, 14.80
         0,     0, 4, 6:41:51, 6:42:05,    14, 28.50, 43.30,-14.80
  12706710,  7119, 1, 6:40:12, 6:42:17,   125, 41.30, 23.60, 17.70
         0,     0, 1, 6:42:25, 6:42:41,    16, 23.60, 41.30,-17.70
  12200007,  5061, 1, 6:43:10, 6:44:30,    80, 41.30, 34.30,  7.00
         0,     0, 1, 6:44:38, 6:44:44,     6, 34.30, 41.30, -7.00
  11724239,  3139, 2, 6:45:44, 6:47:43,   119, 43.90, 37.10,  6.80
         0,     0, 2, 6:47:51, 6:47:57,     6, 37.10, 44.00, -6.90
  12448471,  6084, 3, 6:49:08, 6:50:36,    88, 46.20, 32.90, 13.30
         0,     0, 3, 6:50:44, 6:50:56,    12, 32.90, 32.80,  0.10
  12706707,  7116, 2, 6:49:15, 6:50:57,   102, 44.00, 32.30, 11.70
         0,     0, 2, 6:51:05, 6:51:15,    10, 32.30, 43.90,-11.60
  13008732,  7153, 5, 6:51:14, 6:51:47,    33, 40.90, 40.60,  0.30
  11954014,  4044, 4, 6:51:18, 6:52:33,    75, 43.70, 27.10, 16.60
         0,     0, 4, 6:52:40, 6:52:56,    16, 27.10, 43.30,-16.20
  12706705,  7114, 2, 6:51:34, 6:55:39,   245, 43.90, 27.00, 16.90
         0,     0, 2, 6:55:48, 6:56:04,    16, 27.00, 43.90,-16.90
  12448479,  6092, 1, 6:53:59, 6:57:01,   182, 41.20, 24.00, 17.20
         0,     0, 1, 6:57:09, 6:57:25,    16, 24.00, 41.20,-17.20
  13008732,  7153, 5, 6:58:15, 6:58:23,     8, 40.70, 40.40,  0.30
  12706650,  7059, 4, 7:05:34, 7:06:58,    84, 43.80, 37.40,  6.40
         0,     0, 4, 7:07:06, 7:07:12,     6, 37.40, 43.10, -5.70
  12448449,  6062, 1, 7:05:48, 7:07:36,   108, 41.20, 28.10, 13.10
         0,     0, 1, 7:07:43, 7:07:57,    14, 28.10, 41.20,-13.10
  13008756,  7115, 2, 7:05:25, 7:07:55,   150, 43.90, 21.70, 22.20
         0,     0, 2, 7:08:03, 7:08:26,    23, 21.70, 43.90,-22.20
  12199988,  5042, 4, 7:09:37, 7:12:30,   173, 43.20, 28.30, 14.90
         0,     0, 4, 7:12:38, 7:12:53,    15, 28.30, 43.40,-15.10
  12706659,  7068, 2, 7:10:26, 7:17:49,   443, 43.90, 13.30, 30.60
         0,     0, 2, 7:17:57, 7:18:27,    30, 13.30, 44.00,-30.70
  12448477,  6090, 2, 7:29:30, 7:30:41,    71, 44.10, 39.90,  4.20
         0,     0, 2, 7:30:49, 7:30:52,     3, 39.90, 43.90, -4.00
  11954050,  4080, 1, 7:57:05, 7:58:09,    64, 41.20, 40.30,  0.90
  12448451,  6064, 2, 7:58:27, 7:58:35,     8, 43.90, 43.90,  0.00
  12448409,  6022, 4, 7:56:27, 7:59:49,   202, 43.40, 22.20, 21.20
         0,     0, 4, 7:59:56, 8:00:17,    21, 22.20, 43.40,-21.20
  11954050,  4080, 1, 7:59:13, 8:00:29,    76, 40.30, 34.90,  5.40
         0,     0, 1, 8:00:37, 8:00:42,     5, 34.90, 41.30, -6.40
  11954050,  4080, 1, 8:00:53, 8:02:04,    71, 41.30, 28.20, 13.10
  12200042,  5096, 2, 8:00:52, 8:02:07,    75, 43.80, 38.30,  5.50
         0,     0, 2, 8:02:15, 8:02:20,     5, 38.30, 43.80, -5.50
         0,     0, 1, 8:02:11, 8:02:23,    12, 28.20, 41.20,-13.00
  12448451,  6064, 2, 8:06:20, 8:11:40,   320, 43.90, 18.50, 25.40
         0,     0, 2, 8:11:47, 8:12:12,    25, 18.50, 44.00,-25.50
  12706655,  7064, 1, 8:20:22, 8:21:18,    56, 41.20, 41.00,  0.20
  12706639,  7048, 4, 8:18:24, 8:21:53,   209, 44.10, 21.00, 23.10
         0,     0, 4, 8:22:00, 8:22:21,    21, 21.00, 43.20,-22.20
  12706726,  7135, 5, 8:23:20, 8:25:35,   135, 40.50, 27.70, 12.80
  12706655,  7064, 1, 8:21:28, 8:25:38,   250, 41.00, 15.70, 25.30
         0,     0, 5, 8:25:43, 8:25:56,    13, 27.70, 40.80,-13.10
         0,     0, 1, 8:25:46, 8:26:10,    24, 15.70, 41.30,-25.60
  13323425,     0, 9, 8:33:22, 8:33:52,    30, 40.20, 39.40,  0.80
         0,     0, 9, 8:34:00, 8:34:02,     2, 39.40, 40.70, -1.30
  13323425,     0, 9, 8:34:28, 8:34:29,     1, 37.90, 37.90,  0.00
         0,     0, 9, 8:34:37, 8:34:41,     4, 37.90, 41.10, -3.20
  13008833,     0, 6, 2:18:34, 8:35:33, 22619, 40.80, 40.70,  0.10
  13008765,     0,10, 8:34:54, 8:36:35,   101, 39.90, 32.50,  7.40
         0,     0,10, 8:36:43, 8:36:52,     9, 32.50, 41.20, -8.70
  12448483,  6096, 2, 8:40:23, 8:43:42,   199, 44.00, 14.60, 29.40
  13323434,     0, 9, 8:44:08, 8:44:10,     2, 41.10, 41.10,  0.00
         0,     0, 2, 8:43:51, 8:44:19,    28, 14.60, 43.90,-29.30
  13323434,     0, 9, 8:44:22, 8:44:31,     9, 41.00, 41.00,  0.00
  13323434,     0, 9, 8:44:44, 8:45:53,    69, 41.00, 39.90,  1.10
         0,     0, 9, 8:46:01, 8:46:02,     1, 39.90, 41.00, -1.10
  13323434,     0, 9, 8:46:17, 8:46:38,    21, 41.00, 40.20,  0.80
  13323434,     0, 9, 8:46:55, 8:46:57,     2, 39.10, 39.10,  0.00
         0,     0, 9, 8:47:05, 8:47:07,     2, 39.10, 41.00, -1.90
  13323434,     0, 9, 8:47:37, 8:47:57,    20, 39.80, 38.90,  0.90
         0,     0, 9, 8:48:06, 8:48:08,     2, 38.90, 41.20, -2.30
  13008742,  7163, 1, 8:50:21, 8:50:36,    15, 41.30, 41.30,  0.00
  13008742,  7163, 2, 8:51:01, 8:55:06,   245, 43.90, 20.60, 23.30
         0,     0, 2, 8:55:13, 8:55:35,    22, 20.60, 44.00,-23.40
  12706726,  7135, 5, 8:54:13, 8:55:35,    82, 40.90, 34.50,  6.40
         0,     0, 5, 8:55:42, 8:55:48,     6, 34.50, 40.90, -6.40
  21292347,  5120, 4, 8:55:09, 8:57:26,   137, 43.60, 30.50, 13.10
         0,     0, 4, 8:57:34, 8:57:46,    12, 30.50, 43.30,-12.80
  11953978,  4008, 2, 8:56:13, 8:58:37,   144, 44.00, 37.30,  6.70
         0,     0, 2, 8:58:45, 8:58:50,     5, 37.30, 43.90, -6.60
  11499202,     0, 6, 8:58:47, 8:59:58,    71, 39.60, 36.20,  3.40
         0,     0, 6, 9:00:06, 9:00:10,     4, 36.20, 36.40, -0.20
  12448437,  6050, 8, 9:10:32, 9:10:39,     7, 41.00, 41.00,  0.00
  12448437,  6050, 8, 9:10:56, 9:12:01,    65, 41.00, 41.00,  0.00
  12448437,  6050, 7, 9:10:50, 9:12:39,   109, 41.60, 41.60,  0.00
  13008797,     0, 6, 9:00:54, 9:15:01,   847, 41.40, 32.70,  8.70
         0,     0, 6, 9:15:09, 9:15:17,     8, 32.70, 41.40, -8.70
  13323425,     0, 9, 9:15:58, 9:16:37,    39, 41.10, 40.60,  0.50
  13323425,     0, 9, 9:17:08, 9:17:52,    44, 40.60, 39.60,  1.00
         0,     0, 9, 9:18:00, 9:18:01,     1, 39.60, 41.00, -1.40
  12199981,  5035, 1, 9:19:03, 9:21:15,   132, 41.20, 23.00, 18.20
         0,     0, 1, 9:21:22, 9:21:41,    19, 23.00, 41.30,-18.30
  12706622,     0, 6, 9:19:17, 9:22:14,   177, 23.80, 23.90, -0.10
         0,     0, 6, 9:22:22, 9:22:40,    18, 23.90, 24.00, -0.10
  12448415,     0, 7, 9:13:14, 9:23:58,   644, 41.60, 41.60,  0.00
  12706615,     0,10, 9:21:52, 9:24:24,   152, 41.00, 30.50, 10.50
         0,     0,10, 9:24:33, 9:24:44,    11, 30.50, 41.10,-10.60
  11499161,  2051, 1, 9:22:20, 9:24:45,   145, 41.20, 30.50, 10.70
  11954014,  4044, 3, 9:24:41, 9:24:48,     7, 46.70, 47.30, -0.60
  11724239,  3139, 2, 9:22:12, 9:24:50,   158, 43.90, 42.90,  1.00
         0,     0, 1, 9:24:53, 9:25:04,    11, 30.50, 41.20,-10.70
  11499161,  2051, 1, 9:25:15, 9:25:35,    20, 41.20, 40.30,  0.90
  11954014,  4044, 4, 9:25:19, 9:25:42,    23, 43.60, 39.70,  3.90
         0,     0, 4, 9:25:50, 9:25:53,     3, 39.70, 43.10, -3.40
  13008762,     0, 6, 9:22:53, 9:27:39,   286, 24.00, 33.90, -9.90
         0,     0, 6, 9:27:47, 9:27:54,     7, 33.90, 41.50, -7.60
  12706637,  7046, 4, 9:28:20, 9:29:16,    56, 43.20, 42.30,  0.90
  12448437,  6050, 8, 9:24:11, 9:29:42,   331, 40.90, 27.90, 13.00
         0,     0, 8, 9:29:50, 9:30:04,    14, 27.90, 41.00,-13.10
  12706637,  7046, 4, 9:29:39, 9:30:26,    47, 42.30, 33.40,  8.90
         0,     0, 4, 9:30:34, 9:30:44,    10, 33.40, 43.10, -9.70
  11954014,  4044, 1, 9:29:57, 9:30:58,    61, 40.30, 23.60, 16.70
         0,     0, 1, 9:31:06, 9:31:23,    17, 23.60, 41.30,-17.70
  11724239,  3139, 2, 9:30:13, 9:32:08,   115, 42.80, 37.60,  5.20
  21268825,  6087, 3, 9:29:21, 9:32:11,   170, 46.80, 22.90, 23.90
         0,     0, 2, 9:32:17, 9:32:22,     5, 37.60, 43.90, -6.30
  21292347,  5120, 4, 9:31:15, 9:32:24,    69, 43.20, 36.00,  7.20
         0,     0, 4, 9:32:32, 9:32:39,     7, 36.00, 43.10, -7.10
         0,     0, 3, 9:32:19, 9:32:42,    23, 22.90, 22.80,  0.10
  11953978,  4008, 2, 9:32:47, 9:33:47,    60, 43.80, 31.30, 12.50
         0,     0, 2, 9:33:54, 9:34:06,    12, 31.30, 43.90,-12.60
  13008815,     0, 8, 9:31:09, 9:35:07,   238, 41.10, 21.10, 20.00
         0,     0, 8, 9:35:16, 9:35:38,    22, 21.10, 21.20, -0.10
  12706624,  7033, 6, 9:28:05, 9:38:57,   652, 41.50, 37.30,  4.20
         0,     0, 6, 9:39:05, 9:39:08,     3, 37.30, 41.40, -4.10
  13008833,     0, 6, 9:39:57, 9:41:04,    67, 39.40, 30.70,  8.70
         0,     0, 6, 9:41:11, 9:41:21,    10, 30.70, 41.30,-10.60
  12706634,     0, 8, 9:41:09, 9:42:47,    98, 41.20, 29.70, 11.50
  12199969,     0, 9, 9:42:48, 9:42:52,     4, 40.00, 40.00,  0.00
         0,     0, 8, 9:42:55, 9:43:07,    12, 29.70, 41.10,-11.40
  12706634,     0, 8, 9:43:48, 9:44:07,    19, 41.10, 38.10,  3.00
         0,     0, 8, 9:44:15, 9:44:17,     2, 38.10, 41.10, -3.00
  12199969,     0, 9, 9:43:10, 9:44:31,    81, 40.00, 34.00,  6.00
         0,     0, 9, 9:44:39, 9:44:48,     9, 34.00, 41.10, -7.10
  12706634,     0, 8, 9:45:43, 9:46:08,    25, 41.10, 37.70,  3.40
         0,     0, 8, 9:46:15, 9:46:18,     3, 37.70, 41.10, -3.40
  12706636,  7045, 2, 9:46:04, 9:47:37,    93, 44.00, 31.20, 12.80
         0,     0, 2, 9:47:45, 9:47:57,    12, 31.20, 44.00,-12.80
  12448442,  6055, 6, 9:41:39, 9:49:35,   476, 39.30, 28.70, 10.60
         0,     0, 6, 9:49:42, 9:49:54,    12, 28.70, 40.90,-12.20
  21268104,  6067, 2, 9:48:41, 9:51:06,   145, 44.00, 30.10, 13.90
         0,     0, 2, 9:51:14, 9:51:27,    13, 30.10, 44.00,-13.90
  13008737,     0, 8, 9:57:44, 9:57:54,    10, 41.10, 41.10,  0.00
  13008737,     0, 8, 9:58:17, 9:58:55,    38, 41.20, 41.10,  0.10
  13008737,     0, 8,10:01:18,10:01:19,     1, 23.30, 23.30,  0.00
         0,     0, 8,10:01:28,10:01:47,    19, 23.30, 23.40, -0.10
  12448479,  6092, 3, 9:59:36,10:02:33,   177, 47.00, 33.90, 13.10
         0,     0, 3,10:02:41,10:02:52,    11, 33.90, 46.20,-12.30
  11499161,  2051, 1,10:03:59,10:07:34,   215, 41.30, 30.80, 10.50
         0,     0, 1,10:07:43,10:07:52,     9, 30.80, 41.20,-10.40
  11724109,  6068, 1,10:08:21,10:09:02,    41, 41.20, 41.20,  0.00
  12706710,  7119, 2,10:07:51,10:09:04,    73, 44.00, 40.00,  4.00
         0,     0, 2,10:09:11,10:09:13,     2, 40.00, 43.90, -3.90
  12706710,  7119, 2,10:09:23,10:11:12,   109, 43.80, 27.60, 16.20
  12448471,  6084, 1,10:09:18,10:11:16,   118, 41.20, 21.20, 20.00
         0,     0, 2,10:11:21,10:11:38,    17, 27.60, 43.80,-16.20
         0,     0, 1,10:11:24,10:11:44,    20, 21.20, 41.20,-20.00
  12448416,  6029, 4,10:11:31,10:14:46,   195, 43.20, 26.00, 17.20
  11724109,  6068, 1,10:12:13,10:14:56,   163, 41.20, 24.10, 17.10
         0,     0, 4,10:14:53,10:15:11,    18, 26.00, 43.30,-17.30
         0,     0, 1,10:15:04,10:15:21,    17, 24.10, 41.20,-17.10
  12199981,  5035, 3,10:16:29,10:17:12,    43, 46.40, 34.00, 12.40
         0,     0, 3,10:17:20,10:17:31,    11, 34.00, 46.20,-12.20
  11954075,  4105, 2,10:18:02,10:20:08,   126, 43.90, 28.80, 15.10
         0,     0, 2,10:20:17,10:20:31,    14, 28.80, 44.00,-15.20
  12706738,  7147, 4,10:18:21,10:20:28,   127, 43.40, 30.10, 13.30
         0,     0, 4,10:20:36,10:20:48,    12, 30.10, 43.30,-13.20
  13008762,     0, 6, 9:51:57,10:21:28,  1771, 24.70, 24.70,  0.00
         0,     0, 6,10:21:35,10:21:51,    16, 24.70, 24.80, -0.10
  12706738,  7147, 4,10:21:24,10:22:54,    90, 43.50, 40.40,  3.10
         0,     0, 4,10:23:02,10:23:04,     2, 40.40, 43.30, -2.90
  12706727,  7136, 1,10:25:24,10:26:37,    73, 41.20, 40.60,  0.60
  12706727,  7136, 2,10:26:43,10:27:50,    67, 44.00, 30.30, 13.70
  12448428,  6041, 1,10:26:47,10:27:51,    64, 40.60, 25.50, 15.10
         0,     0, 2,10:27:58,10:28:11,    13, 30.30, 43.90,-13.60
         0,     0, 1,10:28:00,10:28:15,    15, 25.50, 41.30,-15.80
  13008797,     0, 6,10:24:31,10:28:44,   253, 30.90, 31.10, -0.20
         0,     0, 6,10:28:52,10:29:02,    10, 31.10, 31.10,  0.00
  13008833,     0, 6,10:29:20,10:34:33,   313, 41.40, 25.20, 16.20
         0,     0, 6,10:34:40,10:34:56,    16, 25.20, 41.40,-16.20
  12706636,  7045, 4,10:33:51,10:36:12,   141, 43.40, 28.00, 15.40
         0,     0, 4,10:36:19,10:36:33,    14, 28.00, 43.40,-15.40
  12448448,  6061, 5,10:39:25,10:39:27,     2, 40.80, 40.80,  0.00
  12706650,  7059, 3,10:40:40,10:43:01,   141, 46.40, 33.50, 12.90
         0,     0, 3,10:43:08,10:43:19,    11, 33.50, 33.30,  0.20
  12448479,  6092, 2,10:42:28,10:44:48,   140, 43.90, 33.30, 10.60
         0,     0, 2,10:44:56,10:45:05,     9, 33.30, 43.90,-10.60
  12200007,  5061, 1,10:43:51,10:45:28,    97, 41.30, 24.80, 16.50
         0,     0, 1,10:45:36,10:45:52,    16, 24.80, 41.30,-16.50
  12448448,  6061, 5,10:40:14,10:46:33,   379, 40.80, 15.10, 25.70
         0,     0, 5,10:46:42,10:47:07,    25, 15.10, 40.90,-25.80
  12706707,  7116, 2,10:46:20,10:48:28,   128, 44.00, 31.30, 12.70
         0,     0, 2,10:48:35,10:48:46,    11, 31.30, 44.00,-12.70
  12706622,     0, 6,10:35:27,10:48:55,   808, 41.40, 40.10,  1.30
  12706651,  7060, 4,10:48:01,10:49:53,   112, 43.20, 28.20, 15.00
         0,     0, 4,10:50:02,10:50:16,    14, 28.20, 43.30,-15.10
  12706686,  7095, 1,10:49:56,10:52:31,   155, 41.30, 26.70, 14.60
  12706650,  7059, 3,10:52:45,10:52:46,     1, 46.40, 46.80, -0.40
         0,     0, 1,10:52:38,10:52:51,    13, 26.70, 41.30,-14.60
  12448477,  6090, 2,10:50:20,10:53:28,   188, 44.00, 29.50, 14.50
         0,     0, 2,10:53:36,10:53:50,    14, 29.50, 43.90,-14.40
  12200042,  5096, 5,10:51:32,10:54:44,   192, 40.80, 18.70, 22.10
  12706700,  7109, 2,10:54:40,10:55:10,    30, 44.00, 43.90,  0.10
         0,     0, 5,10:54:52,10:55:17,    25, 18.70, 40.70,-22.00
  11954075,  4105, 1,10:55:28,10:56:42,    74, 41.20, 26.20, 15.00
         0,     0, 1,10:56:51,10:57:07,    16, 26.20, 41.30,-15.10
  13008732,  7153, 3,10:53:51,10:57:24,   213, 46.80, 25.40, 21.40
         0,     0, 3,10:57:31,10:57:49,    18, 25.40, 46.50,-21.10
  12706701,  7110, 4,10:58:08,10:59:38,    90, 43.90, 42.30,  1.60
  13323425,     0, 9,11:01:20,11:01:25,     5, 41.10, 41.10,  0.00
  12706701,  7110, 4,11:00:00,11:01:45,   105, 42.10, 30.40, 11.70
         0,     0, 4,11:01:53,11:02:05,    12, 30.40, 43.20,-12.80
  13323425,     0, 9,11:01:38,11:02:05,    27, 41.10, 40.90,  0.20
  13323425,     0, 9,11:02:28,11:02:52,    24, 40.90, 40.50,  0.40
  12448416,  6029, 3,11:03:09,11:04:23,    74, 46.10, 36.80,  9.30
         0,     0, 3,11:04:31,11:04:39,     8, 36.80, 37.10, -0.30
  13008756,  7115, 1,11:03:06,11:04:56,   110, 41.30, 24.30, 17.00
  12448437,  6050, 8,11:00:54,11:05:11,   257, 41.10, 31.10, 10.00
         0,     0, 1,11:05:05,11:05:22,    17, 24.30, 41.30,-17.00
         0,     0, 8,11:05:20,11:05:30,    10, 31.10, 41.20,-10.10
  12706650,  7059, 4,11:03:52,11:05:53,   121, 43.40, 35.30,  8.10
         0,     0, 4,11:06:01,11:06:09,     8, 35.30, 43.50, -8.20
  12706669,  7078, 3,11:04:49,11:06:39,   110, 37.10, 27.70,  9.40
         0,     0, 3,11:06:47,11:07:04,    17, 27.70, 27.50,  0.20
  12706700,  7109, 2,11:06:19,11:07:17,    58, 43.90, 29.90, 14.00
         0,     0, 2,11:07:25,11:07:38,    13, 29.90, 44.00,-14.10
  12448409,  6022, 1,11:07:41,11:08:34,    53, 41.20, 40.40,  0.80
  12706609,  7018, 8,11:08:17,11:08:44,    27, 41.40, 41.40,  0.00
  13008737,     0, 7, 9:58:00,11:08:50,  4250, 41.60, 41.60,  0.00
  12706710,  7119, 1,11:08:47,11:10:43,   116, 40.40, 30.80,  9.60
         0,     0, 1,11:10:50,11:10:59,     9, 30.80, 41.20,-10.40
  12448409,  6022, 2,11:08:38,11:11:01,   143, 44.00, 23.20, 20.80
         0,     0, 2,11:11:08,11:11:28,    20, 23.20, 44.10,-20.90
  13008779,     0, 8,11:15:37,11:15:38,     1, 27.30, 27.30,  0.00
         0,     0, 8,11:15:47,11:16:01,    14, 27.30, 27.40, -0.10
  12448471,  6084, 2,11:15:57,11:17:02,    65, 44.10, 32.60, 11.50
         0,     0, 2,11:17:09,11:17:19,    10, 32.60, 43.90,-11.30
  12706624,  7033, 6,10:49:12,11:17:53,  1721, 40.00, 25.00, 15.00
         0,     0, 6,11:18:00,11:18:15,    15, 25.00, 25.00,  0.00
  12706707,  7116, 2,11:18:26,11:18:39,    13, 43.90, 42.60,  1.30
  12448449,  6062, 1,11:18:00,11:18:52,    52, 41.20, 38.90,  2.30
         0,     0, 1,11:18:59,11:19:00,     1, 38.90, 41.30, -2.40
  12199986,     0, 8,11:18:58,11:20:36,    98, 41.00, 29.30, 11.70
  12448449,  6062, 1,11:19:12,11:20:37,    85, 41.30, 23.70, 17.60
  12706707,  7116, 2,11:19:23,11:20:38,    75, 42.60, 37.00,  5.60
         0,     0, 2,11:20:47,11:20:53,     6, 37.00, 43.90, -6.90
         0,     0, 8,11:20:45,11:20:58,    13, 29.30, 41.20,-11.90
         0,     0, 1,11:20:45,11:21:02,    17, 23.70, 41.20,-17.50
  21292347,  5120, 4,11:26:13,11:28:03,   110, 43.40, 35.80,  7.60
         0,     0, 4,11:28:11,11:28:18,     7, 35.80, 43.30, -7.50
  12200007,  5061, 1,11:28:00,11:29:15,    75, 41.20, 30.20, 11.00
         0,     0, 1,11:29:23,11:29:33,    10, 30.20, 41.30,-11.10
  12448428,  6041, 3,11:35:06,11:36:02,    56, 46.00, 33.30, 12.70
         0,     0, 3,11:36:11,11:36:22,    11, 33.30, 33.10,  0.20
  12706659,  7068, 2,11:38:25,11:38:32,     7, 43.90, 43.90,  0.00
  12706659,  7068, 1,11:38:36,11:39:12,    36, 41.30, 41.20,  0.10
  12706659,  7068, 2,11:39:21,11:41:24,   123, 43.90, 31.20, 12.70
         0,     0, 2,11:41:32,11:41:44,    12, 31.20, 44.00,-12.80
  12706659,  7068, 1,11:41:41,11:42:01,    20, 41.20, 39.30,  1.90
         0,     0, 1,11:42:09,11:42:10,     1, 39.30, 41.20, -1.90
  13008756,  7115, 1,11:42:35,11:43:41,    66, 41.20, 31.40,  9.80
  12706651,  7060, 5,11:42:08,11:43:48,   100, 40.70, 33.50,  7.20
         0,     0, 1,11:43:49,11:43:58,     9, 31.40, 41.30, -9.90
         0,     0, 5,11:43:55,11:44:02,     7, 33.50, 33.50,  0.00
  13008779,     0, 7,11:13:42,11:44:15,  1833, 41.60, 41.50,  0.10
  12706651,  7060, 5,11:44:40,11:45:03,    23, 40.90, 38.80,  2.10
         0,     0, 5,11:45:12,11:45:14,     2, 38.80, 41.00, -2.20
  12706686,  7095, 1,11:44:08,11:45:31,    83, 41.30, 29.10, 12.20
         0,     0, 1,11:45:40,11:45:51,    11, 29.10, 41.20,-12.10
  13008768,     0, 6,11:21:01,11:46:56,  1555, 20.10, 20.10,  0.00
  12706616,  7025, 3,11:45:31,11:47:11,   100, 46.50, 31.60, 14.90
         0,     0, 6,11:47:03,11:47:24,    21, 20.10, 40.60,-20.50
  12200046,  5100, 4,11:47:07,11:47:27,    20, 43.40, 42.60,  0.80
         0,     0, 3,11:47:19,11:47:33,    14, 31.60, 46.10,-14.50
  12200046,  5100, 4,11:47:53,11:48:54,    61, 42.80, 28.50, 14.30
         0,     0, 4,11:49:03,11:49:17,    14, 28.50, 43.40,-14.90
  13008742,  7163, 3,11:52:51,11:53:00,     9, 46.20, 47.60, -1.40
  12706601,     0,10,11:58:48,11:59:02,    14, 17.60, 17.60,  0.00
         0,     0,10,11:59:11,11:59:37,    26, 17.60, 41.20,-23.60
  11499202,     0, 6,11:47:34,12:00:35,   781, 40.40, 28.80, 11.60
         0,     0, 6,12:00:43,12:00:57,    14, 28.80, 41.50,-12.70
  12706601,     0, 9,11:59:14,12:01:48,   154, 40.50, 25.50, 15.00
         0,     0, 9,12:01:56,12:02:17,    21, 25.50, 41.10,-15.60
  12706601,     0,10,12:02:05,12:02:15,    10, 41.20, 41.20,  0.00
  11724159,     0, 6,12:01:29,12:02:25,    56, 31.80, 31.70,  0.10
         0,     0, 6,12:02:32,12:02:41,     9, 31.70, 41.50, -9.80
  12199986,     0, 7,11:44:25,12:03:24,  1139, 41.50, 40.70,  0.80
  13008742,  7163, 2,12:01:41,12:05:50,   249, 44.00, 21.60, 22.40
         0,     0, 2,12:05:58,12:06:20,    22, 21.60, 44.00,-22.40
  12199977,     0, 9,12:06:12,12:07:40,    88, 41.10, 25.80, 15.30
  12448415,     0, 8,12:03:31,12:07:54,   263, 41.10, 15.80, 25.30
  13323435,     0,10,12:06:32,12:07:58,    86, 40.90, 30.80, 10.10
         0,     0, 9,12:07:48,12:08:09,    21, 25.80, 41.00,-15.20
         0,     0,10,12:08:06,12:08:17,    11, 30.80, 41.10,-10.30
         0,     0, 8,12:08:02,12:08:29,    27, 15.80, 41.10,-25.30
  12200048,     0, 7,12:08:15,12:09:17,    62, 40.80, 40.70,  0.10
  12200048,     0, 8,12:08:39,12:09:57,    78, 41.10, 40.50,  0.60
  12448521,     0, 8,12:10:10,12:12:35,   145, 40.40, 18.90, 21.50
         0,     0, 8,12:12:43,12:13:07,    24, 18.90, 41.10,-22.20
  13323450,     0, 9,12:08:34,12:13:17,   283, 41.00, 32.90,  8.10
         0,     0, 9,12:13:25,12:13:36,    11, 32.90, 41.10, -8.20
  12706726,  7135, 2,12:14:44,12:15:31,    47, 44.10, 41.30,  2.80
         0,     0, 2,12:15:39,12:15:40,     1, 41.30, 43.90, -2.60
  12706726,  7135, 2,12:15:50,12:17:07,    77, 43.90, 30.40, 13.50
         0,     0, 2,12:17:15,12:17:27,    12, 30.40, 43.90,-13.50
  12448473,  6086, 1,12:15:53,12:17:50,   117, 41.20, 23.20, 18.00
         0,     0, 1,12:17:58,12:18:16,    18, 23.20, 41.30,-18.10
  12200083,     0, 9,12:18:19,12:18:21,     2, 41.10, 41.10,  0.00
  12200083,     0, 9,12:19:45,12:19:47,     2, 34.70, 34.70,  0.00
         0,     0, 9,12:19:54,12:20:02,     8, 34.70, 41.10, -6.40
  12706618,     0, 9,12:21:02,12:21:06,     4, 41.10, 41.10,  0.00
  21306958,  5124, 7,12:18:20,12:21:08,   168, 40.70, 40.70,  0.00
  21306958,  5124, 8,12:18:37,12:21:24,   167, 14.80, 11.50,  3.30
         0,     0, 8,12:21:32,12:22:05,    33, 11.50, 41.10,-29.60
  13008837,     0, 7,12:21:20,12:22:10,    50, 40.70, 40.70,  0.00
  13008837,     0, 8,12:22:16,12:22:32,    16, 41.10, 41.10,  0.00
  13008837,     0, 8,12:23:02,12:23:42,    40, 41.10, 40.80,  0.30
  13008789,     0, 7,12:22:35,12:23:58,    83, 40.60, 40.60,  0.00
  13008792,     0, 9,12:24:05,12:24:11,     6, 40.20, 40.20,  0.00
  12448483,  6096, 2,12:21:16,12:25:44,   268, 43.90, 23.50, 20.40
         0,     0, 2,12:25:53,12:26:12,    19, 23.50, 44.00,-20.50
  12200048,     0, 8,12:26:51,12:26:54,     3, 24.40, 24.40,  0.00
         0,     0, 8,12:27:02,12:27:20,    18, 24.40, 24.50, -0.10
  13008837,     0, 7,12:24:16,12:28:34,   258, 39.30, 21.10, 18.20
         0,     0, 7,12:28:42,12:28:55,    13, 21.10, 21.10,  0.00
  13323434,     0, 9,12:27:14,12:29:12,   118, 40.20, 34.20,  6.00
         0,     0, 9,12:29:21,12:29:30,     9, 34.20, 41.00, -6.80
  13008789,     0, 8,12:28:50,12:30:09,    79, 41.10, 40.40,  0.70
  12706604,     0, 9,12:30:29,12:30:37,     8, 41.00, 40.90,  0.10
  12706604,     0, 9,12:31:17,12:32:02,    45, 41.00, 40.90,  0.10
  12706604,     0, 9,12:32:16,12:32:57,    41, 40.90, 40.50,  0.40
  12706705,  7114, 2,12:33:09,12:33:29,    20, 44.10, 43.90,  0.20
  12706604,     0, 9,12:33:07,12:34:37,    90, 40.50, 28.80, 11.70
  12200007,  5061, 3,12:33:34,12:34:46,    72, 46.80, 34.10, 12.70
         0,     0, 9,12:34:45,12:35:02,    17, 28.80, 41.00,-12.20
         0,     0, 3,12:34:54,12:35:05,    11, 34.10, 33.90,  0.20
  13008789,     0, 7,12:30:14,12:35:39,   325, 41.60, 41.60,  0.00
  12706615,     0, 9,12:35:56,12:35:58,     2, 41.00, 41.00,  0.00
  21306958,  5124, 8,12:35:57,12:36:29,    32, 40.40, 40.20,  0.20
  21306958,  5124, 8,12:36:41,12:36:55,    14, 40.20, 40.10,  0.10
  12706705,  7114, 1,12:33:48,12:37:06,   198, 41.20, 19.80, 21.40
  21306958,  5124, 7,12:35:52,12:37:21,    89, 41.50, 41.50,  0.00
         0,     0, 1,12:37:13,12:37:34,    21, 19.80, 41.20,-21.40
  13008802,     0, 9,12:36:34,12:37:48,    74, 41.00, 33.40,  7.60
  12706615,     0,10,12:36:29,12:37:58,    89, 40.90, 29.30, 11.60
         0,     0, 9,12:37:56,12:38:06,    10, 33.40, 40.90, -7.50
         0,     0,10,12:38:05,12:38:18,    13, 29.30, 41.10,-11.80
  13008789,     0, 7,12:37:45,12:38:42,    57, 41.50, 41.00,  0.50
  13008800,     0, 9,12:39:57,12:40:56,    59, 40.90, 35.60,  5.30
         0,     0, 9,12:41:04,12:41:11,     7, 35.60, 41.10, -5.50
  13008800,     0,10,12:41:40,12:41:56,    16, 40.30, 35.80,  4.50
         0,     0,10,12:42:04,12:42:09,     5, 35.80, 41.10, -5.30
  12706700,  7109, 3,12:42:26,12:43:31,    65, 46.10, 33.20, 12.90
         0,     0, 3,12:43:39,12:43:50,    11, 33.20, 33.40, -0.20
  12199969,     0, 9,12:44:05,12:44:27,    22, 41.10, 39.80,  1.30
         0,     0, 9,12:44:35,12:44:36,     1, 39.80, 40.50, -0.70
  12199969,     0, 9,12:44:49,12:44:51,     2, 39.40, 39.50, -0.10
         0,     0, 9,12:44:58,12:44:59,     1, 39.50, 41.00, -1.50
  12199969,     0, 9,12:46:04,12:46:06,     2, 33.80, 33.90, -0.10
         0,     0, 9,12:46:14,12:46:23,     9, 33.90, 41.10, -7.20
  12199988,  5042, 2,12:46:29,12:46:52,    23, 44.00, 43.90,  0.10
  11724239,  3139, 2,12:47:04,12:48:24,    80, 43.90, 43.40,  0.50
  13008820,     0, 9,12:49:23,12:50:04,    41, 41.10, 40.80,  0.30
  11724239,  3139, 1,12:48:34,12:50:58,   144, 41.20, 27.10, 14.10
         0,     0, 1,12:51:05,12:51:18,    13, 27.10, 41.20,-14.10
  13008820,     0, 9,12:51:02,12:53:36,   154, 40.40, 30.60,  9.80
         0,     0, 9,12:53:43,12:53:57,    14, 30.60, 41.00,-10.40
  11954042,     0, 9,12:56:35,12:58:30,   115, 41.00, 40.90,  0.10
  11954042,     0, 9,12:58:51,12:59:00,     9, 40.90, 40.80,  0.10
  11954042,     0, 9,13:00:20,13:04:16,   236, 40.80, 27.20, 13.60
         0,     0, 9,13:04:24,13:04:43,    19, 27.20, 41.10,-13.90
  11954075,  4105, 2,13:04:01,13:05:09,    68, 43.40, 34.70,  8.70
         0,     0, 2,13:05:17,13:05:23,     6, 34.70, 41.60, -6.90
  11954075,  4105, 1,13:06:16,13:07:07,    51, 41.20, 29.30, 11.90
  11954050,  4080, 5,13:03:56,13:07:21,   205, 40.90, 17.10, 23.80
         0,     0, 1,13:07:15,13:07:26,    11, 29.30, 41.30,-12.00
         0,     0, 5,13:07:30,13:07:53,    23, 17.10, 40.70,-23.60
  12706738,  7147, 2,13:05:33,13:08:36,   183, 41.70, 23.70, 18.00
  11954050,  4080, 5,13:08:17,13:08:58,    41, 40.80, 37.50,  3.30
         0,     0, 2,13:08:43,13:09:02,    19, 23.70, 43.90,-20.20
         0,     0, 5,13:09:06,13:09:09,     3, 37.50, 40.90, -3.40
  13008765,     0,10,13:08:36,13:09:45,    69, 41.00, 31.50,  9.50
         0,     0,10,13:09:52,13:10:02,    10, 31.50, 41.20, -9.70
  12706609,  7018, 8,13:10:34,13:10:42,     8, 40.10, 40.10,  0.00
  13008789,     0, 7,12:46:09,13:10:57,  1488, 41.00, 22.70, 18.30
         0,     0, 7,13:11:04,13:11:16,    12, 22.70, 22.70,  0.00
  12199988,  5042, 5,13:09:26,13:11:39,   133, 40.90, 24.20, 16.70
         0,     0, 5,13:11:47,13:12:03,    16, 24.20, 24.40, -0.20
  12706609,  7018, 8,13:11:46,13:12:45,    59, 39.50, 26.80, 12.70
         0,     0, 8,13:12:54,13:13:09,    15, 26.80, 41.10,-14.30
  13008835,     0, 6,12:03:31,13:13:33,  4202, 41.40, 25.60, 15.80
         0,     0, 6,13:13:41,13:13:56,    15, 25.60, 41.30,-15.70
  12448442,  6055, 6,13:14:07,13:15:29,    82, 40.10, 35.30,  4.80
         0,     0, 6,13:15:37,13:15:42,     5, 35.30, 41.10, -5.80
  13323358,     0, 9,13:15:59,13:16:02,     3, 41.00, 41.00,  0.00
  13323358,     0, 9,13:16:13,13:17:28,    75, 41.00, 30.50, 10.50
         0,     0, 9,13:17:36,13:17:50,    14, 30.50, 41.10,-10.60
  12706609,  7018, 7,13:11:27,13:19:57,   510, 41.60, 41.50,  0.10
  13008836,     0, 8,13:20:02,13:20:55,    53, 41.20, 41.00,  0.20
  13008836,     0, 8,13:22:22,13:24:26,   124, 40.60, 23.70, 16.90
         0,     0, 8,13:24:34,13:24:52,    18, 23.70, 41.00,-17.30
  12199981,  5035, 4,13:26:58,13:26:59,     1, 44.10, 43.70,  0.40
  12706636,  7045, 3,13:26:38,13:27:06,    28, 46.20, 41.50,  4.70
         0,     0, 3,13:27:13,13:27:17,     4, 41.50, 46.10, -4.60
  12199981,  5035, 3,13:27:29,13:28:21,    52, 46.00, 33.70, 12.30
         0,     0, 3,13:28:28,13:28:39,    11, 33.70, 46.10,-12.40
  13323425,     0, 9,13:29:28,13:30:06,    38, 41.00, 40.30,  0.70
  13323425,     0, 9,13:30:55,13:30:56,     1, 36.50, 36.50,  0.00
         0,     0, 9,13:31:04,13:31:10,     6, 36.50, 41.20, -4.70
  13323358,     0,10,13:32:56,13:33:57,    61, 41.10, 36.40,  4.70
         0,     0,10,13:34:05,13:34:09,     4, 36.40, 41.20, -4.80
  13008762,     0, 6,13:17:32,13:34:20,  1008, 24.60, 24.50,  0.10
         0,     0, 6,13:34:28,13:34:37,     9, 24.50, 33.80, -9.30
  12200048,     0, 8,13:32:38,13:35:16,   158, 41.10, 30.60, 10.50
         0,     0, 8,13:35:25,13:35:36,    11, 30.60, 41.10,-10.50
  11954056,     0, 8,13:35:59,13:36:03,     4, 41.00, 41.00,  0.00
  11954056,     0, 8,13:36:13,13:36:26,    13, 41.00, 41.00,  0.00
  13323451,     0, 9,13:37:52,13:38:22,    30, 28.40, 27.50,  0.90
         0,     0, 9,13:38:31,13:38:50,    19, 27.50, 41.20,-13.70
  21268104,  6067, 5,13:36:10,13:39:44,   214, 40.70, 30.80,  9.90
         0,     0, 5,13:39:53,13:40:02,     9, 30.80, 40.90,-10.10
  13008797,     0, 6,13:34:51,13:40:48,   357, 33.70, 23.40, 10.30
  11954056,     0, 8,13:40:30,13:41:01,    31, 38.00, 32.40,  5.60
         0,     0, 6,13:40:56,13:41:13,    17, 23.40, 41.40,-18.00
         0,     0, 8,13:41:09,13:41:18,     9, 32.40, 41.10, -8.70
  12706639,  7048, 5,13:42:08,13:43:58,   110, 40.80, 26.60, 14.20
         0,     0, 5,13:44:06,13:44:20,    14, 26.60, 40.90,-14.30
  12706636,  7045, 1,13:49:04,13:50:29,    85, 41.30, 33.50,  7.80
         0,     0, 1,13:50:36,13:50:42,     6, 33.50, 41.30, -7.80
  13323427,     0, 8,13:49:45,13:52:15,   150, 40.80, 20.60, 20.20
         0,     0, 8,13:52:22,13:52:44,    22, 20.60, 41.10,-20.50
  12448442,  6055, 6,13:43:17,13:56:01,   764, 37.70, 35.50,  2.20
         0,     0, 6,13:56:09,13:56:14,     5, 35.50, 41.50, -6.00
  12706701,  7110, 2,13:53:11,13:57:02,   231, 43.90, 28.30, 15.60
         0,     0, 2,13:57:10,13:57:24,    14, 28.30, 43.80,-15.50
  11724109,  6068, 4,13:56:46,14:00:48,   242, 43.90, 26.80, 17.10
         0,     0, 4,14:00:56,14:01:12,    16, 26.80, 43.30,-16.50
  12706655,  7064, 1,14:02:18,14:02:42,    24, 41.30, 41.30,  0.00
  12706618,     0,10,14:00:54,14:02:48,   114, 40.90, 27.90, 13.00
         0,     0,10,14:02:56,14:03:10,    14, 27.90, 41.20,-13.30
  11499161,  2051, 1,14:02:58,14:03:39,    41, 41.30, 40.90,  0.40
  21292347,  5120, 5,14:03:37,14:04:13,    36, 40.90, 40.70,  0.20
  11499161,  2051, 2,14:03:43,14:04:29,    46, 43.90, 43.40,  0.50
  11499161,  2051, 1,14:04:50,14:05:18,    28, 40.90, 40.90,  0.00
  11499161,  2051, 2,14:06:31,14:07:13,    42, 43.40, 43.30,  0.10
  21268825,  6087, 3,14:10:35,14:11:11,    36, 45.90, 47.10, -1.20
  11953978,  4008, 2,14:09:29,14:11:18,   109, 43.30, 26.60, 16.70
         0,     0, 2,14:11:26,14:11:42,    16, 26.60, 44.00,-17.40
  21268104,  6067, 1,14:11:27,14:13:01,    94, 40.90, 33.70,  7.20
  11499161,  2051, 4,14:09:09,14:13:06,   237, 44.20, 24.90, 19.30
         0,     0, 1,14:13:10,14:13:17,     7, 33.70, 41.20, -7.50
         0,     0, 4,14:13:14,14:13:32,    18, 24.90, 43.40,-18.50
  12706624,  7033, 6,13:56:24,14:13:36,  1032, 41.50, 33.50,  8.00
         0,     0, 6,14:13:44,14:13:52,     8, 33.50, 40.60, -7.10
  21268825,  6087, 3,14:11:24,14:14:14,   170, 47.10, 28.50, 18.60
  11499161,  2051, 4,14:14:00,14:14:31,    31, 43.40, 40.90,  2.50
         0,     0, 3,14:14:22,14:14:38,    16, 28.50, 28.30,  0.20
         0,     0, 4,14:14:39,14:14:41,     2, 40.90, 43.40, -2.50
  21268104,  6067, 5,14:18:30,14:18:33,     3, 40.80, 40.80,  0.00
  13008735,  7156, 4,14:20:08,14:21:49,   101, 43.30, 40.60,  2.70
         0,     0, 4,14:21:56,14:21:58,     2, 40.60, 43.40, -2.80
  13008735,  7156, 3,14:21:55,14:22:00,     5, 46.70, 47.90, -1.20
  13008737,     0, 8,14:19:50,14:23:00,   190, 41.10, 22.30, 18.80
         0,     0, 8,14:23:08,14:23:28,    20, 22.30, 41.10,-18.80
  12706609,  7018, 8,14:24:01,14:24:05,     4, 41.10, 41.10,  0.00
  11954056,     0, 7,13:34:31,14:24:14,  2983, 41.50, 18.00, 23.50
         0,     0, 7,14:24:21,14:24:37,    16, 18.00, 18.10, -0.10
  12448416,  6029, 3,14:22:10,14:25:44,   214, 47.60, 22.30, 25.30
         0,     0, 3,14:25:51,14:26:13,    22, 22.30, 46.40,-24.10
  12706609,  7018, 7,14:25:00,14:29:45,   285, 41.40, 38.10,  3.30
         0,     0, 7,14:29:52,14:29:54,     2, 38.10, 41.80, -3.70
  21306958,  5124, 8,14:30:36,14:31:47,    71, 41.20, 41.00,  0.20
  11724159,     0, 6,14:14:16,14:34:35,  1219, 36.40, 36.20,  0.20
         0,     0, 6,14:34:42,14:34:46,     4, 36.20, 36.30, -0.10
  21306958,  5124, 7,14:30:14,14:40:13,   599, 41.70, 41.40,  0.30
  12706634,     0, 7,14:40:33,14:40:59,    26, 41.40, 41.20,  0.20
  12706634,     0, 8,14:41:25,14:42:56,    91, 38.00, 23.80, 14.20
         0,     0, 8,14:43:05,14:43:24,    19, 23.80, 41.20,-17.40
  12448415,     0, 7,14:41:24,14:46:19,   295, 41.10, 24.70, 16.40
         0,     0, 7,14:46:27,14:46:38,    11, 24.70, 41.60,-16.90
  13008835,     0, 6,14:35:08,14:46:58,   710, 41.30, 33.80,  7.50
         0,     0, 6,14:47:06,14:47:13,     7, 33.80, 41.50, -7.70
  21306958,  5124, 8,14:53:30,14:54:11,    41, 41.30, 40.90,  0.40
  13008797,     0, 6,14:51:47,14:58:01,   374, 41.60, 35.20,  6.40
         0,     0, 6,14:58:08,14:58:13,     5, 35.20, 41.40, -6.20
  12448437,  6050, 8,14:55:35,14:59:04,   209, 40.90, 33.70,  7.20
         0,     0, 8,14:59:13,14:59:21,     8, 33.70, 41.10, -7.40
  13008792,     0,10,14:57:45,14:59:57,   132, 41.00, 20.40, 20.60
         0,     0,10,15:00:06,15:00:29,    23, 20.40, 41.20,-20.80
  12448451,  6064, 2,14:57:00,15:00:56,   236, 44.00, 17.40, 26.60
         0,     0, 2,15:01:04,15:01:30,    26, 17.40, 44.00,-26.60
  12706637,  7046, 5,14:59:43,15:02:38,   175, 40.80, 23.00, 17.80
         0,     0, 5,15:02:45,15:03:03,    18, 23.00, 40.60,-17.60
  13008768,     0, 6,14:58:25,15:21:41,  1396, 41.40, 22.60, 18.80
         0,     0, 6,15:21:48,15:22:07,    19, 22.60, 41.40,-18.80
  12199986,     0, 8,15:23:12,15:23:30,    18, 41.20, 40.80,  0.40
  12199986,     0, 8,15:23:44,15:24:18,    34, 39.80, 36.80,  3.00
         0,     0, 8,15:24:27,15:24:31,     4, 36.80, 41.00, -4.20
  13008815,     0, 8,15:24:41,15:27:10,   149, 41.00, 27.10, 13.90
         0,     0, 8,15:27:19,15:27:34,    15, 27.10, 41.10,-14.00
  12706616,  7025, 1,15:31:04,15:32:40,    96, 41.20, 22.80, 18.40
         0,     0, 1,15:32:47,15:33:04,    17, 22.80, 41.20,-18.40
  21306958,  5124, 7,14:46:51,15:34:27,  2856, 41.50, 33.90,  7.60
         0,     0, 7,15:34:35,15:34:40,     5, 33.90, 41.40, -7.50
  13008732,  7153, 3,15:35:55,15:39:26,   211, 47.30, 20.90, 26.40
         0,     0, 3,15:39:35,15:39:58,    23, 20.90, 20.70,  0.20
  12200046,  5100, 2,15:40:25,15:41:04,    39, 44.00, 37.10,  6.90
         0,     0, 2,15:41:11,15:41:17,     6, 37.10, 43.90, -6.80
  11499202,     0, 6,15:25:08,15:41:19,   971, 39.90, 29.30, 10.60
         0,     0, 6,15:41:26,15:41:33,     7, 29.30, 37.10, -7.80
  12200046,  5100, 2,15:42:13,15:42:26,    13, 43.90, 41.20,  2.70
         0,     0, 2,15:42:34,15:42:35,     1, 41.20, 44.00, -2.80
  12200046,  5100, 2,15:42:45,15:43:08,    23, 43.90, 38.60,  5.30
  13008820,     0, 9,15:39:48,15:43:10,   202, 41.10, 33.20,  7.90
         0,     0, 2,15:43:17,15:43:21,     4, 38.60, 43.90, -5.30
         0,     0, 9,15:43:18,15:43:28,    10, 33.20, 41.00, -7.80
  12448449,  6062, 1,15:42:54,15:44:47,   113, 41.20, 26.30, 14.90
         0,     0, 1,15:44:56,15:45:11,    15, 26.30, 41.30,-15.00
  12706727,  7136, 2,15:46:18,15:46:23,     5, 43.90, 43.90,  0.00
  12706727,  7136, 1,15:46:26,15:46:32,     6, 41.20, 41.20,  0.00
  12448409,  6022, 2,15:46:44,15:47:05,    21, 43.90, 43.80,  0.10
  12706727,  7136, 5,15:47:43,15:47:59,    16, 40.70, 40.60,  0.10
  12706727,  7136, 5,15:49:00,15:49:12,    12, 40.60, 40.40,  0.20
  12448409,  6022, 1,15:47:09,15:49:31,   142, 41.20, 23.30, 17.90
         0,     0, 1,15:49:39,15:49:56,    17, 23.30, 41.20,-17.90
  12706624,  7033, 6,15:41:53,15:51:34,   581, 37.00, 33.40,  3.60
         0,     0, 6,15:51:42,15:51:49,     7, 33.40, 41.50, -8.10
  13323427,     0, 8,15:51:50,15:51:52,     2, 41.00, 41.00,  0.00
  13323427,     0, 8,15:52:29,15:52:32,     3, 40.90, 41.00, -0.10
  13323427,     0, 8,15:53:28,15:53:30,     2, 40.80, 40.80,  0.00
  13323427,     0, 8,15:53:46,15:53:48,     2, 40.70, 40.80, -0.10
  12706669,  7078, 3,15:52:58,15:53:51,    53, 47.30, 37.90,  9.40
         0,     0, 3,15:53:59,15:54:06,     7, 37.90, 38.20, -0.30
  13323427,     0, 8,15:54:20,15:54:21,     1, 40.60, 40.60,  0.00
  12706655,  7064, 2,15:53:37,15:55:49,   132, 43.90, 28.30, 15.60
  12706686,  7095, 1,15:52:36,15:55:53,   197, 41.20, 25.20, 16.00
         0,     0, 2,15:55:57,15:56:12,    15, 28.30, 43.90,-15.60
         0,     0, 1,15:56:00,15:56:16,    16, 25.20, 41.30,-16.10
  13008837,     0, 8,15:57:31,15:57:34,     3, 40.40, 40.40,  0.00
  12706710,  7119, 2,15:56:22,15:57:54,    92, 43.90, 28.70, 15.20
  12706707,  7116, 1,15:56:45,15:57:59,    74, 41.30, 32.90,  8.40
         0,     0, 1,15:58:07,15:58:15,     8, 32.90, 41.30, -8.40
         0,     0, 2,15:58:02,15:58:17,    15, 28.70, 44.00,-15.30
  12200007,  5061, 2,15:58:27,15:59:48,    81, 44.00, 29.90, 14.10
         0,     0, 2,15:59:57,16:00:10,    13, 29.90, 44.00,-14.10
  12706727,  7136, 4,15:59:40,16:01:06,    86, 43.80, 26.30, 17.50
         0,     0, 4,16:01:15,16:01:31,    16, 26.30, 43.30,-17.00
  13008815,     0, 8,16:00:21,16:02:16,   115, 40.40, 30.20, 10.20
         0,     0, 8,16:02:25,16:02:36,    11, 30.20, 41.10,-10.90
  12448448,  6061, 2,16:02:33,16:02:40,     7, 44.00, 44.00,  0.00
  13008835,     0, 6,15:52:24,16:04:43,   739, 41.30, 33.00,  8.30
  21268104,  6067, 5,16:03:10,16:04:48,    98, 40.60, 32.10,  8.50
         0,     0, 6,16:04:51,16:04:58,     7, 33.00, 40.90, -7.90
         0,     0, 5,16:04:55,16:05:03,     8, 32.10, 40.90, -8.80
  13008735,  7156, 4,16:05:09,16:06:50,   101, 43.50, 32.30, 11.20
         0,     0, 4,16:06:59,16:07:09,    10, 32.30, 43.30,-11.00
  12448521,     0, 8,16:06:50,16:07:40,    50, 41.10, 40.80,  0.30
  13008797,     0, 6,16:07:11,16:08:10,    59, 31.30, 31.00,  0.30
         0,     0, 6,16:08:18,16:08:28,    10, 31.00, 41.40,-10.40
  21292347,  5120, 4,16:07:26,16:08:25,    59, 43.70, 36.10,  7.60
         0,     0, 4,16:08:34,16:08:41,     7, 36.10, 43.40, -7.30
  12448521,     0, 8,16:08:06,16:09:03,    57, 39.30, 32.00,  7.30
         0,     0, 8,16:09:11,16:09:20,     9, 32.00, 41.10, -9.10
  12448448,  6061, 1,16:02:46,16:09:45,   419, 41.20, 15.60, 25.60
         0,     0, 1,16:09:53,16:10:18,    25, 15.60, 41.30,-25.70
  11724239,  3139, 4,16:12:05,16:14:10,   125, 43.50, 37.90,  5.60
         0,     0, 4,16:14:18,16:14:23,     5, 37.90, 43.30, -5.40
  12706726,  7135, 2,16:13:53,16:15:20,    87, 44.00, 34.10,  9.90
         0,     0, 2,16:15:28,16:15:38,    10, 34.10, 43.80, -9.70
  12199969,     0, 9,16:12:44,16:15:43,   179, 41.00, 40.70,  0.30
  12199986,     0, 7,15:34:50,16:16:35,  2505, 40.70, 26.00, 14.70
         0,     0, 7,16:16:43,16:16:53,    10, 26.00, 26.10, -0.10
  12706651,  7060, 5,16:15:39,16:17:15,    96, 40.90, 28.20, 12.70
         0,     0, 5,16:17:24,16:17:36,    12, 28.20, 40.80,-12.60
  12706738,  7147, 4,16:15:16,16:17:37,   141, 43.30, 28.90, 14.40
         0,     0, 4,16:17:44,16:17:57,    13, 28.90, 28.90,  0.00
  11953978,  4008, 3,16:17:14,16:18:24,    70, 47.40, 38.80,  8.60
         0,     0, 3,16:18:32,16:18:38,     6, 38.80, 38.60,  0.20
  12706650,  7059, 5,16:17:46,16:18:50,    64, 40.70, 33.50,  7.20
         0,     0, 5,16:18:58,16:19:05,     7, 33.50, 41.00, -7.50
  21292347,  5120, 4,16:18:31,16:19:45,    74, 43.90, 35.20,  8.70
         0,     0, 4,16:19:52,16:20:00,     8, 35.20, 43.40, -8.20
  12199981,  5035, 5,16:19:15,16:20:18,    63, 40.90, 26.10, 14.80
         0,     0, 5,16:20:26,16:20:40,    14, 26.10, 41.00,-14.90
  12706650,  7059, 5,16:20:56,16:22:00,    64, 41.00, 36.00,  5.00
         0,     0, 5,16:22:08,16:22:12,     4, 36.00, 40.90, -4.90
  12448428,  6041, 2,16:21:12,16:22:16,    64, 43.90, 28.40, 15.50
         0,     0, 2,16:22:23,16:22:37,    14, 28.40, 43.90,-15.50
  11954014,  4044, 2,16:23:22,16:24:10,    48, 44.00, 25.80, 18.20
  12706639,  7048, 1,16:20:30,16:24:22,   232, 41.30, 24.30, 17.00
         0,     0, 2,16:24:17,16:24:34,    17, 25.80, 43.80,-18.00
         0,     0, 1,16:24:29,16:24:45,    16, 24.30, 41.20,-16.90
  12448471,  6084, 5,16:25:36,16:26:47,    71, 40.80, 27.20, 13.60
         0,     0, 5,16:26:55,16:27:08,    13, 27.20, 40.90,-13.70
  21268104,  6067, 4,16:28:00,16:28:08,     8, 43.30, 43.10,  0.20
  12448449,  6062, 1,16:28:28,16:28:50,    22, 41.20, 41.00,  0.20
  12448477,  6090, 1,16:29:02,16:29:59,    57, 41.00, 34.10,  6.90
         0,     0, 1,16:30:06,16:30:12,     6, 34.10, 41.20, -7.10
  13008765,     0, 9,16:31:24,16:31:32,     8, 40.70, 40.70,  0.00
  13008765,     0,10,16:31:44,16:31:52,     8, 40.90, 39.70,  1.20
  12448477,  6090, 1,16:31:30,16:31:54,    24, 41.20, 37.00,  4.20
         0,     0,10,16:32:01,16:32:02,     1, 39.70, 41.00, -1.30
         0,     0, 1,16:32:01,16:32:04,     3, 37.00, 41.20, -4.20
  13008765,     0, 9,16:32:00,16:32:28,    28, 40.70, 38.80,  1.90
         0,     0, 9,16:32:35,16:32:37,     2, 38.80, 41.00, -2.20
  21268104,  6067, 2,16:32:20,16:32:37,    17, 43.80, 43.00,  0.80
  11499161,  2051, 1,16:33:19,16:34:06,    47, 41.20, 39.90,  1.30
         0,     0, 1,16:34:13,16:34:13,     0, 39.90, 41.10, -1.20
  12706707,  7116, 5,16:33:54,16:34:40,    46, 40.90, 33.40,  7.50
         0,     0, 5,16:34:48,16:34:55,     7, 33.40, 40.80, -7.40
  11499161,  2051, 1,16:34:24,16:35:14,    50, 41.10, 35.40,  5.70
         0,     0, 1,16:35:21,16:35:26,     5, 35.40, 41.30, -5.90
  13008735,  7156, 3,16:39:47,16:41:09,    82, 46.90, 41.30,  5.60
         0,     0, 3,16:41:16,16:41:20,     4, 41.30, 41.40, -0.10
  12706624,  7033, 6,16:08:51,16:43:11,  2060, 40.90, 35.80,  5.10
  12448473,  6086, 1,16:41:40,16:43:19,    99, 41.30, 23.60, 17.70
         0,     0, 6,16:43:19,16:43:24,     5, 35.80, 41.50, -5.70
         0,     0, 1,16:43:27,16:43:43,    16, 23.60, 41.30,-17.70
  12448483,  6096, 4,16:41:22,16:43:51,   149, 42.90, 21.70, 21.20
  11724239,  3139, 2,16:41:31,16:44:12,   161, 43.00, 34.80,  8.20
         0,     0, 4,16:43:58,16:44:19,    21, 21.70, 43.30,-21.60
         0,     0, 2,16:44:20,16:44:28,     8, 34.80, 44.00, -9.20
  12706707,  7116, 5,16:44:16,16:44:28,    12, 40.80, 39.40,  1.40
         0,     0, 5,16:44:35,16:44:36,     1, 39.40, 40.90, -1.50
  13008756,  7115, 1,16:45:11,16:46:46,    95, 41.30, 25.00, 16.30
  11499202,     0, 6,16:43:34,16:47:02,   208, 41.50, 36.40,  5.10
         0,     0, 1,16:46:53,16:47:08,    15, 25.00, 41.30,-16.30
         0,     0, 6,16:47:10,16:47:14,     4, 36.40, 41.40, -5.00
  12706655,  7064, 4,16:45:24,16:47:20,   116, 43.70, 28.00, 15.70
         0,     0, 4,16:47:28,16:47:43,    15, 28.00, 43.30,-15.30
  21292347,  5120, 2,16:47:25,16:49:06,   101, 44.00, 34.60,  9.40
         0,     0, 2,16:49:15,16:49:23,     8, 34.60, 43.90, -9.30
  12200042,  5096, 3,16:47:35,16:49:29,   114, 45.70, 29.60, 16.10
  12448479,  6092, 4,16:48:58,16:49:37,    39, 43.30, 41.50,  1.80
         0,     0, 4,16:49:44,16:49:45,     1, 41.50, 43.20, -1.70
         0,     0, 3,16:49:36,16:49:51,    15, 29.60, 29.50,  0.10
  12706705,  7114, 1,16:47:19,16:50:04,   165, 41.30, 21.80, 19.50
         0,     0, 1,16:50:12,16:50:31,    19, 21.80, 41.20,-19.40
  12448479,  6092, 3,16:50:07,16:51:21,    74, 46.10, 34.10, 12.00
         0,     0, 3,16:51:29,16:51:40,    11, 34.10, 46.40,-12.30
  11954014,  4044, 3,16:54:36,16:55:07,    31, 46.50, 41.10,  5.40
         0,     0, 3,16:55:15,16:55:19,     4, 41.10, 41.10,  0.00
  12199988,  5042, 2,16:58:04,16:59:24,    80, 43.90, 34.10,  9.80
         0,     0, 2,16:59:32,16:59:41,     9, 34.10, 43.90, -9.80
  11953978,  4008, 2,17:00:51,17:01:27,    36, 43.90, 34.70,  9.20
  21306958,  5124, 8,17:00:23,17:01:30,    67, 41.10, 40.70,  0.40
  12448437,  6050, 7,16:17:14,17:01:36,  2662, 41.40, 34.70,  6.70
         0,     0, 2,17:01:35,17:01:43,     8, 34.70, 44.10, -9.40
         0,     0, 7,17:01:44,17:01:48,     4, 34.70, 34.90, -0.20
  13008802,     0, 9,17:02:36,17:03:12,    36, 41.00, 36.20,  4.80
         0,     0, 9,17:03:20,17:03:26,     6, 36.20, 40.80, -4.60
  13008802,     0, 9,17:03:36,17:03:48,    12, 39.90, 38.30,  1.60
         0,     0, 9,17:03:57,17:04:00,     3, 38.30, 41.00, -2.70
  12448471,  6084, 4,17:03:15,17:04:17,    62, 43.20, 32.20, 11.00
  21268825,  6087, 3,17:02:28,17:04:33,   125, 45.90, 33.40, 12.50
         0,     0, 4,17:04:25,17:04:35,    10, 32.20, 32.20,  0.00
  21306958,  5124, 8,17:02:03,17:04:40,   157, 40.70, 28.60, 12.10
         0,     0, 3,17:04:40,17:04:51,    11, 33.40, 33.30,  0.10
         0,     0, 8,17:04:49,17:05:02,    13, 28.60, 41.10,-12.50
  12706622,     0, 6,16:50:17,17:07:23,  1026, 28.90, 28.10,  0.80
  12706726,  7135, 5,17:06:20,17:07:33,    73, 40.80, 34.50,  6.30
         0,     0, 6,17:07:30,17:07:45,    15, 28.10, 41.40,-13.30
         0,     0, 5,17:07:41,17:07:48,     7, 34.50, 40.70, -6.20
  12706710,  7119, 2,17:06:56,17:08:44,   108, 44.00, 33.50, 10.50
         0,     0, 2,17:08:52,17:09:01,     9, 33.50, 44.00,-10.50
  13323427,     0, 8,17:08:21,17:09:40,    79, 41.20, 41.00,  0.20
  12448449,  6062, 1,17:07:45,17:09:55,   130, 41.20, 26.20, 15.00
  13008837,     0, 8,17:09:56,17:09:59,     3, 40.90, 41.00, -0.10
         0,     0, 1,17:10:04,17:10:18,    14, 26.20, 41.30,-15.10
  13323427,     0, 8,17:10:29,17:11:22,    53, 40.80, 40.10,  0.70
  13008800,     0, 9,17:11:54,17:12:00,     6, 37.30, 37.40, -0.10
         0,     0, 9,17:12:07,17:12:11,     4, 37.40, 41.10, -3.70
  13323427,     0, 8,17:12:32,17:12:35,     3, 28.80, 28.80,  0.00
  12200083,     0, 9,17:12:35,17:12:36,     1, 41.10, 41.00,  0.10
         0,     0, 8,17:12:42,17:12:55,    13, 28.80, 41.10,-12.30
  12200083,     0, 9,17:13:21,17:13:22,     1, 36.00, 36.00,  0.00
         0,     0, 9,17:13:30,17:13:37,     7, 36.00, 41.00, -5.00
  12448477,  6090, 2,17:14:35,17:15:24,    49, 44.00, 38.20,  5.80
         0,     0, 2,17:15:32,17:15:36,     4, 38.20, 43.80, -5.60
  12448477,  6090, 2,17:15:52,17:16:08,    16, 43.90, 40.60,  3.30
  12706651,  7060, 5,17:14:32,17:16:12,   100, 40.70, 35.30,  5.40
         0,     0, 2,17:16:17,17:16:19,     2, 40.60, 43.90, -3.30
         0,     0, 5,17:16:19,17:16:24,     5, 35.30, 41.00, -5.70
  12706659,  7068, 4,17:14:17,17:19:04,   287, 44.40, 19.80, 24.60
         0,     0, 4,17:19:11,17:19:34,    23, 19.80, 43.30,-23.50
  13008756,  7115, 2,17:18:47,17:19:43,    56, 43.90, 37.80,  6.10
         0,     0, 2,17:19:51,17:19:56,     5, 37.80, 44.00, -6.20
  13008815,     0, 8,17:21:35,17:22:23,    48, 41.20, 40.90,  0.30
  11954014,  4044, 3,17:23:53,17:24:29,    36, 45.90, 38.00,  7.90
         0,     0, 3,17:24:36,17:24:43,     7, 38.00, 38.20, -0.20
  13008815,     0, 8,17:24:22,17:24:46,    24, 31.70, 31.80, -0.10
         0,     0, 8,17:24:55,17:25:05,    10, 31.80, 41.10, -9.30
  12199988,  5042, 4,17:26:20,17:27:52,    92, 43.40, 31.00, 12.40
  12706669,  7078, 5,17:27:35,17:27:53,    18, 41.00, 40.90,  0.10
         0,     0, 4,17:27:59,17:28:11,    12, 31.00, 43.20,-12.20
  12706624,  7033, 6,17:22:38,17:28:23,   345, 32.10, 29.80,  2.30
         0,     0, 6,17:28:31,17:28:42,    11, 29.80, 41.30,-11.50
  12448479,  6092, 5,17:28:47,17:30:44,   117, 41.00, 34.00,  7.00
         0,     0, 5,17:30:52,17:30:58,     6, 34.00, 40.90, -6.90
  13008835,     0, 6,17:30:28,17:31:17,    49, 40.90, 40.60,  0.30
  12706669,  7078, 5,17:31:20,17:32:09,    49, 40.90, 34.20,  6.70
         0,     0, 5,17:32:16,17:32:22,     6, 34.20, 40.80, -6.60
  12706701,  7110, 3,17:30:20,17:33:11,   171, 46.70, 32.20, 14.50
  13008762,     0, 6,17:31:27,17:33:16,   109, 40.60, 38.80,  1.80
         0,     0, 6,17:33:24,17:33:26,     2, 38.80, 41.40, -2.60
         0,     0, 3,17:33:20,17:33:32,    12, 32.20, 32.00,  0.20
  12706701,  7110, 4,17:33:32,17:34:02,    30, 43.30, 38.10,  5.20
         0,     0, 4,17:34:09,17:34:14,     5, 38.10, 38.10,  0.00
  13008765,     0, 9,17:35:05,17:35:27,    22, 39.80, 38.30,  1.50
         0,     0, 9,17:35:34,17:35:37,     3, 38.30, 41.00, -2.70
  13008765,     0, 9,17:35:52,17:36:19,    27, 40.00, 38.00,  2.00
         0,     0, 9,17:36:27,17:36:30,     3, 38.00, 41.00, -3.00
  12448451,  6064, 1,17:37:22,17:38:35,    73, 41.30, 41.10,  0.20
  13008779,     0, 8,17:37:59,17:38:42,    43, 41.20, 37.10,  4.10
         0,     0, 8,17:38:49,17:38:53,     4, 37.10, 40.60, -3.50
  13008833,     0, 6,17:33:43,17:39:47,   364, 41.30, 40.90,  0.40
  11954075,  4105, 1,17:38:55,17:40:02,    67, 41.10, 30.20, 10.90
  12448451,  6064, 2,17:39:01,17:40:10,    69, 44.00, 43.80,  0.20
  13008762,     0, 6,17:39:57,17:40:11,    14, 40.90, 40.90,  0.00
         0,     0, 1,17:40:10,17:40:20,    10, 30.20, 41.20,-11.00
  13008732,  7153, 4,17:39:42,17:41:24,   102, 43.50, 42.30,  1.20
  12448473,  6086, 1,17:40:56,17:42:00,    64, 41.20, 29.80, 11.40
         0,     0, 1,17:42:07,17:42:17,    10, 29.80, 41.20,-11.40
  12448471,  6084, 4,17:41:40,17:42:24,    44, 42.30, 36.50,  5.80
         0,     0, 4,17:42:32,17:42:38,     6, 36.50, 43.30, -6.80
  13008732,  7153, 5,17:42:42,17:44:24,   102, 40.80, 27.00, 13.80
         0,     0, 5,17:44:32,17:44:45,    13, 27.00, 41.00,-14.00
  21306958,  5124, 7,17:01:58,17:45:06,  2588, 41.50, 41.50,  0.00
  11954050,  4080, 1,17:44:47,17:46:02,    75, 41.20, 30.70, 10.50
         0,     0, 1,17:46:10,17:46:19,     9, 30.70, 41.30,-10.60
  12448451,  6064, 4,17:44:27,17:48:01,   214, 43.60, 26.60, 17.00
  12706700,  7109, 2,17:47:11,17:48:11,    60, 43.80, 29.70, 14.10
         0,     0, 4,17:48:09,17:48:25,    16, 26.60, 26.60,  0.00
         0,     0, 2,17:48:18,17:48:31,    13, 29.70, 43.90,-14.20
  13008833,     0, 6,17:40:21,17:50:11,   590, 40.80, 26.30, 14.50
         0,     0, 6,17:50:19,17:50:33,    14, 26.30, 41.50,-15.20
  12706707,  7116, 5,17:50:08,17:50:39,    31, 40.90, 39.30,  1.60
         0,     0, 5,17:50:47,17:50:48,     1, 39.30, 40.90, -1.60
  12706707,  7116, 5,17:51:19,17:51:58,    39, 40.90, 34.30,  6.60
         0,     0, 5,17:52:06,17:52:12,     6, 34.30, 40.90, -6.60
  13008837,     0, 7,17:45:17,17:58:27,   790, 41.40, 26.60, 14.80
         0,     0, 7,17:58:34,17:58:43,     9, 26.60, 26.60,  0.00
  12706669,  7078, 3,17:59:42,18:02:34,   172, 46.10, 39.70,  6.40
         0,     0, 3,18:02:41,18:02:46,     5, 39.70, 40.10, -0.40
  12706637,  7046, 1,18:00:59,18:03:10,   131, 41.20, 25.40, 15.80
         0,     0, 1,18:03:18,18:03:33,    15, 25.40, 41.30,-15.90
  12706636,  7045, 5,18:04:38,18:05:29,    51, 40.80, 33.50,  7.30
         0,     0, 5,18:05:36,18:05:43,     7, 33.50, 40.90, -7.40
  12706636,  7045, 5,18:05:53,18:06:41,    48, 40.90, 31.90,  9.00
         0,     0, 5,18:06:49,18:06:57,     8, 31.90, 31.90,  0.00
  13323451,     0, 9,18:07:40,18:08:44,    64, 33.70, 27.30,  6.40
         0,     0, 9,18:08:53,18:09:12,    19, 27.30, 41.10,-13.80
  11724109,  6068, 2,18:09:25,18:10:14,    49, 43.90, 43.80,  0.10
  11724109,  6068, 2,18:10:23,18:12:37,   134, 43.80, 30.00, 13.80
         0,     0, 2,18:12:45,18:12:58,    13, 30.00, 43.90,-13.90
  11724109,  6068, 2,18:13:08,18:14:17,    69, 43.90, 36.90,  7.00
         0,     0, 2,18:14:26,18:14:32,     6, 36.90, 43.90, -7.00
  21268104,  6067, 2,18:15:38,18:16:35,    57, 44.00, 39.30,  4.70
         0,     0, 2,18:16:43,18:16:46,     3, 39.30, 43.90, -4.60
  11954075,  4105, 1,18:16:48,18:17:41,    53, 41.20, 31.10, 10.10
         0,     0, 1,18:17:49,18:17:58,     9, 31.10, 41.40,-10.30
  12706700,  7109, 3,18:17:17,18:17:59,    42, 47.30, 37.10, 10.20
         0,     0, 3,18:18:06,18:18:14,     8, 37.10, 46.40, -9.30
  21268104,  6067, 2,18:16:56,18:18:22,    86, 43.90, 32.60, 11.30
         0,     0, 2,18:18:30,18:18:40,    10, 32.60, 43.90,-11.30
  11953978,  4008, 2,18:21:01,18:22:47,   106, 44.00, 27.10, 16.90
  13323425,     0,10,18:22:59,18:22:59,     0, 40.20, 40.10,  0.10
  11724239,  3139, 1,18:19:20,18:23:03,   223, 41.30, 32.80,  8.50
         0,     0, 2,18:22:55,18:23:11,    16, 27.10, 44.00,-16.90
         0,     0, 1,18:23:11,18:23:18,     7, 32.80, 41.20, -8.40
  13323425,     0,10,18:23:28,18:24:03,    35, 39.20, 34.40,  4.80
         0,     0,10,18:24:11,18:24:18,     7, 34.40, 41.20, -6.80
  12706727,  7136, 1,18:24:50,18:26:57,   127, 41.20, 27.20, 14.00
         0,     0, 1,18:27:04,18:27:17,    13, 27.20, 41.20,-14.00
  12448409,  6022, 2,18:29:53,18:30:02,     9, 44.10, 44.10,  0.00
  13323434,     0, 9,18:28:49,18:31:06,   137, 40.90, 34.40,  6.50
         0,     0, 9,18:31:15,18:31:23,     8, 34.40, 41.10, -6.70
  21306958,  5124, 8,18:31:41,18:31:50,     9, 22.20, 22.10,  0.10
         0,     0, 8,18:31:58,18:32:18,    20, 22.10, 41.20,-19.10
  12448409,  6022, 1,18:30:20,18:32:58,   158, 41.20, 21.50, 19.70
         0,     0, 1,18:33:07,18:33:25,    18, 21.50, 40.70,-19.20
  12706650,  7059, 2,18:31:28,18:34:56,   208, 44.10, 27.60, 16.50
  12706609,  7018, 8,18:33:57,18:35:14,    77, 41.30, 32.70,  8.60
         0,     0, 2,18:35:04,18:35:19,    15, 27.60, 44.00,-16.40
         0,     0, 8,18:35:23,18:35:32,     9, 32.70, 41.10, -8.40
  13008742,  7163, 3,18:36:33,18:36:48,    15, 46.70, 47.90, -1.20
  12706650,  7059, 1,18:36:31,18:37:10,    39, 40.70, 38.70,  2.00
         0,     0, 1,18:37:17,18:37:18,     1, 38.70, 41.30, -2.60
  13008742,  7163, 3,18:37:00,18:37:34,    34, 46.60, 47.40, -0.80
  12706738,  7147, 5,18:37:29,18:37:34,     5, 40.80, 40.80,  0.00
  12706659,  7068, 2,18:39:01,18:39:14,    13, 44.00, 43.90,  0.10
  13008836,     0, 8,18:40:16,18:40:22,     6, 41.00, 41.00,  0.00
  12199969,     0, 9,18:39:34,18:40:25,    51, 41.10, 35.10,  6.00
  12706634,     0, 7,17:59:18,18:40:26,  2468, 40.20, 30.40,  9.80
  12706659,  7068, 2,18:39:25,18:40:31,    66, 43.90, 37.20,  6.70
         0,     0, 7,18:40:34,18:40:41,     7, 30.40, 40.60,-10.20
         0,     0, 9,18:40:33,18:40:41,     8, 35.10, 40.90, -5.80
         0,     0, 2,18:40:39,18:40:44,     5, 37.20, 43.90, -6.70
  13008836,     0, 8,18:40:55,18:42:34,    99, 41.00, 21.80, 19.20
         0,     0, 8,18:42:42,18:43:03,    21, 21.80, 21.90, -0.10
  12706601,     0, 9,18:42:12,18:43:23,    71, 40.90, 34.50,  6.40
         0,     0, 9,18:43:31,18:43:39,     8, 34.50, 41.10, -6.60
  12706686,  7095, 4,18:42:59,18:45:26,   147, 44.00, 31.20, 12.80
  12706738,  7147, 2,18:42:52,18:45:28,   156, 44.00, 30.40, 13.60
  12706726,  7135, 5,18:45:35,18:45:38,     3, 40.80, 40.80,  0.00
         0,     0, 4,18:45:34,18:45:46,    12, 31.20, 43.30,-12.10
         0,     0, 2,18:45:37,18:45:49,    12, 30.40, 43.90,-13.50
  12706659,  7068, 1,18:44:17,18:45:50,    93, 41.30, 30.30, 11.00
  13008742,  7163, 3,18:42:22,18:45:54,   212, 47.00, 25.60, 21.40
         0,     0, 1,18:45:58,18:46:08,    10, 30.30, 41.20,-10.90
         0,     0, 3,18:46:01,18:46:20,    19, 25.60, 46.20,-20.60
  12706726,  7135, 5,18:45:50,18:46:59,    69, 40.80, 30.20, 10.60
         0,     0, 5,18:47:06,18:47:16,    10, 30.20, 40.90,-10.70
  12706637,  7046, 1,18:46:56,18:47:38,    42, 41.20, 40.80,  0.40
  12706637,  7046, 1,18:47:48,18:48:43,    55, 40.80, 32.90,  7.90
         0,     0, 1,18:48:50,18:48:57,     7, 32.90, 41.30, -8.40
  12706624,  7033, 6,17:51:28,18:49:49,  3501, 40.10, 37.80,  2.30
         0,     0, 6,18:49:56,18:49:59,     3, 37.80, 41.50, -3.70
  12200042,  5096, 5,18:48:16,18:50:38,   142, 40.90, 23.10, 17.80
         0,     0, 5,18:50:46,18:51:03,    17, 23.10, 40.80,-17.70
  12448428,  6041, 2,18:50:13,18:51:04,    51, 44.00, 34.10,  9.90
         0,     0, 2,18:51:11,18:51:20,     9, 34.10, 44.00, -9.90
  12706705,  7114, 1,18:49:36,18:51:45,   129, 41.30, 27.10, 14.20
         0,     0, 1,18:51:54,18:52:07,    13, 27.10, 41.20,-14.10
  12706616,  7025, 3,18:53:32,18:54:49,    77, 46.60, 32.20, 14.40
  12706738,  7147, 1,18:54:32,18:54:51,    19, 41.20, 41.20,  0.00
         0,     0, 3,18:54:57,18:55:09,    12, 32.20, 32.00,  0.20
  12200046,  5100, 2,18:55:12,18:55:42,    30, 43.90, 37.20,  6.70
         0,     0, 2,18:55:50,18:55:55,     5, 37.20, 43.90, -6.70
  12200046,  5100, 2,18:56:06,18:56:24,    18, 43.90, 40.00,  3.90
         0,     0, 2,18:56:32,18:56:35,     3, 40.00, 43.90, -3.90
  13008802,     0, 9,18:56:27,18:57:38,    71, 41.10, 34.70,  6.40
         0,     0, 9,18:57:46,18:57:54,     8, 34.70, 41.10, -6.40
  12448415,     0, 7,18:52:34,18:58:04,   330, 40.50, 28.30, 12.20
         0,     0, 7,18:58:12,18:58:20,     8, 28.30, 41.50,-13.20
  12706618,     0,10,19:01:12,19:01:50,    38, 41.10, 37.90,  3.20
         0,     0,10,19:01:58,19:02:02,     4, 37.90, 39.80, -1.90
  12706618,     0,10,19:02:18,19:02:20,     2, 36.70, 36.80, -0.10
         0,     0,10,19:02:28,19:02:32,     4, 36.80, 41.10, -4.30
  12199981,  5035, 1,19:02:05,19:03:14,    69, 41.20, 25.60, 15.60
         0,     0, 1,19:03:21,19:03:36,    15, 25.60, 41.30,-15.70
  13008792,     0,10,19:02:49,19:05:42,   173, 39.90, 29.60, 10.30
         0,     0,10,19:05:51,19:06:03,    12, 29.60, 41.20,-11.60
  13008815,     0, 8,19:11:10,19:12:50,   100, 41.20, 33.00,  8.20
         0,     0, 8,19:12:58,19:13:06,     8, 33.00, 41.00, -8.00
  13008815,     0, 8,19:14:38,19:15:23,    45, 41.10, 35.10,  6.00
         0,     0, 8,19:15:32,19:15:38,     6, 35.10, 41.10, -6.00
  13008737,     0, 8,19:16:55,19:17:13,    18, 41.00, 41.00,  0.00
  21306958,  5124, 7,18:58:30,19:17:18,  1128, 41.40, 39.10,  2.30
         0,     0, 7,19:17:26,19:17:27,     1, 39.10, 41.50, -2.40
  12200007,  5061, 2,19:20:54,19:22:33,    99, 43.90, 31.40, 12.50
         0,     0, 2,19:22:40,19:22:51,    11, 31.40, 44.00,-12.60
  13008836,     0, 8,19:25:31,19:25:32,     1, 40.90, 40.90,  0.00
  13008836,     0, 8,19:26:10,19:26:48,    38, 40.90, 40.60,  0.30
  13008737,     0, 7,19:19:14,19:27:08,   474, 27.50, 26.70,  0.80
         0,     0, 7,19:27:16,19:27:25,     9, 26.70, 26.70,  0.00
  12200048,     0, 8,19:27:03,19:31:01,   238, 40.60, 32.50,  8.10
         0,     0, 8,19:31:10,19:31:18,     8, 32.50, 32.50,  0.00
  13008765,     0,10,19:30:30,19:31:19,    49, 39.90, 34.80,  5.10
         0,     0,10,19:31:28,19:31:34,     6, 34.80, 41.20, -6.40
  13008836,     0, 8,19:31:54,19:31:55,     1, 40.00, 40.00,  0.00
         0,     0, 8,19:32:02,19:32:02,     0, 40.00, 40.40, -0.40
  13008836,     0, 8,19:32:17,19:32:53,    36, 40.50, 40.30,  0.20
  12706618,     0, 9,19:32:38,19:33:49,    71, 41.10, 34.80,  6.30
         0,     0, 9,19:33:56,19:34:04,     8, 34.80, 41.00, -6.20
  21268104,  6067, 2,19:35:44,19:36:42,    58, 44.00, 44.00,  0.00
  12448448,  6061, 2,19:36:55,19:37:19,    24, 44.00, 44.00,  0.00
  12706622,     0, 6,18:53:06,19:38:09,  2703, 37.10, 22.90, 14.20
         0,     0, 6,19:38:16,19:38:34,    18, 22.90, 23.00, -0.10
  12199977,     0, 9,19:38:57,19:39:34,    37, 41.00, 37.80,  3.20
  11954042,     0,10,19:39:20,19:39:34,    14, 41.20, 41.20,  0.00
         0,     0, 9,19:39:42,19:39:46,     4, 37.80, 41.10, -3.30
  12706609,  7018, 8,19:38:28,19:39:46,    78, 40.30, 36.20,  4.10
         0,     0, 8,19:39:55,19:40:00,     5, 36.20, 41.10, -4.90
  12199977,     0, 9,19:40:03,19:40:27,    24, 41.00, 35.70,  5.30
  11954042,     0,10,19:40:06,19:40:28,    22, 41.20, 41.10,  0.10
  21268104,  6067, 1,19:36:55,19:40:31,   216, 41.20, 33.30,  7.90
         0,     0, 9,19:40:35,19:40:42,     7, 35.70, 41.00, -5.30
         0,     0, 1,19:40:38,19:40:45,     7, 33.30, 41.20, -7.90
  11954042,     0,10,19:40:44,19:41:29,    45, 41.10, 40.90,  0.20
  11954042,     0,10,19:41:42,19:41:43,     1, 40.80, 40.80,  0.00
  11954042,     0, 9,19:41:47,19:42:11,    24, 41.00, 40.90,  0.10
  11954042,     0,10,19:42:16,19:45:11,   175, 40.80, 25.50, 15.30
         0,     0,10,19:45:19,19:45:35,    16, 25.50, 41.20,-15.70
  12706616,  7025, 2,19:45:13,19:46:27,    74, 44.00, 33.00, 11.00
         0,     0, 2,19:46:34,19:46:44,    10, 33.00, 44.00,-11.00
  21306958,  5124, 8,19:47:36,19:49:13,    97, 41.10, 40.60,  0.50
  12448479,  6092, 1,19:47:03,19:50:00,   177, 41.20, 27.40, 13.80
         0,     0, 1,19:50:07,19:50:20,    13, 27.40, 27.50, -0.10
  12448448,  6061, 1,19:50:31,19:50:36,     5, 41.20, 41.20,  0.00
  13008735,  7156, 4,19:52:12,19:53:27,    75, 43.50, 39.10,  4.40
         0,     0, 4,19:53:35,19:53:39,     4, 39.10, 43.40, -4.30
  12706601,     0, 9,19:54:47,19:54:56,     9, 40.90, 40.30,  0.60
  13323358,     0, 9,19:55:12,19:55:16,     4, 40.30, 40.20,  0.10
  13008735,  7156, 4,19:54:00,19:55:43,   103, 43.40, 29.10, 14.30
         0,     0, 4,19:55:51,19:56:04,    13, 29.10, 43.30,-14.20
  12706686,  7095, 1,19:54:22,19:59:22,   300, 41.20, 24.40, 16.80
         0,     0, 1,19:59:29,19:59:45,    16, 24.40, 41.20,-16.80
  13008789,     0, 7,19:27:40,20:03:32,  2152, 41.20, 26.30, 14.90
         0,     0, 7,20:03:39,20:03:48,     9, 26.30, 41.50,-15.20
  12448448,  6061, 2,19:50:45,20:03:58,   793, 44.00, 24.80, 19.20
         0,     0, 2,20:04:07,20:04:25,    18, 24.80, 43.80,-19.00
  13323358,     0, 9,20:04:44,20:05:11,    27, 40.10, 38.40,  1.70
         0,     0, 9,20:05:19,20:05:22,     3, 38.40, 41.00, -2.60
  12200007,  5061, 5,20:06:37,20:07:04,    27, 40.80, 38.60,  2.20
         0,     0, 5,20:07:12,20:07:14,     2, 38.60, 41.00, -2.40
  12706601,     0, 9,20:07:07,20:08:08,    61, 41.00, 34.70,  6.30
  12448477,  6090, 3,20:06:37,20:08:13,    96, 45.90, 40.00,  5.90
         0,     0, 9,20:08:16,20:08:24,     8, 34.70, 40.90, -6.20
         0,     0, 3,20:08:22,20:08:27,     5, 40.00, 46.10, -6.10
  12448477,  6090, 3,20:08:48,20:09:04,    16, 46.20, 44.70,  1.50
  12706700,  7109, 3,20:09:16,20:10:11,    55, 44.50, 32.90, 11.60
         0,     0, 3,20:10:19,20:10:31,    12, 32.90, 32.80,  0.10
  13323450,     0, 9,20:08:44,20:10:44,   120, 41.00, 36.40,  4.60
         0,     0, 9,20:10:53,20:10:59,     6, 36.40, 41.00, -4.60
  21292347,  5120, 2,20:09:12,20:11:53,   161, 43.90, 35.50,  8.40
         0,     0, 2,20:12:00,20:12:07,     7, 35.50, 35.50,  0.00
  12448409,  6022, 2,20:12:22,20:13:00,    38, 44.10, 44.10,  0.00
  12448409,  6022, 1,20:13:06,20:13:13,     7, 41.20, 41.20,  0.00
  12706710,  7119, 4,20:10:48,20:13:17,   149, 43.40, 32.70, 10.70
         0,     0, 4,20:13:25,20:13:35,    10, 32.70, 43.50,-10.80
  12448409,  6022, 2,20:18:35,20:21:03,   148, 44.10, 29.60, 14.50
         0,     0, 2,20:21:10,20:21:23,    13, 29.60, 43.90,-14.30
  12706669,  7078, 3,20:21:23,20:22:21,    58, 45.50, 38.20,  7.30
  12448449,  6062, 4,20:21:09,20:22:30,    81, 43.10, 41.00,  2.10
         0,     0, 3,20:22:30,20:22:37,     7, 38.20, 37.90,  0.30
         0,     0, 4,20:22:38,20:22:40,     2, 41.00, 43.40, -2.40
  21268825,  6087, 1,20:22:53,20:23:03,    10, 41.20, 41.20,  0.00
  12706669,  7078, 3,20:22:53,20:23:19,    26, 46.40, 47.80, -1.40
  12448479,  6092, 1,20:23:56,20:24:07,    11, 41.20, 41.20,  0.00
  21268825,  6087, 2,20:23:16,20:24:16,    60, 43.90, 43.10,  0.80
  21268825,  6087, 1,20:24:28,20:24:34,     6, 41.20, 41.20,  0.00
  12448479,  6092, 2,20:24:27,20:24:38,    11, 43.10, 42.70,  0.40
  12448449,  6062, 4,20:23:39,20:25:13,    94, 43.40, 24.60, 18.80
  12448479,  6092, 1,20:24:53,20:25:26,    33, 41.20, 41.20,  0.00
         0,     0, 4,20:25:21,20:25:39,    18, 24.60, 43.40,-18.80
  12706669,  7078, 3,20:23:33,20:26:39,   186, 47.70, 45.30,  2.40
  12706636,  7045, 5,20:25:27,20:26:43,    76, 40.90, 29.10, 11.80
  21268825,  6087, 2,20:24:48,20:26:55,   127, 42.70, 21.60, 21.10
         0,     0, 5,20:26:51,20:27:02,    11, 29.10, 40.80,-11.70
         0,     0, 2,20:27:03,20:27:24,    21, 21.60, 43.90,-22.30
  12706701,  7110, 4,20:26:53,20:27:36,    43, 43.60, 43.30,  0.30
  12448479,  6092, 2,20:28:01,20:30:08,   127, 43.90, 37.20,  6.70
         0,     0, 2,20:30:16,20:30:21,     5, 37.20, 43.90, -6.70
  12706701,  7110, 3,20:28:28,20:30:44,   136, 44.00, 32.20, 11.80
         0,     0, 3,20:30:52,20:31:05,    13, 32.20, 32.20,  0.00
  13008735,  7156, 3,20:31:34,20:33:28,   114, 46.30, 40.90,  5.40
         0,     0, 3,20:33:35,20:33:39,     4, 40.90, 40.70,  0.20
  13008800,     0, 9,20:36:43,20:36:46,     3, 34.10, 34.10,  0.00
         0,     0, 9,20:36:53,20:37:02,     9, 34.10, 41.00, -6.90
  12448416,  6029, 1,20:36:11,20:38:40,   149, 41.20, 19.80, 21.40
         0,     0, 1,20:38:48,20:39:08,    20, 19.80, 19.90, -0.10
  21306958,  5124, 7,20:04:11,20:40:22,  2171, 41.60, 41.30,  0.30
  12199981,  5035, 3,20:42:54,20:43:59,    65, 46.10, 32.90, 13.20
         0,     0, 3,20:44:07,20:44:19,    12, 32.90, 33.10, -0.20
  12200083,     0, 9,20:45:17,20:45:57,    40, 41.10, 36.70,  4.40
         0,     0, 9,20:46:05,20:46:10,     5, 36.70, 41.10, -4.40
  21292347,  5120, 2,20:48:57,20:51:13,   136, 43.90, 36.20,  7.70
         0,     0, 2,20:51:21,20:51:27,     6, 36.20, 36.30, -0.10
  13008836,     0, 8,20:52:59,20:53:13,    14, 40.40, 40.30,  0.10
  12706707,  7116, 2,20:53:23,20:53:37,    14, 44.00, 43.90,  0.10
  12706707,  7116, 2,20:53:47,20:55:12,    85, 43.90, 32.30, 11.60
         0,     0, 2,20:55:21,20:55:31,    10, 32.30, 44.00,-11.70
  12448451,  6064, 2,20:55:41,20:55:53,    12, 44.00, 44.00,  0.00
  13008836,     0, 8,20:53:59,20:55:56,   117, 40.20, 28.00, 12.20
         0,     0, 8,20:56:04,20:56:18,    14, 28.00, 41.10,-13.10
  13008820,     0, 9,20:58:52,20:59:20,    28, 39.90, 39.70,  0.20
  12706636,  7045, 2,20:58:06,20:59:21,    75, 44.00, 35.90,  8.10
         0,     0, 9,20:59:28,20:59:29,     1, 39.70, 41.00, -1.30
         0,     0, 2,20:59:30,20:59:37,     7, 35.90, 44.00, -8.10
  13008820,     0, 9,21:00:20,21:00:21,     1, 40.40, 40.40,  0.00
  12448451,  6064, 1,20:55:57,21:00:59,   302, 41.30, 19.50, 21.80
         0,     0, 1,21:01:07,21:01:27,    20, 19.50, 41.30,-21.80
  13008820,     0, 9,21:01:31,21:01:32,     1, 39.10, 39.10,  0.00
         0,     0, 9,21:01:41,21:01:43,     2, 39.10, 41.10, -2.00
  11953978,  4008, 2,21:03:40,21:05:07,    87, 44.00, 32.10, 11.90
         0,     0, 2,21:05:16,21:05:26,    10, 32.10, 44.00,-11.90
  13008756,  7115, 1,21:06:49,21:10:06,   197, 41.30, 22.50, 18.80
  12706669,  7078, 2,21:06:47,21:10:28,   221, 44.00, 37.20,  6.80
         0,     0, 1,21:10:15,21:10:32,    17, 22.50, 41.30,-18.80
         0,     0, 2,21:10:36,21:10:41,     5, 37.20, 44.00, -6.80
  11499161,  2051, 2,21:12:05,21:12:14,     9, 44.00, 44.00,  0.00
  12448416,  6029, 4,21:12:33,21:15:51,   198, 43.10, 37.90,  5.20
         0,     0, 4,21:15:59,21:16:04,     5, 37.90, 43.40, -5.50
  11499161,  2051, 2,21:12:23,21:16:16,   233, 44.00, 26.60, 17.40
         0,     0, 2,21:16:25,21:16:41,    16, 26.60, 44.00,-17.40
  11954050,  4080, 1,21:16:50,21:19:35,   165, 41.30, 25.20, 16.10
  12200046,  5100, 2,21:18:54,21:19:39,    45, 44.00, 34.20,  9.80
         0,     0, 2,21:19:47,21:19:56,     9, 34.20, 43.80, -9.60
         0,     0, 1,21:19:43,21:19:59,    16, 25.20, 41.30,-16.10
  12200048,     0, 8,21:16:23,21:20:18,   235, 41.20, 34.50,  6.70
         0,     0, 8,21:20:25,21:20:31,     6, 34.50, 41.10, -6.60
  11954075,  4105, 1,21:20:09,21:21:58,   109, 41.30, 28.30, 13.00
         0,     0, 1,21:22:06,21:22:18,    12, 28.30, 41.20,-12.90
  12706651,  7060, 4,21:21:30,21:24:15,   165, 43.50, 27.00, 16.50
  13008797,     0, 6,21:07:25,21:24:24,  1019, 41.50, 41.40,  0.10
  13323358,     0, 9,21:24:31,21:24:32,     1, 40.90, 40.90,  0.00
         0,     0, 4,21:24:22,21:24:37,    15, 27.00, 43.40,-16.40
  11724239,  3139, 3,21:20:31,21:25:45,   314, 46.40, 29.40, 17.00
         0,     0, 3,21:25:53,21:26:08,    15, 29.40, 29.20,  0.20
  12706726,  7135, 2,21:28:08,21:28:13,     5, 43.90, 43.80,  0.10
  12706738,  7147, 5,21:28:34,21:29:29,    55, 40.80, 37.30,  3.50
         0,     0, 5,21:29:37,21:29:40,     3, 37.30, 40.80, -3.50
  12706639,  7048, 5,21:29:58,21:30:04,     6, 40.80, 40.80,  0.00
  12706726,  7135, 2,21:28:25,21:30:45,   140, 43.90, 37.10,  6.80
  11954075,  4105, 1,21:30:28,21:30:57,    29, 41.20, 36.50,  4.70
         0,     0, 2,21:30:54,21:30:59,     5, 37.10, 43.90, -6.80
         0,     0, 1,21:31:04,21:31:08,     4, 36.50, 41.20, -4.70
  12706707,  7116, 1,21:31:27,21:32:28,    61, 41.20, 35.60,  5.60
         0,     0, 1,21:32:36,21:32:40,     4, 35.60, 41.20, -5.60
  12706639,  7048, 5,21:31:46,21:33:40,   114, 40.80, 39.60,  1.20
         0,     0, 5,21:33:48,21:33:49,     1, 39.60, 40.80, -1.20
  12199988,  5042, 5,21:33:59,21:34:27,    28, 40.80, 40.20,  0.60
  12706727,  7136, 1,21:33:35,21:35:58,   143, 41.20, 26.00, 15.20
         0,     0, 1,21:36:07,21:36:21,    14, 26.00, 41.10,-15.10
  12199988,  5042, 5,21:34:51,21:36:43,   112, 40.20, 20.40, 19.80
         0,     0, 5,21:36:52,21:37:11,    19, 20.40, 40.80,-20.40
  12448437,  6050, 7,21:33:53,21:38:02,   249, 41.20, 34.50,  6.70
         0,     0, 7,21:38:09,21:38:13,     4, 34.50, 41.20, -6.70
  12199986,     0, 7,21:38:24,21:39:17,    53, 41.30, 38.10,  3.20
         0,     0, 7,21:39:24,21:39:26,     2, 38.10, 41.70, -3.60
  12706639,  7048, 5,21:38:32,21:39:49,    77, 40.80, 23.70, 17.10
         0,     0, 5,21:39:57,21:40:13,    16, 23.70, 40.80,-17.10
  12199986,     0, 8,21:39:06,21:40:33,    87, 41.30, 19.80, 21.50
         0,     0, 8,21:40:41,21:41:04,    23, 19.80, 41.00,-21.20
  13323427,     0, 8,21:46:38,21:46:40,     2, 40.90, 41.00, -0.10
  13323427,     0, 8,21:46:55,21:47:01,     6, 41.00, 41.00,  0.00
  13323434,     0, 9,21:54:39,21:56:29,   110, 39.10, 34.50,  4.60
         0,     0, 9,21:56:38,21:56:46,     8, 34.50, 41.10, -6.60
  12448428,  6041, 4,21:56:49,21:57:32,    43, 43.40, 35.10,  8.30
  13323434,     0, 9,21:57:41,21:57:43,     2, 38.50, 38.50,  0.00
         0,     0, 4,21:57:40,21:57:47,     7, 35.10, 43.40, -8.30
         0,     0, 9,21:57:52,21:57:55,     3, 38.50, 41.00, -2.50
  12200046,  5100, 4,22:04:26,22:05:09,    43, 43.50, 32.80, 10.70
         0,     0, 4,22:05:17,22:05:27,    10, 32.80, 43.40,-10.60
  13008735,  7156, 4,22:07:12,22:08:58,   106, 43.40, 36.50,  6.90
         0,     0, 4,22:09:05,22:09:11,     6, 36.50, 43.30, -6.80
  12448415,     0, 8,22:14:54,22:15:10,    16, 41.00, 40.90,  0.10
  12448415,     0, 8,22:15:44,22:16:15,    31, 40.70, 40.60,  0.10
  13323427,     0, 7,21:47:08,22:16:23,  1755, 29.10, 25.40,  3.70
         0,     0, 7,22:16:31,22:16:41,    10, 25.40, 41.40,-16.00
  12448415,     0, 8,22:16:47,22:18:25,    98, 40.10, 28.40, 11.70
         0,     0, 8,22:18:34,22:18:47,    13, 28.40, 41.10,-12.70
  11724159,     0, 6,21:50:15,22:19:08,  1733, 41.40, 41.40,  0.00
  13008800,     0,10,22:20:11,22:20:47,    36, 40.00, 34.00,  6.00
         0,     0,10,22:20:56,22:21:03,     7, 34.00, 41.30, -7.30
  12706727,  7136, 2,22:23:02,22:23:56,    54, 43.90, 34.40,  9.50
         0,     0, 2,22:24:04,22:24:12,     8, 34.40, 44.00, -9.60
  11954014,  4044, 3,22:23:18,22:24:22,    64, 46.60, 32.00, 14.60
         0,     0, 3,22:24:29,22:24:42,    13, 32.00, 31.90,  0.10
  13008732,  7153, 4,22:21:40,22:24:47,   187, 43.50, 36.20,  7.30
         0,     0, 4,22:24:54,22:25:00,     6, 36.20, 43.40, -7.20
  12448483,  6096, 1,22:24:41,22:26:55,   134, 41.30, 15.10, 26.20
  13008732,  7153, 4,22:25:39,22:27:03,    84, 43.40, 24.70, 18.70
  12448477,  6090, 3,22:25:58,22:27:20,    82, 46.40, 42.00,  4.40
         0,     0, 4,22:27:10,22:27:28,    18, 24.70, 43.10,-18.40
         0,     0, 1,22:27:04,22:27:29,    25, 15.10, 41.30,-26.20
         0,     0, 3,22:27:27,22:27:30,     3, 42.00, 46.30, -4.30
  12706650,  7059, 5,22:27:41,22:28:34,    53, 40.80, 38.90,  1.90
         0,     0, 5,22:28:41,22:28:43,     2, 38.90, 41.00, -2.10
  12448477,  6090, 3,22:28:10,22:29:25,    75, 46.00, 40.10,  5.90
         0,     0, 3,22:29:32,22:29:37,     5, 40.10, 46.20, -6.10
  11724109,  6068, 1,22:29:10,22:32:57,   227, 41.30, 27.60, 13.70
  12706705,  7114, 2,22:32:54,22:33:01,     7, 44.00, 43.90,  0.10
         0,     0, 1,22:33:04,22:33:16,    12, 27.60, 41.30,-13.70
  13008735,  7156, 3,22:34:09,22:35:32,    83, 45.70, 41.70,  4.00
         0,     0, 3,22:35:39,22:35:42,     3, 41.70, 41.90, -0.20
  12706705,  7114, 1,22:33:26,22:37:45,   259, 41.30, 23.10, 18.20
         0,     0, 1,22:37:53,22:38:10,    17, 23.10, 41.20,-18.10
  12706651,  7060, 5,22:37:57,22:39:30,    93, 40.90, 36.10,  4.80
         0,     0, 5,22:39:38,22:39:42,     4, 36.10, 40.90, -4.80
  12706650,  7059, 4,22:41:51,22:42:03,    12, 43.60, 42.10,  1.50
  12706650,  7059, 3,22:42:11,22:42:15,     4, 45.70, 46.80, -1.10
  12200042,  5096, 3,22:42:25,22:44:12,   107, 47.00, 33.00, 14.00
         0,     0, 3,22:44:22,22:44:34,    12, 33.00, 46.10,-13.10
  11954056,     0, 8,22:47:03,22:47:05,     2, 22.40, 22.40,  0.00
         0,     0, 8,22:47:13,22:47:35,    22, 22.40, 40.50,-18.10
  11954056,     0, 8,22:48:30,22:48:31,     1, 29.30, 29.40, -0.10
         0,     0, 8,22:48:39,22:48:51,    12, 29.40, 41.20,-11.80
  13008742,  7163, 3,22:50:36,22:51:56,    80, 46.10, 47.30, -1.20
  12706639,  7048, 5,22:52:43,22:54:08,    85, 40.90, 33.70,  7.20
         0,     0, 5,22:54:15,22:54:21,     6, 33.70, 33.70,  0.00
  13008742,  7163, 4,22:52:11,22:55:00,   169, 41.90, 21.90, 20.00
         0,     0, 4,22:55:08,22:55:28,    20, 21.90, 43.40,-21.50
  12706650,  7059, 5,22:54:33,22:55:26,    53, 40.90, 35.30,  5.60
         0,     0, 5,22:55:33,22:55:38,     5, 35.30, 40.90, -5.60
  12706637,  7046, 4,22:55:47,22:57:35,   108, 43.80, 31.40, 12.40
         0,     0, 4,22:57:43,22:57:54,    11, 31.40, 43.30,-11.90
  11724159,     0, 6,22:54:21,22:58:57,   276, 41.40, 41.40,  0.00
  12448473,  6086, 1,23:01:53,23:03:09,    76, 41.20, 28.50, 12.70
         0,     0, 1,23:03:18,23:03:29,    11, 28.50, 41.20,-12.70
  12199969,     0, 9,23:05:02,23:05:56,    54, 41.00, 41.00,  0.00
  12706650,  7059, 5,23:07:14,23:08:44,    90, 40.80, 34.80,  6.00
         0,     0, 5,23:08:52,23:08:58,     6, 34.80, 34.80,  0.00
  13008779,     0, 8,23:09:32,23:10:11,    39, 41.30, 36.70,  4.60
  12199969,     0, 9,23:07:03,23:10:12,   189, 41.00, 36.30,  4.70
         0,     0, 8,23:10:20,23:10:24,     4, 36.70, 41.00, -4.30
         0,     0, 9,23:10:21,23:10:27,     6, 36.30, 41.00, -4.70
         0,     0, 8,23:10:49,23:10:51,     2, 38.60, 41.10, -2.50
  11953978,  4008, 1,23:15:29,23:16:39,    70, 41.20, 29.90, 11.30
         0,     0, 1,23:16:46,23:16:56,    10, 29.90, 41.30,-11.40
  12706604,     0, 9,23:23:59,23:24:08,     9, 41.00, 41.00,  0.00
  12706604,     0, 9,23:24:39,23:24:42,     3, 41.00, 41.00,  0.00
  12706604,     0, 9,23:24:54,23:25:25,    31, 41.00, 40.90,  0.10
  12706604,     0, 9,23:25:45,23:26:44,    59, 40.90, 40.60,  0.30
  11954056,     0, 7,22:45:14,23:26:52,  2498, 41.20, 40.40,  0.80
  13008800,     0,10,23:27:29,23:28:41,    72, 34.90, 23.80, 11.10
  12706604,     0, 9,23:27:30,23:29:00,    90, 40.60, 34.50,  6.10
         0,     0,10,23:28:49,23:29:07,    18, 23.80, 41.20,-17.40
  11954014,  4044, 3,23:26:58,23:29:07,   129, 45.90, 40.10,  5.80
         0,     0, 9,23:29:09,23:29:17,     8, 34.50, 41.10, -6.60
         0,     0, 3,23:29:16,23:29:21,     5, 40.10, 40.00,  0.10
  21306958,  5124, 8,23:27:01,23:29:26,   145, 41.20, 40.70,  0.50
  21306958,  5124, 8,23:29:52,23:29:54,     2, 40.70, 40.70,  0.00
  12706669,  7078, 4,23:29:42,23:31:02,    80, 43.40, 33.00, 10.40
         0,     0, 4,23:31:10,23:31:19,     9, 33.00, 43.40,-10.40
  21306958,  5124, 8,23:30:15,23:31:21,    66, 39.90, 36.90,  3.00
         0,     0, 8,23:31:28,23:31:32,     4, 36.90, 41.00, -4.10
  21268104,  6067, 5,23:30:23,23:32:25,   122, 40.90, 33.90,  7.00
         0,     0, 5,23:32:33,23:32:39,     6, 33.90, 33.90,  0.00
  12706655,  7064, 2,23:31:36,23:34:23,   167, 43.90, 31.30, 12.60
         0,     0, 2,23:34:31,23:34:42,    11, 31.30, 44.00,-12.70
  13323358,     0,10,23:35:31,23:35:47,    16, 41.20, 40.50,  0.70
  13008737,     0, 8,23:33:33,23:35:47,   134, 41.00, 33.70,  7.30
         0,     0, 8,23:35:56,23:36:03,     7, 33.70, 41.10, -7.40
  12706659,  7068, 4,23:31:34,23:36:05,   271, 43.70, 25.70, 18.00
         0,     0, 4,23:36:13,23:36:30,    17, 25.70, 43.40,-17.70
  13323358,     0,10,23:36:23,23:36:59,    36, 40.50, 34.70,  5.80
         0,     0,10,23:37:07,23:37:13,     6, 34.70, 41.10, -6.40
  12706659,  7068, 4,23:37:16,23:38:26,    70, 43.60, 42.60,  1.00
  12706604,     0, 9,23:39:36,23:40:34,    58, 41.10, 40.90,  0.20
  11954075,  4105, 2,23:41:27,23:43:26,   119, 44.00, 32.90, 11.10
         0,     0, 2,23:43:34,23:43:44,    10, 32.90, 44.00,-11.10
  13323434,     0, 9,23:42:28,23:44:28,   120, 40.60, 34.40,  6.20
  12448442,  6055, 6,23:17:04,23:44:29,  1645, 41.40, 41.40,  0.00
         0,     0, 1,23:44:41,23:44:51,    10, 41.30, 41.30,  0.00
         0,     0, 2,23:44:41,23:44:51,    10, 44.00, 44.00,  0.00
         0,     0, 3,23:44:41,23:44:51,    10, 45.40, 45.40,  0.00
         0,     0, 4,23:44:41,23:44:51,    10, 42.50, 42.50,  0.00
         0,     0, 5,23:44:41,23:44:51,    10, 40.90, 40.90,  0.00
         0,     0, 7,23:44:41,23:44:51,    10, 40.40, 40.40,  0.00
         0,     0, 8,23:44:41,23:44:51,    10, 41.20, 41.20,  0.00
         0,     0,10,23:44:41,23:44:51,    10, 41.10, 41.10,  0.00
         0,     0, 9,23:44:36,23:44:44,     8, 34.40, 41.00, -6.60
