         0,     0, 6, 0:03:29, 0:03:39,    10, 40.10, 40.10,  0.00
         0,     0, 5, 0:03:29, 0:03:39,    10, 41.00, 41.00,  0.00
         0,     0, 7, 0:03:29, 0:03:39,    10, 34.20, 34.20,  0.00
         0,     0, 8, 0:03:29, 0:03:39,    10, 40.70, 40.70,  0.00
         0,     0, 9, 0:03:29, 0:03:39,    10, 41.10, 41.10,  0.00
         0,     0,10, 0:03:29, 0:03:39,    10, 38.70, 38.70,  0.00
         0,     0, 1, 0:03:29, 0:03:39,    10, 41.30, 41.30,  0.00
         0,     0, 2, 0:03:29, 0:03:39,    10, 43.60, 43.60,  0.00
         0,     0, 3, 0:03:29, 0:03:39,    10, 46.40, 46.40,  0.00
         0,     0, 4, 0:03:29, 0:03:39,    10, 44.20, 44.20,  0.00
  12200042,  5096, 1, 0:09:16, 0:11:42,   146, 41.30, 23.10, 18.20
         0,     0, 1, 0:11:50, 0:12:07,    17, 23.10, 41.30,-18.20
  12199987,     0, 8, 0:07:41, 0:12:25,   284, 40.70, 38.90,  1.80
         0,     0, 8, 0:12:33, 0:12:34,     1, 38.90, 41.10, -2.20
  12199987,     0, 8, 0:12:54, 0:13:03,     9, 41.10, 40.70,  0.40
  12199987,     0, 8, 0:13:16, 0:14:04,    48, 40.70, 39.30,  1.40
         0,     0, 8, 0:14:13, 0:14:14,     1, 39.30, 41.10, -1.80
  11499202,     0, 8, 0:16:20, 0:17:40,    80, 40.50, 33.50,  7.00
         0,     0, 8, 0:17:48, 0:17:55,     7, 33.50, 33.60, -0.10
  12706655,  7064, 4, 0:20:03, 0:21:04,    61, 43.90, 30.00, 13.90
         0,     0, 4, 0:21:12, 0:21:24,    12, 30.00, 43.30,-13.30
  12706645,     0, 8, 0:27:43, 0:27:53,    10, 41.20, 41.20,  0.00
  12706645,     0, 8, 0:28:20, 0:28:25,     5, 39.90, 39.90,  0.00
         0,     0, 8, 0:28:32, 0:28:32,     0, 39.90, 40.90, -1.00
  11954056,     0, 9, 0:28:39, 0:29:56,    77, 41.10, 40.40,  0.70
  12706645,     0, 8, 0:28:42, 0:29:57,    75, 40.70, 23.50, 17.20
         0,     0, 8, 0:30:06, 0:30:24,    18, 23.50, 41.20,-17.70
  12448432,  6045, 5, 0:28:31, 0:30:25,   114, 41.00, 30.60, 10.40
         0,     0, 5, 0:30:32, 0:30:41,     9, 30.60, 41.00,-10.40
  11954056,     0, 9, 0:31:32, 0:31:33,     1, 31.90, 31.90,  0.00
         0,     0, 9, 0:31:40, 0:31:51,    11, 31.90, 41.10, -9.20
  12448412,  6025, 5, 0:41:12, 0:41:32,    20, 40.90, 40.80,  0.10
  11954050,  4080, 2, 0:43:13, 0:43:34,    21, 43.50, 42.90,  0.60
  12706669,  7078, 2, 0:43:49, 0:44:42,    53, 42.90, 38.30,  4.60
         0,     0, 2, 0:44:50, 0:44:54,     4, 38.30, 43.70, -5.40
  11954050,  4080, 2, 0:45:04, 0:46:24,    80, 43.70, 36.10,  7.60
         0,     0, 2, 0:46:33, 0:46:40,     7, 36.10, 43.80, -7.70
  12448412,  6025, 5, 0:43:56, 0:46:37,   161, 40.90, 40.40,  0.50
  11954050,  4080, 1, 0:46:36, 0:46:52,    16, 41.20, 37.40,  3.80
         0,     0, 1, 0:46:59, 0:47:02,     3, 37.40, 41.30, -3.90
  12448451,  6064, 2, 0:47:55, 0:48:46,    51, 43.80, 43.70,  0.10
  12706651,  7060, 5, 0:47:27, 0:49:32,   125, 40.40, 25.40, 15.00
         0,     0, 5, 0:49:40, 0:49:54,    14, 25.40, 40.90,-15.50
  13008762,     0,10, 0:49:40, 0:49:57,    17, 38.60, 38.60,  0.00
         0,     0,10, 0:50:05, 0:50:07,     2, 38.60, 41.20, -2.60
  12706705,  7114, 4, 0:50:15, 0:50:16,     1, 43.50, 43.80, -0.30
  12706651,  7060, 5, 0:50:07, 0:50:26,    19, 40.80, 39.70,  1.10
         0,     0, 5, 0:50:34, 0:50:35,     1, 39.70, 40.80, -1.10
  12448432,  6045, 2, 0:48:56, 0:51:35,   159, 43.70, 31.50, 12.20
  12448451,  6064, 4, 0:50:28, 0:51:49,    81, 44.00, 43.70,  0.30
         0,     0, 2, 0:51:43, 0:51:54,    11, 31.50, 43.70,-12.20
  12448451,  6064, 3, 0:52:09, 0:52:50,    41, 46.60, 46.60,  0.00
  13008833,     0,10, 0:50:27, 0:52:54,   147, 41.20, 31.30,  9.90
         0,     0,10, 0:53:01, 0:53:11,    10, 31.30, 41.20, -9.90
  13008762,     0, 9, 0:50:32, 0:53:14,   162, 41.10, 37.60,  3.50
         0,     0, 9, 0:53:23, 0:53:27,     4, 37.60, 41.10, -3.50
  12448412,  6025, 1, 0:54:18, 0:54:28,    10, 41.30, 41.30,  0.00
  12448412,  6025, 2, 0:55:24, 0:56:32,    68, 43.70, 43.50,  0.20
  12706705,  7114, 4, 0:56:32, 0:56:44,    12, 43.60, 43.50,  0.10
  12448451,  6064, 3, 0:56:38, 0:58:03,    85, 46.20, 26.80, 19.40
         0,     0, 3, 0:58:11, 0:58:27,    16, 26.80, 26.70,  0.10
  12706705,  7114, 3, 0:59:04, 1:02:02,   178, 47.30, 29.40, 17.90
         0,     0, 3, 1:02:11, 1:02:25,    14, 29.40, 29.40,  0.00
  12448412,  6025, 1, 0:57:42, 1:02:27,   285, 41.30, 21.80, 19.50
         0,     0, 1, 1:02:34, 1:02:52,    18, 21.80, 41.20,-19.40
  11953978,  4008, 3, 1:05:50, 1:06:57,    67, 46.70, 40.00,  6.70
         0,     0, 3, 1:07:05, 1:07:10,     5, 40.00, 46.40, -6.40
  13008732,  7153, 3, 1:10:54, 1:13:31,   157, 46.80, 31.20, 15.60
         0,     0, 3, 1:13:39, 1:13:51,    12, 31.20, 46.50,-15.30
  11954014,  4044, 5, 1:13:37, 1:14:51,    74, 40.70, 30.30, 10.40
         0,     0, 5, 1:14:59, 1:15:09,    10, 30.30, 41.10,-10.80
  11953996,  4026, 2, 1:14:46, 1:17:59,   193, 43.50, 25.10, 18.40
         0,     0, 2, 1:18:07, 1:18:25,    18, 25.10, 43.60,-18.50
  13008866,     0, 8, 1:24:58, 1:25:37,    39, 41.20, 41.10,  0.10
  12706639,  7048, 5, 1:36:58, 1:40:14,   196, 41.00, 34.80,  6.20
         0,     0, 5, 1:40:22, 1:40:27,     5, 34.80, 40.90, -6.10
  12448428,  6041, 1, 1:42:00, 1:43:18,    78, 41.20, 24.00, 17.20
         0,     0, 1, 1:43:25, 1:43:41,    16, 24.00, 41.20,-17.20
  13008866,     0, 8, 1:43:39, 1:44:04,    25, 41.00, 40.90,  0.10
  13008866,     0, 8, 1:46:07, 1:46:48,    41, 40.90, 40.70,  0.20
  12706729,  7138, 4, 1:45:46, 1:47:33,   107, 43.60, 33.70,  9.90
         0,     0, 4, 1:47:41, 1:47:50,     9, 33.70, 43.40, -9.70
  12199987,     0, 8, 1:46:59, 1:53:06,   367, 40.70, 26.30, 14.40
         0,     0, 8, 1:53:14, 1:53:29,    15, 26.30, 41.20,-14.90
  13008866,     0, 8, 1:54:18, 1:54:21,     3, 41.20, 41.20,  0.00
  13008866,     0, 8, 1:54:59, 1:55:13,    14, 41.10, 41.10,  0.00
  13008866,     0, 8, 1:55:48, 1:57:46,   118, 41.10, 40.70,  0.40
  13008866,     0, 8, 1:58:15, 1:58:34,    19, 40.60, 40.50,  0.10
  13008866,     0, 8, 1:58:57, 1:59:39,    42, 40.40, 40.20,  0.20
  13008866,     0, 8, 2:00:32, 2:01:19,    47, 40.20, 40.00,  0.20
         0,     0, 8, 2:01:28, 2:01:28,     0, 40.00, 40.50, -0.50
  13008866,     0, 8, 2:03:14, 2:04:23,    69, 40.10, 39.80,  0.30
         0,     0, 8, 2:04:31, 2:04:31,     0, 39.80, 40.70, -0.90
  13008866,     0, 8, 2:06:44, 2:06:47,     3, 40.10, 40.10,  0.00
  12706646,     0, 8, 2:07:02, 2:07:04,     2, 40.00, 40.10, -0.10
  11954027,  4057, 1, 2:06:59, 2:07:07,     8, 41.20, 41.20,  0.00
  12706667,     0, 7, 0:25:14, 2:07:16,  6122, 34.10, 16.30, 17.80
         0,     0, 7, 2:07:24, 2:07:39,    15, 16.30, 16.30,  0.00
  11954027,  4057, 1, 2:07:24, 2:07:41,    17, 41.20, 40.70,  0.50
  13008866,     0, 8, 2:07:45, 2:07:58,    13, 40.00, 40.00,  0.00
         0,     0, 8, 2:08:07, 2:08:07,     0, 40.00, 40.50, -0.50
  11954027,  4057, 1, 2:08:19, 2:09:30,    71, 40.70, 22.80, 17.90
         0,     0, 1, 2:09:38, 2:09:56,    18, 22.80, 41.30,-18.50
  12706646,     0, 8, 2:08:42, 2:10:09,    87, 39.80, 26.70, 13.10
  21304388,  6125, 2, 2:08:11, 2:10:29,   138, 43.60, 25.20, 18.40
         0,     0, 8, 2:10:18, 2:10:33,    15, 26.70, 41.10,-14.40
         0,     0, 2, 2:10:38, 2:10:56,    18, 25.20, 43.80,-18.60
  12706700,  7109, 2, 2:21:18, 2:21:29,    11, 43.80, 43.80,  0.00
  12706700,  7109, 1, 2:21:40, 2:21:51,    11, 41.30, 41.30,  0.00
  12706700,  7109, 2, 2:21:56, 2:23:14,    78, 43.80, 34.20,  9.60
         0,     0, 2, 2:23:23, 2:23:32,     9, 34.20, 43.80, -9.60
  12706646,     0, 7, 2:07:56, 2:27:54,  1198, 41.50, 41.20,  0.30
  12199981,  5035, 5, 2:40:48, 2:43:26,   158, 40.80, 29.90, 10.90
         0,     0, 5, 2:43:33, 2:43:43,    10, 29.90, 41.00,-11.10
  21306958,  5124, 9, 2:40:33, 2:45:39,   306, 41.00, 35.60,  5.40
         0,     0, 9, 2:45:46, 2:45:53,     7, 35.60, 41.10, -5.50
  12199986,     0,10, 2:55:04, 2:55:51,    47, 41.00, 39.10,  1.90
         0,     0,10, 2:55:59, 2:56:00,     1, 39.10, 41.20, -2.10
  12200046,  5100, 2, 2:57:36, 2:59:02,    86, 43.80, 31.30, 12.50
         0,     0, 2, 2:59:10, 2:59:22,    12, 31.30, 43.70,-12.40
  12199986,     0, 9, 3:01:02, 3:02:10,    68, 41.10, 35.20,  5.90
         0,     0, 9, 3:02:17, 3:02:24,     7, 35.20, 41.00, -5.80
  12200064,  5118, 4, 3:01:50, 3:06:05,   255, 43.80, 25.90, 17.90
         0,     0, 4, 3:06:13, 3:06:29,    16, 25.90, 43.40,-17.50
  12706645,     0, 8, 3:08:23, 3:09:40,    77, 41.10, 39.50,  1.60
         0,     0, 8, 3:09:48, 3:09:49,     1, 39.50, 40.90, -1.40
  12706645,     0, 8, 3:10:38, 3:10:55,    17, 39.30, 36.40,  2.90
         0,     0, 8, 3:11:03, 3:11:07,     4, 36.40, 41.10, -4.70
  12706616,  7025, 3, 3:13:22, 3:15:03,   101, 46.60, 33.90, 12.70
         0,     0, 3, 3:15:12, 3:15:22,    10, 33.90, 46.60,-12.70
  12448454,  6067, 5, 3:12:46, 3:16:00,   194, 40.90, 31.10,  9.80
         0,     0, 5, 3:16:09, 3:16:18,     9, 31.10, 41.00, -9.90
  12706645,     0, 7, 2:28:39, 3:27:25,  3526, 39.70, 32.40,  7.30
         0,     0, 7, 3:27:32, 3:27:37,     5, 32.40, 41.30, -8.90
  12448479,  6092, 1, 3:45:17, 3:47:19,   122, 41.20, 22.40, 18.80
         0,     0, 1, 3:47:27, 3:47:45,    18, 22.40, 41.20,-18.80
  21268825,  6068, 4, 4:18:13, 4:20:56,   163, 44.00, 32.30, 11.70
         0,     0, 4, 4:21:04, 4:21:14,    10, 32.30, 43.40,-11.10
  12706719,  7128, 2, 4:19:25, 4:22:44,   199, 43.50, 28.40, 15.10
         0,     0, 2, 4:22:51, 4:23:06,    15, 28.40, 43.70,-15.30
  13008742,  7163, 5, 4:23:41, 4:24:00,    19, 40.90, 40.80,  0.10
  12448471,  6084, 5, 4:30:32, 4:31:29,    57, 40.80, 34.20,  6.60
         0,     0, 5, 4:31:36, 4:31:42,     6, 34.20, 34.40, -0.20
  12448437,  6050,10, 4:35:29, 4:37:55,   146, 41.00, 35.20,  5.80
         0,     0,10, 4:38:04, 4:38:09,     5, 35.20, 41.10, -5.90
  13008742,  7163, 4, 4:45:10, 4:45:31,    21, 43.70, 43.70,  0.00
  12448479,  6092, 2, 4:47:45, 4:49:00,    75, 43.70, 37.00,  6.70
         0,     0, 2, 4:49:08, 4:49:14,     6, 37.00, 43.80, -6.80
  13008742,  7163, 2, 4:59:47, 5:02:58,   191, 43.80, 25.10, 18.70
         0,     0, 2, 5:03:05, 5:03:23,    18, 25.10, 43.80,-18.70
  12448428,  6041, 4, 5:56:32, 5:57:36,    64, 43.80, 28.10, 15.70
  12706669,  7078, 3, 5:56:40, 5:57:51,    71, 46.50, 34.40, 12.10
         0,     0, 4, 5:57:44, 5:57:58,    14, 28.10, 43.40,-15.30
         0,     0, 3, 5:57:59, 5:58:09,    10, 34.40, 46.30,-11.90
  13008732,  7153, 2, 6:01:57, 6:05:51,   234, 43.70, 28.70, 15.00
         0,     0, 2, 6:05:59, 6:06:14,    15, 28.70, 43.70,-15.00
  12448416,  6029, 5, 6:06:23, 6:07:05,    42, 40.90, 40.10,  0.80
  12706727,  7136, 4, 6:06:48, 6:08:49,   121, 43.50, 28.70, 14.80
  12448416,  6029, 5, 6:07:21, 6:08:53,    92, 40.20, 24.20, 16.00
         0,     0, 4, 6:08:57, 6:09:11,    14, 28.70, 43.20,-14.50
         0,     0, 5, 6:09:00, 6:09:16,    16, 24.20, 41.00,-16.80
  21268104,  6062, 2, 6:09:13, 6:11:44,   151, 43.70, 30.40, 13.30
         0,     0, 2, 6:11:53, 6:12:06,    13, 30.40, 43.80,-13.40
  12448454,  6067, 1, 6:13:32, 6:16:10,   158, 41.20, 35.70,  5.50
         0,     0, 1, 6:16:19, 6:16:24,     5, 35.70, 41.20, -5.50
  12448454,  6067, 2, 6:16:27, 6:16:50,    23, 43.80, 40.70,  3.10
         0,     0, 2, 6:16:58, 6:17:00,     2, 40.70, 43.80, -3.10
  12706738,  7147, 5, 6:15:10, 6:17:43,   153, 40.90, 20.60, 20.30
         0,     0, 5, 6:17:51, 6:18:10,    19, 20.60, 41.00,-20.40
  12706639,  7048, 5, 6:18:34, 6:21:31,   177, 40.90, 26.20, 14.70
         0,     0, 5, 6:21:39, 6:21:53,    14, 26.20, 41.00,-14.80
  12448432,  6045, 2, 6:25:39, 6:28:32,   173, 43.80, 30.30, 13.50
  12706710,  7119, 1, 6:28:13, 6:28:39,    26, 41.20, 40.90,  0.30
         0,     0, 2, 6:28:41, 6:28:54,    13, 30.30, 43.70,-13.40
  12706710,  7119, 1, 6:28:50, 6:30:14,    84, 40.90, 23.60, 17.30
         0,     0, 1, 6:30:22, 6:30:39,    17, 23.60, 41.20,-17.60
  12448448,  6061, 1, 6:31:21, 6:31:57,    36, 41.20, 41.10,  0.10
  12706707,  7116, 2, 6:31:48, 6:32:00,    12, 43.80, 43.70,  0.10
  12706707,  7116, 1, 6:32:17, 6:33:49,    92, 41.10, 29.90, 11.20
         0,     0, 1, 6:33:57, 6:34:07,    10, 29.90, 41.30,-11.40
  12448448,  6061, 2, 6:32:10, 6:34:33,   143, 43.80, 43.10,  0.70
  12706701,  7110, 1, 6:34:45, 6:37:05,   140, 41.30, 28.70, 12.60
         0,     0, 1, 6:37:14, 6:37:25,    11, 28.70, 41.20,-12.50
  12448477,  6090, 3, 6:36:39, 6:37:36,    57, 46.90, 42.10,  4.80
         0,     0, 3, 6:37:44, 6:37:47,     3, 42.10, 42.30, -0.20
  12706707,  7116, 1, 6:37:35, 6:38:09,    34, 41.20, 37.60,  3.60
         0,     0, 1, 6:38:17, 6:38:19,     2, 37.60, 41.20, -3.60
  12448448,  6061, 2, 6:34:43, 6:40:27,   344, 43.20, 23.30, 19.90
         0,     0, 2, 6:40:36, 6:40:56,    20, 23.30, 43.80,-20.50
  21268104,  6062, 2, 6:47:32, 6:49:23,   111, 43.80, 33.90,  9.90
  12706729,  7138, 1, 6:46:42, 6:49:32,   170, 41.20, 26.80, 14.40
         0,     0, 2, 6:49:31, 6:49:40,     9, 33.90, 43.70, -9.80
         0,     0, 1, 6:49:41, 6:49:54,    13, 26.80, 41.20,-14.40
  12200010,  5064, 1, 6:55:55, 6:57:41,   106, 41.20, 24.70, 16.50
  12706637,  7046, 2, 6:57:08, 6:57:42,    34, 43.80, 43.30,  0.50
         0,     0, 1, 6:57:49, 6:58:04,    15, 24.70, 41.30,-16.60
  12448473,  6086, 1, 7:02:05, 7:04:27,   142, 41.30, 20.40, 20.90
         0,     0, 1, 7:04:35, 7:04:56,    21, 20.40, 41.20,-20.80
  13008842,  8083, 2, 7:03:41, 7:07:18,   217, 43.40, 21.60, 21.80
         0,     0, 2, 7:07:26, 7:07:48,    22, 21.60, 43.70,-22.10
  12448416,  6029, 3, 7:05:54, 7:08:44,   170, 46.30, 34.50, 11.80
  12448432,  6045, 5, 7:06:40, 7:08:54,   134, 40.90, 30.60, 10.30
         0,     0, 3, 7:08:52, 7:09:02,    10, 34.50, 34.40,  0.10
         0,     0, 5, 7:09:01, 7:09:11,    10, 30.60, 40.90,-10.30
  12706637,  7046, 2, 7:08:22, 7:09:28,    66, 43.80, 43.10,  0.70
  12706655,  7064, 5, 7:09:21, 7:11:20,   119, 40.90, 21.60, 19.30
  12706637,  7046, 2, 7:09:43, 7:11:31,   108, 43.10, 28.40, 14.70
         0,     0, 5, 7:11:28, 7:11:46,    18, 21.60, 40.70,-19.10
         0,     0, 2, 7:11:38, 7:11:53,    15, 28.40, 43.80,-15.40
  11953978,  4008, 1, 7:08:37, 7:12:38,   241, 41.30, 30.90, 10.40
         0,     0, 1, 7:12:46, 7:12:56,    10, 30.90, 41.20,-10.30
  12448451,  6064, 4, 7:33:03, 7:39:07,   364, 43.70, 19.50, 24.20
         0,     0, 4, 7:39:15, 7:39:38,    23, 19.50, 43.30,-23.80
  21304388,  6125, 2, 7:40:16, 7:43:50,   214, 43.80, 23.00, 20.80
         0,     0, 2, 7:43:59, 7:44:20,    21, 23.00, 43.70,-20.70
  12706710,  7119, 4, 7:45:00, 7:45:12,    12, 44.00, 44.00,  0.00
  12706707,  7116, 4, 7:46:21, 7:47:35,    74, 43.90, 31.70, 12.20
         0,     0, 4, 7:47:43, 7:47:54,    11, 31.70, 43.30,-11.60
  12706710,  7119, 4, 7:51:50, 7:54:47,   177, 43.60, 25.80, 17.80
         0,     0, 4, 7:54:54, 7:55:11,    17, 25.80, 25.90, -0.10
  12706651,  7060, 3, 7:53:44, 7:55:48,   124, 46.60, 36.50, 10.10
         0,     0, 3, 7:55:55, 7:56:03,     8, 36.50, 36.60, -0.10
  12199981,  5035, 3, 8:02:02, 8:03:27,    85, 47.00, 30.40, 16.60
         0,     0, 3, 8:03:35, 8:03:48,    13, 30.40, 30.80, -0.40
  13323420,     0,10, 8:03:52, 8:03:58,     6, 40.70, 40.40,  0.30
  13323420,     0,10, 8:04:15, 8:04:29,    14, 40.50, 39.40,  1.10
         0,     0,10, 8:04:37, 8:04:38,     1, 39.40, 41.20, -1.80
  13323420,     0,10, 8:04:55, 8:05:16,    21, 41.20, 39.30,  1.90
         0,     0,10, 8:05:24, 8:05:25,     1, 39.30, 41.10, -1.80
  11953978,  4008, 1, 8:04:07, 8:05:44,    97, 41.20, 28.40, 12.80
         0,     0, 1, 8:05:51, 8:06:03,    12, 28.40, 41.20,-12.80
  13323420,     0,10, 8:05:43, 8:06:07,    24, 41.10, 37.60,  3.50
         0,     0,10, 8:06:16, 8:06:19,     3, 37.60, 41.10, -3.50
  13323420,     0,10, 8:06:31, 8:06:45,    14, 41.10, 37.60,  3.50
         0,     0,10, 8:06:54, 8:06:57,     3, 37.60, 41.10, -3.50
  13323420,     0,10, 8:07:31, 8:07:43,    12, 41.10, 38.40,  2.70
         0,     0,10, 8:07:52, 8:07:54,     2, 38.40, 41.10, -2.70
  13008827,     0, 8, 8:12:09, 8:12:09,     0, 41.30, 41.40, -0.10
  13008827,     0, 8, 8:16:00, 8:16:05,     5, 41.20, 41.20,  0.00
  13008827,     0, 8, 8:23:59, 8:24:00,     1, 40.70, 40.70,  0.00
  13008827,     0, 8, 8:24:42, 8:24:44,     2, 40.70, 40.70,  0.00
  12706669,  7078, 4, 8:27:16, 8:28:58,   102, 43.70, 34.50,  9.20
         0,     0, 4, 8:29:07, 8:29:15,     8, 34.50, 43.30, -8.80
  12200046,  5100, 4, 8:33:39, 8:34:44,    65, 43.40, 32.70, 10.70
         0,     0, 4, 8:34:52, 8:35:02,    10, 32.70, 43.40,-10.70
  12448428,  6041, 1, 8:35:58, 8:37:13,    75, 41.20, 29.00, 12.20
         0,     0, 1, 8:37:22, 8:37:33,    11, 29.00, 41.20,-12.20
  13008827,     0, 7, 8:26:44, 8:37:41,   657, 39.80, 39.50,  0.30
         0,     0, 7, 8:37:49, 8:37:49,     0, 39.50, 41.20, -1.70
  11724181,     0, 8, 8:38:23, 8:38:52,    29, 40.50, 40.50,  0.00
  11724181,     0, 8, 8:39:14, 8:40:11,    57, 40.50, 40.10,  0.40
  21268825,  6068, 2, 8:38:01, 8:40:46,   165, 43.60, 31.10, 12.50
         0,     0, 2, 8:40:53, 8:41:06,    13, 31.10, 43.70,-12.60
  11724181,     0, 8, 8:41:10, 8:41:14,     4, 40.00, 40.00,  0.00
  12706705,  7114, 1, 8:41:39, 8:45:31,   232, 41.20, 19.80, 21.40
         0,     0, 1, 8:45:39, 8:45:59,    20, 19.80, 41.30,-21.50
  11954050,  4080, 3, 8:47:09, 8:49:06,   117, 47.00, 35.00, 12.00
         0,     0, 3, 8:49:14, 8:49:23,     9, 35.00, 35.00,  0.00
  12706651,  7060, 3, 8:55:13, 8:56:44,    91, 47.00, 35.30, 11.70
         0,     0, 3, 8:56:51, 8:57:00,     9, 35.30, 35.20,  0.10
  12448412,  6025, 2, 8:51:02, 8:57:53,   411, 43.70, 14.90, 28.80
         0,     0, 2, 8:58:00, 8:58:29,    29, 14.90, 43.80,-28.90
  12448477,  6090, 4, 8:57:11, 8:58:32,    81, 43.70, 30.20, 13.50
         0,     0, 4, 8:58:40, 8:58:52,    12, 30.20, 43.20,-13.00
  13008826,     0, 8, 8:58:55, 8:59:03,     8, 40.00, 40.00,  0.00
         0,     0, 8, 8:59:12, 8:59:12,     0, 40.00, 40.60, -0.60
  12706706,  7115, 1, 8:57:00, 8:59:13,   133, 41.30, 20.50, 20.80
  12448479,  6092, 3, 8:57:17, 8:59:35,   138, 47.10, 29.80, 17.30
  12448477,  6090, 4, 8:59:08, 8:59:36,    28, 43.30, 38.90,  4.40
         0,     0, 1, 8:59:21, 8:59:41,    20, 20.50, 41.30,-20.80
         0,     0, 4, 8:59:45, 8:59:49,     4, 38.90, 43.20, -4.30
         0,     0, 3, 8:59:43, 8:59:57,    14, 29.80, 29.80,  0.00
  21306958,  5124, 9, 8:56:42, 9:00:29,   227, 41.00, 40.40,  0.60
  11724159,     0, 8, 9:01:22, 9:01:36,    14, 35.10, 32.40,  2.70
  21306958,  5124, 9, 9:00:47, 9:01:41,    54, 40.40, 40.10,  0.30
         0,     0, 8, 9:01:44, 9:01:53,     9, 32.40, 41.20, -8.80
  21306958,  5124, 9, 9:02:00, 9:02:13,    13, 40.10, 40.00,  0.10
  12706609,  7018, 8, 9:11:04, 9:12:29,    85, 41.20, 37.00,  4.20
         0,     0, 8, 9:12:38, 9:12:42,     4, 37.00, 41.10, -4.10
  12706659,  7068, 2, 9:14:54, 9:18:24,   210, 43.80, 30.30, 13.50
         0,     0, 2, 9:18:32, 9:18:45,    13, 30.30, 43.70,-13.40
  12448454,  6067, 1, 9:19:04, 9:19:22,    18, 41.30, 41.30,  0.00
  12448454,  6067, 2, 9:20:09, 9:20:51,    42, 43.70, 43.60,  0.10
  12706636,  7045, 2, 9:21:45, 9:21:50,     5, 43.70, 43.60,  0.10
  12706636,  7045, 1, 9:22:04, 9:23:00,    56, 41.30, 37.10,  4.20
         0,     0, 1, 9:23:08, 9:23:11,     3, 37.10, 41.20, -4.10
  12448483,  6096, 5, 9:23:04, 9:23:49,    45, 40.70, 32.60,  8.10
         0,     0, 5, 9:23:56, 9:24:04,     8, 32.60, 41.00, -8.40
  11953996,  4026, 2, 9:23:33, 9:25:39,   126, 43.60, 41.00,  2.60
  12448483,  6096, 5, 9:24:14, 9:25:43,    89, 41.00, 18.30, 22.70
         0,     0, 2, 9:25:47, 9:25:48,     1, 41.00, 43.70, -2.70
         0,     0, 5, 9:25:51, 9:26:12,    21, 18.30, 40.90,-22.60
  11953996,  4026, 1, 9:25:56, 9:27:07,    71, 41.20, 21.60, 19.60
         0,     0, 1, 9:27:15, 9:27:33,    18, 21.60, 41.20,-19.60
  12706738,  7147, 2, 9:25:58, 9:28:01,   123, 43.70, 29.70, 14.00
         0,     0, 2, 9:28:09, 9:28:22,    13, 29.70, 43.80,-14.10
  12448437,  6050, 9, 9:25:42, 9:29:09,   207, 40.00, 33.30,  6.70
  11954027,  4057, 1, 9:28:25, 9:29:16,    51, 41.20, 39.40,  1.80
         0,     0, 1, 9:29:23, 9:29:24,     1, 39.40, 41.10, -1.70
         0,     0, 9, 9:29:16, 9:29:26,    10, 33.30, 41.10, -7.80
  12706636,  7045, 2, 9:29:37, 9:31:27,   110, 43.80, 32.80, 11.00
  13008826,     0, 8, 9:31:14, 9:31:41,    27, 41.10, 41.10,  0.00
         0,     0, 2, 9:31:35, 9:31:45,    10, 32.80, 43.80,-11.00
  11724181,     0, 7, 8:41:24, 9:31:56,  3032, 41.20, 28.20, 13.00
         0,     0, 7, 9:32:04, 9:32:12,     8, 28.20, 41.50,-13.30
  12448454,  6067, 5, 9:30:57, 9:32:22,    85, 40.90, 31.70,  9.20
         0,     0, 5, 9:32:30, 9:32:38,     8, 31.70, 40.90, -9.20
  13008815,     0, 9, 9:30:48, 9:33:35,   167, 41.20, 30.00, 11.20
         0,     0, 9, 9:33:43, 9:33:57,    14, 30.00, 41.10,-11.10
  11954027,  4057, 1, 9:36:44, 9:38:34,   110, 41.10, 17.60, 23.50
         0,     0, 1, 9:38:42, 9:39:05,    23, 17.60, 41.20,-23.60
  12448474,  6087, 3, 9:38:46, 9:41:25,   159, 46.80, 25.60, 21.20
  21292347,  5120, 4, 9:38:33, 9:41:24,   171, 43.60, 29.90, 13.70
         0,     0, 4, 9:41:32, 9:41:46,    14, 29.90, 43.40,-13.50
         0,     0, 3, 9:41:32, 9:41:50,    18, 25.60, 25.90, -0.30
  12448471,  6084, 5, 9:41:00, 9:42:27,    87, 40.80, 26.10, 14.70
         0,     0, 5, 9:42:35, 9:42:49,    14, 26.10, 41.00,-14.90
  12200010,  5064, 1, 9:41:29, 9:43:06,    97, 41.20, 28.60, 12.60
         0,     0, 1, 9:43:14, 9:43:26,    12, 28.60, 41.20,-12.60
  12706727,  7136, 4, 9:43:56, 9:45:54,   118, 43.80, 23.90, 19.90
         0,     0, 4, 9:46:03, 9:46:22,    19, 23.90, 43.30,-19.40
  12199977,     0, 9, 9:46:35, 9:48:07,    92, 41.10, 33.10,  8.00
         0,     0, 9, 9:48:15, 9:48:25,    10, 33.10, 41.00, -7.90
  13008737,     0,10, 9:52:19, 9:52:23,     4, 40.90, 40.90,  0.00
  13008737,     0,10, 9:55:52, 9:57:57,   125, 40.90, 27.90, 13.00
         0,     0,10, 9:58:05, 9:58:18,    13, 27.90, 41.30,-13.40
  13008826,     0, 7, 9:32:24, 9:58:28,  1564, 41.50, 41.50,  0.00
  12448479,  6092, 5, 9:57:20, 9:59:19,   119, 40.90, 30.60, 10.30
         0,     0, 5, 9:59:28, 9:59:37,     9, 30.60, 40.90,-10.30
  12706729,  7138, 4,10:00:23,10:03:23,   180, 43.80, 31.10, 12.70
         0,     0, 4,10:03:30,10:03:41,    11, 31.10, 43.40,-12.30
  12706659,  7068, 4,10:05:24,10:05:37,    13, 43.40, 43.60, -0.20
  12706659,  7068, 4,10:05:54,10:10:17,   263, 43.70, 19.40, 24.30
         0,     0, 4,10:10:25,10:10:48,    23, 19.40, 43.30,-23.90
  12706705,  7114, 1,10:09:19,10:11:20,   121, 41.20, 27.80, 13.40
  12706659,  7068, 4,10:11:01,10:11:33,    32, 43.30, 41.80,  1.50
         0,     0, 1,10:11:29,10:11:41,    12, 27.80, 41.20,-13.40
         0,     0, 4,10:11:41,10:11:42,     1, 41.80, 43.10, -1.30
  13008742,  7163, 1,10:12:14,10:12:34,    20, 41.20, 41.10,  0.10
  11954014,  4044, 4,10:13:52,10:13:53,     1, 43.20, 43.10,  0.10
  11499202,     0, 7, 9:58:38,10:16:03,  1045, 41.50, 30.00, 11.50
         0,     0, 7,10:16:11,10:16:18,     7, 30.00, 30.00,  0.00
  11954014,  4044, 3,10:15:27,10:16:40,    73, 46.70, 21.80, 24.90
         0,     0, 3,10:16:49,10:17:11,    22, 21.80, 21.50,  0.30
  13008742,  7163, 1,10:12:45,10:17:36,   291, 41.10, 19.00, 22.10
         0,     0, 1,10:17:44,10:18:05,    21, 19.00, 41.20,-22.20
  13008848,     0,10,10:19:17,10:19:26,     9, 41.20, 41.20,  0.00
  13008848,     0,10,10:19:41,10:21:45,   124, 41.00, 25.20, 15.80
         0,     0,10,10:21:52,10:22:09,    17, 25.20, 41.20,-16.00
  12448471,  6084, 4,10:23:03,10:24:17,    74, 43.10, 29.60, 13.50
         0,     0, 4,10:24:25,10:24:39,    14, 29.60, 43.30,-13.70
  13008866,     0, 8,10:25:06,10:25:24,    18, 41.10, 41.00,  0.10
  13008835,     0, 8,10:29:19,10:29:54,    35, 40.80, 40.70,  0.10
  13008797,     0, 9,10:27:03,10:30:16,   193, 41.10, 34.50,  6.60
         0,     0, 9,10:30:24,10:30:32,     8, 34.50, 41.00, -6.50
  13008835,     0, 8,10:30:14,10:31:39,    85, 40.40, 36.00,  4.40
         0,     0, 8,10:31:46,10:31:51,     5, 36.00, 41.10, -5.10
  13008798,     0, 7,10:16:28,10:32:23,   955, 30.00, 26.50,  3.50
         0,     0, 7,10:32:31,10:32:41,    10, 26.50, 41.50,-15.00
  13008866,     0, 8,10:33:18,10:33:47,    29, 41.10, 41.00,  0.10
  12706707,  7116, 2,10:33:43,10:35:10,    87, 43.70, 33.30, 10.40
         0,     0, 2,10:35:17,10:35:27,    10, 33.30, 43.70,-10.40
  12706637,  7046, 4,10:32:25,10:35:27,   182, 43.50, 28.30, 15.20
         0,     0, 4,10:35:35,10:35:49,    14, 28.30, 43.50,-15.20
  13008866,     0, 8,10:34:41,10:35:59,    78, 41.00, 40.70,  0.30
  13008866,     0, 8,10:36:13,10:36:29,    16, 40.70, 40.60,  0.10
  21292347,  5120, 5,10:38:30,10:39:27,    57, 40.80, 39.70,  1.10
         0,     0, 5,10:39:35,10:39:36,     1, 39.70, 40.80, -1.10
  21292347,  5120, 4,10:40:12,10:42:55,   163, 44.00, 28.60, 15.40
         0,     0, 4,10:43:04,10:43:18,    14, 28.60, 43.30,-14.70
  13008866,     0, 8,10:44:30,10:44:31,     1, 40.60, 40.60,  0.00
  11954027,  4057, 1,10:45:35,10:47:04,    89, 41.30, 30.40, 10.90
         0,     0, 1,10:47:11,10:47:21,    10, 30.40, 41.20,-10.80
  12706700,  7109, 3,10:49:02,10:49:43,    41, 46.90, 46.70,  0.20
  13008839,     0, 8,10:49:24,10:50:00,    36, 40.60, 40.40,  0.20
  12448442,  6055, 7,10:32:51,10:50:19,  1048, 40.20, 31.90,  8.30
         0,     0, 7,10:50:27,10:50:33,     6, 31.90, 41.60, -9.70
  12706700,  7109, 3,10:50:01,10:51:23,    82, 47.10, 29.10, 18.00
         0,     0, 3,10:51:31,10:51:46,    15, 29.10, 29.00,  0.10
  12448473,  6086, 2,10:49:31,10:52:15,   164, 43.70, 20.40, 23.30
         0,     0, 2,10:52:23,10:52:47,    24, 20.40, 43.70,-23.30
  12200042,  5096, 2,10:57:18,10:57:25,     7, 43.80, 43.80,  0.00
  12706634,     0, 9,10:57:02,10:58:12,    70, 41.10, 37.70,  3.40
         0,     0, 9,10:58:21,10:58:25,     4, 37.70, 41.10, -3.40
  12706634,     0, 9,10:58:40,10:58:41,     1, 39.00, 39.00,  0.00
  11954014,  4044, 3,10:57:45,10:58:43,    58, 47.00, 28.80, 18.20
         0,     0, 9,10:58:48,10:58:50,     2, 39.00, 41.10, -2.10
         0,     0, 3,10:58:50,10:59:05,    15, 28.80, 46.50,-17.70
  12706624,  7033,10,10:59:17,10:59:26,     9, 41.20, 41.10,  0.10
  12706634,     0, 9,10:59:31,10:59:32,     1, 34.80, 34.80,  0.00
  12200042,  5096, 2,10:57:44,10:59:41,   117, 43.80, 30.20, 13.60
         0,     0, 9,10:59:41,10:59:49,     8, 34.80, 41.10, -6.30
         0,     0, 2,10:59:49,11:00:02,    13, 30.20, 43.70,-13.50
  12706624,  7033,10,11:00:48,11:01:00,    12, 41.10, 40.90,  0.20
  12706624,  7033,10,11:01:16,11:01:38,    22, 40.70, 40.40,  0.30
  12706624,  7033,10,11:02:42,11:02:44,     2, 36.80, 36.80,  0.00
         0,     0,10,11:02:52,11:02:56,     4, 36.80, 41.10, -4.30
  13008837,     0, 9,11:03:37,11:03:42,     5, 41.20, 41.10,  0.10
         0,  7033,10,11:03:51,11:03:54,     3, 38.00, 41.10, -3.10
  12706624,  7033,10,11:04:16,11:04:45,    29, 41.10, 38.80,  2.30
         0,     0,10,11:04:53,11:04:55,     2, 38.80, 41.20, -2.40
  13008858,     0, 8,11:05:11,11:05:50,    39, 40.30, 39.80,  0.50
         0,     0, 8,11:05:59,11:06:00,     1, 39.80, 41.00, -1.20
  12706622,     0, 8,11:06:11,11:07:44,    93, 41.00, 40.70,  0.30
  13008837,     0,10,11:08:05,11:08:11,     6, 41.20, 41.20,  0.00
  13008837,     0, 9,11:08:15,11:08:17,     2, 41.10, 41.10,  0.00
  13008858,     0, 7,11:04:42,11:11:22,   400, 41.50, 28.30, 13.20
  13008827,     0, 8,11:09:28,11:11:25,   117, 40.70, 40.60,  0.10
         0,     0, 7,11:11:29,11:11:37,     8, 28.30, 28.40, -0.10
  13008837,     0, 9,11:13:03,11:13:04,     1, 41.00, 41.10, -0.10
  12706719,  7128, 2,11:09:39,11:13:18,   219, 43.80, 28.80, 15.00
         0,     0, 2,11:13:26,11:13:40,    14, 28.80, 43.70,-14.90
  12448416,  6029, 4,11:11:53,11:15:07,   194, 43.80, 35.00,  8.80
         0,     0, 4,11:15:14,11:15:22,     8, 35.00, 43.30, -8.30
  13008866,     0, 8,11:13:25,11:15:19,   114, 40.20, 39.80,  0.40
         0,     0, 8,11:15:27,11:15:27,     0, 39.80, 40.80, -1.00
  13008866,     0, 8,11:15:46,11:15:50,     4, 40.80, 40.70,  0.10
  13008866,     0, 8,11:16:12,11:16:30,    18, 40.70, 40.60,  0.10
  13008866,     0, 8,11:16:40,11:16:54,    14, 40.60, 40.50,  0.10
  13008866,     0, 8,11:17:06,11:18:12,    66, 40.50, 40.20,  0.30
  12706729,  7138, 4,11:15:35,11:18:21,   166, 43.10, 29.70, 13.40
         0,     0, 4,11:18:29,11:18:42,    13, 29.70, 43.40,-13.70
  13008866,     0, 8,11:18:33,11:19:26,    53, 40.10, 39.90,  0.20
         0,     0, 8,11:19:33,11:19:33,     0, 39.90, 40.70, -0.80
  13008866,     0, 8,11:19:57,11:20:15,    18, 40.60, 40.50,  0.10
  12448416,  6029, 4,11:20:10,11:23:01,   171, 43.60, 35.30,  8.30
         0,     0, 4,11:23:08,11:23:15,     7, 35.30, 43.20, -7.90
  13008797,     0, 9,11:23:20,11:23:51,    31, 41.10, 41.00,  0.10
  12200048,     0, 8,11:21:55,11:24:05,   130, 40.30, 33.80,  6.50
         0,     0, 8,11:24:13,11:24:20,     7, 33.80, 41.20, -7.40
  13008866,     0, 8,11:24:54,11:26:15,    81, 41.20, 40.80,  0.40
  13008797,     0, 9,11:24:07,11:26:40,   153, 41.00, 34.70,  6.30
         0,     0, 9,11:26:49,11:26:57,     8, 34.70, 41.10, -6.40
  13008839,     0, 8,11:26:55,11:27:07,    12, 40.40, 40.30,  0.10
  13008858,     0, 7,11:12:05,11:27:15,   910, 41.50, 33.20,  8.30
         0,     0, 7,11:27:22,11:27:27,     5, 33.20, 41.70, -8.50
  13008839,     0, 8,11:27:19,11:27:48,    29, 39.90, 39.50,  0.40
         0,     0, 8,11:27:56,11:27:57,     1, 39.50, 40.90, -1.40
  13008839,     0, 8,11:29:15,11:29:31,    16, 40.40, 39.80,  0.60
         0,     0, 8,11:29:39,11:29:40,     1, 39.80, 40.60, -0.80
  21268104,  6062, 5,11:28:56,11:29:58,    62, 40.80, 39.40,  1.40
         0,     0, 5,11:30:05,11:30:06,     1, 39.40, 40.70, -1.30
  13008839,     0, 8,11:29:59,11:30:22,    23, 40.00, 39.10,  0.90
         0,     0, 8,11:30:30,11:30:32,     2, 39.10, 41.10, -2.00
  13008839,     0, 8,11:30:50,11:31:02,    12, 40.10, 40.10,  0.00
  13008815,     0, 9,11:31:35,11:34:07,   152, 41.10, 33.80,  7.30
         0,     0, 9,11:34:16,11:34:25,     9, 33.80, 41.10, -7.30
  12448432,  6045, 5,11:30:42,11:34:37,   235, 40.80, 20.60, 20.20
         0,     0, 5,11:34:45,11:35:04,    19, 20.60, 41.00,-20.40
  13008762,     0, 9,11:43:37,11:43:41,     4, 41.10, 41.10,  0.00
  13008762,     0,10,11:43:50,11:43:55,     5, 41.10, 41.10,  0.00
  12706609,  7018, 7,11:28:13,11:44:48,   995, 41.70, 35.10,  6.60
         0,     0, 7,11:44:55,11:44:59,     4, 35.10, 35.20, -0.10
  13008762,     0, 9,11:44:13,11:45:23,    70, 41.00, 40.30,  0.70
  12199988,     0, 8,11:45:38,11:45:52,    14, 40.20, 40.00,  0.20
  12706639,  7048, 4,11:43:07,11:46:22,   195, 43.30, 28.80, 14.50
  12199988,     0, 8,11:46:24,11:46:28,     4, 39.80, 39.90, -0.10
         0,     0, 8,11:46:36,11:46:36,     0, 39.90, 40.50, -0.60
         0,     0, 4,11:46:29,11:46:43,    14, 28.80, 43.40,-14.60
  12199988,     0, 8,11:46:48,11:46:55,     7, 40.20, 40.30, -0.10
  12199988,     0, 8,11:47:19,11:47:25,     6, 39.60, 39.70, -0.10
         0,     0, 8,11:47:34,11:47:35,     1, 39.70, 41.00, -1.30
  12199988,     0, 7,11:45:12,11:48:16,   184, 41.50, 41.30,  0.20
  13008762,     0,10,11:50:45,11:51:50,    65, 38.10, 37.50,  0.60
         0,     0,10,11:51:59,11:52:02,     3, 37.50, 41.10, -3.60
  13008762,     0,10,11:52:19,11:52:30,    11, 40.30, 39.70,  0.60
         0,     0,10,11:52:38,11:52:39,     1, 39.70, 41.10, -1.40
  12199981,  5035, 3,11:52:47,11:53:59,    72, 46.80, 35.00, 11.80
  13008858,     0, 7,11:48:41,11:53:59,   318, 41.00, 31.50,  9.50
  13008762,     0,10,11:53:19,11:54:00,    41, 36.90, 34.80,  2.10
         0,     0, 7,11:54:07,11:54:13,     6, 31.50, 40.50, -9.00
         0,     0,10,11:54:08,11:54:15,     7, 34.80, 41.20, -6.40
         0,     0, 3,11:54:06,11:54:16,    10, 35.00, 35.40, -0.40
  12448428,  6041, 1,11:53:19,11:54:40,    81, 41.20, 27.00, 14.20
         0,     0, 1,11:54:47,11:55:00,    13, 27.00, 41.20,-14.20
  13008839,     0, 8,11:55:40,11:58:12,   152, 40.50, 28.80, 11.70
         0,     0, 8,11:58:21,11:58:34,    13, 28.80, 41.10,-12.30
  12706701,  7110, 2,11:55:24,11:58:58,   214, 43.60, 26.90, 16.70
  13008839,     0, 8,11:59:12,11:59:15,     3, 40.20, 40.20,  0.00
         0,     0, 2,11:59:06,11:59:23,    17, 26.90, 43.80,-16.90
  21306958,  5124, 9,12:00:52,12:03:13,   141, 40.30, 40.00,  0.30
  13008835,     0, 8,12:03:17,12:03:19,     2, 40.50, 40.20,  0.30
         0,     0, 9,12:03:22,12:03:22,     0, 40.00, 40.80, -0.80
  21306958,  5124, 9,12:03:32,12:04:54,    82, 40.30, 37.70,  2.60
         0,     0, 9,12:05:03,12:05:07,     4, 37.70, 40.70, -3.00
  12706729,  7138, 5,12:03:47,12:05:32,   105, 40.90, 31.00,  9.90
         0,     0, 5,12:05:40,12:05:49,     9, 31.00, 40.90, -9.90
  21306958,  5124, 9,12:05:26,12:06:24,    58, 40.10, 39.00,  1.10
         0,     0, 9,12:06:33,12:06:35,     2, 39.00, 41.00, -2.00
  12706710,  7119, 2,12:07:04,12:09:49,   165, 43.80, 32.70, 11.10
  12706636,  7045, 1,12:08:49,12:10:01,    72, 41.20, 31.10, 10.10
         0,     0, 2,12:09:56,12:10:06,    10, 32.70, 43.70,-11.00
         0,     0, 1,12:10:08,12:10:17,     9, 31.10, 41.20,-10.10
  13008835,     0, 8,12:11:50,12:11:56,     6, 40.30, 40.30,  0.00
  13008768,     0,10,12:10:21,12:12:44,   143, 41.20, 26.30, 14.90
         0,     0,10,12:12:52,12:13:08,    16, 26.30, 41.20,-14.90
  12448432,  6045, 2,12:14:26,12:15:30,    64, 43.70, 43.70,  0.00
  12706655,  7064, 1,12:16:01,12:17:27,    86, 41.20, 25.40, 15.80
         0,     0, 1,12:17:34,12:17:49,    15, 25.40, 41.20,-15.80
  12706622,     0, 8,12:16:31,12:19:58,   207, 40.30, 25.10, 15.20
         0,     0, 8,12:20:07,12:20:24,    17, 25.10, 41.10,-16.00
  12706642,  7051, 8,12:23:48,12:25:54,   126, 41.10, 31.00, 10.10
         0,     0, 8,12:26:03,12:26:13,    10, 31.00, 41.10,-10.10
  12448437,  6050,10,12:28:15,12:30:17,   122, 41.10, 40.70,  0.40
  21268104,  6062, 4,12:32:50,12:33:24,    34, 43.70, 41.80,  1.90
         0,     0, 4,12:33:32,12:33:33,     1, 41.80, 43.20, -1.40
  13008826,     0, 8,12:33:48,12:33:52,     4, 41.20, 41.20,  0.00
  12200046,  5100, 2,12:35:46,12:36:23,    37, 43.60, 42.30,  1.30
  13008779,     0, 9,12:35:05,12:37:00,   115, 41.00, 32.10,  8.90
         0,     0, 9,12:37:08,12:37:19,    11, 32.10, 41.10, -9.00
  13008779,     0, 9,12:37:29,12:37:38,     9, 41.00, 39.90,  1.10
         0,     0, 9,12:37:47,12:37:48,     1, 39.90, 40.90, -1.00
  21268825,  6068, 4,12:33:44,12:37:53,   249, 43.10, 25.80, 17.30
         0,     0, 4,12:38:02,12:38:19,    17, 25.80, 43.40,-17.60
  12706616,  7025, 4,12:40:40,12:40:45,     5, 43.50, 43.70, -0.20
  12448432,  6045, 1,12:47:18,12:47:23,     5, 41.20, 41.00,  0.20
  12706616,  7025, 2,12:47:30,12:49:23,   113, 42.30, 24.60, 17.70
         0,     0, 2,12:49:30,12:49:49,    19, 24.60, 43.70,-19.10
  12448451,  6064, 2,12:50:17,12:50:34,    17, 43.80, 43.70,  0.10
  21268104,  6062, 5,12:48:25,12:50:44,   139, 40.80, 21.60, 19.20
  12200048,     0, 7,11:54:57,12:50:44,  3347, 40.40, 32.90,  7.50
         0,     0, 7,12:50:52,12:50:57,     5, 32.90, 41.50, -8.60
         0,     0, 5,12:50:52,12:51:10,    18, 21.60, 41.00,-19.40
  12448474,  6087, 1,12:50:44,12:53:16,   152, 41.00, 24.60, 16.40
         0,     0, 1,12:53:23,12:53:39,    16, 24.60, 41.20,-16.60
  11724181,     0, 8,12:54:01,12:54:03,     2, 41.10, 41.10,  0.00
  12706667,     0, 7,12:51:11,12:54:08,   177, 41.30, 30.00, 11.30
         0,     0, 7,12:54:16,12:54:24,     8, 30.00, 41.70,-11.70
  12448454,  6067, 5,12:56:30,12:56:43,    13, 40.90, 40.80,  0.10
  12448477,  6090, 3,12:55:52,12:57:19,    87, 47.00, 39.40,  7.60
         0,     0, 3,12:57:26,12:57:31,     5, 39.40, 39.60, -0.20
  12448454,  6067, 5,12:57:00,12:58:49,   109, 40.80, 27.30, 13.50
  12448432,  6045, 2,12:57:08,12:59:04,   116, 43.80, 32.90, 10.90
         0,     0, 5,12:58:57,12:59:10,    13, 27.30, 40.90,-13.60
         0,     0, 2,12:59:12,12:59:22,    10, 32.90, 43.80,-10.90
  12448451,  6064, 4,12:53:37,12:59:37,   360, 43.90, 19.80, 24.10
         0,     0, 4,12:59:45,13:00:07,    22, 19.80, 43.40,-23.60
  13008858,     0, 8,12:58:18,13:00:05,   107, 41.10, 39.50,  1.60
         0,     0, 8,13:00:13,13:00:14,     1, 39.50, 40.80, -1.30
  13008858,     0, 8,13:01:11,13:01:13,     2, 36.00, 36.00,  0.00
         0,     0, 8,13:01:21,13:01:26,     5, 36.00, 41.10, -5.10
  12199981,  5035, 5,13:00:49,13:01:51,    62, 40.90, 29.80, 11.10
         0,     0, 5,13:01:59,13:02:10,    11, 29.80, 40.90,-11.10
  13008732,  7153, 3,12:58:54,13:02:41,   227, 46.90, 27.60, 19.30
         0,     0, 3,13:02:49,13:03:05,    16, 27.60, 27.50,  0.10
  12706624,  7033,10,13:12:30,13:13:06,    36, 34.60, 33.90,  0.70
         0,     0,10,13:13:14,13:13:22,     8, 33.90, 41.10, -7.20
  12706710,  7119, 5,13:12:17,13:14:02,   105, 40.90, 39.10,  1.80
         0,     0, 5,13:14:09,13:14:10,     1, 39.10, 41.00, -1.90
  12706710,  7119, 5,13:14:20,13:15:25,    65, 41.00, 33.50,  7.50
  12706624,  7033,10,13:14:13,13:15:26,    73, 38.40, 36.10,  2.30
  11724181,     0, 7,12:57:22,13:15:33,  1091, 28.20, 14.60, 13.60
         0,     0,10,13:15:34,13:15:39,     5, 36.10, 41.10, -5.00
         0,     0, 5,13:15:33,13:15:40,     7, 33.50, 40.80, -7.30
  12200010,  5064, 1,13:13:01,13:15:50,   169, 41.20, 26.50, 14.70
         0,     0, 7,13:15:40,13:15:57,    17, 14.60, 41.60,-27.00
         0,     0, 1,13:15:58,13:16:12,    14, 26.50, 41.20,-14.70
  13008842,  8083, 4,13:16:16,13:16:23,     7, 44.30, 43.80,  0.50
  13008816,     0, 8,13:16:14,13:18:24,   130, 41.00, 25.70, 15.30
         0,     0, 8,13:18:32,13:18:48,    16, 25.70, 41.10,-15.40
  13008866,     0, 8,13:19:48,13:21:38,   110, 41.10, 40.70,  0.40
  13008866,     0, 8,13:22:06,13:23:25,    79, 40.60, 40.30,  0.30
  13008866,     0, 8,13:23:39,13:23:59,    20, 40.30, 40.20,  0.10
  12706651,  7060, 1,13:22:41,13:24:23,   102, 41.30, 30.10, 11.20
  13008837,     0, 9,13:21:02,13:24:32,   210, 40.80, 27.00, 13.80
         0,     0, 1,13:24:32,13:24:42,    10, 30.10, 41.20,-11.10
         0,     0, 9,13:24:40,13:24:59,    19, 27.00, 41.10,-14.10
  13008866,     0, 8,13:24:09,13:25:05,    56, 40.20, 39.90,  0.30
         0,     0, 8,13:25:14,13:25:14,     0, 39.90, 40.70, -0.80
  13008866,     0, 8,13:26:09,13:27:02,    53, 40.60, 40.40,  0.20
  12706669,  7078, 1,13:24:52,13:27:03,   131, 41.20, 26.20, 15.00
         0,     0, 1,13:27:11,13:27:25,    14, 26.20, 41.30,-15.10
  12706669,  7078, 2,13:27:59,13:28:19,    20, 43.70, 40.70,  3.00
         0,     0, 2,13:28:27,13:28:29,     2, 40.70, 43.70, -3.00
  11499202,     0, 8,13:27:15,13:28:56,   101, 40.40, 32.80,  7.60
         0,     0, 8,13:29:04,13:29:12,     8, 32.80, 41.10, -8.30
  13008827,     0, 8,13:29:29,13:29:30,     1, 41.00, 41.00,  0.00
  13008827,     0, 8,13:29:54,13:29:56,     2, 41.00, 41.20, -0.20
  13008827,     0, 8,13:30:37,13:35:43,   306, 41.00, 18.80, 22.20
  12706707,  7116, 1,13:34:55,13:35:52,    57, 41.30, 32.30,  9.00
         0,     0, 1,13:36:00,13:36:08,     8, 32.30, 41.20, -8.90
         0,     0, 8,13:35:51,13:36:14,    23, 18.80, 41.10,-22.30
  12706707,  7116, 1,13:36:38,13:36:59,    21, 41.20, 37.60,  3.60
         0,     0, 1,13:37:08,13:37:11,     3, 37.60, 41.20, -3.60
  13008866,     0, 8,13:38:01,13:38:56,    55, 41.20, 41.00,  0.20
  12448454,  6067, 2,13:38:23,13:39:47,    84, 43.70, 33.30, 10.40
         0,     0, 2,13:39:55,13:40:05,    10, 33.30, 43.80,-10.50
  11724159,     0, 8,13:40:04,13:40:09,     5, 30.50, 30.50,  0.00
         0,     0, 8,13:40:17,13:40:28,    11, 30.50, 41.20,-10.70
  21268104,  6062, 5,13:40:57,13:41:15,    18, 40.90, 40.80,  0.10
  21268104,  6062, 5,13:42:01,13:44:09,   128, 40.80, 29.70, 11.10
         0,     0, 5,13:44:17,13:44:28,    11, 29.70, 40.80,-11.10
  13008866,     0, 8,13:45:01,13:45:02,     1, 41.10, 41.20, -0.10
  12706738,  7147, 2,13:48:33,13:52:57,   264, 43.80, 23.60, 20.20
         0,     0, 2,13:53:05,13:53:25,    20, 23.60, 43.70,-20.10
  12200010,  5064, 5,13:55:13,13:56:12,    59, 40.80, 32.60,  8.20
         0,     0, 5,13:56:19,13:56:26,     7, 32.60, 40.90, -8.30
  12448483,  6096, 1,13:59:05,13:59:47,    42, 41.30, 40.50,  0.80
  12448483,  6096, 2,13:59:54,13:59:58,     4, 43.70, 43.40,  0.30
  12706646,     0, 8,13:58:27,14:00:54,   147, 41.00, 25.90, 15.10
         0,     0, 8,14:01:02,14:01:22,    20, 25.90, 41.10,-15.20
  12199986,     0,10,14:00:07,14:01:20,    73, 41.10, 31.80,  9.30
         0,     0,10,14:01:27,14:01:36,     9, 31.80, 41.20, -9.40
  12706646,     0, 8,14:01:32,14:02:02,    30, 41.10, 41.10,  0.00
  12448483,  6096, 1,14:00:10,14:02:23,   133, 40.50, 12.30, 28.20
         0,     0, 1,14:02:31,14:02:59,    28, 12.30, 41.20,-28.90
  12706701,  7110, 5,14:00:41,14:04:21,   220, 40.90, 25.20, 15.70
         0,     0, 5,14:04:28,14:04:42,    14, 25.20, 40.90,-15.70
  21306958,  5124,10,14:05:22,14:05:25,     3, 41.20, 41.20,  0.00
  12199988,     0, 8,14:08:13,14:08:32,    19, 40.70, 40.50,  0.20
  12199988,     0, 8,14:08:46,14:09:03,    17, 40.30, 40.00,  0.30
         0,     0, 8,14:09:11,14:09:11,     0, 40.00, 40.40, -0.40
  11954027,  4057, 1,14:07:32,14:09:13,   101, 41.20, 25.70, 15.50
         0,     0, 1,14:09:21,14:09:35,    14, 25.70, 41.30,-15.60
  12199988,     0, 8,14:09:22,14:09:56,    34, 40.20, 39.60,  0.60
         0,     0, 8,14:10:04,14:10:05,     1, 39.60, 40.80, -1.20
         0,     0, 8,14:11:04,14:11:08,     4, 36.50, 40.30, -3.80
  12199987,     0, 8,14:13:25,14:15:18,   113, 30.40, 28.80,  1.60
         0,     0, 8,14:15:26,14:15:36,    10, 28.80, 38.40, -9.60
  12199987,     0, 8,14:15:54,14:16:00,     6, 38.00, 38.00,  0.00
         0,     0, 8,14:16:08,14:16:10,     2, 38.00, 41.10, -3.10
  13008732,  7153, 3,14:16:24,14:18:42,   138, 47.00, 32.20, 14.80
         0,     0, 3,14:18:51,14:19:03,    12, 32.20, 46.70,-14.50
  12448437,  6050, 9,14:17:27,14:19:50,   143, 41.10, 34.90,  6.20
         0,     0, 9,14:19:57,14:20:05,     8, 34.90, 41.10, -6.20
  11724181,     0, 8,14:18:49,14:22:24,   215, 41.10, 29.40, 11.70
         0,     0, 8,14:22:33,14:22:45,    12, 29.40, 41.10,-11.70
  12448479,  6092, 2,14:24:51,14:28:14,   203, 43.30, 26.90, 16.40
         0,     0, 2,14:28:23,14:28:40,    17, 26.90, 43.70,-16.80
  13008835,     0, 8,14:29:08,14:29:29,    21, 40.90, 40.90,  0.00
  13008835,     0, 8,14:29:51,14:29:57,     6, 40.90, 40.80,  0.10
  12199987,     0, 8,14:38:38,14:39:13,    35, 40.80, 40.70,  0.10
  13008768,     0,10,14:39:15,14:39:16,     1, 41.10, 41.10,  0.00
  11953978,  4008, 4,14:38:25,14:39:55,    90, 43.80, 33.80, 10.00
         0,     0, 4,14:40:03,14:40:12,     9, 33.80, 43.30, -9.50
  12199987,     0, 8,14:40:17,14:45:03,   286, 40.30, 22.10, 18.20
         0,     0, 8,14:45:10,14:45:30,    20, 22.10, 41.20,-19.10
  13008737,     0,10,14:44:59,14:46:31,    92, 41.00, 29.50, 11.50
         0,     0,10,14:46:38,14:46:50,    12, 29.50, 41.10,-11.60
  11953996,  4026, 2,14:44:35,14:47:51,   196, 43.70, 20.00, 23.70
         0,     0, 2,14:47:58,14:48:22,    24, 20.00, 43.70,-23.70
  13008835,     0, 8,14:46:01,14:49:05,   184, 41.00, 31.30,  9.70
         0,     0, 8,14:49:12,14:49:22,    10, 31.30, 41.20, -9.90
  12706645,     0, 8,14:49:47,14:49:52,     5, 41.10, 41.10,  0.00
  11954056,     0,10,14:51:39,14:51:43,     4, 41.20, 41.10,  0.10
  12706645,     0, 8,14:50:18,14:51:53,    95, 39.90, 26.40, 13.50
         0,     0, 8,14:52:01,14:52:16,    15, 26.40, 41.10,-14.70
  12199987,     0, 7,14:39:18,14:54:47,   929, 25.90, 25.70,  0.20
         0,     0, 7,14:54:54,14:55:04,    10, 25.70, 41.70,-16.00
  12448416,  6029, 5,14:53:49,14:55:22,    93, 40.90, 27.20, 13.70
         0,     0, 5,14:55:31,14:55:44,    13, 27.20, 40.90,-13.70
  11954056,     0,10,14:56:13,14:56:21,     8, 41.10, 41.10,  0.00
  13008826,     0, 8,14:54:51,14:56:38,   107, 41.10, 25.10, 16.00
  11954056,     0, 9,14:56:25,14:56:47,    22, 41.10, 41.00,  0.10
         0,     0, 8,14:56:46,14:57:03,    17, 25.10, 41.10,-16.00
  11954056,     0, 9,14:56:58,15:00:33,   215, 41.00, 25.70, 15.30
         0,     0, 9,15:00:42,15:01:03,    21, 25.70, 41.00,-15.30
  12448448,  6061, 5,14:55:56,15:02:32,   396, 40.90, 16.30, 24.60
         0,     0, 5,15:02:39,15:03:02,    23, 16.30, 40.90,-24.60
  11954050,  4080, 2,15:06:22,15:08:59,   157, 43.80, 30.50, 13.30
  11954050,  4080, 1,15:09:05,15:09:09,     4, 41.30, 41.30,  0.00
         0,     0, 2,15:09:06,15:09:18,    12, 30.50, 43.60,-13.10
  13008827,     0, 8,15:09:53,15:09:54,     1, 41.10, 41.10,  0.00
  12200042,  5096, 5,15:08:56,15:10:42,   106, 40.80, 27.80, 13.00
         0,     0, 5,15:10:49,15:11:01,    12, 27.80, 40.90,-13.10
  12448437,  6050, 9,15:15:23,15:15:42,    19, 41.00, 40.80,  0.20
  13008833,     0,10,15:28:54,15:29:39,    45, 41.00, 40.50,  0.50
  13008797,     0,10,15:29:58,15:32:11,   133, 40.40, 35.20,  5.20
         0,     0,10,15:32:19,15:32:25,     6, 35.20, 41.10, -5.90
  13008779,     0, 9,15:32:21,15:33:33,    72, 40.70, 37.30,  3.40
         0,     0, 9,15:33:40,15:33:44,     4, 37.30, 41.10, -3.80
  13008779,     0, 9,15:33:56,15:33:57,     1, 40.10, 40.20, -0.10
  13008798,     0, 8,15:37:30,15:38:12,    42, 41.10, 39.30,  1.80
         0,     0, 8,15:38:21,15:38:22,     1, 39.30, 41.00, -1.70
  13323420,     0,10,15:50:01,15:50:05,     4, 41.10, 41.00,  0.10
  12706645,     0, 8,15:49:36,15:50:30,    54, 41.00, 40.90,  0.10
  12706729,  7138, 5,15:50:18,15:50:44,    26, 40.80, 40.80,  0.00
  12706645,     0, 8,15:52:02,15:52:30,    28, 38.80, 36.70,  2.10
  12706719,  7128, 5,15:52:32,15:52:34,     2, 40.90, 40.80,  0.10
         0,     0, 8,15:52:39,15:52:43,     4, 36.70, 41.20, -4.50
  12706616,  7025, 2,15:50:50,15:52:42,   112, 43.50, 27.50, 16.00
  21268104,  6062, 1,15:51:02,15:52:46,   104, 41.30, 30.60, 10.70
         0,     0, 1,15:52:54,15:53:04,    10, 30.60, 41.30,-10.70
         0,     0, 2,15:52:51,15:53:08,    17, 27.50, 43.70,-16.20
  12706646,     0, 8,15:53:00,15:53:07,     7, 41.20, 41.10,  0.10
  12448412,  6025, 1,15:54:42,15:54:46,     4, 41.30, 41.30,  0.00
  12706727,  7136, 2,15:55:22,15:55:26,     4, 43.70, 43.70,  0.00
  12706727,  7136, 1,15:55:32,15:57:01,    89, 41.30, 24.30, 17.00
         0,     0, 1,15:57:09,15:57:25,    16, 24.30, 41.20,-16.90
  12199977,     0, 9,15:57:27,15:57:31,     4, 40.20, 40.20,  0.00
  12706719,  7128, 5,15:54:54,15:57:53,   179, 40.80, 23.00, 17.80
         0,     0, 5,15:58:01,15:58:18,    17, 23.00, 41.00,-18.00
  12706646,     0, 8,15:58:09,15:58:43,    34, 41.20, 40.90,  0.30
  12199977,     0, 9,15:57:41,15:59:09,    88, 40.20, 33.50,  6.70
         0,     0, 9,15:59:18,15:59:28,    10, 33.50, 41.20, -7.70
  12706705,  7114, 4,15:56:44,15:59:53,   189, 43.30, 21.70, 21.60
         0,     0, 4,16:00:02,16:00:22,    20, 21.70, 43.50,-21.80
  12448412,  6025, 1,16:00:36,16:01:00,    24, 41.30, 41.00,  0.30
  12706700,  7109, 3,16:01:06,16:02:05,    59, 47.10, 29.70, 17.40
         0,     0, 3,16:02:13,16:02:27,    14, 29.70, 29.70,  0.00
  12448471,  6084, 4,16:02:32,16:03:44,    72, 44.30, 28.50, 15.80
         0,     0, 4,16:03:51,16:04:04,    13, 28.50, 43.60,-15.10
  12706609,  7018, 8,16:04:01,16:04:11,    10, 41.00, 41.00,  0.00
  21268825,  6068, 1,16:04:10,16:04:15,     5, 41.10, 41.00,  0.10
  12706646,     0, 7,15:59:25,16:04:15,   290, 41.40, 30.00, 11.40
  12706639,  7048, 3,16:02:37,16:04:15,    98, 46.70, 28.90, 17.80
         0,     0, 7,16:04:23,16:04:30,     7, 30.00, 41.70,-11.70
  12706729,  7138, 5,16:02:01,16:04:33,   152, 40.90, 33.20,  7.70
         0,     0, 3,16:04:23,16:04:38,    15, 28.90, 28.80,  0.10
         0,     0, 5,16:04:41,16:04:48,     7, 33.20, 40.90, -7.70
  13323420,     0,10,16:04:23,16:04:47,    24, 40.90, 39.50,  1.40
         0,     0,10,16:04:56,16:04:57,     1, 39.50, 41.10, -1.60
  21268825,  6068, 1,16:04:50,16:04:55,     5, 41.00, 41.00,  0.00
  12448412,  6025, 2,16:01:03,16:05:05,   242, 43.70, 16.60, 27.10
  12706609,  7018, 8,16:04:29,16:05:35,    66, 41.00, 35.00,  6.00
         0,     0, 2,16:05:12,16:05:40,    28, 16.60, 43.80,-27.20
         0,     0, 8,16:05:42,16:05:48,     6, 35.00, 41.20, -6.20
  12706655,  7064, 4,16:05:11,16:06:29,    78, 43.70, 25.80, 17.90
         0,     0, 4,16:06:37,16:06:53,    16, 25.80, 43.30,-17.50
  12706636,  7045, 3,16:06:27,16:07:35,    68, 46.70, 36.50, 10.20
         0,     0, 3,16:07:42,16:07:50,     8, 36.50, 36.50,  0.00
  21268825,  6068, 2,16:05:50,16:08:09,   139, 43.80, 29.60, 14.20
  12706706,  7115, 1,16:06:53,16:08:13,    80, 41.00, 19.60, 21.40
  12706636,  7045, 5,16:08:05,16:08:28,    23, 40.80, 36.70,  4.10
         0,     0, 2,16:08:17,16:08:31,    14, 29.60, 43.70,-14.10
         0,     0, 5,16:08:36,16:08:40,     4, 36.70, 40.80, -4.10
         0,     0, 1,16:08:20,16:08:42,    22, 19.60, 41.20,-21.60
  12706707,  7116, 2,16:09:19,16:09:37,    18, 43.70, 42.00,  1.70
  12199981,  5035, 4,16:08:31,16:09:45,    74, 44.30, 22.90, 21.40
         0,     0, 4,16:09:52,16:10:12,    20, 22.90, 43.30,-20.40
  12448454,  6067, 4,16:11:10,16:11:16,     6, 43.50, 43.80, -0.30
  12706710,  7119, 5,16:09:49,16:11:40,   111, 40.80, 30.30, 10.50
         0,     0, 5,16:11:47,16:11:57,    10, 30.30, 30.30,  0.00
  21306958,  5124, 9,16:11:03,16:12:12,    69, 41.20, 40.90,  0.30
  21306958,  5124, 9,16:12:22,16:13:25,    63, 40.90, 40.70,  0.20
  12448454,  6067, 2,16:13:38,16:14:02,    24, 42.00, 41.70,  0.30
         0,     0, 2,16:14:10,16:14:10,     0, 41.70, 43.70, -2.00
  13008866,     0, 8,16:15:17,16:15:18,     1, 41.20, 41.20,  0.00
  12706667,     0, 7,16:09:30,16:15:48,   378, 41.60, 37.80,  3.80
  21306958,  5124, 9,16:13:43,16:15:52,   129, 40.70, 36.90,  3.80
         0,     0, 7,16:15:56,16:15:58,     2, 37.80, 41.70, -3.90
         0,     0, 9,16:16:00,16:16:05,     5, 36.90, 41.10, -4.20
  12706669,  7078, 2,16:19:19,16:19:40,    21, 43.70, 43.60,  0.10
  12706651,  7060, 5,16:18:35,16:19:47,    72, 41.00, 33.20,  7.80
         0,     0, 5,16:19:56,16:20:04,     8, 33.20, 40.70, -7.50
  12706637,  7046, 3,16:17:57,16:20:05,   128, 46.60, 31.90, 14.70
         0,     0, 3,16:20:14,16:20:28,    14, 31.90, 31.70,  0.20
  12448454,  6067, 1,16:19:50,16:21:05,    75, 41.20, 30.60, 10.60
  12706669,  7078, 2,16:19:54,16:21:05,    71, 43.60, 33.70,  9.90
         0,     0, 1,16:21:12,16:21:25,    13, 30.60, 41.10,-10.50
         0,     0, 2,16:21:13,16:21:26,    13, 33.70, 43.60, -9.90
  13008848,     0, 9,16:21:43,16:22:11,    28, 41.10, 41.00,  0.10
  13008848,     0,10,16:23:05,16:23:06,     1, 34.50, 34.50,  0.00
  11953978,  4008, 4,16:22:24,16:23:11,    47, 43.70, 34.70,  9.00
         0,     0,10,16:23:14,16:23:20,     6, 34.50, 34.60, -0.10
         0,     0, 4,16:23:19,16:23:27,     8, 34.70, 43.30, -8.60
  13008848,     0,10,16:23:57,16:23:59,     2, 32.20, 32.20,  0.00
  12706701,  7110, 1,16:21:41,16:24:03,   142, 41.10, 35.40,  5.70
         0,     0, 1,16:24:10,16:24:15,     5, 35.40, 41.20, -5.80
         0,     0,10,16:24:07,16:24:16,     9, 32.20, 41.10, -8.90
  12706707,  7116, 1,16:24:50,16:25:29,    39, 41.30, 35.20,  6.10
  12706701,  7110, 2,16:24:36,16:25:32,    56, 43.60, 36.40,  7.20
         0,     0, 1,16:25:38,16:25:43,     5, 35.20, 41.20, -6.00
         0,     0, 2,16:25:39,16:25:46,     7, 36.40, 43.70, -7.30
  13008866,     0, 8,16:25:43,16:25:54,    11, 41.20, 41.10,  0.10
  13008866,     0, 8,16:26:23,16:26:39,    16, 41.10, 41.00,  0.10
  13008866,     0, 8,16:26:53,16:27:05,    12, 41.00, 40.90,  0.10
  13008866,     0, 8,16:27:25,16:28:07,    42, 40.90, 40.70,  0.20
  21304388,  6125, 2,16:26:23,16:28:27,   124, 43.70, 21.90, 21.80
  12706707,  7116, 1,16:27:44,16:28:29,    45, 41.20, 37.60,  3.60
         0,     0, 1,16:28:37,16:28:40,     3, 37.60, 41.20, -3.60
  13008866,     0, 8,16:28:25,16:28:44,    19, 40.70, 40.50,  0.20
         0,     0, 2,16:28:35,16:28:57,    22, 21.90, 43.60,-21.70
  12706634,     0, 9,16:27:29,16:29:05,    96, 41.00, 31.00, 10.00
  21292347,  5120, 4,16:26:47,16:29:09,   142, 43.70, 28.70, 15.00
  12448474,  6087, 2,16:29:08,16:29:18,    10, 43.70, 43.70,  0.00
         0,     0, 9,16:29:13,16:29:27,    14, 31.00, 40.90, -9.90
         0,     0, 4,16:29:17,16:29:32,    15, 28.70, 43.60,-14.90
  12448474,  6087, 1,16:29:23,16:29:31,     8, 41.20, 41.20,  0.00
  13008866,     0, 8,16:29:01,16:29:54,    53, 40.50, 40.20,  0.30
  13008866,     0, 8,16:30:28,16:30:43,    15, 40.20, 40.10,  0.10
  13008866,     0, 8,16:31:16,16:31:26,    10, 40.00, 40.00,  0.00
         0,     0, 8,16:31:33,16:31:33,     0, 40.00, 40.50, -0.50
  12200046,  5100, 4,16:30:38,16:31:43,    65, 43.50, 30.50, 13.00
  12448474,  6087, 1,16:29:51,16:31:45,   114, 41.20, 22.90, 18.30
  13008835,     0, 8,16:31:46,16:31:48,     2, 40.50, 40.50,  0.00
         0,     0, 4,16:31:51,16:32:03,    12, 30.50, 43.30,-12.80
         0,     0, 1,16:31:52,16:32:09,    17, 22.90, 41.20,-18.30
  13008866,     0, 8,16:32:09,16:32:14,     5, 40.40, 40.40,  0.00
  12706738,  7147, 2,16:29:50,16:32:57,   187, 43.70, 27.70, 16.00
         0,     0, 2,16:33:04,16:33:20,    16, 27.70, 43.60,-15.90
  13008835,     0, 8,16:33:31,16:33:37,     6, 40.30, 40.20,  0.10
  13008835,     0, 8,16:34:01,16:34:23,    22, 40.20, 40.10,  0.10
  21268104,  6062, 1,16:33:11,16:35:02,   111, 41.20, 28.20, 13.00
         0,     0, 1,16:35:10,16:35:22,    12, 28.20, 41.20,-13.00
  13008835,     0, 8,16:35:20,16:35:22,     2, 40.00, 40.00,  0.00
  13008732,  7153, 1,16:35:34,16:35:48,    14, 41.30, 41.20,  0.10
  12706729,  7138, 4,16:33:34,16:35:56,   142, 43.10, 43.60, -0.50
  13008742,  7163, 2,16:35:57,16:36:06,     9, 43.60, 43.60,  0.00
  13323420,     0,10,16:36:17,16:36:30,    13, 41.10, 40.20,  0.90
  13323420,     0,10,16:36:42,16:36:51,     9, 40.30, 38.90,  1.40
         0,     0,10,16:36:58,16:37:00,     2, 38.90, 41.10, -2.20
  12706729,  7138, 3,16:36:04,16:36:58,    54, 46.40, 37.40,  9.00
  12200064,  5118, 5,16:32:20,16:37:06,   286, 40.70, 14.90, 25.80
         0,     0, 3,16:37:06,16:37:13,     7, 37.40, 37.20,  0.20
         0,     0,10,16:37:28,16:37:29,     1, 39.00, 41.20, -2.20
         0,     0, 5,16:37:15,16:37:39,    24, 14.90, 14.90,  0.00
         0,     0,10,16:37:55,16:37:57,     2, 38.30, 41.20, -2.90
         0,     0,10,16:38:24,16:38:27,     3, 37.90, 41.10, -3.20
  13008732,  7153, 1,16:36:18,16:39:09,   171, 41.20, 22.30, 18.90
  13008742,  7163, 2,16:38:45,16:39:14,    29, 43.60, 43.40,  0.20
         0,     0, 1,16:39:16,16:39:34,    18, 22.30, 41.30,-19.00
  13008835,     0, 8,16:35:58,16:39:40,   222, 40.00, 28.10, 11.90
         0,     0, 8,16:39:49,16:40:02,    13, 28.10, 41.20,-13.10
  12706639,  7048, 5,16:38:53,16:41:58,   185, 40.80, 33.40,  7.40
         0,     0, 5,16:42:05,16:42:12,     7, 33.40, 40.90, -7.50
  12706727,  7136, 4,16:41:10,16:42:24,    74, 43.60, 31.90, 11.70
         0,     0, 4,16:42:32,16:42:43,    11, 31.90, 43.40,-11.50
  13008742,  7163, 2,16:39:24,16:42:45,   201, 43.50, 23.70, 19.80
  13008842,  8083, 3,16:40:13,16:42:46,   153, 46.50, 29.40, 17.10
         0,     0, 3,16:42:55,16:43:09,    14, 29.40, 29.20,  0.20
         0,     0, 2,16:42:53,16:43:14,    21, 23.70, 43.80,-20.10
  12706636,  7045, 5,16:42:50,16:44:24,    94, 40.90, 27.30, 13.60
         0,     0, 5,16:44:33,16:44:46,    13, 27.30, 40.80,-13.50
  13008866,     0, 8,16:44:38,16:44:52,    14, 41.20, 41.10,  0.10
  13008866,     0, 8,16:45:04,16:45:11,     7, 41.00, 41.00,  0.00
  12200010,  5064, 1,16:44:28,16:45:53,    85, 41.30, 28.80, 12.50
         0,     0, 1,16:46:02,16:46:13,    11, 28.80, 41.20,-12.40
  13008866,     0, 8,16:45:28,16:46:48,    80, 41.00, 40.60,  0.40
  13008866,     0, 8,16:48:38,16:48:54,    16, 40.20, 40.10,  0.10
  13008866,     0, 8,16:49:36,16:50:56,    80, 39.90, 39.50,  0.40
         0,     0, 8,16:51:04,16:51:05,     1, 39.50, 40.90, -1.40
  13008866,     0, 8,16:51:39,16:53:03,    84, 40.90, 40.40,  0.50
  21306958,  5124, 9,16:52:37,16:53:07,    30, 40.90, 40.80,  0.10
  21292347,  5120, 4,16:51:53,16:53:21,    88, 43.70, 34.40,  9.30
  12448471,  6084, 3,16:52:15,16:53:30,    75, 47.30, 31.30, 16.00
         0,     0, 4,16:53:29,16:53:37,     8, 34.40, 34.30,  0.10
         0,     0, 3,16:53:38,16:53:50,    12, 31.30, 31.30,  0.00
  11953996,  4026, 2,16:52:04,16:54:06,   122, 43.80, 24.80, 19.00
  11953978,  4008, 1,16:50:36,16:54:27,   231, 41.20, 33.80,  7.40
         0,     0, 2,16:54:14,16:54:33,    19, 24.80, 43.80,-19.00
         0,     0, 1,16:54:35,16:54:41,     6, 33.80, 41.10, -7.30
  13008866,     0, 8,16:53:19,16:54:46,    87, 40.40, 39.90,  0.50
         0,     0, 8,16:54:55,16:54:55,     0, 39.90, 40.70, -0.80
  21306958,  5124, 9,16:53:32,16:54:59,    87, 40.80, 40.70,  0.10
  11954027,  4057, 1,16:56:03,16:56:16,    13, 41.20, 41.00,  0.20
  12706651,  7060, 5,16:55:32,16:57:24,   112, 40.70, 29.60, 11.10
  11954027,  4057, 1,16:56:35,16:57:40,    65, 41.00, 28.20, 12.80
         0,     0, 5,16:57:32,16:57:43,    11, 29.60, 41.00,-11.40
         0,     0, 1,16:57:48,16:58:00,    12, 28.20, 41.10,-12.90
  12706642,  7051, 8,16:57:55,16:58:17,    22, 40.70, 40.70,  0.00
  12706624,  7033,10,16:57:13,16:58:44,    91, 41.10, 38.20,  2.90
         0,     0,10,16:58:51,16:58:53,     2, 38.20, 41.20, -3.00
  12706642,  7051, 8,16:58:29,16:59:12,    43, 40.20, 38.30,  1.90
  12448428,  6041, 3,16:58:21,16:59:18,    57, 46.80, 30.50, 16.30
         0,     0, 8,16:59:21,16:59:23,     2, 38.30, 41.10, -2.80
         0,     0, 3,16:59:26,16:59:39,    13, 30.50, 30.50,  0.00
  12706639,  7048, 4,16:58:36,16:59:40,    64, 43.20, 43.60, -0.40
  12448448,  6061, 2,16:56:29,17:02:11,   342, 43.80, 19.80, 24.00
  12448479,  6092, 4,17:00:22,17:02:19,   117, 43.60, 31.20, 12.40
  12706706,  7115, 1,17:01:09,17:02:24,    75, 41.20, 27.90, 13.30
         0,     0, 4,17:02:27,17:02:39,    12, 31.20, 31.20,  0.00
         0,     0, 2,17:02:19,17:02:44,    25, 19.80, 43.70,-23.90
         0,     0, 1,17:02:33,17:02:46,    13, 27.90, 41.20,-13.30
  12706642,  7051, 8,17:03:09,17:03:10,     1, 41.10, 41.10,  0.00
  12706637,  7046, 4,17:02:54,17:03:39,    45, 43.30, 41.90,  1.40
  12448412,  6025, 1,17:03:27,17:03:42,    15, 41.20, 41.10,  0.10
         0,     0, 4,17:03:47,17:03:48,     1, 41.90, 42.90, -1.00
  12448442,  6055, 7,16:16:12,17:04:17,  2885, 40.20, 31.10,  9.10
         0,     0, 7,17:04:25,17:04:31,     6, 31.10, 40.70, -9.60
  12448473,  6086, 1,17:04:00,17:04:48,    48, 41.10, 34.30,  6.80
  12706642,  7051, 8,17:04:53,17:04:55,     2, 39.90, 39.90,  0.00
         0,     0, 1,17:04:56,17:05:02,     6, 34.30, 41.20, -6.90
         0,     0, 8,17:05:03,17:05:03,     0, 39.90, 40.20, -0.30
  12706637,  7046, 3,17:04:04,17:05:13,    69, 46.30, 33.30, 13.00
  12448412,  6025, 2,17:03:45,17:05:19,    94, 43.80, 43.40,  0.40
         0,     0, 3,17:05:22,17:05:33,    11, 33.30, 33.30,  0.00
  12706710,  7119, 4,17:04:05,17:05:54,   109, 42.90, 29.10, 13.80
         0,     0, 4,17:06:02,17:06:15,    13, 29.10, 43.40,-14.30
  12448412,  6025, 1,17:05:34,17:07:39,   125, 41.20, 21.50, 19.70
         0,     0, 1,17:07:47,17:08:06,    19, 21.50, 41.20,-19.70
  12706727,  7136, 1,17:09:42,17:10:45,    63, 41.30, 32.10,  9.20
         0,     0, 1,17:10:53,17:11:01,     8, 32.10, 41.30, -9.20
  12448483,  6096, 5,17:12:27,17:14:26,   119, 40.90, 17.90, 23.00
  21268104,  6062, 2,17:12:59,17:14:49,   110, 43.50, 30.30, 13.20
         0,     0, 5,17:14:34,17:14:56,    22, 17.90, 40.80,-22.90
         0,     0, 2,17:14:57,17:15:10,    13, 30.30, 43.70,-13.40
  12199987,     0, 8,17:16:46,17:17:00,    14, 40.40, 40.20,  0.20
  12448451,  6064, 2,17:15:32,17:18:27,   175, 43.80, 22.50, 21.30
         0,     0, 2,17:18:36,17:18:58,    22, 22.50, 43.80,-21.30
  11954050,  4080, 1,17:20:11,17:20:52,    41, 41.30, 39.00,  2.30
         0,     0, 1,17:21:00,17:21:01,     1, 39.00, 41.30, -2.30
  12448432,  6045, 1,17:21:15,17:21:56,    41, 41.30, 41.30,  0.00
  12199986,     0,10,17:21:10,17:22:06,    56, 31.20, 26.80,  4.40
  12199987,     0, 8,17:17:27,17:22:22,   295, 40.10, 28.60, 11.50
         0,     0,10,17:22:14,17:22:29,    15, 26.80, 41.20,-14.40
         0,     0, 8,17:22:30,17:22:43,    13, 28.60, 41.20,-12.60
  12448432,  6045, 2,17:22:00,17:23:00,    60, 43.80, 43.40,  0.40
  11954050,  4080, 1,17:22:06,17:23:28,    82, 41.30, 35.20,  6.10
         0,     0, 1,17:23:36,17:23:41,     5, 35.20, 41.10, -5.90
  21292347,  5120, 2,17:23:10,17:23:47,    37, 43.30, 40.20,  3.10
         0,     0, 2,17:23:56,17:23:58,     2, 40.20, 43.80, -3.60
  21268825,  6068, 1,17:24:14,17:24:34,    20, 41.10, 41.10,  0.00
  21268825,  6068, 2,17:25:22,17:26:35,    73, 43.80, 43.50,  0.30
  11954014,  4044, 3,17:25:44,17:26:35,    51, 47.10, 26.80, 20.30
  12448432,  6045, 5,17:24:03,17:26:46,   163, 40.80, 29.20, 11.60
         0,     0, 3,17:26:43,17:27:00,    17, 26.80, 26.80,  0.00
         0,     0, 5,17:26:54,17:27:06,    12, 29.20, 41.00,-11.80
  12706622,     0, 8,17:26:42,17:27:13,    31, 41.30, 41.10,  0.20
  21268825,  6068, 2,17:26:51,17:28:37,   106, 43.50, 31.80, 11.70
         0,     0, 2,17:28:45,17:28:56,    11, 31.80, 43.70,-11.90
  12706622,     0, 8,17:28:54,17:28:54,     0, 36.20, 36.30, -0.10
         0,     0, 8,17:29:02,17:29:06,     4, 36.30, 41.10, -4.80
  12448473,  6086, 2,17:29:11,17:30:41,    90, 43.80, 32.00, 11.80
  12200064,  5118, 4,17:29:15,17:30:45,    90, 43.60, 43.60,  0.00
         0,     0, 2,17:30:48,17:30:59,    11, 32.00, 43.70,-11.70
  12706651,  7060, 5,17:29:38,17:31:24,   106, 41.00, 32.80,  8.20
         0,     0, 5,17:31:32,17:31:39,     7, 32.80, 40.90, -8.10
  12200064,  5118, 4,17:31:05,17:33:41,   156, 43.80, 24.10, 19.70
         0,     0, 4,17:33:49,17:34:07,    18, 24.10, 43.30,-19.20
  12199988,     0, 7,17:16:17,17:34:26,  1089, 40.70, 32.90,  7.80
         0,     0, 7,17:34:34,17:34:39,     5, 32.90, 32.90,  0.00
  21292347,  5120, 2,17:35:41,17:37:13,    92, 43.80, 36.70,  7.10
         0,     0, 2,17:37:22,17:37:28,     6, 36.70, 43.70, -7.00
  11499202,     0, 8,17:38:42,17:39:41,    59, 40.00, 32.30,  7.70
         0,     0, 8,17:39:48,17:39:57,     9, 32.30, 41.00, -8.70
  11499202,     0, 8,17:40:11,17:40:15,     4, 41.00, 41.00,  0.00
  11953978,  4008, 3,17:39:42,17:40:41,    59, 47.00, 37.50,  9.50
  11954050,  4080, 4,17:40:17,17:40:47,    30, 44.20, 42.00,  2.20
         0,     0, 4,17:40:54,17:40:54,     0, 42.00, 42.10, -0.10
         0,     0, 3,17:40:49,17:40:56,     7, 37.50, 37.70, -0.20
  12448477,  6090, 2,17:39:49,17:41:13,    84, 43.80, 37.30,  6.50
         0,     0, 2,17:41:21,17:41:26,     5, 37.30, 43.70, -6.40
  11954050,  4080, 4,17:41:13,17:42:16,    63, 41.60, 28.30, 13.30
         0,     0, 4,17:42:24,17:42:38,    14, 28.30, 43.60,-15.30
  11954027,  4057, 1,17:43:31,17:45:03,    92, 41.10, 24.10, 17.00
         0,     0, 1,17:45:11,17:45:27,    16, 24.10, 41.10,-17.00
  13008762,     0, 9,17:44:53,17:45:57,    64, 40.50, 39.30,  1.20
         0,     0, 9,17:46:04,17:46:06,     2, 39.30, 40.60, -1.30
  13008762,     0, 9,17:46:17,17:46:17,     0, 40.60, 39.90,  0.70
         0,     0, 9,17:46:25,17:46:26,     1, 39.90, 41.10, -1.20
  12200048,     0, 7,17:35:26,17:46:27,   661, 40.60, 33.40,  7.20
         0,     0, 7,17:46:35,17:46:39,     4, 33.40, 33.50, -0.10
  13008816,     0, 8,17:46:41,17:46:42,     1, 40.90, 40.90,  0.00
  13008762,     0, 9,17:46:50,17:47:45,    55, 41.10, 34.70,  6.40
         0,     0, 9,17:47:52,17:48:00,     8, 34.70, 41.10, -6.40
  13008816,     0, 8,17:47:07,17:48:22,    75, 40.60, 26.70, 13.90
         0,     0, 8,17:48:30,17:48:45,    15, 26.70, 41.10,-14.40
  12448428,  6041, 1,17:49:32,17:50:19,    47, 41.20, 30.20, 11.00
         0,     0, 1,17:50:26,17:50:36,    10, 30.20, 41.20,-11.00
  12448483,  6096, 2,17:52:07,17:54:07,   120, 43.70, 25.80, 17.90
         0,     0, 2,17:54:16,17:54:34,    18, 25.80, 43.70,-17.90
  12448479,  6092, 1,17:55:16,17:57:10,   114, 41.30, 28.30, 13.00
         0,     0, 1,17:57:19,17:57:31,    12, 28.30, 41.20,-12.90
  12448479,  6092, 1,17:58:02,17:58:16,    14, 41.20, 39.80,  1.40
         0,     0, 1,17:58:25,17:58:25,     0, 39.80, 41.10, -1.30
  12706609,  7018, 8,17:59:15,17:59:19,     4, 41.20, 41.20,  0.00
  13008815,     0, 9,17:59:09,18:00:23,    74, 40.90, 35.50,  5.40
  12706609,  7018, 8,17:59:43,18:00:34,    51, 39.60, 32.40,  7.20
         0,     0, 9,18:00:30,18:00:37,     7, 35.50, 41.00, -5.50
         0,     0, 8,18:00:42,18:00:51,     9, 32.40, 41.10, -8.70
  13008768,     0, 9,18:02:01,18:03:51,   110, 40.90, 27.20, 13.70
         0,     0, 9,18:03:59,18:04:18,    19, 27.20, 41.10,-13.90
  13008835,     0, 8,18:04:43,18:04:47,     4, 41.10, 41.10,  0.00
  11954014,  4044, 1,18:04:31,18:05:03,    32, 41.10, 33.40,  7.70
         0,     0, 1,18:05:11,18:05:18,     7, 33.40, 41.10, -7.70
  12706637,  7046, 4,18:04:45,18:05:38,    53, 43.80, 39.00,  4.80
         0,     0, 4,18:05:46,18:05:49,     3, 39.00, 39.00,  0.00
  11954014,  4044, 1,18:05:28,18:06:07,    39, 41.20, 33.50,  7.70
         0,     0, 1,18:06:15,18:06:22,     7, 33.50, 41.30, -7.80
  12706642,  7051, 8,18:05:13,18:06:31,    78, 41.10, 27.40, 13.70
  12448432,  6045, 2,18:05:36,18:06:50,    74, 43.70, 41.70,  2.00
         0,     0, 8,18:06:39,18:06:53,    14, 27.40, 41.10,-13.70
         0,     0, 2,18:06:58,18:06:59,     1, 41.70, 43.70, -2.00
  12706624,  7033,10,18:06:57,18:07:05,     8, 41.10, 41.10,  0.00
  12200042,  5096, 4,18:06:00,18:07:27,    87, 43.20, 28.50, 14.70
  12706624,  7033,10,18:07:19,18:07:36,    17, 41.10, 40.90,  0.20
         0,     0, 4,18:07:36,18:07:50,    14, 28.50, 43.30,-14.80
  12706624,  7033,10,18:08:27,18:08:28,     1, 38.80, 38.80,  0.00
         0,     0,10,18:08:35,18:08:37,     2, 38.80, 41.10, -2.30
  12448442,  6055, 7,17:56:40,18:08:49,   729, 41.60, 34.30,  7.30
  12706659,  7068, 2,18:08:46,18:08:51,     5, 43.60, 43.60,  0.00
  12448432,  6045, 1,18:07:23,18:08:57,    94, 41.30, 29.30, 12.00
         0,     0, 7,18:08:56,18:09:00,     4, 34.30, 41.60, -7.30
         0,     0, 1,18:09:05,18:09:16,    11, 29.30, 41.10,-11.80
  12706659,  7068, 1,18:09:27,18:10:23,    56, 41.10, 40.90,  0.20
  12706659,  7068, 1,18:10:39,18:12:03,    84, 40.90, 21.70, 19.20
  12448416,  6029, 2,18:10:29,18:12:06,    97, 43.60, 26.70, 16.90
         0,     0, 1,18:12:10,18:12:29,    19, 21.70, 41.20,-19.50
         0,     0, 2,18:12:15,18:12:33,    18, 26.70, 43.70,-17.00
  13008797,     0, 9,18:09:53,18:12:57,   184, 41.10, 32.30,  8.80
         0,     0, 9,18:13:04,18:13:15,    11, 32.30, 41.00, -8.70
  12448477,  6090, 3,18:13:04,18:13:47,    43, 46.80, 38.70,  8.10
  13008866,     0, 8,18:13:28,18:13:51,    23, 41.10, 41.00,  0.10
         0,     0, 3,18:13:54,18:14:00,     6, 38.70, 38.90, -0.20
  12448471,  6084, 2,18:12:43,18:14:20,    97, 43.70, 28.80, 14.90
  21304388,  6125, 1,18:12:41,18:14:33,   112, 41.10, 16.30, 24.80
         0,     0, 2,18:14:28,18:14:43,    15, 28.80, 43.70,-14.90
  12448477,  6090, 3,18:14:22,18:14:41,    19, 46.70, 44.30,  2.40
         0,     0, 1,18:14:40,18:15:04,    24, 16.30, 41.20,-24.90
  13008866,     0, 8,18:15:08,18:15:55,    47, 41.00, 40.80,  0.20
  13008866,     0, 8,18:16:07,18:16:27,    20, 40.80, 40.70,  0.10
  13008866,     0, 8,18:17:30,18:17:52,    22, 40.70, 40.60,  0.10
  13008826,     0, 7,18:09:14,18:18:13,   539, 41.60, 28.00, 13.60
         0,     0, 7,18:18:21,18:18:29,     8, 28.00, 41.50,-13.50
  12706705,  7114, 2,18:17:47,18:19:27,   100, 43.80, 34.00,  9.80
         0,     0, 2,18:19:35,18:19:44,     9, 34.00, 43.70, -9.70
  13008866,     0, 8,18:19:17,18:19:46,    29, 40.60, 40.40,  0.20
  13008866,     0, 8,18:20:18,18:21:04,    46, 40.40, 40.20,  0.20
  11954027,  4057, 1,18:19:42,18:21:16,    94, 41.20, 32.90,  8.30
  11953978,  4008, 2,18:20:15,18:21:27,    72, 43.80, 34.50,  9.30
         0,     0, 1,18:21:24,18:21:31,     7, 32.90, 41.20, -8.30
         0,     0, 2,18:21:34,18:21:43,     9, 34.50, 43.70, -9.20
  12706667,     0, 8,18:21:46,18:22:02,    16, 40.20, 38.20,  2.00
         0,     0, 8,18:22:10,18:22:12,     2, 38.20, 39.80, -1.60
  13008866,     0, 8,18:24:23,18:24:50,    27, 39.00, 38.90,  0.10
  12706700,  7109, 1,18:23:38,18:24:56,    78, 41.20, 21.30, 19.90
         0,     0, 8,18:24:58,18:25:00,     2, 38.90, 41.10, -2.20
         0,     0, 1,18:25:03,18:25:22,    19, 21.30, 41.20,-19.90
  13008827,     0, 7,18:18:43,18:25:24,   401, 40.70, 28.50, 12.20
  12706719,  7128, 2,18:22:16,18:25:28,   192, 43.70, 30.50, 13.20
         0,     0, 7,18:25:31,18:25:39,     8, 28.50, 41.70,-13.20
  12706646,     0, 8,18:25:37,18:25:38,     1, 41.00, 41.00,  0.00
  13008833,     0,10,18:25:09,18:25:43,    34, 41.10, 39.50,  1.60
         0,     0, 2,18:25:35,18:25:48,    13, 30.50, 43.80,-13.30
         0,     0,10,18:25:52,18:25:53,     1, 39.50, 41.10, -1.60
  13008833,     0,10,18:26:09,18:26:11,     2, 39.10, 39.10,  0.00
         0,     0,10,18:26:18,18:26:19,     1, 39.10, 41.20, -2.10
  12706646,     0, 8,18:25:50,18:26:23,    33, 41.00, 39.80,  1.20
         0,     0, 8,18:26:31,18:26:31,     0, 39.80, 40.70, -0.90
  13008737,     0,10,18:26:54,18:26:55,     1, 41.10, 41.20, -0.10
  12448473,  6086, 1,18:26:03,18:27:20,    77, 41.20, 29.10, 12.10
         0,     0, 1,18:27:28,18:27:39,    11, 29.10, 41.30,-12.20
  13008779,     0, 9,18:31:14,18:31:59,    45, 41.10, 38.10,  3.00
         0,     0, 9,18:32:08,18:32:11,     3, 38.10, 41.00, -2.90
  13008779,     0, 9,18:32:40,18:32:42,     2, 38.80, 38.80,  0.00
         0,     0, 9,18:32:51,18:32:53,     2, 38.80, 41.10, -2.30
  12200048,     0, 8,18:32:57,18:32:59,     2, 31.80, 31.90, -0.10
         0,     0, 8,18:33:06,18:33:15,     9, 31.90, 41.20, -9.30
  12706651,  7060, 5,18:33:05,18:33:23,    18, 40.90, 40.30,  0.60
  12200010,  5064, 1,18:32:17,18:33:24,    67, 41.30, 26.10, 15.20
         0,     0, 1,18:33:31,18:33:45,    14, 26.10, 41.20,-15.10
  13008866,     0, 8,18:33:44,18:33:46,     2, 41.10, 41.10,  0.00
  13008779,     0,10,18:34:19,18:35:07,    48, 41.20, 38.00,  3.20
         0,     0,10,18:35:16,18:35:18,     2, 38.00, 41.10, -3.10
  13008866,     0, 8,18:35:47,18:37:01,    74, 41.00, 40.70,  0.30
  13008866,     0, 8,18:37:11,18:37:35,    24, 40.70, 40.60,  0.10
  13008737,     0,10,18:36:04,18:37:45,   101, 41.10, 26.80, 14.30
         0,     0,10,18:37:54,18:38:09,    15, 26.80, 41.20,-14.40
  13008815,     0, 9,18:37:28,18:38:57,    89, 41.10, 35.40,  5.70
  13008866,     0, 8,18:37:53,18:39:09,    76, 40.60, 40.20,  0.40
         0,     0, 9,18:39:06,18:39:13,     7, 35.40, 41.10, -5.70
  12706642,  7051, 8,18:41:08,18:41:18,    10, 40.20, 39.90,  0.30
         0,     0, 8,18:41:26,18:41:26,     0, 39.90, 40.70, -0.80
  12200064,  5118, 5,18:37:42,18:41:24,   222, 40.30, 19.70, 20.60
         0,     0, 5,18:41:32,18:41:52,    20, 19.70, 40.90,-21.20
  12706642,  7051, 8,18:41:45,18:42:48,    63, 39.70, 32.30,  7.40
         0,     0, 8,18:42:56,18:43:05,     9, 32.30, 32.40, -0.10
  12448416,  6029, 1,18:41:52,18:43:18,    86, 41.20, 33.20,  8.00
         0,     0, 1,18:43:25,18:43:32,     7, 33.20, 41.20, -8.00
  12448437,  6050,10,18:47:14,18:47:33,    19, 41.20, 41.20,  0.00
  12448437,  6050, 9,18:48:33,18:48:58,    25, 41.10, 41.00,  0.10
  12706705,  7114, 2,18:49:52,18:50:07,    15, 43.70, 43.70,  0.00
  12706705,  7114, 1,18:50:11,18:50:56,    45, 41.20, 38.00,  3.20
         0,     0, 1,18:51:04,18:51:06,     2, 38.00, 41.20, -3.20
  12706646,     0, 8,18:50:59,18:51:13,    14, 34.50, 34.40,  0.10
         0,     0, 8,18:51:21,18:51:28,     7, 34.40, 41.10, -6.70
  12706646,     0, 7,18:26:42,18:51:36,  1494, 41.60, 39.10,  2.50
         0,     0, 7,18:51:43,18:51:44,     1, 39.10, 41.40, -2.30
  12706738,  7147, 2,18:50:18,18:51:49,    91, 43.70, 31.70, 12.00
         0,     0, 2,18:51:57,18:52:08,    11, 31.70, 43.80,-12.10
  13008833,     0,10,18:52:09,18:52:24,    15, 41.20, 41.00,  0.20
  13008833,     0,10,18:52:48,18:52:49,     1, 40.00, 39.20,  0.80
         0,     0,10,18:52:58,18:52:59,     1, 39.20, 41.20, -2.00
  12706707,  7116, 2,18:52:18,18:53:30,    72, 43.80, 32.60, 11.20
  12448474,  6087, 1,18:51:16,18:53:34,   138, 41.20, 23.60, 17.60
  12706646,     0, 8,18:53:27,18:53:40,    13, 41.10, 41.10,  0.00
         0,     0, 2,18:53:39,18:53:50,    11, 32.60, 43.70,-11.10
         0,     0, 1,18:53:42,18:53:59,    17, 23.60, 41.20,-17.60
  13008833,     0,10,18:53:09,18:54:17,    68, 41.20, 29.20, 12.00
  12199981,  5035, 3,18:53:08,18:54:18,    70, 44.10, 27.90, 16.20
  12706646,     0, 8,18:54:05,18:54:21,    16, 40.90, 41.00, -0.10
         0,     0,10,18:54:25,18:54:38,    13, 29.20, 41.10,-11.90
         0,     0, 3,18:54:25,18:54:41,    16, 27.90, 27.80,  0.10
  12706646,     0, 8,18:54:32,18:55:29,    57, 41.00, 35.70,  5.30
         0,     0, 8,18:55:37,18:55:42,     5, 35.70, 41.10, -5.40
  11724181,     0, 7,18:52:16,18:55:49,   213, 41.20, 28.20, 13.00
         0,     0, 7,18:55:56,18:56:06,    10, 28.20, 40.80,-12.60
  12706729,  7138, 5,18:55:19,18:56:24,    65, 40.80, 29.90, 10.90
         0,     0, 5,18:56:32,18:56:42,    10, 29.90, 41.00,-11.10
  12706700,  7109, 1,18:56:22,18:56:48,    26, 41.20, 37.00,  4.20
         0,     0, 1,18:56:56,18:56:59,     3, 37.00, 41.20, -4.20
  13008742,  7163, 2,18:54:07,18:57:46,   219, 43.70, 24.70, 19.00
         0,     0, 2,18:57:53,18:58:12,    19, 24.70, 43.80,-19.10
  12448454,  6067, 1,18:58:10,18:58:32,    22, 41.20, 40.80,  0.40
  12448454,  6067, 2,18:58:44,18:59:57,    73, 43.80, 33.10, 10.70
         0,     0, 2,19:00:05,19:00:15,    10, 33.10, 43.70,-10.60
  12706659,  7068, 3,19:00:34,19:02:39,   125, 46.80, 29.80, 17.00
         0,     0, 3,19:02:47,19:03:01,    14, 29.80, 29.70,  0.10
  12706705,  7114, 2,19:04:08,19:04:58,    50, 43.80, 40.70,  3.10
         0,     0, 2,19:05:07,19:05:09,     2, 40.70, 43.70, -3.00
  12706646,     0, 7,18:56:18,19:06:02,   584, 37.30, 33.30,  4.00
  12706705,  7114, 1,19:05:16,19:06:06,    50, 40.80, 33.80,  7.00
         0,     0, 8,19:05:59,19:06:10,    11, 30.90, 40.90,-10.00
         0,     0, 7,19:06:09,19:06:14,     5, 33.30, 41.60, -8.30
         0,     0, 1,19:06:15,19:06:21,     6, 33.80, 41.20, -7.40
  13008866,     0, 8,19:07:53,19:08:00,     7, 40.80, 40.80,  0.00
  12200048,     0, 7,19:06:38,19:08:21,   103, 41.50, 41.20,  0.30
  12706719,  7128, 5,19:07:12,19:10:10,   178, 40.90, 30.90, 10.00
         0,     0, 5,19:10:19,19:10:28,     9, 30.90, 41.00,-10.10
  12706624,  7033, 9,19:13:05,19:13:24,    19, 41.00, 41.00,  0.00
  13008866,     0, 8,19:10:09,19:13:51,   222, 40.80, 39.80,  1.00
         0,     0, 8,19:14:00,19:14:01,     1, 39.80, 40.90, -1.10
  12706624,  7033,10,19:13:29,19:13:59,    30, 41.10, 40.30,  0.80
  12706624,  7033,10,19:14:13,19:14:47,    34, 40.30, 38.70,  1.60
         0,     0,10,19:14:54,19:14:56,     2, 38.70, 41.20, -2.50
  13008866,     0, 8,19:14:42,19:17:13,   151, 40.70, 39.90,  0.80
  13008842,  8083, 3,19:16:42,19:17:16,    34, 46.90, 46.80,  0.10
         0,     0, 8,19:17:22,19:17:22,     0, 39.90, 40.80, -0.90
  13008842,  8083, 4,19:17:27,19:17:42,    15, 44.20, 43.70,  0.50
  13008866,     0, 8,19:17:58,19:18:05,     7, 40.80, 40.70,  0.10
  13008866,     0, 8,19:18:32,19:18:43,    11, 40.70, 40.60,  0.10
  13008842,  8083, 3,19:18:07,19:21:03,   176, 46.80, 28.80, 18.00
         0,     0, 3,19:21:11,19:21:26,    15, 28.80, 46.40,-17.60
  13008866,     0, 8,19:21:11,19:21:47,    36, 40.60, 40.40,  0.20
  13008866,     0, 8,19:22:41,19:24:41,   120, 40.40, 39.80,  0.60
         0,     0, 8,19:24:50,19:24:50,     0, 39.80, 40.80, -1.00
  12448437,  6050,10,19:23:24,19:25:06,   102, 41.20, 35.80,  5.40
         0,     0,10,19:25:14,19:25:19,     5, 35.80, 41.20, -5.40
  13008866,     0, 8,19:25:05,19:25:18,    13, 40.70, 40.60,  0.10
  12706707,  7116, 2,19:25:02,19:25:29,    27, 43.80, 40.70,  3.10
         0,     0, 2,19:25:36,19:25:38,     2, 40.70, 43.70, -3.00
  13008866,     0, 8,19:25:40,19:26:16,    36, 40.60, 40.40,  0.20
  11954050,  4080, 1,19:25:48,19:27:01,    73, 41.20, 37.80,  3.40
         0,     0, 1,19:27:08,19:27:10,     2, 37.80, 41.20, -3.40
  11953996,  4026, 4,19:25:42,19:28:06,   144, 43.80, 25.40, 18.40
  11954050,  4080, 1,19:27:22,19:28:13,    51, 41.20, 30.20, 11.00
         0,     0, 1,19:28:21,19:28:31,    10, 30.20, 41.20,-11.00
         0,     0, 4,19:28:15,19:28:32,    17, 25.40, 43.30,-17.90
  13008866,     0, 8,19:28:17,19:28:57,    40, 40.40, 40.30,  0.10
  12706729,  7138, 5,19:30:43,19:31:32,    49, 40.90, 34.30,  6.60
         0,     0, 5,19:31:40,19:31:46,     6, 34.30, 40.90, -6.60
  12706624,  7033,10,19:33:18,19:33:51,    33, 41.20, 40.50,  0.70
  13008798,     0, 8,19:33:10,19:33:59,    49, 39.40, 30.00,  9.40
  11953978,  4008, 1,19:31:56,19:34:01,   125, 41.20, 24.60, 16.60
         0,     0, 8,19:34:08,19:34:23,    15, 30.00, 40.30,-10.30
         0,     0, 1,19:34:08,19:34:24,    16, 24.60, 41.30,-16.70
  13008798,     0, 8,19:34:49,19:34:51,     2, 35.90, 35.90,  0.00
         0,     0, 8,19:34:59,19:35:04,     5, 35.90, 41.10, -5.20
  12706624,  7033,10,19:34:36,19:35:05,    29, 40.50, 39.10,  1.40
         0,     0,10,19:35:13,19:35:14,     1, 39.10, 41.20, -2.10
  21306958,  5124, 9,19:34:10,19:35:38,    88, 41.00, 40.70,  0.30
  12706738,  7147, 2,19:34:19,19:36:12,   113, 43.70, 36.20,  7.50
         0,     0, 2,19:36:19,19:36:25,     6, 36.20, 43.80, -7.60
  12448437,  6050, 9,19:35:48,19:37:06,    78, 40.70, 37.80,  2.90
         0,     0, 9,19:37:15,19:37:19,     4, 37.80, 41.10, -3.30
  12706659,  7068, 1,19:35:51,19:37:29,    98, 41.30, 28.30, 13.00
  12706669,  7078, 2,19:36:36,19:37:38,    62, 43.80, 27.80, 16.00
         0,     0, 1,19:37:36,19:37:48,    12, 28.30, 41.20,-12.90
  12448416,  6029, 3,19:36:43,19:37:53,    70, 47.00, 37.20,  9.80
         0,     0, 2,19:37:45,19:38:01,    16, 27.80, 43.70,-15.90
  13008866,     0, 8,19:37:48,19:38:03,    15, 41.10, 41.00,  0.10
         0,     0, 3,19:38:01,19:38:09,     8, 37.20, 37.50, -0.30
  13008858,     0, 7,19:08:31,19:38:19,  1788, 41.10, 18.20, 22.90
         0,     0, 7,19:38:27,19:38:41,    14, 18.20, 18.20,  0.00
  12199988,     0, 8,19:39:43,19:40:24,    41, 40.80, 40.40,  0.40
  12199988,     0, 8,19:40:45,19:41:15,    30, 39.80, 39.30,  0.50
         0,     0, 8,19:41:24,19:41:25,     1, 39.30, 40.70, -1.40
  12706616,  7025, 3,19:40:30,19:41:46,    76, 46.50, 27.30, 19.20
  21306958,  5124, 9,19:41:27,19:42:05,    38, 38.60, 38.50,  0.10
         0,     0, 3,19:41:53,19:42:09,    16, 27.30, 27.20,  0.10
  12448454,  6067, 2,19:40:51,19:42:08,    77, 43.80, 34.30,  9.50
         0,     0, 9,19:42:14,19:42:17,     3, 38.50, 41.00, -2.50
         0,     0, 2,19:42:16,19:42:25,     9, 34.30, 43.70, -9.40
  12199988,     0, 8,19:42:36,19:42:39,     3, 32.50, 32.50,  0.00
         0,     0, 8,19:42:47,19:42:56,     9, 32.50, 41.10, -8.60
  12200046,  5100, 4,19:42:05,19:43:06,    61, 44.10, 33.20, 10.90
         0,     0, 4,19:43:13,19:43:22,     9, 33.20, 43.20,-10.00
  21306958,  5124, 9,19:42:27,19:45:32,   185, 41.00, 35.90,  5.10
  12706639,  7048, 4,19:44:12,19:45:40,    88, 43.60, 31.00, 12.60
         0,     0, 9,19:45:41,19:45:47,     6, 35.90, 41.10, -5.20
         0,     0, 4,19:45:48,19:46:00,    12, 31.00, 43.30,-12.30
  13008768,     0, 9,19:50:37,19:50:55,    18, 41.10, 41.10,  0.00
  13008837,     0, 9,19:53:57,19:54:04,     7, 41.10, 41.00,  0.10
  13008839,     0, 8,19:54:03,19:54:05,     2, 41.00, 41.00,  0.00
  13008839,     0, 8,19:54:19,19:54:43,    24, 40.70, 40.10,  0.60
  13008839,     0, 8,19:55:01,19:55:05,     4, 39.20, 39.20,  0.00
         0,     0, 8,19:55:14,19:55:15,     1, 39.20, 40.20, -1.00
  13008839,     0, 8,19:55:25,19:55:28,     3, 40.20, 40.20,  0.00
  13008839,     0, 8,19:55:42,19:56:03,    21, 39.00, 37.60,  1.40
         0,     0, 8,19:56:11,19:56:15,     4, 37.60, 41.00, -3.40
  12706706,  7115, 2,19:55:47,19:56:49,    62, 43.70, 32.50, 11.20
  12706700,  7109, 1,19:56:32,19:56:53,    21, 41.20, 41.10,  0.10
         0,     0, 2,19:56:57,19:57:08,    11, 32.50, 43.90,-11.40
  13008839,     0, 8,19:56:28,19:57:11,    43, 41.00, 32.70,  8.30
         0,     0, 8,19:57:19,19:57:27,     8, 32.70, 41.20, -8.50
  21306958,  5124, 9,19:57:18,19:57:42,    24, 41.00, 41.00,  0.00
  12706700,  7109, 2,19:57:19,19:58:17,    58, 43.80, 34.50,  9.30
         0,     0, 2,19:58:25,19:58:34,     9, 34.50, 43.80, -9.30
  12706645,     0, 8,19:59:38,19:59:39,     1, 41.10, 41.20, -0.10
  12706645,     0, 8,20:00:03,20:01:52,   109, 41.00, 26.40, 14.60
         0,     0, 8,20:01:59,20:02:14,    15, 26.40, 41.10,-14.70
  21306958,  5124, 9,19:58:19,20:02:15,   236, 41.00, 40.30,  0.70
  13008837,     0, 9,20:02:27,20:02:28,     1, 40.30, 40.30,  0.00
  13008866,     0, 8,20:02:26,20:02:40,    14, 41.10, 41.10,  0.00
  13008837,     0, 9,20:02:46,20:02:58,    12, 40.20, 40.30, -0.10
  13008837,     0, 9,20:03:09,20:03:10,     1, 40.20, 40.20,  0.00
  13008866,     0, 8,20:03:09,20:03:11,     2, 41.10, 41.10,  0.00
  21268825,  6068, 4,20:02:58,20:03:47,    49, 43.60, 43.60,  0.00
  21268825,  6068, 4,20:04:07,20:04:17,    10, 43.60, 43.70, -0.10
  13008837,     0, 9,20:03:21,20:04:34,    73, 40.20, 37.70,  2.50
  12448428,  6041, 2,20:03:13,20:04:43,    90, 43.80, 28.40, 15.40
         0,     0, 9,20:04:43,20:04:47,     4, 37.70, 40.80, -3.10
  13008837,     0, 9,20:04:57,20:04:59,     2, 39.90, 39.90,  0.00
         0,     0, 2,20:04:50,20:05:05,    15, 28.40, 43.60,-15.20
         0,     0, 9,20:05:08,20:05:08,     0, 39.90, 40.20, -0.30
  13008837,     0, 9,20:05:21,20:05:38,    17, 39.30, 36.10,  3.20
         0,     0, 9,20:05:47,20:05:54,     7, 36.10, 40.10, -4.00
  13008837,     0, 9,20:06:10,20:06:12,     2, 38.30, 38.30,  0.00
         0,     0, 9,20:06:20,20:06:23,     3, 38.30, 41.00, -2.70
  13008866,     0, 8,20:05:45,20:06:23,    38, 41.10, 41.00,  0.10
  21268825,  6068, 3,20:04:21,20:07:08,   167, 47.00, 36.50, 10.50
  13008866,     0, 8,20:06:57,20:07:13,    16, 40.90, 40.80,  0.10
         0,     0, 3,20:07:16,20:07:25,     9, 36.50, 36.80, -0.30
  12706636,  7045, 1,20:06:06,20:07:30,    84, 41.10, 29.60, 11.50
         0,     0, 1,20:07:37,20:07:48,    11, 29.60, 41.30,-11.70
  13008866,     0, 8,20:07:35,20:08:09,    34, 40.90, 40.70,  0.20
  13008839,     0, 7,19:53:48,20:08:36,   888, 41.50, 41.40,  0.10
  11724159,     0, 8,20:08:30,20:08:40,    10, 40.70, 40.70,  0.00
  11724159,     0, 8,20:09:45,20:10:31,    46, 40.70, 31.00,  9.70
         0,     0, 8,20:10:40,20:10:50,    10, 31.00, 41.10,-10.10
  13008866,     0, 8,20:12:49,20:13:35,    46, 41.10, 40.90,  0.20
  13008866,     0, 8,20:14:11,20:15:02,    51, 40.90, 40.60,  0.30
  12200042,  5096, 3,20:13:07,20:15:19,   132, 47.00, 32.30, 14.70
         0,     0, 3,20:15:28,20:15:40,    12, 32.30, 32.20,  0.10
  13008866,     0, 8,20:15:40,20:18:11,   151, 40.50, 39.80,  0.70
         0,     0, 8,20:18:19,20:18:19,     0, 39.80, 40.90, -1.10
  13008848,     0,10,20:18:14,20:18:19,     5, 28.10, 28.10,  0.00
  13008848,     0, 9,20:18:32,20:18:33,     1, 41.00, 41.00,  0.00
         0,     0,10,20:18:28,20:18:42,    14, 28.10, 41.20,-13.10
  12706727,  7136, 4,20:18:40,20:20:43,   123, 43.80, 26.40, 17.40
         0,     0, 4,20:20:51,20:21:07,    16, 26.40, 43.10,-16.70
  12199986,     0,10,20:20:34,20:22:05,    91, 41.10, 27.60, 13.50
         0,     0,10,20:22:13,20:22:27,    14, 27.60, 41.20,-13.60
  13008866,     0, 8,20:21:42,20:22:33,    51, 40.00, 39.50,  0.50
         0,     0, 8,20:22:41,20:22:42,     1, 39.50, 41.10, -1.60
  12200048,     0, 7,20:08:46,20:23:04,   858, 41.40, 29.90, 11.50
         0,     0, 7,20:23:12,20:23:19,     7, 29.90, 30.00, -0.10
  13008866,     0, 8,20:23:41,20:24:41,    60, 40.60, 40.20,  0.40
  13008798,     0, 8,20:24:54,20:24:59,     5, 40.20, 40.20,  0.00
  12706701,  7110, 2,20:24:30,20:25:27,    57, 43.60, 43.50,  0.10
  13008848,     0,10,20:25:31,20:25:33,     2, 41.10, 41.10,  0.00
  13008858,     0, 8,20:26:00,20:26:02,     2, 40.20, 40.20,  0.00
  13008779,     0, 9,20:24:59,20:26:12,    73, 41.00, 37.60,  3.40
  13008858,     0, 8,20:26:16,20:26:17,     1, 40.20, 40.20,  0.00
         0,     0, 9,20:26:20,20:26:24,     4, 37.60, 41.10, -3.50
  13008848,     0, 9,20:27:08,20:27:13,     5, 41.10, 41.10,  0.00
  13008866,     0, 8,20:26:27,20:27:41,    74, 40.10, 39.40,  0.70
         0,     0, 8,20:27:49,20:27:50,     1, 39.40, 41.10, -1.70
  13008779,     0,10,20:27:32,20:27:50,    18, 41.10, 39.30,  1.80
         0,     0,10,20:27:59,20:28:00,     1, 39.30, 41.20, -1.90
  13008842,  8083, 1,20:29:29,20:31:09,   100, 41.30, 29.60, 11.70
         0,     0, 1,20:31:17,20:31:28,    11, 29.60, 41.10,-11.50
  12706669,  7078, 2,20:33:04,20:34:56,   112, 43.50, 32.80, 10.70
  13008866,     0, 8,20:32:36,20:34:56,   140, 39.30, 38.40,  0.90
         0,     0, 8,20:35:04,20:35:06,     2, 38.40, 41.10, -2.70
         0,     0, 2,20:35:04,20:35:14,    10, 32.80, 43.90,-11.10
  12706637,  7046, 1,20:36:08,20:36:52,    44, 41.10, 40.80,  0.30
  12706667,     0, 8,20:36:53,20:36:54,     1, 27.70, 27.70,  0.00
         0,     0, 8,20:37:02,20:37:16,    14, 27.70, 41.20,-13.50
  13008858,     0, 8,20:37:29,20:38:01,    32, 41.20, 40.60,  0.60
  12200046,  5100, 4,20:37:24,20:38:13,    49, 43.70, 32.70, 11.00
         0,     0, 4,20:38:21,20:38:31,    10, 32.70, 43.40,-10.70
  12706637,  7046, 1,20:37:03,20:38:41,    98, 40.70, 32.30,  8.40
         0,     0, 1,20:38:49,20:38:57,     8, 32.30, 41.30, -9.00
  12706637,  7046, 1,20:39:07,20:39:32,    25, 41.30, 37.20,  4.10
         0,     0, 1,20:39:41,20:39:44,     3, 37.20, 41.20, -4.00
  13008858,     0, 8,20:38:46,20:40:21,    95, 40.60, 37.10,  3.50
         0,     0, 8,20:40:29,20:40:32,     3, 37.10, 41.10, -4.00
  13008858,     0, 7,20:36:34,20:41:54,   320, 41.50, 41.50,  0.00
  12448432,  6045, 2,20:45:13,20:47:06,   113, 43.90, 33.30, 10.60
         0,     0, 2,20:47:15,20:47:25,    10, 33.30, 43.70,-10.40
  12448479,  6092, 3,20:47:45,20:49:29,   104, 46.80, 42.90,  3.90
         0,     0, 3,20:49:37,20:49:39,     2, 42.90, 46.20, -3.30
  12448479,  6092, 3,20:49:51,20:50:18,    27, 46.40, 44.40,  2.00
  12448448,  6061, 4,20:46:51,20:50:37,   226, 43.20, 22.70, 20.50
         0,     0, 4,20:50:46,20:51:06,    20, 22.70, 43.20,-20.50
  12706622,     0, 8,20:49:00,20:51:37,   157, 40.90, 27.20, 13.70
         0,     0, 8,20:51:46,20:52:00,    14, 27.20, 41.10,-13.90
  12706616,  7025, 5,20:51:19,20:52:20,    61, 40.80, 30.00, 10.80
         0,     0, 5,20:52:29,20:52:39,    10, 30.00, 40.90,-10.90
  12706706,  7115, 2,20:53:09,20:53:51,    42, 43.80, 35.30,  8.50
         0,     0, 2,20:54:00,20:54:08,     8, 35.30, 43.70, -8.40
  12706655,  7064, 5,20:53:58,20:55:48,   110, 40.90, 22.00, 18.90
         0,     0, 5,20:55:56,20:56:14,    18, 22.00, 41.00,-19.00
  13008827,     0, 8,20:55:27,20:56:12,    45, 41.00, 41.00,  0.00
  12706622,     0, 7,20:48:02,20:56:30,   508, 41.50, 41.50,  0.00
  12448412,  6025, 3,20:59:27,20:59:59,    32, 44.40, 44.00,  0.40
  12448412,  6025, 4,21:00:41,21:00:42,     1, 44.30, 44.00,  0.30
  12448454,  6067, 2,21:01:54,21:02:05,    11, 43.70, 42.90,  0.80
  12448412,  6025, 4,21:02:14,21:02:46,    32, 44.60, 43.40,  1.20
  12448454,  6067, 2,21:02:15,21:03:17,    62, 42.90, 34.00,  8.90
         0,     0, 2,21:03:26,21:03:35,     9, 34.00, 43.70, -9.70
  13008858,     0, 8,21:04:07,21:04:08,     1, 41.00, 41.00,  0.00
  12448412,  6025, 5,21:03:33,21:04:17,    44, 40.90, 40.70,  0.20
  13008858,     0, 8,21:04:20,21:04:21,     1, 40.80, 40.60,  0.20
  13008839,     0, 8,21:04:33,21:04:38,     5, 40.30, 40.20,  0.10
  13008839,     0, 8,21:04:49,21:04:53,     4, 39.90, 39.90,  0.00
         0,     0, 8,21:05:00,21:05:00,     0, 39.90, 40.70, -0.80
  13008839,     0, 8,21:05:13,21:05:47,    34, 40.10, 39.00,  1.10
         0,     0, 8,21:05:56,21:05:58,     2, 39.00, 41.10, -2.10
  12706727,  7136, 1,21:05:42,21:06:07,    25, 41.10, 41.10,  0.00
  13008839,     0, 8,21:06:21,21:06:43,    22, 39.80, 39.80,  0.00
         0,     0, 8,21:06:51,21:06:51,     0, 39.80, 40.20, -0.40
  12706727,  7136, 1,21:06:20,21:06:51,    31, 41.10, 41.10,  0.00
  12706727,  7136, 1,21:07:02,21:08:20,    78, 41.10, 32.90,  8.20
  11954027,  4057, 2,21:08:04,21:08:27,    23, 43.70, 42.80,  0.90
         0,     0, 1,21:08:28,21:08:35,     7, 32.90, 41.30, -8.40
  12706636,  7045, 2,21:08:52,21:09:33,    41, 42.80, 36.00,  6.80
         0,     0, 2,21:09:41,21:09:48,     7, 36.00, 43.80, -7.80
  13008839,     0, 8,21:09:22,21:11:16,   114, 37.00, 33.70,  3.30
         0,     0, 8,21:11:24,21:11:31,     7, 33.70, 41.10, -7.40
  11954027,  4057, 1,21:10:24,21:11:48,    84, 41.30, 22.20, 19.10
         0,     0, 1,21:11:56,21:12:14,    18, 22.20, 41.20,-19.00
  12448412,  6025, 1,21:12:49,21:12:50,     1, 41.20, 41.20,  0.00
  11954056,     0,10,21:11:27,21:13:03,    96, 41.10, 38.80,  2.30
         0,     0,10,21:13:11,21:13:13,     2, 38.80, 41.20, -2.40
  11954056,     0,10,21:13:42,21:14:47,    65, 38.20, 25.90, 12.30
         0,     0,10,21:14:55,21:15:11,    16, 25.90, 41.20,-15.30
  21306958,  5124,10,21:15:57,21:16:05,     8, 41.20, 41.10,  0.10
  12448412,  6025, 2,21:13:11,21:17:28,   257, 43.80, 33.90,  9.90
         0,     0, 2,21:17:36,21:17:45,     9, 33.90, 43.70, -9.80
  12448412,  6025, 2,21:18:27,21:19:23,    56, 43.80, 31.40, 12.40
         0,     0, 2,21:19:31,21:19:43,    12, 31.40, 43.80,-12.40
  11499202,     0, 7,20:58:06,21:20:39,  1353, 41.50, 30.80, 10.70
         0,     0, 7,21:20:46,21:20:52,     6, 30.80, 40.90,-10.10
  13008798,     0, 8,21:25:10,21:25:11,     1, 41.20, 41.20,  0.00
  13008798,     0, 8,21:25:34,21:25:41,     7, 41.20, 40.10,  1.10
  21268825,  6068, 1,21:25:43,21:25:53,    10, 41.20, 41.20,  0.00
  13008798,     0, 8,21:25:56,21:27:09,    73, 40.10, 26.30, 13.80
         0,     0, 8,21:27:17,21:27:32,    15, 26.30, 41.00,-14.70
  21268825,  6068, 2,21:25:58,21:27:38,   100, 43.90, 35.70,  8.20
         0,     0, 2,21:27:47,21:27:54,     7, 35.70, 43.80, -8.10
  12706655,  7064, 1,21:30:39,21:32:37,   118, 41.20, 37.70,  3.50
         0,     0, 1,21:32:44,21:32:46,     2, 37.70, 41.30, -3.60
  12706655,  7064, 1,21:33:32,21:34:38,    66, 41.30, 35.80,  5.50
         0,     0, 1,21:34:46,21:34:50,     4, 35.80, 41.20, -5.40
  12448471,  6084, 1,21:35:00,21:36:33,    93, 41.20, 25.10, 16.10
         0,     0, 1,21:36:42,21:36:57,    15, 25.10, 41.20,-16.10
  12200046,  5100, 4,21:36:34,21:37:23,    49, 43.40, 35.40,  8.00
         0,     0, 4,21:37:31,21:37:38,     7, 35.40, 43.30, -7.90
  12448479,  6092, 5,21:39:43,21:41:45,   122, 40.70, 33.10,  7.60
         0,     0, 5,21:41:52,21:41:59,     7, 33.10, 33.20, -0.10
  12448473,  6086, 1,21:41:13,21:42:38,    85, 41.30, 27.10, 14.20
         0,     0, 1,21:42:46,21:42:59,    13, 27.10, 41.20,-14.10
  13008835,     0, 8,21:42:57,21:47:18,   261, 41.00, 33.40,  7.60
         0,     0, 8,21:47:25,21:47:32,     7, 33.40, 41.10, -7.70
  12448451,  6064, 2,21:49:31,21:52:34,   183, 43.70, 43.40,  0.30
  12448451,  6064, 1,21:52:40,21:54:29,   109, 41.20, 24.50, 16.70
         0,     0, 1,21:54:38,21:54:54,    16, 24.50, 41.20,-16.70
  12706738,  7147, 2,21:53:58,21:56:18,   140, 43.40, 31.30, 12.10
         0,     0, 2,21:56:25,21:56:37,    12, 31.30, 43.80,-12.50
  12448432,  6045, 5,21:56:13,21:58:31,   138, 40.90, 31.80,  9.10
         0,     0, 5,21:58:38,21:58:46,     8, 31.80, 40.90, -9.10
  13008842,  8083, 3,22:04:44,22:06:36,   112, 44.50, 33.50, 11.00
         0,     0, 3,22:06:43,22:06:54,    11, 33.50, 33.50,  0.00
  12706719,  7128, 5,22:03:55,22:07:05,   190, 40.90, 26.40, 14.50
         0,     0, 5,22:07:13,22:07:26,    13, 26.40, 41.00,-14.60
  12706705,  7114, 3,22:12:54,22:14:01,    67, 46.50, 42.00,  4.50
         0,     0, 3,22:14:09,22:14:12,     3, 42.00, 42.30, -0.30
  12706659,  7068, 1,22:11:11,22:14:52,   221, 41.20, 32.60,  8.60
         0,     0, 1,22:15:00,22:15:08,     8, 32.60, 41.10, -8.50
  12706609,  7018, 8,22:14:48,22:15:48,    60, 41.10, 34.80,  6.30
         0,     0, 8,22:15:56,22:16:02,     6, 34.80, 41.00, -6.20
  12706669,  7078, 4,22:14:42,22:17:07,   145, 43.30, 32.70, 10.60
         0,     0, 4,22:17:16,22:17:26,    10, 32.70, 43.30,-10.60
  12200010,  5064, 2,22:19:13,22:20:09,    56, 43.80, 37.50,  6.30
         0,     0, 2,22:20:17,22:20:22,     5, 37.50, 43.80, -6.30
  12706624,  7033,10,22:19:00,22:20:41,   101, 41.00, 38.00,  3.00
         0,     0,10,22:20:49,22:20:51,     2, 38.00, 41.20, -3.20
  12706624,  7033,10,22:21:24,22:21:57,    33, 41.20, 39.30,  1.90
         0,     0,10,22:22:06,22:22:07,     1, 39.30, 41.20, -1.90
  12706624,  7033,10,22:22:41,22:23:04,    23, 41.20, 39.90,  1.30
         0,     0,10,22:23:13,22:23:13,     0, 39.90, 41.00, -1.10
  12706710,  7119, 1,22:20:47,22:23:35,   168, 41.20, 28.00, 13.20
         0,     0, 1,22:23:44,22:23:56,    12, 28.00, 41.30,-13.30
  12200010,  5064, 1,22:28:28,22:29:11,    43, 41.30, 33.50,  7.80
         0,     0, 1,22:29:19,22:29:26,     7, 33.50, 41.20, -7.70
  12448473,  6086, 2,22:31:34,22:32:30,    56, 43.80, 35.60,  8.20
         0,     0, 2,22:32:38,22:32:45,     7, 35.60, 43.70, -8.10
  12448483,  6096, 1,22:29:37,22:33:23,   226, 41.20, 18.00, 23.20
         0,     0, 1,22:33:31,22:33:53,    22, 18.00, 41.30,-23.30
  21268104,  6062, 5,22:32:41,22:34:52,   131, 40.80, 31.40,  9.40
         0,     0, 5,22:35:00,22:35:09,     9, 31.40, 41.00, -9.60
  11724159,     0, 8,22:37:49,22:37:56,     7, 40.40, 40.40,  0.00
  11724159,     0, 8,22:38:50,22:38:55,     5, 27.60, 27.60,  0.00
         0,     0, 8,22:39:03,22:39:17,    14, 27.60, 41.10,-13.50
  12706616,  7025, 3,22:40:26,22:41:59,    93, 46.70, 35.30, 11.40
         0,     0, 3,22:42:07,22:42:16,     9, 35.30, 35.30,  0.00
  12706705,  7114, 3,22:42:36,22:44:01,    85, 47.70, 40.10,  7.60
         0,     0, 3,22:44:08,22:44:13,     5, 40.10, 40.30, -0.20
  12706634,     0,10,22:45:19,22:47:25,   126, 40.90, 27.40, 13.50
         0,     0,10,22:47:34,22:47:48,    14, 27.40, 41.20,-13.80
  11954014,  4044, 5,22:50:36,22:51:14,    38, 40.90, 31.20,  9.70
         0,     0, 5,22:51:22,22:51:31,     9, 31.20, 41.00, -9.80
  12706642,  7051, 8,22:49:49,22:52:13,   144, 41.20, 31.40,  9.80
         0,     0, 8,22:52:21,22:52:31,    10, 31.40, 41.10, -9.70
  11724159,     0, 8,22:53:42,22:54:28,    46, 40.30, 36.00,  4.30
         0,     0, 8,22:54:36,22:54:41,     5, 36.00, 41.10, -5.10
  11953978,  4008, 4,23:02:02,23:03:38,    96, 43.30, 32.20, 11.10
         0,     0, 4,23:03:45,23:03:55,    10, 32.20, 43.30,-11.10
  13008858,     0, 8,23:02:00,23:04:22,   142, 41.00, 30.90, 10.10
         0,     0, 8,23:04:31,23:04:41,    10, 30.90, 41.10,-10.20
  12706622,     0, 7,22:20:58,23:05:24,  2666, 40.90, 30.00, 10.90
         0,     0, 7,23:05:32,23:05:39,     7, 30.00, 41.60,-11.60
  12706636,  7045, 4,23:06:31,23:08:03,    92, 43.40, 31.50, 11.90
         0,     0, 4,23:08:11,23:08:22,    11, 31.50, 43.30,-11.80
  11954050,  4080, 2,23:07:05,23:08:58,   113, 43.60, 33.90,  9.70
         0,     0, 2,23:09:06,23:09:15,     9, 33.90, 43.70, -9.80
  12706639,  7048, 3,23:06:00,23:10:24,   264, 46.60, 31.90, 14.70
         0,     0, 3,23:10:32,23:10:44,    12, 31.90, 46.30,-14.40
  11954027,  4057, 2,23:09:57,23:11:48,   111, 43.80, 27.00, 16.80
         0,     0, 2,23:11:56,23:12:13,    17, 27.00, 43.70,-16.70
  13008732,  7153, 2,23:12:36,23:13:52,    76, 43.80, 43.70,  0.10
  13008826,     0, 8,23:16:31,23:18:18,   107, 41.00, 32.30,  8.70
  13008732,  7153, 2,23:14:32,23:18:19,   227, 43.80, 26.80, 17.00
         0,     0, 8,23:18:27,23:18:36,     9, 32.30, 41.10, -8.80
         0,     0, 2,23:18:28,23:18:45,    17, 26.80, 43.70,-16.90
  12200010,  5064, 5,23:25:37,23:26:36,    59, 40.90, 29.10, 11.80
  13008816,     0, 8,23:26:30,23:26:44,    14, 41.00, 41.00,  0.00
         0,     0, 5,23:26:45,23:26:56,    11, 29.10, 41.00,-11.90
         0,     0, 8,23:29:10,23:29:21,    11, 30.60, 41.20,-10.60
  11954050,  4080, 2,23:32:14,23:32:26,    12, 43.70, 43.70,  0.00
  12448451,  6064, 1,23:29:45,23:33:10,   205, 41.30, 38.10,  3.20
         0,     0, 1,23:33:17,23:33:19,     2, 38.10, 41.30, -3.20
  13008835,     0, 8,23:34:36,23:34:46,    10, 41.20, 41.10,  0.10
  12706701,  7110, 2,23:32:53,23:35:13,   140, 43.70, 30.50, 13.20
         0,     0, 2,23:35:21,23:35:34,    13, 30.50, 43.80,-13.30
  13008835,     0, 8,23:36:27,23:36:30,     3, 41.00, 41.00,  0.00
  12199981,  5035, 1,23:36:08,23:36:34,    26, 41.30, 41.30,  0.00
  12199981,  5035, 2,23:36:42,23:37:31,    49, 43.80, 43.30,  0.50
  12706651,  7060, 3,23:35:53,23:38:02,   129, 46.40, 32.90, 13.50
         0,     0, 3,23:38:09,23:38:20,    11, 32.90, 32.90,  0.00
  12199981,  5035, 1,23:37:48,23:38:43,    55, 41.30, 33.30,  8.00
         0,     0, 1,23:38:51,23:38:58,     7, 33.30, 41.30, -8.00
  12706651,  7060, 4,23:38:58,23:39:18,    20, 43.30, 42.60,  0.70
  13008835,     0, 8,23:37:36,23:40:10,   154, 40.60, 35.70,  4.90
         0,     0, 8,23:40:18,23:40:23,     5, 35.70, 41.20, -5.50
  12448451,  6064, 2,23:39:35,23:41:08,    93, 43.30, 43.20,  0.10
  12448432,  6045, 5,23:40:05,23:43:13,   188, 40.90, 28.30, 12.60
         0,     0, 5,23:43:21,23:43:33,    12, 28.30, 41.00,-12.70
  13008835,     0, 7,23:33:40,23:44:53,   673, 41.60, 41.50,  0.10
         0,     0, 1,23:45:06,23:45:16,    10, 41.30, 41.30,  0.00
         0,     0, 2,23:45:06,23:45:16,    10, 43.20, 43.20,  0.00
         0,     0, 3,23:45:06,23:45:16,    10, 46.80, 46.80,  0.00
         0,     0, 4,23:45:06,23:45:16,    10, 42.50, 42.50,  0.00
         0,     0, 6,23:45:06,23:45:16,    10, 39.90, 39.90,  0.00
         0,     0, 5,23:45:06,23:45:16,    10, 41.00, 41.00,  0.00
         0,     0, 8,23:45:06,23:45:16,    10, 41.20, 41.20,  0.00
         0,     0, 9,23:45:06,23:45:16,    10, 41.00, 41.00,  0.00
         0,     0,10,23:45:06,23:45:16,    10, 41.10, 41.10,  0.00
