         0,     0, 6, 0:03:19, 0:03:29,    10, 41.40, 41.40,  0.00
         0,     0, 5, 0:03:19, 0:03:29,    10, 40.80, 40.80,  0.00
         0,     0, 7, 0:03:19, 0:03:29,    10, 38.40, 38.40,  0.00
         0,     0, 8, 0:03:19, 0:03:29,    10, 40.90, 40.90,  0.00
         0,     0, 9, 0:03:19, 0:03:29,    10, 34.70, 34.70,  0.00
         0,     0,10, 0:03:19, 0:03:29,    10, 40.30, 40.30,  0.00
         0,     0, 1, 0:03:19, 0:03:29,    10, 41.30, 41.30,  0.00
         0,     0, 2, 0:03:19, 0:03:29,    10, 43.90, 43.90,  0.00
         0,     0, 3, 0:03:19, 0:03:29,    10, 46.90, 46.90,  0.00
         0,     0, 4, 0:03:19, 0:03:29,    10, 43.20, 43.20,  0.00
  12199986,     0, 8, 0:15:39, 0:16:40,    61, 40.60, 30.10, 10.50
         0,     0, 8, 0:16:49, 0:17:00,    11, 30.10, 41.20,-11.10
  12706618,     0, 9, 0:24:57, 0:26:39,   102, 32.80, 25.40,  7.40
  13008756,  7115, 5, 0:25:42, 0:26:47,    65, 40.80, 26.70, 14.10
  11954014,  4044, 3, 0:26:08, 0:27:00,    52, 46.60, 29.60, 17.00
         0,     0, 9, 0:26:47, 0:27:08,    21, 25.40, 41.10,-15.70
         0,     0, 5, 0:26:55, 0:27:09,    14, 26.70, 40.70,-14.00
         0,     0, 3, 0:27:09, 0:27:23,    14, 29.60, 29.40,  0.20
  12706705,  7114, 3, 0:29:38, 0:34:15,   277, 46.90, 25.90, 21.00
         0,     0, 3, 0:34:24, 0:34:41,    17, 25.90, 25.70,  0.20
  12706686,  7095, 2, 0:36:30, 0:40:36,   246, 43.90, 28.30, 15.60
         0,     0, 2, 0:40:45, 0:40:59,    14, 28.30, 44.00,-15.70
  13323425,     0, 9, 0:44:43, 0:46:11,    88, 41.10, 39.80,  1.30
         0,     0, 9, 0:46:19, 0:46:20,     1, 39.80, 41.00, -1.20
  13323425,     0, 9, 0:46:40, 0:46:48,     8, 39.00, 38.90,  0.10
         0,     0, 9, 0:46:57, 0:46:59,     2, 38.90, 41.10, -2.20
  11954056,     0, 8, 0:49:14, 0:49:16,     2, 38.50, 38.50,  0.00
         0,     0, 8, 0:49:24, 0:49:26,     2, 38.50, 41.20, -2.70
  12706659,  7068, 3, 0:52:24, 0:52:32,     8, 47.00, 46.90,  0.10
  11954056,     0, 8, 0:53:59, 0:54:00,     1, 34.40, 34.40,  0.00
         0,     0, 8, 0:54:08, 0:54:15,     7, 34.40, 41.20, -6.80
  12706659,  7068, 4, 0:53:27, 0:55:39,   132, 43.60, 28.50, 15.10
         0,     0, 4, 0:55:46, 0:56:00,    14, 28.50, 43.40,-14.90
  12706616,  7025, 2, 0:55:38, 0:57:19,   101, 44.00, 28.30, 15.70
         0,     0, 2, 0:57:28, 0:57:42,    14, 28.30, 44.00,-15.70
  12706727,  7136, 4, 0:58:17, 1:00:09,   112, 43.50, 27.60, 15.90
         0,     0, 4, 1:00:17, 1:00:32,    15, 27.60, 43.40,-15.80
  12706637,  7046, 3, 0:58:41, 1:01:49,   188, 47.70, 30.70, 17.00
         0,     0, 3, 1:01:57, 1:02:10,    13, 30.70, 30.50,  0.20
  12706604,     0, 8, 1:00:29, 1:04:16,   227, 41.00, 26.70, 14.30
         0,     0, 8, 1:04:25, 1:04:40,    15, 26.70, 41.10,-14.40
  12200046,  5100, 2, 1:03:24, 1:05:08,   104, 44.00, 33.00, 11.00
         0,     0, 2, 1:05:16, 1:05:26,    10, 33.00, 44.00,-11.00
  11499161,  2051, 4, 1:19:13, 1:22:52,   219, 43.80, 26.80, 17.00
  12706686,  7095, 3, 1:22:28, 1:22:59,    31, 46.80, 45.10,  1.70
         0,     0, 4, 1:23:00, 1:23:16,    16, 26.80, 43.30,-16.50
  12706686,  7095, 4, 1:23:38, 1:24:47,    69, 43.60, 41.00,  2.60
  12200083,     0, 9, 1:24:45, 1:24:51,     6, 40.80, 40.80,  0.00
         0,     0, 4, 1:24:55, 1:24:57,     2, 41.00, 43.50, -2.50
  12200083,     0, 9, 1:25:18, 1:25:47,    29, 40.80, 38.70,  2.10
         0,     0, 9, 1:25:56, 1:25:58,     2, 38.70, 41.00, -2.30
  12200083,     0, 9, 1:26:51, 1:26:53,     2, 38.30, 38.30,  0.00
         0,     0, 9, 1:27:00, 1:27:03,     3, 38.30, 41.00, -2.70
  13008802,     0, 9, 1:31:05, 1:31:30,    25, 40.90, 40.90,  0.00
  13323427,     0, 8, 1:34:20, 1:34:22,     2, 41.00, 41.00,  0.00
  12706700,  7109, 5, 1:36:14, 1:36:57,    43, 40.80, 31.10,  9.70
         0,     0, 5, 1:37:04, 1:37:13,     9, 31.10, 40.90, -9.80
  13323427,     0, 8, 1:36:32, 1:44:04,   452, 40.80, 39.40,  1.40
         0,     0, 8, 1:44:12, 1:44:13,     1, 39.40, 41.00, -1.60
  12706669,  7078, 2, 1:42:59, 1:46:29,   210, 43.90, 30.10, 13.80
         0,     0, 2, 1:46:37, 1:46:50,    13, 30.10, 44.10,-14.00
  12706738,  7147, 5, 1:45:03, 1:48:05,   182, 40.80, 21.80, 19.00
         0,     0, 5, 1:48:12, 1:48:30,    18, 21.80, 40.90,-19.10
  11724159,     0, 6, 0:50:02, 1:58:41,  4119, 33.50, 30.70,  2.80
         0,     0, 6, 1:58:48, 1:58:58,    10, 30.70, 41.20,-10.50
  12448428,  6041, 2, 1:59:04, 1:59:08,     4, 44.10, 44.10,  0.00
  12448428,  6041, 1, 1:59:14, 2:00:22,    68, 41.30, 30.30, 11.00
         0,     0, 1, 2:00:29, 2:00:39,    10, 30.30, 41.20,-10.90
  12199981,  5035, 5, 1:59:51, 2:01:11,    80, 40.80, 25.10, 15.70
         0,     0, 5, 2:01:19, 2:01:34,    15, 25.10, 40.80,-15.70
  11954075,  4105, 1, 2:02:57, 2:05:15,   138, 41.20, 23.50, 17.70
         0,     0, 1, 2:05:23, 2:05:40,    17, 23.50, 41.30,-17.80
  13008742,  7163, 4, 2:09:15, 2:11:21,   126, 43.60, 27.00, 16.60
         0,     0, 4, 2:11:29, 2:11:44,    15, 27.00, 43.30,-16.30
  12448451,  6064, 4, 2:13:00, 2:14:27,    87, 43.40, 43.20,  0.20
  21268104,  6067, 5, 2:12:43, 2:15:51,   188, 40.80, 27.00, 13.80
         0,     0, 5, 2:15:58, 2:16:11,    13, 27.00, 40.90,-13.90
  12706710,  7119, 4, 2:16:17, 2:19:37,   200, 43.00, 26.90, 16.10
         0,     0, 4, 2:19:45, 2:20:01,    16, 26.90, 43.40,-16.50
  12448451,  6064, 2, 2:17:49, 2:23:53,   364, 44.10, 43.10,  1.00
  12448451,  6064, 1, 2:24:00, 2:25:44,   104, 41.30, 17.90, 23.40
         0,     0, 1, 2:25:52, 2:26:14,    22, 17.90, 41.30,-23.40
  21292347,  5120, 4, 2:26:35, 2:29:14,   159, 44.00, 31.30, 12.70
         0,     0, 4, 2:29:23, 2:29:34,    11, 31.30, 43.40,-12.10
  12448442,  6055, 6, 1:59:10, 2:38:45,  2375, 39.00, 39.00,  0.00
         0,     0, 6, 2:38:52, 2:38:53,     1, 39.00, 41.50, -2.50
  11954056,     0, 7, 0:45:19, 2:46:11,  7252, 30.40, 16.10, 14.30
         0,     0, 7, 2:46:19, 2:46:36,    17, 16.10, 16.20, -0.10
  12706650,  7059, 4, 2:48:30, 2:50:38,   128, 43.80, 35.50,  8.30
         0,     0, 4, 2:50:46, 2:50:54,     8, 35.50, 43.40, -7.90
  11954050,  4080, 2, 2:49:43, 2:51:02,    79, 43.10, 37.90,  5.20
         0,     0, 2, 2:51:10, 2:51:15,     5, 37.90, 44.10, -6.20
  11954050,  4080, 1, 2:51:37, 2:52:02,    25, 41.30, 39.90,  1.40
         0,     0, 1, 2:52:10, 2:52:10,     0, 39.90, 41.00, -1.10
  12200007,  5061, 4, 3:12:05, 3:13:53,   108, 43.60, 27.90, 15.70
         0,     0, 4, 3:14:02, 3:14:17,    15, 27.90, 43.30,-15.40
  12706726,  7135, 5, 3:28:44, 3:30:42,   118, 40.80, 26.80, 14.00
         0,     0, 5, 3:30:49, 3:31:02,    13, 26.80, 40.80,-14.00
  12706636,  7045, 4, 3:34:42, 3:35:34,    52, 44.20, 36.10,  8.10
         0,     0, 4, 3:35:42, 3:35:49,     7, 36.10, 43.30, -7.20
  12706651,  7060, 5, 3:38:12, 3:40:11,   119, 40.80, 30.40, 10.40
         0,     0, 5, 3:40:20, 3:40:30,    10, 30.40, 40.80,-10.40
  12448437,  6050, 7, 2:46:46, 3:53:53,  4027, 41.70, 33.20,  8.50
         0,     0, 7, 3:54:02, 3:54:07,     5, 33.20, 41.60, -8.40
  13008837,     0, 8, 3:54:17, 3:55:17,    60, 40.90, 40.90,  0.00
  12448477,  6090, 3, 3:53:36, 3:56:11,   155, 44.90, 39.90,  5.00
         0,     0, 3, 3:56:20, 3:56:25,     5, 39.90, 39.70,  0.20
  12448477,  6090, 3, 3:58:36, 3:59:41,    65, 46.80, 45.00,  1.80
  12706609,  7018, 8, 4:07:24, 4:07:26,     2, 40.80, 40.90, -0.10
  12706609,  7018, 8, 4:07:38, 4:07:39,     1, 40.80, 40.90, -0.10
  13008837,     0, 7, 3:55:37, 4:08:50,   793, 41.50, 41.50,  0.00
  12448416,  6029, 3, 4:22:54, 4:25:59,   185, 45.00, 21.30, 23.70
         0,     0, 3, 4:26:07, 4:26:29,    22, 21.30, 21.20,  0.10
  12706609,  7018, 8, 4:31:59, 4:32:04,     5, 40.90, 40.90,  0.00
  12706637,  7046, 3, 4:41:33, 4:44:12,   159, 46.80, 32.60, 14.20
         0,     0, 3, 4:44:20, 4:44:32,    12, 32.60, 32.90, -0.30
  13008835,     0, 6, 2:44:01, 5:19:40,  9339, 39.40, 35.30,  4.10
         0,     0, 6, 5:19:48, 5:19:53,     5, 35.30, 41.40, -6.10
  13008768,     0, 6, 5:20:10, 5:20:25,    15, 41.40, 41.40,  0.00
  12448449,  6062, 2, 6:02:50, 6:03:18,    28, 43.90, 43.70,  0.20
  12448449,  6062, 1, 6:03:22, 6:03:47,    25, 41.00, 40.30,  0.70
  12706616,  7025, 1, 6:04:25, 6:05:56,    91, 40.30, 25.60, 14.70
         0,     0, 1, 6:06:03, 6:06:17,    14, 25.60, 41.20,-15.60
  11953978,  4008, 1, 6:08:25, 6:10:08,   103, 41.20, 26.40, 14.80
         0,     0, 1, 6:10:16, 6:10:29,    13, 26.40, 41.20,-14.80
  12200042,  5096, 4, 6:10:35, 6:11:35,    60, 43.70, 41.10,  2.60
         0,     0, 4, 6:11:43, 6:11:45,     2, 41.10, 43.50, -2.40
  11954014,  4044, 3, 6:12:05, 6:12:27,    22, 47.10, 47.10,  0.00
  12448449,  6062, 1, 6:10:47, 6:12:29,   102, 41.30, 31.40,  9.90
  12706710,  7119, 2, 6:10:32, 6:12:32,   120, 43.60, 27.50, 16.10
         0,     0, 1, 6:12:37, 6:12:46,     9, 31.40, 41.20, -9.80
         0,     0, 2, 6:12:39, 6:12:55,    16, 27.50, 44.00,-16.50
  12448409,  6022, 1, 6:13:02, 6:15:33,   151, 41.30, 19.80, 21.50
         0,     0, 1, 6:15:42, 6:16:02,    20, 19.80, 41.30,-21.50
  11724239,  3139, 2, 6:14:15, 6:16:33,   138, 44.10, 43.40,  0.70
  11954014,  4044, 3, 6:17:03, 6:17:17,    14, 46.90, 46.90,  0.00
  12448449,  6062, 2, 6:18:34, 6:20:31,   117, 43.40, 33.40, 10.00
  11954014,  4044, 3, 6:20:10, 6:20:35,    25, 46.80, 44.90,  1.90
  11724239,  3139, 1, 6:16:40, 6:20:36,   236, 41.30, 24.40, 16.90
         0,     0, 2, 6:20:39, 6:20:49,    10, 33.40, 44.00,-10.60
         0,     0, 1, 6:20:43, 6:20:59,    16, 24.40, 41.20,-16.80
  11724239,  3139, 1, 6:21:11, 6:21:54,    43, 41.20, 36.80,  4.40
         0,     0, 1, 6:22:01, 6:22:04,     3, 36.80, 41.20, -4.40
  12200042,  5096, 4, 6:21:07, 6:22:46,    99, 43.90, 27.60, 16.30
         0,     0, 4, 6:22:54, 6:23:09,    15, 27.60, 43.40,-15.80
  12706650,  7059, 5, 6:32:36, 6:33:15,    39, 40.70, 34.50,  6.20
         0,     0, 5, 6:33:23, 6:33:29,     6, 34.50, 40.80, -6.30
  13008735,  7156, 1, 6:31:37, 6:33:34,   117, 41.30, 30.10, 11.20
         0,     0, 1, 6:33:41, 6:33:51,    10, 30.10, 41.20,-11.10
  12706651,  7060, 2, 6:33:06, 6:34:46,   100, 44.00, 38.00,  6.00
  12706707,  7116, 5, 6:33:50, 6:34:48,    58, 40.70, 32.20,  8.50
         0,     0, 2, 6:34:53, 6:34:58,     5, 38.00, 43.90, -5.90
         0,     0, 5, 6:34:57, 6:35:05,     8, 32.20, 40.80, -8.60
  13008735,  7156, 2, 6:35:21, 6:35:52,    31, 44.00, 42.20,  1.80
  12706686,  7095, 1, 6:34:02, 6:36:36,   154, 41.30, 23.90, 17.40
         0,     0, 1, 6:36:43, 6:36:59,    16, 23.90, 41.40,-17.50
  12706650,  7059, 4, 6:37:09, 6:38:04,    55, 44.00, 35.80,  8.20
         0,     0, 4, 6:38:12, 6:38:19,     7, 35.80, 43.40, -7.60
  12448473,  6086, 2, 6:41:35, 6:42:51,    76, 42.10, 31.30, 10.80
         0,     0, 2, 6:42:59, 6:43:10,    11, 31.30, 44.00,-12.70
  12200046,  5100, 1, 6:43:16, 6:44:25,    69, 41.40, 29.10, 12.30
         0,     0, 1, 6:44:32, 6:44:43,    11, 29.10, 41.20,-12.10
  12706707,  7116, 5, 6:46:57, 6:47:54,    57, 40.80, 40.30,  0.50
  21292347,  5120, 3, 6:44:01, 6:48:00,   239, 44.50, 31.20, 13.30
         0,     0, 3, 6:48:08, 6:48:21,    13, 31.20, 31.00,  0.20
  12706669,  7078, 3, 6:57:00, 6:58:55,   115, 46.80, 32.70, 14.10
  12448448,  6061, 4, 6:58:50, 6:59:04,    14, 43.60, 43.70, -0.10
  12448416,  6029, 1, 6:57:23, 6:59:09,   106, 41.20, 31.00, 10.20
         0,     0, 3, 6:59:02, 6:59:14,    12, 32.70, 32.90, -0.20
  11499161,  2051, 2, 6:57:52, 6:59:12,    80, 44.00, 41.40,  2.60
         0,     0, 2, 6:59:20, 6:59:21,     1, 41.40, 43.80, -2.40
         0,     0, 1, 6:59:16, 6:59:26,    10, 31.00, 41.20,-10.20
  11499161,  2051, 1, 6:59:37, 6:59:50,    13, 41.20, 39.00,  2.20
         0,     0, 1, 6:59:58, 6:59:59,     1, 39.00, 41.30, -2.30
  12448448,  6061, 4, 6:59:22, 7:01:32,   130, 43.70, 43.20,  0.50
  11499161,  2051, 2, 6:59:57, 7:01:35,    98, 43.80, 33.90,  9.90
         0,     0, 2, 7:01:43, 7:01:52,     9, 33.90, 43.90,-10.00
  11724109,  6068, 1, 7:00:10, 7:03:09,   179, 41.30, 25.20, 16.10
  21268825,  6087, 2, 7:02:03, 7:03:12,    69, 43.90, 41.40,  2.50
         0,     0, 2, 7:03:21, 7:03:22,     1, 41.40, 43.80, -2.40
         0,     0, 1, 7:03:17, 7:03:33,    16, 25.20, 41.20,-16.00
  21268825,  6087, 2, 7:04:10, 7:05:38,    88, 43.80, 27.00, 16.80
         0,     0, 2, 7:05:46, 7:06:02,    16, 27.00, 44.00,-17.00
  12448448,  6061, 4, 7:01:45, 7:06:16,   271, 43.30, 21.20, 22.10
         0,     0, 4, 7:06:24, 7:06:45,    21, 21.20, 21.20,  0.00
  12448428,  6041, 1, 7:07:47, 7:09:30,   103, 41.20, 23.80, 17.40
         0,     0, 1, 7:09:37, 7:09:53,    16, 23.80, 41.20,-17.40
  12448483,  6096, 5, 7:10:29, 7:14:01,   212, 40.40, 18.10, 22.30
         0,     0, 5, 7:14:09, 7:14:31,    22, 18.10, 40.80,-22.70
  12448473,  6086, 2, 7:16:49, 7:18:03,    74, 44.00, 32.40, 11.60
         0,     0, 2, 7:18:11, 7:18:21,    10, 32.40, 43.90,-11.50
  12706705,  7114, 3, 7:15:35, 7:18:39,   184, 46.70, 38.00,  8.70
         0,     0, 3, 7:18:47, 7:18:54,     7, 38.00, 46.10, -8.10
  12706686,  7095, 3, 7:19:04, 7:19:11,     7, 46.70, 46.40,  0.30
  12706705,  7114, 4, 7:18:57, 7:19:17,    20, 44.00, 41.60,  2.40
         0,     0, 4, 7:19:25, 7:19:26,     1, 41.60, 43.60, -2.00
  12706686,  7095, 1, 7:20:33, 7:20:35,     2, 41.20, 41.20,  0.00
  12706705,  7114, 3, 7:19:35, 7:20:41,    66, 46.40, 37.50,  8.90
         0,     0, 3, 7:20:49, 7:20:56,     7, 37.50, 37.30,  0.20
  11954050,  4080, 2, 7:19:35, 7:21:09,    94, 43.90, 41.90,  2.00
         0,     0, 2, 7:21:18, 7:21:18,     0, 41.90, 43.80, -1.90
  11954050,  4080, 2, 7:21:28, 7:22:36,    68, 43.70, 37.90,  5.80
         0,     0, 2, 7:22:44, 7:22:50,     6, 37.90, 43.90, -6.00
  11954050,  4080, 2, 7:23:00, 7:23:31,    31, 43.80, 38.10,  5.70
         0,     0, 2, 7:23:39, 7:23:44,     5, 38.10, 43.80, -5.70
  12706686,  7095, 1, 7:23:48, 7:24:54,    66, 41.20, 27.90, 13.30
         0,     0, 1, 7:25:03, 7:25:15,    12, 27.90, 41.30,-13.40
  21268104,  6067, 2, 7:42:19, 7:42:33,    14, 43.80, 43.70,  0.10
  21268104,  6067, 2, 7:42:44, 7:45:10,   146, 43.70, 28.30, 15.40
         0,     0, 2, 7:45:19, 7:45:34,    15, 28.30, 43.90,-15.60
  12706639,  7048, 2, 7:56:43, 7:57:23,    40, 44.00, 43.70,  0.30
  12706639,  7048, 1, 7:58:02, 7:59:53,   111, 41.30, 26.80, 14.50
         0,     0, 1, 8:00:00, 8:00:13,    13, 26.80, 41.20,-14.40
  12448479,  6092, 2, 7:57:38, 8:00:35,   177, 43.70, 19.40, 24.30
         0,     0, 2, 8:00:44, 8:01:08,    24, 19.40, 43.90,-24.50
  12448483,  6096, 3, 7:58:10, 8:01:20,   190, 46.60, 25.00, 21.60
         0,     0, 3, 8:01:28, 8:01:46,    18, 25.00, 24.80,  0.20
  12706707,  7116, 2, 8:11:39, 8:13:13,    94, 44.00, 36.10,  7.90
         0,     0, 2, 8:13:20, 8:13:27,     7, 36.10, 44.00, -7.90
  12706636,  7045, 1, 8:14:56, 8:16:44,   108, 41.20, 27.50, 13.70
         0,     0, 1, 8:16:52, 8:17:05,    13, 27.50, 41.30,-13.80
  12448449,  6062, 2, 8:22:51, 8:25:02,   131, 44.00, 34.10,  9.90
         0,     0, 2, 8:25:09, 8:25:17,     8, 34.10, 44.00, -9.90
  11724178,     0,10, 8:27:04, 8:27:10,     6, 34.80, 34.70,  0.10
  21268104,  6067, 5, 8:25:47, 8:27:21,    94, 40.80, 34.40,  6.40
         0,     0,10, 8:27:19, 8:27:25,     6, 34.70, 41.30, -6.60
         0,     0, 5, 8:27:28, 8:27:34,     6, 34.40, 40.60, -6.20
  11724178,     0, 9, 8:27:50, 8:28:01,    11, 36.80, 36.80,  0.00
         0,     0, 9, 8:28:08, 8:28:13,     5, 36.80, 41.00, -4.20
  11724178,     0, 9, 8:28:24, 8:29:03,    39, 41.00, 40.90,  0.10
  12448409,  6022, 1, 8:26:52, 8:30:03,   191, 41.30, 21.20, 20.10
  11724178,     0, 9, 8:30:01, 8:30:06,     5, 40.60, 40.60,  0.00
  12706609,  7018, 7, 4:09:00, 8:30:24, 15684, 41.30, 36.00,  5.30
         0,     0, 1, 8:30:10, 8:30:29,    19, 21.20, 41.30,-20.10
         0,     0, 7, 8:30:33, 8:30:36,     3, 36.00, 36.10, -0.10
  11724178,     0, 9, 8:30:32, 8:30:44,    12, 40.50, 40.50,  0.00
  11724178,     0, 9, 8:31:21, 8:31:22,     1, 40.30, 40.30,  0.00
  11724178,     0, 9, 8:31:58, 8:32:00,     2, 40.10, 40.20, -0.10
  11724178,     0, 9, 8:32:51, 8:33:03,    12, 39.80, 39.40,  0.40
         0,     0, 9, 8:33:10, 8:33:11,     1, 39.40, 41.10, -1.70
  13008815,     0, 7, 8:33:30, 8:35:22,   112, 41.60, 41.20,  0.40
  13323434,     0, 9, 8:35:32, 8:35:48,    16, 34.20, 33.90,  0.30
         0,     0, 9, 8:35:55, 8:36:04,     9, 33.90, 41.10, -7.20
  13323434,     0, 9, 8:36:16, 8:36:49,    33, 41.10, 40.30,  0.80
  13323416,     0,10, 8:36:02, 8:36:55,    53, 41.30, 40.70,  0.60
  13323434,     0, 9, 8:37:08, 8:37:19,    11, 40.30, 39.90,  0.40
         0,     0, 9, 8:37:26, 8:37:27,     1, 39.90, 40.90, -1.00
  13323434,     0, 9, 8:37:39, 8:37:42,     3, 40.40, 40.40,  0.00
  13323434,     0, 9, 8:38:06, 8:38:09,     3, 39.50, 39.50,  0.00
         0,     0, 9, 8:38:16, 8:38:17,     1, 39.50, 40.90, -1.40
  13323434,     0, 9, 8:38:41, 8:39:10,    29, 39.30, 37.00,  2.30
         0,     0, 9, 8:39:18, 8:39:23,     5, 37.00, 41.00, -4.00
  13323416,     0,10, 8:38:29, 8:39:22,    53, 40.60, 40.00,  0.60
  11499202,     0, 6, 8:19:03, 8:41:57,  1374, 41.50, 35.60,  5.90
         0,     0, 6, 8:42:05, 8:42:10,     5, 35.60, 41.60, -6.00
  12448471,  6084, 3, 8:43:06, 8:45:17,   131, 46.90, 27.80, 19.10
         0,     0, 3, 8:45:25, 8:45:41,    16, 27.80, 27.70,  0.10
  13323425,     0, 9, 8:47:51, 8:48:27,    36, 40.60, 40.10,  0.50
  13323425,     0, 9, 8:48:43, 8:49:00,    17, 40.10, 38.40,  1.70
         0,     0, 9, 8:49:09, 8:49:12,     3, 38.40, 41.00, -2.60
  13323425,     0, 9, 8:49:45, 8:49:47,     2, 39.70, 39.70,  0.00
         0,     0, 9, 8:49:54, 8:49:55,     1, 39.70, 40.90, -1.20
  13008797,     0, 6, 8:44:54, 8:51:53,   419, 24.50, 24.40,  0.10
         0,     0, 6, 8:52:01, 8:52:17,    16, 24.40, 24.60, -0.20
  12199981,  5035, 1, 8:52:02, 8:53:33,    91, 41.30, 23.00, 18.30
         0,     0, 1, 8:53:41, 8:53:58,    17, 23.00, 41.20,-18.20
  12706659,  7068, 2, 8:53:27, 8:57:33,   246, 43.90, 27.40, 16.50
         0,     0, 2, 8:57:41, 8:57:56,    15, 27.40, 44.00,-16.60
  12448415,     0, 7, 8:53:01, 9:00:43,   462, 41.20, 31.00, 10.20
         0,     0, 7, 9:00:50, 9:00:56,     6, 31.00, 31.00,  0.00
  13008742,  7163, 1, 9:01:15, 9:02:08,    53, 41.30, 41.00,  0.30
  12199988,  5042, 4, 9:04:24, 9:06:33,   129, 43.30, 25.50, 17.80
         0,     0, 4, 9:06:41, 9:06:58,    17, 25.50, 43.30,-17.80
  13008756,  7115, 1, 9:06:17, 9:07:06,    49, 41.00, 40.90,  0.10
  13008742,  7163, 1, 9:07:24, 9:09:37,   133, 40.90, 25.80, 15.10
  11954014,  4044, 3, 9:09:43, 9:09:55,    12, 46.70, 47.00, -0.30
         0,     0, 1, 9:09:46, 9:10:01,    15, 25.80, 41.30,-15.50
  12448477,  6090, 4, 9:08:11, 9:10:06,   115, 43.90, 36.10,  7.80
  12448479,  6092, 2, 9:07:48, 9:10:09,   141, 44.00, 28.20, 15.80
         0,     0, 4, 9:10:13, 9:10:20,     7, 36.10, 43.40, -7.30
         0,     0, 2, 9:10:17, 9:10:31,    14, 28.20, 44.00,-15.80
  12448477,  6090, 4, 9:10:45, 9:11:04,    19, 43.40, 39.50,  3.90
         0,     0, 4, 9:11:11, 9:11:14,     3, 39.50, 43.30, -3.80
  13008802,     0, 9, 9:11:30, 9:11:52,    22, 35.40, 35.20,  0.20
         0,     0, 9, 9:12:01, 9:12:08,     7, 35.20, 41.10, -5.90
  12448477,  6090, 3, 9:12:36, 9:13:09,    33, 46.70, 42.50,  4.20
         0,     0, 3, 9:13:18, 9:13:21,     3, 42.50, 46.30, -3.80
  13008756,  7115, 4, 9:11:30, 9:13:27,   117, 43.30, 20.10, 23.20
  13008802,     0, 9, 9:12:56, 9:13:35,    39, 39.80, 35.10,  4.70
         0,     0, 9, 9:13:43, 9:13:51,     8, 35.10, 40.90, -5.80
         0,     0, 4, 9:13:36, 9:14:00,    24, 20.10, 20.20, -0.10
  12706700,  7109, 3, 9:16:39, 9:17:49,    70, 46.30, 34.50, 11.80
         0,     0, 3, 9:17:56, 9:18:07,    11, 34.50, 34.90, -0.40
  11954014,  4044, 3, 9:19:37, 9:20:53,    76, 46.50, 26.60, 19.90
         0,     0, 3, 9:21:01, 9:21:20,    19, 26.60, 46.20,-19.60
  11954014,  4044, 3, 9:22:09, 9:23:02,    53, 46.60, 40.40,  6.20
         0,     0, 3, 9:23:09, 9:23:13,     4, 40.40, 40.70, -0.30
  12706700,  7109, 5, 9:23:12, 9:23:38,    26, 40.60, 35.60,  5.00
         0,     0, 5, 9:23:46, 9:23:51,     5, 35.60, 40.90, -5.30
  12199969,     0, 9, 9:21:50, 9:24:12,   142, 40.90, 39.60,  1.30
         0,     0, 9, 9:24:19, 9:24:20,     1, 39.60, 41.10, -1.50
  12199969,     0, 9, 9:25:07, 9:25:09,     2, 36.80, 36.80,  0.00
         0,     0, 9, 9:25:17, 9:25:22,     5, 36.80, 41.10, -4.30
  13008815,     0, 7, 9:01:06, 9:25:20,  1454, 31.00, 26.30,  4.70
         0,     0, 7, 9:25:28, 9:25:38,    10, 26.30, 41.80,-15.50
  13008820,     0, 8, 9:27:43, 9:29:13,    90, 41.00, 40.30,  0.70
  12448471,  6084, 3, 9:27:56, 9:29:37,   101, 46.70, 33.80, 12.90
         0,     0, 3, 9:29:45, 9:29:55,    10, 33.80, 33.60,  0.20
  13323435,     0,10, 9:28:18, 9:30:46,   148, 39.80, 32.70,  7.10
  12706726,  7135, 5, 9:28:35, 9:30:51,   136, 40.90, 26.10, 14.80
         0,     0,10, 9:30:55, 9:31:04,     9, 32.70, 41.20, -8.50
         0,     0, 5, 9:31:00, 9:31:14,    14, 26.10, 40.80,-14.70
  13008820,     0, 8, 9:31:18, 9:31:46,    28, 38.50, 38.10,  0.40
         0,     0, 8, 9:31:54, 9:31:56,     2, 38.10, 41.10, -3.00
  12706615,     0, 9, 9:33:39, 9:34:13,    34, 41.10, 41.00,  0.10
  12706615,     0, 9, 9:34:26, 9:34:37,    11, 41.00, 41.00,  0.00
  12448451,  6064, 1, 9:33:01, 9:35:09,   128, 41.30, 41.10,  0.20
  12448451,  6064, 2, 9:35:18, 9:35:38,    20, 44.10, 43.90,  0.20
  12706615,     0, 9, 9:34:48, 9:35:48,    60, 41.00, 40.90,  0.10
  12448451,  6064, 1, 9:35:50, 9:36:43,    53, 41.10, 41.00,  0.10
  12706601,     0,10, 9:36:16, 9:38:13,   117, 41.20, 27.20, 14.00
  12706615,     0, 9, 9:36:24, 9:38:33,   129, 40.90, 31.90,  9.00
  13008779,     0, 7, 9:27:43, 9:38:33,   650, 41.80, 35.50,  6.30
         0,     0,10, 9:38:22, 9:38:37,    15, 27.20, 41.20,-14.00
         0,     0, 7, 9:38:41, 9:38:44,     3, 35.50, 41.70, -6.20
         0,     0, 9, 9:38:41, 9:38:53,    12, 31.90, 41.10, -9.20
  12448451,  6064, 2, 9:36:56, 9:39:14,   138, 44.00, 23.70, 20.30
  13008820,     0, 8, 9:39:24, 9:39:26,     2, 40.60, 40.70, -0.10
         0,     0, 2, 9:39:21, 9:39:40,    19, 23.70, 44.00,-20.30
  12199986,     0, 7, 9:38:55, 9:40:07,    72, 41.60, 39.90,  1.70
         0,     0, 7, 9:40:14, 9:40:14,     0, 39.90, 40.90, -1.00
  12706637,  7046, 2, 9:40:09, 9:40:13,     4, 44.00, 44.10, -0.10
  11724109,  6068, 2, 9:40:38, 9:40:58,    20, 44.00, 43.90,  0.10
  13008765,     0, 9, 9:46:58, 9:49:05,   127, 40.70, 33.80,  6.90
         0,     0, 9, 9:49:14, 9:49:23,     9, 33.80, 41.00, -7.20
  11724178,     0, 9, 9:51:21, 9:51:31,    10, 41.00, 41.00,  0.00
  11724178,     0, 9, 9:51:50, 9:52:00,    10, 41.00, 40.90,  0.10
  11724178,     0, 9, 9:52:14, 9:52:31,    17, 40.80, 40.80,  0.00
  11724178,     0, 9, 9:52:42, 9:52:47,     5, 40.80, 40.70,  0.10
  11954075,  4105, 2, 9:51:48, 9:53:12,    84, 43.90, 27.50, 16.40
  12199986,     0, 8, 9:52:27, 9:53:27,    60, 39.50, 30.60,  8.90
         0,     0, 2, 9:53:19, 9:53:34,    15, 27.50, 44.00,-16.50
         0,     0, 8, 9:53:34, 9:53:45,    11, 30.60, 41.20,-10.60
  11724178,     0, 9, 9:53:44, 9:53:46,     2, 40.60, 40.70, -0.10
  11724178,     0, 9, 9:53:58, 9:54:32,    34, 40.70, 40.50,  0.20
  13008820,     0, 7, 9:40:43, 9:54:58,   855, 40.90, 38.60,  2.30
         0,     0, 7, 9:55:05, 9:55:06,     1, 38.60, 41.40, -2.80
  13008742,  7163, 2, 9:53:44, 9:55:50,   126, 43.90, 33.10, 10.80
         0,     0, 2, 9:55:58, 9:56:08,    10, 33.10, 44.00,-10.90
  11724178,     0, 9, 9:55:24, 9:56:44,    80, 40.40, 40.10,  0.30
  11724178,     0, 9, 9:56:59, 9:57:15,    16, 40.10, 40.00,  0.10
  11724178,     0, 9, 9:57:34, 9:58:31,    57, 40.00, 39.80,  0.20
         0,     0, 9, 9:58:39, 9:58:40,     1, 39.80, 40.90, -1.10
  11724178,     0, 9, 9:58:53, 9:59:04,    11, 40.90, 40.80,  0.10
  11724178,     0, 9, 9:59:26,10:01:00,    94, 40.80, 40.40,  0.40
  11724178,     0, 9,10:01:36,10:02:10,    34, 40.50, 40.30,  0.20
  12448420,     0,10,10:01:28,10:02:44,    76, 41.20, 38.90,  2.30
  11724178,     0, 9,10:02:29,10:02:47,    18, 40.30, 39.40,  0.90
         0,     0,10,10:02:53,10:02:54,     1, 38.90, 40.80, -1.90
         0,     0, 9,10:02:56,10:02:57,     1, 39.40, 41.10, -1.70
  13008762,     0, 6, 8:52:27,10:03:29,  4262, 41.60, 28.60, 13.00
         0,     0, 6,10:03:37,10:03:49,    12, 28.60, 41.30,-12.70
  12448420,     0,10,10:03:55,10:03:58,     3, 34.90, 34.90,  0.00
         0,     0,10,10:04:07,10:04:13,     6, 34.90, 41.10, -6.20
  12706726,  7135, 5,10:10:15,10:11:49,    94, 40.80, 32.80,  8.00
         0,     0, 5,10:11:57,10:12:04,     7, 32.80, 40.90, -8.10
  12706738,  7147, 2,10:15:35,10:17:42,   127, 44.00, 36.40,  7.60
         0,     0, 2,10:17:50,10:17:56,     6, 36.40, 44.00, -7.60
  13008768,     0, 6,10:14:15,10:21:12,   417, 29.40, 29.40,  0.00
         0,     0, 6,10:21:19,10:21:30,    11, 29.40, 41.50,-12.10
  13008768,     0, 6,10:21:58,10:22:03,     5, 41.50, 41.40,  0.10
  12706710,  7119, 2,10:19:52,10:22:39,   167, 44.00, 23.50, 20.50
         0,     0, 2,10:22:47,10:23:07,    20, 23.50, 43.90,-20.40
  11724109,  6068, 1,10:21:59,10:23:39,   100, 41.00, 37.10,  3.90
  12706636,  7045, 5,10:21:44,10:23:42,   118, 40.80, 28.00, 12.80
  13008762,     0, 6,10:22:12,10:23:42,    90, 41.40, 33.10,  8.30
         0,     0, 1,10:23:47,10:23:50,     3, 37.10, 41.20, -4.10
  12706710,  7119, 2,10:23:18,10:23:54,    36, 44.00, 39.20,  4.80
         0,     0, 6,10:23:50,10:23:58,     8, 33.10, 41.40, -8.30
         0,     0, 5,10:23:49,10:24:01,    12, 28.00, 40.70,-12.70
         0,     0, 2,10:24:01,10:24:04,     3, 39.20, 44.00, -4.80
  11724109,  6068, 1,10:24:15,10:26:19,   124, 41.20, 24.40, 16.80
  12706727,  7136, 2,10:24:21,10:26:35,   134, 44.00, 25.90, 18.10
         0,     0, 1,10:26:26,10:26:42,    16, 24.40, 41.20,-16.80
         0,     0, 2,10:26:43,10:27:01,    18, 25.90, 44.00,-18.10
  13008732,  7153, 3,10:26:03,10:28:39,   156, 47.20, 24.10, 23.10
         0,     0, 3,10:28:46,10:29:05,    19, 24.10, 24.00,  0.10
  13008768,     0, 6,10:24:12,10:31:11,   419, 41.40, 19.70, 21.70
  12200007,  5061, 1,10:29:01,10:31:23,   142, 41.20, 22.60, 18.60
         0,     0, 6,10:31:19,10:31:40,    21, 19.70, 19.80, -0.10
         0,     0, 1,10:31:30,10:31:48,    18, 22.60, 41.30,-18.70
  13008800,     0, 8,10:35:55,10:36:10,    15, 37.60, 37.70, -0.10
         0,     0, 8,10:36:18,10:36:21,     3, 37.70, 41.10, -3.40
  13008837,     0, 8,10:41:33,10:41:35,     2, 41.10, 41.20, -0.10
  13008837,     0, 8,10:42:07,10:42:31,    24, 41.20, 41.10,  0.10
  13008837,     0, 8,10:43:03,10:43:14,    11, 41.10, 41.10,  0.00
  13008735,  7156, 2,10:40:59,10:44:21,   202, 44.00, 29.60, 14.40
         0,     0, 2,10:44:28,10:44:41,    13, 29.60, 44.00,-14.40
  12706738,  7147, 1,10:40:59,10:44:49,   230, 41.30, 29.30, 12.00
  12448416,  6029, 4,10:42:28,10:44:51,   143, 44.30, 27.30, 17.00
         0,     0, 1,10:44:56,10:45:07,    11, 29.30, 41.20,-11.90
         0,     0, 4,10:44:59,10:45:14,    15, 27.30, 27.30,  0.00
  13008837,     0, 8,10:44:49,10:45:17,    28, 41.10, 41.10,  0.00
  13008837,     0, 8,10:45:30,10:45:38,     8, 41.10, 41.10,  0.00
  12706651,  7060, 4,10:45:35,10:48:19,   164, 43.10, 26.00, 17.10
         0,     0, 4,10:48:26,10:48:43,    17, 26.00, 43.40,-17.40
  11724239,  3139, 2,10:46:38,10:51:14,   276, 44.00, 31.30, 12.70
         0,     0, 2,10:51:22,10:51:33,    11, 31.30, 44.00,-12.70
  21268104,  6067, 5,10:56:08,10:56:28,    20, 40.80, 40.80,  0.00
  12706624,  7033, 6,10:32:08,10:57:09,  1501, 41.30, 33.50,  7.80
         0,     0, 6,10:57:16,10:57:23,     7, 33.50, 41.50, -8.00
  12706701,  7110, 2,10:53:14,10:57:26,   252, 44.00, 26.80, 17.20
         0,     0, 2,10:57:34,10:57:50,    16, 26.80, 44.00,-17.20
  13008833,     0, 6,10:57:40,11:01:05,   205, 41.50, 25.40, 16.10
         0,     0, 6,11:01:12,11:01:25,    13, 25.40, 25.50, -0.10
  12706686,  7095, 2,11:00:11,11:01:51,   100, 44.10, 33.20, 10.90
         0,     0, 2,11:01:59,11:02:09,    10, 33.20, 44.00,-10.80
  12706634,     0, 8,11:01:31,11:03:07,    96, 41.10, 26.90, 14.20
         0,     0, 8,11:03:15,11:03:30,    15, 26.90, 41.20,-14.30
  13323427,     0, 8,11:03:50,11:04:49,    59, 41.20, 41.20,  0.00
  12706655,  7064, 1,11:04:58,11:08:52,   234, 41.20, 23.50, 17.70
         0,     0, 1,11:09:01,11:09:17,    16, 23.50, 41.20,-17.70
  13323427,     0, 8,11:07:57,11:09:17,    80, 40.60, 35.30,  5.30
         0,     0, 8,11:09:25,11:09:31,     6, 35.30, 41.10, -5.80
  13008837,     0, 7,10:41:39,11:09:29,  1670, 41.40, 39.60,  1.80
         0,     0, 7,11:09:37,11:09:38,     1, 39.60, 41.20, -1.60
  12200048,     0, 8,11:10:03,11:10:14,    11, 41.10, 41.10,  0.00
  13323427,     0, 7,11:10:05,11:13:29,   204, 39.10, 39.10,  0.00
         0,     0, 7,11:13:37,11:13:38,     1, 39.10, 41.40, -2.30
  13008735,  7156, 1,11:13:53,11:14:54,    61, 41.20, 36.70,  4.50
         0,     0, 1,11:15:02,11:15:05,     3, 36.70, 41.30, -4.60
  12706609,  7018, 8,11:17:19,11:17:24,     5, 41.10, 41.20, -0.10
  12706609,  7018, 8,11:17:42,11:18:11,    29, 41.10, 41.10,  0.00
  13323416,     0,10,11:17:07,11:18:56,   109, 40.80, 27.10, 13.70
  13008820,     0, 8,11:18:53,11:19:12,    19, 41.10, 41.10,  0.00
         0,     0,10,11:19:04,11:19:19,    15, 27.10, 41.20,-14.10
  12448437,  6050, 7,11:14:07,11:19:27,   320, 41.40, 41.30,  0.10
  13008820,     0, 7,11:19:47,11:19:56,     9, 41.20, 41.20,  0.00
  13008820,     0, 8,11:20:21,11:20:24,     3, 41.00, 41.10, -0.10
  13323434,     0, 9,11:21:00,11:21:11,    11, 41.00, 40.90,  0.10
  13008820,     0, 8,11:20:48,11:21:22,    34, 41.10, 41.10,  0.00
  13323434,     0, 9,11:21:31,11:21:40,     9, 41.00, 40.70,  0.30
  13323434,     0, 9,11:21:57,11:22:07,    10, 40.70, 40.30,  0.40
  13323434,     0, 9,11:22:19,11:22:46,    27, 40.10, 39.50,  0.60
         0,     0, 9,11:22:54,11:22:55,     1, 39.50, 41.10, -1.60
  13323434,     0, 9,11:23:05,11:23:09,     4, 40.40, 40.30,  0.10
  13323434,     0, 9,11:23:25,11:23:26,     1, 39.90, 39.90,  0.00
         0,     0, 9,11:23:34,11:23:34,     0, 39.90, 40.90, -1.00
  12448420,     0, 9,11:23:47,11:23:53,     6, 40.90, 40.90,  0.00
  12200042,  5096, 3,11:22:07,11:24:07,   120, 47.10, 28.30, 18.80
         0,     0, 3,11:24:16,11:24:32,    16, 28.30, 28.20,  0.10
  13008786,     0, 7,11:22:27,11:26:25,   238, 26.70, 26.20,  0.50
  12448420,     0, 9,11:24:03,11:26:33,   150, 40.90, 35.90,  5.00
         0,     0, 7,11:26:33,11:26:43,    10, 26.20, 41.30,-15.10
         0,     0, 9,11:26:42,11:26:48,     6, 35.90, 41.10, -5.20
  13008797,     0, 6,11:01:40,11:27:52,  1572, 38.90, 30.50,  8.40
         0,     0, 6,11:28:00,11:28:10,    10, 30.50, 30.50,  0.00
  12448420,     0, 9,11:28:12,11:28:40,    28, 41.10, 40.30,  0.80
  13008820,     0, 7,11:27:25,11:29:54,   149, 40.80, 38.50,  2.30
         0,     0, 7,11:30:02,11:30:03,     1, 38.50, 41.60, -3.10
  13323434,     0, 9,11:30:31,11:30:33,     2, 39.90, 39.90,  0.00
         0,     0, 9,11:30:41,11:30:42,     1, 39.90, 40.90, -1.00
  13323434,     0, 9,11:31:09,11:31:12,     3, 40.40, 40.40,  0.00
  13323434,     0, 9,11:31:45,11:31:53,     8, 40.40, 39.90,  0.50
         0,     0, 9,11:32:01,11:32:02,     1, 39.90, 40.90, -1.00
  13323434,     0, 9,11:32:25,11:32:29,     4, 40.30, 40.40, -0.10
  13323434,     0, 9,11:32:55,11:33:11,    16, 39.70, 38.90,  0.80
         0,     0, 9,11:33:18,11:33:20,     2, 38.90, 41.10, -2.20
  12706624,  7033, 6,11:28:20,11:33:33,   313, 41.40, 33.80,  7.60
         0,     0, 6,11:33:41,11:33:48,     7, 33.80, 41.50, -7.70
  13323434,     0, 9,11:34:26,11:34:30,     4, 39.30, 39.30,  0.00
         0,     0, 9,11:34:38,11:34:40,     2, 39.30, 41.10, -1.80
  12706609,  7018, 8,11:33:23,11:34:51,    88, 41.00, 35.10,  5.90
  11954050,  4080, 2,11:33:37,11:34:54,    77, 44.00, 41.30,  2.70
         0,     0, 2,11:35:02,11:35:03,     1, 41.30, 43.70, -2.40
         0,     0, 8,11:34:59,11:35:05,     6, 35.10, 41.20, -6.10
  13323434,     0, 9,11:35:02,11:35:03,     1, 39.70, 39.70,  0.00
         0,     0, 9,11:35:12,11:35:13,     1, 39.70, 41.00, -1.30
  11954050,  4080, 2,11:35:13,11:35:24,    11, 43.80, 42.20,  1.60
  12448442,  6055, 6,11:34:13,11:35:42,    89, 39.50, 35.40,  4.10
         0,     0, 6,11:35:50,11:35:55,     5, 35.40, 35.50, -0.10
  12200085,     0,10,11:35:54,11:36:37,    43, 41.20, 37.30,  3.90
         0,     0,10,11:36:46,11:36:49,     3, 37.30, 41.20, -3.90
  11954050,  4080, 2,11:35:34,11:37:00,    86, 42.20, 26.50, 15.70
         0,     0, 2,11:37:08,11:37:24,    16, 26.50, 43.90,-17.40
  12448437,  6050, 7,11:30:13,11:37:54,   461, 41.50, 29.80, 11.70
         0,     0, 7,11:38:02,11:38:09,     7, 29.80, 30.10, -0.30
  13008737,     0, 8,11:39:48,11:39:54,     6, 41.20, 41.20,  0.00
  13008792,     0, 7,11:38:23,11:40:09,   106, 41.60, 41.50,  0.10
  13008737,     0, 8,11:40:56,11:41:03,     7, 41.20, 41.20,  0.00
  13008737,     0, 7,11:40:25,11:41:06,    41, 41.40, 41.30,  0.10
  13008737,     0, 8,11:41:13,11:43:32,   139, 41.20, 22.00, 19.20
         0,     0, 8,11:43:40,11:44:01,    21, 22.00, 41.00,-19.00
  12706655,  7064, 1,11:41:26,11:46:40,   314, 41.30, 28.10, 13.20
         0,     0, 1,11:46:48,11:47:00,    12, 28.10, 41.30,-13.20
  13323425,     0, 9,11:47:42,11:48:24,    42, 41.00, 40.50,  0.50
  21268104,  6067, 5,11:46:44,11:48:40,   116, 40.70, 38.90,  1.80
         0,     0, 5,11:48:47,11:48:49,     2, 38.90, 41.00, -2.10
  13008792,     0, 7,11:41:16,11:48:56,   460, 41.30, 26.00, 15.30
         0,     0, 7,11:49:04,11:49:14,    10, 26.00, 26.00,  0.00
  13323427,     0, 8,11:48:33,11:49:46,    73, 41.20, 41.00,  0.20
  13323425,     0, 9,11:48:38,11:49:56,    78, 40.50, 39.30,  1.20
  21268104,  6067, 5,11:49:07,11:50:01,    54, 40.90, 35.60,  5.30
         0,     0, 9,11:50:04,11:50:06,     2, 39.30, 41.10, -1.80
         0,     0, 5,11:50:08,11:50:13,     5, 35.60, 41.00, -5.40
  13323425,     0, 9,11:50:17,11:50:52,    35, 41.10, 40.30,  0.80
  13323358,     0, 7,11:50:31,11:51:33,    62, 35.30, 35.30,  0.00
         0,     0, 7,11:51:40,11:51:42,     2, 35.30, 35.30,  0.00
  12448428,  6041, 4,11:51:11,11:51:59,    48, 43.70, 31.70, 12.00
         0,     0, 4,11:52:07,11:52:18,    11, 31.70, 43.30,-11.60
  12448428,  6041, 3,11:52:44,11:53:02,    18, 46.60, 47.30, -0.70
  12200007,  5061, 5,11:52:21,11:53:46,    85, 41.00, 28.20, 12.80
         0,     0, 5,11:53:55,11:54:07,    12, 28.20, 40.70,-12.50
  13008792,     0, 8,11:51:38,11:54:09,   151, 40.80, 21.20, 19.60
         0,     0, 8,11:54:17,11:54:39,    22, 21.20, 41.10,-19.90
  12448416,  6029, 4,11:54:23,11:56:31,   128, 43.30, 36.20,  7.10
         0,     0, 4,11:56:39,11:56:46,     7, 36.20, 43.30, -7.10
  12200048,     0, 8,11:54:51,11:57:52,   181, 41.00, 32.20,  8.80
         0,     0, 8,11:58:00,11:58:09,     9, 32.20, 41.10, -8.90
  13008837,     0, 8,12:00:17,12:00:36,    19, 41.10, 41.10,  0.00
  13323427,     0, 7,11:52:32,12:00:41,   489, 39.40, 39.20,  0.20
         0,     0, 7,12:00:49,12:00:50,     1, 39.20, 41.30, -2.10
  11724239,  3139, 1,11:57:37,12:01:10,   213, 41.30, 28.40, 12.90
  21292347,  5120, 2,11:57:10,12:01:22,   252, 43.90, 33.90, 10.00
         0,     0, 1,12:01:19,12:01:31,    12, 28.40, 41.30,-12.90
         0,     0, 2,12:01:31,12:01:40,     9, 33.90, 43.90,-10.00
  11724239,  3139, 1,12:01:59,12:02:13,    14, 41.30, 40.40,  0.90
  13008835,     0, 6,11:36:13,12:03:09,  1616, 41.50, 34.20,  7.30
         0,     0, 6,12:03:17,12:03:24,     7, 34.20, 41.40, -7.20
  13008837,     0, 8,12:09:18,12:10:11,    53, 41.10, 41.00,  0.10
  13008837,     0, 8,12:10:30,12:11:00,    30, 41.00, 41.00,  0.00
  12200046,  5100, 2,12:10:44,12:11:50,    66, 44.00, 34.40,  9.60
         0,     0, 2,12:11:58,12:12:06,     8, 34.40, 43.90, -9.50
  11724159,     0, 6,12:03:54,12:12:45,   531, 33.80, 33.80,  0.00
         0,     0, 6,12:12:53,12:13:00,     7, 33.80, 33.80,  0.00
  13008837,     0, 8,12:11:12,12:14:55,   223, 40.90, 20.50, 20.40
         0,     0, 8,12:15:04,12:15:26,    22, 20.50, 41.10,-20.60
  13008797,     0, 6,12:14:44,12:16:29,   105, 41.50, 40.40,  1.10
  13008762,     0, 6,12:16:44,12:18:30,   106, 40.10, 30.50,  9.60
         0,     0, 6,12:18:38,12:18:47,     9, 30.50, 40.90,-10.40
  21268825,  6087, 3,12:15:58,12:18:53,   175, 46.70, 29.30, 17.40
         0,     0, 3,12:19:01,12:19:16,    15, 29.30, 29.10,  0.20
  12199969,     0, 9,12:19:47,12:22:18,   151, 40.00, 32.40,  7.60
         0,     0, 9,12:22:25,12:22:36,    11, 32.40, 41.00, -8.60
  21292347,  5120, 4,12:20:58,12:22:40,   102, 43.70, 35.20,  8.50
         0,     0, 4,12:22:48,12:22:56,     8, 35.20, 43.40, -8.20
  12706637,  7046, 2,12:19:40,12:22:56,   196, 43.90, 22.90, 21.00
  11724178,     0,10,12:23:07,12:23:08,     1, 37.00, 37.00,  0.00
         0,     0,10,12:23:15,12:23:19,     4, 37.00, 41.20, -4.20
         0,     0, 2,12:23:04,12:23:24,    20, 22.90, 44.10,-21.20
  11724178,     0, 9,12:23:13,12:23:22,     9, 41.00, 41.00,  0.00
  11724178,     0, 9,12:23:41,12:24:17,    36, 40.90, 40.90,  0.00
  13008797,     0, 6,12:19:11,12:25:13,   362, 40.60, 30.10, 10.50
         0,     0, 6,12:25:21,12:25:31,    10, 30.10, 30.10,  0.00
  11724178,     0, 9,12:24:34,12:26:07,    93, 40.90, 40.50,  0.40
  13008836,     0, 8,12:26:29,12:26:42,    13, 41.10, 41.00,  0.10
  11724178,     0, 9,12:26:28,12:26:42,    14, 40.50, 40.30,  0.20
  13008836,     0, 8,12:27:07,12:27:34,    27, 40.90, 40.80,  0.10
  12706634,     0, 7,12:10:29,12:27:40,  1031, 41.30, 40.70,  0.60
  11724178,     0, 9,12:27:24,12:28:29,    65, 40.10, 33.80,  6.30
         0,     0, 9,12:28:36,12:28:45,     9, 33.80, 41.00, -7.20
  11724178,     0, 9,12:28:58,12:29:17,    19, 41.10, 39.10,  2.00
         0,     0, 9,12:29:24,12:29:26,     2, 39.10, 41.20, -2.10
  13008836,     0, 8,12:29:56,12:29:57,     1, 40.80, 40.80,  0.00
  13008836,     0, 8,12:30:11,12:30:35,    24, 40.70, 40.70,  0.00
  13008836,     0, 8,12:31:13,12:31:15,     2, 40.50, 40.50,  0.00
  13008836,     0, 8,12:31:30,12:33:37,   127, 40.30, 21.30, 19.00
         0,     0, 8,12:33:45,12:34:06,    21, 21.30, 41.10,-19.80
  12706700,  7109, 2,12:34:58,12:35:29,    31, 44.10, 44.00,  0.10
  12706700,  7109, 2,12:35:43,12:36:39,    56, 44.00, 31.50, 12.50
         0,     0, 2,12:36:47,12:36:58,    11, 31.50, 44.00,-12.50
  12448521,     0, 7,12:27:58,12:41:20,   802, 39.60, 29.30, 10.30
         0,     0, 7,12:41:27,12:41:35,     8, 29.30, 41.60,-12.30
  12448449,  6062, 1,12:43:02,12:43:48,    46, 40.40, 38.80,  1.60
         0,     0, 1,12:43:56,12:43:57,     1, 38.80, 41.30, -2.50
  12448449,  6062, 2,12:44:20,12:45:41,    81, 44.00, 32.20, 11.80
         0,     0, 2,12:45:48,12:45:59,    11, 32.20, 44.00,-11.80
  21306958,  5124, 7,12:41:46,12:55:25,   819, 41.60, 35.00,  6.60
         0,     0, 7,12:55:32,12:55:36,     4, 35.00, 41.50, -6.50
  12706639,  7048, 2,12:54:57,12:57:50,   173, 44.00, 30.10, 13.90
         0,     0, 2,12:57:57,12:58:10,    13, 30.10, 44.00,-13.90
  12706707,  7116, 2,12:58:21,12:58:37,    16, 44.00, 42.60,  1.40
  12706707,  7116, 2,12:59:11,13:00:01,    50, 42.60, 34.20,  8.40
         0,     0, 2,13:00:08,13:00:17,     9, 34.20, 43.90, -9.70
  12199981,  5035, 3,12:58:56,13:00:27,    91, 47.00, 29.10, 17.90
         0,     0, 3,13:00:35,13:00:50,    15, 29.10, 29.00,  0.10
  12706659,  7068, 1,12:58:57,13:01:52,   175, 41.30, 19.40, 21.90
         0,     0, 1,13:01:59,13:02:19,    20, 19.40, 41.20,-21.80
  11954014,  4044, 3,13:01:28,13:02:22,    54, 46.90, 28.80, 18.10
         0,     0, 3,13:02:29,13:02:44,    15, 28.80, 28.70,  0.10
  12706615,     0, 9,13:03:29,13:04:19,    50, 41.20, 41.00,  0.20
  11724178,     0, 9,13:05:08,13:05:28,    20, 41.10, 41.00,  0.10
  11954075,  4105, 2,13:07:51,13:09:28,    97, 43.90, 22.20, 21.70
         0,     0, 2,13:09:37,13:09:58,    21, 22.20, 44.10,-21.90
  12706738,  7147, 1,13:11:31,13:13:07,    96, 41.30, 38.90,  2.40
         0,     0, 1,13:13:14,13:13:15,     1, 38.90, 41.20, -2.30
  12706615,     0, 9,13:12:45,13:13:56,    71, 41.00, 40.30,  0.70
  12706615,     0,10,13:14:58,13:15:00,     2, 17.90, 17.90,  0.00
         0,     0,10,13:15:07,13:15:33,    26, 17.90, 41.20,-23.30
  12706705,  7114, 5,13:17:21,13:17:30,     9, 40.70, 40.70,  0.00
  13008800,     0, 8,13:17:51,13:17:53,     2, 33.90, 34.00, -0.10
         0,     0, 8,13:18:01,13:18:08,     7, 34.00, 41.10, -7.10
  12706705,  7114, 5,13:17:40,13:19:02,    82, 40.60, 38.80,  1.80
         0,     0, 5,13:19:10,13:19:12,     2, 38.80, 41.00, -2.20
  12706705,  7114, 5,13:19:22,13:20:48,    86, 40.90, 28.20, 12.70
         0,     0, 5,13:20:57,13:21:09,    12, 28.20, 40.90,-12.70
  12706738,  7147, 5,13:21:52,13:22:14,    22, 40.80, 40.80,  0.00
  12448437,  6050, 7,12:55:46,13:22:46,  1620, 41.60, 28.50, 13.10
         0,     0, 7,13:22:54,13:23:02,     8, 28.50, 41.50,-13.00
  11954056,     0, 8,13:20:39,13:23:06,   147, 41.20, 22.00, 19.20
         0,     0, 8,13:23:14,13:23:35,    21, 22.00, 41.10,-19.10
  12448521,     0, 7,13:23:59,13:25:02,    63, 36.50, 36.50,  0.00
         0,     0, 7,13:25:10,13:25:13,     3, 36.50, 41.60, -5.10
  13008835,     0, 6,12:46:50,13:25:24,  2314, 29.10, 22.20,  6.90
         0,     0, 6,13:25:31,13:25:50,    19, 22.20, 41.50,-19.30
  11499161,  2051, 1,13:22:04,13:25:58,   234, 41.30, 20.00, 21.30
         0,     0, 1,13:26:05,13:26:25,    20, 20.00, 41.40,-21.40
  11953978,  4008, 2,13:25:05,13:26:45,   100, 44.10, 32.60, 11.50
  21306958,  5124, 7,13:25:24,13:26:57,    93, 41.50, 41.50,  0.00
         0,     0, 2,13:26:52,13:27:02,    10, 32.60, 43.80,-11.20
  12706650,  7059, 4,13:26:41,13:29:29,   168, 44.00, 29.20, 14.80
  12706622,     0, 6,13:28:53,13:29:29,    36, 30.50, 30.50,  0.00
         0,     0, 6,13:29:36,13:29:46,    10, 30.50, 30.50,  0.00
         0,     0, 4,13:29:36,13:29:50,    14, 29.20, 43.30,-14.10
  13008768,     0, 6,13:30:08,13:30:46,    38, 41.40, 41.40,  0.00
  12448471,  6084, 1,13:34:11,13:35:26,    75, 41.30, 29.30, 12.00
         0,     0, 1,13:35:34,13:35:45,    11, 29.30, 41.20,-11.90
  12200085,     0,10,13:36:51,13:37:07,    16, 41.10, 36.80,  4.30
         0,     0,10,13:37:16,13:37:20,     4, 36.80, 41.10, -4.30
  12448473,  6086, 1,13:38:23,13:40:24,   121, 41.20, 23.10, 18.10
         0,     0, 1,13:40:31,13:40:48,    17, 23.10, 41.30,-18.20
  12706618,     0, 9,13:45:33,13:47:26,   113, 40.30, 29.40, 10.90
         0,     0, 9,13:47:34,13:47:49,    15, 29.40, 41.10,-11.70
  12706639,  7048, 5,13:48:05,13:48:15,    10, 40.80, 40.70,  0.10
  12706639,  7048, 5,13:49:09,13:50:51,   102, 40.80, 27.50, 13.30
         0,     0, 5,13:50:58,13:51:11,    13, 27.50, 40.90,-13.40
  12448415,     0, 8,13:47:16,13:51:58,   282, 41.10, 29.10, 12.00
         0,     0, 8,13:52:06,13:52:18,    12, 29.10, 41.20,-12.10
  12199981,  5035, 3,13:52:15,13:52:50,    35, 46.70, 35.80, 10.90
         0,     0, 3,13:52:58,13:53:07,     9, 35.80, 35.90, -0.10
  13008815,     0, 7,13:27:06,13:54:34,  1648, 41.40, 28.60, 12.80
         0,     0, 7,13:54:42,13:54:50,     8, 28.60, 41.60,-13.00
  13323425,     0, 9,13:55:08,13:55:13,     5, 41.10, 41.10,  0.00
  13008762,     0, 6,13:30:59,13:55:30,  1471, 41.50, 41.30,  0.20
  12706727,  7136, 4,13:53:06,13:55:46,   160, 43.60, 27.60, 16.00
         0,     0, 4,13:55:54,13:56:09,    15, 27.60, 43.30,-15.70
  11954075,  4105, 2,13:55:13,13:56:32,    79, 43.70, 31.20, 12.50
         0,     0, 2,13:56:39,13:56:51,    12, 31.20, 44.00,-12.80
  13323425,     0, 9,13:55:24,13:56:52,    88, 41.10, 40.10,  1.00
  13323425,     0, 9,13:57:25,13:57:49,    24, 40.10, 39.60,  0.50
         0,     0, 9,13:57:57,13:57:58,     1, 39.60, 41.00, -1.40
  12448448,  6061, 2,13:59:05,13:59:11,     6, 44.00, 44.00,  0.00
  12448448,  6061, 1,13:59:25,13:59:45,    20, 41.30, 41.30,  0.00
  12706707,  7116, 2,13:59:33,13:59:48,    15, 44.00, 43.70,  0.30
  12448448,  6061, 2,13:59:58,14:00:41,    43, 43.70, 43.50,  0.20
  11953978,  4008, 1,14:00:53,14:02:06,    73, 41.30, 29.10, 12.20
  12706634,     0, 7,13:55:13,14:02:18,   425, 41.60, 32.10,  9.50
         0,     0, 1,14:02:14,14:02:25,    11, 29.10, 41.20,-12.10
         0,     0, 7,14:02:26,14:02:32,     6, 32.10, 41.50, -9.40
  12706669,  7078, 3,14:02:42,14:04:23,   101, 46.70, 30.30, 16.40
  12706650,  7059, 4,14:02:43,14:04:40,   117, 43.50, 33.00, 10.50
         0,     0, 3,14:04:31,14:04:45,    14, 30.30, 30.10,  0.20
         0,     0, 4,14:04:48,14:04:58,    10, 33.00, 43.40,-10.40
  12448448,  6061, 2,14:00:51,14:06:55,   364, 43.50, 17.60, 25.90
         0,     0, 2,14:07:02,14:07:27,    25, 17.60, 44.00,-26.40
  13008836,     0, 8,14:07:48,14:07:50,     2, 41.20, 41.20,  0.00
  12706707,  7116, 2,14:08:20,14:09:10,    50, 44.10, 36.70,  7.40
         0,     0, 2,14:09:18,14:09:24,     6, 36.70, 43.90, -7.20
  13008835,     0, 6,13:56:08,14:11:19,   911, 41.20, 35.40,  5.80
         0,     0, 6,14:11:26,14:11:31,     5, 35.40, 35.40,  0.00
  13008735,  7156, 1,14:13:47,14:15:22,    95, 41.20, 34.40,  6.80
         0,     0, 1,14:15:30,14:15:37,     7, 34.40, 41.20, -6.80
  12199988,  5042, 5,14:15:01,14:17:37,   156, 40.90, 28.00, 12.90
         0,     0, 5,14:17:45,14:17:57,    12, 28.00, 40.90,-12.90
  13008735,  7156, 2,14:19:43,14:21:14,    91, 43.90, 40.40,  3.50
         0,     0, 2,14:21:22,14:21:24,     2, 40.40, 44.00, -3.60
  13008762,     0, 6,14:11:46,14:21:37,   591, 41.50, 39.20,  2.30
         0,     0, 6,14:21:44,14:21:45,     1, 39.20, 41.60, -2.40
  12448479,  6092, 2,14:22:30,14:24:52,   142, 44.00, 33.50, 10.50
         0,     0, 2,14:25:00,14:25:09,     9, 33.50, 44.00,-10.50
  12448471,  6084, 5,14:26:57,14:28:18,    81, 40.80, 32.50,  8.30
         0,     0, 5,14:28:26,14:28:34,     8, 32.50, 40.70, -8.20
  13008762,     0, 6,14:26:36,14:29:31,   175, 34.60, 23.50, 11.10
  13008732,  7153, 3,14:26:34,14:29:37,   183, 46.30, 27.10, 19.20
         0,     0, 6,14:29:38,14:29:56,    18, 23.50, 41.20,-17.70
         0,     0, 3,14:29:44,14:30:01,    17, 27.10, 26.90,  0.20
  11499202,     0, 6,14:30:07,14:30:27,    20, 40.90, 40.90,  0.00
  13008836,     0, 8,14:30:40,14:31:34,    54, 41.10, 40.90,  0.20
  12706651,  7060, 1,14:31:44,14:31:49,     5, 41.20, 41.20,  0.00
  13323435,     0, 9,14:31:27,14:32:38,    71, 40.90, 40.80,  0.10
  12706651,  7060, 2,14:32:04,14:33:59,   115, 44.10, 34.20,  9.90
         0,     0, 2,14:34:08,14:34:16,     8, 34.20, 43.90, -9.70
  13008836,     0, 8,14:31:57,14:34:18,   141, 40.70, 26.10, 14.60
         0,     0, 8,14:34:27,14:34:42,    15, 26.10, 26.20, -0.10
  13323427,     0, 7,14:03:41,14:35:05,  1884, 41.40, 30.70, 10.70
         0,     0, 7,14:35:13,14:35:19,     6, 30.70, 30.80, -0.10
  13008735,  7156, 1,14:34:53,14:35:24,    31, 41.20, 41.00,  0.20
  13008779,     0, 8,14:35:00,14:36:41,   101, 41.10, 27.60, 13.50
         0,     0, 8,14:36:49,14:37:03,    14, 27.60, 41.10,-13.50
  13008779,     0, 8,14:37:19,14:37:20,     1, 39.10, 39.10,  0.00
         0,     0, 8,14:37:28,14:37:29,     1, 39.10, 41.00, -1.90
  12706616,  7025, 4,14:36:10,14:37:57,   107, 43.70, 26.10, 17.60
         0,     0, 4,14:38:04,14:38:20,    16, 26.10, 43.30,-17.20
  12706686,  7095, 1,14:35:35,14:38:58,   203, 41.00, 18.60, 22.40
         0,     0, 1,14:39:06,14:39:27,    21, 18.60, 41.30,-22.70
  13008768,     0, 6,14:30:41,14:40:44,   603, 40.90, 40.90,  0.00
  12448473,  6086, 4,14:45:02,14:45:18,    16, 43.30, 43.30,  0.00
  11724109,  6068, 4,14:45:36,14:47:22,   106, 43.50, 34.30,  9.20
  12448477,  6090, 3,14:45:31,14:47:34,   123, 46.70, 35.90, 10.80
         0,     0, 4,14:47:31,14:47:40,     9, 34.30, 43.40, -9.10
  13323435,     0, 9,14:45:57,14:47:38,   101, 40.80, 39.60,  1.20
         0,     0, 9,14:47:47,14:47:48,     1, 39.60, 41.00, -1.40
         0,     0, 3,14:47:42,14:47:51,     9, 35.90, 35.90,  0.00
  13323435,     0, 9,14:48:45,14:49:21,    36, 40.00, 38.00,  2.00
         0,     0, 9,14:49:29,14:49:32,     3, 38.00, 41.00, -3.00
  13008833,     0, 6,14:40:54,14:52:11,   677, 40.90, 27.60, 13.30
         0,     0, 6,14:52:18,14:52:31,    13, 27.60, 41.40,-13.80
  11724109,  6068, 4,14:51:51,14:53:30,    99, 43.80, 38.30,  5.50
         0,     0, 4,14:53:38,14:53:43,     5, 38.30, 43.40, -5.10
  11724109,  6068, 4,14:54:02,14:54:13,    11, 43.20, 43.00,  0.20
  12448449,  6062, 1,14:52:05,14:54:19,   134, 41.30, 28.00, 13.30
         0,     0, 1,14:54:28,14:54:40,    12, 28.00, 41.30,-13.30
  13008756,  7115, 5,14:54:51,14:54:59,     8, 40.70, 40.60,  0.10
  13008786,     0, 8,14:54:29,14:55:19,    50, 41.00, 41.00,  0.00
  12706609,  7018, 8,14:57:52,14:57:56,     4, 41.00, 41.00,  0.00
  21268104,  6067, 1,14:58:10,14:59:09,    59, 41.30, 40.70,  0.60
  12706609,  7018, 8,14:58:10,14:59:22,    72, 41.00, 33.70,  7.30
         0,     0, 8,14:59:30,14:59:38,     8, 33.70, 41.00, -7.30
  21268825,  6087, 2,14:59:30,14:59:40,    10, 43.90, 43.90,  0.00
  13008756,  7115, 4,14:59:38,14:59:57,    19, 43.10, 42.80,  0.30
  12706669,  7078, 5,14:59:51,15:01:08,    77, 40.70, 28.90, 11.80
         0,     0, 5,15:01:16,15:01:27,    11, 28.90, 40.90,-12.00
  21268825,  6087, 1,14:59:48,15:02:06,   138, 40.70, 20.90, 19.80
  12706624,  7033, 6,14:52:41,15:02:21,   580, 41.40, 36.40,  5.00
         0,     0, 1,15:02:14,15:02:33,    19, 20.90, 41.20,-20.30
         0,     0, 6,15:02:30,15:02:34,     4, 36.40, 41.40, -5.00
  13008756,  7115, 5,15:01:38,15:02:39,    61, 41.00, 31.80,  9.20
  21268104,  6067, 3,15:00:22,15:02:52,   150, 46.80, 26.70, 20.10
         0,     0, 5,15:02:47,15:02:55,     8, 31.80, 40.10, -8.30
         0,     0, 3,15:03:00,15:03:17,    17, 26.70, 26.60,  0.10
  12199977,     0, 7,14:37:26,15:04:55,  1649, 41.60, 27.80, 13.80
  12706726,  7135, 5,15:03:07,15:05:06,   119, 40.20, 27.70, 12.50
         0,     0, 7,15:05:03,15:05:11,     8, 27.80, 41.50,-13.70
         0,     0, 5,15:05:13,15:05:25,    12, 27.70, 40.90,-13.20
  21306958,  5124, 7,15:05:26,15:06:38,    72, 41.50, 41.20,  0.30
  12200083,     0, 9,15:09:33,15:09:51,    18, 35.70, 35.40,  0.30
         0,     0, 9,15:10:00,15:10:07,     7, 35.40, 41.10, -5.70
  12448416,  6029, 3,15:08:20,15:10:14,   114, 46.60, 24.80, 21.80
  13008768,     0, 6,15:02:53,15:10:24,   451, 41.50, 41.50,  0.00
         0,     0, 3,15:10:22,15:10:40,    18, 24.80, 24.70,  0.10
  21292347,  5120, 4,15:08:23,15:10:50,   147, 43.20, 28.90, 14.30
         0,     0, 4,15:10:58,15:11:12,    14, 28.90, 43.30,-14.40
  13008765,     0, 9,15:10:22,15:11:20,    58, 40.40, 36.10,  4.30
         0,     0, 9,15:11:29,15:11:35,     6, 36.10, 41.10, -5.00
  12200083,     0, 9,15:11:45,15:11:49,     4, 41.10, 41.10,  0.00
  12200083,     0, 9,15:11:59,15:13:03,    64, 41.10, 34.50,  6.60
         0,     0, 9,15:13:12,15:13:21,     9, 34.50, 41.00, -6.50
  12706604,     0, 8,15:16:57,15:17:12,    15, 41.20, 41.10,  0.10
  13008802,     0, 9,15:16:55,15:17:39,    44, 41.00, 40.50,  0.50
  13008802,     0, 9,15:18:30,15:18:42,    12, 40.50, 40.50,  0.00
  12706618,     0,10,15:20:21,15:21:23,    62, 40.80, 31.10,  9.70
         0,     0,10,15:21:32,15:21:42,    10, 31.10, 41.10,-10.00
  12706604,     0, 8,15:22:17,15:22:27,    10, 41.10, 41.10,  0.00
  12706604,     0, 8,15:25:44,15:26:08,    24, 41.10, 41.10,  0.00
  13008789,     0, 7,15:06:48,15:28:28,  1300, 41.20, 25.90, 15.30
         0,     0, 7,15:28:36,15:28:46,    10, 25.90, 41.50,-15.60
  13008737,     0, 8,15:30:26,15:30:32,     6, 38.20, 38.10,  0.10
         0,     0, 8,15:30:39,15:30:41,     2, 38.10, 41.10, -3.00
  13008802,     0, 9,15:30:28,15:31:24,    56, 40.50, 33.60,  6.90
         0,     0, 9,15:31:32,15:31:41,     9, 33.60, 41.00, -7.40
  13008820,     0, 8,15:33:54,15:35:33,    99, 41.10, 40.20,  0.90
  13008820,     0, 8,15:36:48,15:38:50,   122, 39.10, 28.50, 10.60
         0,     0, 8,15:38:57,15:39:10,    13, 28.50, 41.10,-12.60
  12706601,     0, 9,15:40:13,15:42:26,   133, 41.00, 31.50,  9.50
  13008765,     0,10,15:42:11,15:42:28,    17, 41.10, 41.10,  0.00
         0,     0, 9,15:42:34,15:42:46,    12, 31.50, 41.10, -9.60
  13008762,     0, 6,15:10:37,15:44:08,  2011, 41.50, 41.50,  0.00
  13008779,     0, 8,15:45:23,15:46:52,    89, 41.20, 34.80,  6.40
         0,     0, 8,15:47:01,15:47:07,     6, 34.80, 41.10, -6.30
  12706738,  7147, 1,15:48:31,15:50:32,   121, 41.20, 24.20, 17.00
         0,     0, 1,15:50:40,15:50:56,    16, 24.20, 41.30,-17.10
  11953978,  4008, 4,15:50:10,15:50:59,    49, 43.40, 33.30, 10.10
         0,     0, 4,15:51:06,15:51:15,     9, 33.30, 43.20, -9.90
  21306958,  5124, 7,15:37:04,15:51:24,   860, 39.80, 29.70, 10.10
         0,     0, 7,15:51:32,15:51:39,     7, 29.70, 40.00,-10.30
  12706636,  7045, 1,15:51:38,15:53:20,   102, 41.30, 23.80, 17.50
         0,     0, 1,15:53:29,15:53:45,    16, 23.80, 41.30,-17.50
  12706604,     0, 8,15:53:31,15:53:56,    25, 41.10, 41.10,  0.00
  13323416,     0, 9,15:53:33,15:54:21,    48, 41.10, 40.70,  0.40
  13323416,     0,10,15:54:28,15:55:49,    81, 41.10, 37.10,  4.00
         0,     0,10,15:55:58,15:56:02,     4, 37.10, 41.20, -4.10
  12199986,     0, 7,15:52:14,15:58:29,   375, 32.90, 32.90,  0.00
         0,     0, 7,15:58:36,15:58:41,     5, 32.90, 41.60, -8.70
  12200046,  5100, 2,15:58:52,15:59:36,    44, 43.80, 35.60,  8.20
  12448409,  6022, 1,15:56:50,15:59:43,   173, 41.30, 23.90, 17.40
         0,     0, 2,15:59:45,15:59:52,     7, 35.60, 43.80, -8.20
         0,     0, 1,15:59:51,16:00:08,    17, 23.90, 41.30,-17.40
  12706604,     0, 8,16:00:03,16:01:39,    96, 41.10, 41.10,  0.00
  12706707,  7116, 2,16:01:10,16:02:25,    75, 43.80, 33.00, 10.80
         0,     0, 2,16:02:34,16:02:44,    10, 33.00, 44.10,-11.10
  12200007,  5061, 3,16:01:23,16:03:33,   130, 47.00, 25.90, 21.10
         0,     0, 3,16:03:42,16:04:00,    18, 25.90, 28.00, -2.10
  12706604,     0, 8,16:03:14,16:04:02,    48, 41.10, 41.10,  0.00
  11724109,  6068, 1,16:03:40,16:06:43,   183, 41.30, 27.90, 13.40
         0,     0, 1,16:06:52,16:07:04,    12, 27.90, 41.20,-13.30
  12448479,  6092, 5,16:07:32,16:09:30,   118, 40.80, 27.60, 13.20
         0,     0, 5,16:09:38,16:09:50,    12, 27.60, 40.80,-13.20
  12448437,  6050, 7,15:58:51,16:10:12,   681, 41.60, 35.10,  6.50
         0,     0, 7,16:10:20,16:10:23,     3, 35.10, 41.20, -6.10
  12706700,  7109, 3,16:09:13,16:10:27,    74, 46.60, 32.90, 13.70
         0,     0, 3,16:10:36,16:10:47,    11, 32.90, 33.20, -0.30
  12448451,  6064, 2,16:10:23,16:11:08,    45, 44.00, 43.90,  0.10
  12706710,  7119, 1,16:10:14,16:11:35,    81, 41.20, 26.70, 14.50
  12706622,     0, 6,15:44:33,16:11:37,  1624, 41.50, 35.30,  6.20
  12448451,  6064, 2,16:11:20,16:11:39,    19, 43.90, 43.70,  0.20
         0,     0, 6,16:11:44,16:11:49,     5, 35.30, 41.50, -6.20
         0,     0, 1,16:11:43,16:11:57,    14, 26.70, 41.20,-14.50
  13008762,     0, 6,16:12:09,16:13:29,    80, 41.40, 41.30,  0.10
  12706651,  7060, 1,16:12:07,16:13:39,    92, 41.20, 31.40,  9.80
         0,     0, 1,16:13:48,16:13:57,     9, 31.40, 41.20, -9.80
  12448451,  6064, 2,16:13:32,16:15:52,   140, 43.80, 16.20, 27.60
  13008797,     0, 6,16:13:42,16:16:05,   143, 41.30, 40.00,  1.30
         0,     0, 6,16:16:13,16:16:14,     1, 40.00, 41.50, -1.50
         0,     0, 2,16:15:59,16:16:26,    27, 16.20, 44.00,-27.80
  12706616,  7025, 1,16:16:30,16:17:46,    76, 41.30, 26.30, 15.00
         0,     0, 1,16:17:54,16:18:08,    14, 26.30, 41.30,-15.00
  12706601,     0,10,16:16:43,16:18:59,   136, 41.10, 33.90,  7.20
         0,     0,10,16:19:08,16:19:15,     7, 33.90, 41.10, -7.20
  13008768,     0, 6,16:17:12,16:20:06,   174, 30.70, 17.30, 13.40
         0,     0, 6,16:20:14,16:20:37,    23, 17.30, 41.50,-24.20
  13008756,  7115, 1,16:21:17,16:22:39,    82, 41.30, 28.00, 13.30
         0,     0, 1,16:22:47,16:22:59,    12, 28.00, 41.30,-13.30
  12706701,  7110, 3,16:23:13,16:24:19,    66, 46.40, 43.70,  2.70
         0,     0, 3,16:24:28,16:24:29,     1, 43.70, 46.00, -2.30
  12706604,     0, 8,16:23:57,16:27:01,   184, 41.10, 22.80, 18.30
  12199988,  5042, 1,16:25:50,16:27:09,    79, 41.30, 38.20,  3.10
         0,     0, 1,16:27:16,16:27:18,     2, 38.20, 41.10, -2.90
         0,     0, 8,16:27:10,16:27:30,    20, 22.80, 41.10,-18.30
  11724239,  3139, 2,16:23:15,16:27:29,   254, 44.00, 29.00, 15.00
         0,     0, 2,16:27:37,16:27:51,    14, 29.00, 43.90,-14.90
  12448449,  6062, 1,16:27:39,16:28:06,    27, 41.20, 39.90,  1.30
         0,     0, 1,16:28:13,16:28:13,     0, 39.90, 41.00, -1.10
  11724239,  3139, 2,16:28:01,16:28:42,    41, 44.00, 38.40,  5.60
         0,     0, 2,16:28:50,16:28:54,     4, 38.40, 43.90, -5.50
  12448473,  6086, 1,16:28:23,16:29:45,    82, 41.00, 24.30, 16.70
         0,     0, 1,16:29:53,16:30:09,    16, 24.30, 41.20,-16.90
  13008737,     0, 8,16:29:50,16:30:34,    44, 41.10, 41.10,  0.00
  11499161,  2051, 5,16:27:32,16:30:42,   190, 40.80, 22.00, 18.80
         0,     0, 5,16:30:50,16:31:09,    19, 22.00, 40.70,-18.70
  12199988,  5042, 2,16:29:35,16:31:10,    95, 44.00, 35.80,  8.20
         0,     0, 2,16:31:17,16:31:24,     7, 35.80, 44.00, -8.20
  12706622,     0, 6,16:23:44,16:31:28,   464, 41.50, 33.60,  7.90
         0,     0, 6,16:31:35,16:31:42,     7, 33.60, 41.50, -7.90
  12706655,  7064, 1,16:30:31,16:31:57,    86, 41.20, 26.90, 14.30
         0,     0, 1,16:32:05,16:32:18,    13, 26.90, 41.20,-14.30
  13008768,     0, 6,16:31:55,16:32:37,    42, 41.50, 40.50,  1.00
  12448471,  6084, 4,16:31:48,16:32:56,    68, 43.50, 29.50, 14.00
  12199981,  5035, 3,16:31:51,16:33:02,    71, 46.90, 32.40, 14.50
         0,     0, 4,16:33:04,16:33:17,    13, 29.50, 43.20,-13.70
         0,     0, 3,16:33:09,16:33:21,    12, 32.40, 32.30,  0.10
  13008737,     0, 8,16:30:54,16:33:49,   175, 41.00, 24.90, 16.10
  12706727,  7136, 2,16:33:41,16:33:51,    10, 43.90, 43.90,  0.00
         0,     0, 8,16:33:56,16:34:13,    17, 24.90, 41.20,-16.30
  12199969,     0, 9,16:32:42,16:34:25,   103, 40.60, 34.50,  6.10
  13008762,     0, 6,16:32:47,16:34:38,   111, 40.60, 39.50,  1.10
         0,     0, 9,16:34:33,16:34:42,     9, 34.50, 41.00, -6.50
         0,     0, 6,16:34:45,16:34:46,     1, 39.50, 41.20, -1.70
  12448449,  6062, 1,16:34:00,16:35:23,    83, 41.30, 29.00, 12.30
         0,     0, 1,16:35:31,16:35:43,    12, 29.00, 41.20,-12.20
  12448416,  6029, 1,16:35:53,16:37:43,   110, 41.20, 34.50,  6.70
         0,     0, 1,16:37:51,16:37:57,     6, 34.50, 41.30, -6.80
  11499202,     0, 6,16:37:05,16:38:47,   102, 40.20, 38.40,  1.80
         0,     0, 6,16:38:55,16:38:57,     2, 38.40, 41.40, -3.00
  12706686,  7095, 1,16:39:13,16:41:32,   139, 41.30, 36.40,  4.90
         0,     0, 1,16:41:39,16:41:43,     4, 36.40, 41.30, -4.90
  11954014,  4044, 3,16:41:20,16:42:23,    63, 47.10, 26.70, 20.40
         0,     0, 3,16:42:32,16:42:49,    17, 26.70, 27.20, -0.50
  13008820,     0, 8,16:40:15,16:43:58,   223, 41.20, 32.50,  8.70
         0,     0, 8,16:44:06,16:44:15,     9, 32.50, 41.10, -8.60
  12706727,  7136, 4,16:43:10,16:44:38,    88, 43.40, 29.20, 14.20
         0,     0, 4,16:44:46,16:44:59,    13, 29.20, 43.40,-14.20
  12706707,  7116, 2,16:44:05,16:45:18,    73, 43.90, 34.90,  9.00
         0,     0, 2,16:45:26,16:45:34,     8, 34.90, 43.90, -9.00
  13008735,  7156, 4,16:45:20,16:46:40,    80, 43.40, 38.60,  4.80
         0,     0, 4,16:46:48,16:46:52,     4, 38.60, 43.30, -4.70
  13008732,  7153, 3,16:47:23,16:48:19,    56, 46.70, 45.70,  1.00
  12448483,  6096, 3,16:50:01,16:50:41,    40, 46.30, 45.50,  0.80
  12448483,  6096, 3,16:50:51,16:53:04,   133, 45.50, 21.10, 24.40
  12706650,  7059, 5,16:51:23,16:53:28,   125, 40.80, 31.10,  9.70
  12706636,  7045, 1,16:52:10,16:53:29,    79, 41.30, 32.60,  8.70
         0,     0, 3,16:53:13,16:53:34,    21, 21.10, 21.00,  0.10
         0,     0, 5,16:53:36,16:53:45,     9, 31.10, 40.80, -9.70
         0,     0, 1,16:53:37,16:53:45,     8, 32.60, 41.20, -8.60
  11954050,  4080, 1,16:56:20,16:57:09,    49, 41.20, 38.50,  2.70
         0,     0, 1,16:57:17,16:57:19,     2, 38.50, 41.20, -2.70
  21268104,  6067, 5,16:55:44,16:57:35,   111, 40.80, 33.50,  7.30
         0,     0, 5,16:57:43,16:57:49,     6, 33.50, 40.90, -7.40
  12706701,  7110, 3,16:56:03,16:59:14,   191, 46.60, 28.20, 18.40
  12448428,  6041, 1,16:58:20,16:59:18,    58, 41.20, 24.50, 16.70
         0,     0, 3,16:59:21,16:59:36,    15, 28.20, 28.10,  0.10
         0,     0, 1,16:59:25,16:59:41,    16, 24.50, 41.20,-16.70
  13008797,     0, 6,17:00:08,17:01:03,    55, 33.20, 32.50,  0.70
  12706651,  7060, 4,16:59:54,17:01:03,    69, 43.10, 40.20,  2.90
         0,     0, 4,17:01:11,17:01:14,     3, 40.20, 43.40, -3.20
  12706726,  7135, 5,16:59:55,17:01:15,    80, 40.80, 30.30, 10.50
         0,     0, 6,17:01:11,17:01:19,     8, 32.50, 32.60, -0.10
         0,     0, 5,17:01:23,17:01:33,    10, 30.30, 40.90,-10.60
  11954050,  4080, 2,17:01:57,17:03:33,    96, 43.90, 33.80, 10.10
         0,     0, 2,17:03:40,17:03:49,     9, 33.80, 43.90,-10.10
  13008797,     0, 6,17:01:56,17:03:52,   116, 39.40, 30.00,  9.40
         0,     0, 6,17:03:59,17:04:10,    11, 30.00, 41.50,-11.50
  12200007,  5061, 1,17:04:33,17:06:13,   100, 41.20, 29.20, 12.00
         0,     0, 1,17:06:20,17:06:31,    11, 29.20, 41.30,-12.10
  12199969,     0, 9,17:07:55,17:10:42,   167, 41.00, 36.20,  4.80
         0,     0, 9,17:10:50,17:10:57,     7, 36.20, 40.90, -4.70
  12448442,  6055, 6,17:04:25,17:11:00,   395, 40.00, 34.30,  5.70
         0,     0, 6,17:11:08,17:11:14,     6, 34.30, 34.40, -0.10
  12448473,  6086, 2,17:12:07,17:12:59,    52, 43.90, 35.90,  8.00
         0,     0, 2,17:13:07,17:13:14,     7, 35.90, 43.90, -8.00
  13008837,     0, 8,17:16:05,17:16:10,     5, 41.10, 41.10,  0.00
  12706686,  7095, 3,17:17:07,17:17:35,    28, 47.40, 46.70,  0.70
  12706686,  7095, 4,17:18:04,17:19:20,    76, 43.20, 41.00,  2.20
         0,     0, 4,17:19:27,17:19:28,     1, 41.00, 42.50, -1.50
  12706710,  7119, 4,17:19:42,17:21:47,   125, 42.90, 32.20, 10.70
         0,     0, 4,17:21:55,17:22:05,    10, 32.20, 43.30,-11.10
  12706651,  7060, 5,17:23:24,17:24:54,    90, 40.80, 31.00,  9.80
  13008742,  7163, 4,17:25:01,17:25:07,     6, 43.20, 43.60, -0.40
         0,     0, 5,17:25:02,17:25:12,    10, 31.00, 40.80, -9.80
  13323427,     0, 7,16:11:19,17:26:13,  4494, 41.10, 29.30, 11.80
         0,     0, 7,17:26:20,17:26:27,     7, 29.30, 29.30,  0.00
  13008786,     0, 8,17:26:06,17:27:12,    66, 34.00, 31.90,  2.10
         0,     0, 8,17:27:20,17:27:29,     9, 31.90, 41.10, -9.20
  13008742,  7163, 3,17:25:27,17:28:12,   165, 46.20, 25.00, 21.20
         0,     0, 3,17:28:20,17:28:39,    19, 25.00, 46.50,-21.50
  12706738,  7147, 2,17:27:36,17:29:28,   112, 43.90, 29.80, 14.10
  13008765,     0, 9,17:29:15,17:29:40,    25, 41.00, 39.30,  1.70
         0,     0, 2,17:29:37,17:29:50,    13, 29.80, 44.00,-14.20
         0,     0, 9,17:29:49,17:29:51,     2, 39.30, 41.00, -1.70
  12706659,  7068, 2,17:31:09,17:33:56,   167, 44.00, 24.50, 19.50
         0,     0, 2,17:34:04,17:34:22,    18, 24.50, 43.90,-19.40
  11724239,  3139, 1,17:34:18,17:36:42,   144, 41.30, 38.70,  2.60
         0,     0, 1,17:36:50,17:36:51,     1, 38.70, 41.30, -2.60
  11724239,  3139, 1,17:37:20,17:38:11,    51, 41.30, 35.80,  5.50
         0,     0, 1,17:38:18,17:38:22,     4, 35.80, 41.20, -5.40
  21268104,  6067, 2,17:37:00,17:38:30,    90, 43.90, 34.40,  9.50
         0,     0, 2,17:38:37,17:38:45,     8, 34.40, 44.00, -9.60
  13008756,  7115, 5,17:38:04,17:38:58,    54, 40.90, 28.90, 12.00
         0,     0, 5,17:39:05,17:39:16,    11, 28.90, 40.90,-12.00
  12706701,  7110, 2,17:39:22,17:39:35,    13, 44.00, 44.00,  0.00
  12448420,     0,10,17:38:37,17:39:42,    65, 40.90, 34.60,  6.30
         0,     0,10,17:39:50,17:39:56,     6, 34.60, 41.10, -6.50
  13323358,     0, 8,17:40:18,17:40:30,    12, 41.10, 41.00,  0.10
  13323358,     0, 8,17:41:22,17:41:32,    10, 34.40, 34.50, -0.10
         0,     0, 8,17:41:39,17:41:45,     6, 34.50, 41.10, -6.60
  13008837,     0, 8,17:42:30,17:42:52,    22, 41.10, 41.10,  0.00
  13323416,     0, 9,17:42:57,17:42:59,     2, 40.90, 41.00, -0.10
  11954056,     0, 8,17:43:09,17:43:12,     3, 41.10, 41.00,  0.10
  12706705,  7114, 1,17:42:04,17:43:50,   106, 41.20, 28.60, 12.60
         0,     0, 1,17:43:57,17:44:09,    12, 28.60, 41.20,-12.60
  13323416,     0,10,17:43:21,17:44:26,    65, 41.00, 39.50,  1.50
         0,     0,10,17:44:35,17:44:36,     1, 39.50, 41.10, -1.60
  12706705,  7114, 2,17:43:54,17:44:46,    52, 44.00, 37.10,  6.90
         0,     0, 2,17:44:54,17:44:59,     5, 37.10, 43.90, -6.80
  11954056,     0, 8,17:43:41,17:45:09,    88, 41.00, 40.10,  0.90
  21268825,  6087, 1,17:44:19,17:45:28,    69, 41.20, 26.80, 14.40
  13323416,     0,10,17:45:24,17:45:35,    11, 40.40, 40.20,  0.20
         0,     0, 1,17:45:36,17:45:49,    13, 26.80, 41.30,-14.50
  13323416,     0, 9,17:45:40,17:45:48,     8, 41.00, 40.90,  0.10
  11954056,     0, 8,17:46:38,17:46:40,     2, 29.50, 29.50,  0.00
         0,     0, 8,17:46:47,17:46:59,    12, 29.50, 41.10,-11.60
  21292347,  5120, 2,17:46:50,17:48:55,   125, 43.90, 33.90, 10.00
  12706639,  7048, 1,17:46:53,17:48:59,   126, 41.20, 26.70, 14.50
         0,     0, 2,17:49:03,17:49:12,     9, 33.90, 43.80, -9.90
         0,     0, 1,17:49:06,17:49:20,    14, 26.70, 41.30,-14.60
  13008765,     0, 9,17:49:25,17:50:10,    45, 40.10, 38.10,  2.00
         0,     0, 9,17:50:19,17:50:22,     3, 38.10, 41.00, -2.90
  11954042,     0, 7,17:30:54,17:52:03,  1269, 41.50, 27.50, 14.00
  13008732,  7153, 3,17:49:34,17:52:07,   153, 47.30, 26.20, 21.10
  13008837,     0, 8,17:49:28,17:52:07,   159, 41.20, 24.80, 16.40
         0,     0, 7,17:52:10,17:52:19,     9, 27.50, 41.30,-13.80
         0,     0, 3,17:52:15,17:52:33,    18, 26.20, 26.10,  0.10
         0,     0, 8,17:52:15,17:52:34,    19, 24.80, 41.20,-16.40
  12448477,  6090, 2,17:52:15,17:53:29,    74, 43.80, 38.40,  5.40
         0,     0, 2,17:53:38,17:53:42,     4, 38.40, 43.90, -5.50
  13008786,     0, 8,17:53:10,17:54:50,   100, 41.20, 36.80,  4.40
         0,     0, 8,17:54:57,17:55:01,     4, 36.80, 41.10, -4.30
  12200042,  5096, 1,17:53:52,17:55:13,    81, 41.30, 34.10,  7.20
         0,     0, 1,17:55:20,17:55:26,     6, 34.10, 41.20, -7.10
  12200042,  5096, 1,17:55:47,17:57:11,    84, 41.20, 22.10, 19.10
         0,     0, 1,17:57:19,17:57:37,    18, 22.10, 41.20,-19.10
  12706624,  7033, 6,17:27:50,18:09:44,  2514, 41.50, 26.40, 15.10
         0,     0, 6,18:09:51,18:10:05,    14, 26.40, 40.80,-14.40
  12448471,  6084, 5,18:10:03,18:10:22,    19, 40.90, 38.30,  2.60
         0,     0, 5,18:10:30,18:10:32,     2, 38.30, 40.90, -2.60
  12448471,  6084, 5,18:10:42,18:10:43,     1, 40.90, 40.70,  0.20
  13008762,     0, 6,18:10:17,18:11:09,    52, 39.80, 32.70,  7.10
         0,     0, 6,18:11:16,18:11:24,     8, 32.70, 32.90, -0.20
  12448471,  6084, 5,18:10:59,18:11:38,    39, 40.80, 33.20,  7.60
         0,     0, 5,18:11:46,18:11:53,     7, 33.20, 40.90, -7.70
  13008802,     0, 9,18:12:04,18:12:28,    24, 41.00, 40.30,  0.70
  13008768,     0, 6,18:11:41,18:12:41,    60, 41.50, 41.30,  0.20
  12199977,     0, 7,17:53:41,18:13:28,  1187, 26.80, 23.30,  3.50
         0,     0, 7,18:13:36,18:13:47,    11, 23.30, 41.60,-18.30
  13008802,     0, 9,18:13:40,18:14:40,    60, 40.30, 31.70,  8.60
         0,     0, 9,18:14:48,18:15:01,    13, 31.70, 41.00, -9.30
  12706634,     0, 7,18:14:23,18:15:45,    82, 37.60, 36.80,  0.80
         0,     0, 7,18:15:53,18:15:56,     3, 36.80, 41.70, -4.90
  12706622,     0, 6,18:13:49,18:19:19,   330, 41.30, 32.50,  8.80
         0,     0, 6,18:19:26,18:19:34,     8, 32.50, 32.60, -0.10
  13323425,     0, 9,18:20:20,18:20:22,     2, 40.00, 40.00,  0.00
  11724178,     0, 9,18:25:57,18:26:34,    37, 40.00, 39.90,  0.10
         0,     0, 9,18:26:42,18:26:43,     1, 39.90, 41.00, -1.10
  11724178,     0, 9,18:27:01,18:27:15,    14, 41.00, 40.90,  0.10
  11724178,     0, 9,18:28:05,18:28:31,    26, 40.90, 40.70,  0.20
  11724178,     0, 9,18:28:46,18:29:12,    26, 40.70, 40.60,  0.10
  11954050,  4080, 2,18:29:31,18:29:51,    20, 43.90, 43.40,  0.50
  11724178,     0, 9,18:29:28,18:30:03,    35, 40.60, 40.40,  0.20
  11724178,     0, 9,18:30:27,18:30:28,     1, 40.20, 40.30, -0.10
  11953978,  4008, 2,18:30:01,18:31:32,    91, 43.40, 28.00, 15.40
  11724178,     0, 9,18:30:43,18:31:36,    53, 40.30, 39.90,  0.40
         0,     0, 9,18:31:44,18:31:45,     1, 39.90, 40.90, -1.00
         0,     0, 2,18:31:40,18:31:55,    15, 28.00, 44.00,-16.00
  11724178,     0, 9,18:32:14,18:32:15,     1, 40.70, 40.80, -0.10
  11724178,     0, 9,18:32:31,18:32:32,     1, 39.90, 39.90,  0.00
         0,     0, 9,18:32:40,18:32:40,     0, 39.90, 40.90, -1.00
  11724178,     0, 9,18:33:09,18:33:10,     1, 38.40, 38.40,  0.00
         0,     0, 9,18:33:19,18:33:22,     3, 38.40, 41.10, -2.70
  12448449,  6062, 2,18:34:23,18:36:37,   134, 43.90, 31.30, 12.60
         0,     0, 2,18:36:44,18:36:55,    11, 31.30, 44.00,-12.70
  13008768,     0, 6,18:19:45,18:39:18,  1173, 41.10, 23.80, 17.30
  12199988,  5042, 2,18:37:34,18:39:21,   107, 44.00, 41.20,  2.80
         0,     0, 2,18:39:29,18:39:30,     1, 41.20, 43.90, -2.70
         0,     0, 6,18:39:25,18:39:44,    19, 23.80, 41.50,-17.70
  12706616,  7025, 1,18:39:30,18:40:33,    63, 41.20, 28.50, 12.70
         0,     0, 1,18:40:41,18:40:53,    12, 28.50, 41.20,-12.70
  12199988,  5042, 2,18:39:40,18:40:49,    69, 43.90, 32.10, 11.80
         0,     0, 2,18:40:58,18:41:08,    10, 32.10, 44.00,-11.90
  13008786,     0, 8,18:39:12,18:41:10,   118, 41.00, 27.90, 13.10
         0,     0, 8,18:41:19,18:41:32,    13, 27.90, 41.10,-13.20
  13008735,  7156, 4,18:42:45,18:44:32,   107, 43.40, 33.30, 10.10
  12448428,  6041, 1,18:43:57,18:44:46,    49, 41.20, 28.50, 12.70
         0,     0, 4,18:44:40,18:44:49,     9, 33.30, 43.40,-10.10
         0,     0, 1,18:44:54,18:45:05,    11, 28.50, 41.30,-12.80
  12448448,  6061, 2,18:41:21,18:45:16,   235, 43.90, 21.30, 22.60
         0,     0, 2,18:45:24,18:45:45,    21, 21.30, 44.00,-22.70
  12448521,     0, 7,18:16:54,18:46:37,  1783, 33.50, 30.80,  2.70
         0,     0, 7,18:46:45,18:46:52,     7, 30.80, 41.60,-10.80
  12706624,  7033, 6,18:43:33,18:48:05,   272, 38.30, 34.70,  3.60
         0,     0, 6,18:48:12,18:48:18,     6, 34.70, 41.50, -6.80
  12448420,     0, 9,18:47:58,18:49:36,    98, 41.10, 39.00,  2.10
         0,     0, 9,18:49:45,18:49:47,     2, 39.00, 41.10, -2.10
  13008800,     0, 7,18:47:32,18:50:24,   172, 34.10, 31.10,  3.00
         0,     0, 7,18:50:32,18:50:38,     6, 31.10, 31.10,  0.00
  12200083,     0, 9,18:52:29,18:52:49,    20, 41.10, 40.40,  0.70
  12706700,  7109, 3,18:51:50,18:52:57,    67, 47.10, 34.80, 12.30
         0,     0, 3,18:53:04,18:53:14,    10, 34.80, 34.60,  0.20
         0,     0, 9,18:53:29,18:53:33,     4, 37.70, 40.70, -3.00
  13008765,     0, 9,18:53:43,18:54:18,    35, 40.30, 37.80,  2.50
  12448415,     0, 8,18:52:48,18:54:21,    93, 41.10, 41.00,  0.10
         0,     0, 9,18:54:27,18:54:31,     4, 37.80, 41.10, -3.30
  13008833,     0, 6,18:49:17,18:55:19,   362, 41.10, 26.40, 14.70
  12706636,  7045, 3,18:54:11,18:55:37,    86, 46.70, 33.40, 13.30
         0,     0, 6,18:55:27,18:55:41,    14, 26.40, 41.40,-15.00
         0,     0, 3,18:55:45,18:55:56,    11, 33.40, 33.40,  0.00
  12448415,     0, 8,18:54:48,18:56:47,   119, 40.90, 33.70,  7.20
         0,     0, 8,18:56:56,18:57:03,     7, 33.70, 41.10, -7.40
  13008815,     0, 7,18:51:46,18:57:56,   370, 31.40, 28.80,  2.60
         0,     0, 7,18:58:04,18:58:12,     8, 28.80, 28.90, -0.10
  12200046,  5100, 2,18:57:24,18:58:19,    55, 44.00, 32.90, 11.10
         0,     0, 2,18:58:27,18:58:37,    10, 32.90, 43.90,-11.00
  11954056,     0, 8,19:01:54,19:02:26,    32, 41.00, 41.00,  0.00
  11954056,     0, 8,19:04:01,19:06:07,   126, 41.00, 30.60, 10.40
         0,     0, 8,19:06:16,19:06:27,    11, 30.60, 41.10,-10.50
  12200048,     0, 7,19:00:40,19:08:15,   455, 41.60, 19.70, 21.90
  13323434,     0, 9,19:07:58,19:08:27,    29, 41.00, 40.70,  0.30
         0,     0, 7,19:08:23,19:08:37,    14, 19.70, 41.60,-21.90
  13323434,     0, 9,19:08:42,19:09:02,    20, 40.50, 39.90,  0.60
         0,     0, 9,19:09:10,19:09:11,     1, 39.90, 41.00, -1.10
  11953978,  4008, 1,19:08:28,19:09:28,    60, 41.30, 36.80,  4.50
         0,     0, 1,19:09:36,19:09:39,     3, 36.80, 41.30, -4.50
  12448420,     0, 9,19:09:58,19:10:08,    10, 41.00, 40.90,  0.10
  12706622,     0, 6,18:58:57,19:10:26,   689, 33.20, 32.70,  0.50
         0,     0, 6,19:10:34,19:10:42,     8, 32.70, 41.70, -9.00
  12448420,     0, 9,19:10:27,19:11:08,    41, 40.00, 38.80,  1.20
         0,     0, 9,19:11:17,19:11:19,     2, 38.80, 41.10, -2.30
  12706700,  7109, 2,19:10:46,19:11:36,    50, 43.90, 34.50,  9.40
  13323434,     0, 9,19:11:48,19:11:49,     1, 41.00, 40.70,  0.30
         0,     0, 2,19:11:45,19:11:53,     8, 34.50, 44.00, -9.50
  13323434,     0, 9,19:12:14,19:12:28,    14, 40.40, 40.20,  0.20
  13008779,     0, 8,19:11:48,19:12:38,    50, 41.20, 36.70,  4.50
         0,     0, 8,19:12:46,19:12:50,     4, 36.70, 41.10, -4.40
  13323434,     0, 9,19:12:41,19:12:59,    18, 39.60, 38.70,  0.90
         0,     0, 9,19:13:07,19:13:10,     3, 38.70, 41.10, -2.40
  13323434,     0, 9,19:13:39,19:13:46,     7, 39.30, 39.00,  0.30
         0,     0, 9,19:13:53,19:13:54,     1, 39.00, 40.20, -1.20
  13323434,     0, 9,19:14:22,19:14:23,     1, 37.70, 37.70,  0.00
         0,     0, 9,19:14:31,19:14:35,     4, 37.70, 41.00, -3.30
  12706705,  7114, 1,19:13:01,19:14:55,   114, 41.30, 29.10, 12.20
         0,     0, 1,19:15:03,19:15:14,    11, 29.10, 41.20,-12.10
  11724178,     0, 9,19:16:42,19:16:51,     9, 41.10, 41.00,  0.10
  11724178,     0, 9,19:17:13,19:17:31,    18, 40.90, 40.90,  0.00
  12448409,  6022, 2,19:15:13,19:17:36,   143, 44.00, 24.40, 19.60
         0,     0, 2,19:17:44,19:18:02,    18, 24.40, 44.10,-19.70
  11724178,     0, 9,19:17:54,19:18:04,    10, 40.90, 40.80,  0.10
  13008735,  7156, 4,19:16:06,19:18:19,   133, 43.50, 35.40,  8.10
         0,     0, 4,19:18:27,19:18:34,     7, 35.40, 43.40, -8.00
  11724178,     0, 9,19:18:43,19:18:54,    11, 40.80, 40.60,  0.20
  11724178,     0, 9,19:19:20,19:19:21,     1, 40.60, 40.60,  0.00
  11724178,     0, 9,19:19:41,19:19:42,     1, 40.50, 40.50,  0.00
  11724178,     0, 9,19:19:57,19:20:16,    19, 40.50, 40.40,  0.10
  11724178,     0, 9,19:20:40,19:21:03,    23, 40.40, 40.30,  0.10
  11724178,     0, 9,19:21:18,19:21:19,     1, 40.10, 40.20, -0.10
  12706669,  7078, 2,19:20:46,19:21:58,    72, 44.10, 33.40, 10.70
         0,     0, 2,19:22:05,19:22:14,     9, 33.40, 44.00,-10.60
  11954075,  4105, 1,19:20:52,19:22:26,    94, 41.20, 24.70, 16.50
  12706637,  7046, 3,19:22:36,19:22:41,     5, 46.70, 47.20, -0.50
         0,     0, 1,19:22:33,19:22:48,    15, 24.70, 41.30,-16.60
  13008835,     0, 6,19:12:46,19:24:17,   691, 36.70, 32.70,  4.00
         0,     0, 6,19:24:25,19:24:33,     8, 32.70, 41.00, -8.30
  21306958,  5124, 7,19:09:10,19:32:41,  1411, 41.50, 27.50, 14.00
         0,     0, 7,19:32:48,19:32:57,     9, 27.50, 27.50,  0.00
  12448442,  6055, 6,19:25:04,19:33:08,   484, 34.30, 32.90,  1.40
         0,     0, 6,19:33:16,19:33:23,     7, 32.90, 40.40, -7.50
  13008792,     0, 7,19:33:08,19:33:22,    14, 41.70, 41.10,  0.60
  13323416,     0, 9,19:34:05,19:35:09,    64, 40.00, 36.60,  3.40
         0,     0, 9,19:35:16,19:35:21,     5, 36.60, 41.10, -4.50
  12706637,  7046, 1,19:34:07,19:36:06,   119, 41.30, 37.50,  3.80
         0,     0, 1,19:36:14,19:36:17,     3, 37.50, 41.20, -3.70
  13008792,     0, 7,19:33:33,19:36:56,   203, 41.10, 23.70, 17.40
         0,     0, 7,19:37:04,19:37:15,    11, 23.70, 40.50,-16.80
  12706637,  7046, 1,19:36:27,19:37:46,    79, 41.20, 23.40, 17.80
  12706686,  7095, 2,19:36:15,19:37:48,    93, 44.00, 32.20, 11.80
         0,     0, 2,19:37:55,19:38:06,    11, 32.20, 43.90,-11.70
         0,     0, 1,19:37:54,19:38:11,    17, 23.40, 41.30,-17.90
  13323435,     0,10,19:38:06,19:38:15,     9, 39.70, 39.70,  0.00
         0,     0,10,19:38:22,19:38:23,     1, 39.70, 41.10, -1.40
  13323435,     0,10,19:39:05,19:39:11,     6, 41.00, 41.10, -0.10
  12448473,  6086, 2,19:38:26,19:39:14,    48, 43.90, 36.70,  7.20
         0,     0, 2,19:39:21,19:39:27,     6, 36.70, 44.00, -7.30
  13323435,     0, 9,19:39:20,19:41:23,   123, 41.10, 36.80,  4.30
         0,     0, 9,19:41:31,19:41:36,     5, 36.80, 41.10, -4.30
  12199981,  5035, 3,19:39:48,19:42:22,   154, 47.20, 30.00, 17.20
         0,     0, 3,19:42:30,19:42:44,    14, 30.00, 29.90,  0.10
  13008800,     0, 7,19:37:58,19:44:01,   363, 33.10, 33.20, -0.10
         0,     0, 7,19:44:08,19:44:13,     5, 33.20, 41.60, -8.40
  12448483,  6096, 5,19:41:27,19:44:20,   173, 40.80, 18.20, 22.60
         0,     0, 5,19:44:27,19:44:48,    21, 18.20, 40.80,-22.60
  12706701,  7110, 2,19:50:24,19:54:15,   231, 43.90, 26.00, 17.90
         0,     0, 2,19:54:23,19:54:40,    17, 26.00, 44.00,-18.00
  11954075,  4105, 1,19:54:23,19:55:24,    61, 41.30, 29.40, 11.90
         0,     0, 1,19:55:32,19:55:43,    11, 29.40, 41.30,-11.90
  13008789,     0, 7,19:44:25,19:57:12,   767, 41.50, 28.30, 13.20
         0,     0, 7,19:57:19,19:57:27,     8, 28.30, 41.60,-13.30
  13008815,     0, 7,19:58:20,19:59:03,    43, 35.80, 35.10,  0.70
         0,     0, 7,19:59:11,19:59:15,     4, 35.10, 41.60, -6.50
  12706707,  7116, 2,19:59:37,20:01:10,    93, 44.10, 37.10,  7.00
         0,     0, 2,20:01:17,20:01:22,     5, 37.10, 43.90, -6.80
  12706601,     0,10,20:02:42,20:02:59,    17, 40.90, 39.60,  1.30
         0,     0,10,20:03:07,20:03:08,     1, 39.60, 41.10, -1.50
  12448521,     0, 7,19:59:35,20:04:13,   278, 40.00, 31.20,  8.80
         0,     0, 7,20:04:20,20:04:26,     6, 31.20, 41.10, -9.90
  12706669,  7078, 1,20:02:24,20:05:28,   184, 41.30, 31.90,  9.40
         0,     0, 1,20:05:36,20:05:44,     8, 31.90, 41.20, -9.30
  12706601,     0,10,20:06:03,20:06:44,    41, 41.20, 36.30,  4.90
         0,     0,10,20:06:51,20:06:55,     4, 36.30, 41.20, -4.90
  13323416,     0, 9,20:11:43,20:12:35,    52, 41.10, 40.20,  0.90
  13323416,     0, 9,20:12:52,20:12:55,     3, 39.50, 39.50,  0.00
         0,     0, 9,20:13:02,20:13:03,     1, 39.50, 41.10, -1.60
  13323358,     0, 8,20:13:17,20:13:20,     3, 34.80, 34.80,  0.00
         0,     0, 8,20:13:28,20:13:34,     6, 34.80, 41.10, -6.30
  13323416,     0,10,20:13:37,20:13:51,    14, 37.70, 36.40,  1.30
         0,     0,10,20:13:59,20:14:03,     4, 36.40, 41.20, -4.80
  12200042,  5096, 1,20:12:43,20:14:28,   105, 41.30, 32.30,  9.00
         0,     0, 1,20:14:36,20:14:44,     8, 32.30, 41.30, -9.00
  11724109,  6068, 3,20:13:36,20:17:39,   243, 46.90, 31.10, 15.80
         0,     0, 3,20:17:48,20:18:01,    13, 31.10, 31.30, -0.20
  13323358,     0, 8,20:24:38,20:24:43,     5, 41.10, 41.20, -0.10
  13008779,     0, 8,20:28:37,20:29:48,    71, 41.20, 32.70,  8.50
         0,     0, 8,20:29:56,20:30:05,     9, 32.70, 41.10, -8.40
  21292347,  5120, 2,20:30:37,20:33:25,   168, 43.90, 38.10,  5.80
         0,     0, 2,20:33:33,20:33:37,     4, 38.10, 44.00, -5.90
  12448479,  6092, 3,20:36:51,20:38:50,   119, 46.70, 31.30, 15.40
         0,     0, 3,20:38:59,20:39:11,    12, 31.30, 31.30,  0.00
  12706727,  7136, 1,20:37:53,20:39:45,   112, 41.30, 23.70, 17.60
         0,     0, 1,20:39:52,20:40:08,    16, 23.70, 41.20,-17.50
  12706726,  7135, 5,20:44:48,20:45:01,    13, 40.80, 40.70,  0.10
  21292347,  5120, 2,20:44:32,20:45:31,    59, 44.00, 41.40,  2.60
  12448416,  6029, 1,20:43:01,20:45:34,   153, 41.20, 28.70, 12.50
         0,     0, 2,20:45:39,20:45:40,     1, 41.40, 44.00, -2.60
         0,     0, 1,20:45:41,20:45:52,    11, 28.70, 41.30,-12.60
  12706726,  7135, 5,20:48:09,20:50:14,   125, 40.70, 27.20, 13.50
         0,     0, 5,20:50:22,20:50:35,    13, 27.20, 41.00,-13.80
  13008742,  7163, 4,20:54:05,20:55:24,    79, 43.50, 43.50,  0.00
  11724159,     0, 6,19:33:50,20:57:44,  5034, 33.60, 29.60,  4.00
         0,     0, 6,20:57:52,20:58:03,    11, 29.60, 29.80, -0.20
  13008815,     0, 7,20:04:36,21:01:07,  3391, 40.70, 32.60,  8.10
         0,     0, 7,21:01:15,21:01:20,     5, 32.60, 32.70, -0.10
  13008742,  7163, 2,21:00:37,21:01:37,    60, 44.00, 43.70,  0.30
  13008742,  7163, 2,21:01:46,21:01:47,     1, 43.70, 43.70,  0.00
  13008742,  7163, 2,21:02:00,21:03:57,   117, 43.70, 25.00, 18.70
  12200046,  5100, 1,21:03:27,21:04:12,    45, 41.30, 32.10,  9.20
         0,     0, 2,21:04:04,21:04:22,    18, 25.00, 44.00,-19.00
         0,     0, 1,21:04:19,21:04:27,     8, 32.10, 41.30, -9.20
  12706634,     0, 7,21:02:34,21:05:05,   151, 30.00, 29.90,  0.10
         0,     0, 7,21:05:12,21:05:19,     7, 29.90, 41.50,-11.60
  12200046,  5100, 1,21:05:10,21:05:42,    32, 41.30, 35.00,  6.30
         0,     0, 1,21:05:49,21:05:54,     5, 35.00, 41.30, -6.30
  12706710,  7119, 4,21:07:59,21:08:08,     9, 43.40, 43.60, -0.20
  13323425,     0, 9,21:09:30,21:09:41,    11, 41.10, 40.90,  0.20
  13323425,     0, 9,21:09:55,21:10:13,    18, 40.70, 40.50,  0.20
  13323425,     0, 9,21:10:23,21:11:09,    46, 40.40, 36.10,  4.30
         0,     0, 9,21:11:18,21:11:24,     6, 36.10, 41.00, -4.90
  13323425,     0, 9,21:11:39,21:11:49,    10, 41.00, 39.60,  1.40
         0,     0, 9,21:11:58,21:11:59,     1, 39.60, 41.00, -1.40
  12706710,  7119, 2,21:14:48,21:16:26,    98, 44.00, 28.60, 15.40
  11724239,  3139, 1,21:14:17,21:16:36,   139, 41.30, 40.40,  0.90
         0,     0, 2,21:16:33,21:16:47,    14, 28.60, 44.00,-15.40
  11724239,  3139, 1,21:16:46,21:17:04,    18, 40.40, 40.20,  0.20
  11724239,  3139, 2,21:17:26,21:19:33,   127, 44.00, 33.80, 10.20
  12706650,  7059, 3,21:16:33,21:19:36,   183, 46.10, 29.20, 16.90
  12706636,  7045, 1,21:19:15,21:19:39,    24, 40.20, 38.40,  1.80
         0,     0, 1,21:19:46,21:19:48,     2, 38.40, 41.20, -2.80
         0,     0, 2,21:19:40,21:19:49,     9, 33.80, 43.90,-10.10
         0,     0, 3,21:19:44,21:19:58,    14, 29.20, 29.00,  0.20
  12706636,  7045, 1,21:20:34,21:20:47,    13, 41.20, 39.60,  1.60
         0,     0, 1,21:20:55,21:20:56,     1, 39.60, 41.20, -1.60
  12448428,  6041, 1,21:21:07,21:21:59,    52, 41.20, 28.60, 12.60
         0,     0, 1,21:22:06,21:22:17,    11, 28.60, 41.30,-12.70
  13323435,     0,10,21:23:04,21:25:21,   137, 40.90, 34.50,  6.40
  11953978,  4008, 3,21:23:34,21:25:29,   115, 46.30, 37.80,  8.50
         0,     0,10,21:25:30,21:25:36,     6, 34.50, 41.20, -6.70
         0,     0, 3,21:25:38,21:25:45,     7, 37.80, 37.80,  0.00
  12199981,  5035, 2,21:33:27,21:34:49,    82, 43.90, 32.00, 11.90
         0,     0, 2,21:34:56,21:35:07,    11, 32.00, 44.10,-12.10
  12706615,     0, 9,21:38:29,21:40:47,   138, 40.90, 31.50,  9.40
         0,     0, 9,21:40:56,21:41:08,    12, 31.50, 41.10, -9.60
  12448479,  6092, 4,21:41:24,21:41:32,     8, 43.80, 43.40,  0.40
  12448477,  6090, 2,21:39:03,21:42:18,   195, 44.10, 33.30, 10.80
         0,     0, 2,21:42:26,21:42:35,     9, 33.30, 43.90,-10.60
  12448477,  6090, 2,21:42:45,21:43:01,    16, 43.90, 40.90,  3.00
         0,     0, 2,21:43:08,21:43:10,     2, 40.90, 44.00, -3.10
  12448479,  6092, 3,21:41:37,21:43:21,   104, 46.50, 37.10,  9.40
         0,     0, 3,21:43:30,21:43:37,     7, 37.10, 37.30, -0.20
  12706616,  7025, 2,21:43:22,21:45:25,   123, 44.10, 31.30, 12.80
  12706738,  7147, 5,21:42:59,21:45:35,   156, 40.90, 28.50, 12.40
         0,     0, 2,21:45:33,21:45:44,    11, 31.30, 44.00,-12.70
         0,     0, 5,21:45:44,21:45:55,    11, 28.50, 40.90,-12.40
  13008786,     0, 8,21:45:54,21:45:59,     5, 41.10, 41.10,  0.00
  12706609,  7018, 8,21:48:52,21:48:55,     3, 41.10, 41.10,  0.00
  12706655,  7064, 1,21:49:36,21:49:48,    12, 41.30, 41.30,  0.00
  12706609,  7018, 8,21:49:10,21:50:07,    57, 40.20, 32.90,  7.30
         0,     0, 8,21:50:15,21:50:23,     8, 32.90, 41.10, -8.20
  12706655,  7064, 1,21:50:06,21:52:38,   152, 41.30, 21.20, 20.10
         0,     0, 1,21:52:46,21:53:05,    19, 21.20, 41.20,-20.00
  13323434,     0, 9,21:55:23,21:55:24,     1, 40.90, 40.90,  0.00
  13323434,     0, 9,21:55:39,21:56:11,    32, 40.80, 40.20,  0.60
  12706639,  7048, 1,21:53:41,21:56:50,   189, 41.20, 30.10, 11.10
         0,     0, 1,21:56:58,21:57:08,    10, 30.10, 41.20,-11.10
  13323434,     0, 9,21:56:27,21:57:13,    46, 39.60, 37.80,  1.80
         0,     0, 9,21:57:21,21:57:24,     3, 37.80, 40.80, -3.00
  12706650,  7059, 5,21:56:44,21:58:18,    94, 40.90, 33.40,  7.50
  13323434,     0, 9,21:57:46,21:58:23,    37, 39.20, 37.00,  2.20
         0,     0, 5,21:58:26,21:58:33,     7, 33.40, 33.50, -0.10
         0,     0, 9,21:58:30,21:58:35,     5, 37.00, 41.10, -4.10
  12448451,  6064, 2,21:58:36,21:58:44,     8, 43.90, 44.00, -0.10
  12448451,  6064, 1,21:58:49,21:59:42,    53, 41.20, 41.20,  0.00
  13323358,     0, 8,22:00:47,22:00:53,     6, 34.10, 34.10,  0.00
         0,     0, 8,22:01:02,22:01:09,     7, 34.10, 41.20, -7.10
  12448437,  6050, 7,21:05:30,22:01:58,  3388, 41.50, 29.00, 12.50
         0,     0, 7,22:02:07,22:02:14,     7, 29.00, 29.10, -0.10
  12448451,  6064, 2,21:59:48,22:02:23,   155, 44.00, 43.80,  0.20
  13323358,     0, 8,22:02:53,22:03:14,    21, 38.20, 37.10,  1.10
         0,     0, 8,22:03:22,22:03:26,     4, 37.10, 41.20, -4.10
  11953978,  4008, 1,22:02:42,22:05:25,   163, 41.20, 31.80,  9.40
         0,     0, 1,22:05:33,22:05:41,     8, 31.80, 41.30, -9.50
  12448451,  6064, 2,22:02:34,22:05:46,   192, 43.90, 30.20, 13.70
         0,     0, 2,22:05:54,22:06:06,    12, 30.20, 43.90,-13.70
  13008732,  7153, 5,22:06:39,22:06:42,     3, 40.80, 40.80,  0.00
  12448451,  6064, 1,22:06:13,22:07:06,    53, 41.30, 27.60, 13.70
  12706618,     0, 9,22:07:07,22:07:10,     3, 41.10, 41.10,  0.00
         0,     0, 1,22:07:14,22:07:26,    12, 27.60, 41.20,-13.60
  12200007,  5061, 2,22:06:16,22:07:30,    74, 44.00, 34.60,  9.40
  13008735,  7156, 3,22:04:35,22:07:30,   175, 46.70, 35.60, 11.10
         0,     0, 2,22:07:38,22:07:46,     8, 34.60, 44.00, -9.40
         0,     0, 3,22:07:38,22:07:46,     8, 35.60, 35.40,  0.20
  12706618,     0, 9,22:08:24,22:08:25,     1, 33.80, 33.90, -0.10
         0,     0, 9,22:08:34,22:08:43,     9, 33.90, 41.00, -7.10
  13008756,  7115, 4,22:09:59,22:10:04,     5, 43.10, 43.60, -0.50
  13008800,     0, 7,22:02:36,22:12:32,   596, 39.10, 39.00,  0.10
         0,     0, 7,22:12:40,22:12:41,     1, 39.00, 41.50, -2.50
  13008786,     0, 8,22:11:20,22:12:57,    97, 40.90, 39.50,  1.40
         0,     0, 8,22:13:05,22:13:06,     1, 39.50, 40.90, -1.40
  21268104,  6067, 2,22:10:07,22:13:57,   230, 44.00, 28.30, 15.70
         0,     0, 2,22:14:05,22:14:19,    14, 28.30, 44.00,-15.70
  13008786,     0, 8,22:14:57,22:14:58,     1, 38.50, 38.50,  0.00
         0,     0, 8,22:15:06,22:15:08,     2, 38.50, 41.10, -2.60
  21268825,  6087, 1,22:14:03,22:16:24,   141, 41.20, 26.10, 15.10
         0,     0, 1,22:16:31,22:16:44,    13, 26.10, 41.20,-15.10
  11954050,  4080, 2,22:19:03,22:21:03,   120, 44.00, 30.90, 13.10
         0,     0, 2,22:21:11,22:21:22,    11, 30.90, 44.00,-13.10
  13008756,  7115, 1,22:21:29,22:23:06,    97, 41.20, 20.10, 21.10
         0,     0, 1,22:23:14,22:23:33,    19, 20.10, 41.30,-21.20
  11954042,     0, 7,22:12:55,22:25:40,   765, 41.40, 28.70, 12.70
         0,     0, 7,22:25:48,22:25:56,     8, 28.70, 40.90,-12.20
  11954050,  4080, 1,22:25:10,22:25:56,    46, 41.30, 39.20,  2.10
         0,     0, 1,22:26:04,22:26:05,     1, 39.20, 41.30, -2.10
  12706738,  7147, 2,22:26:34,22:28:28,   114, 44.00, 34.10,  9.90
         0,     0, 2,22:28:37,22:28:45,     8, 34.10, 43.90, -9.80
  13008732,  7153, 3,22:27:33,22:30:11,   158, 46.30, 28.70, 17.60
         0,     0, 3,22:30:18,22:30:32,    14, 28.70, 28.70,  0.00
  11499161,  2051, 3,22:33:52,22:37:56,   244, 46.60, 30.10, 16.50
         0,     0, 3,22:38:03,22:38:17,    14, 30.10, 30.30, -0.20
  11954014,  4044, 1,22:37:50,22:39:17,    87, 41.30, 25.90, 15.40
  12448449,  6062, 2,22:37:23,22:39:21,   118, 43.90, 36.70,  7.20
         0,     0, 2,22:39:29,22:39:35,     6, 36.70, 43.80, -7.10
         0,     0, 1,22:39:25,22:39:40,    15, 25.90, 41.30,-15.40
  12706609,  7018, 8,22:39:29,22:40:23,    54, 41.10, 37.10,  4.00
         0,     0, 8,22:40:30,22:40:33,     3, 37.10, 41.00, -3.90
  11954014,  4044, 2,22:39:46,22:40:36,    50, 43.80, 40.70,  3.10
         0,     0, 2,22:40:44,22:40:46,     2, 40.70, 43.90, -3.20
  12448473,  6086, 3,22:46:41,22:48:19,    98, 46.70, 28.90, 17.80
         0,     0, 3,22:48:27,22:48:41,    14, 28.90, 28.90,  0.00
  13008835,     0, 6,21:04:31,22:51:53,  6442, 38.30, 38.10,  0.20
         0,     0, 6,22:52:01,22:52:03,     2, 38.10, 41.50, -3.40
  11724178,     0, 9,22:54:12,22:54:30,    18, 41.10, 41.00,  0.10
  11954075,  4105, 1,22:54:32,22:55:32,    60, 41.30, 32.50,  8.80
         0,     0, 1,22:55:40,22:55:48,     8, 32.50, 41.20, -8.70
  13008735,  7156, 1,22:56:20,22:58:16,   116, 41.20, 35.60,  5.60
         0,     0, 1,22:58:25,22:58:30,     5, 35.60, 41.30, -5.70
  11724178,     0, 9,22:58:56,22:59:19,    23, 41.00, 40.90,  0.10
  11724178,     0, 9,22:59:31,23:00:03,    32, 40.90, 40.80,  0.10
  11724178,     0, 9,23:00:25,23:00:27,     2, 40.60, 40.70, -0.10
  11724178,     0, 9,23:00:45,23:01:54,    69, 40.70, 40.30,  0.40
  11724178,     0, 9,23:02:14,23:02:54,    40, 39.30, 36.40,  2.90
         0,     0, 9,23:03:03,23:03:08,     5, 36.40, 41.10, -4.70
  12448409,  6022, 3,23:02:01,23:04:42,   161, 46.70, 27.90, 18.80
         0,     0, 3,23:04:50,23:05:05,    15, 27.90, 27.90,  0.00
  12448415,     0, 8,22:59:53,23:05:13,   320, 41.00, 33.70,  7.30
         0,     0, 8,23:05:21,23:05:28,     7, 33.70, 41.10, -7.40
  12706669,  7078, 1,23:04:47,23:06:16,    89, 41.30, 28.30, 13.00
  12448471,  6084, 4,23:05:10,23:06:33,    83, 43.50, 32.60, 10.90
         0,     0, 1,23:06:25,23:06:37,    12, 28.30, 41.30,-13.00
         0,     0, 4,23:06:42,23:06:52,    10, 32.60, 43.40,-10.80
  11724178,     0, 9,23:15:15,23:16:04,    49, 41.10, 40.80,  0.30
  11954075,  4105, 2,23:15:37,23:16:17,    40, 43.90, 38.10,  5.80
  12706650,  7059, 5,23:15:14,23:16:21,    67, 40.80, 35.10,  5.70
         0,     0, 2,23:16:24,23:16:28,     4, 38.10, 44.00, -5.90
         0,     0, 5,23:16:29,23:16:34,     5, 35.10, 40.90, -5.80
  12706624,  7033, 6,22:52:13,23:17:48,  1535, 41.50, 33.90,  7.60
         0,     0, 6,23:17:56,23:18:02,     6, 33.90, 41.30, -7.40
  12706727,  7136, 1,23:27:25,23:29:11,   106, 41.40, 29.00, 12.40
         0,     0, 1,23:29:20,23:29:31,    11, 29.00, 41.20,-12.20
  12706655,  7064, 1,23:31:24,23:35:14,   230, 41.20, 29.10, 12.10
         0,     0, 1,23:35:22,23:35:33,    11, 29.10, 41.30,-12.20
  13008737,     0, 8,23:33:18,23:36:52,   214, 41.00, 25.00, 16.00
         0,     0, 8,23:37:00,23:37:17,    17, 25.00, 41.20,-16.20
  12706651,  7060, 4,23:37:27,23:37:32,     5, 43.50, 43.80, -0.30
  13008836,     0, 8,23:39:04,23:39:14,    10, 41.20, 41.10,  0.10
  12706726,  7135, 5,23:38:17,23:40:13,   116, 40.90, 27.40, 13.50
         0,     0, 5,23:40:21,23:40:33,    12, 27.40, 41.00,-13.60
  13008836,     0, 8,23:39:29,23:43:40,   251, 41.20, 26.50, 14.70
         0,     0, 8,23:43:48,23:44:03,    15, 26.50, 41.20,-14.70
  12448442,  6055, 6,23:18:16,23:44:06,  1550, 39.30, 35.80,  3.50
         0,     0, 6,23:44:14,23:44:18,     4, 35.80, 35.90, -0.10
  12199986,     0, 7,22:26:52,23:44:42,  4670, 29.20, 29.40, -0.20
  12448483,  6096, 1,23:42:11,23:44:42,   151, 41.30, 21.30, 20.00
  11499161,  2051, 3,23:40:26,23:44:43,   257, 46.70, 41.10,  5.60
  12706624,  7033, 6,23:44:34,23:44:44,    10, 41.50, 41.40,  0.10
         0,     0, 8,23:44:55,23:45:05,    10, 41.20, 41.20,  0.00
         0,     0, 9,23:44:56,23:45:06,    10, 40.80, 40.80,  0.00
         0,     0,10,23:44:56,23:45:06,    10, 31.70, 31.70,  0.00
         0,     0, 2,23:44:56,23:45:06,    10, 43.90, 43.90,  0.00
         0,     0, 4,23:44:56,23:45:06,    10, 43.60, 43.60,  0.00
         0,     0, 5,23:44:56,23:45:06,    10, 40.90, 40.90,  0.00
         0,     0, 3,23:44:51,23:44:55,     4, 41.10, 46.00, -4.90
         0,     0, 7,23:44:50,23:44:58,     8, 29.40, 41.70,-12.30
         0,     0, 1,23:44:50,23:45:09,    19, 21.30, 41.20,-19.90
