         0,     0, 6, 0:03:34, 0:03:44,    10, 41.50, 41.50,  0.00
         0,     0, 5, 0:03:34, 0:03:44,    10, 40.80, 40.80,  0.00
         0,     0, 7, 0:03:34, 0:03:44,    10, 39.00, 39.00,  0.00
         0,     0, 8, 0:03:34, 0:03:44,    10, 40.70, 40.70,  0.00
         0,     0, 9, 0:03:34, 0:03:44,    10, 41.10, 41.10,  0.00
         0,     0,10, 0:03:34, 0:03:44,    10, 41.10, 41.10,  0.00
         0,     0, 1, 0:03:34, 0:03:44,    10, 41.10, 41.10,  0.00
         0,     0, 2, 0:03:34, 0:03:44,    10, 43.70, 43.70,  0.00
         0,     0, 3, 0:03:35, 0:03:45,    10, 46.60, 46.60,  0.00
         0,     0, 4, 0:03:35, 0:03:45,    10, 42.90, 42.90,  0.00
  12706729,  7138, 1, 0:06:48, 0:07:36,    48, 41.10, 38.50,  2.60
         0,     0, 1, 0:07:45, 0:07:47,     2, 38.50, 41.20, -2.70
  12706729,  7138, 4, 0:08:40, 0:09:53,    73, 43.00, 28.90, 14.10
         0,     0, 4, 0:10:00, 0:10:14,    14, 28.90, 43.40,-14.50
  12200042,  5096, 2, 0:08:33, 0:10:22,   109, 43.70, 43.60,  0.10
  12200042,  5096, 1, 0:10:25, 0:12:22,   117, 41.20, 28.20, 13.00
         0,     0, 1, 0:12:30, 0:12:42,    12, 28.20, 41.30,-13.10
  13008833,     0, 8, 0:11:15, 0:15:38,   263, 40.70, 26.80, 13.90
         0,     0, 8, 0:15:47, 0:16:02,    15, 26.80, 41.10,-14.30
  13008742,  7163, 5, 0:14:23, 0:17:32,   189, 40.80, 26.60, 14.20
         0,     0, 5, 0:17:40, 0:17:54,    14, 26.60, 41.00,-14.40
  12706609,  7018, 8, 0:18:58, 0:19:54,    56, 41.10, 38.40,  2.70
         0,     0, 8, 0:20:03, 0:20:05,     2, 38.40, 41.10, -2.70
  12706616,  7025, 3, 0:26:27, 0:27:45,    78, 47.20, 34.60, 12.60
         0,     0, 3, 0:27:53, 0:28:03,    10, 34.60, 46.20,-11.60
  12706659,  7068, 4, 0:32:41, 0:35:06,   145, 44.10, 25.70, 18.40
         0,     0, 4, 0:35:14, 0:35:30,    16, 25.70, 43.30,-17.60
  12706669,  7078, 4, 0:36:04, 0:36:48,    44, 43.40, 34.40,  9.00
         0,     0, 4, 0:36:56, 0:37:04,     8, 34.40, 43.50, -9.10
  13008842,  8083, 1, 0:36:38, 0:38:43,   125, 41.30, 38.20,  3.10
         0,     0, 1, 0:38:50, 0:38:52,     2, 38.20, 41.20, -3.00
  13008866,     0, 8, 0:39:11, 0:39:25,    14, 41.10, 41.10,  0.00
  13008866,     0, 8, 0:40:18, 0:40:27,     9, 41.00, 41.00,  0.00
  13008866,     0, 8, 0:40:51, 0:41:05,    14, 40.80, 40.90, -0.10
  13008866,     0, 8, 0:41:27, 0:42:13,    46, 40.80, 40.60,  0.20
  13008866,     0, 8, 0:42:54, 0:44:28,    94, 40.50, 40.20,  0.30
  12448428,  6041, 1, 0:43:46, 0:45:01,    75, 41.20, 23.80, 17.40
         0,     0, 1, 0:45:08, 0:45:24,    16, 23.80, 41.20,-17.40
  21268104,  6062, 5, 0:44:31, 0:46:09,    98, 40.90, 28.10, 12.80
  13008866,     0, 8, 0:44:39, 0:46:12,    93, 40.10, 39.70,  0.40
         0,     0, 8, 0:46:21, 0:46:22,     1, 39.70, 41.10, -1.40
         0,     0, 5, 0:46:18, 0:46:30,    12, 28.10, 40.90,-12.80
  13008866,     0, 8, 0:46:33, 0:47:20,    47, 41.00, 40.80,  0.20
  13008866,     0, 8, 0:47:37, 0:47:45,     8, 40.70, 40.70,  0.00
  13008866,     0, 8, 0:48:08, 0:49:23,    75, 40.60, 40.20,  0.40
  13008866,     0, 8, 0:49:38, 0:52:25,   167, 40.30, 39.30,  1.00
         0,     0, 8, 0:52:33, 0:52:34,     1, 39.30, 41.00, -1.70
  13008866,     0, 8, 0:52:51, 0:53:47,    56, 41.00, 40.40,  0.60
  13008866,     0, 8, 0:54:50, 0:54:52,     2, 40.40, 40.40,  0.00
  13008866,     0, 8, 0:55:13, 0:56:08,    55, 40.40, 40.10,  0.30
  13008866,     0, 8, 0:56:18, 0:56:44,    26, 40.10, 39.90,  0.20
         0,     0, 8, 0:56:53, 0:56:53,     0, 39.90, 40.60, -0.70
  13008866,     0, 8, 0:57:04, 0:57:14,    10, 40.60, 40.50,  0.10
  13008866,     0, 8, 0:57:25, 0:58:41,    76, 40.50, 40.10,  0.40
  13008866,     0, 8, 0:58:50, 0:58:59,     9, 40.10, 40.00,  0.10
  12706727,  7136, 2, 0:59:03, 1:02:27,   204, 43.50, 31.20, 12.30
  12448477,  6090, 1, 1:02:10, 1:02:39,    29, 41.30, 37.70,  3.60
         0,     0, 2, 1:02:34, 1:02:46,    12, 31.20, 43.70,-12.50
         0,     0, 1, 1:02:46, 1:02:49,     3, 37.70, 41.20, -3.50
  12448477,  6090, 1, 1:03:27, 1:03:45,    18, 41.20, 38.40,  2.80
         0,     0, 1, 1:03:52, 1:03:54,     2, 38.40, 41.20, -2.80
  13008842,  8083, 1, 1:04:10, 1:05:21,    71, 41.20, 33.60,  7.60
         0,     0, 1, 1:05:28, 1:05:35,     7, 33.60, 41.10, -7.50
  12448473,  6086, 5, 1:10:08, 1:11:00,    52, 40.90, 33.50,  7.40
         0,     0, 5, 1:11:08, 1:11:15,     7, 33.50, 41.00, -7.50
  12706642,  7051, 8, 1:14:11, 1:14:14,     3, 40.10, 40.10,  0.00
  13008866,     0, 8, 1:16:55, 1:17:01,     6, 39.90, 39.90,  0.00
         0,     0, 8, 1:17:09, 1:17:09,     0, 39.90, 40.90, -1.00
  13008866,     0, 8, 1:17:24, 1:18:23,    59, 40.90, 40.40,  0.50
  13008797,     0, 7, 0:49:32, 1:23:35,  2043, 28.60, 14.90, 13.70
         0,     0, 7, 1:23:43, 1:24:00,    17, 14.90, 41.60,-26.70
  13008866,     0, 8, 1:28:38, 1:29:24,    46, 40.60, 40.30,  0.30
  12448477,  6090, 1, 1:30:15, 1:30:34,    19, 41.10, 38.20,  2.90
         0,     0, 1, 1:30:41, 1:30:43,     2, 38.20, 41.20, -3.00
  12199981,  5035, 2, 1:36:23, 1:36:31,     8, 43.60, 43.50,  0.10
  11954014,  4044, 4, 1:35:40, 1:36:32,    52, 43.60, 27.80, 15.80
         0,     0, 4, 1:36:40, 1:36:54,    14, 27.80, 43.40,-15.60
  12199981,  5035, 2, 1:36:50, 1:37:52,    62, 43.50, 32.70, 10.80
         0,     0, 2, 1:38:00, 1:38:11,    11, 32.70, 43.80,-11.10
  12706705,  7114, 3, 1:35:30, 1:38:12,   162, 46.40, 28.50, 17.90
         0,     0, 3, 1:38:20, 1:38:35,    15, 28.50, 46.20,-17.70
  11954027,  4057, 1, 1:39:52, 1:41:38,   106, 41.20, 24.40, 16.80
         0,     0, 1, 1:41:46, 1:42:02,    16, 24.40, 41.30,-16.90
  13008837,     0,10, 1:41:51, 1:42:26,    35, 40.90, 40.80,  0.10
  13008837,     0, 9, 1:42:31, 1:46:03,   212, 41.10, 31.40,  9.70
         0,     0, 9, 1:46:11, 1:46:24,    13, 31.40, 41.10, -9.70
  21268104,  6062, 2, 1:45:15, 1:46:58,   103, 43.80, 31.10, 12.70
         0,     0, 2, 1:47:06, 1:47:18,    12, 31.10, 43.80,-12.70
  11724159,     0, 8, 1:48:04, 1:49:02,    58, 40.30, 27.70, 12.60
         0,     0, 8, 1:49:11, 1:49:25,    14, 27.70, 41.10,-13.40
  11954050,  4080, 5, 1:50:07, 1:52:16,   129, 40.90, 28.80, 12.10
         0,     0, 5, 1:52:24, 1:52:35,    11, 28.80, 28.80,  0.00
  12706642,  7051, 7, 1:24:10, 1:53:07,  1737, 41.40, 29.60, 11.80
         0,     0, 7, 1:53:15, 1:53:22,     7, 29.60, 29.70, -0.10
  12448471,  6084, 1, 1:53:47, 1:54:57,    70, 41.30, 34.70,  6.60
         0,     0, 1, 1:55:05, 1:55:11,     6, 34.70, 41.20, -6.50
  13008835,     0, 8, 1:58:23, 1:58:25,     2, 41.10, 41.20, -0.10
  13008835,     0, 8, 1:59:50, 1:59:51,     1, 40.90, 41.00, -0.10
  13008835,     0, 8, 2:01:37, 2:01:41,     4, 40.90, 40.70,  0.20
  13008835,     0, 8, 2:04:10, 2:04:11,     1, 40.60, 40.60,  0.00
  13008732,  7153, 4, 2:09:35, 2:12:09,   154, 43.60, 23.90, 19.70
         0,     0, 4, 2:12:18, 2:12:36,    18, 23.90, 43.40,-19.50
  13008762,     0, 7, 1:54:34, 2:16:54,  1340, 41.40, 40.80,  0.60
  12706701,  7110, 4, 2:21:53, 2:23:12,    79, 43.50, 42.10,  1.40
  12448415,     0,10, 2:24:59, 2:27:10,   131, 40.20, 30.60,  9.60
         0,     0,10, 2:27:19, 2:27:30,    11, 30.60, 41.20,-10.60
  12706701,  7110, 5, 2:25:10, 2:28:38,   208, 40.90, 29.70, 11.20
         0,     0, 5, 2:28:46, 2:28:56,    10, 29.70, 40.90,-11.20
  12448454,  6067, 1, 2:46:47, 2:48:20,    93, 41.20, 35.20,  6.00
         0,     0, 1, 2:48:28, 2:48:33,     5, 35.20, 41.20, -6.00
  12448412,  6025, 2, 2:49:47, 2:50:09,    22, 43.60, 43.50,  0.10
  12448432,  6045, 1, 2:50:07, 2:52:44,   157, 41.20, 33.30,  7.90
         0,     0, 1, 2:52:52, 2:52:59,     7, 33.30, 41.20, -7.90
  13008836,     0,10, 2:55:50, 2:55:51,     1, 41.00, 41.00,  0.00
  13008836,     0, 9, 2:56:35, 2:56:53,    18, 41.00, 41.00,  0.00
  13008836,     0, 9, 2:58:02, 2:58:19,    17, 40.90, 40.80,  0.10
  13008836,     0, 9, 2:59:43, 3:00:13,    30, 40.80, 40.70,  0.10
  12448437,  6050,10, 3:00:16, 3:00:18,     2, 41.00, 41.00,  0.00
  12448412,  6025, 1, 2:59:26, 3:00:22,    56, 41.20, 41.00,  0.20
  13008836,     0, 9, 3:00:33, 3:01:27,    54, 40.70, 40.60,  0.10
  13008836,     0, 9, 3:02:05, 3:04:01,   116, 40.60, 31.70,  8.90
         0,     0, 9, 3:04:08, 3:04:21,    13, 31.70, 41.00, -9.30
  12448437,  6050,10, 3:02:12, 3:05:51,   219, 41.00, 34.60,  6.40
         0,     0,10, 3:06:00, 3:06:06,     6, 34.60, 41.10, -6.50
  13008779,     0, 9, 3:15:19, 3:16:33,    74, 41.00, 37.90,  3.10
         0,     0, 9, 3:16:42, 3:16:46,     4, 37.90, 41.10, -3.20
  13008779,     0,10, 3:18:04, 3:19:05,    61, 41.10, 36.60,  4.50
         0,     0,10, 3:19:12, 3:19:16,     4, 36.60, 41.10, -4.50
  12448412,  6025, 4, 3:16:24, 3:21:21,   297, 42.10, 18.60, 23.50
         0,     0, 4, 3:21:29, 3:21:52,    23, 18.60, 43.60,-25.00
  12448448,  6061, 1, 3:21:22, 3:22:14,    52, 41.00, 40.90,  0.10
  12706651,  7060, 5, 3:26:32, 3:29:29,   177, 40.90, 32.10,  8.80
         0,     0, 5, 3:29:36, 3:29:44,     8, 32.10, 41.00, -8.90
  12448448,  6061, 2, 3:22:30, 3:32:04,   574, 43.50, 31.00, 12.50
         0,     0, 2, 3:32:12, 3:32:24,    12, 31.00, 43.80,-12.80
  21268825,  6068, 1, 3:33:00, 3:34:14,    74, 40.90, 40.70,  0.20
  11499202,     0, 8, 3:34:04, 3:37:05,   181, 40.20, 33.40,  6.80
         0,     0, 8, 3:37:14, 3:37:22,     8, 33.40, 41.20, -7.80
  21268825,  6068, 2, 3:34:25, 3:38:34,   249, 43.80, 27.80, 16.00
         0,     0, 2, 3:38:41, 3:38:57,    16, 27.80, 43.70,-15.90
  12200046,  5100, 2, 3:58:33, 3:59:51,    78, 43.70, 30.40, 13.30
         0,     0, 2, 3:59:59, 4:00:12,    13, 30.40, 43.80,-13.40
  12706655,  7064, 1, 4:11:59, 4:15:09,   190, 40.70, 28.20, 12.50
         0,     0, 1, 4:15:16, 4:15:28,    12, 28.20, 41.20,-13.00
  12706637,  7046, 4, 4:16:24, 4:20:12,   228, 43.90, 28.50, 15.40
         0,     0, 4, 4:20:21, 4:20:35,    14, 28.50, 43.30,-14.80
  12448416,  6029, 5, 4:25:46, 4:27:59,   133, 41.00, 33.70,  7.30
  13008866,     0, 8, 4:27:07, 4:28:01,    54, 41.30, 41.00,  0.30
         0,     0, 5, 4:28:07, 4:28:14,     7, 33.70, 41.00, -7.30
  13008866,     0, 8, 4:28:16, 4:28:53,    37, 41.00, 40.80,  0.20
  12448416,  6029, 5, 4:28:24, 4:29:16,    52, 41.00, 31.60,  9.40
         0,     0, 5, 4:29:25, 4:29:33,     8, 31.60, 31.70, -0.10
  13008866,     0, 8, 4:29:06, 4:30:19,    73, 40.80, 40.50,  0.30
  13008866,     0, 8, 4:30:36, 4:31:38,    62, 40.50, 40.30,  0.20
  13008866,     0, 8, 4:31:49, 4:33:06,    77, 40.20, 39.90,  0.30
         0,     0, 8, 4:33:15, 4:33:16,     1, 39.90, 40.80, -0.90
  13008866,     0, 8, 4:33:27, 4:35:24,   117, 40.80, 40.20,  0.60
  13008768,     0, 8, 5:14:27, 5:18:05,   218, 40.20, 23.50, 16.70
         0,     0, 8, 5:18:13, 5:18:32,    19, 23.50, 41.10,-17.60
  12448451,  6064, 2, 5:17:22, 5:18:43,    81, 43.60, 43.40,  0.20
  12448451,  6064, 2, 5:19:01, 5:20:21,    80, 43.40, 28.60, 14.80
         0,     0, 2, 5:20:30, 5:20:45,    15, 28.60, 43.70,-15.10
  12706710,  7119, 2, 6:26:51, 6:28:53,   122, 43.60, 25.40, 18.20
         0,     0, 2, 6:29:01, 6:29:19,    18, 25.40, 43.80,-18.40
  12706738,  7147, 1, 6:27:30, 6:29:22,   112, 41.20, 28.30, 12.90
         0,     0, 1, 6:29:30, 6:29:42,    12, 28.30, 41.40,-13.10
  11953996,  4026, 2, 6:30:32, 6:31:00,    28, 43.80, 43.80,  0.00
  12448416,  6029, 2, 6:31:38, 6:32:27,    49, 43.80, 41.00,  2.80
         0,     0, 2, 6:32:35, 6:32:37,     2, 41.00, 43.70, -2.70
  12448454,  6067, 4, 6:32:04, 6:33:41,    97, 43.60, 32.70, 10.90
  12448416,  6029, 1, 6:32:45, 6:33:49,    64, 41.30, 30.10, 11.20
         0,     0, 4, 6:33:49, 6:33:59,    10, 32.70, 43.40,-10.70
         0,     0, 1, 6:33:57, 6:34:07,    10, 30.10, 41.30,-11.20
  11953978,  4008, 4, 6:38:28, 6:39:12,    44, 43.90, 34.60,  9.30
         0,     0, 4, 6:39:19, 6:39:27,     8, 34.60, 43.30, -8.70
  12706636,  7045, 5, 6:40:11, 6:41:29,    78, 40.90, 31.60,  9.30
         0,     0, 5, 6:41:36, 6:41:45,     9, 31.60, 41.00, -9.40
  12199981,  5035, 3, 6:43:53, 6:45:43,   110, 46.90, 32.40, 14.50
         0,     0, 3, 6:45:50, 6:46:02,    12, 32.40, 46.30,-13.90
  12706719,  7128, 5, 6:42:49, 6:46:18,   209, 40.90, 25.60, 15.30
         0,     0, 5, 6:46:26, 6:46:40,    14, 25.60, 40.70,-15.10
  11953996,  4026, 1, 6:49:54, 6:52:56,   182, 41.30, 19.60, 21.70
         0,     0, 1, 6:53:04, 6:53:25,    21, 19.60, 41.30,-21.70
  12448471,  6084, 3, 6:54:16, 6:56:47,   151, 46.90, 31.10, 15.80
         0,     0, 3, 6:56:55, 6:57:08,    13, 31.10, 46.50,-15.40
  12448432,  6045, 2, 6:57:34, 7:01:21,   227, 43.70, 27.90, 15.80
  12706729,  7138, 1, 7:00:35, 7:01:25,    50, 41.30, 41.20,  0.10
         0,     0, 2, 7:01:29, 7:01:44,    15, 27.90, 43.80,-15.90
  12706738,  7147, 2, 7:02:30, 7:04:43,   133, 43.80, 30.70, 13.10
         0,     0, 2, 7:04:51, 7:05:04,    13, 30.70, 43.80,-13.10
  21304388,  6125, 2, 7:05:15, 7:07:24,   129, 43.80, 20.60, 23.20
         0,     0, 2, 7:07:32, 7:07:55,    23, 20.60, 43.80,-23.20
  12706636,  7045, 5, 7:08:26, 7:09:07,    41, 40.70, 35.00,  5.70
         0,     0, 5, 7:09:14, 7:09:19,     5, 35.00, 40.90, -5.90
  12200064,  5118, 4, 7:07:59, 7:09:31,    92, 44.00, 43.10,  0.90
  12200064,  5118, 4, 7:09:59, 7:10:24,    25, 43.20, 42.90,  0.30
  12706639,  7048, 2, 7:08:05, 7:10:24,   139, 43.80, 23.10, 20.70
         0,     0, 2, 7:10:32, 7:10:53,    21, 23.10, 43.80,-20.70
  12706707,  7116, 4, 7:10:43, 7:11:43,    60, 43.10, 32.90, 10.20
         0,     0, 4, 7:11:50, 7:11:59,     9, 32.90, 43.40,-10.50
  12706707,  7116, 1, 7:12:49, 7:13:51,    62, 41.20, 35.50,  5.70
         0,     0, 1, 7:13:59, 7:14:04,     5, 35.50, 41.30, -5.80
  11954014,  4044, 3, 7:13:50, 7:14:56,    66, 46.90, 37.50,  9.40
  12448483,  6096, 4, 7:12:17, 7:15:05,   168, 43.60, 16.90, 26.70
         0,     0, 3, 7:15:04, 7:15:11,     7, 37.50, 46.30, -8.80
         0,     0, 4, 7:15:14, 7:15:38,    24, 16.90, 43.10,-26.20
  12200010,  5064, 1, 7:14:58, 7:16:19,    81, 41.30, 37.80,  3.50
         0,     0, 1, 7:16:27, 7:16:29,     2, 37.80, 41.30, -3.50
  13008742,  7163, 2, 7:16:27, 7:16:52,    25, 43.80, 43.70,  0.10
  12706729,  7138, 5, 7:15:43, 7:18:34,   171, 40.90, 32.10,  8.80
         0,     0, 5, 7:18:44, 7:18:52,     8, 32.10, 41.10, -9.00
  12200064,  5118, 4, 7:19:16, 7:19:51,    35, 43.60, 43.70, -0.10
  12200064,  5118, 4, 7:20:07, 7:20:08,     1, 43.20, 43.40, -0.20
  13008742,  7163, 2, 7:17:01, 7:20:26,   205, 43.70, 24.30, 19.40
         0,     0, 2, 7:20:34, 7:20:53,    19, 24.30, 43.80,-19.50
  12200010,  5064, 1, 7:21:56, 7:23:42,   106, 41.30, 25.50, 15.80
         0,     0, 1, 7:23:51, 7:24:05,    14, 25.50, 41.30,-15.80
  12706705,  7114, 3, 7:22:21, 7:25:10,   169, 46.50, 30.60, 15.90
         0,     0, 3, 7:25:18, 7:25:31,    13, 30.60, 46.20,-15.60
  11954050,  4080, 1, 7:35:49, 7:36:34,    45, 41.30, 39.30,  2.00
         0,     0, 1, 7:36:42, 7:36:43,     1, 39.30, 41.30, -2.00
  11954050,  4080, 1, 7:37:00, 7:38:24,    84, 41.30, 26.70, 14.60
         0,     0, 1, 7:38:32, 7:38:45,    13, 26.70, 41.30,-14.60
  12706669,  7078, 1, 7:41:21, 7:42:08,    47, 41.30, 27.50, 13.80
         0,     0, 1, 7:42:16, 7:42:29,    13, 27.50, 41.20,-13.70
  12448479,  6092, 3, 7:44:32, 7:47:36,   184, 46.90, 30.80, 16.10
         0,     0, 3, 7:47:44, 7:47:57,    13, 30.80, 30.50,  0.30
  12706710,  7119, 4, 7:48:01, 7:51:34,   213, 43.10, 29.90, 13.20
         0,     0, 4, 7:51:41, 7:51:53,    12, 29.90, 43.30,-13.40
  11954014,  4044, 1, 7:54:54, 7:55:29,    35, 41.20, 31.80,  9.40
         0,     0, 1, 7:55:37, 7:55:46,     9, 31.80, 41.20, -9.40
  12706706,  7115, 2, 8:19:57, 8:21:13,    76, 43.70, 23.80, 19.90
         0,     0, 2, 8:21:21, 8:21:41,    20, 23.80, 43.70,-19.90
  12706669,  7078, 4, 8:25:38, 8:26:38,    60, 44.00, 35.50,  8.50
         0,     0, 4, 8:26:46, 8:26:53,     7, 35.50, 35.50,  0.00
  12448474,  6087, 3, 8:24:16, 8:27:16,   180, 46.50, 27.10, 19.40
         0,     0, 3, 8:27:25, 8:27:41,    16, 27.10, 26.90,  0.20
  12448479,  6092, 2, 8:35:57, 8:37:32,    95, 43.70, 38.40,  5.30
         0,     0, 2, 8:37:41, 8:37:45,     4, 38.40, 43.80, -5.40
  12448483,  6096, 3, 8:34:43, 8:37:47,   184, 47.20, 23.90, 23.30
         0,     0, 3, 8:37:55, 8:38:15,    20, 23.90, 46.30,-22.40
  12448454,  6067, 2, 8:38:25, 8:39:11,    46, 43.80, 43.60,  0.20
  12448479,  6092, 1, 8:38:33, 8:39:12,    39, 41.20, 36.60,  4.60
         0,     0, 1, 8:39:20, 8:39:24,     4, 36.60, 41.20, -4.60
  12448454,  6067, 1, 8:39:49, 8:40:07,    18, 41.20, 40.40,  0.80
  12448479,  6092, 2, 8:39:57, 8:40:10,    13, 43.60, 41.90,  1.70
         0,     0, 2, 8:40:17, 8:40:17,     0, 41.90, 43.60, -1.70
  12448479,  6092, 2, 8:40:36, 8:40:56,    20, 43.60, 40.80,  2.80
         0,     0, 2, 8:41:04, 8:41:06,     2, 40.80, 43.80, -3.00
  12448454,  6067, 1, 8:40:27, 8:41:35,    68, 40.40, 32.00,  8.40
         0,     0, 1, 8:41:42, 8:41:51,     9, 32.00, 41.30, -9.30
  21306958,  5124,10, 8:39:45, 8:43:38,   233, 40.60, 35.00,  5.60
         0,     0,10, 8:43:46, 8:43:52,     6, 35.00, 41.20, -6.20
  21306958,  5124,10, 8:44:04, 8:44:40,    36, 41.20, 39.30,  1.90
         0,     0,10, 8:44:48, 8:44:49,     1, 39.30, 41.20, -1.90
  12706727,  7136, 5, 8:51:11, 8:52:18,    67, 41.00, 30.30, 10.70
         0,     0, 5, 8:52:25, 8:52:35,    10, 30.30, 41.00,-10.70
  13323420,     0,10, 8:58:16, 8:58:23,     7, 41.20, 41.20,  0.00
  12706659,  7068, 2, 8:57:54, 9:01:45,   231, 43.70, 26.20, 17.50
         0,     0, 2, 9:01:53, 9:02:10,    17, 26.20, 43.70,-17.50
  12199977,     0, 9, 9:03:52, 9:04:22,    30, 41.10, 41.00,  0.10
  12199977,     0, 9, 9:04:38, 9:05:44,    66, 40.80, 36.60,  4.20
         0,     0, 9, 9:05:52, 9:05:57,     5, 36.60, 41.10, -4.50
  11954027,  4057, 2, 9:09:07, 9:09:28,    21, 43.70, 43.40,  0.30
  12706700,  7109, 2, 9:09:38, 9:11:08,    90, 43.40, 24.80, 18.60
         0,     0, 2, 9:11:17, 9:11:36,    19, 24.80, 43.70,-18.90
  12448412,  6025, 1, 9:07:58, 9:14:05,   367, 41.30, 12.40, 28.90
         0,     0, 1, 9:14:14, 9:14:41,    27, 12.40, 41.30,-28.90
  12706651,  7060, 5, 9:12:47, 9:14:38,   111, 40.90, 28.60, 12.30
         0,     0, 5, 9:14:46, 9:14:57,    11, 28.60, 41.00,-12.40
  12706616,  7025, 2, 9:15:23, 9:15:36,    13, 43.80, 43.70,  0.10
  11954027,  4057, 1, 9:16:06, 9:17:36,    90, 41.30, 18.50, 22.80
         0,     0, 1, 9:17:45, 9:18:06,    21, 18.50, 41.20,-22.70
  12706616,  7025, 1, 9:18:57, 9:20:10,    73, 41.20, 37.20,  4.00
         0,     0, 1, 9:20:19, 9:20:22,     3, 37.20, 41.30, -4.10
  13008815,     0, 9, 9:21:22, 9:21:25,     3, 41.10, 41.10,  0.00
  11953996,  4026, 2, 9:21:15, 9:21:29,    14, 43.80, 43.70,  0.10
  11953996,  4026, 1, 9:21:36, 9:21:46,    10, 41.30, 41.30,  0.00
  11953996,  4026, 2, 9:22:02, 9:22:14,    12, 43.70, 43.70,  0.00
  11953996,  4026, 1, 9:22:32, 9:22:37,     5, 41.30, 41.30,  0.00
  12448521,     0, 9, 9:21:37, 9:23:46,   129, 41.00, 33.00,  8.00
  11953978,  4008, 1, 9:23:30, 9:23:59,    29, 41.30, 41.30,  0.00
         0,     0, 9, 9:23:55, 9:24:06,    11, 33.00, 41.00, -8.00
  13008815,     0,10, 9:21:52, 9:24:16,   144, 41.10, 28.60, 12.50
  11953978,  4008, 2, 9:24:11, 9:24:29,    18, 43.70, 43.70,  0.00
         0,     0,10, 9:24:25, 9:24:38,    13, 28.60, 41.20,-12.60
  11953978,  4008, 1, 9:24:33, 9:25:00,    27, 41.30, 41.30,  0.00
  13008815,     0, 9, 9:25:09, 9:25:17,     8, 41.10, 40.20,  0.90
  11953978,  4008, 2, 9:25:05, 9:26:12,    67, 43.70, 43.70,  0.00
  11953978,  4008, 2, 9:27:34, 9:27:43,     9, 43.70, 43.70,  0.00
  11953978,  4008, 1, 9:27:48, 9:28:11,    23, 41.30, 41.30,  0.00
  12448474,  6087, 4, 9:34:26, 9:34:34,     8, 43.60, 43.50,  0.10
  12706706,  7115, 2, 9:35:24, 9:35:27,     3, 43.70, 43.60,  0.10
  12448474,  6087, 4, 9:35:02, 9:35:50,    48, 43.50, 43.70, -0.20
  12706706,  7115, 2, 9:35:50, 9:36:33,    43, 43.70, 41.40,  2.30
         0,     0, 2, 9:36:41, 9:36:42,     1, 41.40, 43.70, -2.30
  12706706,  7115, 2, 9:36:56, 9:38:20,    84, 43.70, 35.90,  7.80
         0,     0, 2, 9:38:29, 9:38:36,     7, 35.90, 43.80, -7.90
  21268825,  6068, 2, 9:39:05, 9:39:22,    17, 43.70, 43.70,  0.00
  13008779,     0, 9, 9:39:41, 9:40:54,    73, 40.20, 38.10,  2.10
         0,     0, 9, 9:41:03, 9:41:06,     3, 38.10, 41.10, -3.00
  21268825,  6068, 2, 9:39:54, 9:43:05,   191, 43.50, 26.80, 16.70
  13008866,     0, 8, 9:42:40, 9:43:13,    33, 41.00, 40.90,  0.10
         0,     0, 2, 9:43:14, 9:43:31,    17, 26.80, 43.80,-17.00
  13008866,     0, 8, 9:44:35, 9:44:42,     7, 40.80, 40.70,  0.10
  13008839,     0, 8, 9:45:31, 9:45:33,     2, 40.70, 40.60,  0.10
  13008839,     0, 8, 9:45:54, 9:45:55,     1, 40.60, 40.70, -0.10
  12448474,  6087, 1, 9:44:18, 9:46:14,   116, 41.30, 27.80, 13.50
         0,     0, 1, 9:46:22, 9:46:34,    12, 27.80, 41.20,-13.40
  11954056,     0, 9, 9:47:53, 9:47:56,     3, 41.10, 41.10,  0.00
  12448477,  6090, 2, 9:47:40, 9:48:44,    64, 43.80, 40.70,  3.10
         0,     0, 2, 9:48:52, 9:48:54,     2, 40.70, 43.90, -3.20
  11954056,     0,10, 9:48:59, 9:49:00,     1, 41.10, 41.10,  0.00
  12448451,  6064, 1, 9:48:59, 9:49:00,     1, 41.20, 41.20,  0.00
  12448451,  6064, 2, 9:49:09, 9:50:21,    72, 43.90, 43.80,  0.10
  12706636,  7045, 5, 9:55:08, 9:55:10,     2, 32.90, 33.00, -0.10
         0,     0, 5, 9:55:18, 9:55:25,     7, 33.00, 41.00, -8.00
  12706636,  7045, 5, 9:55:44, 9:56:10,    26, 41.00, 38.50,  2.50
         0,     0, 5, 9:56:17, 9:56:19,     2, 38.50, 41.10, -2.60
  13008762,     0, 8, 9:58:49, 9:58:51,     2, 40.60, 40.60,  0.00
  12706622,     0, 7, 2:18:07, 9:58:53, 27646, 40.60, 28.10, 12.50
         0,     0, 7, 9:59:02, 9:59:10,     8, 28.10, 41.50,-13.40
  12448477,  6090, 2,10:03:00,10:04:24,    84, 43.80, 33.10, 10.70
         0,     0, 2,10:04:31,10:04:41,    10, 33.10, 43.70,-10.60
  12706637,  7046, 4,10:01:26,10:05:56,   270, 22.30,  9.90, 12.40
         0,     0, 4,10:06:05,10:06:37,    32,  9.90, 43.40,-33.50
  12706727,  7136, 2,10:08:43,10:08:51,     8, 43.80, 43.80,  0.00
  13008737,     0,10,10:08:40,10:10:29,   109, 41.00, 28.00, 13.00
         0,     0,10,10:10:37,10:10:50,    13, 28.00, 41.20,-13.20
  12448451,  6064, 1,10:12:30,10:13:06,    36, 41.20, 41.00,  0.20
  12200010,  5064, 1,10:13:34,10:14:00,    26, 41.00, 41.00,  0.00
  12706651,  7060, 5,10:12:02,10:14:15,   133, 41.00, 32.00,  9.00
         0,     0, 5,10:14:22,10:14:30,     8, 32.00, 40.90, -8.90
  12448448,  6061, 4,10:14:43,10:14:44,     1, 43.80, 43.70,  0.10
  13008762,     0, 7, 9:59:38,10:15:33,   955, 41.60, 25.20, 16.40
         0,     0, 7,10:15:40,10:15:50,    10, 25.20, 25.20,  0.00
  12200042,  5096, 3,10:16:30,10:16:36,     6, 13.60, 13.60,  0.00
         0,     0, 3,10:16:44,10:17:11,    27, 13.60, 46.00,-32.40
  12448448,  6061, 4,10:16:48,10:17:37,    49, 42.30, 40.20,  2.10
         0,     0, 4,10:17:45,10:17:48,     3, 40.20, 43.20, -3.00
  21292347,  5120, 5,10:17:14,10:19:44,   150, 40.80, 25.20, 15.60
         0,     0, 5,10:19:51,10:20:05,    14, 25.20, 25.20,  0.00
  12706655,  7064, 2,10:18:33,10:20:36,   123, 43.70, 39.50,  4.20
         0,     0, 2,10:20:44,10:20:47,     3, 39.50, 43.70, -4.20
  12448448,  6061, 4,10:20:21,10:20:44,    23, 23.50, 23.40,  0.10
         0,     0, 4,10:20:52,10:21:10,    18, 23.40, 43.60,-20.20
  12448451,  6064, 3,10:19:45,10:21:20,    95, 45.50, 24.00, 21.50
  12706655,  7064, 2,10:21:00,10:21:42,    42, 41.70, 31.60, 10.10
         0,     0, 3,10:21:28,10:21:47,    19, 24.00, 45.90,-21.90
         0,     0, 2,10:21:50,10:22:02,    12, 31.60, 43.70,-12.10
  11954027,  4057, 2,10:26:25,10:27:56,    91, 43.80, 33.10, 10.70
         0,     0, 2,10:28:03,10:28:13,    10, 33.10, 43.70,-10.60
  12706729,  7138, 3,10:28:39,10:28:53,    14, 34.80, 34.80,  0.00
         0,     0, 3,10:29:01,10:29:09,     8, 34.80, 45.80,-11.00
  12706738,  7147, 4,10:29:03,10:29:37,    34, 14.10, 13.90,  0.20
         0,     0, 4,10:29:46,10:30:13,    27, 13.90, 43.50,-29.60
  12706729,  7138, 5,10:29:49,10:32:36,   167, 40.90, 22.50, 18.40
  12448415,     0, 9,10:29:53,10:32:54,   181, 41.10, 29.60, 11.50
         0,     0, 5,10:32:44,10:33:01,    17, 22.50, 40.90,-18.40
         0,     0, 9,10:33:03,10:33:18,    15, 29.60, 41.00,-11.40
  12448477,  6090, 2,10:35:39,10:36:22,    43, 43.70, 39.80,  3.90
         0,     0, 2,10:36:30,10:36:33,     3, 39.80, 43.70, -3.90
  13008837,     0,10,10:37:33,10:37:44,    11, 41.20, 41.10,  0.10
  13008837,     0, 9,10:37:57,10:38:28,    31, 41.10, 41.00,  0.10
  12200010,  5064, 1,10:37:46,10:38:50,    64, 14.80,  8.00,  6.80
         0,     0, 1,10:38:57,10:39:28,    31,  8.00, 41.20,-33.20
  13008837,     0, 9,10:38:55,10:40:14,    79, 41.00, 40.40,  0.60
  12706701,  7110, 1,10:39:47,10:42:09,   142, 41.20, 30.30, 10.90
         0,     0, 1,10:42:16,10:42:26,    10, 30.30, 41.30,-11.00
  13008837,     0, 9,10:40:23,10:42:31,   128, 40.40, 31.70,  8.70
         0,     0, 9,10:42:40,10:42:52,    12, 31.70, 41.10, -9.40
  12706636,  7045, 3,10:42:54,10:43:03,     9, 20.80, 20.80,  0.00
  12706701,  7110, 2,10:42:58,10:43:07,     9, 36.90, 37.00, -0.10
         0,     0, 2,10:43:15,10:43:21,     6, 37.00, 43.70, -6.70
         0,     0, 3,10:43:11,10:43:32,    21, 20.80, 45.90,-25.10
  13008815,     0, 9,10:45:24,10:45:27,     3, 41.10, 41.10,  0.00
  11953978,  4008, 1,10:44:26,10:45:43,    77, 41.10, 24.90, 16.20
         0,     0, 1,10:45:52,10:46:07,    15, 24.90, 41.30,-16.40
  13008815,     0,10,10:45:40,10:46:56,    76, 41.10, 33.00,  8.10
         0,     0,10,10:47:05,10:47:13,     8, 33.00, 41.20, -8.20
  12706637,  7046, 3,10:45:40,10:47:34,   114, 45.70, 32.30, 13.40
         0,     0, 3,10:47:43,10:47:54,    11, 32.30, 46.00,-13.70
  12199981,  5035, 3,10:50:03,10:51:24,    81, 45.90, 27.90, 18.00
         0,     0, 3,10:51:31,10:51:46,    15, 27.90, 46.00,-18.10
  12448521,     0, 9,10:50:49,10:52:10,    81, 41.10, 36.10,  5.00
         0,     0, 9,10:52:19,10:52:25,     6, 36.10, 41.10, -5.00
  21268825,  6068, 3,10:57:40,10:57:50,    10, 46.00, 46.00,  0.00
  12200064,  5118, 3,11:00:15,11:00:22,     7, 45.90, 45.90,  0.00
  13008839,     0, 8,11:00:57,11:01:34,    37, 40.70, 40.60,  0.10
  12706646,     0, 6, 0:16:29,11:01:38, 38709, 41.50, 16.80, 24.70
         0,     0, 6,11:01:48,11:02:11,    23, 16.80, 41.20,-24.40
  13008839,     0, 8,11:01:47,11:02:25,    38, 40.60, 40.40,  0.20
  21292347,  5120, 4,11:02:08,11:02:51,    43, 14.60, 13.00,  1.60
         0,     0, 4,11:02:59,11:03:27,    28, 13.00, 42.90,-29.90
  13008839,     0, 8,11:02:42,11:03:52,    70, 40.30, 39.50,  0.80
         0,     0, 8,11:04:00,11:04:01,     1, 39.50, 40.50, -1.00
  13008839,     0, 8,11:04:11,11:04:24,    13, 40.40, 39.50,  0.90
         0,     0, 8,11:04:33,11:04:33,     0, 39.50, 38.60,  0.90
  12200064,  5118, 4,11:04:41,11:05:41,    60, 42.50, 34.40,  8.10
         0,     0, 4,11:05:48,11:05:56,     8, 34.40, 43.40, -9.00
  13008839,     0, 8,11:04:43,11:06:38,   115, 38.60, 30.30,  8.30
  13008827,     0, 6,11:02:40,11:06:45,   245, 41.10, 26.10, 15.00
         0,     0, 8,11:06:46,11:06:57,    11, 30.30, 41.10,-10.80
         0,     0, 6,11:06:52,11:07:06,    14, 26.10, 41.50,-15.40
  12448442,  6055, 8,11:07:44,11:07:49,     5, 37.80, 37.80,  0.00
  12706639,  7048, 4,11:06:06,11:07:53,   107, 43.20, 33.70,  9.50
         0,     0, 8,11:07:58,11:08:01,     3, 37.80, 41.10, -3.30
         0,     0, 4,11:08:01,11:08:10,     9, 33.70, 43.40, -9.70
  13008858,     0, 7,11:02:24,11:08:20,   356, 41.50, 41.40,  0.10
  12448471,  6084, 1,11:08:19,11:08:54,    35, 41.30, 36.50,  4.80
         0,     0, 1,11:09:02,11:09:06,     4, 36.50, 41.30, -4.80
  12448471,  6084, 2,11:09:00,11:09:46,    46, 43.70, 36.00,  7.70
  12448442,  6055, 8,11:08:54,11:09:51,    57, 37.70, 35.00,  2.70
         0,     0, 2,11:09:54,11:10:01,     7, 36.00, 43.80, -7.80
         0,     0, 8,11:10:00,11:10:06,     6, 35.00, 41.10, -6.10
  12200010,  5064, 1,11:10:17,11:10:20,     3, 24.50, 24.50,  0.00
  12200064,  5118, 5,11:06:31,11:10:32,   241, 41.00, 19.80, 21.20
         0,     0, 1,11:10:27,11:10:43,    16, 24.50, 41.10,-16.60
         0,     0, 5,11:10:41,11:11:01,    20, 19.80, 40.90,-21.10
  21292347,  5120, 4,11:11:25,11:12:02,    37, 35.00, 32.40,  2.60
         0,     0, 4,11:12:11,11:12:21,    10, 32.40, 43.30,-10.90
  13008858,     0, 8,11:14:37,11:18:25,   228, 41.10, 33.30,  7.80
         0,     0, 8,11:18:34,11:18:42,     8, 33.30, 41.20, -7.90
  13008858,     0, 8,11:19:14,11:19:17,     3, 37.50, 37.50,  0.00
         0,     0, 8,11:19:25,11:19:28,     3, 37.50, 41.10, -3.60
  11954056,     0, 9,11:18:32,11:20:04,    92, 41.20, 41.00,  0.20
  12199977,     0, 9,11:20:24,11:20:42,    18, 41.00, 40.90,  0.10
  12199977,     0, 9,11:20:53,11:22:19,    86, 40.90, 33.40,  7.50
         0,     0, 9,11:22:27,11:22:37,    10, 33.40, 41.10, -7.70
  12448432,  6045, 2,11:22:46,11:24:48,   122, 43.60, 36.70,  6.90
         0,     0, 2,11:24:57,11:25:03,     6, 36.70, 43.70, -7.00
  11954056,     0,10,11:22:38,11:25:46,   188, 41.10, 27.40, 13.70
         0,     0,10,11:25:54,11:26:08,    14, 27.40, 41.20,-13.80
  12706624,  7033, 8,11:24:26,11:27:55,   209, 41.20, 35.70,  5.50
         0,     0, 8,11:28:02,11:28:07,     5, 35.70, 41.10, -5.40
  12706624,  7033, 8,11:28:35,11:29:34,    59, 41.10, 38.80,  2.30
         0,     0, 8,11:29:43,11:29:45,     2, 38.80, 41.10, -2.30
  12706609,  7018, 8,11:38:08,11:38:13,     5, 41.20, 41.20,  0.00
  12706729,  7138, 5,11:36:05,11:38:25,   140, 40.90, 30.70, 10.20
  12706622,     0, 7,11:11:08,11:38:37,  1649, 38.00, 13.40, 24.60
         0,     0, 5,11:38:33,11:38:43,    10, 30.70, 40.80,-10.10
         0,     0, 7,11:38:45,11:39:03,    18, 13.40, 13.40,  0.00
  12706639,  7048, 5,11:39:31,11:39:35,     4, 40.90, 40.90,  0.00
  12706639,  7048, 5,11:40:56,11:42:32,    96, 40.90, 28.70, 12.20
  13008866,     0, 8,11:41:47,11:42:33,    46, 41.10, 41.00,  0.10
         0,     0, 5,11:42:40,11:42:51,    11, 28.70, 41.00,-12.30
  13008866,     0, 8,11:43:10,11:43:44,    34, 41.00, 40.80,  0.20
  13008866,     0, 8,11:44:09,11:44:17,     8, 40.70, 40.70,  0.00
  13008866,     0, 8,11:44:28,11:44:48,    20, 40.70, 40.60,  0.10
  13008866,     0, 8,11:45:03,11:45:18,    15, 40.60, 40.50,  0.10
  13008866,     0, 8,11:45:31,11:45:41,    10, 40.40, 40.40,  0.00
  12706710,  7119, 4,11:50:00,11:50:53,    53, 29.80, 22.30,  7.50
         0,     0, 4,11:51:02,11:51:21,    19, 22.30, 43.30,-21.00
  13008742,  7163, 2,11:52:09,11:52:14,     5, 43.70, 43.70,  0.00
  13008742,  7163, 2,11:52:26,11:56:09,   223, 43.70, 23.80, 19.90
         0,     0, 2,11:56:17,11:56:37,    20, 23.80, 43.70,-19.90
  13008835,     0, 8,11:58:10,11:58:12,     2, 40.30, 40.40, -0.10
  11953978,  4008, 5,11:59:33,11:59:47,    14, 41.00, 40.80,  0.20
  12448471,  6084, 5,11:59:56,12:01:31,    95, 40.80, 28.50, 12.30
  21306958,  5124, 9,11:57:40,12:01:39,   239, 41.10, 35.80,  5.30
         0,     0, 5,12:01:40,12:01:52,    12, 28.50, 28.60, -0.10
         0,     0, 9,12:01:46,12:01:53,     7, 35.80, 41.20, -5.40
  21306958,  5124, 9,12:02:04,12:02:26,    22, 41.30, 40.60,  0.70
  13008866,     0, 8,12:04:31,12:05:20,    49, 40.30, 40.10,  0.20
  13008732,  7153, 3,12:05:16,12:06:17,    61, 13.60, 11.20,  2.40
         0,     0, 3,12:06:24,12:06:55,    31, 11.20, 46.00,-34.80
  13008866,     0, 8,12:06:42,12:07:59,    77, 40.10, 39.70,  0.40
         0,     0, 8,12:08:08,12:08:09,     1, 39.70, 41.00, -1.30
  13008732,  7153, 3,12:07:59,12:08:13,    14, 26.60, 26.60,  0.00
         0,     0, 3,12:08:21,12:08:37,    16, 26.60, 46.00,-19.40
  13008833,     0, 8,12:10:36,12:11:03,    27, 41.10, 41.00,  0.10
  12448416,  6029, 5,12:11:17,12:11:22,     5, 40.40, 40.40,  0.00
  13008835,     0, 8,12:11:20,12:11:26,     6, 41.00, 41.00,  0.00
  12448416,  6029, 5,12:11:43,12:12:19,    36, 39.30, 38.00,  1.30
         0,     0, 5,12:12:27,12:12:29,     2, 38.00, 41.00, -3.00
  12448416,  6029, 5,12:12:49,12:13:08,    19, 39.40, 39.40,  0.00
         0,     0, 5,12:13:15,12:13:16,     1, 39.40, 40.60, -1.20
  12706609,  7018, 8,12:11:52,12:13:27,    95, 40.90, 33.50,  7.40
  12448416,  6029, 5,12:13:26,12:13:33,     7, 39.60, 39.60,  0.00
         0,     0, 5,12:13:41,12:13:42,     1, 39.60, 40.80, -1.20
         0,     0, 8,12:13:35,12:13:43,     8, 33.50, 41.20, -7.70
  13008768,     0, 8,12:15:27,12:16:06,    39, 41.20, 41.20,  0.00
  12706609,  7018, 7,11:39:13,12:16:10,  2217, 41.20, 28.30, 12.90
  12706719,  7128, 5,12:16:17,12:16:19,     2, 40.70, 40.70,  0.00
         0,     0, 7,12:16:18,12:16:24,     6, 28.30, 28.30,  0.00
  12200042,  5096, 2,12:17:13,12:17:18,     5, 30.20, 30.20,  0.00
         0,     0, 2,12:17:26,12:17:39,    13, 30.20, 43.90,-13.70
  13008833,     0, 8,12:17:19,12:19:02,   103, 41.20, 41.00,  0.20
  13008833,     0, 8,12:20:57,12:22:12,    75, 41.00, 39.80,  1.20
         0,     0, 8,12:22:20,12:22:21,     1, 39.80, 40.80, -1.00
  13008797,     0, 7,12:16:43,12:23:29,   406, 38.00, 27.00, 11.00
         0,     0, 7,12:23:36,12:23:45,     9, 27.00, 41.50,-14.50
  13008833,     0, 7,12:23:55,12:25:25,    90, 41.00, 37.40,  3.60
         0,     0, 7,12:25:33,12:25:35,     2, 37.40, 41.60, -4.20
  11954050,  4080, 1,12:25:17,12:25:49,    32, 35.10, 28.70,  6.40
         0,     0, 1,12:25:56,12:26:08,    12, 28.70, 41.20,-12.50
  12200048,     0, 8,12:23:29,12:26:26,   177, 40.70, 30.70, 10.00
  11724181,     0, 7,12:26:30,12:26:35,     5, 41.20, 41.30, -0.10
         0,     0, 8,12:26:35,12:26:45,    10, 30.70, 41.10,-10.40
  11724181,     0, 8,12:27:06,12:29:24,   138, 41.10, 26.00, 15.10
         0,     0, 8,12:29:32,12:29:48,    16, 26.00, 41.10,-15.10
  12200048,     0, 7,12:26:44,12:30:17,   213, 41.20, 41.00,  0.20
  13323420,     0,10,12:34:08,12:34:16,     8, 41.00, 40.50,  0.50
  12706719,  7128, 4,12:32:03,12:35:03,   180, 12.70,  8.40,  4.30
  13323420,     0,10,12:35:18,12:35:29,    11, 40.50, 40.20,  0.30
         0,     0, 4,12:35:10,12:35:43,    33,  8.40, 43.50,-35.10
  13008866,     0, 8,12:35:59,12:36:04,     5, 41.20, 41.20,  0.00
  13323420,     0,10,12:36:04,12:36:16,    12, 40.20, 39.50,  0.70
         0,     0,10,12:36:25,12:36:26,     1, 39.50, 41.20, -1.70
  13008866,     0, 8,12:36:20,12:36:52,    32, 41.20, 41.00,  0.20
  13323420,     0,10,12:36:48,12:37:05,    17, 41.20, 39.10,  2.10
         0,     0,10,12:37:12,12:37:13,     1, 39.10, 41.20, -2.10
  13008866,     0, 8,12:37:04,12:37:13,     9, 41.00, 41.00,  0.00
  12448416,  6029, 4,12:37:12,12:37:34,    22, 28.80, 28.50,  0.30
         0,     0, 4,12:37:41,12:37:54,    13, 28.50, 43.40,-14.90
  13008866,     0, 8,12:37:57,12:38:05,     8, 40.70, 40.60,  0.10
  11499202,     0, 8,12:38:44,12:38:58,    14, 40.60, 40.50,  0.10
  13008816,     0, 7,12:30:36,12:39:07,   511, 40.80, 24.30, 16.50
         0,     0, 7,12:39:14,12:39:24,    10, 24.30, 24.30,  0.00
  11953996,  4026, 2,12:37:03,12:39:32,   149, 43.90, 23.50, 20.40
         0,     0, 2,12:39:40,12:40:01,    21, 23.50, 43.80,-20.30
  13008768,     0, 8,12:39:18,12:40:39,    81, 40.40, 34.90,  5.50
  11499202,     0, 7,12:39:39,12:40:47,    68, 40.30, 34.90,  5.40
         0,     0, 8,12:40:48,12:40:54,     6, 34.90, 41.00, -6.10
         0,     0, 7,12:40:54,12:40:58,     4, 34.90, 41.60, -6.70
  13323420,     0,10,12:41:03,12:41:16,    13, 41.30, 40.10,  1.20
  13008768,     0, 8,12:41:20,12:42:02,    42, 38.10, 30.40,  7.70
  13323420,     0,10,12:41:59,12:42:14,    15, 40.10, 37.40,  2.70
         0,     0, 8,12:42:11,12:42:22,    11, 30.40, 41.00,-10.60
         0,     0,10,12:42:21,12:42:24,     3, 37.40, 41.10, -3.70
  13323420,     0,10,12:43:00,12:43:15,    15, 41.10, 37.10,  4.00
         0,     0,10,12:43:24,12:43:27,     3, 37.10, 41.10, -4.00
  13323420,     0,10,12:43:51,12:44:23,    32, 41.20, 32.80,  8.40
         0,     0,10,12:44:33,12:44:41,     8, 32.80, 41.10, -8.30
  13008842,  8083, 2,12:44:16,12:46:30,   134, 43.80, 29.40, 14.40
         0,     0, 2,12:46:38,12:46:52,    14, 29.40, 43.70,-14.30
  12199987,     0, 8,12:51:25,12:51:32,     7, 41.10, 41.00,  0.10
  11499202,     0, 7,12:42:01,12:51:37,   576, 39.20, 39.10,  0.10
         0,     0, 7,12:51:45,12:51:46,     1, 39.10, 41.50, -2.40
  13008779,     0,10,12:51:58,12:52:43,    45, 41.10, 33.30,  7.80
         0,     0,10,12:52:52,12:53:00,     8, 33.30, 41.20, -7.90
  12448471,  6084, 5,12:53:41,12:53:48,     7, 40.80, 40.80,  0.00
  12448432,  6045, 1,12:52:58,12:55:25,   147, 41.10, 32.40,  8.70
         0,     0, 1,12:55:33,12:55:41,     8, 32.40, 41.20, -8.80
  11954014,  4044, 5,12:58:24,12:58:26,     2, 40.80, 40.80,  0.00
  12706645,     0, 6,11:07:33,13:01:21,  6828, 41.40, 22.60, 18.80
         0,     0, 6,13:01:29,13:01:47,    18, 22.60, 41.50,-18.90
  12199987,     0, 7,12:52:08,13:02:29,   621, 41.30, 41.10,  0.20
  12199986,     0,10,13:04:09,13:04:17,     8, 41.10, 41.00,  0.10
  12448454,  6067, 3,13:02:57,13:05:19,   142, 23.60, 11.50, 12.10
         0,     0, 3,13:05:27,13:05:56,    29, 11.50, 46.00,-34.50
  13008797,     0, 7,13:02:59,13:06:01,   182, 40.80, 30.70, 10.10
         0,     0, 7,13:06:08,13:06:14,     6, 30.70, 30.80, -0.10
  21268104,  6062, 5,13:06:21,13:06:24,     3, 40.80, 40.80,  0.00
  12706646,     0, 6,13:01:57,13:08:09,   372, 41.50, 22.80, 18.70
         0,     0, 6,13:08:17,13:08:34,    17, 22.80, 41.50,-18.70
  12199987,     0, 8,13:11:28,13:12:07,    39, 40.90, 40.40,  0.50
  12706707,  7116, 2,13:11:07,13:12:36,    89, 43.70, 33.00, 10.70
         0,     0, 2,13:12:43,13:12:53,    10, 33.00, 43.70,-10.70
  12706669,  7078, 4,13:13:24,13:13:47,    23, 23.90, 21.30,  2.60
  12706669,  7078, 3,13:14:00,13:14:11,    11, 29.90, 28.30,  1.60
         0,     0, 4,13:13:55,13:14:15,    20, 21.30, 43.30,-22.00
         0,     0, 3,13:14:20,13:14:35,    15, 28.30, 46.00,-17.70
  12706634,     0,10,13:14:22,13:15:24,    62, 41.00, 33.70,  7.30
         0,     0,10,13:15:32,13:15:39,     7, 33.70, 41.20, -7.50
  12706634,     0,10,13:16:11,13:16:13,     2, 34.70, 34.70,  0.00
         0,     0,10,13:16:22,13:16:28,     6, 34.70, 41.20, -6.50
  12199987,     0, 8,13:12:18,13:18:09,   351, 40.40, 17.60, 22.80
         0,     0, 8,13:18:16,13:18:41,    25, 17.60, 41.10,-23.50
  12706609,  7018, 8,13:19:18,13:19:58,    40, 40.20, 37.70,  2.50
         0,     0, 8,13:20:05,13:20:08,     3, 37.70, 41.10, -3.40
  12200048,     0, 8,13:21:32,13:21:34,     2, 41.10, 41.10,  0.00
  13008826,     0, 7,13:06:51,13:23:51,  1020, 41.60, 23.40, 18.20
         0,     0, 7,13:23:59,13:24:10,    11, 23.40, 23.50, -0.10
  12200048,     0, 8,13:21:54,13:25:49,   235, 41.10, 34.00,  7.10
         0,     0, 8,13:25:57,13:26:04,     7, 34.00, 41.10, -7.10
  12706624,  7033, 7,13:24:24,13:26:17,   113, 41.50, 39.40,  2.10
         0,     0, 7,13:26:24,13:26:25,     1, 39.40, 39.40,  0.00
  12200046,  5100, 4,13:26:09,13:27:09,    60, 43.70, 42.60,  1.10
  13008816,     0, 8,13:27:46,13:28:09,    23, 41.00, 40.90,  0.10
  13008816,     0, 8,13:28:30,13:28:32,     2, 40.90, 40.90,  0.00
  12448483,  6096, 2,13:26:03,13:28:32,   149, 43.70, 22.40, 21.30
         0,     0, 2,13:28:41,13:29:02,    21, 22.40, 43.80,-21.40
  13008866,     0, 8,13:29:25,13:29:38,    13, 40.90, 40.70,  0.20
  12199986,     0, 9,13:29:08,13:30:37,    89, 40.50, 30.10, 10.40
         0,     0, 9,13:30:45,13:30:59,    14, 30.10, 41.10,-11.00
  13008866,     0, 8,13:30:17,13:31:19,    62, 40.60, 40.10,  0.50
  13008866,     0, 8,13:31:31,13:31:34,     3, 40.10, 40.10,  0.00
  13008737,     0, 9,13:31:35,13:33:04,    89, 41.10, 31.00, 10.10
         0,     0, 9,13:33:12,13:33:25,    13, 31.00, 41.20,-10.20
  12706719,  7128, 1,13:35:46,13:39:02,   196, 41.20, 32.40,  8.80
  12706669,  7078, 2,13:37:47,13:39:08,    81, 43.70, 36.00,  7.70
         0,     0, 1,13:39:10,13:39:18,     8, 32.40, 41.20, -8.80
         0,     0, 2,13:39:16,13:39:23,     7, 36.00, 43.80, -7.80
  13008779,     0, 9,13:41:35,13:43:13,    98, 41.20, 34.60,  6.60
  13008866,     0, 8,13:42:44,13:43:22,    38, 40.10, 39.60,  0.50
         0,     0, 9,13:43:21,13:43:29,     8, 34.60, 41.10, -6.50
         0,     0, 8,13:43:29,13:43:30,     1, 39.60, 41.00, -1.40
  13008779,     0,10,13:43:37,13:43:55,    18, 41.20, 37.70,  3.50
         0,     0,10,13:44:03,13:44:06,     3, 37.70, 41.20, -3.50
  13008835,     0, 8,13:44:41,13:45:30,    49, 40.80, 40.50,  0.30
  12706636,  7045, 5,13:47:19,13:47:22,     3, 39.20, 39.20,  0.00
         0,     0, 5,13:47:29,13:47:30,     1, 39.20, 41.10, -1.90
  13008835,     0, 8,13:46:21,13:47:28,    67, 40.20, 37.80,  2.40
  12200048,     0, 7,13:28:12,13:47:37,  1165, 41.10, 39.70,  1.40
         0,     0, 8,13:47:36,13:47:39,     3, 37.80, 41.20, -3.40
         0,     0, 7,13:47:44,13:47:45,     1, 39.70, 41.60, -1.90
  12706636,  7045, 5,13:47:43,13:48:09,    26, 39.50, 37.70,  1.80
         0,     0, 5,13:48:16,13:48:19,     3, 37.70, 41.00, -3.30
  12706669,  7078, 4,13:48:46,13:49:03,    17, 42.50, 42.20,  0.30
  12448437,  6050, 9,13:49:16,13:49:42,    26, 41.10, 41.10,  0.00
  13008835,     0, 8,13:49:41,13:49:45,     4, 41.10, 41.00,  0.10
  13008835,     0, 8,13:49:55,13:49:57,     2, 40.80, 40.90, -0.10
  12448454,  6067, 2,13:48:37,13:50:09,    92, 43.80, 35.70,  8.10
         0,     0, 2,13:50:17,13:50:24,     7, 35.70, 43.70, -8.00
  13008866,     0, 8,13:50:57,13:51:02,     5, 40.70, 40.50,  0.20
  13008835,     0, 7,13:48:25,13:51:19,   174, 34.90, 34.90,  0.00
         0,     0, 7,13:51:26,13:51:30,     4, 34.90, 34.90,  0.00
  13008866,     0, 8,13:51:19,13:51:54,    35, 40.50, 40.20,  0.30
  12448437,  6050,10,13:50:08,13:52:38,   150, 41.20, 31.90,  9.30
         0,     0,10,13:52:46,13:52:55,     9, 31.90, 41.20, -9.30
  12706659,  7068, 4,13:52:31,13:52:55,    24, 41.80, 41.40,  0.40
         0,     0, 4,13:53:04,13:53:05,     1, 41.40, 43.20, -1.80
  13008866,     0, 8,13:53:19,13:53:29,    10, 40.00, 39.80,  0.20
         0,     0, 8,13:53:37,13:53:38,     1, 39.80, 40.80, -1.00
  12199988,     0, 6,13:09:11,13:53:45,  2674, 40.50, 35.50,  5.00
         0,     0, 6,13:53:53,13:53:58,     5, 35.50, 41.50, -6.00
  13008866,     0, 8,13:54:08,13:54:49,    41, 40.50, 40.10,  0.40
  13008858,     0, 7,13:51:56,13:55:07,   191, 41.30, 36.60,  4.70
  13008866,     0, 8,13:55:08,13:55:09,     1, 40.20, 40.20,  0.00
         0,     0, 7,13:55:14,13:55:16,     2, 36.60, 41.50, -4.90
  11954027,  4057, 2,13:54:50,13:56:40,   110, 43.80, 27.20, 16.60
         0,     0, 2,13:56:48,13:57:05,    17, 27.20, 43.80,-16.60
  13008798,     0, 7,13:55:59,14:00:02,   243, 40.90, 24.90, 16.00
         0,     0, 7,14:00:09,14:00:19,    10, 24.90, 41.40,-16.50
  12706705,  7114, 4,14:01:28,14:02:09,    41, 43.60, 41.80,  1.80
         0,     0, 4,14:02:18,14:02:19,     1, 41.80, 43.10, -1.30
  13008835,     0, 8,14:02:55,14:02:56,     1, 40.00, 40.10, -0.10
  12706636,  7045, 5,14:03:17,14:03:19,     2, 32.00, 32.00,  0.00
         0,     0, 5,14:03:26,14:03:34,     8, 32.00, 32.10, -0.10
  21268104,  6062, 4,14:03:39,14:03:44,     5, 33.40, 33.30,  0.10
         0,     0, 4,14:03:52,14:04:01,     9, 33.30, 43.00, -9.70
  13008835,     0, 8,14:04:00,14:04:02,     2, 40.00, 40.00,  0.00
  13008848,     0, 7,14:02:32,14:04:22,   110, 16.20, 16.30, -0.10
         0,     0, 7,14:04:29,14:04:45,    16, 16.30, 41.30,-25.00
  13008835,     0, 8,14:04:48,14:04:51,     3, 39.70, 39.60,  0.10
         0,     0, 8,14:04:59,14:05:00,     1, 39.60, 41.00, -1.40
  13008835,     0, 8,14:05:52,14:05:54,     2, 40.70, 40.70,  0.00
  13008866,     0, 8,14:06:28,14:06:34,     6, 40.40, 40.20,  0.20
  12706705,  7114, 4,14:06:18,14:06:46,    28, 21.40, 21.60, -0.20
         0,     0, 4,14:06:55,14:07:15,    20, 21.60, 43.30,-21.70
  12706651,  7060, 5,14:05:55,14:07:33,    98, 40.90, 34.10,  6.80
         0,     0, 5,14:07:41,14:07:47,     6, 34.10, 40.90, -6.80
  13008866,     0, 8,14:07:07,14:07:42,    35, 40.00, 39.60,  0.40
         0,     0, 8,14:07:51,14:07:52,     1, 39.60, 41.10, -1.50
  21304388,  6125, 2,14:05:43,14:08:35,   172, 43.90, 21.80, 22.10
  13008866,     0, 8,14:08:21,14:08:48,    27, 40.80, 40.60,  0.20
         0,     0, 2,14:08:44,14:09:06,    22, 21.80, 43.70,-21.90
  13008866,     0, 8,14:09:11,14:09:13,     2, 40.50, 40.50,  0.00
  13008858,     0, 7,14:05:37,14:10:35,   298, 40.70, 29.50, 11.20
         0,     0, 7,14:10:43,14:10:50,     7, 29.50, 29.50,  0.00
  13008835,     0, 8,14:11:30,14:11:34,     4, 40.40, 40.30,  0.10
  11724159,     0, 8,14:12:35,14:12:41,     6, 40.30, 39.60,  0.70
         0,     0, 8,14:12:49,14:12:50,     1, 39.60, 41.00, -1.40
  11724159,     0, 8,14:13:05,14:13:42,    37, 41.00, 31.40,  9.60
         0,     0, 8,14:13:49,14:13:59,    10, 31.40, 41.10, -9.70
  11724159,     0, 8,14:14:43,14:15:09,    26, 41.10, 35.60,  5.50
         0,     0, 8,14:15:17,14:15:22,     5, 35.60, 41.20, -5.60
  12448412,  6025, 4,14:08:55,14:15:20,   385, 43.20, 21.20, 22.00
         0,     0, 4,14:15:28,14:15:49,    21, 21.20, 43.40,-22.20
  13008866,     0, 8,14:16:25,14:16:33,     8, 40.90, 40.80,  0.10
  12706642,  7051, 8,14:18:46,14:19:22,    36, 30.10, 25.80,  4.30
         0,     0, 8,14:19:29,14:19:45,    16, 25.80, 41.10,-15.30
  21306958,  5124, 9,14:19:54,14:22:09,   135, 41.10, 40.60,  0.50
  12448454,  6067, 4,14:21:28,14:22:45,    77, 43.70, 37.10,  6.60
         0,     0, 4,14:22:54,14:22:59,     5, 37.10, 43.30, -6.20
  21306958,  5124,10,14:22:14,14:23:02,    48, 41.10, 38.00,  3.10
         0,     0,10,14:23:10,14:23:12,     2, 38.00, 41.20, -3.20
  13008866,     0, 8,14:23:10,14:23:12,     2, 41.00, 41.00,  0.00
  12200046,  5100, 2,14:23:03,14:24:00,    57, 43.70, 35.10,  8.60
  12448521,     0, 9,14:24:05,14:24:06,     1, 39.80, 39.90, -0.10
         0,     0, 2,14:24:07,14:24:15,     8, 35.10, 43.80, -8.70
         0,     0, 9,14:24:15,14:24:16,     1, 39.90, 41.00, -1.10
         0,     0, 9,14:25:16,14:25:24,     8, 34.70, 41.10, -6.40
  12448479,  6092, 5,14:23:22,14:25:45,   143, 40.80, 26.80, 14.00
         0,     0, 5,14:25:53,14:26:06,    13, 26.80, 26.90, -0.10
  13008835,     0, 8,14:28:14,14:28:15,     1, 40.50, 40.60, -0.10
  12706624,  7033, 8,14:29:45,14:30:06,    21, 40.70, 40.50,  0.20
  12706624,  7033, 8,14:30:31,14:30:33,     2, 40.10, 40.10,  0.00
  21292347,  5120, 4,14:28:07,14:30:36,   149, 43.50, 30.00, 13.50
         0,     0, 4,14:30:44,14:30:56,    12, 30.00, 43.30,-13.30
  12706624,  7033, 8,14:31:09,14:31:28,    19, 40.10, 39.40,  0.70
  21268825,  6068, 4,14:31:27,14:31:34,     7, 43.70, 43.70,  0.00
         0,     0, 8,14:31:37,14:31:38,     1, 39.40, 40.90, -1.50
  12706642,  7051, 7,14:16:19,14:31:56,   937, 41.40, 24.60, 16.80
         0,     0, 7,14:32:04,14:32:14,    10, 24.60, 24.60,  0.00
  12706624,  7033, 8,14:32:22,14:32:22,     0, 37.90, 38.00, -0.10
         0,     0, 8,14:32:30,14:32:32,     2, 38.00, 41.20, -3.20
  21268825,  6068, 4,14:31:48,14:34:35,   167, 43.60, 33.70,  9.90
         0,     0, 4,14:34:43,14:34:52,     9, 33.70, 43.50, -9.80
  21268825,  6068, 4,14:35:21,14:35:28,     7, 43.60, 43.50,  0.10
  13008835,     0, 8,14:35:51,14:35:52,     1, 41.10, 41.10,  0.00
  13008835,     0, 8,14:41:54,14:41:55,     1, 40.30, 40.40, -0.10
  13008835,     0, 8,14:42:34,14:42:57,    23, 40.40, 40.30,  0.10
  12448437,  6050,10,14:41:34,14:44:05,   151, 41.10, 36.20,  4.90
         0,     0,10,14:44:14,14:44:18,     4, 36.20, 41.20, -5.00
  13008866,     0, 8,14:44:35,14:45:07,    32, 39.90, 39.50,  0.40
         0,     0, 8,14:45:16,14:45:17,     1, 39.50, 41.20, -1.70
  13008835,     0, 8,14:45:30,14:45:32,     2, 41.00, 41.20, -0.20
  13008835,     0, 8,14:46:04,14:46:08,     4, 41.10, 41.00,  0.10
  12448479,  6092, 5,14:46:18,14:46:27,     9, 40.90, 40.70,  0.20
  13008835,     0, 8,14:48:45,14:48:58,    13, 40.70, 40.60,  0.10
  21306958,  5124, 9,14:49:51,14:49:56,     5, 41.10, 41.00,  0.10
  13008866,     0, 8,14:50:57,14:51:01,     4, 40.60, 40.70, -0.10
  13008835,     0, 8,14:53:57,14:54:01,     4, 40.70, 40.60,  0.10
  13008835,     0, 8,14:54:24,14:54:52,    28, 40.60, 40.40,  0.20
  13008835,     0, 8,14:55:14,14:55:16,     2, 40.30, 40.30,  0.00
  13008835,     0, 8,14:55:30,14:55:32,     2, 40.20, 40.20,  0.00
  12706700,  7109, 2,14:54:51,14:55:35,    44, 43.70, 40.10,  3.60
         0,     0, 2,14:55:44,14:55:47,     3, 40.10, 43.90, -3.80
  12199981,  5035, 3,14:57:43,14:57:53,    10,  9.20,  9.70, -0.50
  13008835,     0, 8,14:57:27,14:58:01,    34, 40.30, 40.20,  0.10
         0,     0, 3,14:58:00,14:58:32,    32,  9.70, 46.20,-36.50
  12199981,  5035, 4,14:58:14,14:59:23,    69, 43.70, 18.10, 25.60
         0,     0, 4,14:59:30,14:59:53,    23, 18.10, 43.40,-25.30
  13008835,     0, 8,14:59:33,15:00:04,    31, 40.20, 39.90,  0.30
         0,     0, 8,15:00:12,15:00:12,     0, 39.90, 40.60, -0.70
  13008835,     0, 8,15:02:19,15:02:40,    21, 40.30, 40.20,  0.10
  13008835,     0, 8,15:04:30,15:04:32,     2, 40.00, 40.00,  0.00
  13008835,     0, 8,15:05:22,15:05:42,    20, 40.00, 39.90,  0.10
         0,     0, 8,15:05:51,15:05:51,     0, 39.90, 40.70, -0.80
  13008835,     0, 8,15:06:25,15:06:29,     4, 40.80, 40.70,  0.10
  12706738,  7147, 2,15:04:30,15:06:34,   124, 43.90, 35.20,  8.70
         0,     0, 2,15:06:41,15:06:49,     8, 35.20, 43.70, -8.50
  13008835,     0, 8,15:07:15,15:07:17,     2, 40.60, 40.60,  0.00
  13008835,     0, 8,15:08:04,15:08:10,     6, 40.60, 40.60,  0.00
  13008835,     0, 8,15:08:53,15:08:57,     4, 40.50, 40.40,  0.10
  13008835,     0, 8,15:09:32,15:09:34,     2, 40.30, 40.30,  0.00
  13008835,     0, 8,15:10:15,15:10:34,    19, 40.30, 40.20,  0.10
  13008827,     0, 6,14:15:08,15:11:34,  3386, 41.30, 31.90,  9.40
         0,     0, 6,15:11:42,15:11:50,     8, 31.90, 40.90, -9.00
  13008866,     0, 8,15:16:59,15:17:17,    18, 40.00, 39.80,  0.20
         0,     0, 8,15:17:25,15:17:26,     1, 39.80, 40.90, -1.10
  13008848,     0, 8,15:18:28,15:18:37,     9, 40.80, 40.80,  0.00
  13008835,     0, 7,14:33:27,15:25:14,  3107, 41.60, 29.70, 11.90
         0,     0, 7,15:25:22,15:25:29,     7, 29.70, 29.80, -0.10
  11724181,     0, 8,15:27:35,15:27:38,     3, 30.70, 30.70,  0.00
         0,     0, 8,15:27:46,15:27:56,    10, 30.70, 41.10,-10.40
  11724181,     0, 7,15:26:04,15:29:09,   185, 41.50, 41.30,  0.20
  13008866,     0, 8,15:29:21,15:29:43,    22, 41.00, 40.80,  0.20
  13008798,     0, 7,15:29:22,15:35:31,   369, 41.30, 28.10, 13.20
         0,     0, 7,15:35:39,15:35:47,     8, 28.10, 41.30,-13.20
  13008866,     0, 8,15:38:43,15:38:54,    11, 40.70, 40.50,  0.20
  13008866,     0, 8,15:39:56,15:40:04,     8, 40.10, 40.10,  0.00
  13008866,     0, 8,15:41:06,15:42:12,    66, 40.00, 39.70,  0.30
         0,     0, 8,15:42:20,15:42:21,     1, 39.70, 40.90, -1.20
  13008866,     0, 8,15:44:05,15:44:08,     3, 40.40, 40.40,  0.00
  13008826,     0, 8,15:44:34,15:44:52,    18, 40.50, 40.20,  0.30
  13008826,     0, 8,15:45:07,15:45:54,    47, 40.30, 39.50,  0.80
         0,     0, 8,15:46:03,15:46:04,     1, 39.50, 40.90, -1.40
  12448415,     0, 9,15:45:32,15:47:54,   142, 41.00, 32.10,  8.90
         0,     0, 9,15:48:02,15:48:14,    12, 32.10, 41.00, -8.90
  13008866,     0, 8,15:48:10,15:48:17,     7, 40.70, 40.60,  0.10
  13008866,     0, 8,15:49:58,15:50:00,     2, 40.20, 40.20,  0.00
  21306958,  5124, 9,15:50:32,15:54:09,   217, 41.10, 36.70,  4.40
         0,     0, 9,15:54:18,15:54:23,     5, 36.70, 41.20, -4.50
  12448451,  6064, 4,15:51:49,15:55:06,   197, 44.00, 22.50, 21.50
  21306958,  5124, 9,15:54:34,15:55:12,    38, 41.10, 40.30,  0.80
  13008866,     0, 8,15:55:18,15:55:22,     4, 39.80, 39.80,  0.00
         0,     0, 8,15:55:30,15:55:30,     0, 39.80, 40.70, -0.90
         0,     0, 4,15:55:14,15:55:33,    19, 22.50, 43.40,-20.90
  12706616,  7025, 1,15:57:53,15:59:21,    88, 33.80, 20.40, 13.40
  13008826,     0, 7,15:46:37,15:59:39,   782, 29.10, 23.00,  6.10
  12706729,  7138, 5,15:58:35,15:59:40,    65, 40.60, 29.90, 10.70
         0,     0, 1,15:59:29,15:59:50,    21, 20.40, 41.20,-20.80
         0,     0, 5,15:59:49,15:59:59,    10, 29.90, 40.90,-11.00
         0,     0, 7,15:59:47,15:59:59,    12, 23.00, 23.10, -0.10
  13008816,     0, 8,15:58:34,16:00:26,   112, 40.10, 25.50, 14.60
  12706669,  7078, 4,15:59:47,16:00:38,    51, 43.60, 31.80, 11.80
  12706727,  7136, 2,15:59:06,16:00:46,   100, 43.60, 21.40, 22.20
         0,     0, 8,16:00:35,16:00:51,    16, 25.50, 41.00,-15.50
         0,     0, 4,16:00:46,16:00:56,    10, 31.80, 43.20,-11.40
         0,     0, 2,16:00:53,16:01:15,    22, 21.40, 43.80,-22.40
  13008866,     0, 8,16:02:03,16:02:25,    22, 40.30, 40.30,  0.00
  21268104,  6062, 2,16:01:53,16:03:47,   114, 43.80, 34.10,  9.70
         0,     0, 2,16:03:55,16:04:04,     9, 34.10, 43.80, -9.70
  13008866,     0, 8,16:05:27,16:06:07,    40, 40.10, 39.80,  0.30
         0,     0, 8,16:06:15,16:06:16,     1, 39.80, 40.80, -1.00
  12706706,  7115, 1,16:08:15,16:09:55,   100, 41.20, 21.00, 20.20
         0,     0, 1,16:10:03,16:10:22,    19, 21.00, 41.10,-20.10
  12448416,  6029, 3,16:09:51,16:11:20,    89, 46.70, 30.60, 16.10
         0,     0, 3,16:11:29,16:11:41,    12, 30.60, 46.20,-15.60
  12199977,     0, 9,16:12:57,16:13:55,    58, 40.30, 38.40,  1.90
         0,     0, 9,16:14:03,16:14:06,     3, 38.40, 41.00, -2.60
  12706738,  7147, 2,16:12:48,16:14:06,    78, 43.70, 34.90,  8.80
         0,     0, 2,16:14:15,16:14:23,     8, 34.90, 43.70, -8.80
  11954056,     0,10,16:15:41,16:15:48,     7, 41.00, 40.90,  0.10
  13008835,     0, 8,16:16:38,16:16:39,     1, 40.80, 40.80,  0.00
  12706707,  7116, 4,16:17:51,16:18:23,    32, 43.80, 41.50,  2.30
         0,     0, 4,16:18:30,16:18:31,     1, 41.50, 43.30, -1.80
  13008835,     0, 8,16:18:22,16:19:11,    49, 40.80, 40.70,  0.10
  12706707,  7116, 4,16:18:49,16:19:28,    39, 43.10, 37.00,  6.10
  12706719,  7128, 3,16:17:03,16:19:33,   150, 45.60, 29.90, 15.70
         0,     0, 4,16:19:35,16:19:40,     5, 37.00, 43.20, -6.20
         0,     0, 3,16:19:40,16:19:53,    13, 29.90, 29.90,  0.00
  13008836,     0, 9,16:20:02,16:20:03,     1, 41.00, 41.00,  0.00
  11954056,     0,10,16:20:40,16:20:41,     1, 40.90, 40.90,  0.00
  13008836,     0,10,16:21:52,16:22:06,    14, 40.80, 40.80,  0.00
  13008836,     0, 9,16:22:14,16:22:25,    11, 41.00, 40.90,  0.10
  12706655,  7064, 4,16:21:10,16:22:37,    87, 43.10, 25.00, 18.10
         0,     0, 4,16:22:44,16:23:01,    17, 25.00, 43.50,-18.50
  13008836,     0,10,16:22:41,16:24:40,   119, 40.80, 27.20, 13.60
  12706651,  7060, 2,16:23:26,16:24:58,    92, 43.70, 34.30,  9.40
         0,     0,10,16:24:48,16:25:02,    14, 27.20, 41.20,-14.00
         0,     0, 2,16:25:06,16:25:15,     9, 34.30, 43.80, -9.50
  13008833,     0, 7,16:00:10,16:25:24,  1514, 41.40, 21.00, 20.40
  12706639,  7048, 5,16:25:00,16:25:26,    26, 40.80, 40.80,  0.00
         0,     0, 7,16:25:32,16:25:45,    13, 21.00, 40.60,-19.60
  12448428,  6041, 3,16:24:41,16:25:42,    61, 46.40, 29.80, 16.60
         0,     0, 3,16:25:50,16:26:04,    14, 29.80, 29.80,  0.00
  11954056,     0,10,16:26:15,16:28:00,   105, 41.10, 32.60,  8.50
         0,     0,10,16:28:08,16:28:17,     9, 32.60, 40.70, -8.10
  11954056,     0,10,16:28:49,16:28:51,     2, 35.50, 35.50,  0.00
         0,     0,10,16:28:59,16:29:04,     5, 35.50, 41.20, -5.70
  12448473,  6086, 2,16:27:24,16:29:08,   104, 43.90, 27.40, 16.50
         0,     0, 2,16:29:17,16:29:33,    16, 27.40, 43.70,-16.30
  12199981,  5035, 4,16:29:17,16:30:21,    64, 43.70, 30.70, 13.00
         0,     0, 4,16:30:29,16:30:40,    11, 30.70, 43.40,-12.70
  11953996,  4026, 3,16:29:04,16:31:17,   133, 46.30, 25.50, 20.80
         0,     0, 3,16:31:24,16:31:41,    17, 25.50, 25.50,  0.00
  12706637,  7046, 4,16:31:59,16:32:21,    22, 43.70, 43.40,  0.30
  12706667,     0, 6,15:12:01,16:32:25,  4824, 39.50, 27.40, 12.10
         0,     0, 6,16:32:34,16:32:47,    13, 27.40, 41.50,-14.10
  12706669,  7078, 3,16:31:54,16:33:23,    89, 46.90, 35.20, 11.70
  12706701,  7110, 2,16:29:43,16:33:23,   220, 43.70, 27.40, 16.30
         0,     0, 3,16:33:31,16:33:40,     9, 35.20, 35.60, -0.40
         0,     0, 2,16:33:32,16:33:48,    16, 27.40, 43.80,-16.40
  12706710,  7119, 4,16:32:36,16:34:04,    88, 43.50, 24.80, 18.70
         0,     0, 4,16:34:11,16:34:28,    17, 24.80, 43.90,-19.10
  12706729,  7138, 5,16:34:05,16:35:21,    76, 40.70, 30.00, 10.70
         0,     0, 5,16:35:29,16:35:39,    10, 30.00, 41.00,-11.00
  13008762,     0, 8,16:35:51,16:36:03,    12, 40.70, 40.70,  0.00
  12706639,  7048, 4,16:35:50,16:36:18,    28, 43.90, 43.50,  0.40
  12706645,     0, 6,16:33:48,16:36:28,   160, 41.40, 29.40, 12.00
  21268825,  6068, 2,16:33:58,16:36:30,   152, 43.80, 31.60, 12.20
         0,     0, 6,16:36:36,16:36:47,    11, 29.40, 41.50,-12.10
         0,     0, 2,16:36:38,16:36:50,    12, 31.60, 43.80,-12.20
  13008762,     0, 8,16:36:22,16:37:16,    54, 40.60, 39.60,  1.00
         0,     0, 8,16:37:24,16:37:25,     1, 39.60, 41.10, -1.50
  12706639,  7048, 4,16:36:32,16:37:59,    87, 43.30, 26.30, 17.00
  13008835,     0, 7,16:32:52,16:38:04,   312, 40.40, 23.70, 16.70
  13008839,     0, 8,16:37:38,16:38:04,    26, 41.00, 40.70,  0.30
         0,     0, 7,16:38:11,16:38:25,    14, 23.70, 41.40,-17.70
         0,     0, 4,16:38:06,16:38:25,    19, 26.30, 43.10,-16.80
  21268104,  6062, 2,16:38:48,16:39:39,    51, 43.80, 41.50,  2.30
         0,     0, 2,16:39:48,16:39:49,     1, 41.50, 43.60, -2.10
  12448448,  6061, 1,16:35:19,16:39:53,   274, 41.10, 15.30, 25.80
         0,     0, 1,16:40:00,16:40:25,    25, 15.30, 41.20,-25.90
  12448474,  6087, 4,16:38:37,16:40:37,   120, 43.10, 26.20, 16.90
  13008839,     0, 8,16:38:25,16:40:39,   134, 40.20, 31.10,  9.10
  12706637,  7046, 3,16:38:25,16:40:40,   135, 46.30, 32.00, 14.30
         0,     0, 8,16:40:47,16:40:59,    12, 31.10, 41.10,-10.00
         0,     0, 3,16:40:47,16:41:00,    13, 32.00, 31.90,  0.10
         0,     0, 4,16:40:44,16:41:00,    16, 26.20, 43.30,-17.10
  21268104,  6062, 2,16:39:59,16:41:04,    65, 43.60, 34.50,  9.10
         0,     0, 2,16:41:13,16:41:21,     8, 34.50, 43.80, -9.30
  13008732,  7153, 1,16:40:47,16:42:17,    90, 41.10, 39.70,  1.40
         0,     0, 1,16:42:26,16:42:26,     0, 39.70, 41.10, -1.40
  12448471,  6084, 5,16:41:20,16:42:44,    84, 40.90, 27.30, 13.60
         0,     0, 5,16:42:52,16:43:04,    12, 27.30, 41.00,-13.70
  13008839,     0, 8,16:41:21,16:43:43,   142, 39.50, 32.90,  6.60
  13008732,  7153, 2,16:42:21,16:43:52,    91, 43.80, 28.80, 15.00
         0,     0, 8,16:43:50,16:43:58,     8, 32.90, 41.10, -8.20
  12448479,  6092, 1,16:42:36,16:44:04,    88, 41.10, 31.60,  9.50
         0,     0, 2,16:44:00,16:44:14,    14, 28.80, 43.80,-15.00
         0,     0, 1,16:44:12,16:44:21,     9, 31.60, 41.10, -9.50
  12706727,  7136, 4,16:45:40,16:46:50,    70, 43.60, 32.70, 10.90
  12706738,  7147, 2,16:45:24,16:47:03,    99, 43.80, 32.20, 11.60
         0,     0, 4,16:46:58,16:47:07,     9, 32.70, 43.50,-10.80
  12200010,  5064, 1,16:46:11,16:47:17,    66, 41.10, 30.30, 10.80
         0,     0, 2,16:47:12,16:47:23,    11, 32.20, 43.70,-11.50
         0,     0, 1,16:47:24,16:47:34,    10, 30.30, 41.20,-10.90
  21292347,  5120, 4,16:47:20,16:48:39,    79, 43.80, 36.80,  7.00
         0,     0, 4,16:48:47,16:48:53,     6, 36.80, 43.50, -6.70
  12706705,  7114, 2,16:49:45,16:52:24,   159, 43.80, 29.00, 14.80
         0,     0, 2,16:52:32,16:52:46,    14, 29.00, 43.80,-14.80
  11954014,  4044, 3,16:53:01,16:53:58,    57, 46.90, 26.10, 20.80
  12706707,  7116, 1,16:53:15,16:54:14,    59, 41.20, 30.70, 10.50
         0,     0, 3,16:54:06,16:54:23,    17, 26.10, 46.20,-20.10
         0,     0, 1,16:54:23,16:54:32,     9, 30.70, 41.20,-10.50
  12200064,  5118, 5,16:49:13,16:55:37,   384, 40.70, 13.90, 26.80
         0,     0, 5,16:55:45,16:56:10,    25, 13.90, 40.90,-27.00
  13008762,     0, 7,16:39:09,16:56:50,  1061, 41.40, 29.40, 12.00
         0,     0, 7,16:56:58,16:57:06,     8, 29.40, 29.50, -0.10
  13008742,  7163, 1,16:57:37,16:57:49,    12, 41.20, 41.20,  0.00
  12199986,     0,10,16:57:43,16:59:12,    89, 41.10, 29.30, 11.80
         0,     0,10,16:59:21,16:59:33,    12, 29.30, 41.10,-11.80
  13008768,     0, 8,16:58:04,16:59:37,    93, 33.90, 23.20, 10.70
         0,     0, 8,16:59:45,17:00:04,    19, 23.20, 41.10,-17.90
  13008742,  7163, 2,16:57:54,17:01:30,   216, 43.80, 26.70, 17.10
         0,     0, 2,17:01:38,17:01:55,    17, 26.70, 43.80,-17.10
  12706622,     0, 8,17:03:11,17:03:12,     1, 28.50, 28.60, -0.10
         0,     0, 8,17:03:19,17:03:32,    13, 28.60, 41.10,-12.50
  13008835,     0, 7,16:57:17,17:03:40,   383, 41.50, 37.60,  3.90
         0,     0, 7,17:03:47,17:03:49,     2, 37.60, 41.60, -4.00
  13008842,  8083, 3,17:02:54,17:03:50,    56, 46.40, 41.10,  5.30
  12706700,  7109, 1,17:02:56,17:03:58,    62, 41.20, 26.00, 15.20
         0,     0, 3,17:03:59,17:04:03,     4, 41.10, 46.30, -5.20
  12706659,  7068, 4,17:01:46,17:04:17,   151, 43.30, 26.10, 17.20
         0,     0, 1,17:04:07,17:04:21,    14, 26.00, 41.10,-15.10
         0,     0, 4,17:04:25,17:04:41,    16, 26.10, 43.60,-17.50
  12200042,  5096, 2,17:03:05,17:05:13,   128, 43.80, 30.90, 12.90
         0,     0, 2,17:05:21,17:05:33,    12, 30.90, 43.70,-12.80
  13008842,  8083, 4,17:05:00,17:06:26,    86, 43.80, 30.50, 13.30
  12706655,  7064, 3,17:04:36,17:06:36,   120, 46.60, 26.30, 20.30
         0,     0, 4,17:06:34,17:06:45,    11, 30.50, 43.40,-12.90
         0,     0, 3,17:06:45,17:07:02,    17, 26.30, 46.50,-20.20
  12706651,  7060, 5,17:05:25,17:07:15,   110, 40.90, 32.10,  8.80
         0,     0, 5,17:07:23,17:07:31,     8, 32.10, 32.10,  0.00
  12448428,  6041, 3,17:07:28,17:08:26,    58, 47.10, 33.50, 13.60
         0,     0, 3,17:08:35,17:08:46,    11, 33.50, 33.40,  0.10
  21292347,  5120, 4,17:09:34,17:10:33,    59, 43.50, 36.60,  6.90
         0,     0, 4,17:10:41,17:10:47,     6, 36.60, 43.40, -6.80
  11954027,  4057, 2,17:10:09,17:11:34,    85, 43.80, 26.60, 17.20
         0,     0, 2,17:11:42,17:11:59,    17, 26.60, 43.80,-17.20
  11953978,  4008, 1,17:11:07,17:12:53,   106, 41.10, 19.20, 21.90
         0,     0, 1,17:13:01,17:13:21,    20, 19.20, 41.20,-22.00
  12448473,  6086, 2,17:12:09,17:13:27,    78, 43.80, 32.40, 11.40
         0,     0, 2,17:13:35,17:13:46,    11, 32.40, 43.80,-11.40
  11953978,  4008, 2,17:14:35,17:14:41,     6, 43.80, 43.80,  0.00
  12706729,  7138, 5,17:14:42,17:16:34,   112, 40.80, 31.00,  9.80
         0,     0, 5,17:16:42,17:16:51,     9, 31.00, 40.90, -9.90
  21304388,  6125, 1,17:14:47,17:17:18,   151, 41.20, 20.50, 20.70
         0,     0, 1,17:17:25,17:17:44,    19, 20.50, 41.20,-20.70
  12706710,  7119, 4,17:18:03,17:19:37,    94, 43.70, 28.70, 15.00
         0,     0, 4,17:19:45,17:19:59,    14, 28.70, 43.40,-14.70
  12448471,  6084, 5,17:21:27,17:22:25,    58, 40.80, 32.30,  8.50
  12706727,  7136, 1,17:21:52,17:22:28,    36, 41.30, 36.30,  5.00
         0,     0, 1,17:22:36,17:22:40,     4, 36.30, 41.20, -4.90
         0,     0, 5,17:22:32,17:22:40,     8, 32.30, 32.30,  0.00
  12706639,  7048, 2,17:22:39,17:25:37,   178, 43.70, 36.00,  7.70
         0,     0, 2,17:25:45,17:25:52,     7, 36.00, 43.80, -7.80
  12199987,     0, 8,17:27:41,17:28:11,    30, 41.30, 41.10,  0.20
  12706624,  7033, 7,17:10:11,17:28:16,  1085, 41.60, 32.30,  9.30
         0,     0, 7,17:28:23,17:28:28,     5, 32.30, 32.30,  0.00
  12448479,  6092, 2,17:27:00,17:28:34,    94, 43.80, 30.80, 13.00
  11953996,  4026, 1,17:27:02,17:28:51,   109, 41.20, 23.40, 17.80
         0,     0, 2,17:28:43,17:28:55,    12, 30.80, 43.70,-12.90
         0,     0, 1,17:28:58,17:29:15,    17, 23.40, 41.30,-17.90
  21292347,  5120, 4,17:29:14,17:30:20,    66, 43.80, 38.50,  5.30
         0,     0, 4,17:30:28,17:30:32,     4, 38.50, 43.60, -5.10
  12200010,  5064, 1,17:29:34,17:30:38,    64, 41.30, 28.20, 13.10
         0,     0, 1,17:30:46,17:30:58,    12, 28.20, 41.20,-13.00
  12448474,  6087, 4,17:32:39,17:34:18,    99, 43.30, 30.70, 12.60
         0,     0, 4,17:34:26,17:34:37,    11, 30.70, 43.40,-12.70
  12448477,  6090, 2,17:37:23,17:38:27,    64, 43.80, 37.40,  6.40
  13008737,     0, 9,17:37:41,17:38:30,    49, 41.00, 36.90,  4.10
  12448451,  6064, 1,17:37:44,17:38:30,    46, 41.20, 41.20,  0.00
         0,     0, 2,17:38:35,17:38:41,     6, 37.40, 43.70, -6.30
         0,     0, 9,17:38:39,17:38:44,     5, 36.90, 41.10, -4.20
  12448477,  6090, 2,17:39:10,17:39:38,    28, 43.80, 38.10,  5.70
         0,     0, 2,17:39:46,17:39:50,     4, 38.10, 43.80, -5.70
  13008732,  7153, 5,17:39:36,17:40:37,    61, 40.70, 40.00,  0.70
  13008732,  7153, 5,17:40:52,17:41:30,    38, 40.00, 38.20,  1.80
         0,     0, 5,17:41:38,17:41:40,     2, 38.20, 41.00, -2.80
  12448451,  6064, 1,17:39:10,17:41:40,   150, 41.20, 20.90, 20.30
         0,     0, 1,17:41:47,17:42:06,    19, 20.90, 41.30,-20.40
  12448428,  6041, 5,17:41:52,17:42:27,    35, 41.00, 30.70, 10.30
         0,     0, 5,17:42:35,17:42:45,    10, 30.70, 41.00,-10.30
  12448432,  6045, 2,17:41:46,17:44:39,   173, 43.80, 30.00, 13.80
         0,     0, 2,17:44:46,17:44:59,    13, 30.00, 43.80,-13.80
  12706634,     0, 9,17:46:02,17:46:04,     2, 41.10, 41.10,  0.00
  13008732,  7153, 5,17:44:35,17:46:12,    97, 41.00, 30.60, 10.40
         0,     0, 5,17:46:20,17:46:29,     9, 30.60, 40.90,-10.30
  13008779,     0, 9,17:48:36,17:49:07,    31, 41.10, 37.60,  3.50
         0,     0, 9,17:49:16,17:49:20,     4, 37.60, 41.10, -3.50
  21306958,  5124,10,17:49:45,17:50:15,    30, 41.00, 40.80,  0.20
  13008779,     0,10,17:50:45,17:50:48,     3, 40.90, 40.80,  0.10
  12706727,  7136, 4,17:50:44,17:51:01,    17, 43.60, 41.70,  1.90
         0,     0, 4,17:51:10,17:51:11,     1, 41.70, 43.40, -1.70
  12706727,  7136, 4,17:51:27,17:52:14,    47, 43.30, 33.80,  9.50
         0,     0, 4,17:52:22,17:52:30,     8, 33.80, 43.70, -9.90
  12200046,  5100, 4,17:52:41,17:52:44,     3, 43.40, 44.00, -0.60
  12448432,  6045, 2,17:49:41,17:53:09,   208, 43.80, 36.50,  7.30
         0,     0, 2,17:53:16,17:53:22,     6, 36.50, 43.70, -7.20
  12200046,  5100, 3,17:52:52,17:54:16,    84, 46.60, 31.60, 15.00
  12706700,  7109, 4,17:53:32,17:54:30,    58, 43.50, 28.10, 15.40
  12448412,  6025, 1,17:49:33,17:54:32,   299, 41.30, 32.10,  9.20
         0,     0, 3,17:54:24,17:54:36,    12, 31.60, 46.60,-15.00
         0,     0, 1,17:54:40,17:54:49,     9, 32.10, 40.90, -8.80
         0,     0, 4,17:54:38,17:54:53,    15, 28.10, 43.30,-15.20
  12200010,  5064, 2,17:55:17,17:56:12,    55, 43.80, 35.10,  8.70
  12448412,  6025, 1,17:55:03,17:56:15,    72, 41.00, 19.60, 21.40
         0,     0, 2,17:56:20,17:56:28,     8, 35.10, 43.70, -8.60
  12706637,  7046, 3,17:56:28,17:56:33,     5, 46.80, 46.50,  0.30
         0,     0, 1,17:56:23,17:56:43,    20, 19.60, 41.20,-21.60
  12706637,  7046, 4,17:56:38,17:56:48,    10, 43.80, 43.50,  0.30
  13008866,     0, 8,17:57:11,17:57:26,    15, 41.20, 41.10,  0.10
  13008866,     0, 8,17:58:00,17:58:03,     3, 41.00, 41.00,  0.00
  12706637,  7046, 4,17:57:00,17:58:22,    82, 43.80, 34.30,  9.50
  13008866,     0, 8,17:58:21,17:58:29,     8, 41.10, 41.00,  0.10
         0,     0, 4,17:58:30,17:58:38,     8, 34.30, 43.40, -9.10
  12706659,  7068, 3,17:57:28,17:59:15,   107, 46.90, 30.90, 16.00
         0,     0, 3,17:59:23,17:59:36,    13, 30.90, 46.40,-15.50
  12706706,  7115, 2,17:59:46,17:59:54,     8, 43.70, 43.70,  0.00
  12706729,  7138, 4,18:00:33,18:01:04,    31, 43.70, 42.10,  1.60
  12706729,  7138, 4,18:02:00,18:02:34,    34, 41.90, 37.30,  4.60
         0,     0, 4,18:02:43,18:02:48,     5, 37.30, 43.30, -6.00
  12706634,     0, 9,18:02:09,18:02:53,    44, 41.10, 36.10,  5.00
         0,     0, 9,18:03:00,18:03:06,     6, 36.10, 41.20, -5.10
  13008835,     0, 8,18:04:12,18:04:15,     3, 40.90, 41.00, -0.10
  12706634,     0, 9,18:04:11,18:04:25,    14, 36.40, 36.40,  0.00
  21268104,  6062, 2,18:02:42,18:04:27,   105, 43.70, 34.50,  9.20
         0,     0, 9,18:04:33,18:04:39,     6, 36.40, 41.00, -4.60
         0,     0, 2,18:04:34,18:04:43,     9, 34.50, 43.70, -9.20
  12448473,  6086, 1,18:04:05,18:05:14,    69, 41.20, 31.40,  9.80
  13008835,     0, 8,18:05:04,18:05:24,    20, 40.90, 40.80,  0.10
         0,     0, 1,18:05:21,18:05:30,     9, 31.40, 41.20, -9.80
  12199987,     0, 7,17:28:45,18:06:06,  2241, 41.40, 25.30, 16.10
         0,     0, 7,18:06:15,18:06:25,    10, 25.30, 25.30,  0.00
  11953978,  4008, 4,18:03:35,18:06:24,   169, 43.90, 34.80,  9.10
         0,     0, 4,18:06:32,18:06:39,     7, 34.80, 43.40, -8.60
  12448477,  6090, 2,18:10:11,18:11:04,    53, 43.70, 37.00,  6.70
         0,     0, 2,18:11:12,18:11:18,     6, 37.00, 43.80, -6.80
  12448521,     0, 9,18:10:11,18:11:36,    85, 41.10, 35.70,  5.40
         0,     0, 9,18:11:43,18:11:49,     6, 35.70, 41.10, -5.40
  11499202,     0, 8,18:11:44,18:12:35,    51, 39.30, 31.50,  7.80
         0,     0, 8,18:12:44,18:12:54,    10, 31.50, 41.30, -9.80
  13008835,     0, 7,18:06:48,18:13:17,   389, 41.40, 41.30,  0.10
  12448483,  6096, 1,18:12:49,18:14:01,    72, 41.20, 38.30,  2.90
         0,     0, 1,18:14:10,18:14:12,     2, 38.30, 41.30, -3.00
  12706706,  7115, 1,18:14:26,18:15:57,    91, 41.30, 23.00, 18.30
         0,     0, 1,18:16:06,18:16:23,    17, 23.00, 41.30,-18.30
  12448479,  6092, 4,18:16:28,18:17:54,    86, 43.70, 31.10, 12.60
         0,     0, 4,18:18:03,18:18:14,    11, 31.10, 43.60,-12.50
  12200010,  5064, 1,18:22:32,18:23:26,    54, 41.20, 29.80, 11.40
         0,     0, 1,18:23:33,18:23:43,    10, 29.80, 41.20,-11.40
  13008762,     0, 8,18:22:35,18:23:41,    66, 41.20, 40.40,  0.80
  12200064,  5118, 4,18:20:03,18:24:12,   249, 43.60, 21.70, 21.90
         0,     0, 4,18:24:19,18:24:39,    20, 21.70, 43.40,-21.70
  13008815,     0, 9,18:23:21,18:24:52,    91, 41.10, 34.80,  6.30
         0,     0, 9,18:25:00,18:25:07,     7, 34.80, 40.90, -6.10
  13008866,     0, 8,18:25:32,18:25:57,    25, 40.40, 40.30,  0.10
  12448483,  6096, 1,18:24:42,18:26:38,   116, 41.20, 16.30, 24.90
         0,     0, 1,18:26:46,18:27:10,    24, 16.30, 41.30,-25.00
  13008866,     0, 8,18:27:45,18:27:54,     9, 40.20, 40.10,  0.10
  13008866,     0, 8,18:28:07,18:28:11,     4, 40.10, 40.10,  0.00
  13008866,     0, 8,18:28:22,18:28:32,    10, 40.00, 40.00,  0.00
  13008866,     0, 8,18:28:52,18:29:03,    11, 40.00, 39.90,  0.10
         0,     0, 8,18:29:11,18:29:11,     0, 39.90, 40.80, -0.90
  12199988,     0, 6,16:36:57,18:31:18,  6861, 41.50, 35.80,  5.70
         0,     0, 6,18:31:26,18:31:31,     5, 35.80, 41.50, -5.70
  12199977,     0, 9,18:30:11,18:31:32,    81, 40.90, 31.20,  9.70
  13008779,     0,10,18:30:51,18:31:36,    45, 40.80, 35.00,  5.80
         0,     0,10,18:31:45,18:31:51,     6, 35.00, 41.00, -6.00
         0,     0, 9,18:31:40,18:31:53,    13, 31.20, 41.20,-10.00
  12448448,  6061, 3,18:29:25,18:32:55,   210, 46.20, 28.20, 18.00
         0,     0, 3,18:33:04,18:33:19,    15, 28.20, 46.50,-18.30
  12706667,     0, 6,18:31:52,18:33:41,   109, 37.90, 30.90,  7.00
  12200046,  5100, 4,18:33:06,18:33:50,    44, 44.00, 33.60, 10.40
         0,     0, 6,18:33:49,18:33:59,    10, 30.90, 41.30,-10.40
         0,     0, 4,18:33:58,18:34:07,     9, 33.60, 43.40, -9.80
  12706639,  7048, 2,18:32:31,18:34:53,   142, 43.70, 34.00,  9.70
         0,     0, 2,18:35:00,18:35:09,     9, 34.00, 43.70, -9.70
  13008797,     0, 8,18:34:48,18:35:08,    20, 40.90, 40.90,  0.00
  13008737,     0,10,18:35:21,18:35:23,     2, 33.20, 33.20,  0.00
         0,     0,10,18:35:31,18:35:39,     8, 33.20, 41.10, -7.90
  12199988,     0, 6,18:34:12,18:35:52,   100, 41.30, 38.70,  2.60
         0,     0, 6,18:36:00,18:36:02,     2, 38.70, 41.50, -2.80
  13008835,     0, 7,18:26:17,18:36:07,   590, 41.10, 40.90,  0.20
  12706700,  7109, 4,18:36:28,18:37:21,    53, 43.60, 29.70, 13.90
         0,     0, 4,18:37:30,18:37:42,    12, 29.70, 43.40,-13.70
  12448454,  6067, 2,18:38:27,18:38:54,    27, 43.70, 43.60,  0.10
  21304388,  6125, 1,18:37:23,18:38:57,    94, 41.30, 22.40, 18.90
  13008866,     0, 8,18:39:09,18:39:13,     4, 39.70, 39.60,  0.10
         0,     0, 1,18:39:04,18:39:21,    17, 22.40, 41.20,-18.80
         0,     0, 8,18:39:21,18:39:22,     1, 39.60, 40.90, -1.30
  12448471,  6084, 3,18:39:53,18:40:21,    28, 46.60, 46.80, -0.20
  12448471,  6084, 4,18:40:47,18:41:13,    26, 43.80, 39.40,  4.40
         0,     0, 4,18:41:20,18:41:23,     3, 39.40, 43.30, -3.90
  12706646,     0, 6,18:36:12,18:41:29,   317, 40.90, 13.50, 27.40
  12448521,     0, 9,18:41:49,18:41:55,     6, 40.50, 40.60, -0.10
         0,     0, 6,18:41:37,18:42:04,    27, 13.50, 41.60,-28.10
  11954050,  4080, 1,18:41:53,18:42:25,    32, 41.20, 40.70,  0.50
  12448471,  6084, 4,18:41:46,18:42:32,    46, 43.40, 36.90,  6.50
         0,     0, 4,18:42:39,18:42:45,     6, 36.90, 43.50, -6.60
  13008866,     0, 8,18:41:43,18:42:50,    67, 40.50, 39.80,  0.70
         0,     0, 8,18:42:59,18:43:00,     1, 39.80, 40.90, -1.10
  12448521,     0, 9,18:42:11,18:43:10,    59, 40.60, 36.70,  3.90
         0,     0, 9,18:43:18,18:43:23,     5, 36.70, 41.10, -4.40
  13008866,     0, 8,18:43:47,18:44:00,    13, 40.50, 40.30,  0.20
  11954050,  4080, 2,18:42:45,18:44:11,    86, 43.70, 28.90, 14.80
         0,     0, 2,18:44:18,18:44:32,    14, 28.90, 43.80,-14.90
  12448454,  6067, 5,18:42:25,18:45:10,   165, 40.80, 23.10, 17.70
         0,     0, 5,18:45:18,18:45:34,    16, 23.10, 41.00,-17.90
  12448416,  6029, 3,18:47:07,18:48:05,    58, 46.50, 32.80, 13.70
         0,     0, 3,18:48:12,18:48:23,    11, 32.80, 46.40,-13.60
  13008842,  8083, 3,18:52:12,18:52:13,     1, 47.10, 46.80,  0.30
  12706642,  7051, 8,18:51:38,18:52:34,    56, 39.80, 33.10,  6.70
         0,     0, 8,18:52:42,18:52:50,     8, 33.10, 41.10, -8.00
  13008816,     0, 7,18:45:04,18:54:50,   586, 40.80, 38.10,  2.70
         0,     0, 7,18:54:58,18:55:00,     2, 38.10, 41.70, -3.60
  13008797,     0, 8,18:55:15,18:55:20,     5, 40.90, 40.80,  0.10
  12706616,  7025, 4,18:57:36,18:58:59,    83, 43.70, 26.10, 17.60
         0,     0, 4,18:59:07,18:59:23,    16, 26.10, 43.40,-17.30
  12448437,  6050, 9,18:57:30,18:59:42,   132, 41.10, 37.10,  4.00
         0,     0, 9,18:59:50,18:59:55,     5, 37.10, 41.20, -4.10
  13008797,     0, 7,18:55:49,19:00:51,   302, 41.20, 27.50, 13.70
         0,     0, 7,19:00:59,19:01:08,     9, 27.50, 40.90,-13.40
  13008768,     0, 8,19:00:35,19:02:04,    89, 37.70, 22.70, 15.00
         0,     0, 8,19:02:12,19:02:31,    19, 22.70, 41.10,-18.40
  13008842,  8083, 1,19:01:45,19:03:31,   106, 40.70, 25.60, 15.10
         0,     0, 1,19:03:40,19:03:54,    14, 25.60, 41.20,-15.60
  12199988,     0, 6,18:42:18,19:04:45,  1347, 41.20, 37.10,  4.10
         0,     0, 6,19:04:52,19:04:55,     3, 37.10, 41.40, -4.30
  13008762,     0, 8,19:02:47,19:05:03,   136, 40.90, 26.30, 14.60
         0,     0, 8,19:05:11,19:05:26,    15, 26.30, 41.10,-14.80
  11954014,  4044, 3,19:06:53,19:07:46,    53, 46.70, 31.10, 15.60
         0,     0, 3,19:07:54,19:08:07,    13, 31.10, 31.00,  0.10
  13008837,     0,10,19:07:56,19:08:05,     9, 41.10, 40.70,  0.40
  13008837,     0,10,19:08:21,19:08:28,     7, 40.70, 40.50,  0.20
  13008837,     0, 9,19:08:33,19:08:39,     6, 41.20, 40.70,  0.50
  13008835,     0, 8,19:08:55,19:09:05,    10, 41.20, 41.10,  0.10
  13008837,     0, 9,19:08:54,19:10:07,    73, 40.70, 34.50,  6.20
  11724159,     0, 7,19:01:20,19:10:07,   527, 38.30, 15.70, 22.60
         0,     0, 9,19:10:14,19:10:23,     9, 34.50, 40.00, -5.50
  12706738,  7147, 2,19:08:13,19:10:28,   135, 43.70, 32.90, 10.80
         0,     0, 7,19:10:15,19:10:31,    16, 15.70, 15.90, -0.20
         0,     0, 2,19:10:35,19:10:45,    10, 32.90, 43.80,-10.90
  13008837,     0, 9,19:10:47,19:10:48,     1, 37.30, 37.30,  0.00
         0,     0, 9,19:10:56,19:11:00,     4, 37.30, 41.10, -3.80
  12706706,  7115, 2,19:14:11,19:14:50,    39, 43.80, 42.00,  1.80
         0,     0, 2,19:14:58,19:14:58,     0, 42.00, 43.30, -1.30
  11954050,  4080, 1,19:15:09,19:15:25,    16, 41.20, 40.60,  0.60
  12706705,  7114, 3,19:13:56,19:16:02,   126, 47.00, 33.90, 13.10
  13008835,     0, 8,19:15:54,19:16:03,     9, 19.80, 19.70,  0.10
  11954050,  4080, 1,19:15:34,19:16:13,    39, 40.60, 38.10,  2.50
         0,     0, 3,19:16:09,19:16:19,    10, 33.90, 33.90,  0.00
         0,     0, 1,19:16:22,19:16:24,     2, 38.10, 41.20, -3.10
         0,     0, 8,19:16:10,19:16:33,    23, 19.70, 41.10,-21.40
  12200042,  5096, 2,19:16:37,19:16:40,     3, 43.30, 43.30,  0.00
  12706645,     0, 6,19:05:17,19:16:50,   693, 39.20, 25.30, 13.90
         0,     0, 6,19:16:58,19:17:13,    15, 25.30, 25.30,  0.00
  12200064,  5118, 5,19:18:02,19:18:32,    30, 40.90, 40.80,  0.10
  12200048,     0, 8,19:16:43,19:18:59,   136, 41.20, 32.70,  8.50
         0,     0, 8,19:19:07,19:19:15,     8, 32.70, 41.20, -8.50
  12200064,  5118, 4,19:18:56,19:19:16,    20, 44.20, 43.70,  0.50
  13008835,     0, 8,19:20:09,19:20:10,     1, 41.00, 41.10, -0.10
  13008848,     0, 7,19:10:49,19:20:15,   566, 41.60, 22.90, 18.70
         0,     0, 7,19:20:23,19:20:34,    11, 22.90, 22.90,  0.00
  12706701,  7110, 3,19:19:46,19:22:05,   139, 47.00, 34.60, 12.40
  13008835,     0, 8,19:20:52,19:22:10,    78, 40.90, 40.60,  0.30
         0,     0, 3,19:22:12,19:22:21,     9, 34.60, 34.60,  0.00
  13008815,     0, 9,19:20:57,19:22:29,    92, 41.10, 33.90,  7.20
         0,     0, 9,19:22:37,19:22:46,     9, 33.90, 41.10, -7.20
  12706636,  7045, 2,19:21:35,19:23:35,   120, 43.30, 22.70, 20.60
         0,     0, 2,19:23:42,19:24:03,    21, 22.70, 43.80,-21.10
  12706624,  7033, 7,19:20:53,19:24:11,   198, 41.20, 35.70,  5.50
         0,     0, 7,19:24:19,19:24:22,     3, 35.70, 35.80, -0.10
  12200064,  5118, 1,19:22:41,19:26:00,   199, 41.20, 24.30, 16.90
  12199981,  5035, 5,19:24:32,19:26:02,    90, 40.80, 27.90, 12.90
         0,     0, 5,19:26:10,19:26:22,    12, 27.90, 40.90,-13.00
         0,     0, 1,19:26:09,19:26:25,    16, 24.30, 41.30,-17.00
  13008835,     0, 8,19:26:21,19:26:23,     2, 40.50, 40.50,  0.00
  13008835,     0, 8,19:26:43,19:27:10,    27, 40.50, 40.20,  0.30
  12706707,  7116, 2,19:26:53,19:28:04,    71, 43.80, 35.60,  8.20
         0,     0, 2,19:28:11,19:28:18,     7, 35.60, 43.80, -8.20
  12448454,  6067, 2,19:29:57,19:30:24,    27, 43.80, 43.70,  0.10
  13008835,     0, 8,19:27:42,19:30:35,   173, 40.20, 31.80,  8.40
         0,     0, 8,19:30:43,19:30:52,     9, 31.80, 41.20, -9.40
  12448454,  6067, 1,19:30:31,19:31:29,    58, 41.30, 34.70,  6.60
         0,     0, 1,19:31:36,19:31:41,     5, 34.70, 41.20, -6.50
  12199988,     0, 6,19:17:53,19:36:07,  1094, 39.80, 39.70,  0.10
         0,     0, 6,19:36:14,19:36:15,     1, 39.70, 41.40, -1.70
  13008826,     0, 8,19:37:46,19:38:43,    57, 41.20, 36.60,  4.60
         0,     0, 8,19:38:52,19:38:56,     4, 36.60, 41.10, -4.50
  12706642,  7051, 7,19:24:32,19:39:14,   882, 41.40, 32.30,  9.10
         0,     0, 7,19:39:22,19:39:28,     6, 32.30, 41.20, -8.90
  11953996,  4026, 2,19:37:54,19:39:42,   108, 43.70, 30.90, 12.80
         0,     0, 2,19:39:49,19:40:01,    12, 30.90, 43.70,-12.80
  21306958,  5124, 9,19:39:52,19:40:01,     9, 41.10, 41.00,  0.10
  13008826,     0, 7,19:39:50,19:40:47,    57, 36.40, 36.40,  0.00
         0,     0, 7,19:40:55,19:40:58,     3, 36.40, 36.40,  0.00
  11954027,  4057, 1,19:40:12,19:41:34,    82, 41.20, 20.50, 20.70
         0,     0, 1,19:41:42,19:42:02,    20, 20.50, 41.30,-20.80
  21306958,  5124, 9,19:41:24,19:42:31,    67, 41.00, 40.80,  0.20
  13008797,     0, 8,19:42:53,19:43:18,    25, 40.90, 40.70,  0.20
  13008842,  8083, 3,19:42:11,19:43:46,    95, 46.60, 36.40, 10.20
         0,     0, 3,19:43:53,19:44:01,     8, 36.40, 36.40,  0.00
  13008797,     0, 8,19:44:00,19:44:07,     7, 40.70, 40.40,  0.30
  21306958,  5124, 9,19:42:48,19:44:09,    81, 40.70, 37.80,  2.90
         0,     0, 9,19:44:18,19:44:22,     4, 37.80, 41.10, -3.30
  12448416,  6029, 3,19:44:11,19:46:14,   123, 46.50, 38.30,  8.20
         0,     0, 3,19:46:22,19:46:28,     6, 38.30, 38.30,  0.00
  12706624,  7033, 8,19:46:32,19:47:04,    32, 40.40, 39.90,  0.50
  12199986,     0, 9,19:46:57,19:47:07,    10, 41.10, 41.00,  0.10
         0,     0, 8,19:47:12,19:47:13,     1, 39.90, 40.90, -1.00
  12448437,  6050,10,19:45:49,19:47:43,   114, 40.30, 33.80,  6.50
  13008797,     0, 7,19:41:26,19:47:44,   378, 41.40, 33.80,  7.60
         0,     0, 7,19:47:52,19:47:57,     5, 33.80, 41.40, -7.60
         0,     0,10,19:47:50,19:47:58,     8, 33.80, 41.30, -7.50
  12706651,  7060, 4,19:49:42,19:51:35,   113, 43.60, 33.50, 10.10
         0,     0, 4,19:51:43,19:51:52,     9, 33.50, 33.40,  0.10
  12706642,  7051, 8,19:54:29,19:55:09,    40, 41.00, 40.50,  0.50
  12706624,  7033, 7,19:48:08,19:55:16,   428, 41.50, 37.00,  4.50
         0,     0, 7,19:55:24,19:55:26,     2, 37.00, 37.00,  0.00
  12706727,  7136, 5,19:53:47,19:57:01,   194, 40.90, 26.40, 14.50
         0,     0, 5,19:57:09,19:57:22,    13, 26.40, 40.80,-14.40
  12706642,  7051, 8,19:57:01,19:57:54,    53, 39.60, 34.80,  4.80
         0,     0, 8,19:58:03,19:58:09,     6, 34.80, 41.10, -6.30
  12448474,  6087, 2,19:57:20,19:59:29,   129, 43.70, 36.10,  7.60
         0,     0, 2,19:59:38,19:59:45,     7, 36.10, 43.80, -7.70
  13008768,     0, 8,20:00:00,20:00:02,     2, 40.90, 40.90,  0.00
  13008858,     0, 7,19:55:36,20:01:33,   357, 41.60, 29.40, 12.20
         0,     0, 7,20:01:41,20:01:48,     7, 29.40, 41.50,-12.10
  12706609,  7018, 8,20:02:57,20:03:00,     3, 41.00, 41.00,  0.00
  21268825,  6068, 1,20:01:15,20:03:38,   143, 41.30, 22.40, 18.90
         0,     0, 1,20:03:46,20:04:04,    18, 22.40, 41.30,-18.90
  12706609,  7018, 8,20:03:11,20:04:47,    96, 41.00, 31.20,  9.80
         0,     0, 8,20:04:55,20:05:05,    10, 31.20, 41.10, -9.90
  12706701,  7110, 2,20:04:07,20:06:35,   148, 43.80, 31.30, 12.50
         0,     0, 2,20:06:44,20:06:56,    12, 31.30, 43.70,-12.40
  12200048,     0, 7,20:02:56,20:07:14,   258, 41.40, 30.90, 10.50
         0,     0, 7,20:07:21,20:07:27,     6, 30.90, 41.20,-10.30
  12448412,  6025, 1,20:11:45,20:12:20,    35, 41.30, 41.10,  0.20
  21292347,  5120, 5,20:12:02,20:12:42,    40, 40.80, 36.80,  4.00
         0,     0, 5,20:12:50,20:12:54,     4, 36.80, 41.00, -4.20
  11954050,  4080, 4,20:13:34,20:13:50,    16, 43.70, 43.10,  0.60
  12706622,     0, 8,20:14:45,20:14:56,    11, 41.20, 41.20,  0.00
  12448442,  6055, 7,20:07:59,20:15:00,   421, 32.00, 31.90,  0.10
         0,     0, 7,20:15:07,20:15:13,     6, 31.90, 41.50, -9.60
  12448412,  6025, 2,20:12:27,20:15:39,   192, 43.80, 26.20, 17.60
         0,     0, 2,20:15:47,20:16:04,    17, 26.20, 43.80,-17.60
  12448428,  6041, 2,20:17:00,20:17:51,    51, 43.80, 34.40,  9.40
         0,     0, 2,20:17:59,20:18:07,     8, 34.40, 43.70, -9.30
  12706705,  7114, 2,20:19:07,20:19:48,    41, 43.80, 40.50,  3.30
         0,     0, 2,20:19:56,20:19:58,     2, 40.50, 43.80, -3.30
  13008833,     0, 8,20:21:07,20:21:09,     2, 41.20, 41.20,  0.00
  12706705,  7114, 1,20:20:13,20:21:27,    74, 41.10, 30.00, 11.10
         0,     0, 1,20:21:36,20:21:46,    10, 30.00, 41.20,-11.20
  12706719,  7128, 2,20:20:08,20:21:50,   102, 43.80, 42.40,  1.40
  12448432,  6045, 2,20:22:01,20:22:02,     1, 42.30, 42.30,  0.00
  13323420,     0,10,20:23:05,20:23:13,     8, 33.20, 33.20,  0.00
         0,     0,10,20:23:21,20:23:29,     8, 33.20, 41.20, -8.00
  12706738,  7147, 1,20:23:17,20:23:40,    23, 41.20, 41.10,  0.10
  12706719,  7128, 2,20:22:22,20:24:35,   133, 42.40, 26.90, 15.50
  12200042,  5096, 1,20:24:18,20:24:39,    21, 41.10, 41.10,  0.00
         0,     0, 2,20:24:44,20:25:00,    16, 26.90, 43.70,-16.80
  13008798,     0, 8,20:27:15,20:27:16,     1, 41.20, 41.20,  0.00
  12200042,  5096, 1,20:24:58,20:27:18,   140, 41.20, 28.20, 13.00
  12706710,  7119, 2,20:25:20,20:27:24,   124, 43.70, 26.10, 17.60
  21292347,  5120, 4,20:26:01,20:27:33,    92, 43.30, 33.60,  9.70
         0,     0, 1,20:27:26,20:27:38,    12, 28.20, 41.20,-13.00
  12706622,     0, 7,20:16:01,20:27:39,   698, 41.30, 28.70, 12.60
         0,     0, 2,20:27:32,20:27:50,    18, 26.10, 43.70,-17.60
         0,     0, 4,20:27:41,20:27:51,    10, 33.60, 43.30, -9.70
         0,     0, 7,20:27:46,20:27:54,     8, 28.70, 41.60,-12.90
  11954050,  4080, 2,20:28:19,20:28:52,    33, 43.70, 42.30,  1.40
  13323420,     0,10,20:30:07,20:30:29,    22, 41.20, 40.10,  1.10
  12706738,  7147, 2,20:29:02,20:31:05,   123, 42.30, 30.10, 12.20
  13323420,     0,10,20:30:59,20:31:09,    10, 40.10, 38.80,  1.30
         0,     0,10,20:31:17,20:31:19,     2, 38.80, 41.20, -2.40
         0,     0, 2,20:31:13,20:31:26,    13, 30.10, 43.80,-13.70
  12448454,  6067, 3,20:31:36,20:32:16,    40, 46.40, 41.30,  5.10
         0,     0, 3,20:32:23,20:32:26,     3, 41.30, 46.20, -4.90
  12706727,  7136, 2,20:33:11,20:33:21,    10, 43.80, 43.80,  0.00
  12448474,  6087, 3,20:32:44,20:33:59,    75, 47.20, 38.90,  8.30
         0,     0, 3,20:34:07,20:34:12,     5, 38.90, 39.20, -0.30
  13323420,     0,10,20:34:04,20:34:14,    10, 41.20, 39.80,  1.40
         0,     0,10,20:34:22,20:34:22,     0, 39.80, 41.10, -1.30
  12706727,  7136, 1,20:33:42,20:34:43,    61, 41.20, 32.40,  8.80
         0,     0, 1,20:34:52,20:35:00,     8, 32.40, 41.20, -8.80
  11954056,     0,10,20:35:38,20:35:41,     3, 41.10, 41.00,  0.10
  13323420,     0,10,20:38:07,20:38:12,     5, 41.00, 40.50,  0.50
  12448432,  6045, 5,20:38:47,20:41:17,   150, 40.90, 30.30, 10.60
         0,     0, 5,20:41:24,20:41:34,    10, 30.30, 41.00,-10.70
  21306958,  5124, 9,20:41:41,20:42:40,    59, 41.00, 38.50,  2.50
         0,     0, 9,20:42:48,20:42:51,     3, 38.50, 41.10, -2.60
  21306958,  5124, 9,20:43:09,20:44:09,    60, 41.10, 39.60,  1.50
         0,     0, 9,20:44:18,20:44:19,     1, 39.60, 41.00, -1.40
  13008835,     0, 8,20:44:05,20:44:18,    13, 41.10, 41.00,  0.10
  21306958,  5124,10,20:44:14,20:44:21,     7, 40.50, 39.40,  1.10
         0,     0,10,20:44:30,20:44:31,     1, 39.40, 41.10, -1.70
  13008815,     0, 9,20:45:06,20:46:14,    68, 41.00, 35.10,  5.90
         0,     0, 9,20:46:22,20:46:29,     7, 35.10, 41.10, -6.00
  12706616,  7025, 3,20:46:25,20:47:49,    84, 46.60, 28.80, 17.80
         0,     0, 3,20:47:57,20:48:11,    14, 28.80, 28.80,  0.00
  13008835,     0, 8,20:47:43,20:49:46,   123, 41.00, 40.10,  0.90
  12448477,  6090, 1,20:48:33,20:50:44,   131, 41.20, 25.80, 15.40
         0,     0, 1,20:50:52,20:51:06,    14, 25.80, 41.30,-15.50
  11499202,     0, 8,20:50:23,20:51:12,    49, 38.90, 33.20,  5.70
         0,     0, 8,20:51:19,20:51:27,     8, 33.20, 41.10, -7.90
  11499202,     0, 8,20:51:44,20:51:58,    14, 41.10, 38.10,  3.00
         0,     0, 8,20:52:06,20:52:08,     2, 38.10, 41.10, -3.00
  13008833,     0, 7,20:28:22,20:54:06,  1544, 41.10, 27.40, 13.70
         0,     0, 7,20:54:14,20:54:23,     9, 27.40, 41.30,-13.90
  12706729,  7138, 1,20:54:21,20:54:29,     8, 41.30, 41.30,  0.00
  12706729,  7138, 1,20:54:46,20:56:54,   128, 41.30, 25.10, 16.20
         0,     0, 1,20:57:03,20:57:18,    15, 25.10, 41.20,-16.10
  21268825,  6068, 2,20:56:19,20:57:23,    64, 43.70, 39.30,  4.40
         0,     0, 2,20:57:32,20:57:35,     3, 39.30, 43.80, -4.50
  21268825,  6068, 1,20:58:46,21:00:05,    79, 41.20, 34.70,  6.50
         0,     0, 1,21:00:13,21:00:18,     5, 34.70, 41.10, -6.40
  13008815,     0,10,21:04:01,21:04:13,    12, 41.00, 40.30,  0.70
  11954027,  4057, 1,21:05:04,21:06:26,    82, 41.20, 33.30,  7.90
         0,     0, 1,21:06:34,21:06:41,     7, 33.30, 41.20, -7.90
  11954027,  4057, 1,21:07:08,21:07:50,    42, 41.20, 28.80, 12.40
         0,     0, 1,21:07:59,21:08:11,    12, 28.80, 41.20,-12.40
  12706636,  7045, 3,21:08:26,21:09:08,    42, 46.50, 40.30,  6.20
         0,     0, 3,21:09:16,21:09:20,     4, 40.30, 40.10,  0.20
  11724159,     0, 8,21:09:23,21:09:24,     1, 29.10, 29.10,  0.00
         0,     0, 8,21:09:32,21:09:44,    12, 29.10, 29.30, -0.20
  13008836,     0,10,21:10:45,21:10:53,     8, 40.30, 40.20,  0.10
  21292347,  5120, 4,21:14:10,21:14:55,    45, 43.80, 38.70,  5.10
         0,     0, 4,21:15:03,21:15:07,     4, 38.70, 43.30, -4.60
  13008836,     0, 9,21:16:43,21:17:14,    31, 41.10, 40.90,  0.20
  13008836,     0,10,21:18:11,21:20:40,   149, 40.20, 24.10, 16.10
         0,     0,10,21:20:49,21:21:07,    18, 24.10, 41.20,-17.10
  12706637,  7046, 4,21:20:07,21:21:07,    60, 43.40, 42.90,  0.50
  12706637,  7046, 3,21:21:35,21:22:46,    71, 46.40, 35.90, 10.50
         0,     0, 3,21:22:55,21:23:03,     8, 35.90, 46.20,-10.30
  13008779,     0, 9,21:22:47,21:23:09,    22, 40.90, 39.80,  1.10
         0,     0, 9,21:23:17,21:23:18,     1, 39.80, 41.00, -1.20
  13008779,     0, 9,21:23:38,21:23:51,    13, 39.60, 38.30,  1.30
         0,     0, 9,21:23:59,21:24:02,     3, 38.30, 41.00, -2.70
  12706738,  7147, 5,21:23:40,21:24:26,    46, 40.90, 35.10,  5.80
         0,     0, 5,21:24:35,21:24:40,     5, 35.10, 35.10,  0.00
  12448473,  6086, 2,21:24:29,21:24:48,    19, 43.70, 43.30,  0.40
  12706637,  7046, 3,21:24:25,21:25:28,    63, 46.60, 38.60,  8.00
         0,     0, 3,21:25:36,21:25:42,     6, 38.60, 38.60,  0.00
  13008742,  7163, 2,21:24:59,21:28:21,   202, 43.30, 26.30, 17.00
         0,     0, 2,21:28:29,21:28:46,    17, 26.30, 43.80,-17.50
  11954050,  4080, 5,21:31:06,21:32:00,    54, 40.90, 37.00,  3.90
         0,     0, 5,21:32:09,21:32:12,     3, 37.00, 40.90, -3.90
  12706622,     0, 8,21:30:59,21:33:08,   129, 41.20, 40.50,  0.70
  12448442,  6055, 7,20:54:44,21:35:09,  2425, 37.90, 30.70,  7.20
         0,     0, 7,21:35:16,21:35:22,     6, 30.70, 41.60,-10.90
  12706636,  7045, 5,21:35:15,21:36:04,    49, 40.90, 35.80,  5.10
         0,     0, 5,21:36:13,21:36:17,     4, 35.80, 40.90, -5.10
  12448473,  6086, 1,21:39:58,21:40:55,    57, 41.20, 31.80,  9.40
         0,     0, 1,21:41:04,21:41:12,     8, 31.80, 41.20, -9.40
  13008839,     0, 7,21:35:33,21:43:07,   454, 41.60, 28.50, 13.10
         0,     0, 7,21:43:14,21:43:22,     8, 28.50, 41.50,-13.00
  12706710,  7119, 4,21:42:41,21:44:17,    96, 43.20, 41.90,  1.30
         0,     0, 4,21:44:26,21:44:27,     1, 41.90, 43.20, -1.30
  13008816,     0, 8,21:50:01,21:50:03,     2, 40.50, 40.50,  0.00
  11954050,  4080, 4,21:49:08,21:50:24,    76, 42.70, 28.30, 14.40
  13008858,     0, 7,21:43:54,21:50:26,   392, 41.20, 39.00,  2.20
         0,     0, 7,21:50:34,21:50:35,     1, 39.00, 41.60, -2.60
         0,     0, 4,21:50:33,21:50:47,    14, 28.30, 28.20,  0.10
  12706719,  7128, 2,21:47:21,21:52:18,   297, 43.80, 31.50, 12.30
         0,     0, 2,21:52:26,21:52:38,    12, 31.50, 43.80,-12.30
  11954050,  4080, 1,21:53:33,21:54:21,    48, 41.30, 38.80,  2.50
         0,     0, 1,21:54:29,21:54:30,     1, 38.80, 41.30, -2.50
  12706636,  7045, 5,21:54:31,21:55:03,    32, 40.70, 37.40,  3.30
         0,     0, 5,21:55:12,21:55:15,     3, 37.40, 41.00, -3.60
  13008816,     0, 8,21:53:06,21:56:24,   198, 40.40, 27.50, 12.90
         0,     0, 8,21:56:33,21:56:47,    14, 27.50, 27.60, -0.10
  12706659,  7068, 4,21:55:20,21:59:05,   225, 44.10, 21.80, 22.30
         0,     0, 4,21:59:13,21:59:33,    20, 21.80, 43.40,-21.60
  12706667,     0, 6,20:00:53,22:00:12,  7159, 41.40, 33.50,  7.90
         0,     0, 6,22:00:20,22:00:27,     7, 33.50, 41.50, -8.00
  12448451,  6064, 5,22:02:15,22:07:25,   310, 40.90, 40.60,  0.30
  12448451,  6064, 5,22:07:37,22:08:11,    34, 40.60, 40.50,  0.10
  12448451,  6064, 3,22:09:02,22:12:06,   184, 46.70, 27.10, 19.60
         0,     0, 3,22:12:14,22:12:30,    16, 27.10, 27.00,  0.10
  13008866,     0, 8,22:12:33,22:12:45,    12, 41.30, 41.10,  0.20
  13008866,     0, 8,22:12:58,22:13:24,    26, 41.10, 41.00,  0.10
  12448473,  6086, 2,22:12:30,22:13:42,    72, 43.70, 33.80,  9.90
  13008866,     0, 8,22:13:49,22:13:51,     2, 41.00, 41.00,  0.00
         0,     0, 2,22:13:49,22:13:58,     9, 33.80, 43.70, -9.90
  12200010,  5064, 4,22:12:53,22:14:01,    68, 44.10, 31.70, 12.40
  13008866,     0, 8,22:14:02,22:14:07,     5, 41.00, 41.00,  0.00
         0,     0, 4,22:14:09,22:14:20,    11, 31.70, 43.50,-11.80
  12706609,  7018, 8,22:16:06,22:16:10,     4, 41.00, 41.00,  0.00
  13008866,     0, 8,22:16:40,22:16:52,    12, 40.80, 40.70,  0.10
  13008742,  7163, 5,22:17:10,22:17:22,    12, 40.50, 40.50,  0.00
  12706706,  7115, 2,22:16:10,22:17:41,    91, 43.80, 30.90, 12.90
  13008866,     0, 8,22:17:15,22:17:50,    35, 40.50, 40.20,  0.30
         0,     0, 2,22:17:49,22:18:01,    12, 30.90, 43.70,-12.80
  13008742,  7163, 5,22:18:36,22:19:31,    55, 40.50, 40.30,  0.20
  13008742,  7163, 2,22:23:23,22:27:32,   249, 43.80, 32.30, 11.50
         0,     0, 2,22:27:40,22:27:51,    11, 32.30, 43.70,-11.40
  12199981,  5035, 5,22:26:27,22:27:53,    86, 40.30, 25.90, 14.40
         0,     0, 5,22:28:01,22:28:15,    14, 25.90, 41.00,-15.10
  12200048,     0, 7,22:00:48,22:28:16,  1648, 39.40, 38.80,  0.60
         0,     0, 7,22:28:24,22:28:25,     1, 38.80, 41.50, -2.70
  11953978,  4008, 2,22:31:41,22:32:58,    77, 43.80, 38.80,  5.00
         0,     0, 2,22:33:06,22:33:10,     4, 38.80, 43.70, -4.90
  12706646,     0, 6,22:27:33,22:33:38,   365, 41.40, 23.00, 18.40
         0,     0, 6,22:33:45,22:34:02,    17, 23.00, 41.50,-18.50
  12706727,  7136, 4,22:33:05,22:34:01,    56, 43.80, 35.50,  8.30
         0,     0, 4,22:34:09,22:34:16,     7, 35.50, 43.40, -7.90
  12448479,  6092, 5,22:33:00,22:35:07,   127, 41.00, 27.50, 13.50
         0,     0, 5,22:35:14,22:35:26,    12, 27.50, 40.90,-13.40
  13008835,     0, 7,22:29:06,22:37:15,   489, 41.50, 40.10,  1.40
  13008866,     0, 8,22:38:07,22:38:29,    22, 40.00, 39.90,  0.10
         0,     0, 8,22:38:37,22:38:37,     0, 39.90, 40.80, -0.90
  12706700,  7109, 3,22:40:05,22:40:24,    19, 46.50, 43.30,  3.20
         0,     0, 3,22:40:31,22:40:33,     2, 43.30, 46.40, -3.10
  11953978,  4008, 4,22:42:16,22:42:54,    38, 43.80, 43.20,  0.60
  12706700,  7109, 3,22:43:38,22:44:24,    46, 46.80, 37.90,  8.90
         0,     0, 3,22:44:31,22:44:37,     6, 37.90, 37.90,  0.00
  12706669,  7078, 2,22:43:18,22:45:27,   129, 43.70, 25.60, 18.10
         0,     0, 2,22:45:34,22:45:52,    18, 25.60, 43.70,-18.10
  12706642,  7051, 8,22:44:52,22:46:27,    95, 40.60, 33.90,  6.70
         0,     0, 8,22:46:36,22:46:43,     7, 33.90, 41.10, -7.20
  13008866,     0, 8,22:52:54,22:53:39,    45, 40.90, 40.60,  0.30
  13008737,     0,10,22:56:15,22:56:19,     4, 41.00, 40.90,  0.10
  13008866,     0, 8,22:56:07,22:57:25,    78, 39.60, 39.10,  0.50
         0,     0, 8,22:57:32,22:57:33,     1, 39.10, 41.00, -1.90
  13008737,     0, 9,22:58:03,22:58:04,     1, 29.80, 29.80,  0.00
  12200046,  5100, 2,22:57:19,22:58:11,    52, 43.80, 32.90, 10.90
  21268104,  6062, 5,22:56:10,22:58:14,   124, 40.90, 27.90, 13.00
  13008866,     0, 8,22:58:00,22:58:17,    17, 40.70, 40.50,  0.20
         0,     0, 9,22:58:13,22:58:28,    15, 29.80, 41.00,-11.20
         0,     0, 2,22:58:18,22:58:29,    11, 32.90, 43.70,-10.80
         0,     0, 5,22:58:22,22:58:34,    12, 27.90, 40.90,-13.00
  13008866,     0, 8,22:58:54,22:59:17,    23, 40.30, 40.10,  0.20
  13008866,     0, 8,22:59:35,23:00:16,    41, 39.90, 39.60,  0.30
         0,     0, 8,23:00:24,23:00:25,     1, 39.60, 40.80, -1.20
  12706624,  7033, 8,23:01:46,23:02:19,    33, 40.70, 40.60,  0.10
  12706624,  7033, 8,23:02:36,23:02:37,     1, 40.50, 40.40,  0.10
  12706624,  7033, 8,23:03:35,23:03:36,     1, 37.90, 37.90,  0.00
         0,     0, 8,23:03:44,23:03:47,     3, 37.90, 41.10, -3.20
  12706624,  7033, 8,23:04:03,23:04:44,    41, 41.10, 37.20,  3.90
  12706634,     0,10,23:04:33,23:04:46,    13, 40.90, 39.40,  1.50
         0,     0,10,23:04:54,23:04:55,     1, 39.40, 41.10, -1.70
         0,     0, 8,23:04:53,23:04:56,     3, 37.20, 41.10, -3.90
  12448432,  6045, 1,23:03:04,23:06:11,   187, 41.30, 25.80, 15.50
         0,     0, 1,23:06:18,23:06:32,    14, 25.80, 41.20,-15.40
  12706634,     0,10,23:05:10,23:06:48,    98, 41.10, 27.40, 13.70
         0,     0,10,23:06:55,23:07:09,    14, 27.40, 41.20,-13.80
  12706706,  7115, 5,23:14:51,23:15:03,    12, 40.80, 40.80,  0.00
  12706706,  7115, 5,23:15:15,23:15:38,    23, 40.80, 39.00,  1.80
         0,     0, 5,23:15:45,23:15:46,     1, 39.00, 41.10, -2.10
  13008842,  8083, 1,23:14:40,23:16:42,   122, 41.20, 26.20, 15.00
         0,     0, 1,23:16:50,23:17:04,    14, 26.20, 41.20,-15.00
  12448416,  6029, 2,23:21:30,23:24:29,   179, 43.70, 33.20, 10.50
         0,     0, 2,23:24:37,23:24:47,    10, 33.20, 43.80,-10.60
  12448416,  6029, 2,23:24:57,23:25:33,    36, 43.80, 38.40,  5.40
         0,     0, 2,23:25:42,23:25:46,     4, 38.40, 43.70, -5.30
  11953978,  4008, 4,23:24:38,23:25:46,    68, 43.20, 31.90, 11.30
         0,     0, 4,23:25:53,23:26:03,    10, 31.90, 43.30,-11.40
  12448479,  6092, 4,23:29:39,23:30:02,    23, 43.50, 42.50,  1.00
  12448479,  6092, 3,23:30:23,23:31:16,    53, 46.60, 37.50,  9.10
         0,     0, 3,23:31:24,23:31:31,     7, 37.50, 37.50,  0.00
  12706706,  7115, 4,23:30:30,23:31:34,    64, 42.60, 27.30, 15.30
         0,     0, 4,23:31:42,23:31:57,    15, 27.30, 43.40,-16.10
  12706655,  7064, 1,23:32:08,23:33:08,    60, 41.30, 30.50, 10.80
         0,     0, 1,23:33:16,23:33:26,    10, 30.50, 41.20,-10.70
  12706669,  7078, 4,23:32:15,23:33:51,    96, 43.50, 33.70,  9.80
         0,     0, 4,23:33:59,23:34:08,     9, 33.70, 43.30, -9.60
  12448454,  6067, 5,23:32:02,23:34:16,   134, 41.00, 28.60, 12.40
         0,     0, 5,23:34:24,23:34:35,    11, 28.60, 41.10,-12.50
  11953996,  4026, 1,23:36:00,23:39:12,   192, 41.20, 23.50, 17.70
         0,     0, 1,23:39:21,23:39:38,    17, 23.50, 41.30,-17.80
  13008798,     0, 7,22:38:30,23:44:57,  3987, 27.40, 27.40,  0.00
  21268825,  6068, 1,23:42:12,23:44:57,   165, 41.30, 30.00, 11.30
  12706645,     0, 6,22:34:39,23:44:57,  4218, 41.40, 33.30,  8.10
         0,     0, 3,23:45:09,23:45:19,    10, 46.60, 46.60,  0.00
         0,     0, 5,23:45:10,23:45:20,    10, 41.00, 41.00,  0.00
         0,     0, 8,23:45:10,23:45:20,    10, 41.20, 41.20,  0.00
         0,     0, 9,23:45:10,23:45:20,    10, 41.00, 41.00,  0.00
         0,     0,10,23:45:10,23:45:20,    10, 41.10, 41.10,  0.00
         0,     0, 2,23:45:10,23:45:20,    10, 43.60, 43.60,  0.00
         0,     0, 4,23:45:10,23:45:20,    10, 43.70, 43.70,  0.00
         0,     0, 6,23:45:05,23:45:13,     8, 33.30, 41.50, -8.20
         0,     0, 7,23:45:04,23:45:13,     9, 27.40, 27.50, -0.10
         0,     0, 1,23:45:05,23:45:16,    11, 30.00, 41.20,-11.20
