         0,     0, 1, 0:03:27, 0:03:37,    10, 41.30, 41.30,  0.00
         0,     0, 2, 0:03:27, 0:03:37,    10, 44.00, 44.00,  0.00
         0,     0, 3, 0:03:27, 0:03:37,    10, 47.10, 47.10,  0.00
         0,     0, 4, 0:03:27, 0:03:37,    10, 43.60, 43.60,  0.00
         0,     0, 5, 0:03:27, 0:03:37,    10, 40.70, 40.70,  0.00
         0,     0, 7, 0:03:27, 0:03:37,    10, 41.20, 41.20,  0.00
         0,     0, 8, 0:03:27, 0:03:37,    10, 28.00, 28.00,  0.00
         0,     0, 9, 0:03:27, 0:03:37,    10, 34.40, 34.40,  0.00
         0,     0,10, 0:03:27, 0:03:37,    10, 41.10, 41.10,  0.00
         0,     0, 8, 0:03:37, 0:03:50,    13, 28.00, 41.10,-13.10
  12200005,  5059, 1, 0:05:01, 0:05:09,     8, 41.30, 41.30,  0.00
  12200007,  5061, 2, 0:03:27, 0:05:46,   139, 44.00, 26.30, 17.70
         0,     0, 2, 0:05:53, 0:06:09,    16, 26.30, 44.00,-17.70
  13323358,     0, 8, 0:06:32, 0:06:34,     2, 40.90, 40.90,  0.00
  13323358,     0, 8, 0:07:16, 0:08:02,    46, 38.70, 33.60,  5.10
         0,     0, 8, 0:08:11, 0:08:18,     7, 33.60, 33.70, -0.10
  12706604,     0, 8, 0:08:36, 0:09:09,    33, 41.10, 41.00,  0.10
  12706604,     0, 8, 0:09:34, 0:12:23,   169, 40.90, 26.30, 14.60
         0,     0, 8, 0:12:31, 0:12:46,    15, 26.30, 26.50, -0.20
  12200005,  5059, 2, 0:10:00, 0:14:33,   273, 44.00, 30.40, 13.60
         0,     0, 2, 0:14:42, 0:14:54,    12, 30.40, 44.00,-13.60
  12448416,  6029, 2, 0:17:46, 0:20:31,   165, 44.10, 32.90, 11.20
         0,     0, 2, 0:20:39, 0:20:49,    10, 32.90, 44.10,-11.20
  12706686,  7095, 5, 0:16:45, 0:20:52,   247, 40.70, 24.60, 16.10
  12200083,     0, 9, 0:19:42, 0:21:09,    87, 34.30, 28.40,  5.90
         0,     0, 5, 0:21:00, 0:21:15,    15, 24.60, 40.90,-16.30
         0,     0, 9, 0:21:18, 0:21:35,    17, 28.40, 41.10,-12.70
  12199987,  5041, 1, 0:32:39, 0:37:22,   283, 41.30, 22.30, 19.00
         0,     0, 1, 0:37:31, 0:37:48,    17, 22.30, 41.30,-19.00
  11954014,  4044, 2, 0:38:13, 0:38:45,    32, 44.10, 38.60,  5.50
         0,     0, 2, 0:38:54, 0:38:58,     4, 38.60, 44.00, -5.40
  12199969,     0, 9, 0:41:33, 0:44:38,   185, 41.10, 33.40,  7.70
         0,     0, 9, 0:44:46, 0:44:56,    10, 33.40, 41.10, -7.70
  12706630,  7039,10, 0:45:17, 0:45:22,     5, 40.80, 40.70,  0.10
  12706630,  7039,10, 0:45:36, 0:46:55,    79, 40.50, 34.10,  6.40
         0,     0,10, 0:47:03, 0:47:10,     7, 34.10, 41.20, -7.10
  13008815,     0, 8, 0:48:57, 0:51:25,   148, 41.10, 35.50,  5.60
         0,     0, 8, 0:51:34, 0:51:39,     5, 35.50, 41.10, -5.60
  13008815,     0, 8, 0:54:36, 0:54:39,     3, 36.40, 36.40,  0.00
         0,     0, 8, 0:54:46, 0:54:50,     4, 36.40, 41.10, -4.70
  12200048,     0, 8, 0:58:21, 1:00:32,   131, 41.10, 37.40,  3.70
         0,     0, 8, 1:00:39, 1:00:42,     3, 37.40, 41.10, -3.70
  12706651,  7060, 5, 1:03:03, 1:03:05,     2, 40.80, 40.80,  0.00
  12706651,  7060, 4, 1:15:06, 1:17:11,   125, 43.80, 40.40,  3.40
         0,     0, 4, 1:17:19, 1:17:21,     2, 40.40, 43.30, -2.90
  12706701,  7110, 1, 1:14:13, 1:17:35,   202, 41.30, 27.60, 13.70
         0,     0, 1, 1:17:43, 1:17:56,    13, 27.60, 41.30,-13.70
  12706651,  7060, 4, 1:18:28, 1:20:03,    95, 43.50, 36.30,  7.20
         0,     0, 4, 1:20:10, 1:20:17,     7, 36.30, 43.40, -7.10
  13323425,     0, 9, 1:21:16, 1:21:40,    24, 41.10, 40.80,  0.30
  12200005,  5059, 3, 1:30:51, 1:32:41,   110, 46.90, 37.10,  9.80
         0,     0, 3, 1:32:48, 1:32:56,     8, 37.10, 46.40, -9.30
  12706650,  7059, 3, 1:33:16, 1:34:26,    70, 46.80, 39.20,  7.60
         0,     0, 3, 1:34:33, 1:34:39,     6, 39.20, 46.20, -7.00
  12199981,  5035, 3, 1:39:42, 1:41:14,    92, 46.40, 33.80, 12.60
         0,     0, 3, 1:41:21, 1:41:32,    11, 33.80, 46.50,-12.70
  12200042,  5096, 5, 1:40:15, 1:42:13,   118, 40.80, 29.10, 11.70
         0,     0, 5, 1:42:21, 1:42:32,    11, 29.10, 40.90,-11.80
  13323425,     0, 9, 1:52:22, 1:53:46,    84, 40.80, 36.90,  3.90
         0,     0, 9, 1:53:55, 1:54:00,     5, 36.90, 41.10, -4.20
  12706707,  7116, 3, 1:52:30, 1:54:08,    98, 46.90, 41.30,  5.60
         0,     0, 3, 1:54:16, 1:54:20,     4, 41.30, 46.20, -4.90
  12200048,     0, 7, 1:00:55, 1:58:26,  3451, 41.10, 28.60, 12.50
         0,     0, 7, 1:58:33, 1:58:41,     8, 28.60, 41.50,-12.90
  12706710,  7119, 1, 2:02:13, 2:02:52,    39, 41.30, 41.00,  0.30
  21306958,  5124, 8, 1:59:25, 2:03:42,   257, 28.80, 27.80,  1.00
         0,     0, 8, 2:03:51, 2:04:05,    14, 27.80, 41.10,-13.30
  12706669,  7078, 2, 2:03:02, 2:05:30,   148, 44.00, 31.50, 12.50
         0,     0, 2, 2:05:38, 2:05:49,    11, 31.50, 44.10,-12.60
  12706707,  7116, 1, 2:11:50, 2:12:26,    36, 41.00, 35.80,  5.20
         0,     0, 1, 2:12:34, 2:12:38,     4, 35.80, 41.30, -5.50
  12706707,  7116, 1, 2:13:10, 2:13:36,    26, 41.30, 37.80,  3.50
         0,     0, 1, 2:13:44, 2:13:46,     2, 37.80, 41.30, -3.50
  12706655,  7064, 2, 2:19:42, 2:20:33,    51, 44.10, 43.90,  0.20
  12706655,  7064, 2, 2:20:49, 2:25:19,   270, 43.90, 31.70, 12.20
         0,     0, 2, 2:25:28, 2:25:39,    11, 31.70, 44.00,-12.30
  12706637,  7046, 2, 2:26:40, 2:28:34,   114, 44.10, 42.80,  1.30
  12706637,  7046, 2, 2:28:50, 2:30:40,   110, 42.80, 25.60, 17.20
         0,     0, 2, 2:30:49, 2:31:06,    17, 25.60, 44.00,-18.40
  12706636,  7045, 2, 2:32:34, 2:33:14,    40, 44.20, 40.80,  3.40
         0,     0, 2, 2:33:22, 2:33:24,     2, 40.80, 44.10, -3.30
  12448451,  6064, 1, 2:38:42, 2:39:38,    56, 41.30, 41.10,  0.20
  21306958,  5124, 7, 1:58:58, 2:44:58,  2760, 41.40, 41.30,  0.10
  12706609,  7018, 8, 2:45:32, 2:45:40,     8, 41.10, 41.10,  0.00
  12448451,  6064, 2, 2:41:25, 2:46:12,   287, 44.10, 21.40, 22.70
  12706609,  7018, 8, 2:46:20, 2:46:29,     9, 41.10, 40.80,  0.30
         0,     0, 2, 2:46:20, 2:46:41,    21, 21.40, 44.00,-22.60
  12706609,  7018, 8, 2:47:20, 2:48:14,    54, 40.90, 37.60,  3.30
         0,     0, 8, 2:48:23, 2:48:26,     3, 37.60, 41.10, -3.50
  12706601,     0, 9, 2:55:22, 2:56:23,    61, 41.10, 36.20,  4.90
  12706636,  7045, 2, 2:55:07, 2:56:32,    85, 44.10, 33.30, 10.80
         0,     0, 9, 2:56:31, 2:56:37,     6, 36.20, 41.10, -4.90
         0,     0, 2, 2:56:39, 2:56:48,     9, 33.30, 44.00,-10.70
  12448409,  6022, 2, 3:06:03, 3:06:10,     7, 44.10, 44.10,  0.00
  12448409,  6022, 1, 3:06:15, 3:08:52,   157, 41.10, 21.40, 19.70
         0,     0, 1, 3:09:00, 3:09:18,    18, 21.40, 41.30,-19.90
  12200046,  5100, 5, 3:28:25, 3:28:27,     2, 40.80, 40.80,  0.00
  12706615,     0,10, 3:27:58, 3:32:04,   246, 40.60, 29.20, 11.40
         0,     0,10, 3:32:12, 3:32:24,    12, 29.20, 41.20,-12.00
  12200046,  5100, 1, 3:40:15, 3:41:40,    85, 41.30, 27.60, 13.70
  12200066,  5120, 2, 3:38:42, 3:41:54,   192, 44.00, 37.30,  6.70
         0,     0, 1, 3:41:47, 3:41:59,    12, 27.60, 41.40,-13.80
         0,     0, 2, 3:42:02, 3:42:07,     5, 37.30, 44.00, -6.70
  13323425,     0, 9, 3:45:55, 3:46:40,    45, 41.10, 40.60,  0.50
  13323425,     0, 9, 3:47:44, 3:47:45,     1, 37.70, 37.70,  0.00
         0,     0, 9, 3:47:52, 3:47:56,     4, 37.70, 41.10, -3.40
  11724109,  6068, 4, 3:48:32, 3:53:24,   292, 43.90, 39.80,  4.10
         0,     0, 4, 3:53:32, 3:53:35,     3, 39.80, 43.40, -3.60
  12448479,  6092, 3, 3:53:46, 3:58:29,   283, 46.50, 34.80, 11.70
         0,     0, 3, 3:58:37, 3:58:47,    10, 34.80, 46.40,-11.60
  13008735,  7156, 1, 4:07:04, 4:10:12,   188, 41.40, 28.20, 13.20
         0,     0, 1, 4:10:20, 4:10:32,    12, 28.20, 41.30,-13.10
  11954050,  4080, 1, 4:15:15, 4:15:19,     4, 41.30, 41.30,  0.00
  12200042,  5096, 2, 4:15:42, 4:17:36,   114, 44.00, 30.10, 13.90
         0,     0, 2, 4:17:44, 4:17:56,    12, 30.10, 43.90,-13.80
  12200085,     0,10, 4:19:30, 4:20:50,    80, 41.00, 32.70,  8.30
         0,     0,10, 4:20:58, 4:21:06,     8, 32.70, 41.20, -8.50
  12448428,  6041, 3, 4:26:06, 4:26:26,    20, 47.00, 47.10, -0.10
  12448428,  6041, 3, 4:27:15, 4:28:33,    78, 47.10, 33.90, 13.20
  12706616,  7025, 1, 4:26:18, 4:28:37,   139, 41.30, 27.20, 14.10
         0,     0, 3, 4:28:41, 4:28:52,    11, 33.90, 46.30,-12.40
         0,     0, 1, 4:28:45, 4:28:58,    13, 27.20, 41.30,-14.10
  11724109,  6068, 2, 4:33:31, 4:35:31,   120, 44.00, 43.60,  0.40
  12706669,  7078, 3, 6:25:20, 6:25:59,    39, 46.70, 38.60,  8.10
         0,     0, 3, 6:26:07, 6:26:13,     6, 38.60, 46.70, -8.10
  12706669,  7078, 3, 6:26:23, 6:26:49,    26, 46.70, 39.00,  7.70
         0,     0, 3, 6:26:57, 6:27:03,     6, 39.00, 39.10, -0.10
  11953978,  4008, 1, 6:27:41, 6:29:12,    91, 41.30, 31.40,  9.90
         0,     0, 1, 6:29:20, 6:29:29,     9, 31.40, 41.30, -9.90
  12706710,  7119, 2, 6:28:05, 6:29:48,   103, 43.70, 26.60, 17.10
         0,     0, 2, 6:29:55, 6:30:11,    16, 26.60, 44.00,-17.40
  12200005,  5059, 2, 6:31:05, 6:31:18,    13, 44.10, 44.10,  0.00
  12706639,  7048, 4, 6:34:13, 6:34:44,    31, 43.70, 43.40,  0.30
  12706686,  7095, 2, 6:33:05, 6:34:52,   107, 44.10, 32.80, 11.30
  12200005,  5059, 1, 6:31:24, 6:34:54,   210, 41.30, 24.20, 17.10
         0,     0, 2, 6:34:59, 6:35:10,    11, 32.80, 44.00,-11.20
         0,     0, 1, 6:35:02, 6:35:19,    17, 24.20, 41.20,-17.00
  21268104,  6067, 1, 6:35:29, 6:35:45,    16, 41.20, 41.00,  0.20
  11724109,  6068, 2, 6:38:10, 6:38:43,    33, 44.00, 43.80,  0.20
  11724109,  6068, 1, 6:38:51, 6:38:59,     8, 41.00, 41.00,  0.00
  11724109,  6068, 1, 6:39:21, 6:42:25,   184, 41.00, 26.70, 14.30
         0,     0, 1, 6:42:33, 6:42:47,    14, 26.70, 41.30,-14.60
  11724109,  6068, 1, 6:42:57, 6:43:05,     8, 41.30, 40.90,  0.40
  21268104,  6067, 2, 6:45:21, 6:45:38,    17, 43.80, 43.70,  0.10
  12448416,  6029, 3, 6:49:30, 6:49:36,     6, 46.60, 46.40,  0.20
  12448416,  6029, 3, 6:51:30, 6:51:57,    27, 46.40, 46.80, -0.40
  12200007,  5061, 1, 6:52:33, 6:53:31,    58, 40.90, 31.50,  9.40
  12706650,  7059, 2, 6:52:55, 6:53:36,    41, 43.70, 39.20,  4.50
         0,     0, 2, 6:53:43, 6:53:46,     3, 39.20, 43.80, -4.60
         0,     0, 1, 6:53:38, 6:53:47,     9, 31.50, 41.30, -9.80
  12706650,  7059, 1, 6:53:58, 6:54:51,    53, 41.30, 34.30,  7.00
         0,     0, 1, 6:54:58, 6:55:04,     6, 34.30, 41.30, -7.00
  11954075,  4105, 5, 6:58:11, 6:58:13,     2, 40.80, 40.80,  0.00
  11954075,  4105, 5, 6:58:25, 6:59:22,    57, 40.80, 33.00,  7.80
         0,     0, 5, 6:59:30, 6:59:37,     7, 33.00, 40.90, -7.90
  11954075,  4105, 5, 6:59:47, 6:59:48,     1, 40.90, 40.80,  0.10
  12448471,  6084, 5, 7:00:34, 7:00:36,     2, 40.80, 40.80,  0.00
  12448471,  6084, 3, 7:01:28, 7:03:28,   120, 46.30, 34.40, 11.90
         0,     0, 3, 7:03:36, 7:03:46,    10, 34.40, 34.40,  0.00
  12448416,  6029, 3, 7:03:57, 7:05:50,   113, 46.50, 32.80, 13.70
         0,     0, 3, 7:05:59, 7:06:11,    12, 32.80, 46.20,-13.40
  12199981,  5035, 1, 7:05:07, 7:06:16,    69, 41.30, 26.10, 15.20
         0,     0, 1, 7:06:23, 7:06:37,    14, 26.10, 41.30,-15.20
  12199987,  5041, 2, 7:06:11, 7:06:59,    48, 43.90, 43.20,  0.70
  12448416,  6029, 3, 7:06:21, 7:07:54,    93, 46.30, 37.90,  8.40
         0,     0, 3, 7:08:02, 7:08:09,     7, 37.90, 38.20, -0.30
  12448448,  6061, 2, 7:07:16, 7:08:08,    52, 43.20, 43.10,  0.10
  12448448,  6061, 1, 7:08:13, 7:08:21,     8, 41.30, 41.30,  0.00
  12448473,  6086, 1, 7:09:15, 7:10:51,    96, 41.30, 27.30, 14.00
         0,     0, 1, 7:10:58, 7:11:11,    13, 27.30, 41.20,-13.90
  12448448,  6061, 2, 7:08:54, 7:12:11,   197, 43.10, 36.60,  6.50
         0,     0, 2, 7:12:18, 7:12:24,     6, 36.60, 44.00, -7.40
  12448448,  6061, 2, 7:12:34, 7:15:16,   162, 44.10, 23.60, 20.50
         0,     0, 2, 7:15:24, 7:15:43,    19, 23.60, 44.10,-20.50
  21268104,  6067, 3, 7:12:38, 7:15:47,   189, 46.80, 30.30, 16.50
         0,     0, 3, 7:15:55, 7:16:09,    14, 30.30, 46.40,-16.10
  11724239,  3139, 1, 7:12:23, 7:17:04,   281, 41.20, 25.10, 16.10
         0,     0, 1, 7:17:11, 7:17:26,    15, 25.10, 41.30,-16.20
  12448479,  6092, 1, 7:22:10, 7:22:16,     6, 41.30, 41.30,  0.00
  12706707,  7116, 1, 7:22:30, 7:24:00,    90, 41.30, 30.40, 10.90
         0,     0, 1, 7:24:09, 7:24:19,    10, 30.40, 41.30,-10.90
  12448451,  6064, 2, 7:18:45, 7:24:42,   357, 44.10, 26.10, 18.00
         0,     0, 2, 7:24:49, 7:25:07,    18, 26.10, 44.10,-18.00
  11499161,  2051, 4, 7:22:36, 7:26:21,   225, 43.30, 29.10, 14.20
         0,     0, 4, 7:26:30, 7:26:44,    14, 29.10, 43.40,-14.30
  12448479,  6092, 2, 7:25:50, 7:28:42,   172, 44.20, 24.30, 19.90
         0,     0, 2, 7:28:50, 7:29:09,    19, 24.30, 43.90,-19.60
  12706650,  7059, 3, 7:28:34, 7:30:06,    92, 46.80, 39.00,  7.80
         0,     0, 3, 7:30:13, 7:30:19,     6, 39.00, 46.10, -7.10
  12200007,  5061, 1, 7:29:45, 7:31:37,   112, 41.30, 24.50, 16.80
         0,     0, 1, 7:31:45, 7:32:01,    16, 24.50, 41.20,-16.70
  12706705,  7114, 1, 7:33:18, 7:33:22,     4, 41.20, 41.30, -0.10
  12706710,  7119, 2, 7:32:43, 7:34:03,    80, 44.00, 42.20,  1.80
  13323435,     0, 9, 7:30:40, 7:34:31,   231, 41.00, 34.80,  6.20
         0,     0, 9, 7:34:38, 7:34:46,     8, 34.80, 41.10, -6.30
  12706710,  7119, 2, 7:34:18, 7:35:26,    68, 42.20, 26.70, 15.50
         0,     0, 2, 7:35:35, 7:35:51,    16, 26.70, 44.00,-17.30
  21268825,  6087, 3, 7:34:52, 7:37:46,   174, 46.40, 26.40, 20.00
         0,     0, 3, 7:37:55, 7:38:12,    17, 26.40, 46.40,-20.00
  12706705,  7114, 2, 7:36:28, 7:38:40,   132, 44.10, 37.30,  6.80
         0,     0, 2, 7:38:48, 7:38:53,     5, 37.30, 44.00, -6.70
  12706705,  7114, 2, 7:39:03, 7:39:42,    39, 44.10, 37.70,  6.40
         0,     0, 2, 7:39:50, 7:39:55,     5, 37.70, 44.10, -6.40
  12706705,  7114, 1, 7:39:54, 7:40:52,    58, 41.30, 31.30, 10.00
         0,     0, 1, 7:41:01, 7:41:10,     9, 31.30, 41.30,-10.00
  12706639,  7048, 1, 7:42:24, 7:42:28,     4, 41.30, 41.30,  0.00
  12706639,  7048, 2, 7:42:36, 7:45:24,   168, 44.10, 22.10, 22.00
         0,     0, 2, 7:45:32, 7:45:53,    21, 22.10, 44.10,-22.00
  13323358,     0, 7, 3:59:34, 7:46:56, 13642, 41.20, 41.20,  0.00
  11499161,  2051, 1, 7:55:04, 7:57:49,   165, 41.30, 31.10, 10.20
         0,     0, 1, 7:57:56, 7:58:05,     9, 31.10, 41.30,-10.20
  21292480,  6005, 4, 8:02:07, 8:05:06,   179, 43.50, 23.40, 20.10
         0,     0, 4, 8:05:14, 8:05:34,    20, 23.40, 43.30,-19.90
  13323427,     0, 8, 8:09:12, 8:09:44,    32, 41.10, 41.00,  0.10
  12706659,  7068, 2, 8:10:05, 8:10:10,     5, 44.10, 44.10,  0.00
  12706659,  7068, 1, 8:10:21, 8:10:40,    19, 41.30, 41.20,  0.10
  12706659,  7068, 2, 8:10:50, 8:10:54,     4, 44.10, 44.10,  0.00
  12706686,  7095, 3, 8:10:28, 8:11:03,    35, 47.00, 45.90,  1.10
  12706686,  7095, 4, 8:11:08, 8:12:10,    62, 43.60, 31.20, 12.40
         0,     0, 4, 8:12:18, 8:12:30,    12, 31.20, 43.30,-12.10
  12706659,  7068, 2, 8:11:06, 8:14:15,   189, 44.30, 22.50, 21.80
         0,     0, 2, 8:14:23, 8:14:43,    20, 22.50, 44.00,-21.50
  12448477,  6090, 1, 8:15:33, 8:18:16,   163, 41.20, 26.40, 14.80
         0,     0, 1, 8:18:25, 8:18:39,    14, 26.40, 41.30,-14.90
  12448477,  6090, 1, 8:19:01, 8:19:23,    22, 41.30, 36.30,  5.00
         0,     0, 1, 8:19:32, 8:19:36,     4, 36.30, 41.30, -5.00
  13008756,  7115, 3, 8:17:27, 8:20:38,   191, 45.60, 22.30, 23.30
         0,     0, 3, 8:20:45, 8:21:06,    21, 22.30, 46.50,-24.20
  13323416,     0,10, 8:19:47, 8:21:40,   113, 40.30, 38.50,  1.80
         0,     0,10, 8:21:48, 8:21:50,     2, 38.50, 41.30, -2.80
  12199987,  5041, 1, 8:25:37, 8:31:06,   329, 41.30, 19.80, 21.50
         0,     0, 1, 8:31:14, 8:31:34,    20, 19.80, 41.40,-21.60
  13323416,     0,10, 8:32:09, 8:34:16,   127, 41.10, 33.30,  7.80
         0,     0,10, 8:34:24, 8:34:32,     8, 33.30, 41.30, -8.00
  12706700,  7109, 2, 8:35:52, 8:36:43,    51, 43.90, 31.30, 12.60
         0,     0, 2, 8:36:51, 8:37:02,    11, 31.30, 44.00,-12.70
  12706651,  7060, 4, 8:39:37, 8:42:53,   196, 43.80, 26.30, 17.50
  11953978,  4008, 1, 8:41:23, 8:43:11,   108, 41.40, 31.60,  9.80
         0,     0, 4, 8:43:00, 8:43:17,    17, 26.30, 43.20,-16.90
         0,     0, 1, 8:43:18, 8:43:27,     9, 31.60, 41.30, -9.70
  12706630,  7039,10, 8:48:17, 8:48:30,    13, 41.20, 41.20,  0.00
  12706648,  7057, 2, 8:47:33, 8:48:43,    70, 43.90, 41.40,  2.50
         0,     0, 2, 8:48:51, 8:48:52,     1, 41.40, 43.90, -2.50
  12706630,  7039, 9, 8:49:09, 8:49:24,    15, 41.10, 40.80,  0.30
  12706648,  7057, 2, 8:49:02, 8:50:29,    87, 43.90, 22.30, 21.60
         0,     0, 2, 8:50:37, 8:50:57,    20, 22.30, 44.20,-21.90
  12199988,  5042, 2, 8:55:06, 8:55:16,    10, 44.20, 44.10,  0.10
  21306958,  5124, 7, 8:50:58, 8:56:11,   313, 41.20, 41.00,  0.20
  11954050,  4080, 1, 8:56:30, 8:57:50,    80, 41.30, 27.10, 14.20
  12199988,  5042, 2, 8:56:19, 8:57:54,    95, 44.10, 42.00,  2.10
         0,     0, 2, 8:58:03, 8:58:03,     0, 42.00, 43.60, -1.60
         0,     0, 1, 8:57:59, 8:58:12,    13, 27.10, 41.30,-14.20
  11954050,  4080, 1, 8:58:24, 8:58:58,    34, 41.30, 32.30,  9.00
  12199988,  5042, 2, 8:58:18, 8:59:08,    50, 43.60, 41.70,  1.90
         0,     0, 1, 8:59:07, 8:59:15,     8, 32.30, 41.30, -9.00
         0,     0, 2, 8:59:17, 8:59:18,     1, 41.70, 44.00, -2.30
  12199988,  5042, 2, 8:59:29, 8:59:42,    13, 43.90, 43.30,  0.60
  12199988,  5042, 2, 9:00:00, 9:00:29,    29, 43.30, 42.10,  1.20
  12706618,     0, 9, 8:59:47, 9:01:34,   107, 40.80, 39.60,  1.20
         0,     0, 9, 9:01:43, 9:01:44,     1, 39.60, 40.70, -1.10
  12706618,     0, 9, 9:02:48, 9:02:51,     3, 34.70, 34.80, -0.10
         0,     0, 9, 9:02:59, 9:03:07,     8, 34.80, 41.10, -6.30
  13323432,  7039,10, 9:05:36, 9:06:31,    55, 40.80, 37.30,  3.50
         0,     0,10, 9:06:40, 9:06:43,     3, 37.30, 41.30, -4.00
  13323432,     0,10, 9:07:09, 9:07:37,    28, 39.20, 37.10,  2.10
         0,     0,10, 9:07:45, 9:07:49,     4, 37.10, 41.20, -4.10
  13323432,     0,10, 9:08:41, 9:09:15,    34, 41.20, 37.80,  3.40
  12200046,  5100, 4, 9:08:30, 9:09:23,    53, 43.50, 33.40, 10.10
         0,     0,10, 9:09:23, 9:09:26,     3, 37.80, 41.20, -3.40
         0,     0, 4, 9:09:30, 9:09:39,     9, 33.40, 43.30, -9.90
  13008756,  7115, 2, 9:09:35, 9:11:36,   121, 42.10, 24.10, 18.00
         0,     0, 2, 9:11:43, 9:12:02,    19, 24.10, 44.00,-19.90
  12706655,  7064, 1, 9:13:16, 9:14:01,    45, 41.30, 41.00,  0.30
  12706655,  7064, 2, 9:15:58, 9:18:11,   133, 44.10, 21.30, 22.80
         0,     0, 2, 9:18:19, 9:18:40,    21, 21.30, 44.10,-22.80
  12706701,  7110, 1, 9:14:19, 9:19:19,   300, 41.00, 17.80, 23.20
         0,     0, 1, 9:19:26, 9:19:48,    22, 17.80, 41.30,-23.50
  12448437,  6050, 7, 8:56:21, 9:19:56,  1415, 41.00, 34.90,  6.10
         0,     0, 7, 9:20:03, 9:20:07,     4, 34.90, 34.90,  0.00
  11499161,  2051, 1, 9:21:10, 9:22:08,    58, 41.30, 41.00,  0.30
  11499161,  2051, 1, 9:22:27, 9:23:08,    41, 41.00, 40.60,  0.40
  11499161,  2051, 1, 9:23:19, 9:25:24,   125, 40.60, 35.20,  5.40
  11953978,  4008, 2, 9:23:49, 9:25:28,    99, 44.20, 38.10,  6.10
         0,     0, 1, 9:25:32, 9:25:37,     5, 35.20, 41.20, -6.00
         0,     0, 2, 9:25:36, 9:25:41,     5, 38.10, 44.10, -6.00
  12706727,  7136, 2, 9:26:20, 9:26:41,    21, 44.10, 44.10,  0.00
  12706727,  7136, 1, 9:27:00, 9:29:35,   155, 41.20, 21.80, 19.40
         0,     0, 1, 9:29:43, 9:30:01,    18, 21.80, 41.30,-19.50
  21306958,  5124, 8, 9:28:59, 9:30:58,   119, 41.00, 40.60,  0.40
  12448483,  6096, 3, 9:27:01, 9:30:58,   237, 47.00, 16.70, 30.30
         0,     0, 3, 9:31:06, 9:31:32,    26, 16.70, 16.60,  0.10
  12199988,  5042, 2, 9:31:33, 9:32:35,    62, 44.10, 43.10,  1.00
  11499161,  2051, 1, 9:32:55, 9:34:41,   106, 41.40, 30.50, 10.90
  12199988,  5042, 2, 9:32:47, 9:34:46,   119, 43.10, 38.10,  5.00
         0,     0, 1, 9:34:48, 9:34:58,    10, 30.50, 41.20,-10.70
         0,     0, 2, 9:34:54, 9:34:59,     5, 38.10, 44.00, -5.90
  12199981,  5035, 4, 9:34:12, 9:35:39,    87, 43.60, 29.30, 14.30
         0,     0, 4, 9:35:46, 9:36:00,    14, 29.30, 43.30,-14.00
  12199988,  5042, 2, 9:35:52, 9:35:59,     7, 43.90, 43.70,  0.20
  13008800,     0, 8, 9:38:38, 9:39:36,    58, 40.60, 33.30,  7.30
         0,     0, 8, 9:39:44, 9:39:52,     8, 33.30, 41.10, -7.80
  12448409,  6022, 1, 9:41:52, 9:42:05,    13, 41.20, 41.10,  0.10
  12448409,  6022, 1, 9:42:18, 9:46:34,   256, 41.10, 14.20, 26.90
         0,     0, 1, 9:46:41, 9:47:08,    27, 14.20, 41.20,-27.00
  13008765,     0, 9, 9:47:38, 9:49:00,    82, 33.20, 27.80,  5.40
         0,     0, 9, 9:49:09, 9:49:27,    18, 27.80, 41.10,-13.30
  11954050,  4080, 2, 9:50:09, 9:51:29,    80, 43.60, 39.50,  4.10
         0,     0, 2, 9:51:37, 9:51:40,     3, 39.50, 44.00, -4.50
  12706636,  7045, 1, 9:50:51, 9:51:39,    48, 41.20, 39.00,  2.20
         0,     0, 1, 9:51:46, 9:51:47,     1, 39.00, 41.30, -2.30
  11954050,  4080, 1, 9:52:11, 9:52:47,    36, 41.30, 38.90,  2.40
         0,     0, 1, 9:52:56, 9:52:57,     1, 38.90, 41.30, -2.40
  12706636,  7045, 2, 9:52:15, 9:54:06,   111, 43.90, 29.90, 14.00
         0,     0, 2, 9:54:14, 9:54:27,    13, 29.90, 44.00,-14.10
  12448471,  6084, 3, 9:54:03, 9:55:01,    58, 47.00, 42.20,  4.80
         0,     0, 3, 9:55:08, 9:55:11,     3, 42.20, 46.10, -3.90
  12448471,  6084, 4, 9:55:16, 9:56:14,    58, 43.80, 33.90,  9.90
         0,     0, 4, 9:56:22, 9:56:31,     9, 33.90, 43.30, -9.40
  12448428,  6041, 3, 9:55:24, 9:56:32,    68, 46.30, 29.10, 17.20
         0,     0, 3, 9:56:39, 9:56:54,    15, 29.10, 29.00,  0.10
  12199988,  5042, 4, 9:56:45, 9:59:58,   193, 43.60, 25.80, 17.80
         0,     0, 4,10:00:05,10:00:22,    17, 25.80, 25.80,  0.00
  11954014,  4044, 3,10:04:28,10:05:29,    61, 47.10, 30.00, 17.10
         0,     0, 3,10:05:36,10:05:50,    14, 30.00, 29.80,  0.20
  13008779,     0, 8,10:05:34,10:06:42,    68, 41.20, 35.60,  5.60
         0,     0, 8,10:06:50,10:06:55,     5, 35.60, 41.10, -5.50
  13008779,     0, 8,10:07:12,10:08:29,    77, 41.10, 31.90,  9.20
         0,     0, 8,10:08:37,10:08:46,     9, 31.90, 41.10, -9.20
  12200005,  5059, 2,10:13:12,10:17:28,   256, 44.10, 22.20, 21.90
         0,     0, 2,10:17:35,10:17:57,    22, 22.20, 44.00,-21.80
  13008737,     0, 8,10:13:45,10:18:07,   262, 41.10, 24.60, 16.50
         0,     0, 8,10:18:16,10:18:33,    17, 24.60, 41.10,-16.50
  21306958,  5124, 7, 9:31:01,10:20:39,  2978, 41.30, 40.00,  1.30
         0,     0, 7,10:20:47,10:20:47,     0, 40.00, 40.20, -0.20
  12448473,  6086, 1,10:18:42,10:20:53,   131, 41.30, 21.40, 19.90
         0,     0, 1,10:21:00,10:21:19,    19, 21.40, 41.30,-19.90
  11724239,  3139, 2,10:18:18,10:21:25,   187, 44.00, 40.30,  3.70
         0,     0, 2,10:21:34,10:21:36,     2, 40.30, 44.00, -3.70
  12448521,     0, 8,10:21:09,10:22:28,    79, 40.60, 34.10,  6.50
         0,     0, 8,10:22:36,10:22:43,     7, 34.10, 34.20, -0.10
  12706650,  7059, 4,10:21:27,10:23:05,    98, 43.90, 33.70, 10.20
         0,     0, 4,10:23:14,10:23:23,     9, 33.70, 43.40, -9.70
  11724239,  3139, 2,10:21:50,10:23:37,   107, 44.00, 30.80, 13.20
         0,     0, 2,10:23:45,10:23:57,    12, 30.80, 43.90,-13.10
  12448416,  6029, 1,10:21:46,10:25:04,   198, 41.30, 23.50, 17.80
         0,     0, 1,10:25:11,10:25:28,    17, 23.50, 41.20,-17.70
  12448437,  6050, 8,10:26:51,10:27:44,    53, 41.20, 41.10,  0.10
  21268825,  6087, 3,10:28:16,10:31:12,   176, 47.10, 29.40, 17.70
         0,     0, 3,10:31:21,10:31:36,    15, 29.40, 46.30,-16.90
  12706686,  7095, 3,10:32:45,10:35:18,   153, 47.10, 34.40, 12.70
         0,     0, 3,10:35:26,10:35:36,    10, 34.40, 46.30,-11.90
  12706669,  7078, 3,10:35:46,10:37:23,    97, 46.50, 32.10, 14.40
         0,     0, 3,10:37:31,10:37:43,    12, 32.10, 46.30,-14.20
  12706700,  7109, 2,10:39:15,10:40:05,    50, 43.90, 31.40, 12.50
         0,     0, 2,10:40:12,10:40:23,    11, 31.40, 44.00,-12.60
  12706700,  7109, 2,10:40:38,10:40:49,    11, 44.00, 40.50,  3.50
         0,     0, 2,10:40:56,10:40:58,     2, 40.50, 44.00, -3.50
  11724109,  6068, 1,10:40:58,10:45:15,   257, 41.20, 22.30, 18.90
         0,     0, 1,10:45:23,10:45:41,    18, 22.30, 41.30,-19.00
  21268104,  6067, 2,10:50:00,10:52:35,   155, 43.90, 34.90,  9.00
         0,     0, 2,10:52:42,10:52:50,     8, 34.90, 44.00, -9.10
  11954075,  4105, 5,10:53:03,10:53:04,     1, 40.90, 40.90,  0.00
  12199986,     0, 8,10:53:39,10:53:55,    16, 41.10, 39.30,  1.80
         0,     0, 8,10:54:04,10:54:05,     1, 39.30, 41.00, -1.70
  12448415,     0, 8,10:54:21,10:55:00,    39, 41.00, 40.90,  0.10
  11954075,  4105, 2,10:55:13,10:56:38,    85, 44.00, 27.60, 16.40
         0,     0, 2,10:56:46,10:57:01,    15, 27.60, 44.00,-16.40
  11724178,     0, 9,10:58:12,10:58:40,    28, 41.10, 41.00,  0.10
  12448415,     0, 8,10:55:11,10:58:55,   224, 40.80, 22.60, 18.20
         0,     0, 8,10:59:04,10:59:24,    20, 22.60, 41.10,-18.50
  11724178,     0, 9,10:59:17,10:59:25,     8, 41.00, 41.00,  0.00
  11724178,     0, 9,10:59:46,11:00:25,    39, 41.00, 40.90,  0.10
  11724178,     0, 9,11:00:42,11:00:49,     7, 40.80, 40.80,  0.00
  11724178,     0, 9,11:01:11,11:01:36,    25, 40.80, 40.70,  0.10
  12199986,     0, 8,11:00:14,11:01:39,    85, 41.10, 20.80, 20.30
         0,     0, 8,11:01:46,11:02:08,    22, 20.80, 41.10,-20.30
  11724178,     0, 9,11:02:12,11:03:12,    60, 40.70, 40.50,  0.20
  11724178,     0, 9,11:03:27,11:03:40,    13, 40.50, 40.40,  0.10
  11724178,     0, 9,11:03:57,11:05:11,    74, 40.40, 40.00,  0.40
         0,     0, 9,11:05:20,11:05:20,     0, 40.00, 40.90, -0.90
  11724178,     0, 9,11:05:44,11:05:50,     6, 40.90, 40.70,  0.20
  12706686,  7095, 4,11:04:31,11:06:34,   123, 44.00, 36.20,  7.80
  11724178,     0, 9,11:06:09,11:06:42,    33, 40.30, 37.60,  2.70
         0,     0, 4,11:06:42,11:06:49,     7, 36.20, 43.40, -7.20
         0,     0, 9,11:06:50,11:06:54,     4, 37.60, 41.10, -3.50
  11724178,     0, 9,11:07:45,11:07:47,     2, 36.80, 36.80,  0.00
         0,     0, 9,11:07:55,11:08:00,     5, 36.80, 41.10, -4.30
  12706634,     0, 7,10:55:25,11:08:18,   773, 40.20, 20.20, 20.00
         0,     0, 7,11:08:25,11:08:38,    13, 20.20, 41.50,-21.30
  11724239,  3139, 2,11:15:48,11:17:53,   125, 44.00, 43.00,  1.00
  13008737,     0, 8,11:18:10,11:18:15,     5, 41.00, 41.10, -0.10
  13008737,     0, 8,11:18:24,11:19:49,    85, 41.10, 40.80,  0.30
  12448477,  6090, 1,11:16:58,11:19:56,   178, 41.30, 29.20, 12.10
  11724239,  3139, 2,11:18:34,11:20:03,    89, 43.00, 33.30,  9.70
         0,     0, 1,11:20:05,11:20:16,    11, 29.20, 41.30,-12.10
  13008737,     0, 8,11:20:03,11:20:14,    11, 40.80, 40.80,  0.00
         0,     0, 2,11:20:11,11:20:21,    10, 33.30, 44.00,-10.70
  21292480,  6005, 5,11:20:25,11:20:58,    33, 40.90, 38.60,  2.30
         0,     0, 5,11:21:07,11:21:09,     2, 38.60, 40.90, -2.30
  13008737,     0, 8,11:22:09,11:22:10,     1, 26.50, 26.50,  0.00
         0,     0, 8,11:22:19,11:22:34,    15, 26.50, 41.10,-14.60
  21292480,  6005, 5,11:21:24,11:22:52,    88, 40.80, 28.60, 12.20
  12706707,  7116, 2,11:22:03,11:23:00,    57, 44.10, 36.70,  7.40
         0,     0, 5,11:23:00,11:23:12,    12, 28.60, 40.70,-12.10
         0,     0, 2,11:23:09,11:23:15,     6, 36.70, 43.90, -7.20
  11954075,  4105, 2,11:24:15,11:25:19,    64, 44.00, 32.80, 11.20
         0,     0, 2,11:25:27,11:25:37,    10, 32.80, 44.00,-11.20
  13008747,     0, 9,11:26:25,11:26:51,    26, 41.10, 41.10,  0.00
  13008747,     0,10,11:28:10,11:29:52,   102, 40.60, 32.40,  8.20
         0,     0,10,11:29:59,11:30:08,     9, 32.40, 41.20, -8.80
  13008735,  7156, 3,11:31:51,11:32:15,    24, 46.70, 46.20,  0.50
  11724109,  6068, 1,11:32:41,11:33:04,    23, 41.30, 41.30,  0.00
  13323435,     0, 9,11:33:25,11:33:54,    29, 41.10, 41.00,  0.10
  13323435,     0, 9,11:34:23,11:34:54,    31, 41.00, 41.00,  0.00
  13008820,     0, 8,11:31:49,11:34:55,   186, 41.10, 38.80,  2.30
  13008735,  7156, 3,11:34:13,11:34:57,    44, 46.40, 43.80,  2.60
         0,     0, 3,11:35:05,11:35:06,     1, 43.80, 46.20, -2.40
         0,     0, 8,11:35:04,11:35:06,     2, 38.80, 40.80, -2.00
  11724109,  6068, 1,11:34:16,11:35:29,    73, 41.30, 41.20,  0.10
  13008735,  7156, 3,11:35:23,11:35:36,    13, 46.40, 45.00,  1.40
  13008820,     0, 8,11:35:54,11:35:56,     2, 39.50, 39.60, -0.10
         0,     0, 8,11:36:03,11:36:04,     1, 39.60, 40.90, -1.30
  13323435,     0, 9,11:35:54,11:36:06,    12, 40.50, 40.30,  0.20
  11724109,  6068, 1,11:37:27,11:38:10,    43, 41.20, 41.00,  0.20
  13323435,     0, 9,11:37:35,11:38:24,    49, 39.00, 35.30,  3.70
  13323427,     0, 8,11:36:48,11:38:37,   109, 40.80, 40.50,  0.30
         0,     0, 9,11:38:33,11:38:40,     7, 35.30, 41.00, -5.70
  12706651,  7060, 5,11:39:10,11:39:12,     2, 40.70, 40.70,  0.00
  13008786,     0, 8,11:39:34,11:39:37,     3, 40.60, 40.60,  0.00
  12200007,  5061, 2,11:38:03,11:39:59,   116, 44.00, 30.10, 13.90
  11724109,  6068, 1,11:38:21,11:40:02,   101, 41.10, 30.60, 10.50
         0,     0, 1,11:40:10,11:40:20,    10, 30.60, 41.20,-10.60
         0,     0, 2,11:40:07,11:40:20,    13, 30.10, 44.00,-13.90
  13008735,  7156, 4,11:38:26,11:40:35,   129, 43.60, 32.60, 11.00
         0,     0, 4,11:40:43,11:40:53,    10, 32.60, 43.30,-10.70
  12706630,  7039,10,11:40:20,11:41:28,    68, 41.30, 34.80,  6.50
         0,     0,10,11:41:37,11:41:43,     6, 34.80, 41.20, -6.40
  12706651,  7060, 5,11:39:30,11:42:31,   181, 40.70, 28.60, 12.10
         0,     0, 5,11:42:39,11:42:50,    11, 28.60, 28.70, -0.10
  12448420,     0, 9,11:43:18,11:43:23,     5, 41.00, 41.00,  0.00
  13323427,     0, 8,11:44:16,11:44:32,    16, 40.10, 40.10,  0.00
  12448420,     0,10,11:43:46,11:44:43,    57, 40.40, 33.10,  7.30
  12200083,     0, 9,11:44:14,11:44:52,    38, 40.90, 38.40,  2.50
         0,     0,10,11:44:50,11:44:58,     8, 33.10, 41.20, -8.10
         0,     0, 9,11:44:59,11:45:02,     3, 38.40, 41.00, -2.60
  12200083,     0, 9,11:45:31,11:45:51,    20, 41.00, 38.10,  2.90
         0,     0, 9,11:46:00,11:46:04,     4, 38.10, 40.90, -2.80
  13008820,     0, 7,11:15:37,11:49:26,  2029, 29.30, 27.10,  2.20
         0,     0, 7,11:49:34,11:49:43,     9, 27.10, 27.10,  0.00
  13008786,     0, 8,11:48:59,11:50:11,    72, 39.60, 27.10, 12.50
         0,     0, 8,11:50:18,11:50:32,    14, 27.10, 41.10,-14.00
  12706727,  7136, 1,11:48:52,11:50:45,   113, 41.30, 23.60, 17.70
         0,     0, 1,11:50:54,11:51:10,    16, 23.60, 41.30,-17.70
  21306958,  5124, 8,11:52:43,11:52:50,     7, 41.20, 41.30, -0.10
  21306958,  5124, 8,11:53:11,11:53:42,    31, 41.20, 40.90,  0.30
  13008792,     0, 7,11:49:57,11:53:55,   238, 41.40, 41.30,  0.10
  21268104,  6067, 2,11:55:56,11:56:26,    30, 43.90, 43.80,  0.10
  12199977,     0, 8,11:57:03,11:57:05,     2, 40.90, 40.90,  0.00
  12199977,     0, 8,11:57:21,11:59:20,   119, 40.80, 20.90, 19.90
         0,     0, 8,11:59:28,11:59:49,    21, 20.90, 41.20,-20.30
  12706701,  7110, 2,12:00:19,12:02:19,   120, 43.80, 40.90,  2.90
         0,     0, 2,12:02:27,12:02:29,     2, 40.90, 44.10, -3.20
  12199987,  5041, 1,11:56:59,12:02:58,   359, 41.30, 22.20, 19.10
         0,     0, 1,12:03:06,12:03:24,    18, 22.20, 41.30,-19.10
  13008815,     0, 8,12:03:12,12:03:24,    12, 41.20, 40.40,  0.80
  12706701,  7110, 2,12:03:17,12:04:11,    54, 44.10, 40.10,  4.00
         0,     0, 2,12:04:18,12:04:20,     2, 40.10, 44.00, -3.90
  12706701,  7110, 2,12:04:30,12:06:07,    97, 44.00, 33.00, 11.00
         0,     0, 2,12:06:16,12:06:26,    10, 33.00, 44.10,-11.10
  13008837,     0, 8,12:07:50,12:07:52,     2, 26.60, 26.60,  0.00
  13008815,     0, 7,11:54:57,12:07:57,   780, 41.30, 39.80,  1.50
         0,     0, 7,12:08:04,12:08:04,     0, 39.80, 40.70, -0.90
         0,     0, 8,12:08:00,12:08:15,    15, 26.60, 41.10,-14.50
  13323434,     0, 9,12:09:11,12:09:12,     1, 40.30, 40.30,  0.00
  13323434,     0, 9,12:09:52,12:09:56,     4, 39.90, 39.90,  0.00
         0,     0, 9,12:10:04,12:10:05,     1, 39.90, 40.70, -0.80
  13008837,     0, 8,12:09:59,12:10:29,    30, 41.10, 41.10,  0.00
  13323434,     0, 9,12:10:42,12:10:55,    13, 40.50, 39.80,  0.70
         0,     0, 9,12:11:02,12:11:03,     1, 39.80, 41.00, -1.20
  13008836,     0, 8,12:11:00,12:11:01,     1, 41.00, 41.00,  0.00
  13008837,     0, 7,12:08:38,12:11:08,   150, 40.70, 40.70,  0.00
  13323434,     0, 9,12:11:36,12:11:46,    10, 40.30, 39.70,  0.60
         0,     0, 9,12:11:54,12:11:55,     1, 39.70, 41.00, -1.30
  13323434,     0, 9,12:12:24,12:12:26,     2, 39.70, 39.70,  0.00
         0,     0, 9,12:12:33,12:12:34,     1, 39.70, 41.00, -1.30
  13323434,     0, 9,12:13:04,12:13:20,    16, 39.20, 37.80,  1.40
         0,     0, 9,12:13:27,12:13:31,     4, 37.80, 41.00, -3.20
  13008786,     0, 8,12:12:10,12:13:32,    82, 40.60, 27.00, 13.60
         0,     0, 8,12:13:41,12:13:56,    15, 27.00, 41.20,-14.20
  13008836,     0, 8,12:14:17,12:14:20,     3, 41.10, 41.10,  0.00
  13323434,     0, 9,12:14:21,12:14:32,    11, 41.00, 40.20,  0.80
  13008815,     0, 7,12:11:35,12:14:34,   179, 40.50, 40.30,  0.20
  12200046,  5100, 2,12:14:59,12:15:26,    27, 44.00, 42.40,  1.60
  13008836,     0, 8,12:14:41,12:15:37,    56, 41.10, 41.00,  0.10
  13008837,     0, 7,12:15:09,12:15:50,    41, 40.30, 40.30,  0.00
  13008836,     0, 8,12:15:50,12:15:52,     2, 40.90, 40.90,  0.00
  12200046,  5100, 2,12:15:35,12:16:17,    42, 42.40, 34.80,  7.60
         0,     0, 2,12:16:25,12:16:33,     8, 34.80, 44.10, -9.30
  13008836,     0, 8,12:16:16,12:16:52,    36, 40.90, 40.90,  0.00
  12200042,  5096, 5,12:15:01,12:17:29,   148, 40.80, 16.90, 23.90
  13008836,     0, 7,12:16:07,12:17:31,    84, 40.30, 40.40, -0.10
         0,     0, 5,12:17:37,12:18:00,    23, 16.90, 40.90,-24.00
  13323358,     0, 8,12:18:45,12:19:56,    71, 40.80, 33.70,  7.10
         0,     0, 8,12:20:03,12:20:10,     7, 33.70, 33.80, -0.10
  13323427,     0, 8,12:20:43,12:21:12,    29, 41.00, 41.00,  0.00
  13008735,  7156, 1,12:19:49,12:21:17,    88, 41.30, 34.30,  7.00
  21306958,  5124, 8,12:21:22,12:21:24,     2, 41.00, 41.00,  0.00
         0,     0, 1,12:21:25,12:21:31,     6, 34.30, 41.20, -6.90
  12706601,     0, 9,12:19:21,12:21:35,   134, 40.20, 30.40,  9.80
         0,     0, 9,12:21:42,12:21:56,    14, 30.40, 41.10,-10.70
  13323427,     0, 7,12:21:15,12:22:17,    62, 40.30, 40.30,  0.00
  12448437,  6050, 8,12:22:06,12:22:40,    34, 41.00, 40.90,  0.10
  12448437,  6050, 8,12:22:53,12:26:41,   228, 40.90, 29.00, 11.90
         0,     0, 8,12:26:49,12:27:02,    13, 29.00, 41.10,-12.10
  13008802,     0, 9,12:28:06,12:28:27,    21, 41.10, 40.70,  0.40
  13008802,     0, 9,12:28:55,12:29:05,    10, 40.70, 40.00,  0.70
  13008820,     0, 8,12:30:19,12:31:00,    41, 41.00, 40.70,  0.30
  13008836,     0, 8,12:31:53,12:32:09,    16, 40.50, 40.50,  0.00
  13323425,     0, 9,12:33:36,12:33:44,     8, 28.60, 28.70, -0.10
         0,     0, 9,12:33:52,12:34:09,    17, 28.70, 41.10,-12.40
  13323425,     0, 9,12:34:58,12:35:25,    27, 38.30, 37.10,  1.20
         0,     0, 9,12:35:34,12:35:39,     5, 37.10, 41.10, -4.00
  13008820,     0, 8,12:33:48,12:36:20,   152, 39.50, 29.00, 10.50
         0,     0, 8,12:36:29,12:36:42,    13, 29.00, 41.20,-12.20
  13008820,     0, 7,12:31:49,12:37:48,   359, 40.20, 40.20,  0.00
  21306958,  5124, 8,12:38:02,12:38:56,    54, 41.20, 40.90,  0.30
  12706705,  7114, 4,12:38:48,12:39:28,    40, 43.70, 43.40,  0.30
  13008836,     0, 8,12:39:43,12:40:00,    17, 40.80, 40.70,  0.10
  13008836,     0, 8,12:40:15,12:41:37,    82, 40.70, 40.40,  0.30
  13008836,     0, 8,12:41:55,12:44:24,   149, 40.40, 24.80, 15.60
         0,     0, 8,12:44:32,12:44:49,    17, 24.80, 41.10,-16.30
  12448451,  6064, 2,12:41:16,12:45:18,   242, 44.00, 43.50,  0.50
  12448451,  6064, 1,12:45:29,12:47:49,   140, 41.20, 40.80,  0.40
  13323416,     0, 9,12:47:15,12:48:40,    85, 41.00, 38.40,  2.60
         0,     0, 9,12:48:49,12:48:52,     3, 38.40, 41.00, -2.60
  21268104,  6067, 5,12:44:29,12:49:04,   275, 40.90, 24.20, 16.70
         0,     0, 5,12:49:12,12:49:28,    16, 24.20, 24.30, -0.10
  12706616,  7025, 2,12:48:03,12:50:21,   138, 43.50, 27.80, 15.70
  21306958,  5124, 8,12:47:39,12:50:38,   179, 41.20, 30.60, 10.60
         0,     0, 2,12:50:28,12:50:43,    15, 27.80, 44.10,-16.30
         0,     0, 8,12:50:46,12:50:57,    11, 30.60, 41.20,-10.60
  12706705,  7114, 1,12:51:21,12:51:49,    28, 40.80, 40.80,  0.00
  12448448,  6061, 1,12:52:24,12:52:35,    11, 40.80, 40.80,  0.00
  12706705,  7114, 2,12:51:53,12:52:41,    48, 44.10, 43.90,  0.20
  12706604,     0, 8,12:54:55,12:55:31,    36, 41.20, 41.10,  0.10
  12706705,  7114, 2,12:53:02,12:55:46,   164, 43.90, 22.20, 21.70
         0,     0, 2,12:55:54,12:56:15,    21, 22.20, 44.10,-21.90
  12706604,     0, 8,12:55:46,12:56:18,    32, 41.10, 41.20, -0.10
  12200007,  5061, 3,12:54:29,12:56:24,   115, 44.60, 33.70, 10.90
         0,     0, 3,12:56:32,12:56:43,    11, 33.70, 46.50,-12.80
  12706650,  7059, 5,12:54:33,12:56:48,   135, 40.80, 32.80,  8.00
         0,     0, 5,12:56:56,12:57:03,     7, 32.80, 40.90, -8.10
  12200005,  5059, 2,12:56:25,12:57:05,    40, 44.10, 44.00,  0.10
  12706604,     0, 8,12:56:56,12:57:33,    37, 41.20, 41.20,  0.00
  12706604,     0, 8,12:58:11,12:58:30,    19, 41.20, 41.10,  0.10
  12706604,     0, 8,12:58:42,12:59:58,    76, 41.00, 40.00,  1.00
         0,     0, 8,13:00:06,13:00:06,     0, 40.00, 39.80,  0.20
  12706604,     0, 8,13:00:20,13:00:21,     1, 39.40, 38.30,  1.10
         0,     0, 8,13:00:29,13:00:31,     2, 38.30, 41.10, -2.80
  12706604,     0, 8,13:01:44,13:01:46,     2, 25.50, 25.50,  0.00
         0,     0, 8,13:01:54,13:02:11,    17, 25.50, 41.00,-15.50
  12706639,  7048, 1,13:02:16,13:02:36,    20, 40.80, 40.70,  0.10
  12200005,  5059, 3,13:02:49,13:04:17,    88, 47.30, 42.90,  4.40
         0,     0, 3,13:04:26,13:04:28,     2, 42.90, 46.20, -3.30
  12448448,  6061, 2,12:58:44,13:05:19,   395, 44.00, 22.90, 21.10
         0,     0, 2,13:05:28,13:05:48,    20, 22.90, 44.10,-21.20
  12706639,  7048, 1,13:02:56,13:06:39,   223, 40.70, 18.40, 22.30
         0,     0, 1,13:06:47,13:07:09,    22, 18.40, 41.20,-22.80
  12200005,  5059, 4,13:05:41,13:07:32,   111, 43.50, 35.20,  8.30
         0,     0, 4,13:07:40,13:07:48,     8, 35.20, 35.10,  0.10
  13323427,     0, 8,13:05:50,13:08:41,   171, 40.80, 21.00, 19.80
         0,     0, 8,13:08:49,13:09:10,    21, 21.00, 41.10,-20.10
  12200085,     0, 9,13:08:35,13:09:14,    39, 34.60, 31.40,  3.20
         0,     0, 9,13:09:22,13:09:35,    13, 31.40, 41.10, -9.70
  12199981,  5035, 3,13:10:36,13:11:50,    74, 46.00, 31.30, 14.70
         0,     0, 3,13:11:57,13:12:10,    13, 31.30, 31.50, -0.20
  12448483,  6096, 2,13:16:23,13:16:31,     8, 44.10, 44.10,  0.00
  12448483,  6096, 1,13:16:38,13:16:44,     6, 41.20, 41.20,  0.00
  12199969,     0, 9,13:15:56,13:18:24,   148, 41.10, 34.40,  6.70
         0,     0, 9,13:18:33,13:18:41,     8, 34.40, 41.10, -6.70
  21306958,  5124, 8,13:21:33,13:21:35,     2, 41.10, 41.10,  0.00
  12706636,  7045, 4,13:23:00,13:23:51,    51, 43.60, 37.00,  6.60
         0,     0, 4,13:23:59,13:24:05,     6, 37.00, 43.40, -6.40
  13008789,     0, 7,13:03:19,13:24:50,  1291, 40.10, 20.90, 19.20
         0,     0, 7,13:24:58,13:25:11,    13, 20.90, 20.90,  0.00
  12706636,  7045, 3,13:23:56,13:25:30,    94, 46.80, 37.80,  9.00
         0,     0, 3,13:25:37,13:25:44,     7, 37.80, 37.80,  0.00
  11954014,  4044, 4,13:24:35,13:26:26,   111, 43.50, 39.80,  3.70
         0,     0, 4,13:26:33,13:26:36,     3, 39.80, 43.40, -3.60
  11954075,  4105, 5,13:29:05,13:29:08,     3, 40.90, 40.80,  0.10
  12706637,  7046, 3,13:26:35,13:31:02,   267, 46.80, 24.20, 22.60
  11954075,  4105, 5,13:29:50,13:31:03,    73, 40.80, 28.20, 12.60
  12448471,  6084, 4,13:29:25,13:31:20,   115, 43.40, 29.70, 13.70
         0,     0, 5,13:31:11,13:31:23,    12, 28.20, 40.80,-12.60
         0,     0, 3,13:31:09,13:31:28,    19, 24.20, 46.20,-22.00
         0,     0, 4,13:31:28,13:31:41,    13, 29.70, 43.30,-13.60
  13008779,     0, 8,13:31:40,13:32:17,    37, 41.20, 41.10,  0.10
  11954014,  4044, 3,13:33:35,13:34:27,    52, 46.70, 28.50, 18.20
         0,     0, 3,13:34:35,13:34:50,    15, 28.50, 28.50,  0.00
  12448437,  6050, 7,13:25:24,13:36:30,   666, 41.50, 34.60,  6.90
         0,     0, 7,13:36:38,13:36:42,     4, 34.60, 34.60,  0.00
  13008779,     0, 8,13:39:55,13:39:59,     4, 41.10, 41.10,  0.00
  13008792,     0, 7,13:36:52,13:40:10,   198, 41.50, 41.50,  0.00
  12448420,     0, 9,13:39:58,13:41:47,   109, 41.00, 36.40,  4.60
         0,     0, 9,13:41:56,13:42:02,     6, 36.40, 41.00, -4.60
  13008765,     0, 9,13:45:11,13:46:32,    81, 41.10, 34.80,  6.30
         0,     0, 9,13:46:40,13:46:48,     8, 34.80, 41.10, -6.30
  13008800,     0, 8,13:47:21,13:47:32,    11, 41.10, 41.10,  0.00
  13008792,     0, 8,13:48:10,13:51:19,   189, 40.70, 24.90, 15.80
         0,     0, 8,13:51:27,13:51:44,    17, 24.90, 39.70,-14.80
  13008779,     0, 7,13:40:33,13:51:59,   686, 41.00, 27.10, 13.90
  13008792,     0, 8,13:51:54,13:52:05,    11, 37.90, 38.00, -0.10
         0,     0, 7,13:52:07,13:52:16,     9, 27.10, 27.10,  0.00
         0,     0, 8,13:52:13,13:52:16,     3, 38.00, 40.80, -2.80
  12706615,     0,10,13:53:42,13:57:46,   244, 40.70, 24.60, 16.10
  13008792,     0, 7,13:52:29,13:58:00,   331, 41.60, 41.40,  0.20
         0,     0,10,13:57:53,13:58:11,    18, 24.60, 41.20,-16.60
  11499161,  2051, 4,14:00:23,14:03:21,   178, 44.00, 30.70, 13.30
         0,     0, 4,14:03:29,14:03:41,    12, 30.70, 43.40,-12.70
  12200048,     0, 8,14:03:06,14:06:00,   174, 40.80, 27.10, 13.70
         0,     0, 8,14:06:08,14:06:23,    15, 27.10, 41.00,-13.90
  12706686,  7095, 3,14:03:45,14:07:08,   203, 46.60, 34.80, 11.80
         0,     0, 3,14:07:16,14:07:26,    10, 34.80, 35.10, -0.30
  12200048,     0, 7,13:58:10,14:10:40,   750, 41.40, 41.40,  0.00
  12448416,  6029, 3,14:08:33,14:10:58,   145, 47.00, 34.10, 12.90
         0,     0, 3,14:11:06,14:11:16,    10, 34.10, 34.30, -0.20
  12448416,  6029, 3,14:11:27,14:12:09,    42, 46.70, 37.20,  9.50
         0,     0, 3,14:12:16,14:12:23,     7, 37.20, 37.20,  0.00
  11954056,     0, 8,14:11:30,14:13:22,   112, 41.10, 39.50,  1.60
         0,     0, 8,14:13:30,14:13:31,     1, 39.50, 40.50, -1.00
  11954056,     0, 8,14:14:28,14:14:28,     0, 31.80, 31.90, -0.10
         0,     0, 8,14:14:36,14:14:45,     9, 31.90, 41.10, -9.20
  11954056,     0, 8,14:18:12,14:20:46,   154, 41.20, 22.40, 18.80
         0,     0, 8,14:20:54,14:21:14,    20, 22.40, 41.00,-18.60
  13008837,     0, 8,14:24:46,14:24:54,     8, 41.10, 41.10,  0.00
  12448437,  6050, 7,14:10:54,14:25:00,   846, 41.10, 36.10,  5.00
         0,     0, 7,14:25:08,14:25:11,     3, 36.10, 41.40, -5.30
  12448479,  6092, 2,14:22:34,14:27:05,   271, 44.10, 25.60, 18.50
         0,     0, 2,14:27:12,14:27:30,    18, 25.60, 44.00,-18.40
  13008779,     0, 8,14:30:44,14:31:30,    46, 41.10, 36.90,  4.20
         0,     0, 8,14:31:39,14:31:43,     4, 36.90, 41.20, -4.30
  13008779,     0, 8,14:31:55,14:32:35,    40, 40.50, 38.50,  2.00
         0,     0, 8,14:32:43,14:32:45,     2, 38.50, 41.00, -2.50
  11953978,  4008, 2,14:31:16,14:33:45,   149, 44.00, 27.90, 16.10
         0,     0, 2,14:33:53,14:34:08,    15, 27.90, 44.10,-16.20
  13008837,     0, 8,14:33:23,14:34:39,    76, 41.00, 40.80,  0.20
  11724178,     0, 9,14:36:56,14:37:11,    15, 41.10, 41.00,  0.10
  12199977,     0, 7,14:26:41,14:37:21,   640, 41.40, 26.20, 15.20
         0,     0, 7,14:37:29,14:37:38,     9, 26.20, 41.30,-15.10
  13008837,     0, 8,14:35:33,14:37:57,   144, 40.20, 17.30, 22.90
         0,     0, 8,14:38:06,14:38:32,    26, 17.30, 41.00,-23.70
  11724178,     0, 9,14:45:21,14:46:09,    48, 33.80, 33.60,  0.20
         0,     0, 9,14:46:17,14:46:27,    10, 33.60, 41.10, -7.50
  11724178,     0, 9,14:46:54,14:46:57,     3, 40.90, 40.90,  0.00
  11724178,     0, 9,14:48:25,14:48:27,     2, 40.70, 40.80, -0.10
  11724178,     0, 9,14:48:39,14:49:00,    21, 40.80, 40.70,  0.10
  11724178,     0, 9,14:49:21,14:50:13,    52, 40.70, 40.40,  0.30
  13323416,     0,10,14:48:22,14:50:54,   152, 40.90, 29.50, 11.40
  11724178,     0, 9,14:51:02,14:51:04,     2, 40.20, 40.20,  0.00
         0,     0,10,14:51:02,14:51:14,    12, 29.50, 41.20,-11.70
  12706710,  7119, 2,14:45:03,14:51:46,   403, 44.00, 31.50, 12.50
  12448428,  6041, 3,14:49:45,14:51:57,   132, 46.60, 33.00, 13.60
         0,     0, 2,14:51:55,14:52:06,    11, 31.50, 44.10,-12.60
  11724178,     0, 9,14:51:27,14:52:07,    40, 40.20, 39.90,  0.30
         0,     0, 3,14:52:05,14:52:16,    11, 33.00, 32.90,  0.10
         0,     0, 9,14:52:15,14:52:16,     1, 39.90, 41.00, -1.10
  11724178,     0, 9,14:53:03,14:53:06,     3, 40.40, 40.40,  0.00
  11724178,     0, 9,14:53:37,14:53:39,     2, 38.20, 38.20,  0.00
  13008779,     0, 7,14:37:54,14:53:48,   954, 41.40, 41.40,  0.00
         0,     0, 9,14:53:48,14:53:51,     3, 38.20, 40.90, -2.70
  12706655,  7064, 1,15:01:09,15:02:31,    82, 41.20, 29.90, 11.30
         0,     0, 1,15:02:40,15:02:50,    10, 29.90, 41.20,-11.30
  12199986,     0, 7,14:54:07,15:11:23,  1036, 38.80, 21.20, 17.60
         0,     0, 7,15:11:31,15:11:44,    13, 21.20, 21.20,  0.00
  12200048,     0, 8,15:12:16,15:14:45,   149, 40.90, 32.50,  8.40
         0,     0, 8,15:14:52,15:15:01,     9, 32.50, 41.10, -8.60
  13323432,     0,10,15:18:26,15:19:06,    40, 40.90, 39.00,  1.90
         0,     0,10,15:19:14,15:19:15,     1, 39.00, 41.20, -2.20
  13323435,     0, 9,15:18:50,15:19:54,    64, 40.70, 39.40,  1.30
         0,     0, 9,15:20:01,15:20:02,     1, 39.40, 41.10, -1.70
  13323432,     0,10,15:19:28,15:20:03,    35, 41.20, 37.00,  4.20
         0,     0,10,15:20:10,15:20:14,     4, 37.00, 41.20, -4.20
  13323358,     0, 8,15:22:14,15:22:47,    33, 41.10, 40.10,  1.00
  13323358,     0, 8,15:23:29,15:23:32,     3, 32.20, 32.20,  0.00
         0,     0, 8,15:23:40,15:23:50,    10, 32.20, 41.00, -8.80
  13323425,     0, 9,15:31:05,15:31:06,     1, 40.90, 41.00, -0.10
  21306958,  5124, 8,15:35:50,15:36:24,    34, 41.10, 40.90,  0.20
  21306958,  5124, 8,15:38:06,15:40:34,   148, 40.90, 29.50, 11.40
         0,     0, 8,15:40:41,15:40:53,    12, 29.50, 41.10,-11.60
  12706669,  7078, 2,15:40:57,15:41:39,    42, 44.00, 42.60,  1.40
  12706609,  7018, 8,15:43:40,15:43:43,     3, 41.10, 41.10,  0.00
  21306958,  5124, 7,15:36:52,15:43:49,   417, 41.50, 41.20,  0.30
  12706609,  7018, 7,15:44:01,15:44:25,    24, 41.20, 41.10,  0.10
  12706609,  7018, 8,15:44:15,15:44:27,    12, 41.10, 40.10,  1.00
  12706634,     0, 8,15:44:49,15:45:26,    37, 40.10, 39.90,  0.20
         0,     0, 8,15:45:34,15:45:34,     0, 39.90, 40.80, -0.90
  12706634,     0, 8,15:46:11,15:46:59,    48, 38.70, 33.30,  5.40
         0,     0, 8,15:47:08,15:47:16,     8, 33.30, 40.90, -7.60
  12706634,     0, 8,15:47:37,15:47:40,     3, 37.10, 37.10,  0.00
         0,     0, 8,15:47:48,15:47:52,     4, 37.10, 41.10, -4.00
  12706669,  7078, 1,15:47:32,15:48:38,    66, 41.20, 33.30,  7.90
         0,     0, 1,15:48:45,15:48:52,     7, 33.30, 41.20, -7.90
  12706669,  7078, 2,15:49:04,15:50:04,    60, 42.60, 39.30,  3.30
         0,     0, 2,15:50:13,15:50:16,     3, 39.30, 44.00, -4.70
  12200005,  5059, 1,15:50:32,15:51:48,    76, 41.20, 39.80,  1.40
         0,     0, 1,15:51:55,15:51:55,     0, 39.80, 41.10, -1.30
  21268104,  6067, 4,15:51:29,15:53:06,    97, 44.20, 37.20,  7.00
         0,     0, 4,15:53:15,15:53:21,     6, 37.20, 43.40, -6.20
  11954050,  4080, 1,15:52:09,15:53:56,   107, 41.10, 24.10, 17.00
  12200005,  5059, 2,15:51:53,15:54:00,   127, 44.00, 35.40,  8.60
         0,     0, 2,15:54:08,15:54:16,     8, 35.40, 43.80, -8.40
         0,     0, 1,15:54:03,15:54:21,    18, 24.10, 41.20,-17.10
  12706618,     0, 9,15:53:59,15:55:52,   113, 41.00, 33.40,  7.60
         0,     0, 9,15:56:00,15:56:11,    11, 33.40, 41.00, -7.60
  12706616,  7025, 1,15:55:29,15:57:04,    95, 41.20, 23.20, 18.00
         0,     0, 1,15:57:13,15:57:30,    17, 23.20, 41.30,-18.10
  12706648,  7057, 2,15:55:20,15:57:31,   131, 43.90, 23.70, 20.20
         0,     0, 2,15:57:39,15:57:58,    19, 23.70, 44.20,-20.50
  12448409,  6022, 1,15:58:15,16:01:04,   169, 41.30, 25.80, 15.50
         0,     0, 1,16:01:12,16:01:27,    15, 25.80, 41.20,-15.40
  21306958,  5124, 8,16:11:55,16:12:08,    13, 41.10, 41.00,  0.10
  12706609,  7018, 7,15:48:39,16:12:24,  1425, 41.10, 39.80,  1.30
         0,     0, 7,16:12:31,16:12:31,     0, 39.80, 40.80, -1.00
  13008756,  7115, 5,16:12:16,16:13:58,   102, 40.80, 37.10,  3.70
         0,     0, 5,16:14:06,16:14:09,     3, 37.10, 40.80, -3.70
  21292480,  6005, 4,16:13:01,16:14:21,    80, 44.00, 32.00, 12.00
         0,     0, 4,16:14:28,16:14:39,    11, 32.00, 43.30,-11.30
  12199981,  5035, 5,16:17:46,16:17:55,     9, 40.80, 40.80,  0.00
  12706707,  7116, 2,16:21:52,16:22:10,    18, 44.10, 42.70,  1.40
  12706651,  7060, 5,16:22:08,16:22:27,    19, 40.80, 40.70,  0.10
  12706707,  7116, 2,16:22:57,16:23:35,    38, 42.70, 35.10,  7.60
         0,     0, 2,16:23:42,16:23:50,     8, 35.10, 44.00, -8.90
  12706650,  7059, 5,16:22:46,16:24:27,   101, 40.80, 31.90,  8.90
         0,     0, 5,16:24:35,16:24:43,     8, 31.90, 40.80, -8.90
  12200007,  5061, 1,16:23:43,16:25:14,    91, 41.20, 27.50, 13.70
         0,     0, 1,16:25:21,16:25:34,    13, 27.50, 41.30,-13.80
  13008820,     0, 8,16:25:47,16:25:49,     2, 40.90, 40.90,  0.00
  12706669,  7078, 4,16:26:46,16:26:53,     7, 43.80, 43.50,  0.30
  12706710,  7119, 1,16:26:16,16:27:59,   103, 41.30, 28.50, 12.80
         0,     0, 1,16:28:08,16:28:20,    12, 28.50, 41.30,-12.80
  12448471,  6084, 3,16:27:56,16:29:09,    73, 46.60, 33.30, 13.30
         0,     0, 3,16:29:16,16:29:27,    11, 33.30, 33.20,  0.10
  11724239,  3139, 2,16:25:13,16:29:25,   252, 44.00, 27.60, 16.40
         0,     0, 2,16:29:33,16:29:48,    15, 27.60, 43.80,-16.20
  11724109,  6068, 1,16:30:06,16:31:25,    79, 41.30, 41.10,  0.20
  12706707,  7116, 2,16:31:45,16:32:33,    48, 43.90, 35.70,  8.20
  13008735,  7156, 4,16:31:20,16:32:33,    73, 43.60, 35.30,  8.30
         0,     0, 2,16:32:41,16:32:48,     7, 35.70, 44.10, -8.40
         0,     0, 4,16:32:41,16:32:49,     8, 35.30, 43.10, -7.80
  11953978,  4008, 1,16:32:12,16:33:07,    55, 41.10, 32.90,  8.20
         0,     0, 1,16:33:14,16:33:21,     7, 32.90, 41.30, -8.40
  13323432,     0, 9,16:32:50,16:33:29,    39, 40.10, 38.60,  1.50
         0,     0, 9,16:33:38,16:33:41,     3, 38.60, 41.10, -2.50
  12200046,  5100, 3,16:33:02,16:34:08,    66, 46.60, 31.50, 15.10
         0,     0, 3,16:34:17,16:34:29,    12, 31.50, 31.50,  0.00
  13323432,     0, 9,16:34:29,16:34:31,     2, 39.10, 39.10,  0.00
         0,     0, 9,16:34:39,16:34:41,     2, 39.10, 41.10, -2.00
  11724109,  6068, 1,16:33:35,16:36:01,   146, 41.30, 26.10, 15.20
         0,     0, 1,16:36:10,16:36:24,    14, 26.10, 41.30,-15.20
  12706639,  7048, 2,16:34:46,16:36:21,    95, 44.00, 28.10, 15.90
         0,     0, 2,16:36:29,16:36:44,    15, 28.10, 44.10,-16.00
  13008820,     0, 7,16:12:54,16:37:26,  1472, 40.70, 29.60, 11.10
         0,     0, 7,16:37:33,16:37:41,     8, 29.60, 29.60,  0.00
  21306958,  5124, 8,16:38:06,16:38:49,    43, 40.80, 40.70,  0.10
  12448483,  6096, 5,16:39:46,16:41:58,   132, 40.80, 17.30, 23.50
  12448415,     0, 8,16:39:00,16:42:02,   182, 40.60, 23.40, 17.20
  12706651,  7060, 4,16:40:04,16:42:26,   142, 43.20, 26.10, 17.10
         0,     0, 5,16:42:05,16:42:28,    23, 17.30, 40.80,-23.50
         0,     0, 8,16:42:10,16:42:29,    19, 23.40, 41.20,-17.80
         0,     0, 4,16:42:33,16:42:49,    16, 26.10, 43.50,-17.40
  11954014,  4044, 3,16:43:48,16:44:50,    62, 46.70, 33.00, 13.70
         0,     0, 3,16:44:57,16:45:08,    11, 33.00, 32.80,  0.20
  12448477,  6090, 2,16:42:41,16:45:24,   163, 44.10, 31.30, 12.80
         0,     0, 2,16:45:33,16:45:45,    12, 31.30, 44.10,-12.80
  13008756,  7115, 1,16:43:57,16:45:54,   117, 41.30, 22.20, 19.10
         0,     0, 1,16:46:03,16:46:21,    18, 22.20, 41.30,-19.10
  12706727,  7136, 2,16:46:20,16:48:06,   106, 44.10, 31.30, 12.80
         0,     0, 2,16:48:15,16:48:27,    12, 31.30, 44.10,-12.80
  12706655,  7064, 1,16:47:15,16:48:42,    87, 41.30, 28.10, 13.20
         0,     0, 1,16:48:50,16:49:02,    12, 28.10, 41.20,-13.10
  12706669,  7078, 2,16:48:51,16:49:57,    66, 44.10, 37.00,  7.10
         0,     0, 2,16:50:06,16:50:12,     6, 37.00, 44.00, -7.00
  12199981,  5035, 3,16:50:19,16:50:37,    18, 46.80, 45.30,  1.50
  21306958,  5124, 7,16:37:58,16:51:20,   802, 41.30, 41.30,  0.00
  12448416,  6029, 1,16:50:07,16:52:06,   119, 41.20, 32.30,  8.90
         0,     0, 1,16:52:13,16:52:21,     8, 32.30, 41.20, -8.90
  12199981,  5035, 4,16:51:05,16:52:22,    77, 43.70, 25.10, 18.60
         0,     0, 4,16:52:29,16:52:46,    17, 25.10, 43.30,-18.20
  12706705,  7114, 2,16:51:12,16:52:59,   107, 44.10, 41.60,  2.50
         0,     0, 2,16:53:07,16:53:08,     1, 41.60, 43.90, -2.30
  21268825,  6087, 3,16:50:54,16:53:14,   140, 45.40, 27.20, 18.20
         0,     0, 3,16:53:22,16:53:38,    16, 27.20, 27.20,  0.00
  12706705,  7114, 1,16:53:15,16:55:15,   120, 41.30, 25.70, 15.60
         0,     0, 1,16:55:22,16:55:37,    15, 25.70, 41.30,-15.60
  12199988,  5042, 4,16:53:22,16:55:48,   146, 43.40, 28.50, 14.90
         0,     0, 4,16:55:55,16:56:09,    14, 28.50, 43.30,-14.80
  13008800,     0, 8,16:58:58,16:59:53,    55, 39.10, 31.40,  7.70
         0,     0, 8,17:00:01,17:00:11,    10, 31.40, 41.20, -9.80
  13008735,  7156, 1,16:59:07,17:00:13,    66, 41.30, 35.40,  5.90
  12448473,  6086, 2,16:58:53,17:00:15,    82, 43.90, 30.40, 13.50
         0,     0, 1,17:00:21,17:00:26,     5, 35.40, 41.20, -5.80
         0,     0, 2,17:00:22,17:00:35,    13, 30.40, 44.10,-13.70
  12448451,  6064, 2,17:02:16,17:02:33,    17, 44.20, 44.10,  0.10
  12200007,  5061, 2,17:03:04,17:03:42,    38, 44.10, 38.20,  5.90
         0,     0, 2,17:03:50,17:03:54,     4, 38.20, 44.10, -5.90
  11499161,  2051, 1,17:03:50,17:04:29,    39, 41.20, 40.40,  0.80
  12448479,  6092, 3,17:06:55,17:09:09,   134, 46.70, 33.10, 13.60
         0,     0, 3,17:09:16,17:09:27,    11, 33.10, 33.10,  0.00
  13008786,     0, 8,17:10:52,17:10:58,     6, 41.20, 41.20,  0.00
  12706659,  7068, 2,17:08:33,17:11:37,   184, 44.00, 19.50, 24.50
         0,     0, 2,17:11:45,17:12:12,    27, 19.50, 43.90,-24.40
  12448451,  6064, 5,17:09:22,17:12:27,   185, 40.80, 18.10, 22.70
         0,     0, 5,17:12:34,17:12:57,    23, 18.10, 40.90,-22.80
  13008786,     0, 8,17:11:22,17:14:42,   200, 41.20, 30.50, 10.70
         0,     0, 8,17:14:51,17:15:02,    11, 30.50, 41.10,-10.60
  21268104,  6067, 2,17:13:32,17:15:27,   115, 44.00, 30.10, 13.90
         0,     0, 2,17:15:34,17:15:47,    13, 30.10, 44.00,-13.90
  12199987,  5041, 1,17:12:54,17:16:38,   224, 40.40, 28.40, 12.00
         0,     0, 1,17:16:47,17:16:59,    12, 28.40, 41.30,-12.90
  12448428,  6041, 3,17:16:58,17:17:57,    59, 46.60, 36.50, 10.10
         0,     0, 3,17:18:05,17:18:13,     8, 36.50, 36.30,  0.20
  12448471,  6084, 5,17:19:56,17:20:15,    19, 40.80, 38.90,  1.90
         0,     0, 5,17:20:23,17:20:25,     2, 38.90, 41.00, -2.10
  13008747,     0, 9,17:20:01,17:21:06,    65, 40.00, 37.50,  2.50
         0,     0, 9,17:21:13,17:21:17,     4, 37.50, 41.10, -3.60
  12448471,  6084, 5,17:20:35,17:21:28,    53, 41.00, 30.30, 10.70
         0,     0, 5,17:21:36,17:21:46,    10, 30.30, 40.90,-10.60
  13008747,     0,10,17:21:34,17:21:57,    23, 37.90, 34.10,  3.80
         0,     0,10,17:22:06,17:22:13,     7, 34.10, 41.20, -7.10
  13008765,     0, 9,17:21:31,17:22:19,    48, 40.70, 35.90,  4.80
         0,     0, 9,17:22:27,17:22:33,     6, 35.90, 41.10, -5.20
  12448477,  6090, 1,17:24:30,17:24:38,     8, 41.30, 41.30,  0.00
  12706609,  7018, 8,17:27:01,17:27:04,     3, 41.10, 41.10,  0.00
  12706710,  7119, 2,17:26:52,17:27:08,    16, 44.00, 43.80,  0.20
  12706710,  7119, 2,17:27:21,17:28:08,    47, 43.80, 43.30,  0.50
  11954042,     0, 7,16:51:31,17:28:39,  2228, 41.20, 28.70, 12.50
         0,     0, 7,17:28:47,17:28:55,     8, 28.70, 28.80, -0.10
  12706710,  7119, 2,17:29:48,17:31:12,    84, 43.30, 31.70, 11.60
  13008802,     0, 9,17:31:03,17:31:20,    17, 41.10, 41.00,  0.10
         0,     0, 2,17:31:21,17:31:32,    11, 31.70, 44.10,-12.40
  13008802,     0, 9,17:31:32,17:31:34,     2, 41.00, 41.00,  0.00
  13008802,     0, 9,17:31:51,17:33:01,    70, 41.00, 31.80,  9.20
         0,     0, 9,17:33:10,17:33:22,    12, 31.80, 41.10, -9.30
  13008756,  7115, 2,17:33:07,17:33:25,    18, 44.10, 44.00,  0.10
  12706609,  7018, 7,17:29:05,17:34:43,   338, 40.30, 40.30,  0.00
  11724239,  3139, 2,17:33:37,17:35:21,   104, 44.00, 43.70,  0.30
  11954050,  4080, 2,17:35:36,17:36:05,    29, 43.60, 42.60,  1.00
  13008815,     0, 7,17:34:54,17:36:06,    72, 40.20, 34.50,  5.70
         0,     0, 7,17:36:14,17:36:18,     4, 34.50, 41.40, -6.90
  11954050,  4080, 2,17:36:15,17:37:53,    98, 42.60, 27.00, 15.60
  11724178,     0, 9,17:38:08,17:38:10,     2, 41.20, 41.10,  0.10
         0,     0, 2,17:38:00,17:38:16,    16, 27.00, 44.10,-17.10
  11724239,  3139, 1,17:35:34,17:38:30,   176, 41.30, 30.90, 10.40
         0,     0, 1,17:38:37,17:38:46,     9, 30.90, 41.30,-10.40
  12448483,  6096, 4,17:39:06,17:39:12,     6, 43.80, 43.90, -0.10
  12448409,  6022, 3,17:40:31,17:40:38,     7, 46.70, 46.40,  0.30
  12448448,  6061, 2,17:40:26,17:40:57,    31, 44.10, 43.70,  0.40
  12448448,  6061, 2,17:41:12,17:41:19,     7, 43.70, 43.80, -0.10
  21268825,  6087, 1,17:41:16,17:41:23,     7, 41.30, 41.30,  0.00
  12199969,     0, 9,17:41:39,17:41:47,     8, 41.10, 41.10,  0.00
  12199969,     0, 9,17:42:11,17:42:15,     4, 41.10, 41.10,  0.00
  11954014,  4044, 3,17:42:01,17:42:33,    32, 46.60, 39.30,  7.30
  12448448,  6061, 2,17:41:35,17:42:39,    64, 43.80, 43.00,  0.80
         0,     0, 3,17:42:41,17:42:47,     6, 39.30, 41.20, -1.90
  12199969,     0, 9,17:42:31,17:43:39,    68, 41.10, 32.80,  8.30
         0,     0, 9,17:43:48,17:43:59,    11, 32.80, 41.10, -8.30
  12200042,  5096, 1,17:42:57,17:45:26,   149, 41.30, 18.00, 23.30
  12448448,  6061, 2,17:42:49,17:45:32,   163, 43.10, 23.10, 20.00
         0,     0, 1,17:45:33,17:45:56,    23, 18.00, 41.20,-23.20
         0,     0, 2,17:45:39,17:46:00,    21, 23.10, 44.10,-21.00
  12448409,  6022, 3,17:44:26,17:47:14,   168, 46.60, 28.30, 18.30
         0,     0, 3,17:47:21,17:47:36,    15, 28.30, 28.20,  0.10
  11499161,  2051, 4,17:46:27,17:47:56,    89, 44.20, 38.30,  5.90
         0,     0, 4,17:48:04,17:48:08,     4, 38.30, 43.40, -5.10
  12706636,  7045, 2,17:46:10,17:48:29,   139, 44.10, 26.80, 17.30
         0,     0, 2,17:48:37,17:48:53,    16, 26.80, 44.20,-17.40
  12706637,  7046, 1,17:53:04,17:53:09,     5, 41.30, 41.20,  0.10
  12706700,  7109, 4,17:54:35,17:54:46,    11, 43.50, 41.60,  1.90
         0,     0, 4,17:54:53,17:54:54,     1, 41.60, 43.40, -1.80
  12706700,  7109, 3,17:54:55,17:55:00,     5, 46.50, 44.70,  1.80
  21268825,  6087, 2,17:54:04,17:55:08,    64, 44.20, 44.00,  0.20
  21268825,  6087, 2,17:55:17,17:55:45,    28, 44.00, 42.50,  1.50
  21268825,  6087, 1,17:55:51,17:56:22,    31, 41.20, 37.80,  3.40
         0,     0, 1,17:56:30,17:56:32,     2, 37.80, 41.20, -3.40
  12706637,  7046, 2,17:57:01,17:57:08,     7, 42.50, 42.50,  0.00
  12706637,  7046, 1,17:57:13,17:57:53,    40, 41.20, 41.20,  0.00
  12706701,  7110, 2,17:57:38,17:57:56,    18, 42.50, 42.00,  0.50
         0,     0, 2,17:58:03,17:58:03,     0, 42.00, 42.20, -0.20
  12706700,  7109, 3,17:57:01,17:58:04,    63, 44.70, 28.30, 16.40
         0,     0, 3,17:58:11,17:58:27,    16, 28.30, 28.10,  0.20
  12706701,  7110, 2,17:58:14,17:59:50,    96, 42.20, 33.90,  8.30
         0,     0, 2,17:59:58,18:00:07,     9, 33.90, 44.10,-10.20
  12706648,  7057, 4,17:59:48,18:01:29,   101, 43.50, 30.10, 13.40
         0,     0, 4,18:01:38,18:01:51,    13, 30.10, 43.30,-13.20
  12706637,  7046, 2,18:00:19,18:02:57,   158, 44.00, 28.10, 15.90
         0,     0, 2,18:03:05,18:03:20,    15, 28.10, 44.00,-15.90
  13008779,     0, 7,17:37:08,18:03:41,  1593, 35.50, 35.40,  0.10
         0,     0, 7,18:03:48,18:03:51,     3, 35.40, 41.30, -5.90
  21268104,  6067, 1,18:04:59,18:05:09,    10, 41.20, 40.40,  0.80
  21268104,  6067, 2,18:05:21,18:05:22,     1, 44.10, 44.10,  0.00
         0,     0, 2,18:05:30,18:05:40,    10, 44.10, 44.10,  0.00
  21268104,  6067, 2,18:05:36,18:06:47,    71, 44.10, 36.80,  7.30
         0,     0, 2,18:06:54,18:07:00,     6, 36.80, 44.10, -7.30
  12706601,     0,10,18:06:00,18:07:26,    86, 36.70, 25.60, 11.10
         0,     0,10,18:07:34,18:07:51,    17, 25.60, 41.30,-15.70
  13323435,     0, 9,18:06:09,18:07:56,   107, 41.00, 40.60,  0.40
  21292347,  1111, 2,18:07:57,18:09:26,    89, 44.10, 27.70, 16.40
  13323435,     0, 9,18:09:33,18:09:35,     2, 36.50, 36.50,  0.00
  11724178,     0,10,18:09:04,18:09:40,    36, 41.20, 41.10,  0.10
         0,     0, 9,18:09:43,18:09:49,     6, 36.50, 41.00, -4.50
         0,     0, 2,18:09:34,18:09:50,    16, 27.70, 44.10,-16.40
  11724178,     0, 9,18:10:03,18:10:31,    28, 40.90, 40.80,  0.10
  11724178,     0, 9,18:10:46,18:11:07,    21, 40.80, 40.70,  0.10
  11724178,     0, 9,18:11:28,18:11:51,    23, 40.70, 40.50,  0.20
  11724178,     0, 9,18:12:12,18:13:20,    68, 40.50, 39.80,  0.70
         0,     0, 9,18:13:27,18:13:28,     1, 39.80, 41.00, -1.20
  13323425,     0,10,18:13:33,18:13:34,     1, 35.20, 35.20,  0.00
  11724178,     0, 9,18:13:41,18:13:42,     1, 39.70, 39.70,  0.00
         0,     0,10,18:13:42,18:13:48,     6, 35.20, 41.10, -5.90
         0,     0, 9,18:13:49,18:13:50,     1, 39.70, 40.80, -1.10
  12448420,     0, 9,18:14:00,18:14:16,    16, 40.80, 40.20,  0.60
  13323425,     0, 9,18:17:48,18:17:55,     7, 40.10, 40.00,  0.10
  13008792,     0, 8,18:21:13,18:21:16,     3, 41.00, 41.00,  0.00
  13008815,     0, 8,18:22:04,18:24:08,   124, 40.90, 31.20,  9.70
         0,     0, 8,18:24:16,18:24:26,    10, 31.20, 41.10, -9.90
  12200083,     0, 9,18:25:33,18:26:16,    43, 40.00, 34.80,  5.20
         0,     0, 9,18:26:24,18:26:32,     8, 34.80, 41.10, -6.30
  12706616,  7025, 1,18:27:22,18:27:39,    17, 40.40, 40.40,  0.00
  12706686,  7095, 3,18:26:40,18:28:25,   105, 46.90, 43.60,  3.30
         0,     0, 3,18:28:34,18:28:35,     1, 43.60, 47.20, -3.60
  21292347,  1111, 2,18:28:34,18:29:24,    50, 44.10, 37.00,  7.10
  12706616,  7025, 1,18:28:04,18:29:27,    83, 40.40, 26.60, 13.80
         0,     0, 2,18:29:32,18:29:38,     6, 37.00, 43.90, -6.90
  12706686,  7095, 3,18:28:46,18:29:35,    49, 46.20, 38.30,  7.90
         0,     0, 1,18:29:35,18:29:49,    14, 26.60, 41.20,-14.60
         0,     0, 3,18:29:44,18:29:50,     6, 38.30, 38.40, -0.10
  13323434,     0, 9,18:30:04,18:30:14,    10, 41.00, 41.00,  0.00
  12448420,     0,10,18:30:12,18:30:51,    39, 41.10, 34.50,  6.60
         0,     0,10,18:31:00,18:31:06,     6, 34.50, 41.10, -6.60
  12706700,  7109, 2,18:31:04,18:31:09,     5, 43.90, 43.80,  0.10
  12706700,  7109, 2,18:31:20,18:32:02,    42, 43.80, 32.50, 11.30
         0,     0, 2,18:32:10,18:32:20,    10, 32.50, 44.10,-11.60
  12706705,  7114, 2,18:33:00,18:33:04,     4, 44.10, 44.00,  0.10
  21306958,  5124, 8,18:34:20,18:34:25,     5, 41.10, 41.00,  0.10
  13323434,     0, 9,18:33:53,18:34:28,    35, 40.90, 40.20,  0.70
  12706634,     0, 7,18:16:09,18:34:52,  1123, 41.30, 33.80,  7.50
         0,     0, 7,18:35:00,18:35:05,     5, 33.80, 41.60, -7.80
  13323434,     0, 9,18:34:44,18:35:13,    29, 39.80, 39.00,  0.80
         0,     0, 9,18:35:20,18:35:22,     2, 39.00, 41.10, -2.10
  13008756,  7115, 1,18:33:20,18:35:34,   134, 41.20, 28.80, 12.40
         0,     0, 1,18:35:42,18:35:53,    11, 28.80, 41.20,-12.40
  13323434,     0, 9,18:35:52,18:35:55,     3, 39.40, 39.40,  0.00
         0,     0, 9,18:36:03,18:36:04,     1, 39.40, 41.10, -1.70
  12706639,  7048, 1,18:36:38,18:36:47,     9, 41.20, 41.20,  0.00
  13323434,     0, 9,18:37:00,18:37:03,     3, 36.10, 36.10,  0.00
         0,     0, 9,18:37:11,18:37:17,     6, 36.10, 41.10, -5.00
  13008789,     0, 7,18:35:19,18:38:49,   210, 41.40, 26.80, 14.60
  12706639,  7048, 2,18:36:52,18:38:51,   119, 44.00, 33.60, 10.40
         0,     0, 7,18:38:57,18:39:07,    10, 26.80, 26.80,  0.00
         0,     0, 2,18:38:59,18:39:09,    10, 33.60, 44.10,-10.50
  13008792,     0, 7,18:39:22,18:39:30,     8, 41.30, 41.30,  0.00
  12706669,  7078, 4,18:39:12,18:42:17,   185, 43.50, 34.90,  8.60
         0,     0, 4,18:42:25,18:42:33,     8, 34.90, 43.40, -8.50
  13008792,     0, 8,18:44:29,18:44:34,     5, 41.10, 41.00,  0.10
  21292480,  6005, 1,18:44:11,18:46:13,   122, 41.20, 26.70, 14.50
         0,     0, 1,18:46:21,18:46:35,    14, 26.70, 41.20,-14.50
  13008792,     0, 7,18:40:47,18:50:42,   595, 41.20, 23.20, 18.00
         0,     0, 7,18:50:49,18:51:00,    11, 23.20, 23.20,  0.00
  21306958,  5124, 8,18:52:15,18:52:44,    29, 41.00, 40.80,  0.20
  13008737,     0, 8,18:52:55,18:52:56,     1, 40.80, 40.80,  0.00
  12706686,  7095, 1,18:52:54,18:54:17,    83, 41.30, 37.90,  3.40
         0,     0, 1,18:54:25,18:54:27,     2, 37.90, 41.30, -3.40
  21292347,  1111, 5,18:53:39,18:54:44,    65, 40.90, 33.70,  7.20
         0,     0, 5,18:54:52,18:54:58,     6, 33.70, 33.80, -0.10
  21306958,  5124, 8,18:55:15,18:56:05,    50, 40.80, 40.50,  0.30
  13008737,     0, 7,18:53:52,18:56:39,   167, 41.40, 41.20,  0.20
  12706727,  7136, 1,18:55:35,18:57:55,   140, 41.30, 24.60, 16.70
         0,     0, 1,18:58:03,18:58:19,    16, 24.60, 41.40,-16.80
  12199988,  5042, 2,18:59:24,19:00:28,    64, 44.10, 43.10,  1.00
  12199988,  5042, 2,19:00:42,19:02:34,   112, 43.10, 38.00,  5.10
  12706650,  7059, 3,18:59:56,19:02:43,   167, 46.30, 32.10, 14.20
         0,     0, 2,19:02:43,19:02:48,     5, 38.00, 44.00, -6.00
         0,     0, 3,19:02:51,19:03:03,    12, 32.10, 46.20,-14.10
  12199988,  5042, 1,19:03:04,19:03:20,    16, 41.40, 40.50,  0.90
  12199988,  5042, 2,19:03:47,19:04:07,    20, 44.00, 43.20,  0.80
  11953978,  4008, 2,19:06:19,19:07:07,    48, 43.20, 34.60,  8.60
         0,     0, 2,19:07:14,19:07:22,     8, 34.60, 44.00, -9.40
  12199981,  5035, 3,19:11:41,19:12:04,    23, 46.50, 43.90,  2.60
         0,     0, 3,19:12:13,19:12:14,     1, 43.90, 46.00, -2.10
  11724239,  3139, 1,19:11:08,19:12:42,    94, 40.50, 40.10,  0.40
  12200046,  5100, 4,19:12:24,19:13:26,    62, 43.40, 30.40, 13.00
  12706701,  7110, 2,19:13:27,19:13:36,     9, 44.00, 44.00,  0.00
         0,     0, 4,19:13:33,19:13:45,    12, 30.40, 43.40,-13.00
  12706686,  7095, 2,19:13:46,19:15:11,    85, 44.00, 33.70, 10.30
         0,     0, 2,19:15:19,19:15:28,     9, 33.70, 44.10,-10.40
  11724239,  3139, 1,19:12:54,19:15:28,   154, 40.10, 31.20,  8.90
         0,     0, 1,19:15:36,19:15:45,     9, 31.20, 41.20,-10.00
  12199981,  5035, 2,19:16:45,19:18:15,    90, 44.10, 29.50, 14.60
         0,     0, 2,19:18:23,19:18:36,    13, 29.50, 44.00,-14.50
  21292347,  1111, 4,19:18:02,19:19:53,   111, 43.90, 31.80, 12.10
  12448521,     0, 8,19:20:06,19:20:07,     1, 39.00, 39.00,  0.00
         0,     0, 4,19:20:01,19:20:12,    11, 31.80, 32.10, -0.30
  12706618,     0, 9,19:19:54,19:20:12,    18, 41.10, 40.80,  0.30
         0,     0, 8,19:20:15,19:20:16,     1, 39.00, 41.00, -2.00
  12200085,     0, 9,19:23:17,19:24:42,    85, 40.80, 28.10, 12.70
         0,     0, 9,19:24:51,19:25:08,    17, 28.10, 41.10,-13.00
  21306958,  5124, 7,19:06:28,19:25:33,  1145, 41.20, 40.80,  0.40
  12448428,  6041, 1,19:24:50,19:25:45,    55, 41.20, 28.70, 12.50
         0,     0, 1,19:25:53,19:26:05,    12, 28.70, 41.30,-12.60
  12706701,  7110, 3,19:25:10,19:27:11,   121, 46.10, 36.80,  9.30
         0,     0, 3,19:27:19,19:27:27,     8, 36.80, 37.00, -0.20
  13008836,     0, 8,19:26:34,19:27:52,    78, 32.90, 32.50,  0.40
         0,     0, 8,19:27:59,19:28:07,     8, 32.50, 41.00, -8.50
  12706701,  7110, 3,19:27:43,19:28:22,    39, 47.20, 40.00,  7.20
  12448415,     0, 7,19:25:48,19:28:27,   159, 40.70, 24.90, 15.80
         0,     0, 3,19:28:31,19:28:36,     5, 40.00, 46.00, -6.00
         0,     0, 7,19:28:35,19:28:45,    10, 24.90, 40.60,-15.70
  13008786,     0, 8,19:29:36,19:31:13,    97, 41.00, 28.30, 12.70
         0,     0, 8,19:31:21,19:31:34,    13, 28.30, 41.20,-12.90
  13008837,     0, 8,19:32:32,19:32:44,    12, 41.20, 41.20,  0.00
  13008837,     0, 8,19:32:59,19:33:01,     2, 41.20, 41.20,  0.00
  13008837,     0, 8,19:33:25,19:33:46,    21, 41.20, 41.10,  0.10
  11499161,  2051, 1,19:33:53,19:35:45,   112, 41.30, 32.60,  8.70
         0,     0, 1,19:35:53,19:36:01,     8, 32.60, 41.30, -8.70
  11724109,  6068, 2,19:31:23,19:36:35,   312, 44.00, 28.00, 16.00
         0,     0, 2,19:36:43,19:36:58,    15, 28.00, 44.10,-16.10
  21306958,  5124, 8,19:36:52,19:37:22,    30, 41.20, 40.90,  0.30
  21306958,  5124, 8,19:37:35,19:37:38,     3, 40.80, 40.90, -0.10
  13008765,     0, 9,19:37:39,19:38:16,    37, 40.10, 37.80,  2.30
         0,     0, 9,19:38:23,19:38:27,     4, 37.80, 41.10, -3.30
  12706609,  7018, 8,19:38:38,19:38:38,     0, 40.90, 40.70,  0.20
  12706609,  7018, 8,19:38:55,19:39:34,    39, 40.20, 33.80,  6.40
         0,     0, 8,19:39:41,19:39:48,     7, 33.80, 41.00, -7.20
  12448473,  6086, 2,19:40:33,19:40:54,    21, 44.10, 43.30,  0.80
  12706655,  7064, 1,19:38:53,19:40:56,   123, 41.30, 27.50, 13.80
  12706601,     0,10,19:40:34,19:41:15,    41, 40.80, 36.10,  4.70
         0,     0, 1,19:41:05,19:41:18,    13, 27.50, 41.30,-13.80
         0,     0,10,19:41:23,19:41:28,     5, 36.10, 41.20, -5.10
  13008800,     0, 8,19:40:00,19:41:25,    85, 40.90, 28.70, 12.20
  11953978,  4008, 3,19:40:38,19:41:39,    61, 46.70, 35.80, 10.90
         0,     0, 8,19:41:34,19:41:47,    13, 28.70, 40.90,-12.20
         0,     0, 3,19:41:47,19:41:56,     9, 35.80, 35.70,  0.10
  13008836,     0, 7,19:29:48,19:42:47,   779, 27.80, 12.90, 14.90
  12448473,  6086, 1,19:41:28,19:42:47,    79, 41.30, 25.30, 16.00
         0,     0, 1,19:42:55,19:43:11,    16, 25.30, 41.30,-16.00
         0,     0, 7,19:42:54,19:43:13,    19, 12.90, 12.90,  0.00
  13008737,     0, 8,19:43:19,19:43:21,     2, 40.90, 40.90,  0.00
  13008737,     0, 8,19:44:14,19:44:15,     1, 40.70, 40.70,  0.00
  12448477,  6090, 2,19:41:06,19:44:43,   217, 43.30, 33.00, 10.30
         0,     0, 2,19:44:50,19:45:00,    10, 33.00, 44.10,-11.10
  13008737,     0, 7,19:43:25,19:45:19,   114, 41.40, 41.40,  0.00
  13008737,     0, 8,19:46:04,19:46:05,     1, 28.90, 29.00, -0.10
         0,     0, 8,19:46:14,19:46:27,    13, 29.00, 29.10, -0.10
  13008815,     0, 8,19:47:35,19:47:37,     2, 40.00, 40.00,  0.00
  13323416,     0,10,19:47:34,19:48:36,    62, 41.00, 37.00,  4.00
         0,     0,10,19:48:44,19:48:48,     4, 37.00, 41.20, -4.20
  12448477,  6090, 2,19:48:51,19:49:37,    46, 44.10, 40.40,  3.70
         0,     0, 2,19:49:46,19:49:48,     2, 40.40, 43.90, -3.50
  12448479,  6092, 2,19:50:39,19:51:18,    39, 44.00, 43.80,  0.20
  12448416,  6029, 1,19:51:27,19:51:38,    11, 41.30, 41.30,  0.00
  12448479,  6092, 2,19:51:29,19:51:42,    13, 43.80, 43.60,  0.20
  12448416,  6029, 2,19:51:56,19:52:30,    34, 43.60, 43.60,  0.00
  12448479,  6092, 1,19:52:01,19:54:05,   124, 41.30, 34.40,  6.90
         0,     0, 1,19:54:12,19:54:18,     6, 34.40, 41.20, -6.80
  12448479,  6092, 2,19:54:08,19:54:15,     7, 43.50, 42.50,  1.00
  12448479,  6092, 1,19:54:36,19:55:44,    68, 41.20, 33.30,  7.90
         0,     0, 1,19:55:52,19:55:59,     7, 33.30, 41.20, -7.90
  12200007,  5061, 5,19:55:08,19:56:18,    70, 40.90, 32.10,  8.80
         0,     0, 5,19:56:25,19:56:33,     8, 32.10, 41.00, -8.90
  12448416,  6029, 2,19:54:31,19:56:58,   147, 42.50, 29.80, 12.70
         0,     0, 2,19:57:06,19:57:19,    13, 29.80, 44.00,-14.20
  11724239,  3139, 2,19:58:05,19:58:10,     5, 44.00, 44.00,  0.00
  11954075,  4105, 2,19:58:19,19:58:19,     0, 44.00, 44.10, -0.10
  13008815,     0, 7,19:45:32,19:59:26,   834, 41.30, 29.10, 12.20
         0,     0, 7,19:59:34,19:59:42,     8, 29.10, 29.10,  0.00
  11954075,  4105, 2,19:58:32,19:59:56,    84, 44.10, 27.40, 16.70
         0,     0, 2,20:00:05,20:00:21,    16, 27.40, 44.10,-16.70
  13323427,     0, 8,20:00:26,20:03:25,   179, 40.10, 27.60, 12.50
         0,     0, 8,20:03:34,20:03:48,    14, 27.60, 41.00,-13.40
  11954056,     0, 7,20:00:05,20:05:55,   350, 40.80, 23.40, 17.40
  12448483,  6096, 1,20:02:55,20:05:58,   183, 41.20, 12.60, 28.60
         0,     0, 7,20:06:03,20:06:15,    12, 23.40, 23.40,  0.00
         0,     0, 1,20:06:07,20:06:35,    28, 12.60, 41.30,-28.70
  11954042,     0, 7,20:06:28,20:08:10,   102, 41.50, 41.40,  0.10
  13008779,     0, 7,20:09:21,20:10:58,    97, 32.80, 32.80,  0.00
         0,     0, 7,20:11:05,20:11:10,     5, 32.80, 32.80,  0.00
  12706655,  7064, 1,20:12:13,20:12:18,     5, 41.30, 41.30,  0.00
  12200083,     0, 9,20:11:56,20:12:22,    26, 41.10, 41.10,  0.00
  11954075,  4105, 2,20:14:04,20:15:08,    64, 44.00, 35.40,  8.60
         0,     0, 2,20:15:16,20:15:23,     7, 35.40, 44.10, -8.70
  13008815,     0, 8,20:11:22,20:15:26,   244, 41.10, 34.40,  6.70
         0,     0, 8,20:15:34,20:15:40,     6, 34.40, 41.10, -6.70
  12200083,     0, 9,20:16:25,20:16:50,    25, 41.10, 40.90,  0.20
  12200083,     0, 9,20:17:37,20:17:39,     2, 36.20, 36.20,  0.00
         0,     0, 9,20:17:47,20:17:53,     6, 36.20, 41.00, -4.80
  21268825,  6087, 4,20:15:54,20:18:43,   169, 44.10, 25.30, 18.80
         0,     0, 4,20:18:50,20:19:07,    17, 25.30, 43.50,-18.20
  11954042,     0, 7,20:11:21,20:20:24,   543, 41.40, 27.80, 13.60
         0,     0, 7,20:20:32,20:20:40,     8, 27.80, 27.80,  0.00
  12706700,  7109, 3,20:21:29,20:22:36,    67, 46.60, 29.70, 16.90
         0,     0, 3,20:22:43,20:22:57,    14, 29.70, 46.40,-16.70
  12706707,  7116, 5,20:23:15,20:23:38,    23, 41.00, 37.80,  3.20
         0,     0, 5,20:23:46,20:23:49,     3, 37.80, 40.90, -3.10
  12706707,  7116, 5,20:25:05,20:25:38,    33, 40.90, 37.20,  3.70
         0,     0, 5,20:25:46,20:25:49,     3, 37.20, 40.90, -3.70
  13008792,     0, 7,20:20:51,20:26:02,   311, 40.50, 26.20, 14.30
         0,     0, 7,20:26:09,20:26:18,     9, 26.20, 26.20,  0.00
  21306958,  5124, 8,20:26:47,20:27:30,    43, 41.10, 40.30,  0.80
  12706618,     0,10,20:29:19,20:29:49,    30, 41.00, 38.90,  2.10
         0,     0,10,20:29:57,20:29:58,     1, 38.90, 41.20, -2.30
  12200048,     0, 8,20:28:51,20:30:33,   102, 39.90, 30.20,  9.70
         0,     0, 8,20:30:42,20:30:53,    11, 30.20, 41.00,-10.80
  12706659,  7068, 2,20:26:44,20:30:52,   248, 44.00, 21.00, 23.00
  12706618,     0,10,20:31:06,20:31:07,     1, 28.80, 28.90, -0.10
         0,     0, 2,20:31:00,20:31:22,    22, 21.00, 44.00,-23.00
         0,     0,10,20:31:16,20:31:29,    13, 28.90, 41.20,-12.30
  13323358,     0, 8,20:32:13,20:32:19,     6, 31.50, 31.50,  0.00
         0,     0, 8,20:32:27,20:32:36,     9, 31.50, 41.00, -9.50
  12448428,  6041, 2,20:36:48,20:36:58,    10, 44.10, 44.10,  0.00
  12448428,  6041, 1,20:39:38,20:40:39,    61, 41.30, 29.90, 11.40
         0,     0, 1,20:40:47,20:40:57,    10, 29.90, 41.30,-11.40
  12706615,     0,10,20:38:16,20:42:36,   260, 41.10, 27.40, 13.70
  12448409,  6022, 3,20:42:31,20:42:40,     9, 46.70, 46.90, -0.20
         0,     0,10,20:42:45,20:43:00,    15, 27.40, 41.20,-13.80
  12448409,  6022, 3,20:43:12,20:46:05,   173, 47.20, 30.30, 16.90
         0,     0, 3,20:46:13,20:46:27,    14, 30.30, 30.20,  0.10
  13008735,  7156, 1,20:46:59,20:49:19,   140, 41.30, 29.60, 11.70
         0,     0, 1,20:49:26,20:49:36,    10, 29.60, 41.30,-11.70
  12199987,  5041, 1,20:50:08,20:53:40,   212, 41.30, 29.70, 11.60
  12200007,  5061, 2,20:52:38,20:53:49,    71, 44.00, 37.40,  6.60
         0,     0, 1,20:53:48,20:53:58,    10, 29.70, 41.20,-11.50
         0,     0, 2,20:53:58,20:54:03,     5, 37.40, 44.10, -6.70
  12706636,  7045, 2,20:56:38,20:57:32,    54, 44.10, 31.70, 12.40
  13323435,     0,10,20:56:36,20:57:35,    59, 40.00, 35.60,  4.40
         0,     0,10,20:57:42,20:57:47,     5, 35.60, 41.10, -5.50
         0,     0, 2,20:57:39,20:57:50,    11, 31.70, 44.00,-12.30
  21306958,  5124, 7,20:27:38,21:02:10,  2072, 41.40, 31.40, 10.00
         0,     0, 7,21:02:18,21:02:24,     6, 31.40, 31.40,  0.00
  12448437,  6050, 8,21:02:39,21:02:56,    17, 41.00, 41.00,  0.00
  13008837,     0, 8,21:03:06,21:04:42,    96, 40.90, 40.80,  0.10
  13008837,     0, 8,21:04:55,21:04:57,     2, 40.70, 40.60,  0.10
  13008837,     0, 8,21:06:46,21:08:57,   131, 40.60, 40.40,  0.20
  13008837,     0, 8,21:09:17,21:09:41,    24, 40.30, 39.00,  1.30
         0,     0, 8,21:09:50,21:09:51,     1, 39.00, 41.10, -2.10
  12200042,  5096, 1,21:08:58,21:11:10,   132, 41.20, 20.00, 21.20
  11954014,  4044, 2,21:10:34,21:11:26,    52, 44.00, 32.20, 11.80
         0,     0, 1,21:11:18,21:11:39,    21, 20.00, 41.20,-21.20
         0,     0, 2,21:11:33,21:11:44,    11, 32.20, 44.00,-11.80
  12706616,  7025, 1,21:13:30,21:14:57,    87, 41.30, 28.10, 13.20
         0,     0, 1,21:15:05,21:15:17,    12, 28.10, 41.20,-13.10
  11953978,  4008, 3,21:14:22,21:15:52,    90, 47.40, 32.20, 15.20
         0,     0, 3,21:15:59,21:16:11,    12, 32.20, 32.50, -0.30
  13323434,     0, 9,21:17:18,21:17:20,     2, 40.40, 40.40,  0.00
  13323434,     0, 9,21:18:10,21:18:13,     3, 39.30, 39.40, -0.10
         0,     0, 9,21:18:21,21:18:23,     2, 39.40, 40.80, -1.40
  13008735,  7156, 4,21:17:42,21:18:25,    43, 44.30, 40.90,  3.40
         0,     0, 4,21:18:32,21:18:34,     2, 40.90, 43.50, -2.60
  13323434,     0, 9,21:18:45,21:18:47,     2, 39.80, 39.80,  0.00
         0,     0, 9,21:18:55,21:18:56,     1, 39.80, 41.00, -1.20
  13008837,     0, 7,21:02:47,21:19:02,   975, 41.30, 41.30,  0.00
  13323434,     0, 9,21:19:30,21:20:05,    35, 39.60, 37.80,  1.80
         0,     0, 9,21:20:12,21:20:16,     4, 37.80, 40.70, -2.90
  13323434,     0, 9,21:20:34,21:20:36,     2, 39.70, 39.70,  0.00
  12448479,  6092, 3,21:20:26,21:20:35,     9, 46.80, 46.60,  0.20
         0,     0, 9,21:20:43,21:20:44,     1, 39.70, 40.90, -1.20
  12448479,  6092, 3,21:20:45,21:22:36,   111, 46.60, 38.60,  8.00
         0,     0, 3,21:22:45,21:22:51,     6, 38.60, 38.80, -0.20
  12706710,  7119, 2,21:22:05,21:24:55,   170, 44.00, 27.90, 16.10
         0,     0, 2,21:25:02,21:25:17,    15, 27.90, 44.10,-16.20
  12448437,  6050, 7,21:19:16,21:26:37,   441, 41.20, 33.50,  7.70
  13008735,  7156, 4,21:25:28,21:26:46,    78, 43.70, 36.50,  7.20
         0,     0, 7,21:26:45,21:26:50,     5, 33.50, 33.60, -0.10
         0,     0, 4,21:26:54,21:27:00,     6, 36.50, 43.30, -6.80
  21306958,  5124, 8,21:27:20,21:27:49,    29, 26.50, 26.40,  0.10
         0,     0, 8,21:27:57,21:28:12,    15, 26.40, 41.30,-14.90
  13323425,     0, 9,21:28:33,21:29:49,    76, 41.00, 40.20,  0.80
  13323425,     0, 9,21:30:14,21:30:17,     3, 39.00, 39.00,  0.00
         0,     0, 9,21:30:25,21:30:27,     2, 39.00, 41.10, -2.10
  21306958,  5124, 8,21:30:00,21:30:25,    25, 41.20, 41.00,  0.20
  21306958,  5124, 8,21:30:38,21:30:47,     9, 41.00, 40.90,  0.10
  12448451,  6064, 5,21:26:48,21:30:55,   247, 40.90, 40.30,  0.60
  12706648,  7057, 2,21:31:26,21:32:02,    36, 44.10, 44.00,  0.10
  13323416,     0, 9,21:30:45,21:32:15,    90, 41.10, 37.10,  4.00
         0,     0, 9,21:32:22,21:32:27,     5, 37.10, 41.10, -4.00
  12706648,  7057, 1,21:32:42,21:33:57,    75, 41.30, 40.20,  1.10
  12706648,  7057, 1,21:34:08,21:35:11,    63, 40.20, 28.00, 12.20
         0,     0, 1,21:35:18,21:35:30,    12, 28.00, 41.20,-13.20
  12448451,  6064, 1,21:35:59,21:36:57,    58, 41.20, 41.20,  0.00
  12448451,  6064, 2,21:37:02,21:37:33,    31, 44.10, 44.00,  0.10
  21268104,  6067, 2,21:38:07,21:40:08,   121, 44.00, 42.30,  1.70
  12448451,  6064, 1,21:38:09,21:40:10,   121, 41.20, 18.70, 22.50
         0,     0, 1,21:40:18,21:40:39,    21, 18.70, 41.20,-22.50
  21268104,  6067, 2,21:40:46,21:41:20,    34, 42.30, 38.30,  4.00
         0,     0, 2,21:41:27,21:41:31,     4, 38.30, 44.00, -5.70
  13008747,     0, 9,21:49:53,21:49:55,     2, 41.10, 41.10,  0.00
  13008747,     0,10,21:50:07,21:51:34,    87, 40.90, 34.00,  6.90
         0,     0,10,21:51:42,21:51:49,     7, 34.00, 41.20, -7.20
  12706727,  7136, 2,21:58:34,22:01:24,   170, 43.90, 32.40, 11.50
         0,     0, 2,22:01:32,22:01:42,    10, 32.40, 43.90,-11.50
  12706637,  7046, 3,22:00:19,22:03:23,   184, 46.60, 28.50, 18.10
  12706669,  7078, 2,22:01:52,22:03:29,    97, 43.90, 28.60, 15.30
  11954075,  4105, 5,22:03:35,22:03:37,     2, 40.40, 40.40,  0.00
         0,     0, 3,22:03:31,22:03:47,    16, 28.50, 46.40,-17.90
         0,     0, 2,22:03:37,22:03:52,    15, 28.60, 44.00,-15.40
  13008802,     0, 9,22:04:06,22:04:09,     3, 41.10, 41.10,  0.00
  13008802,     0, 9,22:05:32,22:05:52,    20, 41.10, 40.80,  0.30
  21292347,  1111, 4,22:04:47,22:06:13,    86, 44.20, 36.30,  7.90
  13008802,     0, 9,22:06:13,22:06:14,     1, 40.20, 40.30, -0.10
         0,     0, 4,22:06:21,22:06:27,     6, 36.30, 43.40, -7.10
  12706705,  7114, 2,22:04:10,22:06:39,   149, 44.00, 39.00,  5.00
         0,     0, 2,22:06:47,22:06:51,     4, 39.00, 44.00, -5.00
  12706705,  7114, 1,22:06:49,22:09:08,   139, 41.20, 23.50, 17.70
         0,     0, 1,22:09:16,22:09:32,    16, 23.50, 41.20,-17.70
  12200048,     0, 8,22:08:51,22:11:16,   145, 40.90, 34.90,  6.00
  12706651,  7060, 2,22:07:01,22:11:23,   262, 44.00, 23.00, 21.00
         0,     0, 8,22:11:25,22:11:31,     6, 34.90, 41.10, -6.20
         0,     0, 2,22:11:31,22:11:52,    21, 23.00, 44.10,-21.10
  13008802,     0, 9,22:12:02,22:13:14,    72, 40.30, 31.60,  8.70
         0,     0, 9,22:13:22,22:13:34,    12, 31.60, 41.10, -9.50
  11954075,  4105, 2,22:14:47,22:15:57,    70, 44.10, 30.80, 13.30
         0,     0, 2,22:16:05,22:16:17,    12, 30.80, 44.10,-13.30
  11954075,  4105, 2,22:17:03,22:17:26,    23, 44.20, 39.40,  4.80
         0,     0, 2,22:17:35,22:17:38,     3, 39.40, 44.00, -4.60
  12706650,  7059, 3,22:15:57,22:18:43,   166, 47.30, 31.10, 16.20
         0,     0, 3,22:18:51,22:19:05,    14, 31.10, 30.90,  0.20
  12448420,     0,10,22:24:49,22:26:03,    74, 41.10, 32.50,  8.60
         0,     0,10,22:26:11,22:26:20,     9, 32.50, 41.20, -8.70
  13008800,     0, 8,22:29:04,22:30:12,    68, 41.00, 30.80, 10.20
         0,     0, 8,22:30:19,22:30:30,    11, 30.80, 41.10,-10.30
  12200046,  5100, 4,22:32:00,22:32:38,    38, 44.50, 36.60,  7.90
         0,     0, 4,22:32:46,22:32:52,     6, 36.60, 43.40, -6.80
  13323358,     0, 8,22:38:40,22:39:37,    57, 41.00, 32.30,  8.70
         0,     0, 8,22:39:45,22:39:54,     9, 32.30, 41.10, -8.80
  21268104,  6067, 2,22:37:47,22:40:17,   150, 43.90, 35.50,  8.40
         0,     0, 2,22:40:25,22:40:32,     7, 35.50, 44.10, -8.60
  12199988,  5042, 4,22:41:18,22:42:05,    47, 43.10, 42.60,  0.50
  12199988,  5042, 4,22:42:36,22:42:54,    18, 42.60, 42.00,  0.60
  12199988,  5042, 4,22:43:28,22:43:29,     1, 41.90, 42.10, -0.20
  21292347,  1111, 2,22:43:31,22:44:48,    77, 44.00, 36.10,  7.90
         0,     0, 2,22:44:55,22:45:02,     7, 36.10, 44.00, -7.90
  13008737,     0, 8,22:49:02,22:49:08,     6, 41.10, 41.10,  0.00
  12199986,     0, 7,22:04:20,22:49:17,  2697, 41.30, 23.50, 17.80
         0,     0, 7,22:49:24,22:49:35,    11, 23.50, 23.50,  0.00
  13008737,     0, 8,22:49:56,22:49:58,     2, 41.00, 41.10, -0.10
  21292480,  6005, 3,22:48:48,22:51:40,   172, 47.00, 27.30, 19.70
         0,     0, 3,22:51:48,22:52:04,    16, 27.30, 27.10,  0.20
  13008765,     0, 9,22:51:41,22:52:22,    41, 40.30, 38.20,  2.10
         0,     0, 9,22:52:29,22:52:32,     3, 38.20, 41.10, -2.90
  12200005,  5059, 3,22:54:02,22:54:13,    11, 46.40, 46.50, -0.10
  13008737,     0, 8,22:55:21,22:55:56,    35, 41.00, 40.90,  0.10
  11724239,  3139, 2,22:54:02,22:56:19,   137, 44.00, 43.40,  0.60
  13008756,  7115, 5,22:56:31,22:57:53,    82, 40.40, 26.70, 13.70
  12199981,  5035, 3,22:56:39,22:58:08,    89, 46.50, 30.10, 16.40
         0,     0, 5,22:58:01,22:58:14,    13, 26.70, 40.80,-14.10
         0,     0, 3,22:58:16,22:58:29,    13, 30.10, 30.20, -0.10
  11724239,  3139, 2,22:56:30,22:59:58,   208, 43.40, 28.30, 15.10
         0,     0, 2,23:00:06,23:00:20,    14, 28.30, 44.10,-15.80
  11724239,  3139, 2,23:00:36,23:01:18,    42, 44.10, 38.70,  5.40
         0,     0, 2,23:01:26,23:01:30,     4, 38.70, 44.10, -5.40
  12200005,  5059, 4,22:58:10,23:01:35,   205, 41.80, 26.20, 15.60
         0,     0, 4,23:01:43,23:01:59,    16, 26.20, 43.80,-17.60
  13008800,     0, 8,23:06:57,23:07:02,     5, 40.70, 40.70,  0.00
  12448471,  6084, 1,23:05:43,23:07:23,   100, 41.30, 28.30, 13.00
         0,     0, 1,23:07:31,23:07:43,    12, 28.30, 41.20,-12.90
  11953978,  4008, 4,23:09:37,23:10:25,    48, 43.90, 33.80, 10.10
         0,     0, 4,23:10:33,23:10:42,     9, 33.80, 43.40, -9.60
  12706604,     0, 8,23:13:52,23:13:57,     5, 40.70, 40.70,  0.00
  13008737,     0, 7,22:53:51,23:14:42,  1251, 41.40, 39.20,  2.20
         0,     0, 7,23:14:49,23:14:50,     1, 39.20, 41.10, -1.90
  12706686,  7095, 5,23:13:42,23:17:38,   236, 40.90, 22.00, 18.90
  11954050,  4080, 2,23:16:13,23:17:58,   105, 44.10, 39.90,  4.20
         0,     0, 5,23:17:45,23:18:03,    18, 22.00, 40.70,-18.70
         0,     0, 2,23:18:06,23:18:09,     3, 39.90, 44.10, -4.20
  12706604,     0, 8,23:18:08,23:18:20,    12, 40.70, 40.60,  0.10
  12706604,     0, 8,23:18:33,23:19:06,    33, 40.50, 40.20,  0.30
  11954050,  4080, 1,23:18:11,23:19:39,    88, 41.30, 29.20, 12.10
         0,     0, 1,23:19:48,23:19:59,    11, 29.20, 41.30,-12.10
  12706669,  7078, 3,23:18:04,23:20:14,   130, 46.80, 36.50, 10.30
  12706636,  7045, 2,23:19:11,23:20:25,    74, 44.20, 31.80, 12.40
         0,     0, 3,23:20:22,23:20:30,     8, 36.50, 36.70, -0.20
         0,     0, 2,23:20:34,23:20:45,    11, 31.80, 44.00,-12.20
  12706604,     0, 8,23:20:44,23:23:11,   147, 40.30, 39.80,  0.50
         0,     0, 8,23:23:18,23:23:18,     0, 39.80, 40.80, -1.00
  12706655,  7064, 1,23:20:35,23:23:50,   195, 41.30, 24.30, 17.00
         0,     0, 1,23:23:58,23:24:14,    16, 24.30, 41.30,-17.00
  12706604,     0, 8,23:23:54,23:25:31,    97, 39.90, 25.50, 14.40
         0,     0, 8,23:25:38,23:25:54,    16, 25.50, 41.10,-15.60
  11724178,     0,10,23:33:15,23:33:21,     6, 40.80, 40.80,  0.00
  11724178,     0, 9,23:33:31,23:33:32,     1, 41.00, 41.10, -0.10
  13008800,     0, 8,23:31:21,23:34:01,   160, 41.10, 32.80,  8.30
         0,     0, 8,23:34:08,23:34:16,     8, 32.80, 41.10, -8.30
  11724178,     0, 9,23:33:52,23:34:26,    34, 41.10, 41.00,  0.10
  11724178,     0, 9,23:34:57,23:35:17,    20, 40.80, 40.80,  0.00
  11724178,     0, 9,23:35:51,23:37:51,   120, 40.60, 35.20,  5.40
         0,     0, 9,23:38:00,23:38:07,     7, 35.20, 41.10, -5.90
  11724178,     0, 9,23:38:20,23:38:34,    14, 41.10, 39.90,  1.20
         0,     0, 9,23:38:43,23:38:44,     1, 39.90, 40.90, -1.00
  13323425,     0, 9,23:42:45,23:43:21,    36, 40.90, 40.40,  0.50
  13323425,     0, 9,23:43:44,23:43:48,     4, 39.10, 39.20, -0.10
         0,     0, 9,23:43:57,23:43:59,     2, 39.20, 41.10, -1.90
  12706604,     0, 7,23:15:12,23:44:50,  1778, 41.20, 40.90,  0.30
  12448448,  6061, 5,23:41:25,23:44:50,   205, 40.90, 40.20,  0.70
         0,     0, 8,23:45:03,23:45:13,    10, 41.10, 41.10,  0.00
         0,     0, 9,23:45:04,23:45:14,    10, 41.20, 41.20,  0.00
         0,     0,10,23:45:04,23:45:14,    10, 40.80, 40.80,  0.00
         0,     0, 1,23:45:03,23:45:13,    10, 41.30, 41.30,  0.00
         0,     0, 3,23:45:04,23:45:14,    10, 46.90, 46.90,  0.00
         0,     0, 4,23:45:04,23:45:14,    10, 43.80, 43.80,  0.00
         0,     0, 2,23:45:04,23:45:14,    10, 44.10, 44.10,  0.00
