         0,     0, 6, 0:03:18, 0:03:28,    10, 41.50, 41.50,  0.00
         0,     0, 5, 0:03:18, 0:03:28,    10, 40.90, 40.90,  0.00
         0,     0, 7, 0:03:18, 0:03:28,    10, 41.40, 41.40,  0.00
         0,     0, 8, 0:03:18, 0:03:28,    10, 41.00, 41.00,  0.00
         0,     0, 9, 0:03:18, 0:03:28,    10, 38.10, 38.10,  0.00
         0,     0,10, 0:03:18, 0:03:28,    10, 28.90, 28.90,  0.00
         0,     0, 1, 0:03:18, 0:03:28,    10, 41.30, 41.30,  0.00
         0,     0, 2, 0:03:18, 0:03:28,    10, 44.10, 44.10,  0.00
         0,     0, 3, 0:03:18, 0:03:28,    10, 46.50, 46.50,  0.00
         0,     0, 4, 0:03:18, 0:03:28,    10, 43.30, 43.30,  0.00
  11954056,     0, 8, 0:31:02, 0:31:11,     9, 41.10, 41.00,  0.10
  12706686,  7095, 1, 0:32:36, 0:36:44,   248, 41.30, 21.00, 20.30
         0,     0, 1, 0:36:52, 0:37:11,    19, 21.00, 41.30,-20.30
  11499161,  2051, 4, 0:36:55, 0:37:54,    59, 43.50, 42.60,  0.90
  12706616,  7025, 3, 0:38:15, 0:39:14,    59, 46.70, 33.40, 13.30
         0,     0, 3, 0:39:21, 0:39:32,    11, 33.40, 33.30,  0.10
  13323425,     0, 9, 0:39:32, 0:39:55,    23, 37.80, 37.60,  0.20
         0,     0, 9, 0:40:04, 0:40:08,     4, 37.60, 40.90, -3.30
  11499161,  2051, 4, 0:38:07, 0:40:31,   144, 42.70, 28.50, 14.20
         0,     0, 4, 0:40:39, 0:40:53,    14, 28.50, 28.40,  0.10
  13008742,  7163, 5, 0:44:49, 0:44:57,     8, 40.90, 40.80,  0.10
  12448448,  6061, 3, 0:41:56, 0:47:43,   347, 46.90, 35.00, 11.90
  13008835,     0, 6, 0:25:35, 0:47:52,  1337, 41.60, 33.10,  8.50
         0,     0, 3, 0:47:50, 0:47:59,     9, 35.00, 46.30,-11.30
         0,     0, 6, 0:48:00, 0:48:07,     7, 33.10, 33.20, -0.10
  11954050,  4080, 2, 0:46:43, 0:49:12,   149, 44.00, 34.30,  9.70
         0,     0, 2, 0:49:20, 0:49:28,     8, 34.30, 44.00, -9.70
  11954050,  4080, 2, 0:49:38, 0:49:51,    13, 44.00, 41.80,  2.20
         0,     0, 2, 0:50:00, 0:50:01,     1, 41.80, 44.00, -2.20
  12448451,  6064, 2, 0:53:34, 0:54:27,    53, 44.00, 43.90,  0.10
  13008762,     0, 6, 0:48:17, 0:55:15,   418, 40.10, 32.10,  8.00
         0,     0, 6, 0:55:23, 0:55:31,     8, 32.10, 41.60, -9.50
  12448471,  6084, 1, 0:58:41, 1:00:30,   109, 41.40, 30.40, 11.00
         0,     0, 1, 1:00:38, 1:00:48,    10, 30.40, 41.20,-10.80
  12448471,  6084, 1, 1:00:58, 1:01:37,    39, 41.20, 35.00,  6.20
         0,     0, 1, 1:01:46, 1:01:51,     5, 35.00, 41.20, -6.20
  12706615,     0,10, 0:59:33, 1:02:01,   148, 28.70, 17.10, 11.60
  11953978,  4008, 1, 1:02:01, 1:02:10,     9, 41.20, 41.20,  0.00
         0,     0,10, 1:02:09, 1:02:34,    25, 17.10, 41.20,-24.10
  11953978,  4008, 1, 1:02:21, 1:03:05,    44, 41.20, 35.30,  5.90
         0,     0, 1, 1:03:13, 1:03:18,     5, 35.30, 41.30, -6.00
  12706650,  7059, 3, 1:01:24, 1:03:17,   113, 46.50, 36.70,  9.80
         0,     0, 3, 1:03:24, 1:03:31,     7, 36.70, 46.30, -9.60
  11953978,  4008, 2, 1:03:55, 1:04:42,    47, 43.80, 40.60,  3.20
         0,     0, 2, 1:04:49, 1:04:51,     2, 40.60, 44.00, -3.40
  12706705,  7114, 1, 1:05:52, 1:08:44,   172, 41.30, 27.90, 13.40
         0,     0, 1, 1:08:52, 1:09:04,    12, 27.90, 41.30,-13.40
  11724109,  6068, 2, 1:08:40, 1:09:39,    59, 44.10, 43.80,  0.30
  12706726,  7135, 3, 1:10:10, 1:10:42,    32, 46.10, 44.50,  1.60
  11724109,  6068, 1, 1:09:48, 1:12:14,   146, 41.30, 29.70, 11.60
         0,     0, 1, 1:12:23, 1:12:33,    10, 29.70, 41.30,-11.60
  12200046,  5100, 4, 1:18:57, 1:19:39,    42, 44.00, 38.70,  5.30
         0,     0, 4, 1:19:47, 1:19:51,     4, 38.70, 43.30, -4.60
  12200046,  5100, 4, 1:20:21, 1:20:36,    15, 42.90, 40.80,  2.10
         0,     0, 4, 1:20:44, 1:20:46,     2, 40.80, 43.50, -2.70
  12706710,  7119, 1, 1:21:00, 1:23:38,   158, 41.30, 26.20, 15.10
         0,     0, 1, 1:23:45, 1:23:58,    13, 26.20, 41.30,-15.10
  12448428,  6041, 2, 1:25:54, 1:26:46,    52, 43.80, 31.10, 12.70
         0,     0, 2, 1:26:54, 1:27:05,    11, 31.10, 44.10,-13.00
  12448428,  6041, 2, 1:27:15, 1:27:45,    30, 44.10, 38.00,  6.10
         0,     0, 2, 1:27:53, 1:27:57,     4, 38.00, 43.90, -5.90
  12200007,  5061, 4, 1:33:38, 1:35:03,    85, 43.60, 31.20, 12.40
         0,     0, 4, 1:35:11, 1:35:23,    12, 31.20, 43.40,-12.20
  12448420,     0, 9, 1:36:29, 1:40:34,   245, 39.40, 34.80,  4.60
         0,     0, 9, 1:40:41, 1:40:49,     8, 34.80, 41.10, -6.30
  12448449,  6062, 1, 1:51:15, 1:53:02,   107, 41.30, 25.30, 16.00
         0,     0, 1, 1:53:11, 1:53:25,    14, 25.30, 41.30,-16.00
  12706726,  7135, 5, 2:01:45, 2:04:20,   155, 40.80, 26.00, 14.80
         0,     0, 5, 2:04:28, 2:04:42,    14, 26.00, 40.90,-14.90
  13323425,     0, 9, 2:19:08, 2:19:09,     1, 40.50, 40.50,  0.00
  12706659,  7068, 2, 2:23:57, 2:24:08,    11, 43.90, 43.80,  0.10
  12706659,  7068, 1, 2:24:18, 2:24:58,    40, 41.30, 41.30,  0.00
  12706659,  7068, 2, 2:25:14, 2:27:46,   152, 43.80, 43.50,  0.30
  12706659,  7068, 2, 2:28:02, 2:30:26,   144, 43.50, 25.80, 17.70
         0,     0, 2, 2:30:33, 2:30:50,    17, 25.80, 44.00,-18.20
  12706659,  7068, 2, 2:31:12, 2:31:42,    30, 44.10, 41.70,  2.40
         0,     0, 2, 2:31:49, 2:31:50,     1, 41.70, 43.80, -2.10
  13323425,     0, 9, 2:36:47, 2:37:07,    20, 39.50, 39.10,  0.40
         0,     0, 9, 2:37:16, 2:37:18,     2, 39.10, 41.10, -2.00
  12448416,  6029, 3, 2:46:30, 2:48:45,   135, 44.50, 34.80,  9.70
         0,     0, 3, 2:48:52, 2:49:01,     9, 34.80, 34.70,  0.10
  12706651,  7060, 5, 3:15:30, 3:18:09,   159, 40.80, 27.20, 13.60
         0,     0, 5, 3:18:18, 3:18:31,    13, 27.20, 40.90,-13.70
  12199981,  5035, 2, 3:30:36, 3:31:37,    61, 43.80, 31.20, 12.60
         0,     0, 2, 3:31:44, 3:31:55,    11, 31.20, 44.00,-12.80
  21268104,  6067, 1, 3:31:44, 3:34:37,   173, 41.30, 30.10, 11.20
         0,     0, 1, 3:34:45, 3:34:55,    10, 30.10, 41.20,-11.10
  12706637,  7046, 4, 3:36:29, 3:38:22,   113, 43.70, 31.80, 11.90
         0,     0, 4, 3:38:29, 3:38:40,    11, 31.80, 40.70, -8.90
  13008735,  7156, 1, 3:40:25, 3:43:36,   191, 41.30, 27.40, 13.90
         0,     0, 1, 3:43:43, 3:43:55,    12, 27.40, 41.30,-13.90
  13008735,  7156, 2, 3:45:52, 3:46:32,    40, 44.00, 42.30,  1.70
  12706669,  7078, 5, 4:06:52, 4:08:57,   125, 40.90, 26.40, 14.50
         0,     0, 5, 4:09:04, 4:09:17,    13, 26.40, 40.70,-14.30
  12199981,  5035, 3, 4:08:44, 4:09:49,    65, 46.60, 34.70, 11.90
         0,     0, 3, 4:09:57, 4:10:06,     9, 34.70, 34.70,  0.00
  12448477,  6090, 2, 4:16:02, 4:17:00,    58, 42.30, 38.50,  3.80
         0,     0, 2, 4:17:09, 4:17:13,     4, 38.50, 44.00, -5.50
  12448477,  6090, 1, 4:17:38, 4:18:08,    30, 41.30, 38.50,  2.80
         0,     0, 1, 4:18:16, 4:18:18,     2, 38.50, 41.30, -2.80
  12706700,  7109, 3, 5:06:30, 5:07:22,    52, 46.90, 39.20,  7.70
         0,     0, 3, 5:07:29, 5:07:34,     5, 39.20, 39.40, -0.20
  13008768,     0, 6, 1:11:46, 5:21:00, 14954, 41.50, 41.60, -0.10
  12200046,  5100, 1, 6:08:13, 6:09:10,    57, 41.30, 28.50, 12.80
         0,     0, 1, 6:09:18, 6:09:30,    12, 28.50, 41.30,-12.80
  12706636,  7045, 2, 6:08:22, 6:10:00,    98, 43.90, 32.70, 11.20
         0,     0, 2, 6:10:07, 6:10:17,    10, 32.70, 43.90,-11.20
  12448449,  6062, 3, 6:11:21, 6:11:23,     2, 46.40, 46.90, -0.50
  11724109,  6068, 1, 6:11:30, 6:11:44,    14, 41.30, 41.20,  0.10
  12706669,  7078, 3, 6:12:16, 6:13:04,    48, 46.60, 44.30,  2.30
  12706669,  7078, 3, 6:13:15, 6:14:00,    45, 44.50, 36.00,  8.50
         0,     0, 3, 6:14:08, 6:14:16,     8, 36.00, 35.90,  0.10
  12448449,  6062, 2, 6:17:31, 6:18:31,    60, 44.00, 38.00,  6.00
         0,     0, 2, 6:18:40, 6:18:44,     4, 38.00, 44.00, -6.00
  12706738,  7147, 1, 6:16:59, 6:18:53,   114, 41.20, 28.90, 12.30
  12706637,  7046, 5, 6:15:07, 6:18:58,   231, 40.90, 27.00, 13.90
         0,     0, 1, 6:19:01, 6:19:12,    11, 28.90, 41.30,-12.40
         0,     0, 5, 6:19:05, 6:19:18,    13, 27.00, 40.90,-13.90
  12706738,  7147, 2, 6:19:12, 6:19:30,    18, 44.00, 39.70,  4.30
         0,     0, 2, 6:19:38, 6:19:41,     3, 39.70, 44.00, -4.30
  12448409,  6022, 1, 6:20:28, 6:23:31,   183, 41.30, 22.20, 19.10
         0,     0, 1, 6:23:39, 6:23:57,    18, 22.20, 41.40,-19.20
  12448416,  6029, 3, 6:21:13, 6:24:18,   185, 46.80, 36.90,  9.90
         0,     0, 3, 6:24:26, 6:24:34,     8, 36.90, 36.90,  0.00
  12706707,  7116, 2, 6:23:46, 6:24:39,    53, 44.00, 35.00,  9.00
         0,     0, 2, 6:24:47, 6:24:55,     8, 35.00, 44.00, -9.00
  12200042,  5096, 1, 6:25:06, 6:25:59,    53, 41.40, 35.40,  6.00
         0,     0, 1, 6:26:07, 6:26:12,     5, 35.40, 41.40, -6.00
  12200042,  5096, 2, 6:26:06, 6:27:07,    61, 44.00, 31.80, 12.20
  12706707,  7116, 1, 6:26:24, 6:27:08,    44, 41.30, 35.70,  5.60
         0,     0, 1, 6:27:15, 6:27:19,     4, 35.70, 41.20, -5.50
         0,     0, 2, 6:27:14, 6:27:25,    11, 31.80, 44.00,-12.20
  12706650,  7059, 5, 6:26:09, 6:27:49,   100, 40.70, 31.70,  9.00
         0,     0, 5, 6:27:57, 6:28:05,     8, 31.70, 40.90, -9.20
  11724109,  6068, 1, 6:31:00, 6:31:17,    17, 41.20, 41.10,  0.10
  12448449,  6062, 2, 6:31:39, 6:33:15,    96, 43.90, 32.20, 11.70
  13008732,  7153, 5, 6:33:26, 6:33:27,     1, 40.90, 40.80,  0.10
         0,     0, 2, 6:33:22, 6:33:32,    10, 32.20, 44.00,-11.80
  21292347,  5120, 4, 6:31:29, 6:33:53,   144, 44.30, 35.50,  8.80
         0,     0, 4, 6:34:02, 6:34:09,     7, 35.50, 43.40, -7.90
  12448473,  6086, 2, 6:33:42, 6:35:06,    84, 44.00, 30.20, 13.80
  11724109,  6068, 1, 6:31:34, 6:35:10,   216, 41.10, 24.80, 16.30
         0,     0, 2, 6:35:14, 6:35:28,    14, 30.20, 44.00,-13.80
         0,     0, 1, 6:35:17, 6:35:33,    16, 24.80, 41.30,-16.50
  12706651,  7060, 1, 6:35:54, 6:37:00,    66, 41.30, 38.70,  2.60
  11724239,  3139, 2, 6:35:39, 6:37:03,    84, 43.90, 43.70,  0.20
         0,     0, 1, 6:37:07, 6:37:08,     1, 38.70, 41.30, -2.60
  12706650,  7059, 4, 6:35:52, 6:37:07,    75, 43.50, 37.70,  5.80
         0,     0, 4, 6:37:15, 6:37:20,     5, 37.70, 43.40, -5.70
  12706651,  7060, 1, 6:37:24, 6:37:57,    33, 41.30, 36.40,  4.90
         0,     0, 1, 6:38:04, 6:38:08,     4, 36.40, 41.30, -4.90
  11724239,  3139, 2, 6:37:21, 6:38:21,    60, 43.70, 43.40,  0.30
  12706726,  7135, 5, 6:37:24, 6:39:28,   124, 40.90, 27.60, 13.30
         0,     0, 5, 6:39:36, 6:39:48,    12, 27.60, 41.00,-13.40
  11724239,  3139, 1, 6:39:39, 6:41:18,    99, 41.30, 40.60,  0.70
  11724239,  3139, 2, 6:41:56, 6:42:23,    27, 43.30, 43.10,  0.20
  11724239,  3139, 2, 6:42:38, 6:44:20,   102, 43.10, 35.20,  7.90
         0,     0, 2, 6:44:28, 6:44:35,     7, 35.20, 44.10, -8.90
  12706707,  7116, 2, 6:45:59, 6:46:15,    16, 44.10, 43.00,  1.10
  12706616,  7025, 3, 6:49:24, 6:50:29,    65, 47.00, 40.80,  6.20
         0,     0, 3, 6:50:37, 6:50:41,     4, 40.80, 40.70,  0.10
  12448451,  6064, 2, 6:50:36, 6:50:52,    16, 43.00, 42.90,  0.10
  12706710,  7119, 4, 6:50:45, 6:50:56,    11, 43.20, 43.60, -0.40
  12448473,  6086, 2, 6:52:29, 6:53:24,    55, 42.90, 35.00,  7.90
         0,     0, 2, 6:53:31, 6:53:38,     7, 35.00, 44.00, -9.00
  12706710,  7119, 4, 6:55:34, 6:56:03,    29, 43.60, 43.00,  0.60
  12706616,  7025, 3, 6:56:45, 6:57:50,    65, 46.70, 37.40,  9.30
  12448451,  6064, 1, 6:52:24, 6:57:55,   331, 40.60, 14.80, 25.80
  12706710,  7119, 2, 6:56:47, 6:58:00,    73, 44.00, 27.70, 16.30
         0,     0, 3, 6:57:59, 6:58:07,     8, 37.40, 37.20,  0.20
         0,     0, 2, 6:58:07, 6:58:24,    17, 27.70, 43.90,-16.20
         0,     0, 1, 6:58:03, 6:58:30,    27, 14.80, 41.30,-26.50
  11724239,  3139, 1, 7:05:17, 7:07:04,   107, 41.30, 40.90,  0.40
  11724239,  3139, 1, 7:07:15, 7:08:57,   102, 40.90, 39.20,  1.70
         0,     0, 1, 7:09:04, 7:09:05,     1, 39.20, 41.30, -2.10
  11954014,  4044, 3, 7:08:31, 7:09:33,    62, 46.90, 34.30, 12.60
         0,     0, 3, 7:09:42, 7:09:53,    11, 34.30, 35.20, -0.90
  21268825,  6087, 1, 7:09:41, 7:10:19,    38, 41.30, 41.20,  0.10
  13008768,     0, 6, 5:21:13, 7:13:07,  6714, 41.60, 41.60,  0.00
  21268825,  6087, 2, 7:10:33, 7:13:09,   156, 43.90, 26.60, 17.30
         0,     0, 2, 7:13:16, 7:13:32,    16, 26.60, 43.90,-17.30
  11954075,  4105, 5, 7:36:46, 7:37:34,    48, 40.90, 31.90,  9.00
         0,     0, 5, 7:37:42, 7:37:50,     8, 31.90, 41.00, -9.10
  11954075,  4105, 5, 7:38:01, 7:38:02,     1, 40.90, 40.80,  0.10
  11724239,  3139, 1, 7:34:10, 7:38:08,   238, 41.20, 33.30,  7.90
         0,     0, 1, 7:38:15, 7:38:22,     7, 33.30, 41.20, -7.90
  12448477,  6090, 2, 7:42:00, 7:44:28,   148, 43.80, 31.90, 11.90
         0,     0, 2, 7:44:35, 7:44:46,    11, 31.90, 44.10,-12.20
  11953978,  4008, 1, 7:43:48, 7:45:10,    82, 41.20, 32.60,  8.60
         0,     0, 1, 7:45:18, 7:45:25,     7, 32.60, 41.20, -8.60
  12706727,  7136, 1, 7:45:47, 7:48:06,   139, 41.20, 19.00, 22.20
  12706701,  7110, 2, 7:45:33, 7:48:23,   170, 44.10, 30.00, 14.10
         0,     0, 1, 7:48:14, 7:48:35,    21, 19.00, 41.30,-22.30
         0,     0, 2, 7:48:32, 7:48:45,    13, 30.00, 44.00,-14.00
  12706701,  7110, 2, 7:48:55, 7:49:04,     9, 44.00, 44.00,  0.00
  12200007,  5061, 1, 7:48:45, 7:51:20,   155, 41.30, 22.60, 18.70
         0,     0, 1, 7:51:29, 7:51:46,    17, 22.60, 41.20,-18.60
  11954050,  4080, 1, 7:54:03, 7:56:27,   144, 41.30, 27.00, 14.30
         0,     0, 1, 7:56:36, 7:56:49,    13, 27.00, 41.20,-14.20
  11954050,  4080, 2, 7:56:53, 7:57:14,    21, 44.00, 41.10,  2.90
         0,     0, 2, 7:57:22, 7:57:23,     1, 41.10, 44.10, -3.00
  11953978,  4008, 1, 7:58:47, 7:59:37,    50, 41.20, 37.00,  4.20
         0,     0, 1, 7:59:45, 7:59:48,     3, 37.00, 41.20, -4.20
  11953978,  4008, 1, 8:00:07, 8:02:07,   120, 41.20, 38.60,  2.60
         0,     0, 1, 8:02:16, 8:02:18,     2, 38.60, 41.40, -2.80
  13008762,     0, 6, 7:13:23, 8:03:44,  3021, 41.60, 41.60,  0.00
  11954075,  4105, 2, 8:04:09, 8:05:27,    78, 44.10, 29.80, 14.30
         0,     0, 2, 8:05:35, 8:05:48,    13, 29.80, 44.00,-14.20
  12706705,  7114, 1, 8:09:56, 8:10:02,     6, 41.40, 41.40,  0.00
  12706686,  7095, 2, 8:10:09, 8:13:29,   200, 44.10, 30.30, 13.80
  12706705,  7114, 1, 8:10:15, 8:13:35,   200, 41.40, 20.20, 21.20
         0,     0, 2, 8:13:37, 8:13:49,    12, 30.30, 44.00,-13.70
         0,     0, 1, 8:13:43, 8:14:03,    20, 20.20, 41.30,-21.10
  11724178,     0, 9, 8:15:40, 8:15:45,     5, 40.70, 40.70,  0.00
  11724178,     0,10, 8:17:51, 8:17:57,     6, 39.60, 39.60,  0.00
         0,     0,10, 8:18:04, 8:18:05,     1, 39.60, 41.30, -1.70
  13008747,     0, 9, 8:18:33, 8:19:27,    54, 40.70, 37.60,  3.10
         0,     0, 9, 8:19:35, 8:19:39,     4, 37.60, 41.10, -3.50
  13008747,     0,10, 8:20:05, 8:20:33,    28, 41.40, 36.80,  4.60
         0,     0,10, 8:20:40, 8:20:44,     4, 36.80, 41.20, -4.40
  11724178,     0, 9, 8:20:51, 8:21:05,    14, 41.10, 41.00,  0.10
  11724178,     0, 9, 8:21:16, 8:21:21,     5, 41.00, 40.90,  0.10
  11724178,     0, 9, 8:23:02, 8:23:10,     8, 40.50, 40.50,  0.00
  11724178,     0, 9, 8:23:29, 8:23:52,    23, 40.30, 39.80,  0.50
         0,     0, 9, 8:24:00, 8:24:01,     1, 39.80, 41.00, -1.20
  11724178,     0, 9, 8:25:33, 8:25:35,     2, 31.90, 31.90,  0.00
         0,     0, 9, 8:25:44, 8:25:55,    11, 31.90, 41.10, -9.20
  13008800,     0, 8, 8:26:05, 8:27:42,    97, 40.90, 32.00,  8.90
         0,     0, 8, 8:27:49, 8:27:58,     9, 32.00, 41.10, -9.10
  12706639,  7048, 1, 8:25:37, 8:28:40,   183, 41.30, 24.50, 16.80
         0,     0, 1, 8:28:48, 8:29:03,    15, 24.50, 41.30,-16.80
  13008742,  7163, 5, 8:29:31, 8:29:53,    22, 40.90, 40.80,  0.10
  12448420,     0,10, 8:28:09, 8:29:59,   110, 41.20, 40.30,  0.90
  13008756,  7115, 1, 8:30:22, 8:31:10,    48, 41.30, 41.00,  0.30
  12448479,  6092, 2, 8:30:26, 8:31:13,    47, 44.00, 43.20,  0.80
  13008756,  7115, 2, 8:31:23, 8:31:33,    10, 43.20, 43.10,  0.10
  12448479,  6092, 1, 8:31:33, 8:31:42,     9, 41.00, 40.40,  0.60
  12448420,     0, 9, 8:30:53, 8:31:58,    65, 40.70, 40.30,  0.40
  12448479,  6092, 2, 8:31:51, 8:32:23,    32, 43.10, 40.80,  2.30
         0,     0, 2, 8:32:30, 8:32:32,     2, 40.80, 44.00, -3.20
  12448448,  6061, 2, 8:32:42, 8:32:55,    13, 44.10, 44.10,  0.00
  12448479,  6092, 1, 8:32:43, 8:33:52,    69, 40.40, 23.80, 16.60
         0,     0, 1, 8:34:00, 8:34:17,    17, 23.80, 41.30,-17.50
  12706659,  7068, 2, 8:34:11, 8:34:18,     7, 44.00, 44.00,  0.00
  12706659,  7068, 2, 8:34:59, 8:35:06,     7, 44.10, 44.10,  0.00
  13323416,     0,10, 8:34:20, 8:36:29,   129, 40.30, 34.60,  5.70
         0,     0,10, 8:36:38, 8:36:44,     6, 34.60, 41.20, -6.60
  13323425,     0, 9, 8:36:11, 8:36:58,    47, 40.30, 39.70,  0.60
         0,     0, 9, 8:37:07, 8:37:08,     1, 39.70, 40.70, -1.00
  13323425,     0, 9, 8:37:38, 8:37:40,     2, 37.60, 37.60,  0.00
         0,     0, 9, 8:37:49, 8:37:53,     4, 37.60, 40.70, -3.10
  12448483,  6096, 3, 8:35:04, 8:37:53,   169, 46.80, 22.40, 24.40
  13323425,     0, 9, 8:38:10, 8:38:12,     2, 39.00, 39.00,  0.00
         0,     0, 9, 8:38:19, 8:38:21,     2, 39.00, 41.00, -2.00
         0,     0, 3, 8:38:01, 8:38:23,    22, 22.40, 22.20,  0.20
  13008756,  7115, 1, 8:37:31, 8:39:34,   123, 41.30, 23.00, 18.30
         0,     0, 1, 8:39:43, 8:40:00,    17, 23.00, 41.30,-18.30
  12706651,  7060, 1, 8:40:35, 8:41:58,    83, 41.30, 35.30,  6.00
         0,     0, 1, 8:42:05, 8:42:10,     5, 35.30, 41.30, -6.00
  13323435,     0, 9, 8:40:03, 8:43:14,   191, 41.00, 34.40,  6.60
         0,     0, 9, 8:43:22, 8:43:30,     8, 34.40, 41.10, -6.70
  11954056,     0, 7, 0:31:23, 8:44:39, 29596, 41.40, 22.50, 18.90
         0,     0, 7, 8:44:48, 8:45:00,    12, 22.50, 41.50,-19.00
  12199986,     0, 8, 8:45:59, 8:46:01,     2, 40.40, 40.50, -0.10
  12706738,  7147, 1, 8:48:33, 8:48:34,     1, 41.30, 41.30,  0.00
  13008762,     0, 6, 8:51:37, 8:53:56,   139, 41.50, 27.30, 14.20
         0,     0, 6, 8:54:04, 8:54:18,    14, 27.30, 41.50,-14.20
  21292347,  5120, 2, 8:51:54, 8:55:06,   192, 44.00, 28.80, 15.20
         0,     0, 2, 8:55:15, 8:55:29,    14, 28.80, 44.10,-15.30
  12706655,  7064, 1, 8:52:06, 8:55:35,   209, 41.30, 30.90, 10.40
         0,     0, 1, 8:55:42, 8:55:51,     9, 30.90, 41.20,-10.30
  12706651,  7060, 2, 8:55:55, 8:56:06,    11, 44.00, 44.00,  0.00
  12199986,     0, 8, 8:56:08, 8:56:27,    19, 40.50, 39.40,  1.10
         0,     0, 8, 8:56:34, 8:56:35,     1, 39.40, 41.00, -1.60
  13008742,  7163, 2, 8:56:20, 8:57:16,    56, 44.00, 40.90,  3.10
         0,     0, 2, 8:57:24, 8:57:26,     2, 40.90, 44.00, -3.10
  12448437,  6050, 8, 8:56:51, 8:57:47,    56, 41.00, 40.90,  0.10
  12706738,  7147, 5, 8:58:44, 8:58:45,     1, 40.90, 40.90,  0.00
  12706618,     0,10, 8:59:13, 8:59:17,     4, 41.10, 41.10,  0.00
  12448448,  6061, 1, 8:58:55, 8:59:20,    25, 41.20, 41.20,  0.00
  12448471,  6084, 2, 8:58:13, 8:59:26,    73, 44.10, 32.20, 11.90
         0,     0, 2, 8:59:33, 8:59:43,    10, 32.20, 44.00,-11.80
  12706618,     0,10, 9:00:05, 9:00:12,     7, 41.10, 41.10,  0.00
  12448471,  6084, 1, 8:59:41, 9:00:38,    57, 41.20, 29.30, 11.90
  12448437,  6050, 8, 8:59:20, 9:00:52,    92, 40.90, 40.70,  0.20
         0,     0, 1, 9:00:45, 9:00:56,    11, 29.30, 41.20,-11.90
  12706738,  7147, 5, 8:59:07, 9:01:08,   121, 40.90, 36.00,  4.90
         0,     0, 5, 9:01:15, 9:01:19,     4, 36.00, 40.90, -4.90
  12448448,  6061, 2, 8:59:53, 9:01:34,   101, 44.00, 43.50,  0.50
  12448448,  6061, 1, 9:01:40, 9:01:48,     8, 41.20, 41.20,  0.00
  12706618,     0,10, 9:00:37, 9:02:08,    91, 41.10, 37.00,  4.10
         0,     0,10, 9:02:15, 9:02:18,     3, 37.00, 41.20, -4.20
  12448448,  6061, 2, 9:01:57, 9:02:19,    22, 43.60, 43.30,  0.30
  21292347,  5120, 2, 9:02:29, 9:02:38,     9, 43.30, 43.30,  0.00
  12448448,  6061, 1, 9:02:38, 9:02:50,    12, 41.20, 41.20,  0.00
  21292347,  5120, 1, 9:03:14, 9:03:45,    31, 41.20, 41.10,  0.10
  12448448,  6061, 2, 9:02:52, 9:03:49,    57, 43.30, 42.70,  0.60
  12199969,     0, 9, 9:02:49, 9:05:04,   135, 41.20, 34.20,  7.00
         0,     0, 9, 9:05:11, 9:05:20,     9, 34.20, 41.10, -6.90
  13008742,  7163, 4, 9:04:00, 9:05:45,   105, 42.80, 25.90, 16.90
         0,     0, 4, 9:05:52, 9:06:09,    17, 25.90, 25.80,  0.10
  12448448,  6061, 2, 9:04:11, 9:07:57,   226, 42.70, 21.90, 20.80
         0,     0, 2, 9:08:04, 9:08:25,    21, 21.90, 44.00,-22.10
  12706651,  7060, 1, 9:08:05, 9:10:53,   168, 41.20, 28.10, 13.10
         0,     0, 1, 9:11:02, 9:11:14,    12, 28.10, 41.20,-13.10
  12199981,  5035, 5, 9:11:55, 9:13:23,    88, 40.80, 26.80, 14.00
         0,     0, 5, 9:13:32, 9:13:47,    15, 26.80, 40.60,-13.80
  12706622,     0, 6, 9:12:25, 9:15:14,   169, 35.10, 22.40, 12.70
         0,     0, 6, 9:15:21, 9:15:39,    18, 22.40, 41.50,-19.10
  13008735,  7156, 2, 9:15:25, 9:15:55,    30, 44.10, 43.60,  0.50
  13008742,  7163, 2, 9:16:07, 9:16:11,     4, 43.60, 43.60,  0.00
  13008735,  7156, 1, 9:16:01, 9:16:27,    26, 41.20, 40.10,  1.10
  13008768,     0, 6, 9:15:51, 9:18:00,   129, 41.40, 23.70, 17.70
         0,     0, 6, 9:18:07, 9:18:24,    17, 23.70, 41.40,-17.70
  13008735,  7156, 1, 9:18:12, 9:19:56,   104, 40.10, 35.60,  4.50
         0,     0, 1, 9:20:05, 9:20:10,     5, 35.60, 41.30, -5.70
  13008735,  7156, 2, 9:20:07, 9:21:17,    70, 43.60, 35.30,  8.30
  12448428,  6041, 1, 9:20:20, 9:21:23,    63, 41.30, 22.80, 18.50
         0,     0, 2, 9:21:25, 9:21:32,     7, 35.30, 43.90, -8.60
         0,     0, 1, 9:21:32, 9:21:49,    17, 22.80, 41.30,-18.50
  12448437,  6050, 7, 8:55:54, 9:22:25,  1591, 41.40, 41.40,  0.00
  13008762,     0, 6, 9:18:53, 9:25:15,   382, 39.10, 23.40, 15.70
         0,     0, 6, 9:25:22, 9:25:41,    19, 23.40, 23.40,  0.00
  21268104,  6067, 2, 9:36:35, 9:36:45,    10, 43.90, 43.90,  0.00
  13008837,     0, 8, 9:38:08, 9:38:40,    32, 40.60, 40.60,  0.00
  21268104,  6067, 1, 9:36:49, 9:38:44,   115, 41.30, 30.20, 11.10
  12706636,  7045, 3, 9:36:59, 9:38:55,   116, 47.00, 33.20, 13.80
         0,     0, 1, 9:38:52, 9:39:02,    10, 30.20, 41.30,-11.10
         0,     0, 3, 9:39:03, 9:39:14,    11, 33.20, 33.10,  0.10
  13008837,     0, 8, 9:38:58, 9:39:43,    45, 40.60, 40.60,  0.00
  13008837,     0, 8, 9:40:01, 9:40:07,     6, 40.50, 40.50,  0.00
  13008837,     0, 8, 9:40:29, 9:40:35,     6, 40.40, 40.40,  0.00
  21292347,  5120, 2, 9:40:36, 9:40:58,    22, 44.00, 43.90,  0.10
  12706634,     0, 8, 9:40:52, 9:42:55,   123, 40.40, 25.80, 14.60
         0,     0, 8, 9:43:02, 9:43:18,    16, 25.80, 41.00,-15.20
  12706634,     0, 8, 9:44:05, 9:44:07,     2, 33.40, 33.40,  0.00
         0,     0, 8, 9:44:16, 9:44:24,     8, 33.40, 41.10, -7.70
  13008837,     0, 8, 9:45:56, 9:46:14,    18, 41.10, 41.10,  0.00
  11499161,  2051, 1, 9:46:23, 9:46:54,    31, 41.30, 41.00,  0.30
  13008837,     0, 8, 9:46:47, 9:46:59,    12, 41.10, 41.00,  0.10
  12199977,     0, 7, 9:23:11, 9:47:03,  1432, 41.40, 26.30, 15.10
         0,     0, 7, 9:47:10, 9:47:19,     9, 26.30, 40.90,-14.60
  11499161,  2051, 2, 9:46:58, 9:49:11,   133, 43.90, 29.20, 14.70
         0,     0, 2, 9:49:18, 9:49:32,    14, 29.20, 44.00,-14.80
  12706707,  7116, 1, 9:51:00, 9:51:09,     9, 41.00, 41.00,  0.00
  21292347,  5120, 2, 9:49:42, 9:51:09,    87, 44.00, 36.90,  7.10
         0,     0, 2, 9:51:17, 9:51:23,     6, 36.90, 44.00, -7.10
  13008797,     0, 6, 9:39:22, 9:52:57,   815, 41.50, 22.70, 18.80
         0,     0, 6, 9:53:05, 9:53:23,    18, 22.70, 41.50,-18.80
  13008786,     0, 8, 9:56:40, 9:58:48,   128, 41.00, 27.20, 13.80
         0,     0, 8, 9:58:56, 9:59:10,    14, 27.20, 41.20,-14.00
  12706686,  7095, 1, 9:56:52, 9:59:41,   169, 41.00, 28.90, 12.10
         0,     0, 1, 9:59:50,10:00:01,    11, 28.90, 41.20,-12.30
  12448416,  6029, 4, 9:59:30,10:01:41,   131, 44.00, 30.20, 13.80
         0,     0, 4,10:01:49,10:02:02,    13, 30.20, 43.30,-13.10
  13008837,     0, 7, 9:47:33,10:02:38,   905, 40.80, 19.10, 21.70
  12448416,  6029, 4,10:02:20,10:02:56,    36, 43.60, 40.30,  3.30
         0,     0, 7,10:02:45,10:02:59,    14, 19.10, 19.10,  0.00
         0,     0, 4,10:03:04,10:03:07,     3, 40.30, 43.40, -3.10
  11724109,  6068, 2,10:13:27,10:13:33,     6, 44.00, 44.00,  0.00
  11724109,  6068, 1,10:13:44,10:16:11,   147, 41.20, 27.10, 14.10
         0,     0, 1,10:16:19,10:16:32,    13, 27.10, 41.20,-14.10
  12448428,  6041, 3,10:17:17,10:18:14,    57, 46.70, 36.30, 10.40
         0,     0, 3,10:18:23,10:18:31,     8, 36.30, 36.50, -0.20
  12706615,     0,10,10:17:19,10:18:36,    77, 40.80, 40.50,  0.30
  12706615,     0, 9,10:18:49,10:20:07,    78, 33.80, 23.50, 10.30
         0,     0, 9,10:20:16,10:20:39,    23, 23.50, 41.10,-17.60
  13008792,     0, 8,10:22:01,10:22:39,    38, 41.00, 41.00,  0.00
  13008779,     0, 7,10:03:20,10:24:01,  1241, 37.80, 13.70, 24.10
         0,     0, 7,10:24:09,10:24:26,    17, 13.70, 41.50,-27.80
  13008833,     0, 6, 9:58:54,10:25:14,  1580, 41.50, 41.30,  0.20
  12706700,  7109, 1,10:28:07,10:28:08,     1, 41.20, 41.20,  0.00
  12706622,     0, 6,10:27:11,10:28:21,    70, 28.40, 28.30,  0.10
         0,     0, 6,10:28:29,10:28:41,    12, 28.30, 40.40,-12.10
  11499202,     0, 6,10:28:51,10:30:40,   109, 40.00, 28.40, 11.60
         0,     0, 6,10:30:48,10:31:00,    12, 28.40, 28.50, -0.10
  11724239,  3139, 2,10:30:11,10:31:33,    82, 44.00, 43.50,  0.50
  12706707,  7116, 5,10:30:46,10:31:38,    52, 40.70, 33.50,  7.20
         0,     0, 5,10:31:45,10:31:52,     7, 33.50, 40.80, -7.30
  11724239,  3139, 2,10:31:44,10:34:51,   187, 43.50, 35.20,  8.30
         0,     0, 2,10:34:58,10:35:05,     7, 35.20, 44.00, -8.80
  12199988,  5042, 2,10:36:30,10:36:59,    29, 44.10, 43.50,  0.60
  21268825,  6087, 3,10:35:25,10:37:40,   135, 47.00, 36.10, 10.90
         0,     0, 3,10:37:48,10:37:56,     8, 36.10, 36.00,  0.10
  12448471,  6084, 5,10:36:58,10:38:25,    87, 40.80, 31.60,  9.20
         0,     0, 5,10:38:32,10:38:40,     8, 31.60, 40.90, -9.30
  12200083,     0, 9,10:38:36,10:38:38,     2, 41.10, 41.10,  0.00
  12199988,  5042, 2,10:37:13,10:39:01,   108, 43.50, 39.20,  4.30
         0,     0, 2,10:39:08,10:39:11,     3, 39.20, 43.90, -4.70
  13323427,     0, 8,10:36:22,10:39:55,   213, 40.80, 23.10, 17.70
         0,     0, 8,10:40:02,10:40:21,    19, 23.10, 41.10,-18.00
  12200083,     0, 9,10:39:17,10:40:47,    90, 41.10, 36.20,  4.90
         0,     0, 9,10:40:56,10:41:02,     6, 36.20, 41.10, -4.90
  12706700,  7109, 3,10:39:52,10:41:10,    78, 46.90, 33.00, 13.90
         0,     0, 3,10:41:17,10:41:28,    11, 33.00, 32.80,  0.20
  13008792,     0, 8,10:41:12,10:41:50,    38, 41.10, 41.00,  0.10
  13008792,     0, 7,10:42:02,10:42:28,    26, 41.30, 41.30,  0.00
  11499161,  2051, 1,10:40:41,10:43:03,   142, 41.20, 30.50, 10.70
         0,     0, 1,10:43:11,10:43:21,    10, 30.50, 41.30,-10.80
  21268104,  6067, 2,10:42:58,10:44:20,    82, 43.90, 38.40,  5.50
         0,     0, 2,10:44:27,10:44:31,     4, 38.40, 43.90, -5.50
  21268104,  6067, 2,10:44:44,10:45:11,    27, 43.90, 40.70,  3.20
         0,     0, 2,10:45:19,10:45:21,     2, 40.70, 44.10, -3.40
  12448521,     0, 8,10:44:28,10:45:51,    83, 40.90, 27.00, 13.90
         0,     0, 8,10:45:59,10:46:14,    15, 27.00, 41.20,-14.20
  12706609,  7018, 8,10:46:27,10:46:39,    12, 40.90, 40.50,  0.40
  13008792,     0, 7,10:43:59,10:46:42,   163, 41.30, 24.10, 17.20
         0,     0, 7,10:46:49,10:47:00,    11, 24.10, 24.20, -0.10
  12706609,  7018, 8,10:46:50,10:48:00,    70, 40.50, 30.90,  9.60
         0,     0, 8,10:48:08,10:48:18,    10, 30.90, 41.10,-10.20
  12200046,  5100, 3,10:49:40,10:49:51,    11, 46.90, 47.00, -0.10
  12706669,  7078, 2,10:47:19,10:52:11,   292, 44.10, 31.80, 12.30
         0,     0, 2,10:52:19,10:52:30,    11, 31.80, 43.90,-12.10
  12199969,     0, 9,10:49:58,10:53:00,   182, 41.00, 34.10,  6.90
         0,     0, 9,10:53:08,10:53:17,     9, 34.10, 41.10, -7.00
  11954014,  4044, 3,10:55:00,10:55:23,    23, 47.00, 46.50,  0.50
  12706738,  7147, 2,10:55:05,10:57:46,   161, 44.00, 28.60, 15.40
         0,     0, 2,10:57:53,10:58:07,    14, 28.60, 44.00,-15.40
  13323425,     0, 9,11:01:03,11:01:43,    40, 41.00, 40.50,  0.50
  13008742,  7163, 1,11:03:50,11:03:53,     3, 41.30, 41.30,  0.00
  11954014,  4044, 3,11:06:26,11:07:26,    60, 46.40, 36.50,  9.90
         0,     0, 3,11:07:34,11:07:42,     8, 36.50, 36.50,  0.00
  12706701,  7110, 2,11:10:02,11:10:20,    18, 44.00, 44.00,  0.00
  12706624,  7033, 6,10:31:18,11:12:33,  2475, 41.30, 24.80, 16.50
         0,     0, 6,11:12:41,11:12:57,    16, 24.80, 41.50,-16.70
  13323434,     0, 9,11:13:39,11:13:41,     2, 40.50, 40.50,  0.00
  13008833,     0, 6,11:13:11,11:14:16,    65, 41.20, 39.80,  1.40
         0,     0, 6,11:14:24,11:14:24,     0, 39.80, 41.40, -1.60
  12199988,  5042, 2,11:13:21,11:15:40,   139, 44.00, 32.20, 11.80
  13323434,     0, 9,11:15:37,11:15:46,     9, 40.40, 40.30,  0.10
         0,     0, 2,11:15:47,11:15:57,    10, 32.20, 44.10,-11.90
  13008797,     0, 6,11:14:39,11:16:03,    84, 40.60, 30.80,  9.80
         0,     0, 6,11:16:11,11:16:20,     9, 30.80, 41.10,-10.30
  13323434,     0, 9,11:17:04,11:17:05,     1, 38.60, 38.60,  0.00
         0,     0, 9,11:17:14,11:17:17,     3, 38.60, 40.70, -2.10
  13323434,     0, 9,11:18:30,11:18:31,     1, 36.50, 36.50,  0.00
         0,     0, 9,11:18:40,11:18:45,     5, 36.50, 41.10, -4.60
  13008833,     0, 6,11:16:46,11:19:19,   153, 39.80, 29.90,  9.90
         0,     0, 6,11:19:27,11:19:38,    11, 29.90, 41.50,-11.60
  21268104,  6067, 2,11:21:17,11:22:26,    69, 44.10, 36.20,  7.90
         0,     0, 2,11:22:34,11:22:40,     6, 36.20, 44.00, -7.80
  12706624,  7033, 6,11:19:48,11:22:52,   184, 41.50, 37.30,  4.20
         0,     0, 6,11:23:00,11:23:03,     3, 37.30, 41.50, -4.20
  13323416,     0,10,11:24:09,11:25:18,    69, 40.10, 36.10,  4.00
         0,     0,10,11:25:26,11:25:31,     5, 36.10, 41.20, -5.10
  13008762,     0, 6,11:23:16,11:26:03,   167, 41.10, 31.30,  9.80
         0,     0, 6,11:26:11,11:26:20,     9, 31.30, 31.50, -0.20
  13323425,     0, 9,11:26:45,11:27:29,    44, 41.00, 40.40,  0.60
  12448437,  6050, 7,11:05:23,11:27:50,  1347, 41.40, 29.40, 12.00
         0,     0, 7,11:27:58,11:28:05,     7, 29.40, 41.50,-12.10
  13323425,     0, 9,11:28:08,11:28:41,    33, 39.70, 38.10,  1.60
         0,     0, 9,11:28:49,11:28:52,     3, 38.10, 41.10, -3.00
  13008836,     0, 8,11:28:29,11:28:55,    26, 41.10, 41.00,  0.10
  13323425,     0, 9,11:29:55,11:30:11,    16, 40.80, 40.60,  0.20
  12706624,  7033, 6,11:27:07,11:30:24,   197, 40.50, 40.40,  0.10
  12448409,  6022, 2,11:31:55,11:33:11,    76, 43.90, 43.70,  0.20
  12448409,  6022, 2,11:33:21,11:36:05,   164, 43.70, 22.40, 21.30
  12706701,  7110, 5,11:31:31,11:36:08,   277, 40.90, 21.80, 19.10
         0,     0, 2,11:36:14,11:36:35,    21, 22.40, 43.80,-21.40
         0,     0, 5,11:36:17,11:36:36,    19, 21.80, 40.70,-18.90
  13008800,     0, 8,11:36:50,11:36:55,     5, 30.10, 30.20, -0.10
         0,     0, 8,11:37:04,11:37:15,    11, 30.20, 41.20,-11.00
  11954014,  4044, 3,11:38:56,11:40:08,    72, 46.90, 35.60, 11.30
         0,     0, 3,11:40:16,11:40:25,     9, 35.60, 35.40,  0.20
  13008836,     0, 8,11:43:47,11:43:54,     7, 41.20, 41.20,  0.00
  21306958,  5124, 7,11:34:16,11:44:18,   602, 41.60, 41.50,  0.10
  12706727,  7136, 4,11:44:18,11:45:04,    46, 43.80, 43.70,  0.10
  13008836,     0, 8,11:44:44,11:45:12,    28, 41.00, 40.90,  0.10
  11953978,  4008, 1,11:43:12,11:45:19,   127, 41.40, 32.80,  8.60
  13008836,     0, 8,11:45:24,11:45:27,     3, 40.90, 40.80,  0.10
         0,     0, 1,11:45:27,11:45:34,     7, 32.80, 41.30, -8.50
  13008836,     0, 8,11:45:41,11:46:11,    30, 40.90, 40.70,  0.20
  13008802,     0, 9,11:47:48,11:47:51,     3, 40.60, 40.60,  0.00
  13008836,     0, 8,11:46:59,11:48:17,    78, 38.20, 23.00, 15.20
         0,     0, 8,11:48:26,11:48:45,    19, 23.00, 41.20,-18.20
  11954014,  4044, 2,11:52:34,11:53:22,    48, 43.90, 37.90,  6.00
         0,     0, 2,11:53:29,11:53:33,     4, 37.90, 43.90, -6.00
  12706726,  7135, 5,11:52:50,11:54:07,    77, 40.70, 31.00,  9.70
         0,     0, 5,11:54:16,11:54:25,     9, 31.00, 40.70, -9.70
  12448483,  6096, 4,11:53:05,11:55:09,   124, 43.60, 25.50, 18.10
  13008820,     0, 8,11:50:32,11:55:14,   282, 41.20, 30.60, 10.60
         0,     0, 8,11:55:22,11:55:33,    11, 30.60, 30.70, -0.10
         0,     0, 4,11:55:17,11:55:35,    18, 25.50, 43.30,-17.80
  12200007,  5061, 5,11:54:35,11:56:13,    98, 40.70, 24.30, 16.40
         0,     0, 5,11:56:21,11:56:37,    16, 24.30, 40.90,-16.60
  12706727,  7136, 2,11:56:43,11:58:28,   105, 44.00, 29.20, 14.80
         0,     0, 2,11:58:36,11:58:49,    13, 29.20, 44.00,-14.80
  13008732,  7153, 5,12:00:27,12:00:29,     2, 40.80, 40.80,  0.00
  12199988,  5042, 4,11:58:22,12:00:38,   136, 43.20, 28.30, 14.90
         0,     0, 4,12:00:46,12:01:01,    15, 28.30, 43.40,-15.10
  12448449,  6062, 1,12:00:23,12:02:08,   105, 41.30, 25.70, 15.60
         0,     0, 1,12:02:15,12:02:29,    14, 25.70, 41.30,-15.60
  13008765,     0, 9,12:02:43,12:03:48,    65, 40.00, 34.50,  5.50
         0,     0, 9,12:03:57,12:04:05,     8, 34.50, 41.10, -6.60
  11954050,  4080, 2,12:03:11,12:04:20,    69, 43.90, 41.50,  2.40
         0,     0, 2,12:04:29,12:04:30,     1, 41.50, 43.90, -2.40
  11954050,  4080, 2,12:04:40,12:04:53,    13, 44.00, 43.40,  0.60
  11954050,  4080, 1,12:05:19,12:06:15,    56, 41.30, 38.70,  2.60
         0,     0, 1,12:06:22,12:06:23,     1, 38.70, 41.30, -2.60
  13323416,     0, 9,12:10:39,12:11:02,    23, 41.00, 40.90,  0.10
  13008732,  7153, 3,12:12:49,12:15:44,   175, 46.80, 19.20, 27.60
         0,     0, 3,12:15:52,12:16:15,    23, 19.20, 19.20,  0.00
  12706618,     0,10,12:15:19,12:17:00,   101, 40.90, 31.00,  9.90
         0,     0,10,12:17:07,12:17:17,    10, 31.00, 41.20,-10.20
  12706659,  7068, 2,12:16:34,12:18:01,    87, 43.30, 43.20,  0.10
  13008835,     0, 6,11:32:39,12:18:07,  2728, 39.40, 24.90, 14.50
  12706618,     0,10,12:17:49,12:18:11,    22, 41.20, 37.90,  3.30
         0,     0,10,12:18:19,12:18:22,     3, 37.90, 41.20, -3.30
  12706659,  7068, 1,12:18:09,12:18:20,    11, 41.30, 41.20,  0.10
         0,     0, 6,12:18:15,12:18:31,    16, 24.90, 40.50,-15.60
  12448473,  6086, 2,12:18:16,12:19:46,    90, 43.30, 31.40, 11.90
         0,     0, 2,12:19:55,12:20:06,    11, 31.40, 44.00,-12.60
  13008815,     0, 7,12:00:04,12:20:12,  1208, 41.40, 25.80, 15.60
         0,     0, 7,12:20:20,12:20:29,     9, 25.80, 41.10,-15.30
  12706616,  7025, 1,12:20:20,12:22:27,   127, 41.20, 25.20, 16.00
         0,     0, 1,12:22:34,12:22:50,    16, 25.20, 41.30,-16.10
  12200085,     0, 9,12:23:13,12:24:08,    55, 40.80, 36.80,  4.00
         0,     0, 9,12:24:16,12:24:21,     5, 36.80, 41.00, -4.20
  12200085,     0, 9,12:25:47,12:26:04,    17, 38.10, 36.10,  2.00
         0,     0, 9,12:26:13,12:26:19,     6, 36.10, 41.10, -5.00
  12706651,  7060, 5,12:26:53,12:28:56,   123, 40.80, 33.00,  7.80
         0,     0, 5,12:29:04,12:29:11,     7, 33.00, 33.00,  0.00
  12706659,  7068, 2,12:24:38,12:29:20,   282, 44.00, 16.90, 27.10
         0,     0, 2,12:29:28,12:29:54,    26, 16.90, 44.10,-27.20
  12706710,  7119, 4,12:29:39,12:32:31,   172, 43.90, 30.50, 13.40
         0,     0, 4,12:32:39,12:32:52,    13, 30.50, 43.40,-12.90
  12200046,  5100, 2,12:34:05,12:34:44,    39, 44.10, 43.40,  0.70
  12448442,  6055, 6,12:19:00,12:34:54,   954, 34.20, 34.10,  0.10
         0,     0, 6,12:35:02,12:35:08,     6, 34.10, 41.40, -7.30
  11953978,  4008, 5,12:33:50,12:35:08,    78, 40.80, 39.20,  1.60
         0,     0, 5,12:35:15,12:35:16,     1, 39.20, 40.90, -1.70
  12200046,  5100, 1,12:34:52,12:35:44,    52, 41.30, 30.60, 10.70
         0,     0, 1,12:35:52,12:36:02,    10, 30.60, 41.20,-10.60
  12706650,  7059, 3,12:33:14,12:36:13,   179, 46.90, 32.10, 14.80
         0,     0, 3,12:36:21,12:36:33,    12, 32.10, 32.10,  0.00
  13323358,     0, 8,12:37:21,12:38:23,    62, 40.90, 33.80,  7.10
         0,     0, 8,12:38:31,12:38:38,     7, 33.80, 41.20, -7.40
  11953978,  4008, 5,12:38:44,12:39:15,    31, 40.90, 35.30,  5.60
         0,     0, 5,12:39:24,12:39:29,     5, 35.30, 40.90, -5.60
  13008797,     0, 6,12:35:26,12:39:55,   269, 41.00, 31.00, 10.00
         0,     0, 6,12:40:03,12:40:13,    10, 31.00, 31.00,  0.00
  12448521,     0, 8,12:39:44,12:40:17,    33, 40.90, 38.50,  2.40
         0,     0, 8,12:40:24,12:40:27,     3, 38.50, 41.10, -2.60
  13008789,     0, 7,12:34:23,12:43:36,   553, 24.70, 15.60,  9.10
  12448477,  6090, 3,12:43:40,12:43:46,     6, 46.70, 46.70,  0.00
         0,     0, 7,12:43:44,12:44:00,    16, 15.60, 15.70, -0.10
  12448437,  6050, 8,12:44:08,12:44:54,    46, 31.40, 30.60,  0.80
         0,     0, 8,12:45:01,12:45:11,    10, 30.60, 41.10,-10.50
  12199981,  5035, 5,12:44:39,12:45:43,    64, 40.90, 26.20, 14.70
         0,     0, 5,12:45:51,12:46:05,    14, 26.20, 40.80,-14.60
  12448477,  6090, 3,12:44:01,12:46:10,   129, 46.80, 34.30, 12.50
         0,     0, 3,12:46:18,12:46:28,    10, 34.30, 34.20,  0.10
  12448477,  6090, 3,12:46:54,12:47:09,    15, 46.80, 44.60,  2.20
  12706601,     0,10,12:46:43,12:49:19,   156, 41.10, 25.10, 16.00
         0,     0,10,12:49:26,12:49:43,    17, 25.10, 41.20,-16.10
  13008732,  7153, 3,12:55:06,12:56:56,   110, 44.60, 24.60, 20.00
  12448437,  6050, 7,12:46:00,12:57:13,   673, 40.70, 33.40,  7.30
         0,     0, 3,12:57:04,12:57:23,    19, 24.60, 26.50, -1.90
         0,     0, 7,12:57:21,12:57:26,     5, 33.40, 33.60, -0.20
  12199977,     0, 7,12:57:37,13:02:50,   313, 41.50, 27.00, 14.50
         0,     0, 7,13:02:58,13:03:07,     9, 27.00, 41.70,-14.70
  11954075,  4105, 5,13:02:41,13:03:38,    57, 40.80, 30.30, 10.50
         0,     0, 5,13:03:45,13:03:55,    10, 30.30, 40.90,-10.60
  12448416,  6029, 3,13:08:15,13:08:27,    12, 46.70, 46.50,  0.20
  11499161,  2051, 1,13:06:44,13:10:12,   208, 41.20, 26.60, 14.60
         0,     0, 1,13:10:19,13:10:32,    13, 26.60, 41.30,-14.70
  12448416,  6029, 3,13:08:37,13:10:38,   121, 46.30, 31.00, 15.30
  13323358,     0, 8,13:09:25,13:10:41,    76, 41.10, 34.80,  6.30
         0,     0, 8,13:10:48,13:10:54,     6, 34.80, 41.20, -6.40
         0,     0, 3,13:10:45,13:10:58,    13, 31.00, 46.70,-15.70
  12706686,  7095, 3,13:11:09,13:12:00,    51, 46.50, 43.30,  3.20
  11954075,  4105, 2,13:11:06,13:12:01,    55, 43.30, 33.60,  9.70
         0,     0, 3,13:12:07,13:12:09,     2, 43.30, 46.30, -3.00
         0,     0, 2,13:12:09,13:12:18,     9, 33.60, 44.00,-10.40
  12706655,  7064, 5,13:10:21,13:13:33,   192, 40.80, 21.40, 19.40
         0,     0, 5,13:13:41,13:13:59,    18, 21.40, 41.00,-19.60
  11724239,  3139, 3,13:14:38,13:15:11,    33, 46.40, 46.40,  0.00
  12448449,  6062, 1,13:14:40,13:15:47,    67, 41.30, 39.70,  1.60
         0,     0, 1,13:15:55,13:15:55,     0, 39.70, 41.20, -1.50
  12199986,     0, 7,13:03:27,13:18:58,   931, 39.20, 31.10,  8.10
  21306958,  5124, 8,13:18:27,13:19:06,    39, 41.20, 40.90,  0.30
         0,     0, 7,13:19:05,13:19:11,     6, 31.10, 41.60,-10.50
  21306958,  5124, 8,13:19:21,13:19:26,     5, 40.90, 40.90,  0.00
  21306958,  5124, 8,13:19:48,13:20:14,    26, 40.80, 40.60,  0.20
  12706700,  7109, 3,13:21:02,13:21:25,    23, 46.60, 44.10,  2.50
  21306958,  5124, 8,13:21:17,13:21:29,    12, 40.60, 40.50,  0.10
  21306958,  5124, 8,13:21:45,13:22:19,    34, 40.40, 40.20,  0.20
  12200007,  5061, 1,13:21:20,13:22:28,    68, 41.20, 32.10,  9.10
         0,     0, 1,13:22:36,13:22:44,     8, 32.10, 41.30, -9.20
  12706686,  7095, 3,13:21:35,13:24:04,   149, 44.10, 27.90, 16.20
  21292347,  5120, 5,13:22:02,13:24:22,   140, 40.90, 34.30,  6.60
         0,     0, 3,13:24:12,13:24:28,    16, 27.90, 27.70,  0.20
         0,     0, 5,13:24:30,13:24:36,     6, 34.30, 40.70, -6.40
  11724239,  3139, 1,13:25:08,13:25:35,    27, 41.30, 41.20,  0.10
  12448442,  6055, 6,12:41:49,13:30:56,  2947, 38.90, 24.10, 14.80
  12448471,  6084, 4,13:29:36,13:31:06,    90, 43.80, 34.70,  9.10
  12706707,  7116, 2,13:31:13,13:31:14,     1, 44.00, 44.00,  0.00
         0,     0, 6,13:31:03,13:31:21,    18, 24.10, 41.50,-17.40
         0,     0, 4,13:31:14,13:31:22,     8, 34.70, 43.50, -8.80
  12706707,  7116, 2,13:31:30,13:32:06,    36, 43.90, 38.40,  5.50
         0,     0, 2,13:32:15,13:32:19,     4, 38.40, 44.00, -5.60
  12706707,  7116, 2,13:32:29,13:32:58,    29, 44.00, 38.30,  5.70
         0,     0, 2,13:33:06,13:33:10,     4, 38.30, 44.00, -5.70
  12706707,  7116, 2,13:33:54,13:34:20,    26, 44.00, 40.00,  4.00
         0,     0, 2,13:34:28,13:34:30,     2, 40.00, 44.00, -4.00
  13008765,     0, 9,13:33:45,13:35:08,    83, 34.10, 30.30,  3.80
         0,     0, 9,13:35:15,13:35:29,    14, 30.30, 40.90,-10.60
  11724239,  3139, 2,13:35:36,13:35:56,    20, 44.00, 44.00,  0.00
  12706650,  7059, 5,13:38:09,13:38:21,    12, 40.70, 39.80,  0.90
         0,     0, 5,13:38:29,13:38:29,     0, 39.80, 40.70, -0.90
  11724239,  3139, 2,13:38:00,13:38:43,    43, 44.00, 43.90,  0.10
  12706604,     0, 8,13:38:37,13:39:02,    25, 40.20, 40.10,  0.10
  12706726,  7135, 5,13:38:39,13:40:08,    89, 40.70, 32.20,  8.50
         0,     0, 5,13:40:16,13:40:24,     8, 32.20, 40.90, -8.70
  12706604,     0, 8,13:40:26,13:41:09,    43, 40.20, 40.20,  0.00
  11724159,     0, 6,13:31:55,13:41:13,   558, 30.70, 29.70,  1.00
         0,     0, 6,13:41:20,13:41:31,    11, 29.70, 41.50,-11.80
  13008786,     0, 7,13:31:22,13:42:02,   640, 37.70, 32.80,  4.90
         0,     0, 7,13:42:09,13:42:14,     5, 32.80, 41.60, -8.80
  12200042,  5096, 2,13:41:31,13:42:25,    54, 43.90, 43.90,  0.00
  12706650,  7059, 5,13:40:56,13:43:26,   150, 40.80, 30.20, 10.60
         0,     0, 5,13:43:34,13:43:44,    10, 30.20, 41.00,-10.80
  11724239,  3139, 1,13:38:48,13:44:11,   323, 41.20, 21.40, 19.80
         0,     0, 1,13:44:19,13:44:37,    18, 21.40, 41.30,-19.90
  12448479,  6092, 4,13:42:44,13:44:58,   134, 43.20, 36.90,  6.30
         0,     0, 4,13:45:06,13:45:12,     6, 36.90, 43.40, -6.50
  12448479,  6092, 3,13:45:05,13:45:59,    54, 46.60, 39.90,  6.70
         0,     0, 3,13:46:07,13:46:11,     4, 39.90, 39.60,  0.30
  12448415,     0, 8,13:42:09,13:46:16,   247, 40.20, 19.80, 20.40
         0,     0, 8,13:46:23,13:46:45,    22, 19.80, 41.20,-21.40
  11499161,  2051, 1,13:46:08,13:46:47,    39, 41.30, 41.10,  0.20
  12706604,     0, 8,13:47:19,13:47:24,     5, 41.20, 41.20,  0.00
  12706636,  7045, 3,13:46:26,13:48:22,   116, 46.00, 29.10, 16.90
         0,     0, 3,13:48:30,13:48:44,    14, 29.10, 28.80,  0.30
  12200042,  5096, 1,13:46:58,13:48:45,   107, 41.20, 30.80, 10.40
         0,     0, 1,13:48:54,13:49:03,     9, 30.80, 41.30,-10.50
  13008756,  7115, 1,13:49:13,13:49:22,     9, 41.30, 41.30,  0.00
  12200042,  5096, 2,13:48:54,13:49:22,    28, 43.90, 43.40,  0.50
  12706705,  7114, 4,13:46:35,13:49:47,   192, 43.60, 32.50, 11.10
         0,     0, 4,13:49:56,13:50:06,    10, 32.50, 43.40,-10.90
  12706604,     0, 8,13:48:14,13:50:35,   141, 41.20, 40.00,  1.20
  11499202,     0, 6,13:41:53,13:51:07,   554, 39.40, 37.20,  2.20
         0,     0, 6,13:51:14,13:51:15,     1, 37.20, 39.10, -1.90
  12706705,  7114, 3,13:51:07,13:51:21,    14, 46.70, 46.60,  0.10
  12448416,  6029, 4,13:50:30,13:51:42,    72, 43.50, 40.80,  2.70
         0,     0, 4,13:51:50,13:51:52,     2, 40.80, 43.50, -2.70
  12200042,  5096, 2,13:52:46,13:52:51,     5, 43.40, 43.40,  0.00
  12200042,  5096, 1,13:52:59,13:53:07,     8, 41.30, 41.10,  0.20
  13008768,     0, 6,13:51:31,13:54:06,   155, 39.10, 38.90,  0.20
         0,     0, 6,13:54:14,13:54:16,     2, 38.90, 41.50, -2.60
  12200042,  5096, 1,13:54:17,13:54:36,    19, 41.10, 41.00,  0.10
  13008735,  7156, 4,13:55:02,13:55:42,    40, 43.60, 41.10,  2.50
         0,     0, 4,13:55:51,13:55:53,     2, 41.10, 43.40, -2.30
  12448420,     0,10,13:56:10,13:56:21,    11, 41.00, 40.70,  0.30
  11953978,  4008, 2,13:55:08,13:56:24,    76, 43.40, 33.50,  9.90
  13008735,  7156, 4,13:56:03,13:56:37,    34, 43.40, 41.00,  2.40
         0,     0, 2,13:56:31,13:56:40,     9, 33.50, 44.00,-10.50
         0,     0, 4,13:56:45,13:56:47,     2, 41.00, 43.50, -2.50
  13323427,     0, 8,13:56:51,13:56:52,     1, 39.90, 39.90,  0.00
         0,     0, 8,13:57:00,13:57:00,     0, 39.90, 40.90, -1.00
  12448420,     0, 9,13:56:47,13:57:11,    24, 40.90, 40.60,  0.30
  13323427,     0, 8,13:57:45,13:57:55,    10, 40.60, 40.70, -0.10
  11724109,  6068, 1,13:54:52,13:58:35,   223, 41.00, 24.60, 16.40
         0,     0, 1,13:58:43,13:58:59,    16, 24.60, 41.20,-16.60
  12706710,  7119, 4,13:57:03,13:58:58,   115, 43.40, 35.70,  7.70
         0,     0, 4,13:59:06,13:59:13,     7, 35.70, 43.40, -7.70
  13008835,     0, 6,13:55:06,13:59:14,   248, 41.30, 30.30, 11.00
         0,     0, 6,13:59:22,13:59:32,    10, 30.30, 40.20, -9.90
  12448420,     0, 9,13:57:25,13:59:37,   132, 40.60, 35.80,  4.80
         0,     0, 9,13:59:45,13:59:51,     6, 35.80, 41.10, -5.30
  13323427,     0, 8,13:58:19,14:00:35,   136, 40.40, 30.20, 10.20
         0,     0, 8,14:00:42,14:00:53,    11, 30.20, 41.10,-10.90
  13323358,     0, 8,14:03:38,14:04:32,    54, 41.10, 40.10,  1.00
  13008765,     0, 9,14:03:46,14:04:41,    55, 41.10, 38.50,  2.60
         0,     0, 9,14:04:49,14:04:52,     3, 38.50, 41.00, -2.50
  13008742,  7163, 4,14:03:32,14:06:02,   150, 43.40, 23.30, 20.10
  12448471,  6084, 3,14:04:51,14:06:13,    82, 47.20, 42.30,  4.90
         0,     0, 3,14:06:21,14:06:24,     3, 42.30, 46.00, -3.70
         0,     0, 4,14:06:11,14:06:32,    21, 23.30, 43.40,-20.10
  11954056,     0, 8,14:04:43,14:07:06,   143, 40.10, 20.60, 19.50
         0,     0, 8,14:07:15,14:07:37,    22, 20.60, 41.10,-20.50
  12706604,     0, 7,13:50:50,14:08:52,  1082, 41.60, 26.80, 14.80
  12706639,  7048, 4,14:09:04,14:09:05,     1, 43.60, 44.00, -0.40
         0,     0, 7,14:08:59,14:09:08,     9, 26.80, 41.50,-14.70
  13008737,     0, 8,14:15:41,14:15:45,     4, 41.20, 41.10,  0.10
  12448449,  6062, 1,14:14:14,14:16:35,   141, 41.20, 23.50, 17.70
  11499202,     0, 6,13:59:47,14:16:51,  1024, 39.60, 34.30,  5.30
         0,     0, 1,14:16:42,14:16:59,    17, 23.50, 41.20,-17.70
         0,     0, 6,14:16:59,14:17:05,     6, 34.30, 41.50, -7.20
  12706669,  7078, 3,14:15:32,14:18:10,   158, 46.60, 25.30, 21.30
  12706624,  7033, 6,14:17:16,14:18:13,    57, 41.50, 41.40,  0.10
  12706634,     0, 8,14:17:22,14:18:28,    66, 41.20, 41.00,  0.20
         0,     0, 3,14:18:18,14:18:36,    18, 25.30, 25.10,  0.20
  12200083,     0, 9,14:17:26,14:18:47,    81, 41.00, 33.70,  7.30
         0,     0, 9,14:18:56,14:19:05,     9, 33.70, 41.10, -7.40
  13008768,     0, 6,14:18:27,14:19:40,    73, 41.40, 41.30,  0.10
  12706634,     0, 8,14:18:50,14:20:40,   110, 41.10, 34.40,  6.70
         0,     0, 8,14:20:47,14:20:54,     7, 34.40, 41.10, -6.70
  13008737,     0, 8,14:21:11,14:21:14,     3, 41.10, 41.10,  0.00
  12706624,  7033, 6,14:20:06,14:21:18,    72, 41.30, 40.80,  0.50
  13008737,     0, 8,14:21:32,14:22:31,    59, 41.00, 40.90,  0.10
  13008737,     0, 8,14:25:52,14:25:55,     3, 22.10, 22.10,  0.00
         0,     0, 8,14:26:02,14:26:22,    20, 22.10, 41.00,-18.90
  12706700,  7109, 5,14:27:34,14:27:43,     9, 40.90, 40.90,  0.00
  12706639,  7048, 2,14:24:52,14:29:20,   268, 44.00, 21.50, 22.50
  13008802,     0, 9,14:29:30,14:29:37,     7, 41.10, 41.10,  0.00
         0,     0, 2,14:29:27,14:29:48,    21, 21.50, 44.00,-22.50
  21268825,  6087, 3,14:27:02,14:30:51,   229, 47.00, 31.90, 15.10
         0,     0, 3,14:30:59,14:31:11,    12, 31.90, 32.10, -0.20
  13008802,     0, 9,14:31:20,14:31:22,     2, 29.00, 29.00,  0.00
         0,     0, 9,14:31:30,14:31:46,    16, 29.00, 41.10,-12.10
  13323435,     0, 9,14:32:16,14:32:18,     2, 41.10, 41.10,  0.00
  13323435,     0, 9,14:32:30,14:35:25,   175, 41.10, 33.00,  8.10
         0,     0, 9,14:35:34,14:35:44,    10, 33.00, 41.10, -8.10
  13008835,     0, 6,14:35:00,14:36:13,    73, 40.30, 38.70,  1.60
         0,     0, 6,14:36:20,14:36:23,     3, 38.70, 41.50, -2.80
  13323416,     0,10,14:33:59,14:36:27,   148, 40.50, 33.60,  6.90
         0,     0,10,14:36:35,14:36:42,     7, 33.60, 41.10, -7.50
  11724159,     0, 6,14:36:59,14:38:00,    61, 33.20, 33.10,  0.10
         0,     0, 6,14:38:08,14:38:15,     7, 33.10, 33.20, -0.10
  11954042,     0, 7,14:09:19,14:41:23,  1924, 41.50, 24.30, 17.20
  12448451,  6064, 2,14:40:17,14:41:26,    69, 44.00, 43.90,  0.10
         0,     0, 7,14:41:31,14:41:42,    11, 24.30, 24.30,  0.00
  12706700,  7109, 5,14:44:44,14:45:21,    37, 40.90, 32.70,  8.20
         0,     0, 5,14:45:30,14:45:37,     7, 32.70, 40.90, -8.20
  12448451,  6064, 4,14:45:45,14:46:01,    16, 44.00, 43.80,  0.20
  12448451,  6064, 3,14:46:24,14:46:33,     9, 47.10, 46.60,  0.50
  13008768,     0, 6,14:38:27,14:47:17,   530, 41.40, 23.40, 18.00
         0,     0, 6,14:47:24,14:47:40,    16, 23.40, 40.70,-17.30
  13008789,     0, 7,14:41:54,14:48:17,   383, 41.50, 18.90, 22.60
         0,     0, 7,14:48:24,14:48:39,    15, 18.90, 41.40,-22.50
  12448451,  6064, 4,14:47:27,14:51:19,   232, 43.80, 20.90, 22.90
         0,     0, 4,14:51:28,14:51:50,    22, 20.90, 43.40,-22.50
  12706624,  7033, 6,14:47:59,14:51:49,   230, 40.70, 34.10,  6.60
         0,     0, 6,14:51:57,14:52:03,     6, 34.10, 34.20, -0.10
  12706609,  7018, 8,14:51:07,14:53:00,   113, 41.10, 32.40,  8.70
         0,     0, 8,14:53:09,14:53:18,     9, 32.40, 41.20, -8.80
  12200083,     0, 9,14:58:26,14:58:29,     3, 35.50, 35.60, -0.10
         0,     0, 9,14:58:37,14:58:44,     7, 35.60, 41.10, -5.50
  13008833,     0, 6,14:57:59,15:03:05,   306, 41.40, 31.40, 10.00
         0,     0, 6,15:03:13,15:03:22,     9, 31.40, 41.50,-10.10
  12448420,     0, 9,15:02:03,15:03:32,    89, 41.10, 38.60,  2.50
         0,     0, 9,15:03:41,15:03:43,     2, 38.60, 41.00, -2.40
  12448420,     0, 9,15:03:59,15:04:04,     5, 39.80, 39.80,  0.00
         0,     0, 9,15:04:12,15:04:13,     1, 39.80, 41.00, -1.20
  13008762,     0, 6,15:03:52,15:04:37,    45, 41.40, 40.10,  1.30
  12448420,     0, 9,15:04:42,15:05:41,    59, 41.00, 39.80,  1.20
         0,     0, 9,15:05:49,15:05:50,     1, 39.80, 41.00, -1.20
  13323425,     0, 9,15:06:58,15:07:00,     2, 40.10, 40.10,  0.00
  13008833,     0, 6,15:04:52,15:07:55,   183, 40.10, 38.90,  1.20
         0,     0, 6,15:08:03,15:08:05,     2, 38.90, 41.40, -2.50
  13323425,     0, 9,15:08:47,15:08:48,     1, 37.40, 37.40,  0.00
         0,     0, 9,15:08:56,15:09:00,     4, 37.40, 41.10, -3.70
  13008779,     0, 7,14:48:51,15:17:53,  1742, 40.10, 40.00,  0.10
         0,     0, 7,15:18:01,15:18:01,     0, 40.00, 40.70, -0.70
  13008762,     0, 6,15:16:38,15:19:33,   175, 41.40, 31.90,  9.50
         0,     0, 6,15:19:41,15:19:49,     8, 31.90, 32.00, -0.10
  13008820,     0, 8,15:18:02,15:20:44,   162, 41.20, 39.40,  1.80
         0,     0, 8,15:20:52,15:20:53,     1, 39.40, 40.80, -1.40
  13008820,     0, 8,15:23:41,15:23:47,     6, 39.00, 38.90,  0.10
         0,     0, 8,15:23:55,15:23:57,     2, 38.90, 41.20, -2.30
  12448437,  6050, 7,15:18:11,15:24:57,   406, 40.70, 33.20,  7.50
         0,     0, 7,15:25:05,15:25:10,     5, 33.20, 41.40, -8.20
  12706634,     0, 8,15:25:32,15:25:33,     1, 39.60, 39.70, -0.10
         0,     0, 8,15:25:42,15:25:42,     0, 39.70, 38.90,  0.80
  12706634,     0, 8,15:25:52,15:25:52,     0, 38.00, 38.10, -0.10
         0,     0, 8,15:26:01,15:26:03,     2, 38.10, 41.10, -3.00
  12199977,     0, 8,15:26:16,15:27:41,    85, 41.00, 26.30, 14.70
         0,     0, 8,15:27:50,15:28:06,    16, 26.30, 26.40, -0.10
  12706634,     0, 7,15:26:10,15:34:12,   482, 41.50, 28.30, 13.20
         0,     0, 7,15:34:20,15:34:28,     8, 28.30, 41.10,-12.80
  12199969,     0, 9,15:34:48,15:36:19,    91, 41.10, 31.10, 10.00
         0,     0, 9,15:36:27,15:36:40,    13, 31.10, 41.10,-10.00
  21268104,  6067, 1,15:36:10,15:37:29,    79, 41.20, 32.30,  8.90
         0,     0, 1,15:37:37,15:37:45,     8, 32.30, 41.30, -9.00
  21306958,  5124, 8,15:40:09,15:41:44,    95, 41.20, 40.60,  0.60
  13008820,     0, 7,15:36:31,15:41:48,   317, 34.70, 34.20,  0.50
         0,     0, 7,15:41:56,15:42:00,     4, 34.20, 41.60, -7.40
  12200046,  5100, 2,15:43:22,15:44:05,    43, 43.90, 35.00,  8.90
         0,     0, 2,15:44:13,15:44:20,     7, 35.00, 44.00, -9.00
  12706609,  7018, 8,15:49:43,15:50:22,    39, 40.60, 39.30,  1.30
         0,     0, 8,15:50:30,15:50:31,     1, 39.30, 41.00, -1.70
  12706609,  7018, 8,15:50:50,15:51:27,    37, 39.10, 36.90,  2.20
         0,     0, 8,15:51:35,15:51:39,     4, 36.90, 41.00, -4.10
  21292347,  5120, 5,15:50:52,15:52:07,    75, 40.90, 34.20,  6.70
         0,     0, 5,15:52:15,15:52:21,     6, 34.20, 40.80, -6.60
  12706707,  7116, 1,15:51:33,15:52:36,    63, 41.40, 31.20, 10.20
         0,     0, 1,15:52:44,15:52:53,     9, 31.20, 41.30,-10.10
  13008797,     0, 6,15:29:05,15:55:23,  1578, 41.40, 41.10,  0.30
  12448416,  6029, 2,15:53:32,15:55:23,   111, 43.90, 35.90,  8.00
         0,     0, 2,15:55:32,15:55:38,     6, 35.90, 44.00, -8.10
  11953978,  4008, 2,15:55:48,15:57:09,    81, 44.00, 40.20,  3.80
         0,     0, 2,15:57:17,15:57:19,     2, 40.20, 43.90, -3.70
  12706738,  7147, 1,15:57:33,16:00:00,   147, 41.30, 24.00, 17.30
  12706651,  7060, 2,15:58:20,16:00:03,   103, 44.00, 34.10,  9.90
         0,     0, 2,16:00:11,16:00:20,     9, 34.10, 43.90, -9.80
         0,     0, 1,16:00:09,16:00:25,    16, 24.00, 41.20,-17.20
  12706726,  7135, 5,15:59:42,16:01:43,   121, 40.80, 24.30, 16.50
         0,     0, 5,16:01:52,16:02:07,    15, 24.30, 40.80,-16.50
  12706727,  7136, 2,16:02:42,16:03:40,    58, 44.00, 34.30,  9.70
  12706616,  7025, 4,16:02:14,16:03:46,    92, 44.40, 26.40, 18.00
         0,     0, 2,16:03:47,16:03:55,     8, 34.30, 43.90, -9.60
         0,     0, 4,16:03:54,16:04:10,    16, 26.40, 26.50, -0.10
  12706727,  7136, 2,16:04:05,16:04:14,     9, 43.90, 43.90,  0.00
  12706727,  7136, 1,16:04:22,16:04:43,    21, 41.30, 35.80,  5.50
         0,     0, 1,16:04:51,16:04:55,     4, 35.80, 41.30, -5.50
  12706622,     0, 6,15:58:10,16:05:26,   436, 32.00, 32.10, -0.10
  12199981,  5035, 2,16:04:42,16:05:35,    53, 43.90, 31.80, 12.10
         0,     0, 6,16:05:34,16:05:42,     8, 32.10, 32.20, -0.10
  12706655,  7064, 1,16:05:05,16:05:42,    37, 41.30, 29.70, 11.60
         0,     0, 2,16:05:42,16:05:53,    11, 31.80, 44.00,-12.20
         0,     0, 1,16:05:50,16:06:00,    10, 29.70, 41.20,-11.50
  13323434,     0, 9,16:07:08,16:07:18,    10, 41.10, 41.00,  0.10
  13323434,     0, 9,16:07:37,16:07:57,    20, 41.00, 40.90,  0.10
  13323434,     0, 9,16:08:11,16:08:31,    20, 40.90, 40.40,  0.50
  21306958,  5124, 7,15:42:14,16:08:51,  1597, 41.20, 35.10,  6.10
         0,     0, 7,16:08:58,16:09:02,     4, 35.10, 41.50, -6.40
  13008837,     0, 8,16:09:04,16:09:05,     1, 41.10, 41.10,  0.00
  13323434,     0, 9,16:08:49,16:09:06,    17, 39.90, 39.30,  0.60
         0,     0, 9,16:09:14,16:09:16,     2, 39.30, 40.80, -1.50
  11954050,  4080, 2,16:08:29,16:10:27,   118, 44.00, 25.60, 18.40
  13323434,     0, 9,16:09:33,16:10:32,    59, 40.10, 35.50,  4.60
         0,     0, 9,16:10:41,16:10:48,     7, 35.50, 41.10, -5.60
         0,     0, 2,16:10:35,16:10:52,    17, 25.60, 44.00,-18.40
  12448448,  6061, 1,16:07:34,16:12:33,   299, 41.20, 15.50, 25.70
  13008837,     0, 8,16:10:55,16:12:59,   124, 41.00, 26.90, 14.10
         0,     0, 1,16:12:42,16:13:07,    25, 15.50, 41.30,-25.80
         0,     0, 8,16:13:07,16:13:22,    15, 26.90, 41.20,-14.30
  21292347,  5120, 4,16:12:21,16:13:22,    61, 44.00, 37.90,  6.10
  12448409,  6022, 2,16:12:51,16:13:25,    34, 44.00, 44.00,  0.00
  12706655,  7064, 3,16:13:16,16:13:27,    11, 47.10, 46.70,  0.40
         0,     0, 4,16:13:30,16:13:35,     5, 37.90, 43.40, -5.50
  11724109,  6068, 2,16:13:36,16:13:57,    21, 44.00, 43.90,  0.10
  13008735,  7156, 5,16:13:31,16:14:57,    86, 40.80, 29.60, 11.20
  12448428,  6041, 3,16:14:18,16:15:10,    52, 46.70, 32.20, 14.50
         0,     0, 5,16:15:05,16:15:15,    10, 29.60, 29.60,  0.00
         0,     0, 3,16:15:18,16:15:30,    12, 32.20, 32.20,  0.00
  11724178,     0,10,16:15:35,16:15:42,     7, 31.70, 31.70,  0.00
         0,     0,10,16:15:49,16:15:59,    10, 31.70, 41.10, -9.40
  12448409,  6022, 1,16:13:29,16:15:57,   148, 41.30, 21.00, 20.30
  11724109,  6068, 2,16:14:08,16:16:12,   124, 43.90, 36.40,  7.50
         0,     0, 1,16:16:05,16:16:24,    19, 21.00, 41.20,-20.20
         0,     0, 2,16:16:20,16:16:26,     6, 36.40, 44.10, -7.70
  12448471,  6084, 4,16:15:34,16:16:29,    55, 43.70, 32.90, 10.80
  11724178,     0,10,16:16:38,16:16:40,     2, 40.90, 41.00, -0.10
         0,     0, 4,16:16:37,16:16:48,    11, 32.90, 42.90,-10.00
  11724178,     0, 9,16:17:09,16:17:11,     2, 41.00, 41.00,  0.00
  11724178,     0, 9,16:17:32,16:18:07,    35, 41.00, 40.90,  0.10
  13008800,     0, 8,16:16:48,16:18:10,    82, 41.10, 30.50, 10.60
         0,     0, 8,16:18:17,16:18:30,    13, 30.50, 40.90,-10.40
  12448479,  6092, 2,16:16:36,16:18:36,   120, 44.10, 28.80, 15.30
  11724178,     0, 9,16:18:21,16:18:50,    29, 40.80, 40.70,  0.10
  11953978,  4008, 1,16:18:05,16:18:49,    44, 41.20, 33.20,  8.00
         0,     0, 2,16:18:44,16:19:00,    16, 28.80, 43.80,-15.00
         0,     0, 1,16:18:58,16:19:06,     8, 33.20, 41.20, -8.00
  11724178,     0, 9,16:19:10,16:19:47,    37, 40.70, 40.60,  0.10
  11724178,     0, 9,16:20:36,16:21:08,    32, 40.30, 40.20,  0.10
  11724178,     0, 9,16:21:32,16:21:33,     1, 39.90, 39.40,  0.50
         0,     0, 9,16:21:42,16:21:44,     2, 39.40, 41.10, -1.70
  12706707,  7116, 2,16:21:49,16:22:00,    11, 43.80, 42.50,  1.30
  11724178,     0, 9,16:23:11,16:23:27,    16, 37.40, 37.20,  0.20
         0,     0, 9,16:23:35,16:23:39,     4, 37.20, 41.10, -3.90
  12200007,  5061, 2,16:22:58,16:24:03,    65, 42.50, 34.80,  7.70
  12200048,     0, 8,16:20:35,16:24:03,   208, 40.80, 24.60, 16.20
  12706637,  7046, 4,16:24:10,16:24:15,     5, 43.60, 43.70, -0.10
         0,     0, 2,16:24:11,16:24:19,     8, 34.80, 43.90, -9.10
         0,     0, 8,16:24:12,16:24:29,    17, 24.60, 41.10,-16.50
  12706637,  7046, 3,16:24:28,16:24:52,    24, 46.60, 47.40, -0.80
  11724239,  3139, 1,16:22:27,16:25:30,   183, 41.20, 32.30,  8.90
         0,     0, 1,16:25:37,16:25:45,     8, 32.30, 41.30, -9.00
  13008792,     0, 8,16:25:35,16:25:51,    16, 41.10, 41.10,  0.00
  12448473,  6086, 2,16:24:39,16:26:02,    83, 43.90, 28.40, 15.50
  13008837,     0, 7,16:09:21,16:26:12,  1011, 41.50, 41.40,  0.10
         0,     0, 2,16:26:10,16:26:25,    15, 28.40, 43.90,-15.50
  21306958,  5124, 8,16:26:24,16:26:29,     5, 41.10, 41.00,  0.10
  13008792,     0, 7,16:26:28,16:26:43,    15, 41.30, 41.30,  0.00
  12706618,     0,10,16:25:00,16:26:52,   112, 40.90, 29.40, 11.50
         0,     0,10,16:26:59,16:27:11,    12, 29.40, 41.20,-11.80
  12706651,  7060, 1,16:28:17,16:29:25,    68, 41.30, 37.80,  3.50
         0,     0, 1,16:29:33,16:29:35,     2, 37.80, 41.30, -3.50
  12200085,     0, 9,16:28:31,16:29:44,    73, 39.70, 33.20,  6.50
  13008792,     0, 8,16:27:06,16:29:46,   160, 41.00, 40.50,  0.50
         0,     0, 9,16:29:52,16:30:02,    10, 33.20, 41.00, -7.80
  12199988,  5042, 2,16:29:33,16:30:59,    86, 44.00, 40.60,  3.40
         0,     0, 2,16:31:08,16:31:10,     2, 40.60, 44.00, -3.40
  12448483,  6096, 4,16:28:59,16:31:13,   134, 43.60, 22.70, 20.90
         0,     0, 4,16:31:21,16:31:42,    21, 22.70, 43.40,-20.70
  13008792,     0, 8,16:30:42,16:31:40,    58, 39.00, 29.80,  9.20
         0,     0, 8,16:31:49,16:32:01,    12, 29.80, 41.00,-11.20
  12706651,  7060, 2,16:32:10,16:32:54,    44, 44.00, 41.40,  2.60
         0,     0, 2,16:33:02,16:33:03,     1, 41.40, 44.00, -2.60
  12706701,  7110, 5,16:28:19,16:33:03,   284, 40.80, 24.10, 16.70
  21306958,  5124, 8,16:33:10,16:33:14,     4, 41.10, 41.10,  0.00
         0,     0, 5,16:33:11,16:33:27,    16, 24.10, 40.90,-16.80
  11499161,  2051, 1,16:33:43,16:34:08,    25, 41.30, 41.00,  0.30
  11954014,  4044, 4,16:33:49,16:34:29,    40, 43.70, 29.80, 13.90
         0,     0, 4,16:34:37,16:34:50,    13, 29.80, 43.40,-13.60
  12706636,  7045, 5,16:35:15,16:35:29,    14, 40.80, 40.80,  0.00
  11499161,  2051, 2,16:34:52,16:35:50,    58, 43.90, 37.30,  6.60
         0,     0, 2,16:35:57,16:36:02,     5, 37.30, 43.90, -6.60
  13008756,  7115, 3,16:34:50,16:36:17,    87, 46.30, 25.40, 20.90
         0,     0, 3,16:36:25,16:36:43,    18, 25.40, 25.40,  0.00
  12706637,  7046, 3,16:36:58,16:37:02,     4, 46.70, 47.40, -0.70
  11499161,  2051, 2,16:37:16,16:37:38,    22, 43.90, 42.60,  1.30
  12706637,  7046, 5,16:38:18,16:38:24,     6, 40.80, 40.80,  0.00
  12706637,  7046, 3,16:40:52,16:41:56,    64, 47.40, 46.30,  1.10
  12448477,  6090, 2,16:40:37,16:41:58,    81, 42.60, 36.70,  5.90
         0,     0, 2,16:42:05,16:42:12,     7, 36.70, 43.80, -7.10
  12448477,  6090, 2,16:42:29,16:42:47,    18, 43.80, 40.80,  3.00
         0,     0, 2,16:42:55,16:42:57,     2, 40.80, 43.70, -2.90
  12706636,  7045, 5,16:40:53,16:42:58,   125, 40.90, 26.10, 14.80
  13323416,     0,10,16:42:25,16:42:59,    34, 40.90, 40.60,  0.30
  12706738,  7147, 2,16:43:08,16:43:10,     2, 43.60, 43.70, -0.10
         0,     0, 5,16:43:07,16:43:26,    19, 26.10, 40.50,-14.40
  12706637,  7046, 4,16:42:07,16:44:11,   124, 43.50, 23.50, 20.00
  13323416,     0,10,16:43:13,16:44:11,    58, 40.60, 40.20,  0.40
         0,     0, 4,16:44:18,16:44:42,    24, 23.50, 43.00,-19.50
  13008786,     0, 8,16:44:24,16:44:49,    25, 41.10, 40.00,  1.10
  13008786,     0, 8,16:45:36,16:45:39,     3, 36.60, 36.60,  0.00
  12706650,  7059, 5,16:43:40,16:45:44,   124, 40.50, 30.80,  9.70
         0,     0, 8,16:45:46,16:45:51,     5, 36.60, 40.80, -4.20
         0,     0, 5,16:45:51,16:46:02,    11, 30.80, 40.60, -9.80
  12706738,  7147, 1,16:43:25,16:46:23,   178, 41.00, 32.60,  8.40
         0,     0, 1,16:46:32,16:46:41,     9, 32.60, 41.10, -8.50
  11954075,  4105, 2,16:47:18,16:48:29,    71, 43.70, 28.30, 15.40
         0,     0, 2,16:48:37,16:48:55,    18, 28.30, 43.80,-15.50
  21268825,  6087, 4,16:49:10,16:50:33,    83, 43.30, 31.60, 11.70
         0,     0, 4,16:50:41,16:50:52,    11, 31.60, 43.40,-11.80
  13008732,  7153, 5,16:54:50,16:54:54,     4, 40.60, 40.60,  0.00
  12706710,  7119, 4,16:55:01,16:55:42,    41, 43.80, 35.50,  8.30
         0,     0, 4,16:55:50,16:55:58,     8, 35.50, 43.30, -7.80
  12200046,  5100, 3,16:56:04,16:56:56,    52, 46.10, 34.60, 11.50
         0,     0, 3,16:57:03,16:57:13,    10, 34.60, 46.50,-11.90
  12706710,  7119, 4,16:57:53,16:58:49,    56, 43.50, 34.00,  9.50
  12200007,  5061, 2,16:57:50,16:58:51,    61, 43.80, 35.50,  8.30
         0,     0, 4,16:58:57,16:59:06,     9, 34.00, 43.20, -9.20
         0,     0, 2,16:59:00,16:59:08,     8, 35.50, 43.90, -8.40
  13008768,     0, 6,16:27:39,17:00:19,  1960, 41.40, 41.20,  0.20
  21306958,  5124, 7,16:31:55,17:01:09,  1754, 41.30, 28.00, 13.30
         0,     0, 7,17:01:17,17:01:26,     9, 28.00, 41.60,-13.60
  12448471,  6084, 4,17:01:07,17:01:32,    25, 43.60, 44.20, -0.60
  12706700,  7109, 3,17:01:31,17:01:34,     3, 47.00, 47.20, -0.20
  13008815,     0, 7,17:01:36,17:01:51,    15, 41.10, 40.50,  0.60
  12448451,  6064, 2,17:00:49,17:01:53,    64, 43.90, 43.70,  0.20
  13008779,     0, 8,17:01:37,17:02:37,    60, 39.60, 39.70, -0.10
  12706700,  7109, 3,17:01:46,17:02:37,    51, 47.30, 31.70, 15.60
         0,     0, 8,17:02:44,17:02:45,     1, 39.70, 40.80, -1.10
  13008833,     0, 6,17:00:33,17:02:50,   137, 41.20, 26.10, 15.10
         0,     0, 3,17:02:44,17:02:57,    13, 31.70, 46.20,-14.50
         0,     0, 6,17:02:58,17:03:13,    15, 26.10, 26.20, -0.10
  11954014,  4044, 2,17:02:06,17:03:27,    81, 43.70, 37.60,  6.10
         0,     0, 2,17:03:36,17:03:41,     5, 37.60, 44.00, -6.40
  12448451,  6064, 1,17:01:56,17:04:15,   139, 41.10, 22.30, 18.80
  12706659,  7068, 2,17:03:53,17:04:24,    31, 44.00, 43.90,  0.10
  13008779,     0, 8,17:02:58,17:04:26,    88, 40.80, 40.70,  0.10
         0,     0, 1,17:04:23,17:04:41,    18, 22.30, 41.30,-19.00
  13008779,     0, 8,17:04:50,17:05:57,    67, 40.70, 40.80, -0.10
  12706705,  7114, 1,17:04:51,17:06:09,    78, 41.30, 36.00,  5.30
         0,     0, 1,17:06:17,17:06:21,     4, 36.00, 41.20, -5.20
  12706659,  7068, 2,17:04:53,17:06:36,   103, 43.90, 36.00,  7.90
         0,     0, 2,17:06:45,17:06:52,     7, 36.00, 43.90, -7.90
  12448415,     0, 7,17:02:01,17:06:50,   289, 40.50, 23.80, 16.70
         0,     0, 7,17:06:58,17:07:10,    12, 23.80, 41.40,-17.60
  13008835,     0, 6,17:06:04,17:07:23,    79, 40.00, 37.10,  2.90
         0,     0, 6,17:07:30,17:07:33,     3, 37.10, 41.50, -4.40
  13008779,     0, 8,17:06:28,17:07:45,    77, 40.80, 40.70,  0.10
  12448473,  6086, 5,17:06:50,17:07:52,    62, 40.60, 31.70,  8.90
  12706705,  7114, 1,17:06:55,17:07:56,    61, 41.20, 29.00, 12.20
         0,     0, 5,17:08:00,17:08:09,     9, 31.70, 40.80, -9.10
         0,     0, 1,17:08:05,17:08:17,    12, 29.00, 41.30,-12.30
  12199988,  5042, 2,17:07:03,17:08:33,    90, 43.90, 32.30, 11.60
         0,     0, 2,17:08:40,17:08:51,    11, 32.30, 44.00,-11.70
  12706655,  7064, 1,17:08:27,17:09:37,    70, 41.30, 25.70, 15.60
         0,     0, 1,17:09:45,17:10:00,    15, 25.70, 41.20,-15.50
  13008779,     0, 8,17:08:07,17:10:18,   131, 40.80, 40.90, -0.10
  12706624,  7033, 6,17:07:44,17:14:00,   376, 41.40, 36.10,  5.30
         0,     0, 6,17:14:08,17:14:12,     4, 36.10, 41.40, -5.30
  12448471,  6084, 3,17:16:42,17:17:49,    67, 46.70, 38.20,  8.50
         0,     0, 3,17:17:59,17:18:06,     7, 38.20, 38.50, -0.30
  13008815,     0, 7,17:08:17,17:18:24,   607, 31.50, 27.80,  3.70
         0,     0, 7,17:18:31,17:18:39,     8, 27.80, 41.50,-13.70
  13008756,  7115, 1,17:18:57,17:20:23,    86, 41.20, 24.80, 16.40
         0,     0, 1,17:20:31,17:20:46,    15, 24.80, 41.30,-16.50
  12448442,  6055, 6,17:14:27,17:20:59,   392, 39.40, 37.10,  2.30
         0,     0, 6,17:21:06,17:21:09,     3, 37.10, 41.50, -4.40
  12448479,  6092, 2,17:21:11,17:22:04,    53, 44.00, 41.50,  2.50
         0,     0, 2,17:22:12,17:22:13,     1, 41.50, 43.90, -2.40
  12448479,  6092, 1,17:22:23,17:23:19,    56, 41.30, 30.10, 11.20
         0,     0, 1,17:23:27,17:23:37,    10, 30.10, 41.30,-11.20
  12706651,  7060, 2,17:22:34,17:24:23,   109, 43.90, 35.70,  8.20
         0,     0, 2,17:24:31,17:24:38,     7, 35.70, 44.00, -8.30
  12448449,  6062, 1,17:24:32,17:25:39,    67, 41.30, 36.60,  4.70
         0,     0, 1,17:25:46,17:25:50,     4, 36.60, 41.20, -4.60
  13008835,     0, 6,17:22:30,17:26:10,   220, 41.30, 40.60,  0.70
  12706615,     0, 9,17:23:49,17:26:24,   155, 41.00, 30.60, 10.40
         0,     0, 9,17:26:33,17:26:47,    14, 30.60, 41.10,-10.50
  11499202,     0, 6,17:26:24,17:26:52,    28, 39.70, 38.10,  1.60
         0,     0, 6,17:26:59,17:27:01,     2, 38.10, 41.40, -3.30
  13008737,     0, 7,17:19:33,17:27:48,   495, 41.50, 26.40, 15.10
         0,     0, 7,17:27:56,17:28:06,    10, 26.40, 41.50,-15.10
  13008762,     0, 6,17:28:30,17:30:58,   148, 41.40, 41.40,  0.00
  12706659,  7068, 2,17:32:13,17:34:35,   142, 44.00, 23.80, 20.20
         0,     0, 2,17:34:42,17:35:01,    19, 23.80, 44.10,-20.30
  11953978,  4008, 2,17:36:34,17:37:21,    47, 44.10, 40.70,  3.40
         0,     0, 2,17:37:30,17:37:32,     2, 40.70, 43.90, -3.20
  13008762,     0, 6,17:39:04,17:39:38,    34, 41.50, 40.00,  1.50
  12706639,  7048, 2,17:37:51,17:40:14,   143, 43.90, 28.00, 15.90
  12200042,  5096, 1,17:37:51,17:40:34,   163, 41.20, 14.70, 26.50
         0,     0, 2,17:40:22,17:40:37,    15, 28.00, 44.00,-16.00
         0,     0, 1,17:40:42,17:41:07,    25, 14.70, 41.30,-26.60
  13008768,     0, 6,17:39:48,17:41:06,    78, 40.00, 39.90,  0.10
         0,     0, 6,17:41:13,17:41:13,     0, 39.90, 39.30,  0.60
  12200048,     0, 8,17:38:50,17:41:11,   141, 40.70, 33.90,  6.80
         0,     0, 8,17:41:20,17:41:27,     7, 33.90, 41.10, -7.20
  12706705,  7114, 2,17:43:55,17:44:00,     5, 44.00, 44.00,  0.00
  13008765,     0, 9,17:45:16,17:45:40,    24, 41.10, 39.60,  1.50
         0,     0, 9,17:45:49,17:45:50,     1, 39.60, 41.00, -1.40
  11499202,     0, 6,17:42:32,17:46:23,   231, 35.60, 16.20, 19.40
  13008800,     0, 8,17:45:54,17:46:46,    52, 41.20, 33.70,  7.50
         0,     0, 6,17:46:31,17:46:56,    25, 16.20, 41.40,-25.20
         0,     0, 8,17:46:54,17:47:02,     8, 33.70, 41.00, -7.30
  12706686,  7095, 2,17:49:56,17:52:54,   178, 44.00, 27.20, 16.80
         0,     0, 2,17:53:02,17:53:17,    15, 27.20, 44.00,-16.80
  12448449,  6062, 1,17:53:01,17:53:17,    16, 41.30, 40.60,  0.70
  13323416,     0,10,17:53:57,17:54:46,    49, 39.90, 39.40,  0.50
  13008732,  7153, 3,17:52:11,17:54:52,   161, 46.80, 26.30, 20.50
         0,     0,10,17:54:54,17:54:55,     1, 39.40, 41.10, -1.70
         0,     0, 3,17:55:00,17:55:17,    17, 26.30, 26.30,  0.00
  13323416,     0,10,17:55:30,17:56:15,    45, 41.00, 38.00,  3.00
         0,     0,10,17:56:24,17:56:27,     3, 38.00, 41.20, -3.20
  12448449,  6062, 2,17:55:35,17:56:37,    62, 44.10, 37.40,  6.70
         0,     0, 2,17:56:44,17:56:49,     5, 37.40, 44.00, -6.60
  13323416,     0,10,17:57:06,17:57:37,    31, 40.50, 37.20,  3.30
         0,     0,10,17:57:45,17:57:48,     3, 37.20, 41.20, -4.00
  13323416,     0,10,17:58:25,17:58:28,     3, 38.20, 38.30, -0.10
  12706601,     0, 9,17:57:07,17:58:30,    83, 41.00, 35.40,  5.60
         0,     0,10,17:58:36,17:58:38,     2, 38.30, 41.10, -2.80
         0,     0, 9,17:58:38,17:58:45,     7, 35.40, 41.10, -5.70
  13008765,     0, 9,18:04:05,18:04:10,     5, 41.10, 40.70,  0.40
  13008765,     0, 9,18:05:12,18:05:37,    25, 40.70, 40.10,  0.60
  12706705,  7114, 1,18:04:32,18:06:23,   111, 40.60, 29.60, 11.00
         0,     0, 1,18:06:30,18:06:40,    10, 29.60, 41.20,-11.60
  11724109,  6068, 1,18:07:13,18:07:36,    23, 41.20, 41.20,  0.00
  11724109,  6068, 1,18:07:47,18:08:29,    42, 41.20, 41.10,  0.10
  11724109,  6068, 1,18:08:40,18:09:30,    50, 41.10, 41.00,  0.10
  12706738,  7147, 2,18:09:43,18:11:13,    90, 43.90, 35.50,  8.40
         0,     0, 2,18:11:20,18:11:27,     7, 35.50, 44.10, -8.60
  11724109,  6068, 4,18:10:08,18:11:55,   107, 43.60, 33.00, 10.60
         0,     0, 4,18:12:04,18:12:14,    10, 33.00, 43.30,-10.30
  12448428,  6041, 3,18:14:48,18:16:32,   104, 47.00, 36.00, 11.00
         0,     0, 3,18:16:41,18:16:50,     9, 36.00, 35.70,  0.30
  12706701,  7110, 4,18:18:11,18:20:32,   141, 43.30, 35.00,  8.30
         0,     0, 4,18:20:40,18:20:48,     8, 35.00, 43.40, -8.40
  13008735,  7156, 4,18:21:24,18:24:28,   184, 43.30, 28.20, 15.10
         0,     0, 4,18:24:37,18:24:52,    15, 28.20, 43.40,-15.20
  21268104,  6067, 2,18:32:30,18:33:42,    72, 44.10, 43.00,  1.10
  11954050,  4080, 1,18:33:36,18:33:43,     7, 40.90, 40.80,  0.10
  21268104,  6067, 1,18:33:54,18:36:00,   126, 40.90, 22.30, 18.60
         0,     0, 1,18:36:07,18:36:25,    18, 22.30, 41.20,-18.90
  13008765,     0, 9,18:35:23,18:36:31,    68, 40.10, 36.20,  3.90
         0,     0, 9,18:36:39,18:36:45,     6, 36.20, 41.10, -4.90
  21306958,  5124, 7,18:07:02,18:37:30,  1828, 41.50, 41.30,  0.20
  12448477,  6090, 2,18:38:36,18:38:44,     8, 42.90, 42.90,  0.00
  12448521,     0, 8,18:37:58,18:38:46,    48, 39.50, 32.80,  6.70
         0,     0, 8,18:38:55,18:39:04,     9, 32.80, 41.10, -8.30
  12706624,  7033, 6,17:47:09,18:39:19,  3130, 41.40, 35.90,  5.50
         0,     0, 6,18:39:26,18:39:30,     4, 35.90, 41.10, -5.20
  11953978,  4008, 2,18:38:57,18:41:12,   135, 42.90, 29.60, 13.30
         0,     0, 2,18:41:19,18:41:32,    13, 29.60, 44.00,-14.40
  12448477,  6090, 1,18:38:51,18:42:58,   247, 41.20, 31.70,  9.50
         0,     0, 1,18:43:05,18:43:13,     8, 31.70, 41.20, -9.50
  12448477,  6090, 1,18:43:36,18:44:03,    27, 41.20, 36.50,  4.70
         0,     0, 1,18:44:12,18:44:16,     4, 36.50, 41.20, -4.70
  13008802,     0, 9,18:45:18,18:45:24,     6, 41.10, 41.10,  0.00
  13323435,     0,10,18:45:11,18:45:40,    29, 40.80, 40.70,  0.10
  13323358,     0, 8,18:45:16,18:46:19,    63, 41.20, 32.40,  8.80
         0,     0, 8,18:46:28,18:46:37,     9, 32.40, 41.10, -8.70
  13008802,     0, 9,18:46:06,18:46:33,    27, 41.10, 39.90,  1.20
         0,     0, 9,18:46:42,18:46:43,     1, 39.90, 40.90, -1.00
  13008802,     0, 9,18:47:03,18:47:50,    47, 41.00, 34.30,  6.70
         0,     0, 9,18:47:59,18:48:07,     8, 34.30, 41.10, -6.80
  13323435,     0,10,18:47:16,18:48:23,    67, 40.50, 36.50,  4.00
         0,     0,10,18:48:32,18:48:36,     4, 36.50, 41.20, -4.70
  12706707,  7116, 2,18:48:47,18:50:28,   101, 44.00, 32.80, 11.20
         0,     0, 2,18:50:36,18:50:46,    10, 32.80, 44.00,-11.20
  12448415,     0, 8,18:48:49,18:50:51,   122, 41.20, 30.40, 10.80
         0,     0, 8,18:51:00,18:51:11,    11, 30.40, 41.20,-10.80
  13008779,     0, 7,18:38:32,18:51:47,   795, 31.70, 27.60,  4.10
         0,     0, 7,18:51:54,18:52:02,     8, 27.60, 27.70, -0.10
  12706686,  7095, 3,18:50:10,18:52:11,   121, 46.60, 39.40,  7.20
         0,     0, 3,18:52:19,18:52:25,     6, 39.40, 39.60, -0.20
  13008815,     0, 7,18:52:17,18:52:50,    33, 40.60, 38.30,  2.30
         0,     0, 7,18:52:58,18:52:59,     1, 38.30, 41.50, -3.20
  13008835,     0, 6,18:41:20,18:54:19,   779, 39.30, 30.00,  9.30
         0,     0, 6,18:54:28,18:54:38,    10, 30.00, 41.50,-11.50
  13008815,     0, 8,18:53:38,18:55:00,    82, 36.20, 31.30,  4.90
         0,     0, 8,18:55:08,18:55:18,    10, 31.30, 41.10, -9.80
  12706726,  7135, 5,18:54:48,18:55:50,    62, 40.80, 31.40,  9.40
         0,     0, 5,18:55:59,18:56:08,     9, 31.40, 40.90, -9.50
  12706616,  7025, 1,18:57:22,18:57:31,     9, 41.20, 41.20,  0.00
  11954042,     0, 7,18:53:19,18:58:24,   305, 41.50, 28.00, 13.50
  11724109,  6068, 3,18:57:49,18:58:31,    42, 47.10, 46.90,  0.20
         0,     0, 7,18:58:32,18:58:40,     8, 28.00, 28.20, -0.20
  11724109,  6068, 3,18:58:53,18:59:47,    54, 46.70, 46.60,  0.10
  21306958,  5124, 7,18:58:52,19:00:08,    76, 41.40, 41.20,  0.20
  12448420,     0, 9,18:58:59,19:00:51,   112, 41.10, 37.40,  3.70
         0,     0, 9,19:01:00,19:01:04,     4, 37.40, 41.00, -3.60
  11724109,  6068, 3,19:00:08,19:01:56,   108, 46.20, 38.80,  7.40
         0,     0, 3,19:02:04,19:02:10,     6, 38.80, 38.90, -0.10
  12706616,  7025, 1,19:00:50,19:02:13,    83, 41.20, 29.60, 11.60
         0,     0, 1,19:02:21,19:02:31,    10, 29.60, 41.30,-11.70
  12706601,     0, 9,19:07:18,19:08:40,    82, 41.00, 36.40,  4.60
         0,     0, 9,19:08:49,19:08:55,     6, 36.40, 41.10, -4.70
  12706700,  7109, 2,19:11:08,19:11:56,    48, 44.00, 30.60, 13.40
         0,     0, 2,19:12:04,19:12:16,    12, 30.60, 44.00,-13.40
  12448416,  6029, 2,19:14:02,19:14:29,    27, 44.10, 43.90,  0.20
  21292347,  5120, 2,19:14:39,19:15:03,    24, 43.90, 43.90,  0.00
  12448416,  6029, 1,19:14:33,19:16:22,   109, 41.30, 28.80, 12.50
  12706624,  7033, 6,18:54:48,19:16:32,  1304, 41.50, 34.40,  7.10
         0,     0, 1,19:16:30,19:16:41,    11, 28.80, 41.20,-12.40
         0,     0, 6,19:16:40,19:16:46,     6, 34.40, 34.30,  0.10
  21292347,  5120, 1,19:16:51,19:16:58,     7, 41.20, 41.20,  0.00
  12706727,  7136, 2,19:22:15,19:22:35,    20, 43.90, 43.90,  0.00
  13008815,     0, 8,19:21:30,19:22:40,    70, 41.00, 38.70,  2.30
         0,     0, 8,19:22:49,19:22:51,     2, 38.70, 41.20, -2.50
  12706727,  7136, 1,19:22:40,19:23:42,    62, 41.20, 37.10,  4.10
         0,     0, 1,19:23:49,19:23:52,     3, 37.10, 41.30, -4.20
  12706727,  7136, 1,19:24:15,19:24:45,    30, 41.30, 35.70,  5.60
         0,     0, 1,19:24:53,19:24:57,     4, 35.70, 41.30, -5.60
  13008742,  7163, 3,19:27:12,19:27:13,     1, 46.70, 46.70,  0.00
  12706636,  7045, 1,19:26:59,19:27:30,    31, 41.30, 40.30,  1.00
  12706636,  7045, 2,19:27:34,19:29:20,   106, 43.80, 30.50, 13.30
  13008742,  7163, 3,19:27:36,19:29:20,   104, 45.90, 30.90, 15.00
         0,     0, 2,19:29:29,19:29:41,    12, 30.50, 43.90,-13.40
         0,     0, 3,19:29:29,19:29:42,    13, 30.90, 31.10, -0.20
  21292347,  5120, 1,19:27:40,19:29:40,   120, 40.30, 29.90, 10.40
         0,     0, 1,19:29:49,19:29:59,    10, 29.90, 41.30,-11.40
  12199981,  5035, 4,19:29:50,19:31:30,   100, 43.90, 26.20, 17.70
         0,     0, 4,19:31:37,19:31:54,    17, 26.20, 43.40,-17.20
  13008786,     0, 8,19:30:52,19:32:24,    92, 41.20, 37.60,  3.60
         0,     0, 8,19:32:33,19:32:36,     3, 37.60, 41.10, -3.50
  13008833,     0, 6,19:16:57,19:33:39,  1002, 41.80, 16.20, 25.60
         0,     0, 6,19:33:47,19:34:11,    24, 16.20, 41.40,-25.20
  13323427,     0, 8,19:33:32,19:34:34,    62, 41.20, 41.00,  0.20
  11724239,  3139, 1,19:30:43,19:35:05,   262, 41.30, 32.40,  8.90
         0,     0, 1,19:35:13,19:35:21,     8, 32.40, 41.20, -8.80
  11724239,  3139, 1,19:35:32,19:36:49,    77, 41.20, 31.90,  9.30
         0,     0, 1,19:36:57,19:37:05,     8, 31.90, 41.20, -9.30
  12200085,     0,10,19:40:58,19:41:06,     8, 41.00, 39.30,  1.70
         0,     0,10,19:41:14,19:41:15,     1, 39.30, 41.20, -1.90
  13008786,     0, 7,19:00:49,19:43:52,  2583, 38.70, 23.60, 15.10
         0,     0, 7,19:44:00,19:44:11,    11, 23.60, 41.50,-17.90
  13323358,     0, 7,19:44:25,19:46:23,   118, 41.60, 41.50,  0.10
  12448409,  6022, 2,19:47:34,19:48:24,    50, 44.00, 43.80,  0.20
  12448409,  6022, 1,19:48:29,19:50:59,   150, 41.20, 24.70, 16.50
         0,     0, 1,19:51:08,19:51:23,    15, 24.70, 41.30,-16.60
  13008792,     0, 8,19:52:11,19:52:15,     4, 40.90, 40.90,  0.00
  13008789,     0, 7,19:46:40,19:52:56,   376, 41.40, 29.20, 12.20
         0,     0, 7,19:53:04,19:53:11,     7, 29.20, 29.50, -0.30
  13008836,     0, 8,19:54:05,19:54:06,     1, 40.80, 40.80,  0.00
  13008792,     0, 7,19:53:24,19:54:16,    52, 41.60, 41.40,  0.20
  13008836,     0, 8,19:54:32,19:55:28,    56, 40.70, 40.30,  0.40
  13008836,     0, 8,19:55:42,19:57:07,    85, 40.20, 24.40, 15.80
  12448416,  6029, 4,19:55:45,19:57:16,    91, 43.70, 36.60,  7.10
         0,     0, 4,19:57:23,19:57:29,     6, 36.60, 43.30, -6.70
         0,     0, 8,19:57:14,19:57:32,    18, 24.40, 41.10,-16.70
  12448483,  6096, 1,19:55:44,19:59:09,   205, 41.30, 17.30, 24.00
         0,     0, 1,19:59:17,19:59:39,    22, 17.30, 41.30,-24.00
  13008792,     0, 7,19:55:58,20:01:56,   358, 41.40, 41.10,  0.30
  13323427,     0, 8,20:02:24,20:02:27,     3, 41.10, 41.10,  0.00
  13323427,     0, 8,20:04:27,20:05:37,    70, 40.80, 39.90,  0.90
         0,     0, 8,20:05:45,20:05:45,     0, 39.90, 39.80,  0.10
  12706710,  7119, 4,20:04:12,20:06:15,   123, 43.30, 37.60,  5.70
         0,     0, 4,20:06:23,20:06:28,     5, 37.60, 37.50,  0.10
  13323427,     0, 8,20:07:37,20:08:57,    80, 35.80, 33.90,  1.90
         0,     0, 8,20:09:06,20:09:13,     7, 33.90, 41.10, -7.20
  12200083,     0, 9,20:14:16,20:14:17,     1, 37.90, 37.90,  0.00
         0,     0, 9,20:14:25,20:14:28,     3, 37.90, 41.00, -3.10
  12200083,     0, 9,20:15:10,20:15:12,     2, 39.30, 39.30,  0.00
         0,     0, 9,20:15:20,20:15:21,     1, 39.30, 41.10, -1.80
  12448449,  6062, 2,20:17:51,20:17:53,     2, 43.80, 43.80,  0.00
  21268825,  6087, 2,20:18:07,20:20:06,   119, 43.80, 33.20, 10.60
         0,     0, 2,20:20:14,20:20:23,     9, 33.20, 43.90,-10.70
  12199986,     0, 7,20:02:11,20:22:33,  1222, 39.60, 26.40, 13.20
         0,     0, 7,20:22:41,20:22:51,    10, 26.40, 40.90,-14.50
  12448449,  6062, 2,20:25:22,20:25:56,    34, 44.00, 42.00,  2.00
  12448448,  6061, 2,20:26:14,20:26:27,    13, 42.00, 41.70,  0.30
  12448449,  6062, 1,20:26:00,20:26:33,    33, 41.30, 36.70,  4.60
         0,     0, 2,20:26:35,20:26:36,     1, 41.70, 43.90, -2.20
         0,     0, 1,20:26:41,20:26:44,     3, 36.70, 41.30, -4.60
  12706637,  7046, 4,20:24:18,20:27:00,   162, 43.10, 29.50, 13.60
  12448448,  6061, 1,20:26:54,20:27:04,    10, 41.30, 41.30,  0.00
  13008800,     0, 7,20:23:09,20:27:16,   247, 39.40, 39.40,  0.00
         0,     0, 4,20:27:08,20:27:21,    13, 29.50, 43.40,-13.90
  21306958,  5124, 8,20:30:07,20:30:09,     2, 41.10, 41.10,  0.00
  13323434,     0, 9,20:31:37,20:31:38,     1, 41.00, 41.00,  0.00
  13323358,     0, 8,20:31:38,20:32:08,    30, 41.10, 41.10,  0.00
  12448448,  6061, 2,20:27:08,20:33:10,   362, 43.90, 25.80, 18.10
         0,     0, 2,20:33:18,20:33:35,    17, 25.80, 44.00,-18.20
  13008756,  7115, 2,20:34:08,20:34:55,    47, 44.00, 44.00,  0.00
  13008756,  7115, 1,20:35:00,20:36:36,    96, 41.30, 29.80, 11.50
  13323358,     0, 8,20:36:36,20:36:45,     9, 41.10, 41.10,  0.00
         0,     0, 1,20:36:45,20:36:55,    10, 29.80, 41.30,-11.50
  13008792,     0, 7,20:27:53,20:36:57,   544, 39.40, 34.50,  4.90
         0,     0, 7,20:37:04,20:37:08,     4, 34.50, 41.50, -7.00
  12706700,  7109, 2,20:36:49,20:37:34,    45, 44.00, 33.10, 10.90
         0,     0, 2,20:37:41,20:37:50,     9, 33.10, 44.00,-10.90
  13323434,     0, 9,20:41:33,20:42:13,    40, 41.00, 40.60,  0.40
  13323358,     0, 8,20:40:56,20:42:17,    81, 41.10, 33.70,  7.40
         0,     0, 8,20:42:25,20:42:32,     7, 33.70, 41.10, -7.40
  13323434,     0, 9,20:42:35,20:43:11,    36, 40.30, 39.40,  0.90
         0,     0, 9,20:43:18,20:43:20,     2, 39.40, 40.80, -1.40
  12200046,  5100, 2,20:42:41,20:43:55,    74, 44.00, 32.50, 11.50
         0,     0, 2,20:44:03,20:44:13,    10, 32.50, 44.00,-11.50
  13323434,     0, 9,20:43:53,20:44:55,    62, 38.80, 34.10,  4.70
         0,     0, 9,20:45:02,20:45:11,     9, 34.10, 41.10, -7.00
  21306958,  5124, 8,20:45:41,20:45:48,     7, 41.20, 41.10,  0.10
  12199981,  5035, 4,20:44:57,20:45:50,    53, 43.60, 32.10, 11.50
         0,     0, 4,20:45:57,20:46:08,    11, 32.10, 43.30,-11.20
  21306958,  5124, 8,20:46:04,20:46:22,    18, 41.20, 41.00,  0.20
  12448442,  6055, 6,19:52:46,20:48:30,  3344, 41.40, 28.50, 12.90
         0,     0, 6,20:48:38,20:48:50,    12, 28.50, 28.60, -0.10
  11954050,  4080, 2,20:51:32,20:53:53,   141, 44.00, 29.10, 14.90
         0,     0, 2,20:54:01,20:54:14,    13, 29.10, 43.80,-14.70
  13323416,     0, 9,20:53:03,20:54:42,    99, 41.10, 35.90,  5.20
  11954050,  4080, 2,20:54:24,20:54:45,    21, 43.90, 41.60,  2.30
         0,     0, 2,20:54:53,20:54:54,     1, 41.60, 43.70, -2.10
         0,     0, 9,20:54:49,20:54:55,     6, 35.90, 41.10, -5.20
  13008765,     0, 9,20:55:44,20:56:22,    38, 41.10, 39.40,  1.70
         0,     0, 9,20:56:30,20:56:31,     1, 39.40, 41.10, -1.70
  12706727,  7136, 2,20:55:09,20:57:05,   116, 43.80, 31.40, 12.40
         0,     0, 2,20:57:14,20:57:25,    11, 31.40, 44.00,-12.60
  12200007,  5061, 2,20:58:55,21:00:44,   109, 44.10, 26.90, 17.20
         0,     0, 2,21:00:52,21:01:08,    16, 26.90, 44.00,-17.10
  12200042,  5096, 1,21:00:01,21:02:25,   144, 41.20, 24.10, 17.10
         0,     0, 1,21:02:34,21:02:50,    16, 24.10, 41.30,-17.20
  12448479,  6092, 3,21:02:09,21:04:29,   140, 46.80, 31.80, 15.00
         0,     0, 3,21:04:37,21:04:49,    12, 31.80, 32.00, -0.20
  12448473,  6086, 1,21:03:40,21:04:49,    69, 41.30, 29.90, 11.40
         0,     0, 1,21:04:56,21:05:06,    10, 29.90, 41.30,-11.40
  13008735,  7156, 3,21:18:06,21:19:49,   103, 46.90, 37.60,  9.30
         0,     0, 3,21:19:57,21:20:04,     7, 37.60, 37.40,  0.20
  13008735,  7156, 4,21:20:44,21:21:33,    49, 43.90, 37.90,  6.00
         0,     0, 4,21:21:40,21:21:45,     5, 37.90, 43.30, -5.40
  12706669,  7078, 2,21:18:47,21:22:10,   203, 44.10, 27.50, 16.60
         0,     0, 2,21:22:18,21:22:33,    15, 27.50, 44.00,-16.50
  13323425,     0, 9,21:24:31,21:24:39,     8, 32.70, 32.70,  0.00
         0,     0, 9,21:24:47,21:24:58,    11, 32.70, 41.00, -8.30
  13323425,     0, 9,21:25:12,21:25:26,    14, 40.80, 40.60,  0.20
  13008762,     0, 6,20:49:01,21:26:52,  2271, 41.50, 41.60, -0.10
  12706738,  7147, 5,21:27:07,21:28:58,   111, 40.80, 25.80, 15.00
         0,     0, 5,21:29:06,21:29:20,    14, 25.80, 40.80,-15.00
  12448409,  6022, 3,21:30:40,21:33:40,   180, 47.00, 32.70, 14.30
         0,     0, 3,21:33:48,21:33:59,    11, 32.70, 32.60,  0.10
  12199969,     0, 9,21:31:57,21:34:20,   143, 40.60, 35.50,  5.10
         0,     0, 9,21:34:28,21:34:35,     7, 35.50, 41.00, -5.50
  12706636,  7045, 2,21:43:15,21:43:17,     2, 44.00, 44.10, -0.10
  12448428,  6041, 1,21:48:28,21:49:14,    46, 41.30, 29.20, 12.10
         0,     0, 1,21:49:22,21:49:33,    11, 29.20, 41.30,-12.10
  12448471,  6084, 1,21:49:55,21:51:27,    92, 41.30, 29.40, 11.90
         0,     0, 1,21:51:35,21:51:45,    10, 29.40, 41.30,-11.90
  21306958,  5124, 7,20:37:18,21:54:10,  4612, 41.40, 32.30,  9.10
         0,     0, 7,21:54:18,21:54:23,     5, 32.30, 32.50, -0.20
  11954075,  4105, 2,21:53:08,21:54:53,   105, 44.00, 23.30, 20.70
         0,     0, 2,21:55:02,21:55:21,    19, 23.30, 43.90,-20.60
  12200048,     0, 8,22:03:13,22:06:51,   218, 40.90, 27.60, 13.30
  12448449,  6062, 1,22:04:18,22:07:06,   168, 41.30, 22.50, 18.80
         0,     0, 8,22:06:59,22:07:13,    14, 27.60, 41.20,-13.60
         0,     0, 1,22:07:13,22:07:30,    17, 22.50, 41.30,-18.80
  13008735,  7156, 4,22:05:37,22:09:19,   222, 43.70, 35.50,  8.20
         0,     0, 4,22:09:28,22:09:35,     7, 35.50, 43.30, -7.80
  12448451,  6064, 2,22:10:25,22:11:36,    71, 44.00, 43.90,  0.10
  13008742,  7163, 1,22:12:03,22:12:42,    39, 41.30, 41.20,  0.10
  12200046,  5100, 4,22:11:59,22:12:54,    55, 43.30, 37.70,  5.60
         0,     0, 4,22:13:02,22:13:07,     5, 37.70, 43.50, -5.80
  12448451,  6064, 2,22:13:18,22:13:26,     8, 43.80, 43.70,  0.10
  12706669,  7078, 3,22:13:02,22:14:26,    84, 46.90, 40.90,  6.00
  12448451,  6064, 4,22:14:16,22:14:30,    14, 43.50, 43.50,  0.00
         0,     0, 3,22:14:34,22:14:38,     4, 40.90, 46.20, -5.30
  12706622,     0, 6,21:31:03,22:17:50,  2807, 41.50, 30.20, 11.30
         0,     0, 6,22:17:58,22:18:08,    10, 30.20, 41.60,-11.40
  12706669,  7078, 3,22:14:49,22:18:41,   232, 46.50, 41.80,  4.70
  11954075,  4105, 2,22:17:53,22:18:49,    56, 43.80, 34.30,  9.50
         0,     0, 3,22:18:50,22:18:53,     3, 41.80, 46.20, -4.40
         0,     0, 2,22:18:56,22:19:04,     8, 34.30, 43.90, -9.60
  12448451,  6064, 4,22:19:56,22:23:01,   185, 43.40, 37.10,  6.30
         0,     0, 4,22:23:10,22:23:16,     6, 37.10, 43.40, -6.30
  13008742,  7163, 5,22:24:47,22:25:19,    32, 40.80, 40.30,  0.50
  13008742,  7163, 5,22:27:32,22:29:10,    98, 40.30, 26.00, 14.30
         0,     0, 5,22:29:19,22:29:33,    14, 26.00, 40.90,-14.90
  12706650,  7059, 3,22:27:07,22:29:45,   158, 46.90, 28.10, 18.80
  12706651,  7060, 2,22:26:03,22:30:00,   237, 44.00, 34.90,  9.10
         0,     0, 3,22:29:54,22:30:10,    16, 28.10, 28.10,  0.00
  12706701,  7110, 1,22:25:28,22:30:11,   283, 41.20, 22.90, 18.30
         0,     0, 2,22:30:08,22:30:16,     8, 34.90, 43.90, -9.00
         0,     0, 1,22:30:19,22:30:36,    17, 22.90, 41.30,-18.40
  11954042,     0, 8,22:29:40,22:30:45,    65, 41.20, 40.80,  0.40
  12706701,  7110, 1,22:30:50,22:31:11,    21, 41.30, 39.30,  2.00
         0,     0, 1,22:31:19,22:31:20,     1, 39.30, 41.30, -2.00
  11954042,     0, 8,22:31:07,22:32:02,    55, 40.40, 38.80,  1.60
         0,     0, 8,22:32:10,22:32:12,     2, 38.80, 40.60, -1.80
  13008768,     0, 6,22:18:18,22:33:00,   882, 41.40, 24.40, 17.00
         0,     0, 6,22:33:08,22:33:25,    17, 24.40, 41.30,-16.90
  11954042,     0, 8,22:32:25,22:33:30,    65, 39.70, 34.70,  5.00
         0,     0, 8,22:33:38,22:33:44,     6, 34.70, 41.10, -6.40
  12199988,  5042, 2,22:32:44,22:35:28,   164, 44.00, 29.30, 14.70
         0,     0, 2,22:35:36,22:35:49,    13, 29.30, 43.90,-14.60
  12706639,  7048, 1,22:34:37,22:36:00,    83, 41.30, 39.80,  1.50
         0,     0, 1,22:36:08,22:36:08,     0, 39.80, 41.20, -1.40
  12706639,  7048, 1,22:36:18,22:38:04,   106, 41.20, 25.20, 16.00
         0,     0, 1,22:38:12,22:38:26,    14, 25.20, 41.20,-16.00
  11499161,  2051, 4,22:37:29,22:39:50,   141, 43.50, 30.50, 13.00
         0,     0, 4,22:39:58,22:40:10,    12, 30.50, 43.40,-12.90
  13323425,     0, 9,22:40:09,22:40:40,    31, 40.50, 40.10,  0.40
  13323425,     0, 9,22:41:11,22:41:31,    20, 39.70, 39.50,  0.20
         0,     0, 9,22:41:38,22:41:39,     1, 39.50, 41.10, -1.60
  13323425,     0, 9,22:41:50,22:42:23,    33, 41.00, 40.30,  0.70
  12706726,  7135, 5,22:44:25,22:46:55,   150, 40.90, 27.90, 13.00
         0,     0, 5,22:47:03,22:47:15,    12, 27.90, 40.80,-12.90
  13008762,     0, 6,22:34:11,22:54:08,  1197, 34.90, 34.90,  0.00
         0,     0, 6,22:54:16,22:54:21,     5, 34.90, 41.50, -6.60
  13008802,     0, 9,22:54:37,22:54:47,    10, 40.20, 40.10,  0.10
  13008732,  7153, 3,22:53:20,22:55:33,   133, 46.40, 26.80, 19.60
         0,     0, 3,22:55:42,22:55:59,    17, 26.80, 26.70,  0.10
  12706655,  7064, 4,22:55:09,23:04:43,   574, 43.60, 25.80, 17.80
         0,     0, 4,23:04:51,23:05:08,    17, 25.80, 43.40,-17.60
  11954042,     0, 7,22:19:18,23:05:25,  2767, 41.50, 34.70,  6.80
         0,     0, 7,23:05:33,23:05:37,     4, 34.70, 41.60, -6.90
  12706650,  7059, 4,23:14:05,23:15:49,   104, 43.70, 35.10,  8.60
         0,     0, 4,23:15:56,23:16:04,     8, 35.10, 43.50, -8.40
  12706624,  7033, 6,23:06:43,23:17:24,   641, 41.40, 33.50,  7.90
         0,     0, 6,23:17:32,23:17:39,     7, 33.50, 33.80, -0.30
  11499202,     0, 6,23:17:49,23:21:16,   207, 41.30, 35.30,  6.00
         0,     0, 6,23:21:24,23:21:29,     5, 35.30, 41.40, -6.10
  13323435,     0, 9,23:18:47,23:21:56,   189, 40.10, 35.00,  5.10
         0,     0, 9,23:22:03,23:22:11,     8, 35.00, 41.00, -6.00
  21268104,  6067, 5,23:22:31,23:25:30,   179, 40.80, 28.10, 12.70
         0,     0, 5,23:25:38,23:25:50,    12, 28.10, 40.80,-12.70
  12706636,  7045, 1,23:24:50,23:26:50,   120, 41.20, 29.90, 11.30
         0,     0, 1,23:26:58,23:27:08,    10, 29.90, 41.30,-11.40
  21306958,  5124, 8,23:32:59,23:33:31,    32, 41.10, 40.90,  0.20
  13008800,     0, 7,23:05:50,23:33:36,  1666, 40.50, 40.60, -0.10
  11953978,  4008, 3,23:32:29,23:34:14,   105, 47.60, 39.60,  8.00
         0,     0, 3,23:34:22,23:34:27,     5, 39.60, 39.90, -0.30
  12706707,  7116, 2,23:33:09,23:34:36,    87, 43.90, 32.80, 11.10
         0,     0, 2,23:34:44,23:34:54,    10, 32.80, 44.00,-11.20
  12706707,  7116, 2,23:35:04,23:35:39,    35, 44.00, 39.00,  5.00
         0,     0, 2,23:35:47,23:35:50,     3, 39.00, 43.90, -4.90
  12448477,  6090, 3,23:35:19,23:37:43,   144, 46.80, 38.70,  8.10
         0,     0, 3,23:37:52,23:37:58,     6, 38.70, 39.00, -0.30
  12448477,  6090, 4,23:38:24,23:38:57,    33, 43.50, 38.10,  5.40
         0,     0, 4,23:39:05,23:39:10,     5, 38.10, 43.40, -5.30
  11724109,  6068, 1,23:38:08,23:43:33,   325, 41.40, 28.20, 13.20
         0,     0, 1,23:43:40,23:43:52,    12, 28.20, 41.30,-13.10
  21306958,  5124, 7,23:33:49,23:44:42,   653, 40.50, 30.20, 10.30
         0,     0, 6,23:44:55,23:45:05,    10, 41.50, 41.50,  0.00
         0,     0, 5,23:44:55,23:45:05,    10, 40.70, 40.70,  0.00
         0,     0, 8,23:44:55,23:45:05,    10, 40.90, 40.90,  0.00
         0,     0, 9,23:44:55,23:45:05,    10, 41.00, 41.00,  0.00
         0,     0,10,23:44:55,23:45:05,    10, 40.30, 40.30,  0.00
         0,     0, 1,23:44:55,23:45:05,    10, 41.30, 41.30,  0.00
         0,     0, 2,23:44:55,23:45:05,    10, 43.90, 43.90,  0.00
         0,     0, 3,23:44:55,23:45:05,    10, 46.60, 46.60,  0.00
         0,     0, 4,23:44:55,23:45:05,    10, 43.40, 43.40,  0.00
         0,     0, 7,23:44:50,23:44:57,     7, 30.20, 41.50,-11.30
