         0,     0, 1, 0:03:26, 0:03:36,    10, 41.30, 41.30,  0.00
         0,     0, 2, 0:03:26, 0:03:36,    10, 43.90, 43.90,  0.00
         0,     0, 3, 0:03:26, 0:03:36,    10, 46.30, 46.30,  0.00
         0,     0, 4, 0:03:26, 0:03:36,    10, 43.60, 43.60,  0.00
         0,     0, 6, 0:03:26, 0:03:36,    10, 40.60, 40.60,  0.00
         0,     0, 5, 0:03:26, 0:03:36,    10, 40.80, 40.80,  0.00
         0,     0, 7, 0:03:26, 0:03:36,    10, 23.70, 23.70,  0.00
         0,     0, 8, 0:03:26, 0:03:36,    10, 30.90, 30.90,  0.00
         0,     0, 9, 0:03:26, 0:03:36,    10, 39.20, 39.20,  0.00
         0,     0,10, 0:03:26, 0:03:36,    10, 31.60, 31.60,  0.00
  12706637,  7046, 2, 0:03:37, 0:04:29,    52, 43.80, 43.40,  0.40
  12706637,  7046, 2, 0:04:38, 0:06:25,   107, 43.40, 27.70, 15.70
         0,     0, 2, 0:06:34, 0:06:49,    15, 27.70, 43.90,-16.20
  12706707,  7116, 2, 0:06:59, 0:07:52,    53, 44.00, 37.60,  6.40
  21306958,  5124, 8, 0:03:28, 0:08:00,   272, 30.90, 30.00,  0.90
         0,     0, 2, 0:08:01, 0:08:06,     5, 37.60, 43.90, -6.30
         0,     0, 8, 0:08:07, 0:08:18,    11, 30.00, 41.10,-11.10
  12200042,  5096, 5, 0:09:29, 0:12:31,   182, 40.80, 28.30, 12.50
         0,     0, 5, 0:12:39, 0:12:51,    12, 28.30, 40.80,-12.50
  21292480,  6005, 1, 0:10:24, 0:12:49,   145, 41.30, 22.40, 18.90
         0,     0, 1, 0:12:56, 0:13:14,    18, 22.40, 41.30,-18.90
  13008765,     0, 9, 0:15:08, 0:15:40,    32, 38.50, 36.70,  1.80
         0,     0, 9, 0:15:48, 0:15:53,     5, 36.70, 41.10, -4.40
  12448483,  6096, 5, 0:19:07, 0:22:14,   187, 40.80, 14.20, 26.60
  13008815,     0, 8, 0:20:08, 0:22:42,   154, 41.00, 34.40,  6.60
         0,     0, 5, 0:22:22, 0:22:48,    26, 14.20, 40.70,-26.50
         0,     0, 8, 0:22:50, 0:22:56,     6, 34.40, 41.20, -6.80
  13008815,     0, 8, 0:23:27, 0:23:56,    29, 41.20, 37.20,  4.00
         0,     0, 8, 0:24:05, 0:24:08,     3, 37.20, 41.10, -3.90
  13008765,     0, 9, 0:27:35, 0:27:40,     5, 40.90, 40.90,  0.00
  13323432,     0, 9, 0:35:47, 0:36:21,    34, 40.90, 40.40,  0.50
  12706659,  7068, 3, 0:37:45, 0:38:56,    71, 46.00, 43.90,  2.10
         0,     0, 3, 0:39:04, 0:39:05,     1, 43.90, 46.00, -2.10
  12706659,  7068, 2, 0:40:21, 0:40:38,    17, 43.90, 41.10,  2.80
         0,     0, 2, 0:40:45, 0:40:46,     1, 41.10, 43.90, -2.80
  12706659,  7068, 2, 0:41:10, 0:42:24,    74, 44.00, 33.10, 10.90
         0,     0, 2, 0:42:31, 0:42:41,    10, 33.10, 44.00,-10.90
  12706604,     0, 8, 0:44:30, 0:44:37,     7, 41.10, 41.10,  0.00
  13008765,     0, 9, 0:44:34, 0:45:22,    48, 40.40, 35.40,  5.00
         0,     0, 9, 0:45:30, 0:45:37,     7, 35.40, 41.10, -5.70
  12200005,  5059, 2, 0:58:05, 0:58:11,     6, 44.00, 44.00,  0.00
  13323358,     0, 7, 0:36:13, 1:00:16,  1443, 23.70, 18.50,  5.20
         0,     0, 7, 1:00:24, 1:00:38,    14, 18.50, 41.40,-22.90
  11954075,  4105, 2, 0:59:56, 1:01:08,    72, 44.00, 41.50,  2.50
         0,     0, 2, 1:01:16, 1:01:17,     1, 41.50, 43.80, -2.30
  12448479,  6092, 3, 1:01:34, 1:01:56,    22, 45.30, 46.00, -0.70
  12448479,  6092, 4, 1:02:33, 1:02:51,    18, 43.80, 43.70,  0.10
  12706601,     0, 9, 1:02:26, 1:04:00,    94, 41.10, 34.20,  6.90
         0,     0, 9, 1:04:08, 1:04:17,     9, 34.20, 41.00, -6.80
  21268104,  6067, 2, 1:03:31, 1:04:20,    49, 43.80, 43.50,  0.30
  21268104,  6067, 1, 1:04:34, 1:06:07,    93, 41.30, 31.90,  9.40
         0,     0, 1, 1:06:15, 1:06:23,     8, 31.90, 41.30, -9.40
  12448479,  6092, 4, 1:03:21, 1:07:05,   224, 43.30, 30.90, 12.40
         0,     0, 4, 1:07:13, 1:07:25,    12, 30.90, 43.40,-12.50
  11954050,  4080, 2, 1:08:48, 1:09:42,    54, 43.50, 42.90,  0.60
  11954050,  4080, 2, 1:09:53, 1:10:37,    44, 42.90, 40.80,  2.10
         0,     0, 2, 1:10:45, 1:10:47,     2, 40.80, 43.90, -3.10
  11954050,  4080, 2, 1:10:58, 1:11:12,    14, 43.90, 42.50,  1.40
  13008737,     0, 7, 1:01:18, 1:11:45,   627, 41.30, 26.80, 14.50
         0,     0, 7, 1:11:52, 1:12:01,     9, 26.80, 41.50,-14.70
  12200005,  5059, 1, 1:10:15, 1:12:07,   112, 41.30, 38.00,  3.30
         0,     0, 1, 1:12:16, 1:12:18,     2, 38.00, 41.30, -3.30
  12200005,  5059, 1, 1:13:03, 1:15:13,   130, 41.30, 33.70,  7.60
  12448437,  6050, 7, 1:12:19, 1:15:23,   184, 41.40, 41.00,  0.40
         0,     0, 1, 1:15:21, 1:15:27,     6, 33.70, 41.30, -7.60
  11954056,     0, 8, 1:15:51, 1:18:26,   155, 41.00, 32.90,  8.10
  11954050,  4080, 4, 1:17:44, 1:18:36,    52, 43.40, 41.40,  2.00
         0,     0, 8, 1:18:34, 1:18:42,     8, 32.90, 41.10, -8.20
         0,     0, 4, 1:18:45, 1:18:46,     1, 41.40, 43.40, -2.00
  13008792,     0, 7, 1:15:32, 1:22:40,   428, 41.00, 23.70, 17.30
         0,     0, 7, 1:22:48, 1:22:59,    11, 23.70, 41.30,-17.60
  13008836,     0, 8, 1:22:58, 1:24:21,    83, 41.10, 40.80,  0.30
  11724109,  6068, 1, 1:23:29, 1:27:23,   234, 41.30, 25.10, 16.20
  13008836,     0, 8, 1:24:41, 1:27:36,   175, 40.70, 28.80, 11.90
         0,     0, 1, 1:27:32, 1:27:47,    15, 25.10, 41.20,-16.10
         0,     0, 8, 1:27:44, 1:27:56,    12, 28.80, 41.10,-12.30
  13323425,     0, 9, 1:39:45, 1:39:46,     1, 40.50, 40.50,  0.00
  13323432,     0,10, 1:46:11, 1:46:55,    44, 29.20, 26.60,  2.60
         0,     0,10, 1:47:03, 1:47:18,    15, 26.60, 41.20,-14.60
  12706705,  7114, 3, 1:49:32, 1:50:14,    42, 44.90, 45.90, -1.00
  12706705,  7114, 3, 1:53:58, 1:54:16,    18, 45.80, 46.00, -0.20
  11954056,     0, 7, 1:46:15, 1:54:33,   498, 41.40, 26.00, 15.40
         0,     0, 7, 1:54:40, 1:54:49,     9, 26.00, 41.40,-15.40
  12706705,  7114, 4, 1:54:27, 1:58:59,   272, 43.50, 29.80, 13.70
         0,     0, 4, 1:59:06, 1:59:19,    13, 29.80, 43.30,-13.50
  13323434,     0, 9, 2:04:37, 2:04:38,     1, 39.80, 39.80,  0.00
         0,     0, 9, 2:04:46, 2:04:47,     1, 39.80, 41.00, -1.20
  12448471,  6084, 1, 2:16:07, 2:17:24,    77, 41.20, 35.40,  5.80
         0,     0, 1, 2:17:32, 2:17:37,     5, 35.40, 41.30, -5.90
  12199987,  5041, 4, 2:16:03, 2:20:05,   242, 43.60, 34.70,  8.90
         0,     0, 4, 2:20:13, 2:20:21,     8, 34.70, 43.30, -8.60
  13323427,     0, 8, 2:40:00, 2:40:01,     1, 40.90, 40.90,  0.00
  12706630,  7039, 9, 2:42:44, 2:42:53,     9, 41.00, 40.50,  0.50
  12706630,  7039,10, 2:43:04, 2:43:18,    14, 40.90, 40.50,  0.40
  12706630,  7039,10, 2:43:52, 2:43:53,     1, 36.30, 36.30,  0.00
         0,     0,10, 2:44:02, 2:44:06,     4, 36.30, 41.30, -5.00
  12200083,     0, 9, 2:48:54, 2:49:46,    52, 40.50, 36.50,  4.00
         0,     0, 9, 2:49:55, 2:50:00,     5, 36.50, 41.10, -4.60
  12199977,     0, 7, 1:55:01, 2:54:27,  3566, 41.40, 26.70, 14.70
         0,     0, 7, 2:54:35, 2:54:44,     9, 26.70, 41.40,-14.70
  12706686,  7095, 1, 2:51:30, 2:54:44,   194, 41.30, 36.30,  5.00
         0,     0, 1, 2:54:51, 2:54:55,     4, 36.30, 41.30, -5.00
  12706727,  7136, 2, 2:53:46, 2:54:52,    66, 42.50, 40.70,  1.80
         0,     0, 2, 2:55:00, 2:55:02,     2, 40.70, 43.90, -3.20
  12448472,  6085, 5, 2:53:21, 2:55:20,   119, 40.80, 40.30,  0.50
  12448428,  6041, 2, 2:55:49, 2:56:05,    16, 43.90, 43.90,  0.00
  12448428,  6041, 1, 2:56:16, 2:57:27,    71, 41.30, 28.70, 12.60
         0,     0, 1, 2:57:36, 2:57:47,    11, 28.70, 41.30,-12.60
  13008786,     0, 8, 2:58:21, 2:58:31,    10, 41.10, 41.00,  0.10
  12706639,  7048, 1, 2:58:08, 2:58:47,    39, 41.30, 41.20,  0.10
  12448472,  6085, 5, 2:59:39, 2:59:57,    18, 40.30, 40.20,  0.10
  12706639,  7048, 2, 2:58:55, 3:00:37,   102, 43.90, 27.80, 16.10
         0,     0, 2, 3:00:44, 3:00:59,    15, 27.80, 43.80,-16.00
  12706604,     0, 8, 3:02:13, 3:03:26,    73, 41.00, 41.00,  0.00
  12706604,     0, 8, 3:06:20, 3:06:30,    10, 41.00, 41.00,  0.00
  12706604,     0, 8, 3:07:24, 3:09:18,   114, 41.00, 41.10, -0.10
  12706630,  7039,10, 3:10:22, 3:11:35,    73, 41.20, 33.40,  7.80
         0,     0,10, 3:11:43, 3:11:51,     8, 33.40, 41.20, -7.80
  12448521,     0, 8, 3:17:50, 3:19:02,    72, 39.50, 33.10,  6.40
         0,     0, 8, 3:19:11, 3:19:19,     8, 33.10, 41.00, -7.90
  12448409,  6022, 2, 3:21:05, 3:21:51,    46, 43.90, 43.70,  0.20
  12706604,     0, 8, 3:24:11, 3:25:19,    68, 41.10, 41.10,  0.00
  12706669,  7078, 2, 3:22:40, 3:26:03,   203, 43.70, 29.10, 14.60
         0,     0, 2, 3:26:11, 3:26:25,    14, 29.10, 43.90,-14.80
  12448409,  6022, 3, 3:24:02, 3:27:46,   224, 45.50, 27.50, 18.00
         0,     0, 3, 3:27:53, 3:28:09,    16, 27.50, 27.80, -0.30
  12448472,  6085, 2, 3:28:46, 3:29:15,    29, 44.00, 43.70,  0.30
  12706604,     0, 8, 3:30:54, 3:31:23,    29, 41.10, 41.00,  0.10
  12448472,  6085, 1, 3:30:53, 3:31:27,    34, 41.20, 40.40,  0.80
  12448472,  6085, 1, 3:32:48, 3:33:50,    62, 40.40, 39.90,  0.50
         0,     0, 1, 3:33:58, 3:33:58,     0, 39.90, 41.10, -1.20
  12448472,  6085, 2, 3:34:39, 3:35:55,    76, 43.80, 41.90,  1.90
         0,     0, 2, 3:36:02, 3:36:02,     0, 41.90, 43.70, -1.80
  12706604,     0, 8, 3:41:57, 3:45:06,   189, 41.00, 29.40, 11.60
         0,     0, 8, 3:45:13, 3:45:24,    11, 29.40, 40.50,-11.10
  12706604,     0, 8, 3:45:52, 3:45:57,     5, 35.30, 35.30,  0.00
         0,     0, 8, 3:46:04, 3:46:10,     6, 35.30, 41.10, -5.80
  12706630,  7039,10, 3:47:20, 3:48:13,    53, 41.00, 35.20,  5.80
         0,     0,10, 3:48:20, 3:48:26,     6, 35.20, 41.30, -6.10
  12448428,  6041, 3, 3:47:18, 3:48:46,    88, 46.50, 36.70,  9.80
         0,     0, 3, 3:48:55, 3:49:03,     8, 36.70, 36.60,  0.10
  13323425,     0, 9, 3:59:38, 4:00:13,    35, 41.10, 41.00,  0.10
  13008820,     0, 7, 2:55:47, 4:04:52,  4145, 40.00, 33.50,  6.50
         0,     0, 7, 4:05:00, 4:05:05,     5, 33.50, 33.50,  0.00
  12706650,  7059, 1, 4:04:05, 4:06:44,   159, 41.10, 28.90, 12.20
         0,     0, 1, 4:06:51, 4:07:02,    11, 28.90, 41.30,-12.40
  13323425,     0, 9, 4:09:18, 4:09:47,    29, 40.20, 39.70,  0.50
         0,     0, 9, 4:09:55, 4:09:56,     1, 39.70, 41.00, -1.30
  13323425,     0, 9, 4:19:14, 4:19:17,     3, 40.80, 40.80,  0.00
  11954075,  4105, 2, 4:18:10, 4:20:08,   118, 43.60, 32.60, 11.00
         0,     0, 2, 4:20:15, 4:20:25,    10, 32.60, 43.90,-11.30
  11954075,  4105, 2, 4:20:53, 4:21:20,    27, 44.00, 38.80,  5.20
         0,     0, 2, 4:21:28, 4:21:32,     4, 38.80, 43.90, -5.10
  12706636,  7045, 3, 4:47:08, 4:49:19,   131, 46.60, 37.90,  8.70
         0,     0, 3, 4:49:26, 4:49:33,     7, 37.90, 37.70,  0.20
  12706609,  7018, 8, 5:58:51, 5:59:00,     9, 41.20, 41.20,  0.00
  12706609,  7018, 8, 5:59:35, 5:59:51,    16, 41.20, 40.80,  0.40
  12706710,  7119, 1, 5:59:31, 6:00:06,    35, 41.30, 40.90,  0.40
  12200046,  5100, 2, 6:00:34, 6:00:49,    15, 43.60, 43.70, -0.10
  12200046,  5100, 1, 6:00:57, 6:01:02,     5, 40.90, 40.90,  0.00
  12200046,  5100, 2, 6:01:06, 6:02:32,    86, 43.60, 31.10, 12.50
         0,     0, 2, 6:02:40, 6:02:52,    12, 31.10, 43.90,-12.80
  13008735,  7156, 5, 6:10:02, 6:11:51,   109, 40.20, 32.70,  7.50
         0,     0, 5, 6:12:00, 6:12:08,     8, 32.70, 40.80, -8.10
  13008735,  7156, 2, 6:15:04, 6:15:57,    53, 44.00, 40.90,  3.10
         0,     0, 2, 6:16:05, 6:16:07,     2, 40.90, 44.00, -3.10
  12200007,  5061, 1, 6:15:59, 6:17:51,   112, 40.90, 24.30, 16.60
         0,     0, 1, 6:17:59, 6:18:15,    16, 24.30, 41.30,-17.00
  12706710,  7119, 2, 6:16:32, 6:18:28,   116, 44.00, 25.60, 18.40
         0,     0, 2, 6:18:37, 6:18:55,    18, 25.60, 43.90,-18.30
  12706650,  7059, 5, 6:17:51, 6:18:53,    62, 40.80, 33.30,  7.50
         0,     0, 5, 6:19:02, 6:19:09,     7, 33.30, 40.90, -7.60
  13008735,  7156, 1, 6:19:54, 6:20:44,    50, 41.30, 38.80,  2.50
         0,     0, 1, 6:20:51, 6:20:52,     1, 38.80, 41.20, -2.40
  12200005,  5059, 3, 6:35:46, 6:36:22,    36, 46.20, 47.20, -1.00
  12200005,  5059, 4, 6:36:48, 6:37:07,    19, 44.20, 43.50,  0.70
  12200005,  5059, 2, 6:44:42, 6:45:36,    54, 44.00, 43.40,  0.60
  12448416,  6029, 2, 6:45:52, 6:49:48,   236, 43.40, 25.10, 18.30
  12200005,  5059, 1, 6:45:56, 6:50:05,   249, 41.30, 21.30, 20.00
         0,     0, 2, 6:49:55, 6:50:13,    18, 25.10, 43.80,-18.70
  12706686,  7095, 3, 6:45:57, 6:50:17,   260, 45.80, 36.60,  9.20
         0,     0, 1, 6:50:12, 6:50:31,    19, 21.30, 41.30,-20.00
         0,     0, 3, 6:50:24, 6:50:32,     8, 36.60, 37.00, -0.40
  13008756,  7115, 1, 6:57:02, 6:59:40,   158, 41.30, 18.90, 22.40
         0,     0, 1, 6:59:47, 7:00:08,    21, 18.90, 41.20,-22.30
  12706707,  7116, 2, 7:03:28, 7:03:58,    30, 43.80, 41.10,  2.70
         0,     0, 2, 7:04:06, 7:04:07,     1, 41.10, 43.90, -2.80
  11954050,  4080, 4, 7:05:20, 7:06:59,    99, 43.50, 38.10,  5.40
         0,     0, 4, 7:07:08, 7:07:13,     5, 38.10, 38.10,  0.00
  11954050,  4080, 4, 7:07:23, 7:08:21,    58, 43.40, 32.70, 10.70
         0,     0, 4, 7:08:29, 7:08:39,    10, 32.70, 43.40,-10.70
  11724239,  3139, 1, 7:04:16, 7:09:09,   293, 41.20, 34.00,  7.20
         0,     0, 1, 7:09:17, 7:09:23,     6, 34.00, 41.30, -7.30
  12706707,  7116, 1, 7:14:17, 7:15:01,    44, 41.30, 36.90,  4.40
         0,     0, 1, 7:15:09, 7:15:12,     3, 36.90, 41.30, -4.40
  12448451,  6064, 2, 7:11:09, 7:15:49,   280, 43.90, 15.80, 28.10
         0,     0, 2, 7:15:57, 7:16:25,    28, 15.80, 43.90,-28.10
  12448448,  6061, 2, 7:21:12, 7:23:24,   132, 43.90, 43.90,  0.00
  12448448,  6061, 1, 7:23:55, 7:24:18,    23, 41.30, 41.20,  0.10
  12199988,  5042, 4, 7:22:50, 7:26:09,   199, 43.70, 33.30, 10.40
         0,     0, 4, 7:26:17, 7:26:27,    10, 33.30, 43.30,-10.00
  21268825,  6087, 3, 7:24:08, 7:26:37,   149, 45.70, 30.90, 14.80
         0,     0, 3, 7:26:46, 7:26:59,    13, 30.90, 31.20, -0.30
  12706655,  7064, 5, 7:26:24, 7:27:26,    62, 40.90, 40.80,  0.10
  11954014,  4044, 1, 7:28:08, 7:30:55,   167, 41.20, 29.30, 11.90
  12706655,  7064, 5, 7:27:48, 7:31:00,   192, 40.80, 28.80, 12.00
         0,     0, 1, 7:31:02, 7:31:13,    11, 29.30, 41.30,-12.00
         0,     0, 5, 7:31:08, 7:31:20,    12, 28.80, 40.80,-12.00
  12448448,  6061, 2, 7:27:01, 7:32:35,   334, 43.80, 25.10, 18.70
         0,     0, 2, 7:32:42, 7:33:01,    19, 25.10, 43.90,-18.80
  12200042,  5096, 3, 7:39:13, 7:41:32,   139, 46.70, 31.60, 15.10
         0,     0, 3, 7:41:40, 7:41:53,    13, 31.60, 31.90, -0.30
  11954014,  4044, 2, 7:44:07, 7:44:34,    27, 43.90, 42.20,  1.70
  11954014,  4044, 1, 7:44:55, 7:45:55,    60, 41.20, 30.90, 10.30
         0,     0, 1, 7:46:02, 7:46:11,     9, 30.90, 41.30,-10.40
  12706604,     0, 8, 7:45:04, 7:46:11,    67, 40.80, 40.80,  0.00
  12448473,  6086, 2, 7:44:57, 7:46:34,    97, 42.10, 28.60, 13.50
         0,     0, 2, 7:46:41, 7:46:56,    15, 28.60, 44.00,-15.40
  11953978,  4008, 2, 7:52:50, 7:55:32,   162, 44.00, 34.20,  9.80
         0,     0, 2, 7:55:40, 7:55:49,     9, 34.20, 43.80, -9.60
  11954075,  4105, 2, 7:59:15, 8:00:40,    85, 43.70, 32.10, 11.60
         0,     0, 2, 8:00:47, 8:00:58,    11, 32.10, 43.90,-11.80
  12706639,  7048, 2, 8:04:26, 8:06:20,   114, 43.90, 33.70, 10.20
         0,     0, 2, 8:06:27, 8:06:36,     9, 33.70, 43.80,-10.10
  21292480,  6005, 1, 8:06:47, 8:07:22,    35, 41.30, 38.20,  3.10
         0,     0, 1, 8:07:30, 8:07:32,     2, 38.20, 41.20, -3.00
  21292480,  6005, 1, 8:07:42, 8:09:01,    79, 41.20, 27.90, 13.30
         0,     0, 1, 8:09:10, 8:09:22,    12, 27.90, 41.30,-13.40
  12448479,  6092, 2, 8:11:27, 8:12:00,    33, 43.80, 43.50,  0.30
  12448479,  6092, 1, 8:12:09, 8:14:28,   139, 41.30, 27.90, 13.40
  12200066,  5120, 2, 8:12:10, 8:14:42,   152, 43.50, 34.00,  9.50
         0,     0, 1, 8:14:37, 8:14:49,    12, 27.90, 41.20,-13.30
         0,     0, 2, 8:14:50, 8:14:59,     9, 34.00, 43.90, -9.90
  11953978,  4008, 1, 8:21:07, 8:22:55,   108, 41.30, 32.70,  8.60
         0,     0, 1, 8:23:03, 8:23:11,     8, 32.70, 41.30, -8.60
  12706651,  7060, 2, 8:23:40, 8:24:25,    45, 44.00, 43.80,  0.20
  13008763,     0, 9, 8:25:55, 8:25:59,     4, 40.40, 40.40,  0.00
  13008763,     0, 9, 8:26:11, 8:26:13,     2, 39.90, 40.00, -0.10
         0,     0, 9, 8:26:21, 8:26:21,     0, 40.00, 40.90, -0.90
  12706651,  7060, 2, 8:24:38, 8:26:29,   111, 43.80, 34.90,  8.90
  13008763,     0, 9, 8:26:32, 8:26:36,     4, 39.00, 39.00,  0.00
         0,     0, 2, 8:26:37, 8:26:45,     8, 34.90, 43.70, -8.80
         0,     0, 9, 8:26:44, 8:26:46,     2, 39.00, 40.40, -1.40
  13008763,     0, 9, 8:26:58, 8:26:58,     0, 38.10, 38.20, -0.10
         0,     0, 9, 8:27:07, 8:27:10,     3, 38.20, 41.10, -2.90
  13008763,     0, 9, 8:27:31, 8:27:33,     2, 36.60, 36.60,  0.00
         0,     0, 9, 8:27:40, 8:27:45,     5, 36.60, 41.00, -4.40
  12706705,  7114, 2, 8:26:56, 8:31:34,   278, 43.70, 26.40, 17.30
         0,     0, 2, 8:31:41, 8:31:58,    17, 26.40, 43.80,-17.40
  13323416,     0,10, 8:33:03, 8:33:59,    56, 40.20, 39.30,  0.90
         0,     0,10, 8:34:06, 8:34:07,     1, 39.30, 41.20, -1.90
  13323435,     0, 9, 8:32:47, 8:34:35,   108, 40.90, 33.60,  7.30
         0,     0, 9, 8:34:43, 8:34:53,    10, 33.60, 41.10, -7.50
  13323432,     0,10, 8:35:15, 8:35:31,    16, 41.30, 41.30,  0.00
  13323432,     0, 9, 8:36:40, 8:36:48,     8, 41.00, 40.70,  0.30
  13323432,     0, 9, 8:37:12, 8:37:13,     1, 40.70, 40.70,  0.00
  13323432,     0, 9, 8:37:57, 8:38:21,    24, 40.70, 39.80,  0.90
         0,     0, 9, 8:38:28, 8:38:29,     1, 39.80, 41.00, -1.20
  21268104,  6067, 5, 8:36:38, 8:39:07,   149, 40.80, 28.50, 12.30
         0,     0, 5, 8:39:14, 8:39:26,    12, 28.50, 40.90,-12.40
  12200066,  5120, 2, 8:37:55, 8:40:36,   161, 43.90, 34.60,  9.30
         0,     0, 2, 8:40:44, 8:40:52,     8, 34.60, 43.90, -9.30
  12199987,  5041, 1, 8:41:18, 8:41:42,    24, 41.30, 41.30,  0.00
  12199987,  5041, 2, 8:41:47, 8:49:00,   433, 43.90, 25.80, 18.10
         0,     0, 2, 8:49:09, 8:49:27,    18, 25.80, 43.80,-18.00
  11724109,  6068, 2, 8:50:33, 8:50:40,     7, 43.90, 43.90,  0.00
  12706669,  7078, 1, 8:50:33, 8:50:45,    12, 41.30, 41.30,  0.00
  12706669,  7078, 2, 8:51:10, 8:52:56,   106, 43.80, 27.80, 16.00
         0,     0, 2, 8:53:05, 8:53:20,    15, 27.80, 43.90,-16.10
  11724109,  6068, 1, 8:51:01, 8:55:12,   251, 41.30, 23.10, 18.20
  12706701,  7110, 2, 8:53:32, 8:55:16,   104, 43.90, 36.00,  7.90
         0,     0, 2, 8:55:23, 8:55:30,     7, 36.00, 43.70, -7.70
         0,     0, 1, 8:55:20, 8:55:37,    17, 23.10, 41.30,-18.20
  12706701,  7110, 2, 8:55:41, 8:56:41,    60, 43.80, 34.20,  9.60
         0,     0, 2, 8:56:49, 8:56:58,     9, 34.20, 43.90, -9.70
  12200085,     0, 9, 9:10:58, 9:11:07,     9, 40.80, 40.10,  0.70
  12200005,  5059, 5, 9:11:36, 9:11:56,    20, 40.90, 40.80,  0.10
  12706727,  7136, 2, 9:14:04, 9:14:49,    45, 43.90, 43.80,  0.10
  12706727,  7136, 1, 9:14:58, 9:16:27,    89, 41.30, 32.30,  9.00
         0,     0, 1, 9:16:35, 9:16:43,     8, 32.30, 41.30, -9.00
  12199981,  5035, 3, 9:15:37, 9:16:50,    73, 46.40, 28.70, 17.70
         0,     0, 3, 9:16:57, 9:17:12,    15, 28.70, 28.70,  0.00
  21268104,  6067, 2, 9:17:03, 9:18:38,    95, 43.80, 35.10,  8.70
         0,     0, 2, 9:18:47, 9:18:55,     8, 35.10, 43.90, -8.80
  12706727,  7136, 1, 9:19:04, 9:19:24,    20, 41.20, 39.00,  2.20
         0,     0, 1, 9:19:32, 9:19:33,     1, 39.00, 41.20, -2.20
  12200005,  5059, 3, 9:20:11, 9:20:47,    36, 46.60, 47.00, -0.40
  12200066,  5120, 1, 9:19:43, 9:21:37,   114, 41.20, 32.40,  8.80
         0,     0, 1, 9:21:45, 9:21:53,     8, 32.40, 41.20, -8.80
  13323416,     0, 9, 9:21:49, 9:23:34,   105, 40.10, 34.10,  6.00
  12448477,  6090, 3, 9:21:09, 9:23:43,   154, 47.00, 36.30, 10.70
         0,     0, 9, 9:23:43, 9:23:52,     9, 34.10, 41.00, -6.90
  12706727,  7136, 1, 9:22:41, 9:23:56,    75, 41.30, 25.40, 15.90
         0,     0, 3, 9:23:51, 9:23:59,     8, 36.30, 36.60, -0.30
         0,     0, 1, 9:24:03, 9:24:18,    15, 25.40, 41.30,-15.90
  12448477,  6090, 3, 9:24:15, 9:24:57,    42, 46.40, 40.80,  5.60
         0,     0, 3, 9:25:04, 9:25:08,     4, 40.80, 46.30, -5.50
  12200005,  5059, 4, 9:21:29, 9:25:13,   224, 43.70, 29.70, 14.00
         0,     0, 4, 9:25:21, 9:25:34,    13, 29.70, 43.40,-13.70
  13323358,     0, 7, 4:08:47, 9:28:26, 19179, 41.20, 41.00,  0.20
  12448409,  6022, 3, 9:27:38, 9:29:08,    90, 45.90, 46.60, -0.70
  12706710,  7119, 2, 9:27:05, 9:29:26,   141, 43.90, 27.20, 16.70
         0,     0, 2, 9:29:34, 9:29:50,    16, 27.20, 43.90,-16.70
  12448409,  6022, 4, 9:29:15, 9:30:37,    82, 43.40, 43.40,  0.00
  12448409,  6022, 4, 9:31:05, 9:31:31,    26, 43.40, 43.40,  0.00
  12448409,  6022, 3, 9:31:37, 9:35:44,   247, 45.50, 30.70, 14.80
         0,     0, 3, 9:35:52, 9:36:06,    14, 30.70, 30.60,  0.10
  12448471,  6084, 3, 9:37:01, 9:39:17,   136, 46.50, 26.80, 19.70
         0,     0, 3, 9:39:24, 9:39:41,    17, 26.80, 26.60,  0.20
  21306958,  5124, 8, 9:39:55, 9:41:15,    80, 38.00, 33.50,  4.50
         0,     0, 8, 9:41:23, 9:41:31,     8, 33.50, 41.00, -7.50
  13323434,     0, 9, 9:56:55, 9:56:56,     1, 41.00, 41.00,  0.00
  13323416,     0, 9,10:01:35,10:01:59,    24, 41.00, 40.80,  0.20
  11499161,  2051, 4, 9:58:56,10:02:10,   194, 43.60, 40.30,  3.30
         0,     0, 4,10:02:18,10:02:21,     3, 40.30, 43.30, -3.00
  13323416,     0, 9,10:02:15,10:02:56,    41, 40.80, 40.60,  0.20
  13323416,     0, 9,10:04:01,10:04:05,     4, 40.40, 40.40,  0.00
  11499161,  2051, 1,10:02:42,10:05:31,   169, 41.30, 21.80, 19.50
  12448477,  6090, 2,10:05:13,10:05:44,    31, 43.90, 41.40,  2.50
         0,     0, 2,10:05:53,10:05:54,     1, 41.40, 43.70, -2.30
         0,     0, 1,10:05:39,10:05:57,    18, 21.80, 41.30,-19.50
  13323416,     0, 9,10:05:22,10:06:17,    55, 40.40, 39.30,  1.10
         0,     0, 9,10:06:26,10:06:28,     2, 39.30, 41.10, -1.80
  12448477,  6090, 2,10:06:29,10:06:51,    22, 43.70, 42.50,  1.20
  12706707,  7116, 2,10:09:26,10:10:01,    35, 42.50, 39.30,  3.20
  21306958,  5124, 7, 9:37:55,10:10:02,  1927, 41.00, 39.20,  1.80
         0,     0, 7,10:10:10,10:10:11,     1, 39.20, 41.40, -2.20
         0,     0, 2,10:10:09,10:10:12,     3, 39.30, 43.90, -4.60
  13323425,     0, 9,10:10:16,10:10:18,     2, 40.50, 40.50,  0.00
  13008800,     0, 8,10:17:20,10:18:55,    95, 40.90, 35.00,  5.90
         0,     0, 8,10:19:03,10:19:09,     6, 35.00, 41.10, -6.10
  13008820,     0, 7,10:12:56,10:19:57,   421, 30.30, 28.50,  1.80
         0,     0, 7,10:20:05,10:20:13,     8, 28.50, 41.40,-12.90
  12448420,     0, 9,10:20:15,10:21:05,    50, 40.50, 40.00,  0.50
         0,     0, 9,10:21:12,10:21:12,     0, 40.00, 40.90, -0.90
  11724239,  3139, 2,10:21:14,10:21:44,    30, 43.90, 43.80,  0.10
  12448420,     0, 9,10:22:42,10:22:44,     2, 37.10, 37.10,  0.00
         0,     0, 9,10:22:53,10:22:58,     5, 37.10, 41.00, -3.90
  13323434,     0, 9,10:24:46,10:24:49,     3, 40.80, 40.90, -0.10
  12199986,     0, 8,10:23:51,10:24:53,    62, 41.00, 34.10,  6.90
  13008800,     0, 7,10:20:23,10:24:58,   275, 41.40, 41.40,  0.00
         0,     0, 8,10:25:02,10:25:09,     7, 34.10, 41.00, -6.90
  11724239,  3139, 2,10:23:12,10:25:13,   121, 43.80, 43.10,  0.70
  13323434,     0, 9,10:25:21,10:25:23,     2, 40.60, 40.60,  0.00
  12199986,     0, 7,10:25:08,10:25:25,    17, 38.40, 38.40,  0.00
         0,     0, 7,10:25:33,10:25:34,     1, 38.40, 41.30, -2.90
  13323434,     0, 9,10:25:47,10:25:49,     2, 40.00, 40.00,  0.00
  13323434,     0, 9,10:26:26,10:26:28,     2, 39.30, 39.30,  0.00
         0,     0, 9,10:26:36,10:26:38,     2, 39.30, 41.10, -1.80
  11724239,  3139, 2,10:25:27,10:27:14,   107, 43.10, 33.80,  9.30
         0,     0, 2,10:27:22,10:27:31,     9, 33.80, 43.90,-10.10
  13323434,     0, 9,10:27:35,10:27:36,     1, 40.00, 40.00,  0.00
         0,     0, 9,10:27:44,10:27:44,     0, 40.00, 40.90, -0.90
  13323434,     0, 9,10:28:39,10:28:40,     1, 39.10, 39.10,  0.00
         0,     0, 9,10:28:48,10:28:50,     2, 39.10, 41.10, -2.00
  12706659,  7068, 2,10:28:32,10:29:13,    41, 43.90, 43.90,  0.00
  13323434,     0, 9,10:29:22,10:29:25,     3, 38.10, 38.10,  0.00
         0,     0, 9,10:29:34,10:29:37,     3, 38.10, 41.10, -3.00
  12706659,  7068, 1,10:29:20,10:30:17,    57, 41.40, 41.30,  0.10
  13323434,     0, 9,10:30:23,10:30:26,     3, 37.20, 37.20,  0.00
  12706659,  7068, 2,10:30:22,10:30:36,    14, 43.90, 43.80,  0.10
         0,     0, 9,10:30:35,10:30:40,     5, 37.20, 41.20, -4.00
  13008786,     0, 8,10:29:22,10:30:57,    95, 40.30, 31.40,  8.90
  12706616,  7025, 1,10:30:45,10:31:02,    17, 41.30, 41.30,  0.00
  12706659,  7068, 2,10:31:03,10:31:04,     1, 43.80, 43.80,  0.00
  13323434,     0, 9,10:31:08,10:31:10,     2, 38.90, 38.90,  0.00
         0,     0, 8,10:31:06,10:31:16,    10, 31.40, 41.10, -9.70
  21268825,  6087, 3,10:28:37,10:31:15,   158, 45.80, 31.90, 13.90
         0,     0, 9,10:31:18,10:31:20,     2, 38.90, 41.10, -2.20
         0,     0, 3,10:31:23,10:31:35,    12, 31.90, 31.80,  0.10
  12706655,  7064, 4,10:30:06,10:31:37,    91, 43.90, 42.70,  1.20
  12706655,  7064, 4,10:31:58,10:33:01,    63, 42.80, 29.40, 13.40
         0,     0, 4,10:33:10,10:33:24,    14, 29.40, 43.40,-14.00
  13323432,     0,10,10:33:16,10:33:21,     5, 25.60, 25.60,  0.00
         0,     0,10,10:33:30,10:33:47,    17, 25.60, 41.20,-15.60
  13008756,  7115, 1,10:31:16,10:34:02,   166, 41.30, 26.00, 15.30
  12706616,  7025, 2,10:32:48,10:34:06,    78, 43.80, 25.90, 17.90
  12448483,  6096, 5,10:29:51,10:34:09,   258, 40.80, 14.20, 26.60
         0,     0, 1,10:34:09,10:34:24,    15, 26.00, 41.30,-15.30
         0,     0, 2,10:34:13,10:34:32,    19, 25.90, 43.80,-17.90
         0,     0, 5,10:34:17,10:34:44,    27, 14.20, 40.80,-26.60
  12706659,  7068, 2,10:35:55,10:36:49,    54, 43.90, 43.70,  0.20
  13008735,  7156, 1,10:39:07,10:39:44,    37, 41.30, 40.50,  0.80
  13008735,  7156, 1,10:40:47,10:42:03,    76, 40.50, 33.60,  6.90
  13323432,     0, 9,10:42:00,10:42:08,     8, 41.10, 41.10,  0.00
         0,     0, 1,10:42:11,10:42:17,     6, 33.60, 41.20, -7.60
  12448471,  6084, 5,10:40:34,10:42:25,   111, 40.70, 29.90, 10.80
         0,     0, 5,10:42:33,10:42:43,    10, 29.90, 40.90,-11.00
  11954014,  4044, 3,10:42:26,10:43:31,    65, 45.40, 34.90, 10.50
         0,     0, 3,10:43:40,10:43:50,    10, 34.90, 35.00, -0.10
  12199988,  5042, 4,10:43:45,10:44:19,    34, 43.50, 43.40,  0.10
  12199988,  5042, 4,10:44:35,10:44:52,    17, 43.50, 43.00,  0.50
  12199988,  5042, 4,10:47:39,10:50:50,   191, 43.00, 24.20, 18.80
  12706636,  7045, 1,10:49:03,10:51:02,   119, 41.30, 26.70, 14.60
         0,     0, 4,10:50:58,10:51:17,    19, 24.20, 43.50,-19.30
         0,     0, 1,10:51:10,10:51:23,    13, 26.70, 41.40,-14.70
  12706707,  7116, 2,10:55:10,10:57:56,   166, 43.70, 33.00, 10.70
         0,     0, 2,10:58:03,10:58:13,    10, 33.00, 43.80,-10.80
  12448428,  6041, 4,10:58:41,10:59:57,    76, 44.60, 28.40, 16.20
  12706650,  7059, 3,10:57:40,11:00:05,   145, 45.20, 32.90, 12.30
  12448437,  6050, 7,10:25:44,11:00:11,  2067, 41.30, 32.00,  9.30
         0,     0, 4,11:00:05,11:00:20,    15, 28.40, 43.10,-14.70
         0,     0, 3,11:00:13,11:00:25,    12, 32.90, 32.80,  0.10
         0,     0, 7,11:00:19,11:00:25,     6, 32.00, 32.00,  0.00
  12199977,     0, 8,11:01:02,11:01:05,     3, 41.20, 41.20,  0.00
  13323432,     0, 9,11:07:17,11:07:19,     2, 36.80, 36.80,  0.00
         0,     0, 9,11:07:28,11:07:33,     5, 36.80, 41.10, -4.30
  12200007,  5061, 2,11:06:06,11:08:13,   127, 43.90, 27.50, 16.40
         0,     0, 2,11:08:20,11:08:36,    16, 27.50, 43.80,-16.30
  11954014,  4044, 3,11:08:23,11:09:48,    85, 46.00, 34.20, 11.80
         0,     0, 3,11:09:56,11:10:06,    10, 34.20, 34.40, -0.20
  12706707,  7116, 1,11:12:11,11:12:37,    26, 41.40, 37.40,  4.00
  12199977,     0, 7,11:02:06,11:12:41,   635, 41.30, 29.70, 11.60
         0,     0, 1,11:12:44,11:12:47,     3, 37.40, 41.30, -3.90
         0,     0, 7,11:12:48,11:12:55,     7, 29.70, 29.80, -0.10
  12706707,  7116, 2,11:13:26,11:13:47,    21, 43.80, 40.80,  3.00
         0,     0, 2,11:13:54,11:13:56,     2, 40.80, 43.90, -3.10
  13323425,     0, 9,11:14:47,11:15:30,    43, 40.90, 40.50,  0.40
  13008735,  7156, 4,11:13:43,11:16:15,   152, 43.70, 33.70, 10.00
         0,     0, 4,11:16:23,11:16:32,     9, 33.70, 43.30, -9.60
  11953978,  4008, 2,11:17:58,11:19:29,    91, 44.00, 33.70, 10.30
         0,     0, 2,11:19:36,11:19:46,    10, 33.70, 43.80,-10.10
  12706651,  7060, 1,11:17:32,11:20:21,   169, 41.30, 28.00, 13.30
         0,     0, 1,11:20:29,11:20:41,    12, 28.00, 41.30,-13.30
  11499161,  2051, 4,11:25:57,11:28:20,   143, 43.80, 31.50, 12.30
         0,     0, 4,11:28:28,11:28:39,    11, 31.50, 43.40,-11.90
  13008765,     0, 9,11:29:32,11:30:47,    75, 40.50, 34.90,  5.60
         0,     0, 9,11:30:55,11:31:03,     8, 34.90, 41.10, -6.20
  12706648,  7057, 4,11:29:43,11:32:42,   179, 44.10, 21.50, 22.60
         0,     0, 4,11:32:50,11:33:11,    21, 21.50, 43.40,-21.90
  12448416,  6029, 5,11:31:29,11:33:56,   147, 40.80, 22.60, 18.20
         0,     0, 5,11:34:05,11:34:23,    18, 22.60, 40.90,-18.30
  12448473,  6086, 1,11:36:34,11:38:00,    86, 41.30, 34.20,  7.10
         0,     0, 1,11:38:08,11:38:14,     6, 34.20, 41.30, -7.10
  13008792,     0, 8,11:38:21,11:38:23,     2, 40.60, 40.60,  0.00
  13008837,     0, 7,11:13:05,11:39:08,  1563, 41.40, 23.90, 17.50
  12448415,     0, 8,11:38:57,11:39:11,    14, 40.60, 40.70, -0.10
         0,     0, 7,11:39:16,11:39:27,    11, 23.90, 23.90,  0.00
  13008747,     0,10,11:39:47,11:39:49,     2, 40.90, 40.90,  0.00
  13323425,     0, 9,11:41:48,11:42:09,    21, 40.50, 40.20,  0.30
  13323427,     0, 8,11:40:02,11:44:06,   244, 40.70, 26.10, 14.60
         0,     0, 8,11:44:15,11:44:31,    16, 26.10, 41.10,-15.00
  12448479,  6092, 2,11:44:31,11:44:49,    18, 43.80, 43.70,  0.10
  12706636,  7045, 5,11:45:25,11:46:26,    61, 40.80, 30.80, 10.00
         0,     0, 5,11:46:33,11:46:43,    10, 30.80, 40.80,-10.00
  12448479,  6092, 1,11:47:18,11:50:03,   165, 41.30, 26.60, 14.70
  12706700,  7109, 2,11:49:49,11:50:06,    17, 43.70, 43.70,  0.00
  13008815,     0, 8,11:49:03,11:50:07,    64, 41.10, 41.20, -0.10
         0,     0, 1,11:50:10,11:50:24,    14, 26.60, 41.30,-14.70
  13323425,     0, 9,11:51:20,11:52:11,    51, 39.90, 39.30,  0.60
         0,     0, 9,11:52:19,11:52:21,     2, 39.30, 41.10, -1.80
  12706700,  7109, 3,11:52:08,11:53:24,    76, 45.50, 29.80, 15.70
         0,     0, 3,11:53:31,11:53:45,    14, 29.80, 30.00, -0.20
  12448415,     0, 7,11:39:37,11:54:31,   894, 41.60, 22.50, 19.10
         0,     0, 7,11:54:39,11:54:50,    11, 22.50, 22.50,  0.00
  13008747,     0, 9,11:54:53,11:55:19,    26, 41.10, 41.10,  0.00
  13008815,     0, 7,11:55:12,11:55:51,    39, 39.20, 39.20,  0.00
         0,     0, 7,11:55:59,11:56:00,     1, 39.20, 41.30, -2.10
  12200048,     0, 8,11:56:34,11:57:47,    73, 41.20, 40.00,  1.20
         0,     0, 8,11:57:54,11:57:54,     0, 40.00, 40.60, -0.60
  13008779,     0, 7,11:57:49,11:57:59,    10, 30.30, 30.00,  0.30
         0,     0, 7,11:58:07,11:58:14,     7, 30.00, 30.10, -0.10
  12200048,     0, 8,11:58:33,12:02:07,   214, 40.60, 26.50, 14.10
         0,     0, 8,12:02:14,12:02:29,    15, 26.50, 41.20,-14.70
  13008815,     0, 7,12:00:43,12:04:10,   207, 41.10, 30.00, 11.10
         0,     0, 7,12:04:18,12:04:25,     7, 30.00, 41.40,-11.40
  12448428,  6041, 2,12:03:32,12:04:39,    67, 43.60, 31.00, 12.60
         0,     0, 2,12:04:47,12:04:59,    12, 31.00, 43.80,-12.80
  12200007,  5061, 5,12:04:15,12:05:51,    96, 40.80, 26.60, 14.20
         0,     0, 5,12:05:59,12:06:13,    14, 26.60, 40.90,-14.30
  13008747,     0, 9,12:06:17,12:09:26,   189, 41.10, 31.10, 10.00
  12448521,     0, 8,12:09:38,12:09:44,     6, 41.50, 41.50,  0.00
         0,     0, 9,12:09:33,12:09:47,    14, 31.10, 41.10,-10.00
  11954075,  4105, 2,12:09:44,12:11:15,    91, 43.90, 33.30, 10.60
         0,     0, 2,12:11:23,12:11:33,    10, 33.30, 43.90,-10.60
  12706634,     0, 7,12:10:19,12:12:11,   112, 36.20, 31.10,  5.10
         0,     0, 7,12:12:19,12:12:25,     6, 31.10, 31.20, -0.10
  12200046,  5100, 2,12:15:14,12:16:46,    92, 43.90, 32.20, 11.70
  12706615,     0,10,12:16:02,12:16:53,    51, 40.70, 39.60,  1.10
         0,     0,10,12:17:01,12:17:02,     1, 39.60, 41.20, -1.60
         0,     0, 2,12:16:55,12:17:06,    11, 32.20, 43.70,-11.50
  11954042,     0, 7,12:12:35,12:17:10,   275, 41.40, 25.30, 16.10
         0,     0, 7,12:17:18,12:17:29,    11, 25.30, 41.40,-16.10
  12706615,     0,10,12:18:28,12:18:57,    29, 41.30, 41.00,  0.30
  12706609,  7018, 8,12:19:04,12:19:16,    12, 41.40, 41.40,  0.00
  12706615,     0,10,12:20:47,12:20:48,     1, 28.60, 28.60,  0.00
         0,     0,10,12:20:57,12:21:11,    14, 28.60, 41.20,-12.60
  12448416,  6029, 3,12:24:41,12:26:42,   121, 45.80, 37.50,  8.30
         0,     0, 3,12:26:51,12:26:58,     7, 37.50, 37.30,  0.20
  12706609,  7018, 8,12:27:33,12:27:39,     6, 41.50, 41.50,  0.00
  12706634,     0, 7,12:18:03,12:27:51,   588, 38.40, 26.40, 12.00
         0,     0, 7,12:27:58,12:28:07,     9, 26.40, 41.50,-15.10
  12706686,  7095, 1,12:31:36,12:33:29,   113, 41.30, 23.90, 17.40
  21292480,  6005, 5,12:31:50,12:33:44,   114, 41.00, 23.90, 17.10
         0,     0, 1,12:33:37,12:33:53,    16, 23.90, 41.30,-17.40
         0,     0, 5,12:33:51,12:34:07,    16, 23.90, 40.70,-16.80
  12706639,  7048, 1,12:34:50,12:37:03,   133, 41.30, 28.70, 12.60
  13008802,     0, 9,12:36:16,12:37:14,    58, 41.10, 38.30,  2.80
         0,     0, 1,12:37:12,12:37:23,    11, 28.70, 41.20,-12.50
         0,     0, 9,12:37:23,12:37:26,     3, 38.30, 41.10, -2.80
  12448420,     0, 9,12:37:41,12:37:45,     4, 40.90, 40.90,  0.00
  12448420,     0, 9,12:38:03,12:38:55,    52, 40.40, 38.40,  2.00
         0,     0, 9,12:39:04,12:39:07,     3, 38.40, 41.10, -2.70
  12448420,     0, 9,12:39:17,12:40:29,    72, 41.10, 38.10,  3.00
         0,     0, 9,12:40:37,12:40:40,     3, 38.10, 40.90, -2.80
  12706609,  7018, 7,12:28:28,12:42:23,   835, 40.40, 36.70,  3.70
         0,     0, 7,12:42:30,12:42:33,     3, 36.70, 41.50, -4.80
  11954050,  4080, 1,12:43:24,12:45:51,   147, 41.20, 25.00, 16.20
         0,     0, 1,12:45:59,12:46:14,    15, 25.00, 41.30,-16.30
  12200085,     0,10,12:48:13,12:48:59,    46, 41.10, 32.70,  8.40
  12448451,  6064, 2,12:46:13,12:49:12,   179, 43.70, 40.70,  3.00
         0,     0,10,12:49:07,12:49:15,     8, 32.70, 41.10, -8.40
         0,     0, 2,12:49:19,12:49:21,     2, 40.70, 44.10, -3.40
  12448448,  6061, 5,12:49:28,12:49:39,    11, 40.80, 40.80,  0.00
  12199987,  5041, 4,12:44:50,12:49:42,   292, 44.10, 29.30, 14.80
         0,     0, 4,12:49:50,12:50:04,    14, 29.30, 43.40,-14.10
  12448451,  6064, 1,12:49:34,12:50:48,    74, 41.30, 14.40, 26.90
         0,     0, 1,12:50:56,12:51:21,    25, 14.40, 41.30,-26.90
  12448437,  6050, 7,12:42:44,12:54:34,   710, 41.50, 33.90,  7.60
  21268104,  6067, 2,12:53:30,12:54:33,    63, 44.10, 43.80,  0.30
         0,     0, 7,12:54:41,12:54:45,     4, 33.90, 34.00, -0.10
  21268104,  6067, 1,12:54:46,12:56:22,    96, 41.30, 30.40, 10.90
         0,     0, 1,12:56:30,12:56:40,    10, 30.40, 41.30,-10.90
  12200066,  5120, 2,12:58:38,12:58:43,     5, 43.80, 43.80,  0.00
  11724178,     0, 9,13:01:47,13:02:17,    30, 40.90, 40.90,  0.00
  13008802,     0, 9,13:02:32,13:02:45,    13, 40.90, 40.10,  0.80
  11724178,     0, 9,13:05:27,13:05:43,    16, 40.10, 40.10,  0.00
  13008779,     0, 8,13:05:34,13:05:50,    16, 41.70, 41.60,  0.10
  12200066,  5120, 2,13:03:58,13:06:02,   124, 43.90, 35.20,  8.70
  11724178,     0, 9,13:05:54,13:06:09,    15, 40.00, 40.00,  0.00
         0,     0, 9,13:06:17,13:06:17,     0, 40.00, 40.80, -0.80
         0,     0, 2,13:06:11,13:06:19,     8, 35.20, 44.00, -8.80
  11724178,     0, 9,13:06:30,13:06:43,    13, 40.80, 40.70,  0.10
  11724178,     0, 9,13:07:52,13:08:22,    30, 40.50, 40.30,  0.20
  12706686,  7095, 2,13:08:56,13:10:07,    71, 44.10, 42.40,  1.70
  11724178,     0, 9,13:08:55,13:10:36,   101, 40.30, 39.50,  0.80
         0,     0, 9,13:10:44,13:10:45,     1, 39.50, 41.10, -1.60
  13008789,     0, 7,12:55:00,13:11:14,   974, 41.40, 29.60, 11.80
         0,     0, 7,13:11:22,13:11:29,     7, 29.60, 41.40,-11.80
  13008836,     0, 8,13:11:37,13:11:40,     3, 41.60, 41.60,  0.00
  11724178,     0, 9,13:11:36,13:11:47,    11, 41.10, 40.00,  1.10
         0,     0, 9,13:11:55,13:11:55,     0, 40.00, 40.80, -0.80
  21306958,  5124, 8,13:11:54,13:12:14,    20, 41.60, 41.50,  0.10
  11724178,     0, 9,13:12:16,13:13:25,    69, 40.80, 33.00,  7.80
         0,     0, 9,13:13:33,13:13:44,    11, 33.00, 41.10, -8.10
  12706659,  7068, 2,13:10:18,13:13:48,   210, 42.40, 19.70, 22.70
  21306958,  5124, 7,13:11:43,13:14:02,   139, 41.40, 40.90,  0.50
         0,     0, 2,13:13:56,13:14:20,    24, 19.70, 43.90,-24.20
  13008836,     0, 8,13:12:41,13:15:29,   168, 41.40, 28.00, 13.40
         0,     0, 8,13:15:37,13:15:50,    13, 28.00, 41.00,-13.00
  12448448,  6061, 3,13:18:01,13:19:20,    79, 45.70, 46.80, -1.10
  12706686,  7095, 1,13:15:56,13:19:30,   214, 41.40, 31.10, 10.30
         0,     0, 1,13:19:39,13:19:48,     9, 31.10, 41.30,-10.20
  12199981,  5035, 5,13:19:27,13:19:55,    28, 40.80, 35.30,  5.50
         0,     0, 5,13:20:04,13:20:09,     5, 35.30, 40.90, -5.60
  12448448,  6061, 4,13:19:28,13:20:29,    61, 43.90, 43.70,  0.20
  12448448,  6061, 4,13:20:54,13:21:27,    33, 43.80, 43.50,  0.30
  21306958,  5124, 8,13:16:17,13:21:40,   323, 40.20, 30.40,  9.80
         0,     0, 8,13:21:49,13:22:00,    11, 30.40, 41.10,-10.70
  13008820,     0, 7,13:14:44,13:24:17,   573, 40.60, 23.70, 16.90
         0,     0, 7,13:24:25,13:24:36,    11, 23.70, 41.40,-17.70
  11954075,  4105, 2,13:23:58,13:25:11,    73, 43.90, 30.20, 13.70
         0,     0, 2,13:25:19,13:25:32,    13, 30.20, 43.90,-13.70
  21306958,  5124, 8,13:25:28,13:25:34,     6, 41.00, 40.90,  0.10
  13008802,     0, 9,13:26:47,13:26:51,     4, 41.00, 41.10, -0.10
  13008802,     0, 9,13:27:35,13:27:49,    14, 41.10, 40.20,  0.90
  13008802,     0, 9,13:28:20,13:28:21,     1, 40.10, 40.10,  0.00
  13323358,     0, 8,13:30:38,13:31:18,    40, 40.80, 39.40,  1.40
         0,     0, 8,13:31:27,13:31:28,     1, 39.40, 40.80, -1.40
  13323358,     0, 8,13:32:36,13:32:40,     4, 33.30, 33.20,  0.10
         0,     0, 8,13:32:48,13:32:56,     8, 33.20, 41.10, -7.90
  12706616,  7025, 1,13:31:39,13:33:17,    98, 41.30, 24.70, 16.60
         0,     0, 1,13:33:25,13:33:41,    16, 24.70, 41.20,-16.50
  12448448,  6061, 5,13:35:16,13:36:03,    47, 41.00, 40.90,  0.10
  13323427,     0, 7,13:26:45,13:38:08,   683, 41.40, 25.50, 15.90
         0,     0, 7,13:38:16,13:38:26,    10, 25.50, 41.50,-16.00
  11954056,     0, 8,13:38:27,13:39:04,    37, 40.70, 39.50,  1.20
         0,     0, 8,13:39:13,13:39:14,     1, 39.50, 40.80, -1.30
  12448471,  6084, 5,13:37:48,13:39:39,   111, 40.90, 25.90, 15.00
  11954056,     0, 8,13:39:37,13:39:39,     2, 38.60, 38.80, -0.20
         0,     0, 8,13:39:48,13:39:50,     2, 38.80, 38.30,  0.50
  12706727,  7136, 4,13:37:23,13:39:56,   153, 43.70, 24.10, 19.60
         0,     0, 5,13:39:46,13:40:01,    15, 25.90, 40.70,-14.80
         0,     0, 4,13:40:03,13:40:22,    19, 24.10, 43.20,-19.10
  11724109,  6068, 2,13:36:30,13:40:24,   234, 43.90, 25.00, 18.90
         0,     0, 2,13:40:32,13:40:51,    19, 25.00, 44.00,-19.00
  12706655,  7064, 4,13:44:21,13:44:55,    34, 43.60, 43.90, -0.30
  12200042,  5096, 2,13:43:41,13:45:51,   130, 44.00, 29.90, 14.10
         0,     0, 2,13:45:58,13:46:11,    13, 29.90, 43.80,-13.90
  12706639,  7048, 2,13:47:08,13:48:18,    70, 43.90, 36.00,  7.90
         0,     0, 2,13:48:27,13:48:34,     7, 36.00, 43.90, -7.90
  12706637,  7046, 4,13:45:08,13:48:38,   210, 43.80, 21.80, 22.00
         0,     0, 4,13:48:46,13:49:07,    21, 21.80, 43.50,-21.70
  12706637,  7046, 4,13:49:25,13:50:05,    40, 43.90, 38.40,  5.50
         0,     0, 4,13:50:12,13:50:16,     4, 38.40, 43.30, -4.90
  12706655,  7064, 4,13:50:46,13:51:19,    33, 43.50, 43.20,  0.30
  12706615,     0,10,13:49:43,13:52:23,   160, 39.90, 28.00, 11.90
         0,     0,10,13:52:31,13:52:45,    14, 28.00, 41.20,-13.20
  21306958,  5124, 8,13:49:12,13:52:58,   226, 28.50, 27.90,  0.60
  12199986,     0, 7,13:43:45,13:53:05,   560, 41.50, 26.50, 15.00
  12706655,  7064, 3,13:51:25,13:53:12,   107, 45.70, 32.40, 13.30
         0,     0, 8,13:53:07,13:53:24,    17, 27.90, 40.70,-12.80
         0,     0, 7,13:53:13,13:53:25,    12, 26.50, 41.30,-14.80
         0,     0, 3,13:53:20,13:53:33,    13, 32.40, 32.30,  0.10
  12706669,  7078, 2,13:50:08,13:54:56,   288, 43.90, 27.70, 16.20
         0,     0, 2,13:55:05,13:55:21,    16, 27.70, 43.90,-16.20
  11724239,  3139, 1,13:51:28,13:56:27,   299, 41.20, 32.80,  8.40
         0,     0, 1,13:56:35,13:56:42,     7, 32.80, 41.30, -8.50
  11724239,  3139, 1,13:56:53,13:57:57,    64, 41.30, 32.40,  8.90
  12448437,  6050, 8,13:53:57,13:58:02,   245, 40.70, 33.40,  7.30
         0,     0, 1,13:58:04,13:58:12,     8, 32.40, 41.20, -8.80
  12706601,     0, 9,13:55:55,13:58:12,   137, 40.10, 32.00,  8.10
         0,     0, 8,13:58:09,13:58:17,     8, 33.40, 41.10, -7.70
         0,     0, 9,13:58:20,13:58:32,    12, 32.00, 41.20, -9.20
  12706601,     0, 9,13:58:42,13:58:43,     1, 40.60, 40.60,  0.00
  21268825,  6087, 2,13:56:43,13:59:47,   184, 43.90, 27.50, 16.40
         0,     0, 2,13:59:54,14:00:10,    16, 27.50, 43.80,-16.30
  21268104,  6067, 1,13:58:40,14:00:16,    96, 41.20, 31.50,  9.70
         0,     0, 1,14:00:25,14:00:34,     9, 31.50, 41.30, -9.80
  12706630,  7039,10,14:01:49,14:01:52,     3, 41.20, 40.90,  0.30
  12706630,  7039,10,14:02:25,14:02:35,    10, 40.50, 39.10,  1.40
         0,     0,10,14:02:44,14:02:45,     1, 39.10, 41.20, -2.10
  12706630,  7039, 9,14:03:09,14:03:24,    15, 40.60, 39.50,  1.10
         0,     0, 9,14:03:31,14:03:32,     1, 39.50, 41.10, -1.60
  12200066,  5120, 4,14:01:33,14:04:36,   183, 43.10, 30.50, 12.60
  12706630,  7039,10,14:03:39,14:04:48,    69, 41.20, 34.90,  6.30
         0,     0, 4,14:04:44,14:04:57,    13, 30.50, 43.30,-12.80
         0,     0,10,14:04:57,14:05:03,     6, 34.90, 41.10, -6.20
  12448448,  6061, 3,14:05:43,14:06:09,    26, 46.00, 46.80, -0.80
  12706618,     0, 9,14:07:10,14:09:30,   140, 41.10, 32.10,  9.00
         0,     0, 9,14:09:39,14:09:51,    12, 32.10, 41.00, -8.90
  12199969,     0, 9,14:14:27,14:15:39,    72, 41.10, 33.70,  7.40
         0,     0, 9,14:15:46,14:15:55,     9, 33.70, 41.00, -7.30
  13008763,     0, 9,14:17:16,14:17:25,     9, 41.10, 40.10,  1.00
  13008756,  7115, 5,14:16:59,14:18:15,    76, 40.80, 32.30,  8.50
  13008763,     0, 9,14:17:35,14:18:24,    49, 40.10, 30.20,  9.90
  13008800,     0, 8,14:16:08,14:18:25,   137, 41.10, 33.10,  8.00
         0,     0, 5,14:18:23,14:18:31,     8, 32.30, 40.60, -8.30
         0,     0, 8,14:18:33,14:18:41,     8, 33.10, 41.10, -8.00
         0,     0, 9,14:18:31,14:18:46,    15, 30.20, 41.10,-10.90
  11954050,  4080, 3,14:18:35,14:19:54,    79, 45.90, 43.10,  2.80
         0,     0, 3,14:20:02,14:20:04,     2, 43.10, 46.10, -3.00
  11954050,  4080, 3,14:20:44,14:21:21,    37, 45.80, 43.00,  2.80
         0,     0, 3,14:21:28,14:21:30,     2, 43.00, 46.30, -3.30
  11954050,  4080, 4,14:21:55,14:22:35,    40, 43.70, 40.20,  3.50
         0,     0, 4,14:22:43,14:22:46,     3, 40.20, 43.40, -3.20
  12200048,     0, 8,14:27:02,14:27:03,     1, 34.90, 35.00, -0.10
         0,     0, 8,14:27:10,14:27:16,     6, 35.00, 41.10, -6.10
  21268104,  6067, 5,14:27:49,14:27:53,     4, 40.70, 40.70,  0.00
  13008786,     0, 8,14:30:24,14:30:30,     6, 41.10, 41.10,  0.00
  12706655,  7064, 1,14:28:12,14:30:58,   166, 41.30, 32.60,  8.70
  13323435,     0, 9,14:29:05,14:30:59,   114, 41.00, 35.20,  5.80
         0,     0, 1,14:31:06,14:31:14,     8, 32.60, 41.30, -8.70
         0,     0, 9,14:31:07,14:31:15,     8, 35.20, 41.00, -5.80
  13323434,     0, 9,14:32:09,14:32:10,     1, 40.90, 40.90,  0.00
  13008786,     0, 8,14:30:45,14:32:42,   117, 41.10, 31.30,  9.80
  13323434,     0, 9,14:32:42,14:32:44,     2, 40.70, 40.70,  0.00
  12448409,  6022, 5,14:31:56,14:32:50,    54, 40.80, 40.70,  0.10
         0,     0, 8,14:32:50,14:33:00,    10, 31.30, 41.10, -9.80
  13323434,     0, 9,14:35:02,14:35:19,    17, 40.40, 39.90,  0.50
         0,     0, 9,14:35:26,14:35:27,     1, 39.90, 40.90, -1.00
  13323434,     0, 9,14:35:44,14:35:59,    15, 40.40, 40.00,  0.40
         0,     0, 9,14:36:07,14:36:07,     0, 40.00, 40.90, -0.90
  13323434,     0, 9,14:37:12,14:37:13,     1, 35.40, 35.40,  0.00
         0,     0, 9,14:37:22,14:37:29,     7, 35.40, 41.00, -5.60
  12448409,  6022, 4,14:36:36,14:39:10,   154, 43.60, 24.80, 18.80
         0,     0, 4,14:39:18,14:39:37,    19, 24.80, 43.40,-18.60
  13323416,     0,10,14:38:43,14:39:56,    73, 28.00, 19.10,  8.90
         0,     0,10,14:40:04,14:40:28,    24, 19.10, 41.10,-22.00
  12448448,  6061, 4,14:39:49,14:40:32,    43, 43.90, 43.90,  0.00
  12706651,  7060, 1,14:38:20,14:41:21,   181, 41.30, 23.90, 17.40
  12706710,  7119, 2,14:38:59,14:41:22,   143, 43.70, 29.50, 14.20
         0,     0, 1,14:41:28,14:41:45,    17, 23.90, 41.30,-17.40
         0,     0, 2,14:41:30,14:41:45,    15, 29.50, 43.80,-14.30
  13323427,     0, 8,14:41:15,14:46:07,   292, 41.10, 29.50, 11.60
         0,     0, 8,14:46:15,14:46:27,    12, 29.50, 41.10,-11.60
  12448448,  6061, 2,14:41:56,14:46:56,   300, 43.80, 15.20, 28.60
         0,     0, 2,14:47:03,14:47:32,    29, 15.20, 43.90,-28.70
  13323432,     0,10,14:48:33,14:48:45,    12, 41.10, 40.50,  0.60
  13323432,     0,10,14:49:46,14:49:47,     1, 36.60, 36.60,  0.00
         0,     0,10,14:49:55,14:49:59,     4, 36.60, 41.20, -4.60
  13323432,     0,10,14:50:11,14:50:27,    16, 41.20, 39.00,  2.20
         0,     0,10,14:50:34,14:50:35,     1, 39.00, 41.30, -2.30
  13323432,     0, 9,14:50:49,14:51:05,    16, 41.00, 40.10,  0.90
  12706710,  7119, 5,14:50:43,14:51:13,    30, 40.70, 40.50,  0.20
  13323432,     0, 9,14:52:14,14:52:41,    27, 40.10, 39.10,  1.00
         0,     0, 9,14:52:49,14:52:51,     2, 39.10, 41.10, -2.00
  13008792,     0, 8,14:52:22,14:52:56,    34, 41.20, 41.20,  0.00
  12706601,     0, 9,14:53:41,14:55:10,    89, 41.10, 35.10,  6.00
         0,     0, 9,14:55:18,14:55:25,     7, 35.10, 41.10, -6.00
  13323425,     0, 9,14:58:57,14:58:58,     1, 40.80, 40.80,  0.00
  13323425,     0, 9,14:59:36,15:00:22,    46, 40.50, 35.60,  4.90
         0,     0, 9,15:00:30,15:00:37,     7, 35.60, 41.10, -5.50
  13008737,     0, 8,15:08:55,15:08:56,     1, 41.30, 41.20,  0.10
  21306958,  5124, 7,14:01:22,15:09:06,  4064, 41.10, 19.80, 21.30
         0,     0, 7,15:09:14,15:09:28,    14, 19.80, 41.50,-21.70
  13008765,     0, 9,15:18:47,15:19:11,    24, 41.10, 38.80,  2.30
         0,     0, 9,15:19:18,15:19:20,     2, 38.80, 41.10, -2.30
  13008792,     0, 8,15:18:35,15:19:58,    83, 40.30, 32.60,  7.70
         0,     0, 8,15:20:06,15:20:15,     9, 32.60, 41.10, -8.50
  13008792,     0, 8,15:20:45,15:20:49,     4, 34.60, 34.60,  0.00
         0,     0, 8,15:20:57,15:21:04,     7, 34.60, 41.10, -6.50
  13008800,     0, 8,15:21:42,15:22:53,    71, 38.70, 34.70,  4.00
         0,     0, 8,15:23:02,15:23:08,     6, 34.70, 41.10, -6.40
  12448420,     0, 9,15:34:35,15:35:51,    76, 41.10, 40.50,  0.60
  12448420,     0, 9,15:36:03,15:36:48,    45, 40.50, 38.30,  2.20
         0,     0, 9,15:36:56,15:36:59,     3, 38.30, 40.90, -2.60
  12448420,     0, 9,15:37:12,15:37:12,     0, 40.40, 40.50, -0.10
  12448420,     0, 9,15:37:24,15:37:57,    33, 40.50, 39.50,  1.00
         0,     0, 9,15:38:05,15:38:06,     1, 39.50, 41.10, -1.60
  12199981,  5035, 2,15:39:38,15:40:29,    51, 43.90, 27.80, 16.10
         0,     0, 2,15:40:37,15:40:53,    16, 27.80, 43.90,-16.10
  13008737,     0, 7,15:09:39,15:40:51,  1872, 41.50, 23.70, 17.80
         0,     0, 7,15:40:58,15:41:09,    11, 23.70, 23.70,  0.00
  13008800,     0, 8,15:41:41,15:42:25,    44, 41.00, 35.60,  5.40
  12200005,  5059, 2,15:41:52,15:42:30,    38, 43.90, 43.90,  0.00
  12448416,  6029, 4,15:40:53,15:42:32,    99, 44.00, 29.70, 14.30
         0,     0, 8,15:42:33,15:42:38,     5, 35.60, 41.10, -5.50
         0,     0, 4,15:42:41,15:42:54,    13, 29.70, 29.60,  0.10
  21292480,  6005, 1,15:41:19,15:42:59,   100, 41.30, 21.60, 19.70
         0,     0, 1,15:43:07,15:43:26,    19, 21.60, 41.30,-19.70
  21268104,  6067, 5,15:40:33,15:43:38,   185, 40.40, 26.40, 14.00
         0,     0, 5,15:43:45,15:43:59,    14, 26.40, 40.80,-14.40
  13008815,     0, 8,15:43:06,15:44:32,    86, 40.90, 34.10,  6.80
  11953978,  4008, 4,15:43:44,15:44:35,    51, 43.70, 31.90, 11.80
  12199977,     0, 7,15:41:22,15:44:40,   198, 41.40, 33.70,  7.70
         0,     0, 8,15:44:40,15:44:45,     5, 34.10, 40.10, -6.00
         0,     0, 7,15:44:47,15:44:52,     5, 33.70, 40.70, -7.00
  13008765,     0, 9,15:43:48,15:44:49,    61, 41.00, 34.30,  6.70
         0,     0, 4,15:44:43,15:44:54,    11, 31.90, 43.40,-11.50
         0,     0, 9,15:44:57,15:45:05,     8, 34.30, 41.00, -6.70
  11953978,  4008, 4,15:45:26,15:46:07,    41, 43.80, 33.10, 10.70
         0,     0, 4,15:46:14,15:46:24,    10, 33.10, 43.20,-10.10
  12706636,  7045, 5,15:44:09,15:46:21,   132, 40.80, 23.50, 17.30
  12200046,  5100, 2,15:45:19,15:46:33,    74, 43.90, 32.00, 11.90
         0,     0, 5,15:46:29,15:46:46,    17, 23.50, 40.70,-17.20
         0,     0, 2,15:46:41,15:46:52,    11, 32.00, 43.90,-11.90
  13008836,     0, 7,15:45:12,15:47:23,   131, 39.60, 39.30,  0.30
         0,     0, 7,15:47:30,15:47:31,     1, 39.30, 41.10, -1.80
  13008836,     0, 8,15:46:38,15:47:59,    81, 38.40, 29.20,  9.20
         0,     0, 8,15:48:06,15:48:18,    12, 29.20, 41.00,-11.80
  12706639,  7048, 1,15:49:17,15:49:24,     7, 41.40, 41.30,  0.10
  12706639,  7048, 1,15:49:41,15:49:45,     4, 41.30, 41.30,  0.00
  12706639,  7048, 1,15:50:06,15:51:05,    59, 41.30, 41.20,  0.10
  12706639,  7048, 1,15:51:30,15:51:36,     6, 41.20, 41.20,  0.00
  13008837,     0, 7,15:47:48,15:53:31,   343, 41.10, 39.30,  1.80
         0,     0, 7,15:53:38,15:53:39,     1, 39.30, 40.90, -1.60
  13008786,     0, 8,15:52:40,15:54:16,    96, 40.50, 30.50, 10.00
         0,     0, 8,15:54:24,15:54:35,    11, 30.50, 41.10,-10.60
  12706639,  7048, 1,15:52:53,15:55:04,   131, 41.20, 24.00, 17.20
  12200005,  5059, 4,15:54:58,15:55:06,     8, 43.50, 43.20,  0.30
  12706669,  7078, 2,15:51:43,15:55:08,   205, 43.90, 31.10, 12.80
         0,     0, 2,15:55:15,15:55:28,    13, 31.10, 43.90,-12.80
         0,     0, 1,15:55:12,15:55:29,    17, 24.00, 41.20,-17.20
  13323358,     0, 7,15:54:19,15:56:46,   147, 34.50, 34.50,  0.00
         0,     0, 7,15:56:53,15:56:57,     4, 34.50, 34.50,  0.00
  13008786,     0, 7,15:57:07,15:58:10,    63, 41.50, 41.40,  0.10
  12200005,  5059, 3,15:58:02,15:58:22,    20, 45.50, 46.50, -1.00
  13008756,  7115, 1,15:58:56,16:01:02,   126, 41.20, 23.50, 17.70
         0,     0, 1,16:01:10,16:01:27,    17, 23.50, 41.30,-17.80
  12200005,  5059, 3,16:00:44,16:01:27,    43, 46.30, 46.20,  0.10
  13008837,     0, 8,16:00:15,16:01:32,    77, 40.10, 32.40,  7.70
         0,     0, 8,16:01:40,16:01:49,     9, 32.40, 41.10, -8.70
  12706648,  7057, 5,16:01:57,16:04:11,   134, 40.80, 17.90, 22.90
         0,     0, 5,16:04:18,16:04:41,    23, 17.90, 40.90,-23.00
  12448521,     0, 8,16:05:48,16:05:51,     3, 41.00, 41.00,  0.00
  13008735,  7156, 3,16:03:49,16:06:22,   153, 45.60, 33.40, 12.20
  13008837,     0, 7,15:58:21,16:06:24,   483, 41.40, 40.70,  0.70
  12200005,  5059, 4,16:02:02,16:06:35,   273, 43.50, 25.70, 17.80
         0,     0, 3,16:06:29,16:06:41,    12, 33.40, 33.30,  0.10
         0,     0, 4,16:06:42,16:06:59,    17, 25.70, 43.20,-17.50
  12706616,  7025, 2,16:05:11,16:07:02,   111, 43.90, 29.90, 14.00
         0,     0, 2,16:07:10,16:07:23,    13, 29.90, 43.90,-14.00
  12448521,     0, 8,16:07:46,16:07:56,    10, 38.70, 38.70,  0.00
         0,     0, 8,16:08:05,16:08:07,     2, 38.70, 41.00, -2.30
  12706686,  7095, 1,16:07:00,16:09:11,   131, 41.30, 27.60, 13.70
         0,     0, 1,16:09:19,16:09:31,    12, 27.60, 41.30,-13.70
  12200007,  5061, 1,16:10:07,16:12:03,   116, 41.30, 20.10, 21.20
  12448521,     0, 8,16:11:27,16:12:14,    47, 37.00, 32.90,  4.10
         0,     0, 8,16:12:21,16:12:29,     8, 32.90, 41.00, -8.10
         0,     0, 1,16:12:11,16:12:31,    20, 20.10, 41.30,-21.20
  12706705,  7114, 3,16:09:08,16:12:42,   214, 46.40, 36.00, 10.40
         0,     0, 3,16:12:49,16:12:58,     9, 36.00, 36.10, -0.10
  12448521,     0, 8,16:13:03,16:13:05,     2, 38.60, 38.60,  0.00
         0,     0, 8,16:13:12,16:13:14,     2, 38.60, 41.00, -2.40
  12706705,  7114, 3,16:13:11,16:14:36,    85, 46.50, 32.10, 14.40
  12448409,  6022, 2,16:13:13,16:14:38,    85, 43.90, 42.90,  1.00
         0,     0, 3,16:14:44,16:14:57,    13, 32.10, 32.00,  0.10
  12448416,  6029, 2,16:15:08,16:15:23,    15, 42.90, 42.90,  0.00
  12448409,  6022, 1,16:15:27,16:15:34,     7, 41.30, 41.30,  0.00
  12448479,  6092, 2,16:15:50,16:17:10,    80, 42.90, 40.50,  2.40
         0,     0, 2,16:17:18,16:17:20,     2, 40.50, 43.80, -3.30
  12199988,  5042, 2,16:17:31,16:19:08,    97, 43.90, 38.90,  5.00
  12448479,  6092, 1,16:17:33,16:19:12,    99, 41.30, 22.80, 18.50
         0,     0, 2,16:19:16,16:19:20,     4, 38.90, 43.80, -4.90
         0,     0, 1,16:19:20,16:19:37,    17, 22.80, 41.30,-18.50
  12706710,  7119, 2,16:19:30,16:19:42,    12, 43.80, 43.60,  0.20
  12706700,  7109, 4,16:19:51,16:19:56,     5, 43.70, 44.80, -1.10
  12448473,  6086, 1,16:20:09,16:20:56,    47, 41.30, 38.00,  3.30
  12706710,  7119, 2,16:20:17,16:20:59,    42, 43.60, 43.00,  0.60
         0,     0, 1,16:21:04,16:21:06,     2, 38.00, 41.20, -3.20
  13008792,     0, 8,16:21:52,16:21:55,     3, 40.90, 41.00, -0.10
  12706710,  7119, 2,16:21:40,16:22:52,    72, 43.00, 32.10, 10.90
  13008792,     0, 8,16:22:55,16:22:56,     1, 40.90, 40.90,  0.00
         0,     0, 2,16:22:59,16:23:10,    11, 32.10, 43.90,-11.80
  12448483,  6096, 3,16:20:42,16:23:30,   168, 45.90, 22.80, 23.10
         0,     0, 3,16:23:39,16:24:00,    21, 22.80, 22.80,  0.00
  12448473,  6086, 2,16:23:51,16:25:17,    86, 43.90, 30.10, 13.80
  12199988,  5042, 1,16:23:50,16:25:20,    90, 41.20, 25.50, 15.70
  12706650,  7059, 5,16:23:35,16:25:25,   110, 40.80, 29.60, 11.20
         0,     0, 2,16:25:24,16:25:38,    14, 30.10, 43.80,-13.70
         0,     0, 5,16:25:33,16:25:44,    11, 29.60, 40.70,-11.10
         0,     0, 1,16:25:29,16:25:45,    16, 25.50, 41.30,-15.80
  11499161,  2051, 3,16:26:09,16:28:04,   115, 46.60, 34.70, 11.90
         0,     0, 3,16:28:12,16:28:22,    10, 34.70, 34.60,  0.10
  12448416,  6029, 2,16:25:58,16:28:25,   147, 43.90, 36.60,  7.30
         0,     0, 2,16:28:32,16:28:38,     6, 36.60, 43.90, -7.30
  12706700,  7109, 3,16:28:32,16:29:54,    82, 34.60, 30.90,  3.70
         0,     0, 3,16:30:02,16:30:16,    14, 30.90, 30.80,  0.10
  12199987,  5041, 4,16:26:03,16:30:14,   251, 44.40, 28.60, 15.80
  12448415,     0, 8,16:30:17,16:30:31,    14, 40.90, 40.90,  0.00
         0,     0, 4,16:30:22,16:30:36,    14, 28.60, 43.30,-14.70
  13008815,     0, 7,16:15:01,16:30:35,   934, 40.70, 34.50,  6.20
  12448471,  6084, 5,16:29:15,16:30:38,    83, 40.80, 29.60, 11.20
         0,     0, 7,16:30:42,16:30:46,     4, 34.50, 34.40,  0.10
         0,     0, 5,16:30:46,16:30:57,    11, 29.60, 40.80,-11.20
  12706707,  7116, 4,16:30:54,16:31:26,    32, 44.00, 44.30, -0.30
  12448415,     0, 8,16:31:36,16:31:42,     6, 40.80, 40.80,  0.00
  12448451,  6064, 2,16:30:56,16:32:11,    75, 43.90, 43.80,  0.10
  12706701,  7110, 2,16:32:22,16:35:05,   163, 43.80, 24.40, 19.40
         0,     0, 2,16:35:13,16:35:32,    19, 24.40, 43.90,-19.50
  11724109,  6068, 4,16:35:37,16:35:42,     5, 43.60, 43.80, -0.20
  13008747,     0, 9,16:35:08,16:36:36,    88, 25.10, 18.70,  6.40
         0,     0, 9,16:36:45,16:37:16,    31, 18.70, 41.00,-22.30
  12706604,     0, 8,16:38:36,16:38:50,    14, 40.80, 40.70,  0.10
  12706604,     0, 8,16:39:02,16:39:14,    12, 40.70, 40.60,  0.10
  12706604,     0, 8,16:39:40,16:40:10,    30, 40.60, 40.10,  0.50
  11954014,  4044, 2,16:39:02,16:40:15,    73, 43.90, 26.10, 17.80
  11724109,  6068, 1,16:39:48,16:40:17,    29, 41.30, 41.20,  0.10
  12706604,     0, 8,16:40:33,16:40:34,     1, 39.50, 39.50,  0.00
         0,     0, 2,16:40:24,16:40:41,    17, 26.10, 43.90,-17.80
         0,     0, 8,16:40:41,16:40:42,     1, 39.50, 41.10, -1.60
  12448415,     0, 7,16:31:01,16:40:52,   591, 41.10, 23.70, 17.40
         0,     0, 7,16:40:59,16:41:10,    11, 23.70, 40.80,-17.10
  12706707,  7116, 5,16:40:24,16:41:20,    56, 40.80, 31.30,  9.50
  12706634,     0, 8,16:41:01,16:41:28,    27, 41.30, 41.10,  0.20
         0,     0, 5,16:41:28,16:41:37,     9, 31.30, 40.80, -9.50
  12448477,  6090, 3,16:40:03,16:42:38,   155, 45.80, 33.20, 12.60
         0,     0, 3,16:42:45,16:42:57,    12, 33.20, 33.50, -0.30
  12706634,     0, 8,16:41:54,16:43:05,    71, 41.10, 35.00,  6.10
         0,     0, 8,16:43:12,16:43:18,     6, 35.00, 41.10, -6.10
  12706634,     0, 8,16:43:48,16:44:19,    31, 41.10, 36.70,  4.40
  11724109,  6068, 2,16:41:25,16:44:21,   176, 43.90, 29.30, 14.60
         0,     0, 8,16:44:27,16:44:31,     4, 36.70, 41.10, -4.40
         0,     0, 2,16:44:30,16:44:44,    14, 29.30, 43.90,-14.60
  12706651,  7060, 3,16:43:13,16:45:45,   152, 46.00, 33.50, 12.50
         0,     0, 3,16:45:54,16:46:05,    11, 33.50, 33.40,  0.10
  13008820,     0, 8,16:47:08,16:47:10,     2, 40.90, 40.90,  0.00
  11724239,  3139, 1,16:45:37,16:49:07,   210, 41.20, 28.60, 12.60
         0,     0, 1,16:49:15,16:49:27,    12, 28.60, 41.30,-12.70
  13008820,     0, 8,16:49:56,16:49:58,     2, 39.90, 40.00, -0.10
         0,     0, 8,16:50:07,16:50:07,     0, 40.00, 40.60, -0.60
  12706604,     0, 7,16:41:30,16:51:33,   603, 38.20, 21.60, 16.60
         0,     0, 7,16:51:41,16:51:53,    12, 21.60, 41.20,-19.60
  11499161,  2051, 1,16:50:53,16:54:03,   190, 41.30, 31.10, 10.20
         0,     0, 1,16:54:12,16:54:21,     9, 31.10, 41.20,-10.10
  13008820,     0, 7,16:52:49,16:57:48,   299, 40.00, 40.00,  0.00
  12200085,     0, 9,16:57:24,16:57:52,    28, 41.10, 40.50,  0.60
  13008779,     0, 8,16:57:09,16:58:42,    93, 40.50, 33.50,  7.00
  12200085,     0, 9,16:58:35,16:58:49,    14, 40.60, 39.10,  1.50
         0,     0, 8,16:58:51,16:58:59,     8, 33.50, 41.00, -7.50
         0,     0, 9,16:58:58,16:59:00,     2, 39.10, 41.20, -2.10
  21268104,  6067, 5,16:58:55,17:00:11,    76, 40.80, 31.30,  9.50
  12200085,     0,10,17:00:08,17:00:11,     3, 26.60, 26.60,  0.00
         0,     0, 5,17:00:19,17:00:28,     9, 31.30, 40.70, -9.40
         0,     0,10,17:00:19,17:00:35,    16, 26.60, 41.20,-14.60
  12200085,     0,10,17:00:52,17:01:05,    13, 41.20, 38.20,  3.00
         0,     0,10,17:01:12,17:01:14,     2, 38.20, 41.10, -2.90
  12706727,  7136, 1,17:02:47,17:04:16,    89, 41.20, 41.10,  0.10
  12200007,  5061, 5,17:04:07,17:05:21,    74, 40.70, 31.60,  9.10
         0,     0, 5,17:05:30,17:05:39,     9, 31.60, 40.80, -9.20
  21268825,  6087, 3,17:03:25,17:05:46,   141, 46.30, 32.90, 13.40
         0,     0, 3,17:05:53,17:06:05,    12, 32.90, 32.60,  0.30
  12706727,  7136, 1,17:04:39,17:06:30,   111, 41.10, 22.50, 18.60
  12706659,  7068, 2,17:03:55,17:06:36,   161, 43.90, 22.40, 21.50
         0,     0, 1,17:06:38,17:06:59,    21, 22.50, 41.20,-18.70
         0,     0, 2,17:06:44,17:07:10,    26, 22.40, 43.90,-21.50
  12706707,  7116, 2,17:07:29,17:08:18,    49, 43.90, 36.50,  7.40
         0,     0, 2,17:08:26,17:08:33,     7, 36.50, 43.80, -7.30
  12706710,  7119, 1,17:07:38,17:08:40,    62, 41.20, 37.70,  3.50
         0,     0, 1,17:08:47,17:08:49,     2, 37.70, 41.30, -3.60
  12706650,  7059, 3,17:11:31,17:12:32,    61, 45.80, 40.40,  5.40
  12448473,  6086, 1,17:11:31,17:12:37,    66, 41.30, 31.40,  9.90
  13323358,     0, 8,17:12:34,17:12:40,     6, 39.80, 39.60,  0.20
         0,     0, 3,17:12:40,17:12:45,     5, 40.40, 40.30,  0.10
         0,     0, 8,17:12:49,17:12:50,     1, 39.60, 40.90, -1.30
         0,     0, 1,17:12:46,17:12:55,     9, 31.40, 41.30, -9.90
  13323358,     0, 8,17:13:07,17:13:11,     4, 40.00, 40.00,  0.00
  12706650,  7059, 3,17:13:04,17:13:42,    38, 46.50, 42.80,  3.70
         0,     0, 3,17:13:49,17:13:51,     2, 42.80, 46.30, -3.50
  12199969,     0, 9,17:13:25,17:14:52,    87, 41.20, 37.20,  4.00
         0,     0, 9,17:15:00,17:15:05,     5, 37.20, 41.10, -3.90
  11954050,  4080, 1,17:14:08,17:15:35,    87, 41.40, 29.50, 11.90
  21306958,  5124, 8,17:15:34,17:15:41,     7, 40.00, 40.00,  0.00
         0,     0, 8,17:15:50,17:15:50,     0, 40.00, 40.50, -0.50
         0,     0, 1,17:15:43,17:15:54,    11, 29.50, 41.20,-11.70
  12448479,  6092, 2,17:13:05,17:16:00,   175, 43.80, 32.70, 11.10
         0,     0, 2,17:16:07,17:16:17,    10, 32.70, 43.90,-11.20
  21306958,  5124, 8,17:16:00,17:17:03,    63, 40.50, 38.50,  2.00
         0,     0, 8,17:17:11,17:17:13,     2, 38.50, 41.00, -2.50
  12200083,     0, 9,17:19:51,17:19:53,     2, 41.00, 41.10, -0.10
  12706650,  7059, 2,17:19:25,17:20:32,    67, 43.90, 41.10,  2.80
         0,     0, 2,17:20:39,17:20:40,     1, 41.10, 43.90, -2.80
  12200083,     0, 9,17:20:52,17:20:53,     1, 36.50, 36.50,  0.00
         0,     0, 9,17:21:01,17:21:07,     6, 36.50, 41.10, -4.60
  12200083,     0, 9,17:21:47,17:21:57,    10, 41.10, 40.20,  0.90
  12706700,  7109, 5,17:22:50,17:23:46,    56, 40.80, 25.00, 15.80
         0,     0, 5,17:23:55,17:24:10,    15, 25.00, 40.80,-15.80
  13008756,  7115, 5,17:25:14,17:25:18,     4, 40.70, 40.70,  0.00
  13323435,     0, 9,17:23:08,17:25:27,   139, 40.20, 37.30,  2.90
         0,     0, 9,17:25:36,17:25:40,     4, 37.30, 41.10, -3.80
  12706707,  7116, 2,17:25:16,17:25:40,    24, 43.90, 43.00,  0.90
  21306958,  5124, 7,16:57:57,17:26:57,  1740, 40.00, 31.90,  8.10
         0,     0, 7,17:27:06,17:27:12,     6, 31.90, 41.40, -9.50
  12199981,  5035, 3,17:27:19,17:28:32,    73, 45.80, 32.70, 13.10
         0,     0, 3,17:28:40,17:28:53,    13, 32.70, 32.70,  0.00
  12706710,  7119, 1,17:28:34,17:28:51,    17, 41.20, 41.00,  0.20
  12706701,  7110, 1,17:29:11,17:31:32,   141, 41.00, 27.90, 13.10
         0,     0, 1,17:31:39,17:31:51,    12, 27.90, 41.20,-13.30
  12200042,  5096, 3,17:31:17,17:32:50,    93, 47.30, 28.30, 19.00
         0,     0, 3,17:32:57,17:33:13,    16, 28.30, 28.10,  0.20
  11953978,  4008, 1,17:32:05,17:33:13,    68, 41.20, 36.20,  5.00
         0,     0, 1,17:33:21,17:33:25,     4, 36.20, 41.30, -5.10
  12448451,  6064, 2,17:35:16,17:37:37,   141, 43.00, 22.40, 20.60
         0,     0, 2,17:37:45,17:38:06,    21, 22.40, 43.80,-21.40
  21268104,  6067, 5,17:37:23,17:38:12,    49, 40.80, 40.80,  0.00
  21306958,  5124, 8,17:38:39,17:39:18,    39, 40.90, 40.80,  0.10
  13008756,  7115, 4,17:37:47,17:39:26,    99, 44.10, 30.10, 14.00
  21306958,  5124, 8,17:39:31,17:39:35,     4, 40.80, 40.70,  0.10
         0,     0, 4,17:39:34,17:39:47,    13, 30.10, 43.30,-13.20
  12706609,  7018, 7,17:36:30,17:41:53,   323, 38.10, 32.10,  6.00
         0,     0, 7,17:42:01,17:42:07,     6, 32.10, 32.10,  0.00
  12199988,  5042, 2,17:44:57,17:48:10,   193, 43.90, 38.70,  5.20
         0,     0, 2,17:48:18,17:48:22,     4, 38.70, 43.80, -5.10
  12706618,     0, 9,17:48:32,17:49:50,    78, 41.10, 33.80,  7.30
         0,     0, 9,17:49:58,17:50:07,     9, 33.80, 41.00, -7.20
  12199986,     0, 7,17:46:58,17:51:13,   255, 38.80, 32.50,  6.30
         0,     0, 7,17:51:21,17:51:26,     5, 32.50, 41.40, -8.90
  12706705,  7114, 2,17:50:44,17:53:53,   189, 43.80, 29.30, 14.50
         0,     0, 2,17:54:02,17:54:16,    14, 29.30, 43.80,-14.50
  13008837,     0, 7,17:51:39,17:54:43,   184, 41.30, 41.20,  0.10
  13323416,     0,10,17:55:32,17:57:14,   102, 40.80, 33.30,  7.50
         0,     0,10,17:57:21,17:57:29,     8, 33.30, 41.20, -7.90
  13008786,     0, 8,17:56:52,17:58:03,    71, 39.70, 35.70,  4.00
         0,     0, 8,17:58:10,17:58:15,     5, 35.70, 41.00, -5.30
  11953978,  4008, 2,17:58:26,17:59:28,    62, 43.90, 41.10,  2.80
         0,     0, 2,17:59:35,17:59:36,     1, 41.10, 43.90, -2.80
  13008789,     0, 7,17:54:56,18:01:34,   398, 41.20, 23.10, 18.10
         0,     0, 7,18:01:42,18:01:53,    11, 23.10, 41.30,-18.20
  11954075,  4105, 1,18:01:40,18:02:57,    77, 41.30, 29.00, 12.30
         0,     0, 1,18:03:04,18:03:15,    11, 29.00, 41.30,-12.30
  11954056,     0, 7,18:03:05,18:04:22,    77, 41.10, 38.00,  3.10
         0,     0, 7,18:04:30,18:04:32,     2, 38.00, 41.60, -3.60
  11954056,     0, 8,18:04:29,18:04:30,     1, 34.50, 34.80, -0.30
         0,     0, 8,18:04:39,18:04:45,     6, 34.80, 41.10, -6.30
  21306958,  5124, 8,18:04:55,18:07:19,   144, 41.10, 30.80, 10.30
         0,     0, 8,18:07:28,18:07:39,    11, 30.80, 41.10,-10.30
  21306958,  5124, 8,18:08:08,18:08:11,     3, 39.60, 39.70, -0.10
         0,     0, 8,18:08:20,18:08:21,     1, 39.70, 40.80, -1.10
  12200066,  5120, 4,18:07:04,18:08:32,    88, 43.90, 36.90,  7.00
         0,     0, 4,18:08:39,18:08:45,     6, 36.90, 43.30, -6.40
  12448473,  6086, 2,18:08:38,18:09:41,    63, 43.80, 33.10, 10.70
         0,     0, 2,18:09:49,18:09:59,    10, 33.10, 43.80,-10.70
  12448416,  6029, 1,18:09:37,18:11:34,   117, 41.30, 30.10, 11.20
  12706616,  7025, 4,18:10:54,18:11:43,    49, 43.40, 41.60,  1.80
         0,     0, 1,18:11:42,18:11:52,    10, 30.10, 41.30,-11.20
         0,     0, 4,18:11:51,18:11:52,     1, 41.60, 43.10, -1.50
  12706616,  7025, 3,18:11:59,18:12:50,    51, 46.30, 34.80, 11.50
         0,     0, 3,18:12:58,18:13:08,    10, 34.80, 34.60,  0.20
  12448416,  6029, 1,18:12:02,18:13:10,    68, 41.30, 36.80,  4.50
         0,     0, 1,18:13:18,18:13:21,     3, 36.80, 41.30, -4.50
  12200048,     0, 8,18:11:09,18:13:45,   156, 40.80, 31.10,  9.70
         0,     0, 8,18:13:53,18:14:03,    10, 31.10, 41.10,-10.00
  12200048,     0, 7,18:10:10,18:14:35,   265, 41.60, 41.60,  0.00
  13008792,     0, 7,18:15:02,18:17:06,   124, 41.50, 34.20,  7.30
         0,     0, 7,18:17:13,18:17:17,     4, 34.20, 41.50, -7.30
  12448477,  6090, 3,18:21:17,18:22:33,    76, 46.40, 41.60,  4.80
         0,     0, 3,18:22:40,18:22:43,     3, 41.60, 46.30, -4.70
  12448477,  6090, 3,18:22:55,18:24:02,    67, 45.80, 39.20,  6.60
         0,     0, 3,18:24:10,18:24:16,     6, 39.20, 46.30, -7.10
  12200066,  5120, 4,18:22:49,18:24:29,   100, 43.30, 34.70,  8.60
         0,     0, 4,18:24:37,18:24:45,     8, 34.70, 34.60,  0.10
  12706639,  7048, 1,18:27:35,18:27:48,    13, 41.30, 41.20,  0.10
  12199969,     0, 9,18:26:15,18:27:50,    95, 35.20, 26.30,  8.90
         0,     0, 9,18:27:59,18:28:19,    20, 26.30, 41.00,-14.70
  11499161,  2051, 3,18:26:04,18:28:16,   132, 46.30, 36.20, 10.10
         0,     0, 3,18:28:25,18:28:34,     9, 36.20, 36.50, -0.30
  12199988,  5042, 1,18:28:02,18:29:10,    68, 41.20, 39.30,  1.90
         0,     0, 1,18:29:17,18:29:18,     1, 39.30, 41.20, -1.90
  12706639,  7048, 2,18:27:55,18:29:29,    94, 43.80, 36.00,  7.80
         0,     0, 2,18:29:36,18:29:43,     7, 36.00, 43.90, -7.90
  11724109,  6068, 3,18:29:11,18:30:26,    75, 46.50, 45.60,  0.90
  12448428,  6041, 4,18:30:27,18:30:30,     3, 43.50, 43.80, -0.30
  12199988,  5042, 2,18:30:00,18:31:04,    64, 44.00, 42.40,  1.60
  13008800,     0, 8,18:29:31,18:31:06,    95, 41.20, 35.10,  6.10
         0,     0, 8,18:31:13,18:31:19,     6, 35.10, 41.10, -6.00
  12448428,  6041, 4,18:30:48,18:31:56,    68, 43.80, 26.20, 17.60
         0,     0, 4,18:32:05,18:32:22,    17, 26.20, 43.30,-17.10
  12448409,  6022, 1,18:32:53,18:33:37,    44, 41.20, 41.20,  0.00
  11724109,  6068, 3,18:30:45,18:33:57,   192, 45.80, 38.40,  7.40
         0,     0, 3,18:34:06,18:34:13,     7, 38.40, 38.40,  0.00
  11724239,  3139, 2,18:32:10,18:34:42,   152, 42.40, 38.60,  3.80
         0,     0, 2,18:34:49,18:34:53,     4, 38.60, 43.90, -5.30
  12448409,  6022, 1,18:33:48,18:35:05,    77, 41.20, 39.50,  1.70
         0,     0, 1,18:35:12,18:35:13,     1, 39.50, 41.20, -1.70
  11724109,  6068, 4,18:34:33,18:35:44,    71, 43.70, 36.70,  7.00
         0,     0, 4,18:35:52,18:35:58,     6, 36.70, 36.70,  0.00
  11954075,  4105, 2,18:35:04,18:36:20,    76, 43.90, 28.90, 15.00
  12448409,  6022, 1,18:35:25,18:36:33,    68, 41.20, 19.20, 22.00
         0,     0, 2,18:36:27,18:36:42,    15, 28.90, 43.90,-15.00
         0,     0, 1,18:36:40,18:37:01,    21, 19.20, 41.20,-22.00
  11724239,  3139, 2,18:36:53,18:37:31,    38, 43.90, 43.70,  0.20
  11724239,  3139, 2,18:37:48,18:39:02,    74, 43.60, 39.50,  4.10
         0,     0, 2,18:39:09,18:39:12,     3, 39.50, 43.90, -4.40
  12448448,  6061, 3,18:34:24,18:40:19,   355, 46.40, 25.00, 21.40
  12706634,     0, 8,18:40:13,18:40:25,    12, 41.20, 41.20,  0.00
         0,     0, 3,18:40:27,18:40:46,    19, 25.00, 46.50,-21.50
  12706634,     0, 8,18:40:47,18:42:51,   124, 41.20, 33.80,  7.40
         0,     0, 8,18:42:59,18:43:06,     7, 33.80, 41.10, -7.30
  13008737,     0, 7,18:17:29,18:43:33,  1564, 41.40, 27.10, 14.30
         0,     0, 7,18:43:40,18:43:49,     9, 27.10, 27.20, -0.10
  13008735,  7156, 1,18:41:26,18:44:00,   154, 41.20, 26.10, 15.10
  12706686,  7095, 4,18:40:44,18:44:01,   197, 43.20, 27.30, 15.90
         0,     0, 1,18:44:07,18:44:22,    15, 26.10, 41.30,-15.20
         0,     0, 4,18:44:09,18:44:25,    16, 27.30, 43.20,-15.90
  12706650,  7059, 5,18:46:17,18:47:31,    74, 40.80, 33.40,  7.40
         0,     0, 5,18:47:39,18:47:46,     7, 33.40, 40.80, -7.40
  12200046,  5100, 2,18:50:41,18:51:19,    38, 43.90, 40.40,  3.50
         0,     0, 2,18:51:27,18:51:29,     2, 40.40, 43.80, -3.40
  12200046,  5100, 2,18:51:39,18:52:06,    27, 43.80, 39.30,  4.50
         0,     0, 2,18:52:14,18:52:17,     3, 39.30, 43.90, -4.60
  13008765,     0, 9,18:53:16,18:54:09,    53, 40.20, 35.30,  4.90
         0,     0, 9,18:54:17,18:54:24,     7, 35.30, 41.00, -5.70
  12448420,     0, 9,18:55:42,18:55:46,     4, 40.60, 40.60,  0.00
  13008837,     0, 8,18:55:08,18:55:47,    39, 40.50, 39.60,  0.90
         0,     0, 8,18:55:55,18:55:56,     1, 39.60, 40.90, -1.30
  13008837,     0, 7,18:53:12,18:56:21,   189, 41.40, 41.20,  0.20
  12706601,     0, 9,18:55:57,18:56:22,    25, 40.60, 39.80,  0.80
         0,     0, 9,18:56:31,18:56:32,     1, 39.80, 40.40, -0.60
  12448473,  6086, 2,18:56:52,18:57:43,    51, 43.90, 36.80,  7.10
  12706601,     0, 9,18:56:42,18:57:53,    71, 39.90, 33.40,  6.50
         0,     0, 2,18:57:51,18:57:57,     6, 36.80, 43.90, -7.10
         0,     0, 9,18:58:01,18:58:11,    10, 33.40, 41.00, -7.60
  12448420,     0,10,18:57:15,18:59:13,   118, 41.00, 28.70, 12.30
         0,     0,10,18:59:22,18:59:35,    13, 28.70, 41.10,-12.40
  11954042,     0, 7,18:56:30,19:01:12,   282, 41.30, 26.10, 15.20
         0,     0, 7,19:01:20,19:01:29,     9, 26.10, 40.90,-14.80
  12706637,  7046, 4,19:01:35,19:02:11,    36, 44.20, 44.00,  0.20
  12706637,  7046, 4,19:02:22,19:02:46,    24, 44.10, 43.70,  0.40
  11953978,  4008, 2,19:03:31,19:04:39,    68, 43.90, 32.70, 11.20
         0,     0, 2,19:04:46,19:04:57,    11, 32.70, 43.90,-11.20
  12706637,  7046, 3,19:02:54,19:05:55,   181, 46.40, 25.30, 21.10
         0,     0, 3,19:06:03,19:06:22,    19, 25.30, 25.30,  0.00
  13008747,     0,10,19:05:25,19:06:33,    68, 41.10, 33.00,  8.10
  12448415,     0, 7,19:01:41,19:06:42,   301, 40.90, 27.30, 13.60
         0,     0,10,19:06:40,19:06:48,     8, 33.00, 41.10, -8.10
         0,     0, 7,19:06:49,19:06:58,     9, 27.30, 41.30,-14.00
  12200048,     0, 8,19:07:29,19:07:31,     2, 33.10, 33.20, -0.10
         0,     0, 8,19:07:39,19:07:47,     8, 33.20, 41.10, -7.90
  12706634,     0, 7,19:07:25,19:08:22,    57, 38.60, 38.60,  0.00
         0,     0, 7,19:08:29,19:08:30,     1, 38.60, 41.20, -2.60
  12200066,  5120, 2,19:07:42,19:09:04,    82, 43.80, 38.60,  5.20
         0,     0, 2,19:09:12,19:09:16,     4, 38.60, 43.90, -5.30
  12706710,  7119, 1,19:07:49,19:09:58,   129, 41.30, 21.10, 20.20
  12448477,  6090, 3,19:08:40,19:10:02,    82, 46.50, 41.10,  5.40
         0,     0, 3,19:10:10,19:10:14,     4, 41.10, 41.40, -0.30
         0,     0, 1,19:10:06,19:10:25,    19, 21.10, 41.30,-20.20
  12448477,  6090, 4,19:10:26,19:10:41,    15, 43.70, 41.70,  2.00
  21268104,  6067, 5,19:08:38,19:10:47,   129, 40.60, 32.00,  8.60
         0,     0, 4,19:10:50,19:10:51,     1, 41.70, 43.40, -1.70
         0,     0, 5,19:10:55,19:11:03,     8, 32.00, 40.80, -8.80
  12706710,  7119, 2,19:10:09,19:11:41,    92, 43.90, 37.80,  6.10
         0,     0, 2,19:11:49,19:11:54,     5, 37.80, 43.90, -6.10
  12706655,  7064, 1,19:10:35,19:13:53,   198, 41.30, 19.60, 21.70
         0,     0, 1,19:14:02,19:14:23,    21, 19.60, 41.30,-21.70
  13008815,     0, 7,19:08:41,19:18:29,   588, 40.80, 32.20,  8.60
         0,     0, 7,19:18:36,19:18:42,     6, 32.20, 40.90, -8.70
  13008792,     0, 8,19:18:46,19:19:16,    30, 32.00, 31.90,  0.10
         0,     0, 8,19:19:24,19:19:34,    10, 31.90, 32.00, -0.10
  12448428,  6041, 1,19:19:23,19:20:31,    68, 41.30, 34.40,  6.90
         0,     0, 1,19:20:39,19:20:45,     6, 34.40, 41.30, -6.90
  13008792,     0, 8,19:20:39,19:20:46,     7, 40.90, 40.90,  0.00
  13008786,     0, 7,19:20:05,19:21:33,    88, 33.80, 31.70,  2.10
         0,     0, 7,19:21:40,19:21:46,     6, 31.70, 40.30, -8.60
  13008735,  7156, 3,19:20:19,19:22:20,   121, 46.80, 38.60,  8.20
         0,     0, 3,19:22:27,19:22:33,     6, 38.60, 38.60,  0.00
  13008815,     0, 8,19:21:32,19:22:49,    77, 40.90, 40.80,  0.10
  13008792,     0, 7,19:21:58,19:22:54,    56, 38.60, 30.10,  8.50
  11954050,  4080, 4,19:22:33,19:23:03,    30, 43.30, 42.40,  0.90
         0,     0, 7,19:23:02,19:23:09,     7, 30.10, 41.30,-11.20
  11954050,  4080, 4,19:23:31,19:23:59,    28, 42.40, 40.30,  2.10
         0,     0, 4,19:24:06,19:24:09,     3, 40.30, 43.30, -3.00
  11724239,  3139, 1,19:21:53,19:24:36,   163, 41.30, 39.90,  1.40
         0,     0, 1,19:24:45,19:24:45,     0, 39.90, 41.00, -1.10
  12448437,  6050, 8,19:24:15,19:27:02,   167, 40.70, 32.50,  8.20
         0,     0, 8,19:27:10,19:27:19,     9, 32.50, 41.10, -8.60
  11724178,     0, 9,19:27:25,19:27:37,    12, 40.90, 40.90,  0.00
  11724178,     0, 9,19:27:48,19:27:50,     2, 40.80, 40.80,  0.00
  11724178,     0, 9,19:28:16,19:28:17,     1, 40.80, 40.80,  0.00
  12200083,     0, 9,19:29:38,19:29:39,     1, 35.10, 35.10,  0.00
         0,     0, 9,19:29:47,19:29:54,     7, 35.10, 41.10, -6.00
  12200083,     0, 9,19:30:09,19:30:15,     6, 41.10, 41.10,  0.00
         0,     0, 9,19:31:28,19:31:31,     3, 38.40, 41.20, -2.80
  11724239,  3139, 1,19:29:41,19:32:43,   182, 41.00, 30.90, 10.10
         0,     0, 1,19:32:52,19:33:01,     9, 30.90, 41.30,-10.40
  12706707,  7116, 2,19:36:56,19:37:34,    38, 43.90, 42.90,  1.00
  12706707,  7116, 2,19:38:04,19:38:14,    10, 42.90, 41.20,  1.70
         0,     0, 2,19:38:23,19:38:24,     1, 41.20, 43.80, -2.60
  12706636,  7045, 1,19:39:46,19:41:45,   119, 41.30, 26.10, 15.20
         0,     0, 1,19:41:53,19:42:07,    14, 26.10, 41.30,-15.20
  12199981,  5035, 3,19:41:10,19:42:21,    71, 45.90, 32.20, 13.70
         0,     0, 3,19:42:29,19:42:41,    12, 32.20, 31.90,  0.30
  11954050,  4080, 4,19:42:35,19:42:54,    19, 43.30, 42.90,  0.40
  21292480,  6005, 1,19:43:45,19:43:57,    12, 41.30, 40.70,  0.60
  21292480,  6005, 2,19:44:18,19:44:32,    14, 43.80, 41.80,  2.00
         0,     0, 2,19:44:40,19:44:41,     1, 41.80, 43.70, -1.90
  21292480,  6005, 1,19:44:36,19:44:57,    21, 40.70, 37.20,  3.50
         0,     0, 1,19:45:04,19:45:07,     3, 37.20, 41.30, -4.10
  11724178,     0, 9,19:46:13,19:46:20,     7, 41.20, 41.10,  0.10
  12199977,     0, 7,19:23:24,19:46:25,  1381, 41.30, 26.00, 15.30
  21292480,  6005, 2,19:46:14,19:46:26,    12, 43.70, 41.10,  2.60
  11724178,     0, 9,19:46:31,19:46:33,     2, 41.10, 41.10,  0.00
         0,     0, 2,19:46:35,19:46:36,     1, 41.10, 43.80, -2.70
         0,     0, 7,19:46:32,19:46:42,    10, 26.00, 41.40,-15.40
  12706701,  7110, 5,19:45:19,19:47:17,   118, 40.80, 40.40,  0.40
  13323434,     0, 9,19:48:14,19:48:15,     1, 41.00, 41.00,  0.00
  11724178,     0,10,19:48:15,19:48:16,     1, 40.90, 40.90,  0.00
  13008815,     0, 8,19:46:43,19:48:36,   113, 40.90, 34.40,  6.50
         0,     0, 8,19:48:44,19:48:50,     6, 34.40, 41.20, -6.80
  11724178,     0, 9,19:48:47,19:49:14,    27, 41.00, 40.80,  0.20
  11724178,     0, 9,19:49:34,19:49:50,    16, 40.70, 40.60,  0.10
  12706701,  7110, 5,19:47:37,19:50:18,   161, 40.50, 24.30, 16.20
  11724178,     0, 9,19:50:12,19:50:28,    16, 40.60, 40.50,  0.10
         0,     0, 5,19:50:26,19:50:42,    16, 24.30, 40.80,-16.50
  11724178,     0,10,19:50:36,19:50:43,     7, 40.90, 40.80,  0.10
  11724178,     0, 9,19:50:58,19:51:43,    45, 40.50, 38.60,  1.90
         0,     0, 9,19:51:50,19:51:53,     3, 38.60, 40.80, -2.20
  11724178,     0, 9,19:52:29,19:52:30,     1, 35.60, 35.60,  0.00
         0,     0, 9,19:52:37,19:52:44,     7, 35.60, 41.10, -5.50
  13008802,     0, 9,19:53:10,19:53:15,     5, 41.10, 40.90,  0.20
  13323434,     0, 9,19:53:37,19:54:02,    25, 40.90, 40.30,  0.60
  13323434,     0, 9,19:54:32,19:54:47,    15, 39.50, 38.70,  0.80
         0,     0, 9,19:54:55,19:54:57,     2, 38.70, 41.10, -2.40
  12706707,  7116, 2,19:54:59,19:55:53,    54, 43.80, 35.20,  8.60
         0,     0, 2,19:56:01,19:56:09,     8, 35.20, 43.90, -8.70
  13008815,     0, 7,19:49:03,19:56:23,   440, 41.30, 34.90,  6.40
         0,     0, 7,19:56:31,19:56:35,     4, 34.90, 41.40, -6.50
  13008802,     0, 9,19:56:52,19:56:54,     2, 40.00, 40.10, -0.10
  13323434,     0, 9,19:59:09,19:59:10,     1, 39.60, 39.60,  0.00
         0,     0, 9,19:59:19,19:59:20,     1, 39.60, 40.80, -1.20
  13323434,     0, 9,20:00:04,20:00:06,     2, 39.40, 39.40,  0.00
         0,     0, 9,20:00:14,20:00:15,     1, 39.40, 41.10, -1.70
  12706648,  7057, 1,19:58:49,20:00:30,   101, 41.30, 25.70, 15.60
         0,     0, 1,20:00:37,20:00:52,    15, 25.70, 41.30,-15.60
  12448483,  6096, 5,19:59:14,20:01:14,   120, 40.80, 19.40, 21.40
  13323434,     0, 9,20:01:37,20:01:38,     1, 40.60, 40.60,  0.00
         0,     0, 5,20:01:22,20:01:43,    21, 19.40, 40.80,-21.40
  12706727,  7136, 2,19:59:43,20:02:18,   155, 43.90, 28.80, 15.10
         0,     0, 2,20:02:26,20:02:41,    15, 28.80, 43.90,-15.10
  12706669,  7078, 3,20:05:54,20:08:37,   163, 46.40, 38.00,  8.40
         0,     0, 3,20:08:45,20:08:52,     7, 38.00, 37.80,  0.20
  13323416,     0,10,20:10:57,20:13:02,   125, 40.60, 32.90,  7.70
         0,     0,10,20:13:11,20:13:19,     8, 32.90, 41.20, -8.30
  11954050,  4080, 2,20:13:10,20:13:29,    19, 43.90, 43.30,  0.60
  12706637,  7046, 3,20:11:07,20:14:18,   191, 46.00, 32.00, 14.00
  11954050,  4080, 1,20:13:35,20:14:34,    59, 41.30, 38.50,  2.80
         0,     0, 3,20:14:25,20:14:37,    12, 32.00, 32.00,  0.00
         0,     0, 1,20:14:42,20:14:44,     2, 38.50, 41.30, -2.80
  13008779,     0, 7,19:57:49,20:15:49,  1080, 30.80, 30.80,  0.00
         0,     0, 7,20:15:56,20:16:02,     6, 30.80, 41.30,-10.50
  12448428,  6041, 2,20:15:19,20:16:07,    48, 43.30, 35.60,  7.70
         0,     0, 2,20:16:15,20:16:22,     7, 35.60, 43.90, -8.30
  13008802,     0, 9,20:16:21,20:16:42,    21, 40.60, 39.80,  0.80
         0,     0, 9,20:16:50,20:16:51,     1, 39.80, 41.00, -1.20
  13008802,     0, 9,20:17:09,20:17:12,     3, 41.00, 41.00,  0.00
  13008802,     0, 9,20:17:50,20:18:44,    54, 41.00, 32.40,  8.60
         0,     0, 9,20:18:53,20:19:04,    11, 32.40, 41.00, -8.60
  13323434,     0, 9,20:20:07,20:20:09,     2, 40.80, 40.60,  0.20
  13323434,     0, 9,20:20:28,20:20:38,    10, 40.50, 40.30,  0.20
  12448437,  6050, 7,20:16:13,20:20:41,   268, 41.30, 30.20, 11.10
         0,     0, 7,20:20:48,20:20:55,     7, 30.20, 41.40,-11.20
  13323434,     0, 9,20:20:50,20:21:15,    25, 40.30, 39.10,  1.20
         0,     0, 9,20:21:24,20:21:26,     2, 39.10, 41.20, -2.10
  13323434,     0, 9,20:21:58,20:21:59,     1, 38.60, 38.60,  0.00
         0,     0, 9,20:22:08,20:22:11,     3, 38.60, 40.90, -2.30
  13323434,     0, 9,20:22:30,20:22:31,     1, 39.40, 39.40,  0.00
         0,     0, 9,20:22:40,20:22:41,     1, 39.40, 41.10, -1.70
  13008756,  7115, 3,20:22:59,20:23:15,    16, 46.10, 46.60, -0.50
  12706700,  7109, 2,20:23:24,20:24:28,    64, 43.90, 29.90, 14.00
         0,     0, 2,20:24:36,20:24:49,    13, 29.90, 43.90,-14.00
  12448409,  6022, 2,20:24:59,20:25:38,    39, 43.80, 43.80,  0.00
  12448409,  6022, 1,20:25:48,20:28:05,   137, 41.30, 25.40, 15.90
         0,     0, 1,20:28:14,20:28:29,    15, 25.40, 41.30,-15.90
  12706615,     0,10,20:29:14,20:29:39,    25, 41.20, 41.10,  0.10
  12706615,     0,10,20:30:20,20:30:24,     4, 41.10, 41.00,  0.10
  12448479,  6092, 1,20:28:39,20:31:45,   186, 41.30, 33.30,  8.00
         0,     0, 1,20:31:53,20:32:00,     7, 33.30, 41.30, -8.00
  13008836,     0, 8,20:32:01,20:32:24,    23, 41.20, 41.00,  0.20
  13008789,     0, 7,20:22:39,20:32:29,   590, 38.00, 26.90, 11.10
         0,     0, 7,20:32:37,20:32:46,     9, 26.90, 41.40,-14.50
  12706615,     0,10,20:31:04,20:33:03,   119, 40.90, 33.60,  7.30
         0,     0,10,20:33:11,20:33:19,     8, 33.60, 41.20, -7.60
  13008836,     0, 8,20:33:03,20:34:45,   102, 40.90, 40.70,  0.20
  13008836,     0, 8,20:36:39,20:36:40,     1, 27.50, 27.60, -0.10
         0,     0, 8,20:36:49,20:37:04,    15, 27.60, 41.20,-13.60
  12706636,  7045, 5,20:36:26,20:37:32,    66, 40.80, 31.00,  9.80
         0,     0, 5,20:37:39,20:37:48,     9, 31.00, 40.90, -9.90
  12199987,  5041, 1,20:33:16,20:38:49,   333, 41.30, 21.90, 19.40
         0,     0, 1,20:38:57,20:39:15,    18, 21.90, 41.20,-19.30
  13323435,     0, 9,20:38:34,20:39:14,    40, 40.40, 37.60,  2.80
         0,     0, 9,20:39:23,20:39:27,     4, 37.60, 41.10, -3.50
  12448451,  6064, 4,20:44:43,20:49:48,   305, 43.30, 21.10, 22.20
         0,     0, 4,20:49:56,20:50:18,    22, 21.10, 43.30,-22.20
  12706618,     0, 9,20:48:26,20:50:20,   114, 41.10, 33.30,  7.80
         0,     0, 9,20:50:27,20:50:37,    10, 33.30, 41.10, -7.80
  12448415,     0, 8,20:51:51,20:51:57,     6, 41.10, 41.10,  0.00
  13323425,     0, 9,20:55:26,20:55:31,     5, 41.10, 41.10,  0.00
  13323425,     0, 9,20:57:15,20:58:10,    55, 41.10, 40.60,  0.50
  13323425,     0, 9,20:58:37,20:58:41,     4, 40.20, 39.60,  0.60
         0,     0, 9,20:58:49,20:58:50,     1, 39.60, 41.10, -1.50
  13323425,     0, 9,20:59:26,20:59:27,     1, 39.00, 39.00,  0.00
         0,     0, 9,20:59:35,20:59:37,     2, 39.00, 41.10, -2.10
  12706651,  7060, 4,20:58:18,21:00:44,   146, 43.90, 33.80, 10.10
         0,     0, 4,21:00:52,21:01:01,     9, 33.80, 43.40, -9.60
  13323432,     0,10,21:01:33,21:02:45,    72, 41.00, 34.00,  7.00
         0,     0,10,21:02:54,21:03:01,     7, 34.00, 41.20, -7.20
  13323432,     0,10,21:03:23,21:03:42,    19, 41.20, 38.50,  2.70
         0,     0,10,21:03:51,21:03:53,     2, 38.50, 41.20, -2.70
  13008815,     0, 8,21:01:49,21:04:53,   184, 41.10, 36.40,  4.70
         0,     0, 8,21:05:02,21:05:06,     4, 36.40, 41.20, -4.80
  11954075,  4105, 1,21:05:22,21:05:43,    21, 41.20, 41.20,  0.00
  12706609,  7018, 8,21:05:17,21:05:54,    37, 41.20, 41.20,  0.00
  12448415,     0, 7,20:52:01,21:06:02,   841, 41.40, 28.70, 12.70
         0,     0, 7,21:06:10,21:06:18,     8, 28.70, 28.70,  0.00
  11954075,  4105, 2,21:05:52,21:07:28,    96, 43.70, 31.80, 11.90
         0,     0, 2,21:07:36,21:07:47,    11, 31.80, 43.90,-12.10
  11954050,  4080, 2,21:13:15,21:13:26,    11, 43.90, 43.90,  0.00
  13323358,     0, 8,21:13:59,21:14:01,     2, 33.30, 33.30,  0.00
         0,     0, 8,21:14:10,21:14:18,     8, 33.30, 41.10, -7.80
  12706650,  7059, 5,21:13:03,21:14:18,    75, 40.90, 33.10,  7.80
         0,     0, 5,21:14:26,21:14:33,     7, 33.10, 41.00, -7.90
  12199969,     0, 9,21:16:24,21:16:38,    14, 41.10, 40.60,  0.50
  11499161,  2051, 4,21:16:28,21:16:44,    16, 43.20, 43.40, -0.20
  12199969,     0, 9,21:16:58,21:17:54,    56, 40.60, 35.80,  4.80
         0,     0, 9,21:18:01,21:18:07,     6, 35.80, 41.00, -5.20
  11499161,  2051, 4,21:16:59,21:19:52,   173, 43.30, 26.70, 16.60
         0,     0, 4,21:19:59,21:20:15,    16, 26.70, 43.30,-16.60
  12200007,  5061, 4,21:21:01,21:23:23,   142, 43.50, 29.80, 13.70
         0,     0, 4,21:23:32,21:23:45,    13, 29.80, 43.30,-13.50
  13323432,     0, 9,21:24:49,21:25:23,    34, 41.00, 41.00,  0.00
  12200042,  5096, 3,21:26:23,21:27:37,    74, 45.50, 25.60, 19.90
  12200005,  5059, 2,21:22:42,21:27:54,   312, 43.90, 30.00, 13.90
         0,     0, 3,21:27:45,21:28:03,    18, 25.60, 25.60,  0.00
         0,     0, 2,21:28:02,21:28:15,    13, 30.00, 44.00,-14.00
  12200066,  5120, 2,21:28:25,21:29:04,    39, 44.00, 43.90,  0.10
  12448416,  6029, 5,21:28:08,21:29:11,    63, 40.90, 40.30,  0.60
  12199988,  5042, 1,21:27:23,21:30:24,   181, 41.20, 38.40,  2.80
         0,     0, 1,21:30:31,21:30:33,     2, 38.40, 41.30, -2.90
  12200046,  5100, 2,21:29:44,21:31:02,    78, 43.90, 33.20, 10.70
         0,     0, 2,21:31:11,21:31:21,    10, 33.20, 43.90,-10.70
  12199988,  5042, 2,21:31:31,21:32:11,    40, 43.90, 42.30,  1.60
  12448416,  6029, 5,21:29:26,21:32:47,   201, 40.30, 25.90, 14.40
         0,     0, 5,21:32:55,21:33:09,    14, 25.90, 40.90,-15.00
  12200066,  5120, 2,21:32:23,21:34:48,   145, 42.30, 33.40,  8.90
  11954050,  4080, 1,21:33:44,21:34:50,    66, 41.30, 36.40,  4.90
         0,     0, 1,21:34:57,21:35:01,     4, 36.40, 41.30, -4.90
         0,     0, 2,21:34:55,21:35:05,    10, 33.40, 43.80,-10.40
  12448521,     0, 8,21:35:53,21:35:55,     2, 39.60, 39.60,  0.00
  11954050,  4080, 2,21:35:15,21:35:58,    43, 43.80, 34.50,  9.30
         0,     0, 2,21:36:06,21:36:14,     8, 34.50, 43.90, -9.40
  12448521,     0, 8,21:36:21,21:36:52,    31, 37.20, 33.90,  3.30
         0,     0, 8,21:37:00,21:37:07,     7, 33.90, 41.10, -7.20
  12199988,  5042, 4,21:33:51,21:37:26,   215, 43.30, 25.50, 17.80
         0,     0, 4,21:37:33,21:37:50,    17, 25.50, 25.40,  0.10
  12448409,  6022, 2,21:37:46,21:41:18,   212, 43.90, 31.70, 12.20
         0,     0, 2,21:41:25,21:41:36,    11, 31.70, 43.90,-12.20
  12706686,  7095, 1,21:40:49,21:42:32,   103, 41.30, 29.20, 12.10
         0,     0, 1,21:42:40,21:42:51,    11, 29.20, 41.20,-12.00
  12448477,  6090, 3,21:44:31,21:46:13,   102, 46.20, 43.10,  3.10
         0,     0, 3,21:46:21,21:46:23,     2, 43.10, 46.30, -3.20
  12448477,  6090, 3,21:46:47,21:47:19,    32, 46.40, 42.90,  3.50
  12706659,  7068, 2,21:46:18,21:47:24,    66, 44.00, 43.80,  0.20
         0,     0, 3,21:47:26,21:47:28,     2, 42.90, 46.30, -3.40
  12706659,  7068, 2,21:47:38,21:47:48,    10, 43.80, 43.80,  0.00
  13008800,     0, 8,21:47:20,21:48:27,    67, 35.50, 32.70,  2.80
  13323416,     0,10,21:47:18,21:48:26,    68, 40.40, 39.20,  1.20
         0,     0,10,21:48:35,21:48:36,     1, 39.20, 41.10, -1.90
         0,     0, 8,21:48:34,21:48:42,     8, 32.70, 41.10, -8.40
  21292480,  6005, 1,21:47:50,21:48:56,    66, 41.20, 30.80, 10.40
  12706659,  7068, 2,21:48:14,21:48:59,    45, 43.80, 43.70,  0.10
         0,     0, 1,21:49:04,21:49:13,     9, 30.80, 41.30,-10.50
  12706659,  7068, 2,21:49:18,21:49:24,     6, 43.70, 43.70,  0.00
  12448428,  6041, 3,21:48:32,21:49:53,    81, 46.50, 33.40, 13.10
         0,     0, 3,21:50:00,21:50:12,    12, 33.40, 33.30,  0.10
  12706659,  7068, 2,21:49:36,21:51:49,   133, 43.70, 27.40, 16.30
         0,     0, 2,21:51:57,21:52:13,    16, 27.40, 43.80,-16.40
  12199981,  5035, 5,21:51:06,21:52:27,    81, 40.90, 28.80, 12.10
         0,     0, 5,21:52:35,21:52:46,    11, 28.80, 40.80,-12.00
  12706659,  7068, 2,21:52:33,21:53:12,    39, 43.80, 36.50,  7.30
         0,     0, 2,21:53:19,21:53:25,     6, 36.50, 44.00, -7.50
  13323425,     0, 9,21:55:49,21:56:58,    69, 40.70, 37.80,  2.90
         0,     0, 9,21:57:07,21:57:11,     4, 37.80, 41.10, -3.30
  12706616,  7025, 2,21:55:38,21:57:08,    90, 44.00, 33.30, 10.70
         0,     0, 2,21:57:16,21:57:26,    10, 33.30, 43.90,-10.60
  11954014,  4044, 3,21:56:16,21:58:22,   126, 46.70, 25.40, 21.30
         0,     0, 3,21:58:30,21:58:48,    18, 25.40, 25.30,  0.10
  11724109,  6068, 1,21:55:46,22:00:12,   266, 41.30, 27.10, 14.20
         0,     0, 1,22:00:20,22:00:33,    13, 27.10, 41.30,-14.20
  12706609,  7018, 7,21:07:03,22:00:37,  3214, 33.30, 32.10,  1.20
         0,     0, 7,22:00:45,22:00:51,     6, 32.10, 32.10,  0.00
  11724109,  6068, 1,22:01:29,22:01:56,    27, 41.30, 40.50,  0.80
  12706686,  7095, 2,22:01:39,22:02:06,    27, 43.90, 43.90,  0.00
  11954042,     0, 8,22:05:50,22:05:52,     2, 41.10, 41.10,  0.00
  13008735,  7156, 4,22:07:25,22:07:45,    20, 44.20, 42.70,  1.50
  12706630,  7039, 9,22:08:05,22:08:09,     4, 39.40, 39.40,  0.00
         0,     0, 9,22:08:17,22:08:18,     1, 39.40, 41.10, -1.70
  11953978,  4008, 1,22:05:44,22:08:20,   156, 40.50, 23.10, 17.40
         0,     0, 1,22:08:27,22:08:44,    17, 23.10, 41.30,-18.20
  12706705,  7114, 4,22:08:01,22:08:52,    51, 42.70, 42.80, -0.10
  13008737,     0, 7,22:03:47,22:08:58,   311, 26.10, 26.00,  0.10
  21268825,  6087, 4,22:09:07,22:09:13,     6, 42.70, 42.70,  0.00
         0,     0, 7,22:09:06,22:09:16,    10, 26.00, 41.40,-15.40
  13008735,  7156, 3,22:07:59,22:09:18,    79, 46.40, 40.60,  5.80
         0,     0, 3,22:09:26,22:09:30,     4, 40.60, 40.80, -0.20
  11724239,  3139, 2,22:05:13,22:09:34,   261, 43.90, 30.00, 13.90
         0,     0, 2,22:09:41,22:09:54,    13, 30.00, 43.90,-13.90
  12706630,  7039,10,22:09:44,22:09:59,    15, 41.00, 39.50,  1.50
         0,     0,10,22:10:06,22:10:07,     1, 39.50, 41.30, -1.80
  21268825,  6087, 3,22:09:40,22:13:15,   215, 40.80, 27.40, 13.40
         0,     0, 3,22:13:23,22:13:39,    16, 27.40, 27.20,  0.20
  11954042,     0, 8,22:14:15,22:14:26,    11, 41.10, 41.00,  0.10
  13323358,     0, 7,22:09:26,22:15:07,   341, 41.40, 37.60,  3.80
         0,     0, 7,22:15:15,22:15:17,     2, 37.60, 41.50, -3.90
  12706630,  7039,10,22:15:32,22:16:26,    54, 41.30, 32.90,  8.40
  12706705,  7114, 4,22:11:29,22:16:26,   297, 42.60, 25.70, 16.90
         0,     0,10,22:16:33,22:16:42,     9, 32.90, 41.20, -8.30
         0,     0, 4,22:16:33,22:16:51,    18, 25.70, 43.30,-17.60
  13008800,     0, 8,22:19:13,22:20:19,    66, 41.10, 34.40,  6.70
         0,     0, 8,22:20:27,22:20:34,     7, 34.40, 41.10, -6.70
  13008800,     0, 8,22:20:48,22:21:16,    28, 41.10, 37.30,  3.80
         0,     0, 8,22:21:24,22:21:27,     3, 37.30, 41.00, -3.70
  12706686,  7095, 1,22:17:27,22:21:30,   243, 41.30, 34.90,  6.40
         0,     0, 1,22:21:37,22:21:42,     5, 34.90, 41.30, -6.40
  12448448,  6061, 4,22:22:26,22:22:36,    10, 43.90, 43.80,  0.10
  11954042,     0, 7,22:15:49,22:22:56,   427, 41.40, 33.60,  7.80
         0,     0, 7,22:23:04,22:23:08,     4, 33.60, 41.50, -7.90
  12448471,  6084, 3,22:24:35,22:25:42,    67, 46.30, 32.20, 14.10
         0,     0, 3,22:25:50,22:26:02,    12, 32.20, 32.10,  0.10
  11954075,  4105, 2,22:26:18,22:27:20,    62, 43.90, 35.20,  8.70
         0,     0, 2,22:27:27,22:27:35,     8, 35.20, 44.00, -8.80
  12706637,  7046, 5,22:26:47,22:29:56,   189, 40.80, 28.40, 12.40
         0,     0, 5,22:30:03,22:30:15,    12, 28.40, 40.90,-12.50
  12448448,  6061, 4,22:26:17,22:31:16,   299, 43.80, 23.60, 20.20
         0,     0, 4,22:31:25,22:31:44,    19, 23.60, 43.40,-19.80
  12448471,  6084, 3,22:33:34,22:34:11,    37, 46.00, 41.80,  4.20
         0,     0, 3,22:34:20,22:34:23,     3, 41.80, 46.10, -4.30
  12448471,  6084, 3,22:34:34,22:34:42,     8, 46.20, 44.50,  1.70
  13008735,  7156, 1,22:35:49,22:37:15,    86, 41.30, 36.40,  4.90
         0,     0, 1,22:37:23,22:37:27,     4, 36.40, 41.20, -4.80
  13323427,     0, 8,22:35:11,22:37:54,   163, 41.20, 41.00,  0.20
  13008735,  7156, 2,22:39:12,22:39:43,    31, 43.90, 42.40,  1.50
  12706630,  7039,10,22:39:41,22:40:15,    34, 41.10, 36.60,  4.50
         0,     0,10,22:40:23,22:40:27,     4, 36.60, 41.20, -4.60
  13323427,     0, 8,22:40:37,22:41:33,    56, 40.80, 40.50,  0.30
  13008837,     0, 7,22:23:18,22:41:37,  1099, 41.40, 24.40, 17.00
         0,     0, 7,22:41:45,22:41:55,    10, 24.40, 24.40,  0.00
  11724178,     0, 9,22:41:34,22:43:55,   141, 41.10, 40.60,  0.50
  11724178,     0, 9,22:44:09,22:44:52,    43, 40.60, 40.40,  0.20
  13323427,     0, 7,22:43:20,22:45:02,   102, 41.50, 41.40,  0.10
  11724178,     0, 9,22:45:33,22:45:35,     2, 40.20, 40.20,  0.00
  11724178,     0, 9,22:45:48,22:46:49,    61, 40.20, 38.10,  2.10
         0,     0, 9,22:46:57,22:47:00,     3, 38.10, 41.10, -3.00
  11724178,     0, 9,22:47:12,22:47:50,    38, 41.10, 37.00,  4.10
         0,     0, 9,22:47:58,22:48:03,     5, 37.00, 41.20, -4.20
  12448473,  6086, 2,22:48:27,22:49:47,    80, 42.40, 29.50, 12.90
         0,     0, 2,22:49:56,22:50:10,    14, 29.50, 43.90,-14.40
  12200007,  5061, 2,22:52:26,22:53:53,    87, 43.90, 33.30, 10.60
         0,     0, 2,22:54:01,22:54:11,    10, 33.30, 43.90,-10.60
  13323435,     0, 9,22:52:49,22:54:55,   126, 41.20, 38.50,  2.70
  11954056,     0, 7,22:45:12,22:54:57,   585, 41.40, 21.30, 20.10
         0,     0, 9,22:55:03,22:55:06,     3, 38.50, 41.00, -2.50
  12706650,  7059, 4,22:53:50,22:55:09,    79, 44.10, 34.90,  9.20
         0,     0, 7,22:55:05,22:55:18,    13, 21.30, 41.40,-20.10
         0,     0, 4,22:55:17,22:55:25,     8, 34.90, 43.30, -8.40
  12200046,  5100, 1,22:54:25,22:55:22,    57, 41.20, 28.40, 12.80
         0,     0, 1,22:55:31,22:55:43,    12, 28.40, 41.30,-12.90
  11954014,  4044, 2,22:56:05,22:57:14,    69, 43.90, 32.90, 11.00
  12706669,  7078, 4,22:56:28,22:57:22,    54, 43.70, 31.40, 12.30
         0,     0, 2,22:57:22,22:57:32,    10, 32.90, 43.80,-10.90
         0,     0, 4,22:57:31,22:57:42,    11, 31.40, 43.40,-12.00
  13008735,  7156, 3,22:57:47,22:59:11,    84, 44.90, 41.40,  3.50
         0,     0, 3,22:59:19,22:59:22,     3, 41.40, 46.20, -4.80
  12706707,  7116, 2,23:00:29,23:01:54,    85, 43.80, 35.20,  8.60
         0,     0, 2,23:02:02,23:02:10,     8, 35.20, 44.00, -8.80
  13008756,  7115, 5,23:02:24,23:04:13,   109, 40.90, 25.20, 15.70
         0,     0, 5,23:04:20,23:04:35,    15, 25.20, 40.90,-15.70
  13008800,     0, 8,23:09:10,23:09:11,     1, 40.40, 40.40,  0.00
  12706634,     0, 7,22:55:41,23:10:30,   889, 40.30, 28.70, 11.60
         0,     0, 7,23:10:37,23:10:45,     8, 28.70, 41.40,-12.70
  11954050,  4080, 1,23:21:49,23:22:10,    21, 41.30, 41.10,  0.20
  12706727,  7136, 5,23:18:48,23:22:13,   205, 40.90, 28.40, 12.50
         0,     0, 5,23:22:20,23:22:32,    12, 28.40, 40.90,-12.50
  12706727,  7136, 5,23:23:10,23:23:41,    31, 40.90, 35.20,  5.70
         0,     0, 5,23:23:48,23:23:53,     5, 35.20, 40.90, -5.70
  12706669,  7078, 4,23:22:27,23:24:05,    98, 43.70, 31.50, 12.20
         0,     0, 4,23:24:14,23:24:25,    11, 31.50, 43.40,-11.90
  12448479,  6092, 2,23:22:21,23:24:54,   153, 44.00, 33.40, 10.60
  11499161,  2051, 1,23:24:35,23:25:02,    27, 41.10, 40.80,  0.30
         0,     0, 2,23:25:02,23:25:12,    10, 33.40, 43.90,-10.50
  11499161,  2051, 2,23:26:10,23:26:58,    48, 43.90, 43.30,  0.60
  12706639,  7048, 1,23:26:57,23:27:09,    12, 40.80, 40.80,  0.00
  11499161,  2051, 1,23:27:47,23:29:27,   100, 40.80, 37.00,  3.80
         0,     0, 1,23:29:35,23:29:38,     3, 37.00, 41.20, -4.20
  12706648,  7057, 2,23:28:18,23:29:46,    88, 43.30, 37.60,  5.70
         0,     0, 2,23:29:55,23:30:00,     5, 37.60, 43.90, -6.30
  12706639,  7048, 2,23:30:11,23:33:38,   207, 43.90, 30.00, 13.90
         0,     0, 2,23:33:47,23:34:00,    13, 30.00, 43.90,-13.90
  12706616,  7025, 1,23:39:19,23:40:19,    60, 41.20, 32.10,  9.10
         0,     0, 1,23:40:28,23:40:36,     8, 32.10, 41.30, -9.20
  13008820,     0, 7,23:23:17,23:44:51,  1294, 41.20, 41.20,  0.00
  21268104,  6067, 5,23:42:47,23:44:51,   124, 40.90, 40.70,  0.20
         0,     0, 6,23:45:04,23:45:14,    10, 40.60, 40.60,  0.00
         0,     0, 8,23:45:04,23:45:14,    10, 40.40, 40.40,  0.00
         0,     0, 1,23:45:04,23:45:14,    10, 41.30, 41.30,  0.00
         0,     0, 2,23:45:04,23:45:14,    10, 43.90, 43.90,  0.00
         0,     0, 3,23:45:04,23:45:14,    10, 46.00, 46.00,  0.00
         0,     0, 4,23:45:04,23:45:14,    10, 43.70, 43.70,  0.00
         0,     0, 9,23:45:04,23:45:14,    10, 39.80, 39.80,  0.00
         0,     0,10,23:45:04,23:45:14,    10, 40.90, 40.90,  0.00
