         0,     0, 5, 0:03:19, 0:03:29,    10, 40.70, 40.70,  0.00
         0,     0, 7, 0:03:19, 0:03:29,    10, 30.80, 30.80,  0.00
         0,     0, 8, 0:03:19, 0:03:29,    10, 40.90, 40.90,  0.00
         0,     0, 9, 0:03:19, 0:03:29,    10, 41.10, 41.10,  0.00
         0,     0,10, 0:03:19, 0:03:29,    10, 33.20, 33.20,  0.00
         0,     0, 1, 0:03:19, 0:03:29,    10, 41.30, 41.30,  0.00
         0,     0, 2, 0:03:19, 0:03:29,    10, 44.00, 44.00,  0.00
         0,     0, 3, 0:03:20, 0:03:30,    10, 47.40, 47.40,  0.00
         0,     0, 4, 0:03:20, 0:03:30,    10, 43.60, 43.60,  0.00
         0,     0, 6, 0:03:20, 0:03:30,    10, 41.60, 41.60,  0.00
  12706616,  7025, 1, 0:03:22, 0:04:48,    86, 41.30, 22.90, 18.40
         0,     0, 1, 0:04:57, 0:05:14,    17, 22.90, 41.20,-18.30
  12448483,  6096, 4, 0:06:41, 0:09:20,   159, 43.60, 23.00, 20.60
         0,     0, 4, 0:09:27, 0:09:46,    19, 23.00, 43.30,-20.30
  12706686,  7095, 1, 0:08:34, 0:12:31,   237, 41.20, 24.60, 16.60
         0,     0, 1, 0:12:40, 0:12:55,    15, 24.60, 41.30,-16.70
  12706707,  7116, 5, 0:12:27, 0:13:44,    77, 40.80, 32.40,  8.40
         0,     0, 5, 0:13:52, 0:13:59,     7, 32.40, 40.90, -8.50
  12706601,     0,10, 0:14:05, 0:14:54,    49, 33.20, 27.80,  5.40
         0,     0,10, 0:15:02, 0:15:16,    14, 27.80, 41.20,-13.40
  12200048,     0, 8, 0:15:32, 0:20:37,   305, 41.00, 31.60,  9.40
         0,     0, 8, 0:20:44, 0:20:53,     9, 31.60, 41.10, -9.50
  12706727,  7136, 4, 0:29:25, 0:32:20,   175, 43.50, 29.50, 14.00
         0,     0, 4, 0:32:27, 0:32:40,    13, 29.50, 43.50,-14.00
  13323425,     0,10, 0:32:23, 0:32:47,    24, 41.20, 40.90,  0.30
  13323425,     0,10, 0:32:58, 0:33:38,    40, 40.80, 40.10,  0.70
  12448473,  6086, 2, 0:35:47, 0:37:18,    91, 44.10, 29.80, 14.30
         0,     0, 2, 0:37:26, 0:37:38,    12, 29.80, 44.00,-14.20
  12448428,  6041, 3, 0:39:06, 0:40:11,    65, 47.00, 35.30, 11.70
         0,     0, 3, 0:40:19, 0:40:28,     9, 35.30, 35.50, -0.20
  12448477,  6090, 2, 0:37:48, 0:40:30,   162, 44.00, 38.70,  5.30
         0,     0, 2, 0:40:38, 0:40:42,     4, 38.70, 43.90, -5.20
  12448477,  6090, 1, 0:40:43, 0:41:33,    50, 41.30, 38.20,  3.10
         0,     0, 1, 0:41:40, 0:41:42,     2, 38.20, 41.30, -3.10
  12200007,  5061, 5, 0:44:14, 0:45:45,    91, 40.90, 28.60, 12.30
         0,     0, 5, 0:45:53, 0:46:04,    11, 28.60, 40.90,-12.30
  12199969,     0, 9, 0:49:53, 0:52:16,   143, 35.00, 30.10,  4.90
         0,     0, 9, 0:52:24, 0:52:38,    14, 30.10, 41.10,-11.00
  11724109,  6068, 1, 0:50:56, 0:55:15,   259, 41.30, 26.10, 15.20
         0,     0, 1, 0:55:22, 0:55:36,    14, 26.10, 41.40,-15.30
  11724109,  6068, 1, 0:56:08, 0:57:23,    75, 41.40, 34.90,  6.50
  12448451,  6064, 2, 0:56:12, 0:57:26,    74, 43.90, 43.80,  0.10
         0,     0, 1, 0:57:31, 0:57:36,     5, 34.90, 41.20, -6.30
  12200046,  5100, 4, 0:58:55, 0:59:56,    61, 43.80, 31.10, 12.70
         0,     0, 4, 1:00:04, 1:00:15,    11, 31.10, 43.50,-12.40
  12448451,  6064, 1, 0:57:50, 1:00:16,   146, 41.20, 41.00,  0.20
  12448451,  6064, 1, 1:00:33, 1:01:49,    76, 41.00, 40.90,  0.10
  12199981,  5035, 3, 1:00:34, 1:02:54,   140, 46.40, 28.20, 18.20
         0,     0, 3, 1:03:02, 1:03:18,    16, 28.20, 46.20,-18.00
  12448451,  6064, 1, 1:02:08, 1:05:21,   193, 40.90, 23.10, 17.80
         0,     0, 1, 1:05:29, 1:05:46,    17, 23.10, 41.20,-18.10
  11724159,     0, 6, 0:14:04, 1:06:03,  3119, 41.70, 32.20,  9.50
         0,     0, 6, 1:06:10, 1:06:18,     8, 32.20, 41.40, -9.20
  13323425,     0,10, 1:07:47, 1:08:20,    33, 39.80, 39.20,  0.60
         0,     0,10, 1:08:28, 1:08:29,     1, 39.20, 41.20, -2.00
  12706651,  7060, 1, 1:06:43, 1:09:30,   167, 41.20, 29.90, 11.30
         0,     0, 1, 1:09:39, 1:09:49,    10, 29.90, 41.30,-11.40
  13323425,     0, 9, 1:09:44, 1:10:07,    23, 41.00, 40.60,  0.40
  13323425,     0, 9, 1:10:30, 1:10:42,    12, 40.60, 40.30,  0.30
  12706634,     0, 8, 1:11:58, 1:13:12,    74, 41.10, 34.50,  6.60
         0,     0, 8, 1:13:20, 1:13:26,     6, 34.50, 41.20, -6.70
  12706634,     0, 8, 1:13:40, 1:14:05,    25, 40.60, 36.30,  4.30
         0,     0, 8, 1:14:13, 1:14:17,     4, 36.30, 41.20, -4.90
  12200083,     0, 9, 1:13:21, 1:14:58,    97, 40.30, 34.90,  5.40
         0,     0, 9, 1:15:06, 1:15:13,     7, 34.90, 41.10, -6.20
  12706710,  7119, 4, 1:15:57, 1:17:58,   121, 44.00, 30.10, 13.90
         0,     0, 4, 1:18:06, 1:18:18,    12, 30.10, 43.50,-13.40
  11954056,     0, 7, 0:23:06, 1:21:21,  3495, 30.80, 14.70, 16.10
         0,     0, 7, 1:21:29, 1:21:46,    17, 14.70, 14.70,  0.00
  12448471,  6084, 2, 1:42:53, 1:44:00,    67, 43.80, 35.20,  8.60
         0,     0, 2, 1:44:08, 1:44:15,     7, 35.20, 43.90, -8.70
  13008762,     0, 6, 1:06:28, 1:45:18,  2330, 41.40, 41.40,  0.00
  12706659,  7068, 1, 1:51:52, 1:52:17,    25, 41.20, 41.20,  0.00
  12706659,  7068, 2, 1:52:24, 1:58:45,   381, 44.00, 28.50, 15.50
         0,     0, 2, 1:58:53, 1:59:07,    14, 28.50, 44.00,-15.50
  13323358,     0, 8, 1:56:04, 1:59:06,   182, 41.20, 26.30, 14.90
  12199988,  5042, 5, 1:55:26, 1:59:16,   230, 40.80, 26.10, 14.70
         0,     0, 8, 1:59:14, 1:59:29,    15, 26.30, 41.10,-14.80
         0,     0, 5, 1:59:23, 1:59:37,    14, 26.10, 40.80,-14.70
  11954075,  4105, 1, 2:07:01, 2:08:22,    81, 41.20, 24.00, 17.20
         0,     0, 1, 2:08:30, 2:08:46,    16, 24.00, 41.30,-17.30
  12448409,  6022, 3, 2:12:33, 2:12:38,     5, 46.50, 47.70, -1.20
  12448409,  6022, 4, 2:12:42, 2:15:14,   152, 43.80, 24.10, 19.70
         0,     0, 4, 2:15:23, 2:15:41,    18, 24.10, 43.40,-19.30
  12706726,  7135, 1, 2:15:38, 2:16:31,    53, 41.20, 37.30,  3.90
         0,     0, 1, 2:16:38, 2:16:41,     3, 37.30, 41.30, -4.00
  13008792,     0, 7, 1:44:34, 2:19:19,  2085, 41.40, 40.30,  1.10
  13323427,     0, 7, 2:20:25, 2:23:12,   167, 40.10, 38.00,  2.10
         0,     0, 7, 2:23:19, 2:23:21,     2, 38.00, 41.60, -3.60
  13008835,     0, 6, 1:45:49, 2:28:18,  2549, 41.30, 27.00, 14.30
         0,     0, 6, 2:28:26, 2:28:39,    13, 27.00, 41.50,-14.50
  12706669,  7078, 3, 2:28:12, 2:29:32,    80, 46.90, 37.40,  9.50
         0,     0, 3, 2:29:40, 2:29:47,     7, 37.40, 37.70, -0.30
  12706726,  7135, 5, 2:36:27, 2:37:46,    79, 40.80, 31.10,  9.70
         0,     0, 5, 2:37:54, 2:38:03,     9, 31.10, 41.00, -9.90
  12448479,  6092, 2, 2:57:00, 3:00:30,   210, 44.00, 24.70, 19.30
         0,     0, 2, 3:00:38, 3:00:56,    18, 24.70, 44.10,-19.40
  21268104,  6067, 5, 3:08:49, 3:11:44,   175, 41.00, 32.50,  8.50
         0,     0, 5, 3:11:52, 3:12:00,     8, 32.50, 32.50,  0.00
  12706700,  7109, 2, 3:14:57, 3:15:36,    39, 44.10, 37.60,  6.50
         0,     0, 2, 3:15:44, 3:15:49,     5, 37.60, 43.90, -6.30
  13008732,  7153, 3, 3:35:11, 3:38:49,   218, 47.20, 28.60, 18.60
         0,     0, 3, 3:38:58, 3:39:14,    16, 28.60, 28.50,  0.10
  13008735,  7156, 3, 3:44:03, 3:48:07,   244, 46.20, 33.60, 12.60
         0,     0, 3, 3:48:16, 3:48:27,    11, 33.60, 33.90, -0.30
  12706705,  7114, 1, 4:10:43, 4:10:50,     7, 41.20, 41.20,  0.00
  13008735,  7156, 3, 4:28:45, 4:32:04,   199, 48.10, 42.40,  5.70
         0,     0, 3, 4:32:11, 4:32:14,     3, 42.40, 46.20, -3.80
  11954050,  4080, 2, 4:40:38, 4:42:29,   111, 43.80, 40.70,  3.10
         0,     0, 2, 4:42:37, 4:42:39,     2, 40.70, 44.00, -3.30
  12448477,  6090, 2, 4:49:33, 4:51:57,   144, 44.00, 35.70,  8.30
         0,     0, 2, 4:52:04, 4:52:11,     7, 35.70, 43.90, -8.20
  12706650,  7059, 3, 4:56:18, 4:59:22,   184, 46.30, 33.30, 13.00
         0,     0, 3, 4:59:30, 4:59:42,    12, 33.30, 33.10,  0.20
  13008742,  7163, 1, 5:06:51, 5:07:10,    19, 41.20, 41.10,  0.10
  12706637,  7046, 2, 5:10:47, 5:13:22,   155, 43.90, 28.70, 15.20
         0,     0, 2, 5:13:29, 5:13:43,    14, 28.70, 44.00,-15.30
  12448428,  6041, 1, 6:18:17, 6:18:40,    23, 41.10, 36.50,  4.60
         0,     0, 1, 6:18:47, 6:18:51,     4, 36.50, 41.30, -4.80
  12706616,  7025, 1, 6:19:16, 6:19:18,     2, 41.30, 41.30,  0.00
  12448428,  6041, 1, 6:19:28, 6:20:24,    56, 41.20, 24.80, 16.40
         0,     0, 1, 6:20:32, 6:20:47,    15, 24.80, 41.30,-16.50
  12706738,  7147, 2, 6:19:09, 6:21:44,   155, 44.00, 25.80, 18.20
         0,     0, 2, 6:21:52, 6:22:08,    16, 25.80, 43.90,-18.10
  12706669,  7078, 3, 6:20:27, 6:22:08,   101, 46.30, 33.60, 12.70
         0,     0, 3, 6:22:15, 6:22:26,    11, 33.60, 46.20,-12.60
  21268104,  6067, 5, 6:21:36, 6:24:54,   198, 40.80, 26.20, 14.60
         0,     0, 5, 6:25:02, 6:25:15,    13, 26.20, 40.90,-14.70
  12706616,  7025, 1, 6:23:58, 6:25:19,    81, 41.30, 27.10, 14.20
         0,     0, 1, 6:25:27, 6:25:40,    13, 27.10, 41.30,-14.20
  12448416,  6029, 4, 6:24:58, 6:27:27,   149, 43.70, 27.60, 16.10
         0,     0, 4, 6:27:36, 6:27:51,    15, 27.60, 43.40,-15.80
  13008735,  7156, 3, 6:27:57, 6:28:23,    26, 46.30, 47.70, -1.40
  11724109,  6068, 5, 6:29:46, 6:29:47,     1, 40.80, 40.80,  0.00
  12706650,  7059, 3, 6:28:51, 6:29:59,    68, 47.60, 43.30,  4.30
         0,     0, 3, 6:30:08, 6:30:10,     2, 43.30, 46.10, -2.80
  11724109,  6068, 5, 6:30:25, 6:30:26,     1, 40.80, 40.80,  0.00
  12448451,  6064, 2, 6:28:56, 6:31:11,   135, 44.00, 43.80,  0.20
  12200042,  5096, 1, 6:31:41, 6:32:02,    21, 41.30, 41.20,  0.10
  12200042,  5096, 1, 6:32:21, 6:32:59,    38, 41.20, 38.90,  2.30
         0,     0, 1, 6:33:06, 6:33:07,     1, 38.90, 41.30, -2.40
  11724109,  6068, 1, 6:33:18, 6:33:35,    17, 41.30, 41.20,  0.10
  12706639,  7048, 2, 6:33:49, 6:33:59,    10, 43.80, 43.80,  0.00
  11724109,  6068, 1, 6:33:51, 6:34:18,    27, 41.20, 41.20,  0.00
  12706639,  7048, 1, 6:34:37, 6:34:43,     6, 41.20, 41.20,  0.00
  13008735,  7156, 3, 6:34:28, 6:35:22,    54, 45.30, 43.40,  1.90
         0,     0, 3, 6:35:29, 6:35:31,     2, 43.40, 45.80, -2.40
  12448471,  6084, 3, 6:35:42, 6:35:57,    15, 45.90, 45.70,  0.20
  12448471,  6084, 4, 6:36:01, 6:36:49,    48, 43.50, 31.90, 11.60
         0,     0, 4, 6:36:58, 6:37:08,    10, 31.90, 43.20,-11.30
  11724109,  6068, 1, 6:35:00, 6:38:16,   196, 41.20, 20.90, 20.30
  12448451,  6064, 2, 6:36:39, 6:38:24,   105, 43.80, 43.60,  0.20
         0,     0, 1, 6:38:24, 6:38:43,    19, 20.90, 41.30,-20.40
  12706707,  7116, 4, 6:37:29, 6:39:15,   106, 43.50, 29.60, 13.90
         0,     0, 4, 6:39:23, 6:39:36,    13, 29.60, 42.90,-13.30
  12448473,  6086, 5, 6:39:57, 6:41:51,   114, 40.90, 26.10, 14.80
         0,     0, 5, 6:41:59, 6:42:13,    14, 26.10, 40.90,-14.80
  11724239,  3139, 1, 6:40:58, 6:45:59,   301, 41.30, 26.50, 14.80
         0,     0, 1, 6:46:08, 6:46:21,    13, 26.50, 41.20,-14.70
  12706639,  7048, 2, 6:40:55, 6:47:58,   423, 43.60, 22.50, 21.10
         0,     0, 2, 6:48:07, 6:48:27,    20, 22.50, 44.00,-21.50
  12448449,  6062, 1, 6:49:38, 6:49:39,     1, 41.20, 41.20,  0.00
  12448449,  6062, 2, 6:50:28, 6:51:42,    74, 44.10, 40.90,  3.20
         0,     0, 2, 6:51:50, 6:51:51,     1, 40.90, 44.00, -3.10
  12448449,  6062, 1, 6:52:15, 6:53:55,   100, 41.20, 22.80, 18.40
         0,     0, 1, 6:54:04, 6:54:21,    17, 22.80, 41.30,-18.50
  21292347,  5120, 2, 6:54:06, 6:56:33,   147, 43.90, 38.90,  5.00
         0,     0, 2, 6:56:41, 6:56:45,     4, 38.90, 44.00, -5.10
  13008756,  7115, 4, 6:59:59, 7:00:05,     6, 43.10, 43.40, -0.30
  12448471,  6084, 2, 7:02:09, 7:03:12,    63, 44.00, 35.70,  8.30
         0,     0, 2, 7:03:20, 7:03:27,     7, 35.70, 44.00, -8.30
  12706686,  7095, 1, 7:03:27, 7:05:41,   134, 41.30, 24.10, 17.20
         0,     0, 1, 7:05:50, 7:06:06,    16, 24.10, 41.20,-17.10
  21268825,  6087, 1, 7:06:26, 7:06:27,     1, 41.20, 41.20,  0.00
  13008742,  7163, 3, 7:02:52, 7:07:12,   260, 44.70, 25.00, 19.70
         0,     0, 3, 7:07:20, 7:07:39,    19, 25.00, 46.10,-21.10
  12706710,  7119, 4, 7:07:49, 7:07:54,     5, 43.40, 43.40,  0.00
  21268825,  6087, 1, 7:08:25, 7:11:23,   178, 41.20, 25.40, 15.80
  13008756,  7115, 2, 7:08:23, 7:11:37,   194, 44.00, 23.50, 20.50
         0,     0, 1, 7:11:31, 7:11:46,    15, 25.40, 41.20,-15.80
         0,     0, 2, 7:11:45, 7:12:04,    19, 23.50, 44.00,-20.50
  12448483,  6096, 3, 7:10:51, 7:12:08,    77, 46.20, 47.50, -1.30
  11954014,  4044, 3, 7:12:26, 7:13:35,    69, 47.60, 27.60, 20.00
         0,     0, 3, 7:13:43, 7:14:00,    17, 27.60, 46.00,-18.40
  12448483,  6096, 3, 7:19:29, 7:22:30,   181, 46.00, 22.40, 23.60
         0,     0, 3, 7:22:38, 7:23:02,    24, 22.40, 46.00,-23.60
  12706710,  7119, 1, 7:21:37, 7:23:34,   117, 41.20, 22.30, 18.90
         0,     0, 1, 7:23:43, 7:24:01,    18, 22.30, 41.30,-19.00
  12706651,  7060, 4, 7:28:34, 7:31:26,   172, 43.60, 28.80, 14.80
         0,     0, 4, 7:31:34, 7:31:48,    14, 28.80, 43.40,-14.60
  11953978,  4008, 1, 7:36:12, 7:37:31,    79, 41.30, 30.00, 11.30
         0,     0, 1, 7:37:38, 7:37:48,    10, 30.00, 41.30,-11.30
  12200046,  5100, 3, 7:37:19, 7:38:10,    51, 46.10, 37.10,  9.00
         0,     0, 3, 7:38:19, 7:38:27,     8, 37.10, 37.30, -0.20
  13323425,     0,10, 7:42:38, 7:43:13,    35, 39.30, 38.90,  0.40
         0,     0,10, 7:43:21, 7:43:23,     2, 38.90, 41.20, -2.30
  13323425,     0,10, 7:43:38, 7:43:52,    14, 41.10, 40.80,  0.30
  11953978,  4008, 1, 7:48:42, 7:49:50,    68, 41.30, 33.20,  8.10
         0,     0, 1, 7:49:58, 7:50:05,     7, 33.20, 41.20, -8.00
  12199981,  5035, 2, 7:52:18, 7:53:50,    92, 44.10, 28.20, 15.90
         0,     0, 2, 7:53:57, 7:54:11,    14, 28.20, 44.00,-15.80
  12706636,  7045, 1, 8:09:19, 8:11:25,   126, 41.20, 26.10, 15.10
         0,     0, 1, 8:11:34, 8:11:48,    14, 26.10, 41.30,-15.20
  21268104,  6067, 2, 8:15:06, 8:16:53,   107, 44.00, 36.60,  7.40
         0,     0, 2, 8:17:01, 8:17:07,     6, 36.60, 43.90, -7.30
  12448409,  6022, 1, 8:19:50, 8:19:54,     4, 41.30, 41.20,  0.10
  12448409,  6022, 2, 8:19:58, 8:20:48,    50, 44.00, 43.00,  1.00
  12448409,  6022, 1, 8:20:54, 8:21:06,    12, 41.30, 38.80,  2.50
  12706705,  7114, 2, 8:21:05, 8:21:07,     2, 43.00, 42.90,  0.10
         0,     0, 1, 8:21:13, 8:21:14,     1, 38.80, 41.30, -2.50
  12448409,  6022, 1, 8:21:24, 8:21:46,    22, 41.30, 34.40,  6.90
         0,     0, 1, 8:21:54, 8:22:00,     6, 34.40, 41.30, -6.90
  12706705,  7114, 2, 8:21:20, 8:22:31,    71, 43.00, 39.70,  3.30
         0,     0, 2, 8:22:39, 8:22:42,     3, 39.70, 43.90, -4.20
  12706705,  7114, 1, 8:22:36, 8:22:47,    11, 41.30, 40.10,  1.20
  12706705,  7114, 2, 8:22:56, 8:23:28,    32, 44.00, 42.80,  1.20
  12448409,  6022, 1, 8:22:56, 8:24:16,    80, 40.10, 19.20, 20.90
         0,     0, 1, 8:24:24, 8:24:45,    21, 19.20, 41.30,-22.10
  12199988,  5042, 2, 8:24:11, 8:26:29,   138, 42.80, 36.20,  6.60
         0,     0, 2, 8:26:37, 8:26:43,     6, 36.20, 43.90, -7.70
  12448479,  6092, 3, 8:23:17, 8:26:50,   213, 46.10, 32.00, 14.10
         0,     0, 3, 8:26:57, 8:27:10,    13, 32.00, 46.10,-14.10
  12448451,  6064, 2, 8:29:14, 8:30:13,    59, 43.90, 43.80,  0.10
  12706705,  7114, 3, 8:27:21, 8:30:51,   210, 46.40, 24.60, 21.80
  12448451,  6064, 1, 8:30:21, 8:31:02,    41, 41.30, 41.30,  0.00
         0,     0, 3, 8:30:58, 8:31:17,    19, 24.60, 24.60,  0.00
  12706655,  7064, 5, 8:30:32, 8:32:52,   140, 40.80, 21.90, 18.90
         0,     0, 5, 8:32:59, 8:33:17,    18, 21.90, 40.90,-19.00
  12706655,  7064, 5, 8:33:35, 8:33:53,    18, 40.90, 38.90,  2.00
         0,     0, 5, 8:34:01, 8:34:02,     1, 38.90, 41.00, -2.10
  12448477,  6090, 1, 8:35:53, 8:36:48,    55, 41.30, 39.50,  1.80
         0,     0, 1, 8:36:56, 8:36:57,     1, 39.50, 41.20, -1.70
  12448451,  6064, 2, 8:31:14, 8:37:38,   384, 43.80, 43.40,  0.40
  12448477,  6090, 1, 8:37:10, 8:37:46,    36, 41.20, 38.60,  2.60
  12199986,     0, 7, 2:49:43, 8:37:48, 20885, 41.40, 25.70, 15.70
         0,     0, 1, 8:37:53, 8:37:55,     2, 38.60, 41.30, -2.70
         0,     0, 7, 8:37:57, 8:38:06,     9, 25.70, 25.80, -0.10
  12706726,  7135, 5, 8:42:06, 8:42:13,     7, 40.80, 40.90, -0.10
  11954050,  4080, 4, 8:40:51, 8:42:14,    83, 44.10, 32.80, 11.30
         0,     0, 4, 8:42:21, 8:42:31,    10, 32.80, 43.30,-10.50
  12448451,  6064, 1, 8:38:06, 8:43:45,   339, 41.40, 13.00, 28.40
         0,     0, 1, 8:43:52, 8:44:18,    26, 13.00, 41.20,-28.20
  12448477,  6090, 1, 8:45:59, 8:46:12,    13, 41.20, 40.10,  1.10
  13008765,     0, 9, 8:47:05, 8:47:07,     2, 41.00, 41.00,  0.00
  12706701,  7110, 5, 8:43:12, 8:47:47,   275, 40.90, 19.90, 21.00
         0,     0, 5, 8:47:54, 8:48:13,    19, 19.90, 40.90,-21.00
  12448477,  6090, 1, 8:46:33, 8:48:23,   110, 40.10, 32.90,  7.20
  11954050,  4080, 2, 8:46:23, 8:48:24,   121, 43.40, 35.40,  8.00
         0,     0, 1, 8:48:30, 8:48:37,     7, 32.90, 41.30, -8.40
         0,     0, 2, 8:48:32, 8:48:39,     7, 35.40, 44.00, -8.60
  12199986,     0, 8, 8:48:27, 8:49:58,    91, 40.00, 19.60, 20.40
         0,     0, 8, 8:50:05, 8:50:27,    22, 19.60, 41.10,-21.50
  12706726,  7135, 5, 8:51:24, 8:52:50,    86, 40.90, 40.90,  0.00
  12706726,  7135, 5, 8:53:20, 8:55:19,   119, 40.90, 40.40,  0.50
  13323427,     0, 8, 8:55:23, 8:55:42,    19, 41.00, 41.00,  0.00
  13323427,     0, 8, 8:56:16, 8:56:19,     3, 40.90, 41.00, -0.10
  12706726,  7135, 5, 8:55:31, 8:56:50,    79, 40.40, 30.20, 10.20
         0,     0, 5, 8:56:57, 8:57:06,     9, 30.20, 40.90,-10.70
  13008800,     0,10, 8:58:18, 8:58:35,    17, 40.50, 38.40,  2.10
         0,     0,10, 8:58:43, 8:58:45,     2, 38.40, 41.30, -2.90
         0,     0,10, 9:03:37, 9:03:43,     6, 35.10, 40.20, -5.10
  13323425,     0,10, 9:04:00, 9:04:01,     1, 38.00, 38.00,  0.00
         0,     0,10, 9:04:10, 9:04:12,     2, 38.00, 41.20, -3.20
  12706639,  7048, 2, 9:02:51, 9:04:18,    87, 44.10, 33.40, 10.70
         0,     0, 2, 9:04:26, 9:04:35,     9, 33.40, 43.80,-10.40
  12200042,  5096, 2, 9:08:15, 9:11:08,   173, 43.90, 19.90, 24.00
  11499202,     0, 6, 5:30:40, 9:11:12, 13232, 40.40, 23.60, 16.80
         0,     0, 6, 9:11:20, 9:11:37,    17, 23.60, 41.40,-17.80
         0,     0, 2, 9:11:16, 9:11:39,    23, 19.90, 44.10,-24.20
  13008792,     0, 9, 9:11:13, 9:11:52,    39, 41.00, 38.10,  2.90
         0,     0, 9, 9:12:00, 9:12:03,     3, 38.10, 41.10, -3.00
  12448448,  6061, 1, 9:12:41, 9:12:46,     5, 41.30, 41.30,  0.00
  13008792,     0, 9, 9:12:19, 9:12:48,    29, 38.00, 34.70,  3.30
         0,     0, 9, 9:12:56, 9:13:05,     9, 34.70, 40.90, -6.20
  12200007,  5061, 1, 9:13:29, 9:14:00,    31, 41.30, 38.60,  2.70
         0,     0, 1, 9:14:07, 9:14:09,     2, 38.60, 41.20, -2.60
  11954075,  4105, 2, 9:14:06, 9:15:39,    93, 44.10, 27.60, 16.50
         0,     0, 2, 9:15:47, 9:16:02,    15, 27.60, 43.90,-16.30
  13008837,     0, 8, 9:13:27, 9:16:37,   190, 40.90, 23.20, 17.70
         0,     0, 8, 9:16:44, 9:17:03,    19, 23.20, 41.10,-17.90
  12200007,  5061, 2, 9:16:13, 9:17:57,   104, 43.90, 30.70, 13.20
         0,     0, 2, 9:18:05, 9:18:17,    12, 30.70, 44.10,-13.40
  13008762,     0, 6, 9:11:49, 9:18:40,   411, 41.40, 23.20, 18.20
  13008800,     0,10, 9:18:37, 9:18:40,     3, 38.00, 38.00,  0.00
         0,     0,10, 9:18:47, 9:18:50,     3, 38.00, 41.20, -3.20
         0,     0, 6, 9:18:47, 9:19:04,    17, 23.20, 41.30,-18.10
  13008800,     0, 9, 9:18:59, 9:19:04,     5, 40.90, 40.90,  0.00
  13008800,     0, 9, 9:19:40, 9:19:43,     3, 36.90, 36.90,  0.00
         0,     0, 9, 9:19:50, 9:19:55,     5, 36.90, 41.00, -4.10
  13008820,     0,10, 9:23:15, 9:23:16,     1, 41.10, 41.10,  0.00
  13008820,     0, 9, 9:24:06, 9:24:07,     1, 40.90, 40.90,  0.00
  12448477,  6090, 3, 9:24:26, 9:25:14,    48, 46.70, 44.20,  2.50
  12448477,  6090, 4, 9:25:48, 9:26:06,    18, 43.80, 40.30,  3.50
         0,     0, 4, 9:26:14, 9:26:16,     2, 40.30, 43.40, -3.10
  11499202,     0, 6, 9:19:15, 9:31:08,   713, 41.00, 29.60, 11.40
         0,     0, 6, 9:31:15, 9:31:25,    10, 29.60, 41.50,-11.90
  13008786,     0, 9, 9:31:04, 9:31:57,    53, 40.00, 37.10,  2.90
         0,     0, 9, 9:32:04, 9:32:09,     5, 37.10, 41.10, -4.00
  13008786,     0, 9, 9:32:27, 9:32:35,     8, 41.10, 40.10,  1.00
  12706622,     0, 6, 9:35:09, 9:35:42,    33, 30.70, 30.70,  0.00
         0,     0, 6, 9:35:49, 9:35:53,     4, 30.70, 30.70,  0.00
  11954075,  4105, 2, 9:36:33, 9:37:07,    34, 44.20, 38.50,  5.70
         0,     0, 2, 9:37:15, 9:37:19,     4, 38.50, 43.90, -5.40
  13008789,     0, 8, 9:37:56, 9:37:59,     3, 41.10, 41.20, -0.10
  13323427,     0, 7, 8:44:21, 9:38:03,  3222, 41.50, 41.30,  0.20
  11954075,  4105, 2, 9:37:31, 9:38:04,    33, 43.90, 36.80,  7.10
         0,     0, 2, 9:38:12, 9:38:18,     6, 36.80, 43.90, -7.10
  12448448,  6061, 1, 9:41:08, 9:41:34,    26, 41.20, 41.20,  0.00
  12448428,  6041, 3, 9:40:47, 9:41:59,    72, 42.90, 29.60, 13.30
         0,     0, 3, 9:42:08, 9:42:23,    15, 29.60, 46.20,-16.60
  12448448,  6061, 1, 9:41:59, 9:42:56,    57, 41.20, 41.00,  0.20
  13008797,     0, 6, 9:36:08, 9:43:49,   461, 35.60, 22.60, 13.00
         0,     0, 6, 9:43:56, 9:44:14,    18, 22.60, 41.50,-18.90
  12706669,  7078, 2, 9:42:25, 9:45:38,   193, 43.90, 32.10, 11.80
         0,     0, 2, 9:45:46, 9:45:56,    10, 32.10, 44.00,-11.90
  13008779,     0, 8, 9:45:28, 9:47:40,   132, 41.20, 31.30,  9.90
         0,     0, 8, 9:47:48, 9:47:58,    10, 31.30, 41.20, -9.90
  12448448,  6061, 1, 9:43:07, 9:48:00,   293, 41.00, 14.00, 27.00
         0,     0, 1, 9:48:07, 9:48:32,    25, 14.00, 41.20,-27.20
  13008779,     0, 8, 9:49:12, 9:49:51,    39, 41.20, 40.10,  1.10
  13008765,     0, 9, 9:54:26, 9:55:53,    87, 39.10, 34.20,  4.90
         0,     0, 9, 9:56:01, 9:56:10,     9, 34.20, 41.10, -6.90
  11499161,  2051, 2, 9:56:55, 9:57:46,    51, 43.90, 43.50,  0.40
  11499161,  2051, 2, 9:57:57, 9:58:35,    38, 43.50, 43.00,  0.50
  11499161,  2051, 1, 9:58:38, 9:58:44,     6, 41.20, 40.90,  0.30
  12706727,  7136, 1, 9:59:05,10:01:29,   144, 40.90, 20.70, 20.20
  11499161,  2051, 2, 9:59:03,10:01:31,   148, 43.00, 25.90, 17.10
         0,     0, 2,10:01:39,10:01:56,    17, 25.90, 43.80,-17.90
         0,     0, 1,10:01:37,10:01:57,    20, 20.70, 41.20,-20.50
  13008835,     0, 6, 9:44:29,10:02:43,  1094, 41.50, 24.90, 16.60
  12706659,  7068, 2,10:02:53,10:02:57,     4, 43.90, 43.90,  0.00
         0,     0, 6,10:02:50,10:03:06,    16, 24.90, 41.40,-16.50
  12199977,     0, 9,10:05:49,10:05:57,     8, 41.10, 41.00,  0.10
  12199977,     0, 9,10:06:21,10:06:30,     9, 39.00, 37.90,  1.10
         0,     0, 9,10:06:37,10:06:41,     4, 37.90, 40.90, -3.00
  12199977,     0, 9,10:06:53,10:07:45,    52, 38.90, 29.40,  9.50
         0,     0, 9,10:07:52,10:08:07,    15, 29.40, 41.10,-11.70
  13008800,     0, 9,10:08:58,10:09:02,     4, 37.70, 37.70,  0.00
         0,     0, 9,10:09:09,10:09:13,     4, 37.70, 41.10, -3.40
  12200007,  5061, 1,10:08:18,10:09:27,    69, 41.20, 31.80,  9.40
         0,     0, 1,10:09:34,10:09:42,     8, 31.80, 41.30, -9.50
  13008789,     0, 7, 9:38:12,10:12:02,  2030, 41.30, 20.90, 20.40
         0,     0, 7,10:12:10,10:12:22,    12, 20.90, 40.90,-20.00
  13008815,     0, 7,10:12:32,10:13:00,    28, 40.90, 40.70,  0.20
  12706624,  7033, 6,10:03:17,10:14:06,   649, 41.40, 31.60,  9.80
         0,     0, 6,10:14:14,10:14:23,     9, 31.60, 41.50, -9.90
  13008815,     0, 8,10:13:24,10:14:51,    87, 39.20, 28.80, 10.40
         0,     0, 8,10:14:59,10:15:11,    12, 28.80, 41.10,-12.30
  13008732,  7153, 3,10:15:39,10:15:48,     9, 47.00, 48.60, -1.60
  12706710,  7119, 2,10:15:06,10:18:08,   182, 43.80, 24.80, 19.00
         0,     0, 2,10:18:15,10:18:33,    18, 24.80, 44.00,-19.20
  13008732,  7153, 3,10:17:57,10:20:07,   130, 48.70, 47.80,  0.90
  13008836,     0, 8,10:20:46,10:21:01,    15, 41.00, 41.00,  0.00
  13008836,     0, 8,10:21:47,10:21:51,     4, 40.90, 40.90,  0.00
  12448437,  6050, 7,10:13:17,10:21:58,   521, 40.70, 30.60, 10.10
         0,     0, 7,10:22:05,10:22:10,     5, 30.60, 39.00, -8.40
  13008732,  7153, 3,10:23:17,10:23:36,    19, 48.20, 47.40,  0.80
  12706700,  7109, 2,10:22:50,10:23:40,    50, 44.10, 35.80,  8.30
  13008836,     0, 8,10:22:53,10:23:42,    49, 40.90, 40.70,  0.20
         0,     0, 2,10:23:48,10:23:55,     7, 35.80, 43.90, -8.10
  13008836,     0, 8,10:24:10,10:24:20,    10, 40.60, 40.50,  0.10
  13008836,     0, 8,10:24:33,10:26:36,   123, 40.40, 25.10, 15.30
         0,     0, 8,10:26:43,10:27:00,    17, 25.10, 41.10,-16.00
  12448416,  6029, 2,10:24:05,10:27:42,   217, 44.00, 22.50, 21.50
         0,     0, 2,10:27:51,10:28:11,    20, 22.50, 43.90,-21.40
  13008792,     0,10,10:28:38,10:29:00,    22, 40.90, 40.80,  0.10
  13008792,     0,10,10:29:19,10:29:53,    34, 40.80, 40.70,  0.10
  12706659,  7068, 2,10:28:21,10:31:28,   187, 43.90, 26.30, 17.60
  11724109,  6068, 1,10:31:38,10:31:47,     9, 41.30, 41.30,  0.00
         0,     0, 2,10:31:36,10:31:52,    16, 26.30, 43.90,-17.60
  11724109,  6068, 1,10:31:58,10:34:35,   157, 41.30, 25.80, 15.50
  12706659,  7068, 2,10:32:03,10:34:39,   156, 44.00, 30.90, 13.10
  12706618,     0, 9,10:34:43,10:34:46,     3, 34.00, 34.00,  0.00
         0,     0, 1,10:34:43,10:34:58,    15, 25.80, 41.20,-15.40
         0,     0, 2,10:34:47,10:34:59,    12, 30.90, 43.90,-13.00
         0,     0, 9,10:34:55,10:35:04,     9, 34.00, 41.10, -7.10
  12706651,  7060, 5,10:33:27,10:35:30,   123, 40.80, 27.80, 13.00
         0,     0, 5,10:35:38,10:35:50,    12, 27.80, 40.80,-13.00
  11954014,  4044, 3,10:35:02,10:36:17,    75, 45.40, 27.50, 17.90
         0,     0, 3,10:36:25,10:36:42,    17, 27.50, 27.40,  0.10
  12706700,  7109, 2,10:38:34,10:39:33,    59, 44.00, 28.50, 15.50
         0,     0, 2,10:39:41,10:39:55,    14, 28.50, 44.00,-15.50
  13008732,  7153, 3,10:37:43,10:40:32,   169, 46.90, 26.90, 20.00
         0,     0, 3,10:40:40,10:40:58,    18, 26.90, 26.80,  0.10
  13008820,     0,10,10:40:55,10:40:58,     3, 40.60, 40.50,  0.10
  13008820,     0,10,10:41:38,10:41:55,    17, 40.20, 40.00,  0.20
  12706618,     0, 9,10:42:12,10:42:15,     3, 41.10, 41.10,  0.00
  12706618,     0, 9,10:42:35,10:42:36,     1, 40.70, 40.70,  0.00
  12448483,  6096, 5,10:43:15,10:43:39,    24, 40.80, 40.70,  0.10
  13008742,  7163, 1,10:44:03,10:45:04,    61, 41.20, 41.10,  0.10
  13008742,  7163, 1,10:45:20,10:46:08,    48, 41.10, 40.90,  0.20
  13008742,  7163, 1,10:46:18,10:48:17,   119, 40.90, 25.70, 15.20
  11724239,  3139, 2,10:45:29,10:48:36,   187, 44.00, 43.10,  0.90
         0,     0, 1,10:48:26,10:48:40,    14, 25.70, 41.30,-15.60
  21268825,  6087, 3,10:46:22,10:48:41,   139, 48.80, 31.20, 17.60
         0,     0, 3,10:48:49,10:49:02,    13, 31.20, 31.00,  0.20
  12706650,  7059, 1,10:49:07,10:49:38,    31, 41.30, 39.30,  2.00
         0,     0, 1,10:49:46,10:49:47,     1, 39.30, 41.20, -1.90
  11724239,  3139, 2,10:49:08,10:49:55,    47, 43.10, 42.70,  0.40
  12706707,  7116, 2,10:50:06,10:50:26,    20, 42.80, 42.80,  0.00
  12706650,  7059, 1,10:50:43,10:51:21,    38, 41.20, 36.90,  4.30
         0,     0, 1,10:51:29,10:51:32,     3, 36.90, 41.30, -4.40
  11499161,  2051, 2,10:51:54,10:54:00,   126, 42.80, 33.70,  9.10
  12706707,  7116, 1,10:51:49,10:54:04,   135, 41.30, 32.80,  8.50
         0,     0, 2,10:54:08,10:54:17,     9, 33.70, 43.90,-10.20
         0,     0, 1,10:54:13,10:54:21,     8, 32.80, 41.20, -8.40
  12706707,  7116, 2,10:54:30,10:55:20,    50, 43.90, 38.00,  5.90
         0,     0, 2,10:55:28,10:55:32,     4, 38.00, 44.00, -6.00
  12706650,  7059, 1,10:54:39,10:57:11,   152, 41.20, 25.90, 15.30
         0,     0, 1,10:57:20,10:57:34,    14, 25.90, 41.30,-15.40
  12706618,     0, 9,10:58:08,11:00:09,   121, 40.70, 28.80, 11.90
  11724239,  3139, 3,10:59:22,11:00:12,    50, 46.40, 46.90, -0.50
         0,     0, 9,11:00:18,11:00:34,    16, 28.80, 41.00,-12.20
  12448471,  6084, 2,11:02:00,11:03:14,    74, 44.10, 33.50, 10.60
         0,     0, 2,11:03:23,11:03:32,     9, 33.50, 43.90,-10.40
  13008735,  7156, 4,11:03:21,11:05:24,   123, 43.50, 41.70,  1.80
         0,     0, 4,11:05:31,11:05:32,     1, 41.70, 43.30, -1.60
  12706601,     0,10,11:04:14,11:05:54,   100, 39.90, 30.30,  9.60
         0,     0,10,11:06:03,11:06:14,    11, 30.30, 41.20,-10.90
  13323427,     0, 8,11:08:00,11:08:37,    37, 41.00, 40.90,  0.10
  12448415,     0, 7,10:22:36,11:09:23,  2807, 39.10, 20.10, 19.00
         0,     0, 7,11:09:31,11:09:42,    11, 20.10, 20.10,  0.00
  11724239,  3139, 1,11:08:37,11:09:53,    76, 41.20, 40.80,  0.40
  11724239,  3139, 2,11:10:01,11:10:30,    29, 44.00, 43.70,  0.30
  12706726,  7135, 2,11:10:40,11:10:45,     5, 43.70, 43.70,  0.00
  11724239,  3139, 1,11:10:36,11:12:23,   107, 40.80, 35.20,  5.60
         0,     0, 1,11:12:31,11:12:36,     5, 35.20, 41.30, -6.10
  13008735,  7156, 3,11:10:08,11:12:53,   165, 46.60, 37.30,  9.30
         0,     0, 3,11:13:00,11:13:08,     8, 37.30, 37.50, -0.20
  11724239,  3139, 2,11:12:48,11:13:53,    65, 43.70, 36.30,  7.40
         0,     0, 2,11:14:01,11:14:07,     6, 36.30, 44.00, -7.70
  13323427,     0, 7,11:10:27,11:14:23,   236, 38.90, 38.80,  0.10
  13008802,     0, 9,11:13:17,11:14:23,    66, 41.10, 33.60,  7.50
         0,     0, 7,11:14:31,11:14:32,     1, 38.80, 41.40, -2.60
         0,     0, 9,11:14:31,11:14:40,     9, 33.60, 41.00, -7.40
  12706637,  7046, 1,11:12:50,11:16:04,   194, 41.30, 24.70, 16.60
         0,     0, 1,11:16:11,11:16:26,    15, 24.70, 41.30,-16.60
  12706636,  7045, 1,11:16:36,11:16:37,     1, 41.30, 41.30,  0.00
  13323358,     0,10,11:16:45,11:16:57,    12, 41.10, 40.90,  0.20
  13323358,     0,10,11:17:10,11:17:44,    34, 40.80, 34.50,  6.30
         0,     0,10,11:17:51,11:17:57,     6, 34.50, 41.20, -6.70
  12706636,  7045, 2,11:16:44,11:18:33,   109, 44.00, 30.10, 13.90
         0,     0, 2,11:18:41,11:18:53,    12, 30.10, 44.10,-14.00
  13008837,     0, 8,11:22:11,11:22:13,     2, 40.90, 40.90,  0.00
  12199981,  5035, 1,11:21:15,11:22:34,    79, 41.30, 22.90, 18.40
  13323434,     0, 9,11:22:34,11:22:39,     5, 40.60, 40.70, -0.10
         0,     0, 1,11:22:42,11:22:59,    17, 22.90, 41.30,-18.40
  13323434,     0, 9,11:22:57,11:23:09,    12, 40.50, 40.20,  0.30
  12448442,  6055, 6,11:10:48,11:23:15,   747, 41.50, 29.20, 12.30
         0,     0, 6,11:23:22,11:23:33,    11, 29.20, 41.50,-12.30
  13323434,     0, 9,11:23:35,11:24:05,    30, 39.50, 38.00,  1.50
         0,     0, 9,11:24:13,11:24:16,     3, 38.00, 40.80, -2.80
  13323434,     0, 9,11:24:34,11:25:14,    40, 39.60, 36.60,  3.00
         0,     0, 9,11:25:22,11:25:27,     5, 36.60, 41.10, -4.50
  12706701,  7110, 1,11:23:34,11:27:44,   250, 41.30, 22.10, 19.20
         0,     0, 1,11:27:52,11:28:09,    17, 22.10, 41.30,-19.20
  13008768,     0, 6,11:25:51,11:34:20,   509, 41.50, 21.30, 20.20
  12706700,  7109, 3,11:33:27,11:34:33,    66, 46.70, 35.00, 11.70
         0,     0, 6,11:34:28,11:34:48,    20, 21.30, 21.50, -0.20
         0,     0, 3,11:34:40,11:34:50,    10, 35.00, 46.50,-11.50
  11724109,  6068, 1,11:33:38,11:36:03,   145, 41.30, 33.80,  7.50
         0,     0, 1,11:36:10,11:36:16,     6, 33.80, 41.10, -7.30
  12200048,     0, 8,11:33:30,11:36:50,   200, 40.80, 28.80, 12.00
  12706726,  7135, 5,11:33:40,11:36:50,   190, 40.80, 20.70, 20.10
  13008833,     0, 6,11:34:59,11:37:00,   121, 41.60, 39.60,  2.00
         0,     0, 6,11:37:07,11:37:08,     1, 39.60, 41.20, -1.60
         0,     0, 8,11:36:58,11:37:11,    13, 28.80, 41.10,-12.30
         0,     0, 5,11:36:58,11:37:17,    19, 20.70, 40.80,-20.10
  12706738,  7147, 2,11:36:32,11:39:16,   164, 44.10, 31.40, 12.70
         0,     0, 2,11:39:23,11:39:34,    11, 31.40, 43.90,-12.50
  13008735,  7156, 3,11:41:05,11:43:13,   128, 46.40, 43.30,  3.10
         0,     0, 3,11:43:22,11:43:24,     2, 43.30, 46.30, -3.00
  13008792,     0,10,11:44:30,11:44:50,    20, 41.10, 41.00,  0.10
  12706622,     0, 6,11:37:28,11:45:01,   453, 41.20, 33.60,  7.60
  13008779,     0, 7,11:34:24,11:45:04,   640, 41.40, 28.10, 13.30
  12706707,  7116, 3,11:43:41,11:45:04,    83, 47.40, 36.00, 11.40
         0,     0, 6,11:45:09,11:45:16,     7, 33.60, 41.10, -7.50
         0,     0, 7,11:45:11,11:45:20,     9, 28.10, 28.20, -0.10
         0,     0, 3,11:45:12,11:45:21,     9, 36.00, 35.90,  0.10
  13008815,     0, 8,11:44:42,11:46:07,    85, 41.10, 37.40,  3.70
         0,     0, 8,11:46:14,11:46:17,     3, 37.40, 41.10, -3.70
  13323427,     0, 8,11:46:36,11:46:48,    12, 41.10, 41.00,  0.10
  13008815,     0, 7,11:46:47,11:47:05,    18, 41.50, 38.10,  3.40
  12706636,  7045, 3,11:49:16,11:50:48,    92, 46.90, 38.70,  8.20
         0,     0, 3,11:50:55,11:51:01,     6, 38.70, 38.90, -0.20
  13008792,     0,10,11:49:37,11:52:13,   156, 41.00, 28.10, 12.90
         0,     0,10,11:52:20,11:52:33,    13, 28.10, 41.20,-13.10
  12706616,  7025, 3,11:52:44,11:53:58,    74, 46.70, 35.00, 11.70
         0,     0, 3,11:54:05,11:54:15,    10, 35.00, 34.80,  0.20
  12448473,  6086, 2,11:55:03,11:56:19,    76, 44.00, 37.10,  6.90
         0,     0, 2,11:56:27,11:56:32,     5, 37.10, 43.90, -6.80
  13008820,     0, 9,11:56:48,11:57:42,    54, 32.70, 32.20,  0.50
         0,     0, 9,11:57:50,11:58:02,    12, 32.20, 41.00, -8.80
  11953978,  4008, 2,11:57:20,11:58:17,    57, 43.90, 40.10,  3.80
         0,     0, 2,11:58:25,11:58:27,     2, 40.10, 44.00, -3.90
  12706609,  7018, 8,12:00:32,12:00:39,     7, 41.10, 41.10,  0.00
  13008833,     0, 6,11:45:26,12:01:25,   959, 41.20, 23.80, 17.40
  12706609,  7018, 8,12:01:33,12:01:36,     3, 31.70, 31.70,  0.00
  12448416,  6029, 3,11:59:48,12:01:41,   113, 46.40, 37.40,  9.00
         0,     0, 8,12:01:44,12:01:55,    11, 31.70, 41.10, -9.40
         0,     0, 6,12:01:33,12:01:56,    23, 23.80, 41.40,-17.60
         0,     0, 3,12:01:49,12:01:57,     8, 37.40, 46.10, -8.70
  11954075,  4105, 2,12:00:29,12:02:02,    93, 44.00, 26.00, 18.00
  11724239,  3139, 1,11:58:33,12:02:08,   215, 41.10, 32.20,  8.90
  12448471,  6084, 5,12:01:13,12:02:15,    62, 40.80, 30.70, 10.10
         0,     0, 1,12:02:16,12:02:25,     9, 32.20, 41.10, -8.90
         0,     0, 2,12:02:10,12:02:29,    19, 26.00, 43.90,-17.90
         0,     0, 5,12:02:23,12:02:34,    11, 30.70, 40.70,-10.00
  13323427,     0, 7,11:47:25,12:02:52,   927, 38.60, 19.00, 19.60
         0,     0, 7,12:03:00,12:03:15,    15, 19.00, 19.00,  0.00
  11953978,  4008, 1,12:04:03,12:04:47,    44, 41.10, 32.90,  8.20
         0,     0, 1,12:04:55,12:05:02,     7, 32.90, 41.30, -8.40
  13008815,     0, 7,12:03:25,12:06:09,   164, 19.00, 34.70,-15.70
         0,     0, 7,12:06:17,12:06:21,     4, 34.70, 34.80, -0.10
  13008815,     0, 8,12:05:58,12:06:18,    20, 41.20, 38.30,  2.90
         0,     0, 8,12:06:26,12:06:28,     2, 38.30, 41.10, -2.80
  13008756,  7115, 1,12:05:12,12:07:29,   137, 41.30, 18.80, 22.50
  13008815,     0, 8,12:06:56,12:07:50,    54, 41.10, 37.60,  3.50
         0,     0, 1,12:07:38,12:07:59,    21, 18.80, 41.20,-22.40
         0,     0, 8,12:07:58,12:08:01,     3, 37.60, 41.10, -3.50
  21292347,  5120, 2,12:07:53,12:09:55,   122, 43.90, 30.40, 13.50
         0,     0, 2,12:10:03,12:10:15,    12, 30.40, 44.10,-13.70
  12200046,  5100, 2,12:12:19,12:13:16,    57, 44.10, 35.20,  8.90
         0,     0, 2,12:13:23,12:13:31,     8, 35.20, 43.90, -8.70
  13323450,     0,10,12:17:08,12:17:22,    14, 41.10, 41.10,  0.00
  13323450,     0, 9,12:17:31,12:17:33,     2, 35.30, 35.30,  0.00
         0,     0, 9,12:17:40,12:17:47,     7, 35.30, 41.10, -5.80
  12448449,  6062, 5,12:17:55,12:18:30,    35, 40.70, 40.30,  0.40
  12448449,  6062, 5,12:18:39,12:20:42,   123, 40.30, 22.50, 17.80
         0,     0, 5,12:20:50,12:21:08,    18, 22.50, 40.70,-18.20
  12448437,  6050, 8,12:18:22,12:21:21,   179, 41.10, 33.80,  7.30
         0,     0, 8,12:21:28,12:21:35,     7, 33.80, 41.10, -7.30
  21268104,  6067, 2,12:24:10,12:26:32,   142, 43.90, 32.50, 11.40
         0,     0, 2,12:26:41,12:26:51,    10, 32.50, 43.90,-11.40
  21292347,  5120, 2,12:29:13,12:30:23,    70, 44.00, 35.70,  8.30
         0,     0, 2,12:30:31,12:30:38,     7, 35.70, 43.90, -8.20
  12706655,  7064, 5,12:28:15,12:34:40,   385, 40.80, 22.00, 18.80
         0,     0, 5,12:34:48,12:35:06,    18, 22.00, 40.90,-18.90
  13323450,     0,10,12:34:22,12:35:32,    70, 40.90, 39.70,  1.20
         0,     0,10,12:35:39,12:35:40,     1, 39.70, 41.10, -1.40
  11724159,     0, 6,12:02:14,12:37:44,  2130, 36.40, 36.10,  0.30
         0,     0, 6,12:37:51,12:37:55,     4, 36.10, 41.50, -5.40
  13008835,     0, 6,12:39:46,12:41:32,   106, 40.10, 36.30,  3.80
         0,     0, 6,12:41:39,12:41:43,     4, 36.30, 41.60, -5.30
  13323435,     0, 9,12:40:34,12:43:15,   161, 41.10, 35.60,  5.50
         0,     0, 9,12:43:22,12:43:29,     7, 35.60, 41.10, -5.50
  12448473,  6086, 2,12:45:22,12:46:31,    69, 43.90, 34.00,  9.90
         0,     0, 2,12:46:38,12:46:46,     8, 34.00, 44.00,-10.00
  12706705,  7114, 1,13:01:22,13:02:13,    51, 41.20, 39.50,  1.70
         0,     0, 1,13:02:21,13:02:22,     1, 39.50, 41.30, -1.80
  12706705,  7114, 2,13:02:24,13:04:35,   131, 43.90, 29.50, 14.40
         0,     0, 2,13:04:43,13:04:56,    13, 29.50, 44.00,-14.50
  13008765,     0, 9,13:05:09,13:06:15,    66, 41.10, 36.60,  4.50
  12706624,  7033, 6,12:42:07,13:06:26,  1459, 41.50, 33.10,  8.40
         0,     0, 9,13:06:24,13:06:29,     5, 36.60, 41.00, -4.40
         0,     0, 6,13:06:33,13:06:40,     7, 33.10, 41.20, -8.10
  12448449,  6062, 1,13:08:55,13:11:02,   127, 41.30, 24.80, 16.50
         0,     0, 1,13:11:09,13:11:24,    15, 24.80, 41.20,-16.40
  12200046,  5100, 4,13:11:30,13:11:58,    28, 43.20, 38.40,  4.80
         0,     0, 4,13:12:07,13:12:11,     4, 38.40, 43.40, -5.00
  13323450,     0,10,13:11:26,13:12:49,    83, 41.00, 40.30,  0.70
  12200046,  5100, 4,13:12:36,13:13:05,    29, 43.30, 38.20,  5.10
         0,     0, 4,13:13:14,13:13:18,     4, 38.20, 43.30, -5.10
  21306958,  5124, 8,13:13:44,13:14:02,    18, 41.20, 41.00,  0.20
  21306958,  5124, 8,13:14:23,13:14:25,     2, 40.90, 40.90,  0.00
  11954050,  4080, 2,13:14:10,13:15:18,    68, 44.00, 40.00,  4.00
         0,     0, 2,13:15:25,13:15:27,     2, 40.00, 43.90, -3.90
  12706669,  7078, 3,13:14:37,13:16:30,   113, 46.90, 38.90,  8.00
         0,     0, 3,13:16:38,13:16:44,     6, 38.90, 46.30, -7.40
  11954050,  4080, 2,13:15:37,13:16:51,    74, 43.90, 29.20, 14.70
         0,     0, 2,13:16:59,13:17:12,    13, 29.20, 43.90,-14.70
  12448451,  6064, 3,13:17:19,13:17:40,    21, 45.90, 47.30, -1.40
  21268104,  6067, 4,13:18:28,13:19:54,    86, 43.50, 36.90,  6.60
         0,     0, 4,13:20:02,13:20:08,     6, 36.90, 43.30, -6.40
  12199988,  5042, 2,13:20:46,13:22:14,    88, 44.00, 40.60,  3.40
         0,     0, 2,13:22:21,13:22:23,     2, 40.60, 44.00, -3.40
  12199988,  5042, 2,13:22:33,13:23:47,    74, 43.90, 29.40, 14.50
         0,     0, 2,13:23:56,13:24:09,    13, 29.40, 43.90,-14.50
  21306958,  5124, 8,13:22:43,13:26:44,   241, 40.90, 37.90,  3.00
         0,     0, 8,13:26:52,13:26:55,     3, 37.90, 41.20, -3.30
  12706655,  7064, 5,13:25:51,13:27:04,    73, 40.80, 29.10, 11.70
         0,     0, 5,13:27:13,13:27:24,    11, 29.10, 41.00,-11.90
  12448451,  6064, 1,13:22:37,13:27:40,   303, 41.20, 18.80, 22.40
         0,     0, 1,13:27:47,13:28:08,    21, 18.80, 41.40,-22.60
  13323450,     0, 9,13:28:30,13:28:56,    26, 41.00, 41.00,  0.00
  12448479,  6092, 2,13:28:27,13:32:19,   232, 44.00, 22.30, 21.70
         0,     0, 2,13:32:26,13:32:46,    20, 22.30, 44.00,-21.70
  12706686,  7095, 1,13:35:36,13:37:44,   128, 41.30, 36.70,  4.60
         0,     0, 1,13:37:52,13:37:55,     3, 36.70, 41.30, -4.60
  12706634,     0, 8,13:38:49,13:38:57,     8, 41.20, 41.20,  0.00
  12448521,     0, 7,12:06:33,13:39:01,  5548, 41.20, 15.10, 26.10
         0,     0, 7,13:39:09,13:39:25,    16, 15.10, 41.30,-26.20
  21292347,  5120, 4,13:41:50,13:44:05,   135, 43.50, 35.50,  8.00
         0,     0, 4,13:44:13,13:44:20,     7, 35.50, 43.30, -7.80
  12706686,  7095, 1,13:43:57,13:46:44,   167, 41.30, 32.10,  9.20
         0,     0, 1,13:46:51,13:46:59,     8, 32.10, 41.30, -9.20
  13008762,     0, 6,13:06:51,13:50:20,  2609, 41.20, 14.80, 26.40
         0,     0, 6,13:50:28,13:50:40,    12, 14.80, 14.80,  0.00
  13323450,     0,10,13:58:32,13:59:35,    63, 40.10, 40.10,  0.00
  13323450,     0, 9,13:59:54,14:02:33,   159, 41.00, 40.70,  0.30
  12448428,  6041, 3,14:09:21,14:10:46,    85, 46.70, 33.70, 13.00
         0,     0, 3,14:10:55,14:11:06,    11, 33.70, 33.90, -0.20
  12200083,     0, 9,14:11:42,14:12:35,    53, 40.70, 35.50,  5.20
         0,     0, 9,14:12:43,14:12:50,     7, 35.50, 41.00, -5.50
  13323425,     0, 9,14:14:43,14:14:54,    11, 41.00, 40.80,  0.20
  13008742,  7163, 4,14:16:26,14:16:59,    33, 43.70, 43.60,  0.10
  13323425,     0, 9,14:17:06,14:17:28,    22, 40.80, 40.60,  0.20
  13323425,     0, 9,14:17:49,14:18:07,    18, 40.40, 39.10,  1.30
         0,     0, 9,14:18:15,14:18:17,     2, 39.10, 40.80, -1.70
  13008742,  7163, 3,14:17:18,14:18:33,    75, 47.00, 47.70, -0.70
  13323425,     0, 9,14:18:42,14:18:44,     2, 38.80, 38.80,  0.00
         0,     0, 9,14:18:53,14:18:55,     2, 38.80, 41.10, -2.30
  21268104,  6067, 1,14:18:40,14:19:14,    34, 41.20, 38.20,  3.00
         0,     0, 1,14:19:23,14:19:25,     2, 38.20, 41.30, -3.10
  13008797,     0, 6,13:53:22,14:20:10,  1608, 14.90, 14.90,  0.00
         0,     0, 6,14:20:18,14:20:43,    25, 14.90, 41.50,-26.60
  12448420,     0, 9,14:23:28,14:23:29,     1, 41.10, 41.10,  0.00
  13008737,     0, 8,14:21:27,14:24:36,   189, 41.00, 18.70, 22.30
         0,     0, 8,14:24:43,14:25:07,    24, 18.70, 41.10,-22.40
  12706634,     0, 7,13:40:50,14:25:57,  2707, 27.20, 24.00,  3.20
         0,     0, 7,14:26:05,14:26:16,    11, 24.00, 41.50,-17.50
  12448420,     0, 9,14:23:45,14:27:12,   207, 41.10, 38.00,  3.10
         0,     0, 9,14:27:21,14:27:24,     3, 38.00, 41.10, -3.10
  12706738,  7147, 2,14:27:19,14:30:11,   172, 44.00, 27.40, 16.60
         0,     0, 2,14:30:19,14:30:35,    16, 27.40, 44.00,-16.60
  12706738,  7147, 2,14:31:01,14:31:07,     6, 44.00, 44.00,  0.00
  12706604,     0, 9,14:35:22,14:35:33,    11, 41.10, 41.10,  0.00
  12706604,     0, 9,14:35:45,14:36:28,    43, 41.10, 41.00,  0.10
  11953978,  4008, 4,14:35:40,14:37:20,   100, 43.60, 29.80, 13.80
         0,     0, 4,14:37:28,14:37:41,    13, 29.80, 43.40,-13.60
  13008762,     0, 6,14:20:58,14:39:11,  1093, 41.60, 41.50,  0.10
  12706604,     0, 9,14:38:57,14:39:12,    15, 41.00, 40.90,  0.10
  12706604,     0, 9,14:39:27,14:40:17,    50, 40.90, 40.80,  0.10
  12706604,     0, 9,14:40:51,14:41:40,    49, 40.80, 40.10,  0.70
  12706604,     0, 9,14:41:51,14:43:22,    91, 40.10, 23.60, 16.50
         0,     0, 9,14:43:31,14:43:54,    23, 23.60, 41.10,-17.50
  12706727,  7136, 4,14:42:25,14:44:17,   112, 43.60, 37.00,  6.60
         0,     0, 4,14:44:24,14:44:30,     6, 37.00, 43.40, -6.40
  12706727,  7136, 4,14:45:34,14:46:30,    56, 43.50, 35.10,  8.40
         0,     0, 4,14:46:38,14:46:45,     7, 35.10, 43.40, -8.30
  12200007,  5061, 1,14:52:16,14:52:27,    11, 41.30, 40.60,  0.70
  11954056,     0, 7,14:26:27,14:52:39,  1572, 41.40, 19.60, 21.80
         0,     0, 7,14:52:47,14:53:00,    13, 19.60, 19.60,  0.00
  11499161,  2051, 2,14:52:34,14:53:13,    39, 44.00, 43.50,  0.50
  12200007,  5061, 1,14:52:37,14:53:15,    38, 40.60, 33.90,  6.70
         0,     0, 1,14:53:23,14:53:29,     6, 33.90, 41.30, -7.40
  11499161,  2051, 1,14:53:39,14:53:57,    18, 41.30, 39.60,  1.70
         0,     0, 1,14:54:06,14:54:07,     1, 39.60, 41.20, -1.60
  12448448,  6061, 5,14:47:35,14:55:19,   464, 40.90, 24.20, 16.70
         0,     0, 5,14:55:27,14:55:44,    17, 24.20, 40.80,-16.60
  13008797,     0, 6,14:39:21,14:56:14,  1013, 41.50, 40.80,  0.70
  13008789,     0, 8,14:55:35,14:56:17,    42, 41.20, 41.10,  0.10
  11499161,  2051, 1,14:54:26,14:56:52,   146, 41.20, 23.70, 17.50
         0,     0, 1,14:57:00,14:57:18,    18, 23.70, 41.10,-17.40
  13008789,     0, 8,14:56:29,14:57:22,    53, 41.10, 40.80,  0.30
  12448415,     0, 7,14:53:14,14:57:39,   265, 40.60, 22.80, 17.80
  12448409,  6022, 2,14:54:15,14:57:56,   221, 43.50, 15.90, 27.60
         0,     0, 7,14:57:47,14:58:00,    13, 22.80, 41.50,-18.70
         0,     0, 2,14:58:04,14:58:33,    29, 15.90, 43.80,-27.90
  13008836,     0, 8,15:06:07,15:06:14,     7, 40.80, 40.60,  0.20
  13008789,     0, 7,14:58:29,15:06:18,   469, 41.00, 28.20, 12.80
         0,     0, 7,15:06:26,15:06:34,     8, 28.20, 28.20,  0.00
  13008836,     0, 7,15:06:45,15:07:02,    17, 39.80, 39.80,  0.00
         0,     0, 7,15:07:10,15:07:10,     0, 39.80, 40.90, -1.10
  13008786,     0,10,15:07:18,15:07:33,    15, 39.60, 39.00,  0.60
         0,     0,10,15:07:41,15:07:43,     2, 39.00, 41.10, -2.10
  12706622,     0, 6,14:58:20,15:08:09,   589, 39.70, 19.10, 20.60
         0,     0, 6,15:08:17,15:08:40,    23, 19.10, 41.30,-22.20
  12199977,     0, 9,15:08:40,15:08:44,     4, 41.10, 41.10,  0.00
  12199977,     0, 9,15:08:55,15:09:00,     5, 41.00, 41.10, -0.10
  13008786,     0, 9,15:09:31,15:09:43,    12, 41.00, 41.10, -0.10
  13008786,     0, 9,15:11:07,15:11:15,     8, 41.10, 41.10,  0.00
  13008836,     0, 8,15:14:25,15:14:34,     9, 40.50, 40.40,  0.10
  13008786,     0,10,15:14:14,15:14:52,    38, 41.20, 39.60,  1.60
  13008836,     0, 8,15:14:45,15:14:53,     8, 40.40, 40.30,  0.10
         0,     0,10,15:14:59,15:15:00,     1, 39.60, 41.10, -1.50
  12448437,  6050, 7,15:07:20,15:15:01,   461, 40.90, 31.70,  9.20
         0,     0, 7,15:15:09,15:15:14,     5, 31.70, 31.70,  0.00
  13008836,     0, 8,15:15:43,15:15:51,     8, 40.20, 40.10,  0.10
  13008797,     0, 6,15:08:58,15:16:02,   424, 41.00, 27.30, 13.70
         0,     0, 6,15:16:10,15:16:25,    15, 27.30, 41.30,-14.00
  13008802,     0, 9,15:20:32,15:21:50,    78, 41.10, 32.30,  8.80
         0,     0, 9,15:21:59,15:22:10,    11, 32.30, 41.00, -8.70
  13008836,     0, 7,15:15:28,15:22:08,   400, 39.80, 23.40, 16.40
         0,     0, 7,15:22:16,15:22:27,    11, 23.40, 23.40,  0.00
  13323425,     0, 9,15:23:54,15:24:10,    16, 41.00, 40.80,  0.20
  13323425,     0, 9,15:25:26,15:25:35,     9, 40.80, 40.60,  0.20
  13008800,     0,10,15:25:25,15:25:56,    31, 37.50, 34.50,  3.00
         0,     0,10,15:26:04,15:26:10,     6, 34.50, 41.20, -6.70
  12706615,     0,10,15:37:12,15:39:48,   156, 41.20, 29.30, 11.90
  21306958,  5124, 8,15:36:28,15:39:51,   203, 40.10, 32.30,  7.80
         0,     0, 8,15:39:59,15:40:09,    10, 32.30, 41.10, -8.80
         0,     0,10,15:39:57,15:40:09,    12, 29.30, 41.10,-11.80
  21306958,  5124, 8,15:40:19,15:40:43,    24, 40.40, 39.60,  0.80
         0,     0, 8,15:40:51,15:40:52,     1, 39.60, 40.90, -1.30
  13008835,     0, 6,15:18:29,15:42:58,  1469, 39.60, 37.50,  2.10
         0,     0, 6,15:43:05,15:43:08,     3, 37.50, 41.10, -3.60
  12706601,     0, 9,15:43:18,15:45:20,   122, 40.60, 32.00,  8.60
         0,     0, 9,15:45:29,15:45:40,    11, 32.00, 41.10, -9.10
  12706609,  7018, 7,15:37:45,15:56:22,  1117, 41.50, 33.50,  8.00
         0,     0, 7,15:56:30,15:56:35,     5, 33.50, 41.50, -8.00
  12199981,  5035, 3,15:58:23,15:59:20,    57, 47.10, 31.60, 15.50
         0,     0, 3,15:59:27,15:59:40,    13, 31.60, 31.50,  0.10
  12448416,  6029, 4,16:01:23,16:03:10,   107, 43.70, 24.50, 19.20
         0,     0, 4,16:03:17,16:03:35,    18, 24.50, 43.40,-18.90
  12200007,  5061, 1,16:02:43,16:03:51,    68, 41.10, 30.80, 10.30
         0,     0, 1,16:03:59,16:04:08,     9, 30.80, 41.20,-10.40
  21268104,  6067, 5,16:02:57,16:04:24,    87, 40.70, 32.10,  8.60
         0,     0, 5,16:04:32,16:04:40,     8, 32.10, 40.90, -8.80
  12706616,  7025, 1,16:04:18,16:05:58,   100, 41.20, 21.40, 19.80
  12200046,  5100, 4,16:04:57,16:05:59,    62, 43.40, 34.00,  9.40
  12706639,  7048, 2,16:04:30,16:06:08,    98, 43.80, 26.20, 17.60
         0,     0, 4,16:06:07,16:06:16,     9, 34.00, 43.00, -9.00
         0,     0, 1,16:06:06,16:06:26,    20, 21.40, 41.30,-19.90
         0,     0, 2,16:06:16,16:06:34,    18, 26.20, 43.90,-17.70
  12706636,  7045, 5,16:07:14,16:08:52,    98, 40.90, 24.90, 16.00
         0,     0, 5,16:09:01,16:09:16,    15, 24.90, 41.00,-16.10
  12199969,     0, 9,16:08:53,16:09:18,    25, 41.10, 41.00,  0.10
  12199969,     0, 9,16:09:31,16:10:35,    64, 41.00, 34.70,  6.30
         0,     0, 9,16:10:43,16:10:51,     8, 34.70, 41.00, -6.30
  12706651,  7060, 1,16:11:43,16:11:48,     5, 41.30, 41.30,  0.00
  12706650,  7059, 4,16:12:47,16:15:40,   173, 43.50, 26.00, 17.50
  12706651,  7060, 1,16:14:22,16:15:48,    86, 41.30, 29.80, 11.50
         0,     0, 4,16:15:47,16:16:03,    16, 26.00, 43.50,-17.50
         0,     0, 1,16:15:56,16:16:06,    10, 29.80, 41.20,-11.40
  12706726,  7135, 2,16:15:10,16:16:04,    54, 44.00, 35.00,  9.00
         0,     0, 2,16:16:12,16:16:19,     7, 35.00, 43.90, -8.90
  12706710,  7119, 1,16:16:30,16:16:34,     4, 41.20, 41.20,  0.00
  13008732,  7153, 3,16:16:55,16:17:41,    46, 46.70, 47.00, -0.30
  12706710,  7119, 2,16:16:45,16:18:10,    85, 44.00, 30.90, 13.10
  11953978,  4008, 1,16:17:06,16:18:26,    80, 41.20, 38.60,  2.60
         0,     0, 2,16:18:17,16:18:29,    12, 30.90, 44.00,-13.10
         0,     0, 1,16:18:33,16:18:35,     2, 38.60, 41.30, -2.70
  12448471,  6084, 4,16:17:49,16:19:08,    79, 43.90, 26.60, 17.30
         0,     0, 4,16:19:15,16:19:31,    16, 26.60, 43.30,-16.70
  13008732,  7153, 3,16:18:11,16:20:01,   110, 48.00, 24.70, 23.30
         0,     0, 3,16:20:09,16:20:28,    19, 24.70, 24.60,  0.10
  12706707,  7116, 1,16:19:57,16:20:50,    53, 41.30, 41.00,  0.30
  12706686,  7095, 2,16:19:06,16:20:54,   108, 44.00, 38.40,  5.60
         0,     0, 2,16:21:02,16:21:06,     4, 38.40, 43.90, -5.50
  11954014,  4044, 1,16:21:03,16:22:00,    57, 41.00, 22.10, 18.90
         0,     0, 1,16:22:07,16:22:25,    18, 22.10, 41.20,-19.10
  12448449,  6062, 4,16:20:59,16:22:26,    87, 43.70, 39.40,  4.30
         0,     0, 4,16:22:33,16:22:37,     4, 39.40, 43.30, -3.90
  12200042,  5096, 3,16:22:44,16:24:26,   102, 47.10, 28.00, 19.10
         0,     0, 3,16:24:34,16:24:50,    16, 28.00, 27.80,  0.20
  11954075,  4105, 5,16:24:01,16:24:50,    49, 40.90, 31.40,  9.50
         0,     0, 5,16:24:57,16:25:06,     9, 31.40, 40.80, -9.40
  11724109,  6068, 1,16:23:10,16:25:34,   144, 41.20, 25.80, 15.40
         0,     0, 1,16:25:41,16:25:56,    15, 25.80, 41.20,-15.40
  11724239,  3139, 2,16:21:51,16:26:21,   270, 43.90, 26.80, 17.10
         0,     0, 2,16:26:28,16:26:44,    16, 26.80, 43.90,-17.10
  13323435,     0, 9,16:26:42,16:26:43,     1, 41.00, 41.00,  0.00
  12706669,  7078, 5,16:25:48,16:27:00,    72, 40.70, 28.80, 11.90
         0,     0, 5,16:27:08,16:27:19,    11, 28.80, 40.90,-12.10
  12706686,  7095, 3,16:27:26,16:28:06,    40, 47.00, 47.20, -0.20
  12706634,     0, 8,16:26:17,16:28:42,   145, 13.70,  4.70,  9.00
  12706707,  7116, 2,16:27:33,16:28:47,    74, 43.90, 34.90,  9.00
  13008779,     0, 7,15:57:13,16:29:01,  1908, 35.20, 27.30,  7.90
         0,     0, 2,16:28:55,16:29:03,     8, 34.90, 43.90, -9.00
         0,     0, 7,16:29:08,16:29:18,    10, 27.30, 27.30,  0.00
         0,     0, 8,16:28:50,16:29:32,    42,  4.70, 41.10,-36.40
  12448473,  6086, 2,16:30:07,16:30:38,    31, 44.00, 40.50,  3.50
         0,     0, 2,16:30:45,16:30:47,     2, 40.50, 44.00, -3.50
  12199981,  5035, 3,16:29:48,16:30:50,    62, 47.10, 35.00, 12.10
         0,     0, 3,16:30:57,16:31:07,    10, 35.00, 46.80,-11.80
  12448473,  6086, 1,16:30:43,16:31:32,    49, 41.20, 30.50, 10.70
         0,     0, 1,16:31:40,16:31:50,    10, 30.50, 41.30,-10.80
  21292347,  5120, 5,16:30:21,16:31:54,    93, 40.90, 34.50,  6.40
         0,     0, 5,16:32:02,16:32:08,     6, 34.50, 40.90, -6.40
  12199988,  5042, 2,16:30:57,16:32:36,    99, 44.00, 32.00, 12.00
         0,     0, 2,16:32:44,16:32:55,    11, 32.00, 44.00,-12.00
  13008735,  7156, 4,16:31:07,16:33:01,   114, 43.30, 32.30, 11.00
         0,     0, 4,16:33:10,16:33:21,    11, 32.30, 43.30,-11.00
  12706634,     0, 7,16:29:47,16:34:17,   270, 36.20, 36.10,  0.10
         0,     0, 7,16:34:24,16:34:27,     3, 36.10, 41.70, -5.60
  13323435,     0,10,16:33:18,16:34:34,    76, 32.90, 29.10,  3.80
         0,     0,10,16:34:42,16:34:54,    12, 29.10, 41.10,-12.00
  13008762,     0, 6,15:44:32,16:35:38,  3066, 32.20, 32.10,  0.10
         0,     0, 6,16:35:45,16:35:53,     8, 32.10, 41.50, -9.40
  12448477,  6090, 3,16:35:13,16:35:54,    41, 46.80, 42.70,  4.10
         0,     0, 3,16:36:01,16:36:03,     2, 42.70, 46.20, -3.50
  13323434,     0, 9,16:36:29,16:36:31,     2, 41.00, 41.00,  0.00
  12448477,  6090, 2,16:36:28,16:37:28,    60, 44.00, 36.20,  7.80
         0,     0, 2,16:37:37,16:37:43,     6, 36.20, 43.90, -7.70
  12448449,  6062, 5,16:37:30,16:38:56,    86, 40.80, 34.80,  6.00
         0,     0, 5,16:39:04,16:39:09,     5, 34.80, 40.90, -6.10
  21268825,  6087, 3,16:38:09,16:40:01,   112, 46.30, 29.60, 16.70
         0,     0, 3,16:40:08,16:40:22,    14, 29.60, 29.60,  0.00
  12706637,  7046, 4,16:40:27,16:40:36,     9, 43.80, 43.50,  0.30
  12200007,  5061, 2,16:41:03,16:42:15,    72, 43.90, 31.50, 12.40
  21306958,  5124, 7,16:34:38,16:42:28,   470, 41.70, 39.90,  1.80
  13323434,     0, 9,16:41:43,16:42:28,    45, 41.00, 40.60,  0.40
         0,     0, 2,16:42:22,16:42:33,    11, 31.50, 43.90,-12.40
         0,     0, 7,16:42:35,16:42:35,     0, 39.90, 41.00, -1.10
  12706637,  7046, 3,16:40:42,16:42:51,   129, 46.60, 33.70, 12.90
         0,     0, 3,16:42:58,16:43:09,    11, 33.70, 46.30,-12.60
  12448437,  6050, 8,16:43:20,16:43:25,     5, 41.20, 41.10,  0.10
  12706738,  7147, 1,16:40:13,16:43:39,   206, 41.30, 26.20, 15.10
  13323434,     0, 9,16:42:50,16:43:55,    65, 40.30, 38.10,  2.20
         0,     0, 1,16:43:46,16:44:00,    14, 26.20, 41.20,-15.00
         0,     0, 9,16:44:02,16:44:05,     3, 38.10, 41.10, -3.00
  13008837,     0, 8,16:43:38,16:44:21,    43, 41.10, 41.00,  0.10
  13323434,     0, 9,16:44:36,16:44:41,     5, 39.40, 39.40,  0.00
         0,     0, 9,16:44:48,16:44:49,     1, 39.40, 40.90, -1.50
  13008837,     0, 8,16:44:45,16:44:56,    11, 41.00, 41.00,  0.00
  11499202,     0, 6,16:36:06,16:45:09,   543, 40.40, 30.00, 10.40
         0,     0, 6,16:45:17,16:45:27,    10, 30.00, 41.30,-11.30
  13323434,     0, 9,16:45:25,16:45:29,     4, 38.40, 38.40,  0.00
  13008756,  7115, 1,16:44:10,16:45:28,    78, 41.30, 23.50, 17.80
         0,     0, 9,16:45:36,16:45:39,     3, 38.40, 41.10, -2.70
         0,     0, 1,16:45:37,16:45:53,    16, 23.50, 41.30,-17.80
  12448471,  6084, 3,16:45:53,16:45:57,     4, 46.50, 47.40, -0.90
  13008833,     0, 6,16:45:38,16:46:18,    40, 41.30, 41.20,  0.10
  13008742,  7163, 2,16:45:54,16:46:39,    45, 43.90, 43.80,  0.10
  12706705,  7114, 1,16:46:26,16:46:54,    28, 41.30, 41.20,  0.10
  13008837,     0, 8,16:45:19,16:47:03,   104, 41.00, 25.10, 15.90
         0,     0, 8,16:47:11,16:47:28,    17, 25.10, 41.10,-16.00
  12706705,  7114, 2,16:47:07,16:50:23,   196, 43.80, 25.30, 18.50
         0,     0, 2,16:50:30,16:50:47,    17, 25.30, 44.10,-18.80
  13008742,  7163, 1,16:47:07,16:50:52,   225, 41.20, 20.70, 20.50
         0,     0, 1,16:50:59,16:51:18,    19, 20.70, 41.30,-20.60
  12706624,  7033, 6,16:46:47,16:51:26,   279, 41.10, 34.10,  7.00
         0,     0, 6,16:51:33,16:51:39,     6, 34.10, 41.50, -7.40
  12706707,  7116, 2,16:51:47,16:52:19,    32, 44.10, 42.40,  1.70
  12706707,  7116, 1,16:53:09,16:55:04,   115, 41.30, 35.90,  5.40
         0,     0, 1,16:55:11,16:55:15,     4, 35.90, 41.20, -5.30
  12448471,  6084, 4,16:56:12,16:57:16,    64, 43.70, 34.20,  9.50
         0,     0, 4,16:57:24,16:57:33,     9, 34.20, 43.50, -9.30
  12448483,  6096, 5,16:55:42,16:58:25,   163, 40.90, 15.30, 25.60
         0,     0, 5,16:58:33,16:58:57,    24, 15.30, 40.90,-25.60
  12448416,  6029, 1,16:58:58,16:59:43,    45, 41.20, 35.40,  5.80
         0,     0, 1,16:59:51,16:59:56,     5, 35.40, 41.30, -5.90
  12706669,  7078, 3,16:59:38,17:00:37,    59, 46.80, 38.60,  8.20
  12448437,  6050, 7,16:42:45,17:00:38,  1073, 41.00, 35.00,  6.00
         0,     0, 7,17:00:46,17:00:50,     4, 35.00, 41.60, -6.60
         0,     0, 3,17:00:45,17:00:52,     7, 38.60, 38.90, -0.30
  12200083,     0, 9,16:59:53,17:00:51,    58, 41.10, 36.40,  4.70
         0,     0, 9,17:00:58,17:01:03,     5, 36.40, 41.10, -4.70
  13008765,     0, 9,17:01:42,17:02:07,    25, 41.10, 39.30,  1.80
         0,     0, 9,17:02:16,17:02:17,     1, 39.30, 41.10, -1.80
  11724109,  6068, 3,17:01:32,17:03:07,    95, 46.40, 38.30,  8.10
         0,     0, 3,17:03:15,17:03:22,     7, 38.30, 46.20, -7.90
  12448420,     0, 9,17:02:41,17:05:39,   178, 41.10, 35.10,  6.00
         0,     0, 9,17:05:47,17:05:54,     7, 35.10, 41.10, -6.00
  12448449,  6062, 4,17:06:42,17:08:14,    92, 43.40, 33.10, 10.30
         0,     0, 4,17:08:22,17:08:31,     9, 33.10, 43.50,-10.40
  12706651,  7060, 5,17:09:09,17:09:54,    45, 40.80, 34.60,  6.20
         0,     0, 5,17:10:01,17:10:07,     6, 34.60, 40.80, -6.20
  13008735,  7156, 5,17:10:17,17:11:29,    72, 40.80, 34.40,  6.40
         0,     0, 5,17:11:37,17:11:43,     6, 34.40, 40.70, -6.30
  13008765,     0, 9,17:12:17,17:13:23,    66, 41.10, 36.00,  5.10
         0,     0, 9,17:13:31,17:13:38,     7, 36.00, 40.90, -4.90
  12448479,  6092, 1,17:13:55,17:16:05,   130, 41.20, 26.90, 14.30
         0,     0, 1,17:16:12,17:16:25,    13, 26.90, 41.30,-14.40
  12706655,  7064, 4,17:13:58,17:16:47,   169, 43.90, 30.60, 13.30
         0,     0, 4,17:16:55,17:17:07,    12, 30.60, 43.50,-12.90
  12200007,  5061, 2,17:18:26,17:19:17,    51, 42.40, 34.40,  8.00
  12706651,  7060, 5,17:18:27,17:19:17,    50, 40.70, 35.40,  5.30
         0,     0, 5,17:19:25,17:19:30,     5, 35.40, 40.70, -5.30
         0,     0, 2,17:19:24,17:19:33,     9, 34.40, 44.00, -9.60
  12706651,  7060, 5,17:19:40,17:20:21,    41, 40.70, 35.20,  5.50
         0,     0, 5,17:20:29,17:20:34,     5, 35.20, 41.00, -5.80
  12706650,  7059, 5,17:21:47,17:22:45,    58, 40.90, 34.90,  6.00
         0,     0, 5,17:22:54,17:22:59,     5, 34.90, 40.70, -5.80
  11724239,  3139, 2,17:21:59,17:23:01,    62, 44.00, 43.70,  0.30
  12706639,  7048, 2,17:23:33,17:23:50,    17, 43.60, 43.70, -0.10
  12706710,  7119, 2,17:24:11,17:25:01,    50, 43.70, 37.50,  6.20
  12706639,  7048, 1,17:24:12,17:25:06,    54, 41.30, 40.70,  0.60
         0,     0, 2,17:25:09,17:25:14,     5, 37.50, 44.00, -6.50
  13008732,  7153, 3,17:25:14,17:25:18,     4, 46.90, 47.50, -0.60
  12706639,  7048, 2,17:25:29,17:26:22,    53, 44.00, 35.80,  8.20
         0,     0, 2,17:26:31,17:26:38,     7, 35.80, 43.90, -8.10
  12448451,  6064, 4,17:29:25,17:31:41,   136, 43.60, 23.30, 20.30
         0,     0, 4,17:31:49,17:32:08,    19, 23.30, 43.40,-20.10
  13008756,  7115, 5,17:31:33,17:32:28,    55, 40.90, 30.10, 10.80
         0,     0, 5,17:32:36,17:32:46,    10, 30.10, 41.00,-10.90
  12448477,  6090, 1,17:33:25,17:33:30,     5, 40.70, 40.70,  0.00
  12448477,  6090, 2,17:33:41,17:33:55,    14, 44.00, 42.30,  1.70
  12706700,  7109, 2,17:34:07,17:34:35,    28, 42.30, 35.70,  6.60
  12448477,  6090, 1,17:34:11,17:34:41,    30, 40.70, 38.80,  1.90
         0,     0, 1,17:34:48,17:34:49,     1, 38.80, 41.20, -2.40
         0,     0, 2,17:34:44,17:34:51,     7, 35.70, 43.80, -8.10
  12448415,     0, 8,17:35:26,17:35:28,     2, 40.90, 40.90,  0.00
  12706700,  7109, 2,17:35:01,17:35:40,    39, 43.80, 32.00, 11.80
         0,     0, 2,17:35:47,17:35:58,    11, 32.00, 44.00,-12.00
  12448483,  6096, 1,17:35:00,17:36:01,    61, 41.20, 37.90,  3.30
         0,     0, 1,17:36:08,17:36:10,     2, 37.90, 41.40, -3.50
  12200007,  5061, 1,17:36:25,17:37:00,    35, 41.40, 36.90,  4.50
         0,     0, 1,17:37:09,17:37:12,     3, 36.90, 41.30, -4.40
  12448409,  6022, 4,17:35:06,17:37:28,   142, 43.70, 30.80, 12.90
         0,     0, 4,17:37:36,17:37:47,    11, 30.80, 43.40,-12.60
  13323427,     0, 8,17:39:27,17:39:31,     4, 40.90, 40.90,  0.00
  11954075,  4105, 1,17:39:10,17:40:23,    73, 41.30, 28.30, 13.00
  21268825,  6087, 2,17:39:10,17:40:33,    83, 44.00, 30.80, 13.20
  13323427,     0, 8,17:40:31,17:40:35,     4, 40.60, 40.70, -0.10
         0,     0, 1,17:40:32,17:40:44,    12, 28.30, 41.20,-12.90
         0,     0, 2,17:40:41,17:40:53,    12, 30.80, 44.00,-13.20
  11954050,  4080, 4,17:39:50,17:41:16,    86, 43.50, 29.50, 14.00
         0,     0, 4,17:41:25,17:41:38,    13, 29.50, 43.40,-13.90
  12199986,     0, 7,17:01:01,17:42:03,  2462, 39.60, 27.70, 11.90
         0,     0, 7,17:42:10,17:42:18,     8, 27.70, 27.70,  0.00
  11724239,  3139, 2,17:42:43,17:46:18,   215, 44.00, 31.00, 13.00
         0,     0, 2,17:46:27,17:46:39,    12, 31.00, 44.10,-13.10
  12448473,  6086, 1,17:46:34,17:47:39,    65, 41.20, 29.40, 11.80
         0,     0, 1,17:47:47,17:47:57,    10, 29.40, 41.30,-11.90
  13008768,     0, 6,17:10:23,17:51:52,  2489, 41.50, 22.50, 19.00
         0,     0, 6,17:52:00,17:52:18,    18, 22.50, 41.60,-19.10
  12706707,  7116, 5,17:56:30,17:57:00,    30, 40.90, 38.30,  2.60
         0,     0, 5,17:57:08,17:57:10,     2, 38.30, 40.90, -2.60
  12448483,  6096, 1,17:56:37,17:58:34,   117, 41.20, 21.40, 19.80
  12706707,  7116, 5,17:58:08,17:58:41,    33, 40.90, 35.50,  5.40
         0,     0, 5,17:58:48,17:58:53,     5, 35.50, 40.70, -5.20
         0,     0, 1,17:58:42,17:59:00,    18, 21.40, 41.20,-19.80
  12448479,  6092, 3,17:59:36,18:01:03,    87, 48.00, 40.60,  7.40
         0,     0, 3,18:01:11,18:01:15,     4, 40.60, 46.20, -5.60
  12706615,     0,10,18:01:27,18:01:53,    26, 40.80, 40.80,  0.00
  12448479,  6092, 4,18:01:46,18:02:06,    20, 43.70, 41.30,  2.40
         0,     0, 4,18:02:15,18:02:16,     1, 41.30, 43.40, -2.10
  13008835,     0, 6,18:03:39,18:05:21,   102, 41.50, 40.90,  0.60
  12706727,  7136, 2,18:03:05,18:06:23,   198, 44.10, 27.70, 16.40
         0,     0, 2,18:06:31,18:06:46,    15, 27.70, 43.90,-16.20
  11954075,  4105, 1,18:08:33,18:09:03,    30, 41.20, 36.30,  4.90
         0,     0, 1,18:09:11,18:09:15,     4, 36.30, 41.20, -4.90
  12706726,  7135, 5,18:11:38,18:14:27,   169, 40.80, 27.00, 13.80
  12706659,  7068, 2,18:12:05,18:14:27,   142, 43.90, 24.20, 19.70
         0,     0, 5,18:14:34,18:14:47,    13, 27.00, 40.70,-13.70
  12706701,  7110, 1,18:13:59,18:14:45,    46, 41.20, 40.70,  0.50
         0,     0, 2,18:14:35,18:14:54,    19, 24.20, 43.90,-19.70
  12706701,  7110, 2,18:15:04,18:17:22,   138, 43.90, 26.70, 17.20
         0,     0, 2,18:17:30,18:17:46,    16, 26.70, 44.00,-17.30
  12448521,     0, 8,18:18:53,18:19:01,     8, 40.10, 39.80,  0.30
         0,     0, 8,18:19:10,18:19:10,     0, 39.80, 40.70, -0.90
  12448521,     0, 8,18:19:33,18:19:35,     2, 40.60, 40.60,  0.00
  12200042,  5096, 1,18:18:23,18:20:27,   124, 40.70, 25.70, 15.00
         0,     0, 1,18:20:35,18:20:50,    15, 25.70, 41.30,-15.60
  12448448,  6061, 2,18:23:10,18:23:16,     6, 44.00, 44.00,  0.00
  13008835,     0, 6,18:21:36,18:24:05,   149, 40.40, 36.20,  4.20
         0,     0, 6,18:24:13,18:24:16,     3, 36.20, 40.00, -3.80
  12448448,  6061, 2,18:23:26,18:29:31,   365, 44.00, 18.30, 25.70
         0,     0, 2,18:29:40,18:30:04,    24, 18.30, 43.90,-25.60
  12706601,     0,10,18:29:08,18:30:16,    68, 40.70, 32.20,  8.50
         0,     0,10,18:30:24,18:30:33,     9, 32.20, 41.20, -9.00
  13323427,     0, 7,17:42:33,18:32:29,  2996, 37.00, 36.80,  0.20
         0,     0, 7,18:32:37,18:32:39,     2, 36.80, 36.80,  0.00
  12706618,     0,10,18:34:39,18:35:48,    69, 41.20, 29.40, 11.80
  21292347,  5120, 2,18:32:51,18:35:51,   180, 44.00, 32.30, 11.70
         0,     0,10,18:35:55,18:36:07,    12, 29.40, 41.20,-11.80
         0,     0, 2,18:36:00,18:36:10,    10, 32.30, 32.30,  0.00
  12199988,  5042, 1,18:37:39,18:39:03,    84, 41.30, 38.80,  2.50
         0,     0, 1,18:39:11,18:39:12,     1, 38.80, 41.30, -2.50
  12199969,     0, 9,18:39:11,18:40:30,    79, 40.90, 35.90,  5.00
  12199988,  5042, 2,18:39:48,18:40:35,    47, 44.00, 41.90,  2.10
         0,     0, 2,18:40:42,18:40:42,     0, 41.90, 43.50, -1.60
         0,     0, 9,18:40:39,18:40:45,     6, 35.90, 41.00, -5.10
  13008815,     0, 7,18:32:57,18:41:52,   535, 41.20, 31.50,  9.70
         0,     0, 7,18:42:00,18:42:05,     5, 31.50, 31.50,  0.00
  12706727,  7136, 1,18:42:42,18:43:12,    30, 41.30, 41.30,  0.00
  13008737,     0, 8,18:42:50,18:43:55,    65, 33.50, 33.20,  0.30
         0,     0, 8,18:44:03,18:44:11,     8, 33.20, 41.10, -7.90
  12706727,  7136, 2,18:43:18,18:45:19,   121, 43.60, 33.50, 10.10
         0,     0, 2,18:45:28,18:45:37,     9, 33.50, 43.90,-10.40
  11954050,  4080, 1,18:46:14,18:47:19,    65, 41.30, 34.50,  6.80
  13008737,     0, 7,18:44:12,18:47:24,   192, 40.50, 26.50, 14.00
  12706624,  7033, 6,18:24:26,18:47:25,  1379, 40.00, 34.70,  5.30
         0,     0, 1,18:47:28,18:47:34,     6, 34.50, 41.20, -6.70
         0,     0, 6,18:47:33,18:47:39,     6, 34.70, 41.40, -6.70
         0,     0, 7,18:47:32,18:47:42,    10, 26.50, 41.60,-15.10
  13008836,     0, 8,18:48:14,18:48:25,    11, 41.10, 41.00,  0.10
  12448420,     0,10,18:47:22,18:49:56,   154, 41.10, 33.50,  7.60
  12706701,  7110, 2,18:48:10,18:50:02,   112, 44.00, 34.70,  9.30
         0,     0,10,18:50:05,18:50:13,     8, 33.50, 41.20, -7.70
         0,     0, 2,18:50:11,18:50:19,     8, 34.70, 44.00, -9.30
  12706686,  7095, 1,18:50:24,18:51:44,    80, 41.20, 26.10, 15.10
         0,     0, 1,18:51:51,18:52:05,    14, 26.10, 41.40,-15.30
  12200046,  5100, 2,18:55:37,18:57:39,   122, 44.00, 36.90,  7.10
         0,     0, 2,18:57:47,18:57:53,     6, 36.90, 44.00, -7.10
  11953978,  4008, 1,18:56:28,18:58:47,   139, 41.30, 22.40, 18.90
         0,     0, 1,18:58:55,18:59:12,    17, 22.40, 41.30,-18.90
  13008797,     0, 6,18:55:37,18:59:15,   218, 40.90, 33.30,  7.60
         0,     0, 6,18:59:23,18:59:30,     7, 33.30, 41.50, -8.20
  12448415,     0, 7,18:47:52,18:59:59,   727, 41.60, 27.80, 13.80
         0,     0, 7,19:00:07,19:00:15,     8, 27.80, 27.90, -0.10
  12706636,  7045, 1,19:00:15,19:00:29,    14, 41.30, 41.30,  0.00
  21306958,  5124, 8,19:00:15,19:00:31,    16, 41.00, 40.80,  0.20
  12706636,  7045, 2,19:00:34,19:01:23,    49, 44.00, 37.50,  6.50
         0,     0, 2,19:01:32,19:01:37,     5, 37.50, 43.90, -6.40
  13323450,     0, 9,19:00:48,19:02:12,    84, 41.00, 35.50,  5.50
  21306958,  5124, 8,19:01:10,19:02:22,    72, 40.60, 40.20,  0.40
         0,     0, 9,19:02:20,19:02:27,     7, 35.50, 41.00, -5.50
  12706659,  7068, 4,19:01:54,19:02:29,    35, 44.50, 43.40,  1.10
  12706636,  7045, 1,19:01:54,19:02:38,    44, 41.30, 33.60,  7.70
         0,     0, 1,19:02:46,19:02:52,     6, 33.60, 41.20, -7.60
  12706659,  7068, 4,19:02:54,19:02:57,     3, 43.50, 43.40,  0.10
  21292347,  5120, 2,19:01:50,19:03:12,    82, 44.00, 38.80,  5.20
         0,     0, 9,19:03:21,19:03:22,     1, 39.80, 41.00, -1.20
         0,     0, 2,19:03:20,19:03:24,     4, 38.80, 44.10, -5.30
  21268104,  6067, 1,19:03:30,19:05:02,    92, 41.20, 34.90,  6.30
         0,     0, 1,19:05:11,19:05:16,     5, 34.90, 41.20, -6.30
  13008833,     0, 6,19:00:37,19:05:13,   276, 41.10, 40.00,  1.10
  21306958,  5124, 8,19:05:13,19:05:26,    13, 40.20, 40.10,  0.10
  21306958,  5124, 7,19:02:42,19:06:31,   229, 41.40, 40.50,  0.90
  21268104,  6067, 2,19:05:08,19:06:49,   101, 44.10, 29.60, 14.50
  13008836,     0, 8,19:07:03,19:07:04,     1, 40.00, 40.00,  0.00
         0,     0, 2,19:06:57,19:07:10,    13, 29.60, 43.90,-14.30
         0,     0, 8,19:07:12,19:07:12,     0, 40.00, 40.60, -0.60
  13323450,     0,10,19:06:45,19:08:26,   101, 41.10, 34.60,  6.50
         0,     0,10,19:08:35,19:08:41,     6, 34.60, 41.20, -6.60
  13008833,     0, 6,19:07:23,19:10:02,   159, 39.80, 25.00, 14.80
         0,     0, 6,19:10:10,19:10:26,    16, 25.00, 41.60,-16.60
  13323450,     0, 9,19:10:52,19:10:56,     4, 41.00, 41.00,  0.00
  12706710,  7119, 2,19:09:05,19:11:17,   132, 43.90, 26.50, 17.40
         0,     0, 2,19:11:25,19:11:41,    16, 26.50, 44.10,-17.60
  13008765,     0, 9,19:11:37,19:12:40,    63, 40.20, 35.60,  4.60
         0,     0, 9,19:12:47,19:12:54,     7, 35.60, 41.10, -5.50
  21306958,  5124, 8,19:13:20,19:13:51,    31, 40.70, 40.50,  0.20
  12706616,  7025, 3,19:15:02,19:16:15,    73, 46.60, 32.30, 14.30
  12448477,  6090, 4,19:15:30,19:16:23,    53, 43.40, 40.30,  3.10
         0,     0, 4,19:16:30,19:16:33,     3, 40.30, 43.20, -2.90
         0,     0, 3,19:16:23,19:16:36,    13, 32.30, 46.10,-13.80
  12448428,  6041, 1,19:15:51,19:16:55,    64, 41.20, 27.90, 13.30
         0,     0, 1,19:17:03,19:17:15,    12, 27.90, 41.30,-13.40
  12448477,  6090, 4,19:16:48,19:17:49,    61, 43.30, 35.80,  7.50
         0,     0, 4,19:17:58,19:18:05,     7, 35.80, 43.40, -7.60
  12448477,  6090, 3,19:18:25,19:18:55,    30, 46.90, 43.20,  3.70
         0,     0, 3,19:19:02,19:19:04,     2, 43.20, 46.20, -3.00
  12448521,     0, 8,19:24:26,19:25:18,    52, 40.30, 39.90,  0.40
  12706707,  7116, 5,19:31:50,19:32:42,    52, 40.80, 35.80,  5.00
         0,     0, 5,19:32:49,19:32:53,     4, 35.80, 40.80, -5.00
  13008815,     0, 8,19:31:02,19:33:24,   142, 31.90, 21.90, 10.00
         0,     0, 8,19:33:32,19:33:52,    20, 21.90, 41.10,-19.20
  12199981,  5035, 3,19:33:18,19:34:33,    75, 46.40, 30.90, 15.50
         0,     0, 3,19:34:40,19:34:53,    13, 30.90, 30.90,  0.00
  11954056,     0, 8,19:35:18,19:35:24,     6, 41.20, 41.10,  0.10
  13008836,     0, 7,19:06:41,19:35:36,  1735, 40.60, 23.80, 16.80
         0,     0, 7,19:35:44,19:35:55,    11, 23.80, 23.80,  0.00
  12706639,  7048, 4,19:35:31,19:38:54,   203, 43.70, 29.70, 14.00
         0,     0, 4,19:39:02,19:39:15,    13, 29.70, 43.00,-13.30
  13008786,     0, 9,19:39:25,19:39:52,    27, 41.10, 40.10,  1.00
  13008786,     0, 9,19:41:00,19:42:26,    86, 40.10, 35.60,  4.50
         0,     0, 9,19:42:34,19:42:41,     7, 35.60, 41.10, -5.50
  11954050,  4080, 5,19:41:42,19:44:03,   141, 40.90, 29.00, 11.90
         0,     0, 5,19:44:11,19:44:22,    11, 29.00, 40.90,-11.90
  11954056,     0, 8,19:45:35,19:45:39,     4, 41.10, 41.10,  0.00
  21306958,  5124, 7,19:36:24,19:45:44,   560, 41.40, 30.50, 10.90
         0,     0, 7,19:45:52,19:45:58,     6, 30.50, 30.60, -0.10
  11954056,     0, 8,19:45:58,19:47:50,   112, 41.00, 36.50,  4.50
         0,     0, 8,19:47:58,19:48:02,     4, 36.50, 40.30, -3.80
  11954056,     0, 8,19:49:03,19:49:08,     5, 27.70, 27.80, -0.10
  13323435,     0, 9,19:48:53,19:49:21,    28, 40.90, 40.90,  0.00
         0,     0, 8,19:49:16,19:49:30,    14, 27.80, 41.30,-13.50
  13008802,     0, 9,19:49:45,19:49:48,     3, 40.90, 40.90,  0.00
  13323435,     0,10,19:49:39,19:49:51,    12, 40.10, 39.20,  0.90
         0,     0,10,19:49:59,19:50:00,     1, 39.20, 41.20, -2.00
  13323435,     0,10,19:51:20,19:51:50,    30, 40.20, 38.00,  2.20
         0,     0,10,19:51:59,19:52:01,     2, 38.00, 41.20, -3.20
  12706700,  7109, 5,19:53:09,19:54:05,    56, 40.80, 29.70, 11.10
         0,     0, 5,19:54:13,19:54:23,    10, 29.70, 40.90,-11.20
  13323358,     0,10,19:56:57,19:57:08,    11, 41.20, 40.90,  0.30
  12706636,  7045, 3,19:56:32,19:57:38,    66, 46.50, 38.20,  8.30
         0,     0, 3,19:57:45,19:57:52,     7, 38.20, 38.20,  0.00
  12706707,  7116, 5,19:57:32,19:57:53,    21, 40.90, 39.20,  1.70
  13323358,     0,10,19:57:44,19:57:55,    11, 40.90, 40.70,  0.20
         0,     0, 5,19:58:01,19:58:02,     1, 39.20, 40.90, -1.70
  12706738,  7147, 2,20:00:15,20:03:08,   173, 44.10, 26.60, 17.50
         0,     0, 2,20:03:15,20:03:31,    16, 26.60, 26.70, -0.10
  13323425,     0, 9,20:03:36,20:03:42,     6, 40.60, 40.70, -0.10
  13008835,     0, 6,19:16:17,20:03:44,  2847, 35.70, 21.40, 14.30
         0,     0, 6,20:03:52,20:04:13,    21, 21.40, 41.50,-20.10
  13323425,     0, 9,20:04:10,20:04:12,     2, 40.30, 40.30,  0.00
  11499161,  2051, 1,20:02:54,20:04:50,   116, 41.30, 31.90,  9.40
         0,     0, 1,20:04:58,20:05:06,     8, 31.90, 41.30, -9.40
  11953978,  4008, 1,20:05:21,20:06:55,    94, 41.30, 33.90,  7.40
         0,     0, 1,20:07:03,20:07:09,     6, 33.90, 41.20, -7.30
  12706637,  7046, 2,20:08:18,20:08:25,     7, 44.00, 44.00,  0.00
  12706650,  7059, 1,20:07:20,20:08:28,    68, 41.20, 36.70,  4.50
         0,     0, 1,20:08:36,20:08:39,     3, 36.70, 41.20, -4.50
  12706637,  7046, 1,20:08:49,20:09:28,    39, 41.20, 41.00,  0.20
  12706637,  7046, 1,20:09:39,20:11:26,   107, 41.00, 27.80, 13.20
         0,     0, 1,20:11:34,20:11:46,    12, 27.80, 41.30,-13.50
  12706650,  7059, 2,20:13:22,20:14:07,    45, 44.00, 38.40,  5.60
         0,     0, 2,20:14:14,20:14:18,     4, 38.40, 44.00, -5.60
  13008820,     0,10,20:14:22,20:14:24,     2, 40.60, 40.60,  0.00
  13008802,     0, 9,20:15:22,20:15:31,     9, 40.30, 39.70,  0.60
         0,     0, 9,20:15:39,20:15:40,     1, 39.70, 41.00, -1.30
  12448442,  6055, 6,20:04:38,20:15:59,   681, 37.20, 37.20,  0.00
  12706650,  7059, 1,20:14:16,20:16:05,   109, 41.20, 32.00,  9.20
         0,     0, 6,20:16:07,20:16:09,     2, 37.20, 40.70, -3.50
         0,     0, 1,20:16:13,20:16:21,     8, 32.00, 41.40, -9.40
  12448428,  6041, 1,20:17:00,20:17:56,    56, 41.40, 31.20, 10.20
         0,     0, 1,20:18:04,20:18:13,     9, 31.20, 41.30,-10.10
  13008802,     0, 9,20:18:16,20:18:18,     2, 37.90, 37.90,  0.00
         0,     0, 9,20:18:26,20:18:29,     3, 37.90, 41.00, -3.10
  13008802,     0, 9,20:18:39,20:19:35,    56, 40.80, 33.60,  7.20
         0,     0, 9,20:19:44,20:19:53,     9, 33.60, 41.00, -7.40
  12706700,  7109, 3,20:22:33,20:22:46,    13, 46.10, 43.80,  2.30
         0,     0, 3,20:22:53,20:22:54,     1, 43.80, 46.10, -2.30
  12706700,  7109, 3,20:23:18,20:23:48,    30, 46.10, 36.50,  9.60
         0,     0, 3,20:23:56,20:24:04,     8, 36.50, 36.90, -0.40
  12200046,  5100, 1,20:24:21,20:25:03,    42, 41.30, 33.20,  8.10
         0,     0, 1,20:25:10,20:25:17,     7, 33.20, 41.30, -8.10
  12706726,  7135, 5,20:23:12,20:26:52,   220, 40.90, 27.20, 13.70
  11954042,     0, 9,20:26:32,20:27:00,    28, 41.00, 40.80,  0.20
         0,     0, 5,20:27:00,20:27:13,    13, 27.20, 40.80,-13.60
  11954042,     0, 9,20:27:19,20:27:55,    36, 40.80, 39.90,  0.90
         0,     0, 9,20:28:02,20:28:02,     0, 39.90, 40.80, -0.90
  12448409,  6022, 2,20:27:11,20:29:17,   126, 44.00, 32.00, 12.00
  11954042,     0, 9,20:28:17,20:29:20,    63, 39.70, 31.00,  8.70
  12448471,  6084, 3,20:28:48,20:29:27,    39, 46.20, 41.80,  4.40
         0,     0, 2,20:29:25,20:29:36,    11, 32.00, 44.00,-12.00
         0,     0, 3,20:29:36,20:29:39,     3, 41.80, 41.60,  0.20
         0,     0, 9,20:29:27,20:29:40,    13, 31.00, 41.10,-10.10
  13323425,     0, 9,20:30:04,20:30:08,     4, 41.10, 41.10,  0.00
  12200042,  5096, 3,20:29:59,20:30:29,    30, 46.10, 45.80,  0.30
  13323425,     0, 9,20:30:20,20:31:58,    98, 41.10, 37.60,  3.50
         0,     0, 9,20:32:05,20:32:09,     4, 37.60, 41.10, -3.50
  12200042,  5096, 3,20:30:40,20:32:11,    91, 45.80, 27.50, 18.30
  12448471,  6084, 4,20:30:44,20:32:12,    88, 43.10, 26.50, 16.60
  12448449,  6062, 5,20:29:18,20:32:33,   195, 40.80, 25.00, 15.80
         0,     0, 3,20:32:18,20:32:35,    17, 27.50, 27.50,  0.00
         0,     0, 4,20:32:20,20:32:37,    17, 26.50, 43.70,-17.20
         0,     0, 5,20:32:40,20:32:55,    15, 25.00, 40.90,-15.90
  13323435,     0,10,20:34:34,20:35:07,    33, 40.40, 40.10,  0.30
  13323435,     0,10,20:40:18,20:40:25,     7, 38.90, 38.90,  0.00
         0,     0,10,20:40:34,20:40:35,     1, 38.90, 41.10, -2.20
  13008732,  7153, 3,20:40:24,20:41:15,    51, 46.40, 47.40, -1.00
  13323435,     0,10,20:41:16,20:41:18,     2, 38.90, 38.90,  0.00
         0,     0,10,20:41:25,20:41:27,     2, 38.90, 41.20, -2.30
  13323435,     0,10,20:42:12,20:42:13,     1, 39.00, 39.00,  0.00
         0,     0,10,20:42:20,20:42:21,     1, 39.00, 41.20, -2.20
  13008732,  7153, 4,20:42:25,20:42:38,    13, 43.80, 43.90, -0.10
  12706669,  7078, 3,20:41:27,20:42:51,    84, 47.40, 41.30,  6.10
         0,     0, 3,20:42:59,20:43:03,     4, 41.30, 46.20, -4.90
  12706669,  7078, 3,20:43:29,20:43:56,    27, 46.20, 38.80,  7.40
         0,     0, 3,20:44:03,20:44:09,     6, 38.80, 46.00, -7.20
  11724109,  6068, 2,20:43:51,20:44:40,    49, 44.00, 43.90,  0.10
  13008735,  7156, 4,20:43:51,20:45:42,   111, 43.80, 32.70, 11.10
         0,     0, 4,20:45:50,20:46:00,    10, 32.70, 43.30,-10.60
  11724109,  6068, 1,20:44:45,20:46:27,   102, 41.30, 37.10,  4.20
         0,     0, 1,20:46:34,20:46:37,     3, 37.10, 41.30, -4.20
  11724109,  6068, 2,20:46:56,20:49:07,   131, 43.90, 30.10, 13.80
  12448416,  6029, 1,20:46:48,20:49:09,   141, 41.30, 23.00, 18.30
         0,     0, 2,20:49:15,20:49:28,    13, 30.10, 43.90,-13.80
         0,     0, 1,20:49:17,20:49:35,    18, 23.00, 41.20,-18.20
  13008732,  7153, 4,20:48:44,20:51:19,   155, 43.50, 20.90, 22.60
  11724239,  3139, 1,20:51:17,20:51:32,    15, 41.20, 41.20,  0.00
         0,     0, 4,20:51:26,20:51:48,    22, 20.90, 43.30,-22.40
  11724239,  3139, 2,20:51:53,20:52:43,    50, 44.00, 43.70,  0.30
  11954075,  4105, 1,20:51:43,20:52:46,    63, 41.20, 29.30, 11.90
         0,     0, 1,20:52:53,20:53:04,    11, 29.30, 41.20,-11.90
  13008735,  7156, 4,20:56:18,20:57:32,    74, 43.70, 38.10,  5.60
         0,     0, 4,20:57:40,20:57:45,     5, 38.10, 38.50, -0.40
  11724239,  3139, 2,20:53:31,20:57:43,   252, 43.60, 32.90, 10.70
         0,     0, 2,20:57:50,20:58:00,    10, 32.90, 44.00,-11.10
  12706727,  7136, 4,20:59:04,21:01:25,   141, 43.50, 31.00, 12.50
         0,     0, 4,21:01:33,21:01:45,    12, 31.00, 43.30,-12.30
  13323425,     0, 9,21:02:27,21:03:01,    34, 41.10, 40.70,  0.40
  13323425,     0, 9,21:04:03,21:04:05,     2, 38.70, 38.70,  0.00
         0,     0, 9,21:04:13,21:04:15,     2, 38.70, 41.10, -2.40
  13323425,     0, 9,21:05:19,21:05:30,    11, 41.10, 40.90,  0.20
  12448473,  6086, 2,21:04:48,21:05:44,    56, 44.00, 36.00,  8.00
         0,     0, 2,21:05:52,21:05:58,     6, 36.00, 43.80, -7.80
  13323425,     0, 9,21:07:09,21:07:19,    10, 40.90, 40.90,  0.00
  12448473,  6086, 2,21:07:02,21:07:37,    35, 43.80, 36.90,  6.90
         0,     0, 2,21:07:46,21:07:52,     6, 36.90, 44.00, -7.10
  13008742,  7163, 2,21:10:50,21:13:47,   177, 44.00, 24.70, 19.30
  12706609,  7018, 8,21:12:15,21:13:57,   102, 41.10, 37.30,  3.80
         0,     0, 8,21:14:05,21:14:09,     4, 37.30, 41.10, -3.80
         0,     0, 2,21:13:55,21:14:13,    18, 24.70, 43.80,-19.10
  13008735,  7156, 4,21:16:35,21:17:58,    83, 44.00, 38.90,  5.10
         0,     0, 4,21:18:06,21:18:10,     4, 38.90, 43.40, -4.50
  11954075,  4105, 2,21:23:08,21:23:54,    46, 43.80, 36.20,  7.60
         0,     0, 2,21:24:03,21:24:09,     6, 36.20, 43.90, -7.70
  12448449,  6062, 4,21:26:25,21:27:36,    71, 43.90, 40.30,  3.60
         0,     0, 4,21:27:45,21:27:47,     2, 40.30, 43.30, -3.00
  11724109,  6068, 3,21:29:14,21:30:15,    61, 46.00, 47.00, -1.00
  12706705,  7114, 1,21:29:58,21:30:17,    19, 41.20, 41.20,  0.00
  12706669,  7078, 4,21:28:55,21:31:27,   152, 43.30, 40.60,  2.70
         0,     0, 4,21:31:36,21:31:38,     2, 40.60, 43.40, -2.80
  13323434,     0, 9,21:32:18,21:32:20,     2, 40.90, 40.90,  0.00
  12706705,  7114, 2,21:30:23,21:33:57,   214, 44.00, 28.50, 15.50
         0,     0, 2,21:34:06,21:34:20,    14, 28.50, 43.90,-15.40
  13323434,     0, 9,21:36:14,21:36:22,     8, 40.80, 40.80,  0.00
  13008756,  7115, 2,21:34:52,21:36:24,    92, 43.80, 29.80, 14.00
  13323434,     0, 9,21:36:37,21:36:38,     1, 40.50, 40.50,  0.00
         0,     0, 2,21:36:32,21:36:45,    13, 29.80, 44.00,-14.20
  13323434,     0, 9,21:36:51,21:37:12,    21, 40.20, 39.20,  1.00
         0,     0, 9,21:37:21,21:37:23,     2, 39.20, 41.20, -2.00
  13323434,     0, 9,21:37:33,21:38:01,    28, 41.10, 40.00,  1.10
  13008800,     0, 9,21:38:36,21:38:44,     8, 40.00, 40.00,  0.00
  13008800,     0,10,21:39:05,21:40:01,    56, 40.60, 34.70,  5.90
  13323434,     0, 9,21:39:10,21:40:07,    57, 39.60, 37.60,  2.00
         0,     0,10,21:40:10,21:40:16,     6, 34.70, 41.30, -6.60
         0,     0, 9,21:40:15,21:40:19,     4, 37.60, 41.00, -3.40
  13008800,     0,10,21:41:19,21:41:22,     3, 36.70, 36.80, -0.10
         0,     0,10,21:41:30,21:41:34,     4, 36.80, 41.10, -4.30
  12200083,     0, 9,21:47:46,21:48:13,    27, 41.10, 39.80,  1.30
         0,     0, 9,21:48:22,21:48:23,     1, 39.80, 40.90, -1.10
  12200083,     0, 9,21:48:55,21:48:56,     1, 37.10, 37.00,  0.10
         0,     0, 9,21:49:05,21:49:10,     5, 37.00, 41.00, -4.00
  13323450,     0, 9,21:50:28,21:50:56,    28, 41.10, 40.90,  0.20
  11499202,     0, 6,20:24:59,21:51:02,  5163, 40.20, 40.20,  0.00
  11954014,  4044, 2,21:51:20,21:52:32,    72, 43.90, 25.80, 18.10
         0,     0, 2,21:52:40,21:52:57,    17, 25.80, 43.90,-18.10
  12706636,  7045, 2,21:53:09,21:54:01,    52, 43.90, 38.20,  5.70
         0,     0, 2,21:54:09,21:54:13,     4, 38.20, 43.90, -5.70
  12706686,  7095, 2,21:56:49,21:57:01,    12, 43.90, 43.80,  0.10
  12448479,  6092, 3,21:55:40,21:57:42,   122, 45.70, 35.20, 10.50
         0,     0, 3,21:57:51,21:58:01,    10, 35.20, 35.50, -0.30
  12706659,  7068, 1,21:58:58,21:59:29,    31, 40.90, 41.10, -0.20
  12706659,  7068, 2,21:59:33,22:00:26,    53, 43.90, 43.90,  0.00
  12706659,  7068, 1,22:00:35,22:01:44,    69, 41.00, 40.40,  0.60
  12706659,  7068, 1,22:02:28,22:06:02,   214, 40.30, 15.00, 25.30
         0,     0, 1,22:06:11,22:06:36,    25, 15.00, 41.30,-26.30
  12706686,  7095, 2,22:07:38,22:08:43,    65, 43.80, 39.50,  4.30
         0,     0, 2,22:08:51,22:08:54,     3, 39.50, 43.80, -4.30
  12706686,  7095, 1,22:08:49,22:09:41,    52, 41.10, 39.30,  1.80
         0,     0, 1,22:09:48,22:09:49,     1, 39.30, 41.10, -1.80
  12200046,  5100, 3,22:09:54,22:10:38,    44, 46.40, 38.40,  8.00
         0,     0, 3,22:10:46,22:10:52,     6, 38.40, 38.70, -0.30
  13008800,     0,10,22:13:24,22:13:59,    35, 40.80, 36.10,  4.70
         0,     0,10,22:14:06,22:14:10,     4, 36.10, 41.20, -5.10
  12200007,  5061, 5,22:14:08,22:14:15,     7, 40.80, 40.80,  0.00
  12200007,  5061, 5,22:14:32,22:16:16,   104, 40.80, 29.10, 11.70
         0,     0, 5,22:16:23,22:16:34,    11, 29.10, 29.20, -0.10
  12200048,     0, 7,20:48:32,22:19:16,  5444, 41.30, 28.90, 12.40
         0,     0, 7,22:19:24,22:19:32,     8, 28.90, 41.50,-12.60
  12448483,  6096, 1,22:17:10,22:21:00,   230, 41.20, 25.80, 15.40
         0,     0, 1,22:21:08,22:21:22,    14, 25.80, 41.20,-15.40
  12706618,     0, 9,22:28:16,22:29:18,    62, 40.80, 34.10,  6.70
         0,     0, 9,22:29:26,22:29:34,     8, 34.10, 41.10, -7.00
  12706701,  7110, 2,22:29:44,22:29:51,     7, 43.90, 43.90,  0.00
  12706651,  7060, 1,22:29:31,22:30:42,    71, 41.20, 37.30,  3.90
  11954075,  4105, 2,22:30:16,22:30:49,    33, 43.90, 43.90,  0.00
         0,     0, 1,22:30:50,22:30:53,     3, 37.30, 41.30, -4.00
  11954014,  4044, 3,22:30:28,22:31:21,    53, 46.10, 34.90, 11.20
         0,     0, 3,22:31:28,22:31:38,    10, 34.90, 35.10, -0.20
  12706609,  7018, 8,22:31:24,22:32:14,    50, 41.20, 34.30,  6.90
         0,     0, 8,22:32:22,22:32:29,     7, 34.30, 41.10, -6.80
  12706701,  7110, 1,22:31:03,22:33:10,   127, 41.20, 41.20,  0.00
  11954075,  4105, 2,22:31:02,22:33:15,   133, 43.90, 36.00,  7.90
         0,     0, 2,22:33:22,22:33:28,     6, 36.00, 43.90, -7.90
  12706701,  7110, 2,22:33:43,22:34:33,    50, 43.90, 43.90,  0.00
  12706701,  7110, 1,22:34:37,22:34:53,    16, 41.20, 41.30, -0.10
  12706701,  7110, 2,22:35:00,22:35:07,     7, 43.90, 43.80,  0.10
  13323435,     0, 9,22:35:33,22:35:35,     2, 41.00, 41.00,  0.00
  12706651,  7060, 1,22:35:33,22:35:42,     9, 41.20, 41.20,  0.00
  12706651,  7060, 2,22:35:47,22:35:54,     7, 43.80, 43.90, -0.10
  12706616,  7025, 2,22:36:54,22:36:59,     5, 43.80, 43.90, -0.10
  12706616,  7025, 1,22:37:45,22:37:50,     5, 41.20, 41.20,  0.00
  12706701,  7110, 3,22:39:11,22:42:22,   191, 46.50, 28.70, 17.80
         0,     0, 3,22:42:29,22:42:45,    16, 28.70, 28.60,  0.10
  13008779,     0, 7,22:19:52,22:43:55,  1443, 39.70, 39.50,  0.20
         0,     0, 7,22:44:03,22:44:04,     1, 39.50, 41.30, -1.80
  13008737,     0, 8,22:46:26,22:46:28,     2, 24.80, 24.80,  0.00
         0,     0, 8,22:46:36,22:46:53,    17, 24.80, 41.10,-16.30
  12199988,  5042, 2,22:47:46,22:47:52,     6, 43.90, 43.90,  0.00
  12706624,  7033, 6,21:51:12,22:48:28,  3436, 40.20, 35.50,  4.70
         0,     0, 6,22:48:36,22:48:41,     5, 35.50, 41.40, -5.90
  12448448,  6061, 3,22:49:22,22:49:40,    18, 46.80, 47.70, -0.90
  12448479,  6092, 2,22:49:46,22:50:04,    18, 43.90, 43.80,  0.10
  13008820,     0,10,22:52:45,22:52:46,     1, 40.20, 40.30, -0.10
  13008820,     0, 9,22:53:05,22:53:19,    14, 41.00, 40.80,  0.20
  13323450,     0,10,22:54:06,22:54:13,     7, 40.20, 40.20,  0.00
  12706616,  7025, 1,22:56:56,22:57:01,     5, 41.30, 41.30,  0.00
  13323425,     0,10,22:57:06,22:57:14,     8, 40.10, 40.00,  0.10
         0,     0,10,22:57:22,22:57:22,     0, 40.00, 40.40, -0.40
  12448448,  6061, 4,22:51:17,22:57:33,   376, 43.40, 26.90, 16.50
  12199988,  5042, 3,22:54:52,22:57:37,   165, 47.30, 29.60, 17.70
         0,     0, 4,22:57:40,22:57:56,    16, 26.90, 43.20,-16.30
         0,     0, 3,22:57:45,22:58:00,    15, 29.60, 29.50,  0.10
  12706651,  7060, 3,22:58:10,22:58:10,     0, 47.20, 47.80, -0.60
  13323425,     0,10,22:57:37,22:58:16,    39, 40.20, 39.50,  0.70
         0,     0,10,22:58:25,22:58:26,     1, 39.50, 41.20, -1.70
  13323425,     0,10,22:59:09,22:59:20,    11, 40.30, 40.00,  0.30
         0,     0,10,23:00:37,23:00:38,     1, 39.60, 41.20, -1.60
  12706651,  7060, 3,22:58:26,23:00:39,   133, 47.90, 32.70, 15.20
         0,     0, 3,23:00:46,23:00:58,    12, 32.70, 46.20,-13.50
  12448451,  6064, 2,23:02:55,23:03:03,     8, 43.80, 43.80,  0.00
  13008815,     0, 8,23:05:41,23:05:48,     7, 41.20, 41.10,  0.10
  13008815,     0, 8,23:06:19,23:07:44,    85, 41.10, 36.30,  4.80
         0,     0, 8,23:07:53,23:07:57,     4, 36.30, 41.10, -4.80
  12448451,  6064, 3,23:10:57,23:11:08,    11, 46.90, 46.90,  0.00
  12706616,  7025, 4,23:09:57,23:11:10,    73, 43.80, 26.50, 17.30
         0,     0, 4,23:11:18,23:11:34,    16, 26.50, 43.30,-16.80
  12706637,  7046, 3,23:11:23,23:12:00,    37, 47.00, 48.20, -1.20
  12706637,  7046, 3,23:12:10,23:14:13,   123, 48.20, 32.50, 15.70
         0,     0, 3,23:14:22,23:14:34,    12, 32.50, 32.50,  0.00
  12448451,  6064, 1,23:23:07,23:23:23,    16, 41.30, 41.30,  0.00
  13008792,     0,10,23:24:52,23:24:55,     3, 41.00, 41.00,  0.00
  13008786,     0,10,23:25:12,23:25:16,     4, 41.00, 41.00,  0.00
  13323434,     0, 9,23:26:48,23:28:20,    92, 38.60, 35.40,  3.20
         0,     0, 9,23:28:27,23:28:34,     7, 35.40, 41.00, -5.60
  13323434,     0, 9,23:29:22,23:29:24,     2, 37.80, 37.80,  0.00
         0,     0, 9,23:29:31,23:29:35,     4, 37.80, 41.10, -3.30
  13008786,     0, 9,23:29:57,23:30:59,    62, 41.00, 39.70,  1.30
         0,     0, 9,23:31:08,23:31:09,     1, 39.70, 41.00, -1.30
  13008786,     0, 9,23:32:20,23:32:23,     3, 38.30, 38.40, -0.10
         0,     0, 9,23:32:31,23:32:34,     3, 38.40, 41.00, -2.60
  13008786,     0, 9,23:36:36,23:37:13,    37, 40.20, 38.90,  1.30
         0,     0, 9,23:37:21,23:37:23,     2, 38.90, 41.10, -2.20
  12448415,     0, 7,22:57:50,23:39:39,  2509, 41.40, 29.70, 11.70
         0,     0, 7,23:39:47,23:39:54,     7, 29.70, 29.70,  0.00
  12706650,  7059, 4,23:38:51,23:39:59,    68, 43.80, 36.20,  7.60
  12199981,  5035, 2,23:39:56,23:40:05,     9, 43.70, 43.80, -0.10
         0,     0, 4,23:40:08,23:40:14,     6, 36.20, 43.40, -7.20
  12199981,  5035, 1,23:40:10,23:40:18,     8, 41.30, 41.30,  0.00
  12448451,  6064, 1,23:41:51,23:41:59,     8, 41.30, 41.30,  0.00
  12448451,  6064, 2,23:42:07,23:42:09,     2, 43.80, 43.80,  0.00
  13008815,     0, 8,23:42:09,23:42:12,     3, 36.70, 36.70,  0.00
         0,     0, 8,23:42:20,23:42:24,     4, 36.70, 41.10, -4.40
  21268825,  6087, 1,23:42:34,23:42:39,     5, 41.30, 41.30,  0.00
  21268825,  6087, 2,23:42:43,23:42:48,     5, 43.80, 43.80,  0.00
  12199981,  5035, 1,23:44:37,23:44:42,     5, 41.30, 41.30,  0.00
  21268825,  6087, 3,23:44:16,23:44:41,    25, 46.90, 47.60, -0.70
  13008762,     0, 6,22:52:30,23:44:42,  3132, 41.40, 34.80,  6.60
  12706738,  7147, 5,23:42:35,23:44:42,   127, 40.90, 28.70, 12.20
  13008815,     0, 7,23:40:04,23:44:42,   278, 41.00, 38.10,  2.90
         0,     0, 8,23:44:55,23:45:05,    10, 41.10, 41.10,  0.00
         0,     0, 9,23:44:55,23:45:05,    10, 41.20, 41.20,  0.00
         0,     0,10,23:44:55,23:45:05,    10, 40.90, 40.90,  0.00
         0,     0, 2,23:44:55,23:45:05,    10, 43.80, 43.80,  0.00
         0,     0, 4,23:44:55,23:45:05,    10, 43.40, 43.40,  0.00
         0,     0, 7,23:44:50,23:44:52,     2, 38.10, 41.50, -3.40
         0,     0, 6,23:44:49,23:44:55,     6, 34.80, 41.40, -6.60
         0,     0, 1,23:45:02,23:45:12,    10, 41.30, 41.30,  0.00
         0,     0, 5,23:44:50,23:45:02,    12, 28.70, 29.00, -0.30
