         0,     0, 3, 0:02:46, 0:02:56,    10, 46.20, 46.20,  0.00
         0,     0, 4, 0:02:46, 0:02:56,    10, 43.90, 43.90,  0.00
         0,     0, 6, 0:02:46, 0:02:56,    10, 41.40, 41.40,  0.00
         0,     0, 5, 0:02:46, 0:02:56,    10, 40.80, 40.80,  0.00
         0,     0, 7, 0:02:46, 0:02:56,    10, 41.50, 41.50,  0.00
         0,     0, 8, 0:02:46, 0:02:56,    10, 41.00, 41.00,  0.00
         0,     0, 9, 0:02:46, 0:02:56,    10, 41.00, 41.00,  0.00
         0,     0,10, 0:02:46, 0:02:56,    10, 40.90, 40.90,  0.00
         0,     0, 1, 0:02:47, 0:02:57,    10, 41.30, 41.30,  0.00
         0,     0, 2, 0:02:47, 0:02:57,    10, 44.00, 44.00,  0.00
  12706637,  7046, 4, 0:02:53, 0:03:20,    27, 43.90, 40.70,  3.20
         0,     0, 4, 0:03:28, 0:03:30,     2, 40.70, 43.30, -2.60
  12706637,  7046, 3, 0:03:31, 0:04:44,    73, 46.40, 29.00, 17.40
         0,     0, 3, 0:04:52, 0:05:06,    14, 29.00, 30.30, -1.30
  21268825,  6087, 4, 0:03:45, 0:05:26,   101, 43.60, 29.20, 14.40
         0,     0, 4, 0:05:34, 0:05:47,    13, 29.20, 43.60,-14.40
  12448483,  6096, 1, 0:02:48, 0:06:20,   212, 41.30, 10.60, 30.70
         0,     0, 1, 0:06:28, 0:06:57,    29, 10.60, 41.10,-30.50
  13323449,     0, 9, 0:07:33, 0:11:21,   228, 41.00, 39.20,  1.80
         0,     0, 9, 0:11:29, 0:11:31,     2, 39.20, 41.10, -1.90
  12706616,  7025, 1, 0:11:09, 0:13:12,   123, 41.20, 24.00, 17.20
         0,     0, 1, 0:13:19, 0:13:35,    16, 24.00, 41.30,-17.30
  12706604,     0, 9, 0:19:51, 0:20:49,    58, 41.10, 41.10,  0.00
  12706604,     0,10, 0:22:06, 0:23:19,    73, 40.80, 40.80,  0.00
  12706604,     0,10, 0:23:30, 0:24:28,    58, 40.80, 40.10,  0.70
  12706604,     0,10, 0:24:39, 0:26:10,    91, 40.10, 26.50, 13.60
         0,     0,10, 0:26:19, 0:26:34,    15, 26.50, 41.20,-14.70
  12448432,  6045, 1, 0:24:08, 0:26:32,   144, 41.30, 34.00,  7.30
         0,     0, 1, 0:26:40, 0:26:46,     6, 34.00, 41.20, -7.20
  12706727,  7136, 5, 0:29:44, 0:30:22,    38, 40.80, 40.60,  0.20
  12448448,  6061, 3, 0:30:06, 0:30:53,    47, 46.50, 46.40,  0.10
  12448448,  6061, 4, 0:30:59, 0:31:45,    46, 43.70, 43.70,  0.00
  12706727,  7136, 5, 0:30:40, 0:31:57,    77, 40.60, 36.30,  4.30
         0,     0, 5, 0:32:05, 0:32:09,     4, 36.30, 40.90, -4.60
  11953978,  4008, 2, 0:30:48, 0:32:30,   102, 44.00, 29.00, 15.00
         0,     0, 2, 0:32:38, 0:32:52,    14, 29.00, 43.90,-14.90
  12706727,  7136, 5, 0:32:53, 0:33:33,    40, 40.80, 35.10,  5.70
         0,     0, 5, 0:33:41, 0:33:46,     5, 35.10, 40.80, -5.70
  11953978,  4008, 1, 0:34:55, 0:36:20,    85, 41.20, 41.00,  0.20
  12448448,  6061, 3, 0:31:55, 0:36:47,   292, 46.40, 17.60, 28.80
         0,     0, 3, 0:36:55, 0:37:19,    24, 17.60, 17.50,  0.10
  12448416,  6029, 4, 0:39:26, 0:40:14,    48, 43.90, 41.20,  2.70
  21268104,  6067, 3, 0:39:32, 0:40:20,    48, 46.60, 44.40,  2.20
         0,     0, 4, 0:40:22, 0:40:24,     2, 41.20, 43.60, -2.40
  21268104,  6067, 4, 0:40:57, 0:43:23,   146, 43.60, 33.30, 10.30
         0,     0, 4, 0:43:30, 0:43:40,    10, 33.30, 43.40,-10.10
  13323449,     0,10, 0:50:10, 0:50:21,    11, 41.00, 41.00,  0.00
  13008789,     0,10, 0:51:00, 0:51:02,     2, 41.00, 41.00,  0.00
  12706639,  7048, 2, 0:52:22, 0:52:28,     6, 43.90, 43.80,  0.10
  12706639,  7048, 1, 0:52:32, 0:52:39,     7, 41.00, 41.00,  0.00
  12706707,  7116, 2, 0:52:45, 0:55:29,   164, 43.90, 32.70, 11.20
  12706639,  7048, 1, 0:52:49, 0:55:32,   163, 41.00, 26.00, 15.00
         0,     0, 2, 0:55:38, 0:55:49,    11, 32.70, 43.80,-11.10
         0,     0, 1, 0:55:40, 0:55:54,    14, 26.00, 41.30,-15.30
  12706707,  7116, 2, 0:55:59, 0:56:16,    17, 43.90, 40.90,  3.00
         0,     0, 2, 0:56:25, 0:56:27,     2, 40.90, 44.00, -3.10
  13008789,     0, 9, 0:52:24, 0:57:28,   304, 41.10, 30.50, 10.60
         0,     0, 9, 0:57:36, 0:57:49,    13, 30.50, 41.10,-10.60
  12200046,  5100, 2, 0:59:11, 0:59:18,     7, 44.00, 44.00,  0.00
  12200046,  5100, 1, 0:59:21, 1:00:36,    75, 41.30, 25.20, 16.10
         0,     0, 1, 1:00:44, 1:00:59,    15, 25.20, 41.20,-16.00
  12448471,  6084, 3, 1:04:58, 1:06:59,   121, 44.50, 23.70, 20.80
         0,     0, 3, 1:07:07, 1:07:26,    19, 23.70, 23.60,  0.10
  12448428,  6041, 3, 1:08:30, 1:09:34,    64, 46.60, 37.30,  9.30
         0,     0, 3, 1:09:43, 1:09:50,     7, 37.30, 37.50, -0.20
  13008742,  7163, 2, 1:08:48, 1:10:18,    90, 44.00, 29.10, 14.90
         0,     0, 2, 1:10:27, 1:10:41,    14, 29.10, 44.10,-15.00
  12448409,  6022, 3, 1:11:12, 1:13:31,   139, 46.70, 27.60, 19.10
         0,     0, 3, 1:13:38, 1:13:53,    15, 27.60, 46.50,-18.90
  12706700,  7109, 1, 1:13:11, 1:14:16,    65, 41.20, 30.70, 10.50
         0,     0, 1, 1:14:23, 1:14:32,     9, 30.70, 41.20,-10.50
  12706700,  7109, 2, 1:19:55, 1:20:28,    33, 44.10, 37.70,  6.40
         0,     0, 2, 1:20:35, 1:20:40,     5, 37.70, 43.90, -6.20
  11954075,  4105, 2, 1:30:09, 1:31:56,   107, 44.00, 26.10, 17.90
         0,     0, 2, 1:32:03, 1:32:20,    17, 26.10, 43.90,-17.80
  11954075,  4105, 2, 1:32:31, 1:32:58,    27, 44.00, 37.60,  6.40
         0,     0, 2, 1:33:05, 1:33:10,     5, 37.60, 44.00, -6.40
  12706738,  7147, 3, 1:34:45, 1:40:33,   348, 46.70, 28.10, 18.60
         0,     0, 3, 1:40:41, 1:40:56,    15, 28.10, 28.10,  0.00
  13323427,     0,10, 1:38:30, 1:41:25,   175, 40.00, 33.30,  6.70
         0,     0,10, 1:41:33, 1:41:41,     8, 33.30, 41.20, -7.90
  13323427,     0,10, 1:41:51, 1:41:55,     4, 40.40, 40.50, -0.10
  12200064,  5118, 4, 1:48:18, 1:49:39,    81, 43.70, 43.00,  0.70
  13008732,  7153, 3, 1:46:29, 1:51:15,   286, 46.40, 25.10, 21.30
         0,     0, 3, 1:51:24, 1:51:41,    17, 25.10, 25.00,  0.10
  12706669,  7078, 4, 1:54:08, 1:55:33,    85, 43.10, 35.80,  7.30
         0,     0, 4, 1:55:41, 1:55:48,     7, 35.80, 43.40, -7.60
  12706729,  7138, 5, 1:57:42, 1:58:41,    59, 40.70, 27.80, 12.90
         0,     0, 5, 1:58:49, 1:59:01,    12, 27.80, 40.90,-13.10
  12448432,  6045, 2, 1:57:10, 1:59:40,   150, 44.00, 38.30,  5.70
         0,     0, 2, 1:59:48, 1:59:52,     4, 38.30, 43.90, -5.60
  12706719,  7128, 5, 2:00:00, 2:02:18,   138, 40.90, 27.00, 13.90
         0,     0, 5, 2:02:25, 2:02:38,    13, 27.00, 27.00,  0.00
  12448479,  6092, 1, 2:02:51, 2:03:19,    28, 41.20, 40.30,  0.90
  12448479,  6092, 2, 2:04:05, 2:05:58,   113, 43.90, 36.00,  7.90
         0,     0, 2, 2:06:06, 2:06:13,     7, 36.00, 44.00, -8.00
  12200064,  5118, 1, 2:13:35, 2:13:45,    10, 40.30, 40.30,  0.00
  12200064,  5118, 1, 2:14:00, 2:15:35,    95, 40.30, 39.60,  0.70
         0,     0, 1, 2:15:43, 2:15:43,     0, 39.60, 41.20, -1.60
  12448451,  6064, 1, 2:16:14, 2:16:28,    14, 41.30, 41.20,  0.10
  12448451,  6064, 1, 2:16:41, 2:16:58,    17, 41.20, 41.20,  0.00
  12706669,  7078, 3, 2:17:18, 2:18:12,    54, 46.50, 40.80,  5.70
         0,     0, 3, 2:18:20, 2:18:24,     4, 40.80, 41.10, -0.30
  12448451,  6064, 2, 2:17:15, 2:22:14,   299, 44.00, 43.60,  0.40
  12200064,  5118, 5, 2:22:31, 2:23:31,    60, 40.90, 40.50,  0.40
  12200048,     0, 8, 2:26:07, 2:27:40,    93, 40.90, 40.70,  0.20
  12448451,  6064, 2, 2:22:33, 2:27:58,   325, 43.60, 16.80, 26.80
  12200048,     0, 8, 2:28:12, 2:28:28,    16, 40.70, 40.60,  0.10
         0,     0, 2, 2:28:06, 2:28:33,    27, 16.80, 43.90,-27.10
  12706726,  7135, 4, 2:35:59, 2:37:47,   108, 43.60, 31.60, 12.00
         0,     0, 4, 2:37:55, 2:38:06,    11, 31.60, 43.40,-11.80
  12199981,  5035, 3, 2:40:03, 2:40:15,    12, 46.60, 45.20,  1.40
  12199981,  5035, 3, 2:40:28, 2:41:11,    43, 45.20, 29.10, 16.10
         0,     0, 3, 2:41:19, 2:41:33,    14, 29.10, 29.10,  0.00
  13008800,     0, 9, 2:40:28, 2:41:53,    85, 41.00, 34.30,  6.70
         0,     0, 9, 2:42:02, 2:42:10,     8, 34.30, 41.10, -6.80
  13008800,     0, 9, 2:42:52, 2:43:17,    25, 41.10, 38.40,  2.70
         0,     0, 9, 2:43:25, 2:43:28,     3, 38.40, 41.10, -2.70
  11954050,  4080, 2, 2:52:44, 2:53:13,    29, 43.90, 43.70,  0.20
  11954050,  4080, 1, 2:53:18, 2:54:09,    51, 41.20, 39.50,  1.70
         0,     0, 1, 2:54:17, 2:54:18,     1, 39.50, 41.20, -1.70
  12200042,  5096, 2, 3:02:31, 3:04:12,   101, 43.70, 28.80, 14.90
         0,     0, 2, 3:04:20, 3:04:34,    14, 28.80, 43.90,-15.10
  13008842,  8083, 5, 3:09:14, 3:10:38,    84, 40.50, 26.40, 14.10
         0,     0, 5, 3:10:45, 3:10:59,    14, 26.40, 40.90,-14.50
  21268104,  6067, 5, 3:11:33, 3:13:32,   119, 40.90, 30.40, 10.50
         0,     0, 5, 3:13:40, 3:13:50,    10, 30.40, 40.90,-10.50
  11499202,     0, 6, 2:35:54, 3:27:30,  3096, 41.40, 41.00,  0.40
  12706636,  7045, 1, 3:42:59, 3:45:49,   170, 41.20, 22.30, 18.90
         0,     0, 1, 3:45:57, 3:46:15,    18, 22.30, 41.30,-19.00
  12706637,  7046, 4, 3:57:56, 3:59:44,   108, 44.10, 28.40, 15.70
         0,     0, 4, 3:59:53, 4:00:07,    14, 28.40, 43.50,-15.10
  12448428,  6041, 3, 4:01:55, 4:02:43,    48, 46.20, 35.60, 10.60
         0,     0, 3, 4:02:51, 4:02:59,     8, 35.60, 46.20,-10.60
  12706650,  7059, 4, 4:02:49, 4:05:00,   131, 44.00, 34.40,  9.60
         0,     0, 4, 4:05:08, 4:05:17,     9, 34.40, 43.50, -9.10
  12706669,  7078, 2, 4:02:34, 4:05:28,   174, 44.00, 30.50, 13.50
  11954050,  4080, 1, 4:04:26, 4:05:43,    77, 41.30, 39.20,  2.10
         0,     0, 2, 4:05:36, 4:05:48,    12, 30.50, 43.90,-13.40
         0,     0, 1, 4:05:51, 4:05:52,     1, 39.20, 41.30, -2.10
  11954050,  4080, 1, 4:06:04, 4:07:26,    82, 41.30, 36.70,  4.60
         0,     0, 1, 4:07:33, 4:07:36,     3, 36.70, 41.30, -4.60
  12706655,  7064, 2, 4:08:58, 4:15:18,   380, 43.90, 30.30, 13.60
         0,     0, 2, 4:15:26, 4:15:39,    13, 30.30, 44.00,-13.70
  12199981,  5035, 4, 4:47:16, 4:47:24,     8, 43.70, 43.20,  0.50
  12199981,  5035, 3, 4:47:46, 4:48:30,    44, 45.90, 29.30, 16.60
         0,     0, 3, 4:48:37, 4:48:51,    14, 29.30, 29.20,  0.10
  11724109,  6068, 2, 4:58:09, 4:58:25,    16, 44.00, 43.90,  0.10
  12448416,  6029, 3, 6:01:30, 6:03:31,   121, 46.30, 25.40, 20.90
         0,     0, 3, 6:03:38, 6:03:55,    17, 25.40, 46.70,-21.30
  12706729,  7138, 1, 6:04:09, 6:04:20,    11, 41.20, 39.70,  1.50
  12706710,  7119, 2, 6:01:55, 6:04:20,   145, 43.90, 27.10, 16.80
         0,     0, 1, 6:04:28, 6:04:28,     0, 39.70, 41.10, -1.40
         0,     0, 2, 6:04:28, 6:04:44,    16, 27.10, 44.00,-16.90
  12706669,  7078, 2, 6:05:52, 6:07:32,   100, 44.10, 31.90, 12.20
  12706729,  7138, 5, 6:07:38, 6:07:42,     4, 40.80, 40.70,  0.10
         0,     0, 2, 6:07:40, 6:07:51,    11, 31.90, 43.90,-12.00
  12706669,  7078, 2, 6:08:04, 6:08:25,    21, 44.00, 38.80,  5.20
         0,     0, 2, 6:08:33, 6:08:37,     4, 38.80, 44.00, -5.20
  12448449,  6062, 2, 6:09:40, 6:09:45,     5, 44.00, 44.00,  0.00
  12448449,  6062, 1, 6:10:57, 6:11:05,     8, 41.20, 41.10,  0.10
  12448449,  6062, 2, 6:11:12, 6:14:06,   174, 44.00, 26.40, 17.60
         0,     0, 2, 6:14:14, 6:14:31,    17, 26.40, 44.00,-17.60
  12706616,  7025, 4, 6:17:15, 6:18:31,    76, 43.30, 30.30, 13.00
         0,     0, 4, 6:18:38, 6:18:51,    13, 30.30, 43.40,-13.10
  12706705,  7114, 3, 6:22:09, 6:22:18,     9, 46.50, 46.40,  0.10
  12706705,  7114, 4, 6:22:30, 6:26:52,   262, 43.60, 22.60, 21.00
         0,     0, 4, 6:27:01, 6:27:21,    20, 22.60, 43.30,-20.70
  11954050,  4080, 2, 6:29:02, 6:29:10,     8, 44.00, 44.00,  0.00
  12200046,  5100, 1, 6:34:47, 6:35:13,    26, 41.10, 36.00,  5.10
         0,     0, 1, 6:35:21, 6:35:25,     4, 36.00, 41.20, -5.20
  12448409,  6022, 2, 6:34:09, 6:35:27,    78, 44.00, 43.40,  0.60
  12200046,  5100, 1, 6:35:44, 6:36:09,    25, 41.20, 35.10,  6.10
         0,     0, 1, 6:36:18, 6:36:23,     5, 35.10, 41.30, -6.20
  12448409,  6022, 2, 6:35:44, 6:38:14,   150, 43.40, 24.10, 19.30
         0,     0, 2, 6:38:21, 6:38:40,    19, 24.10, 43.80,-19.70
  12448409,  6022, 2, 6:38:53, 6:39:04,    11, 43.80, 43.90, -0.10
  12706726,  7135, 2, 6:44:24, 6:44:33,     9, 43.90, 43.90,  0.00
  21268104,  6067, 4, 6:44:29, 6:45:50,    81, 43.90, 37.70,  6.20
         0,     0, 4, 6:45:57, 6:46:02,     5, 37.70, 43.40, -5.70
  12706726,  7135, 2, 6:44:43, 6:46:01,    78, 43.90, 31.90, 12.00
         0,     0, 2, 6:46:09, 6:46:20,    11, 31.90, 44.00,-12.10
  12706651,  7060, 4, 6:47:25, 6:47:48,    23, 43.50, 42.50,  1.00
  12706727,  7136, 1, 6:46:33, 6:48:29,   116, 41.30, 22.30, 19.00
  21268825,  6087, 2, 6:48:24, 6:48:29,     5, 44.00, 44.00,  0.00
         0,     0, 1, 6:48:37, 6:48:55,    18, 22.30, 41.30,-19.00
  12706651,  7060, 3, 6:48:14, 6:49:10,    56, 46.30, 40.90,  5.40
         0,     0, 3, 6:49:18, 6:49:22,     4, 40.90, 46.60, -5.70
  21268825,  6087, 1, 6:49:18, 6:50:32,    74, 41.20, 41.20,  0.00
  12706651,  7060, 4, 6:49:55, 6:50:42,    47, 42.60, 37.60,  5.00
         0,     0, 4, 6:50:50, 6:50:55,     5, 37.60, 43.40, -5.80
  21268825,  6087, 1, 6:50:42, 6:53:30,   168, 41.20, 22.90, 18.30
         0,     0, 1, 6:53:39, 6:53:56,    17, 22.90, 41.20,-18.30
  12448479,  6092, 2, 6:52:12, 6:54:50,   158, 44.00, 30.60, 13.40
         0,     0, 2, 6:54:58, 6:55:11,    13, 30.60, 44.00,-13.40
  12448432,  6045, 5, 6:52:46, 6:55:14,   148, 40.80, 21.40, 19.40
         0,     0, 5, 6:55:22, 6:55:40,    18, 21.40, 40.90,-19.50
  13008756,  7115, 1, 6:55:28, 6:57:12,   104, 41.30, 21.50, 19.80
         0,     0, 1, 6:57:20, 6:57:39,    19, 21.50, 41.30,-19.80
  13008742,  7163, 1, 6:57:49, 6:58:04,    15, 41.30, 41.10,  0.20
  13008742,  7163, 2, 6:58:08, 6:59:04,    56, 43.90, 43.40,  0.50
  13008732,  7153, 1, 6:59:37, 6:59:59,    22, 41.10, 41.10,  0.00
  12706650,  7059, 3, 7:01:12, 7:02:21,    69, 46.20, 38.10,  8.10
         0,     0, 3, 7:02:29, 7:02:35,     6, 38.10, 40.90, -2.80
  12706650,  7059, 4, 7:02:46, 7:03:25,    39, 43.90, 39.50,  4.40
         0,     0, 4, 7:03:32, 7:03:35,     3, 39.50, 43.50, -4.00
  12448471,  6084, 3, 7:02:45, 7:03:49,    64, 40.90, 34.70,  6.20
  13008732,  7153, 2, 7:00:14, 7:03:56,   222, 43.40, 23.70, 19.70
         0,     0, 3, 7:03:58, 7:04:07,     9, 34.70, 34.60,  0.10
         0,     0, 2, 7:04:04, 7:04:24,    20, 23.70, 44.10,-20.40
  12706729,  7138, 5, 7:03:37, 7:04:22,    45, 40.80, 35.00,  5.80
         0,     0, 5, 7:04:30, 7:04:35,     5, 35.00, 35.00,  0.00
  12706719,  7128, 5, 7:05:40, 7:09:09,   209, 40.90, 27.80, 13.10
         0,     0, 5, 7:09:17, 7:09:29,    12, 27.80, 40.90,-13.10
  12448473,  6086, 2, 7:09:27, 7:10:54,    87, 44.10, 31.80, 12.30
         0,     0, 2, 7:11:02, 7:11:13,    11, 31.80, 43.80,-12.00
  11954075,  4105, 2, 7:15:06, 7:15:12,     6, 43.90, 43.70,  0.20
  12706729,  7138, 5, 7:16:02, 7:16:45,    43, 40.70, 31.10,  9.60
         0,     0, 5, 7:16:52, 7:17:01,     9, 31.10, 40.90, -9.80
  12448477,  6090, 3, 7:16:46, 7:18:04,    78, 46.40, 35.20, 11.20
  11724239,  3139, 2, 7:16:04, 7:18:05,   121, 43.80, 42.90,  0.90
         0,     0, 3, 7:18:11, 7:18:20,     9, 35.20, 35.10,  0.10
  12448477,  6090, 3, 7:18:36, 7:19:29,    53, 46.40, 38.40,  8.00
         0,     0, 3, 7:19:37, 7:19:43,     6, 38.40, 38.30,  0.10
  11724239,  3139, 2, 7:18:14, 7:20:47,   153, 42.90, 32.50, 10.40
         0,     0, 2, 7:20:55, 7:21:05,    10, 32.50, 43.60,-11.10
  12706701,  7110, 2, 7:21:15, 7:22:03,    48, 44.00, 43.90,  0.10
  11954014,  4044, 3, 7:23:32, 7:24:34,    62, 46.40, 26.40, 20.00
         0,     0, 3, 7:24:42, 7:25:00,    18, 26.40, 26.30,  0.10
  11953978,  4008, 2, 7:23:00, 7:25:42,   162, 43.80, 22.00, 21.80
  12706701,  7110, 1, 7:22:08, 7:25:52,   224, 40.90, 28.80, 12.10
         0,     0, 1, 7:26:00, 7:26:12,    12, 28.80, 41.30,-12.50
         0,     0, 2, 7:25:50, 7:26:12,    22, 22.00, 44.00,-22.00
  12706701,  7110, 2, 7:26:22, 7:27:28,    66, 43.80, 39.90,  3.90
         0,     0, 2, 7:27:36, 7:27:39,     3, 39.90, 44.20, -4.30
  12448479,  6092, 2, 7:28:35, 7:30:19,   104, 44.30, 34.40,  9.90
         0,     0, 2, 7:30:26, 7:30:35,     9, 34.40, 44.10, -9.70
  13008842,  8083, 5, 7:31:25, 7:31:45,    20, 40.80, 40.70,  0.10
  12706651,  7060, 4, 7:32:26, 7:33:50,    84, 43.80, 33.90,  9.90
         0,     0, 4, 7:33:57, 7:34:06,     9, 33.90, 43.40, -9.50
  12706707,  7116, 1, 7:34:20, 7:36:34,   134, 41.20, 28.70, 12.50
         0,     0, 1, 7:36:43, 7:36:54,    11, 28.70, 41.30,-12.60
  13323450,     0, 9, 7:35:46, 7:38:29,   163, 41.00, 36.70,  4.30
         0,     0, 9, 7:38:38, 7:38:43,     5, 36.70, 41.10, -4.40
  11724239,  3139, 2, 7:42:38, 7:45:50,   192, 44.30, 35.10,  9.20
  12448483,  6096, 1, 7:45:20, 7:45:52,    32, 41.30, 41.10,  0.20
         0,     0, 2, 7:45:57, 7:46:05,     8, 35.10, 43.90, -8.80
  12448483,  6096, 2, 7:46:44, 7:49:56,   192, 44.00, 13.20, 30.80
  13008756,  7115, 5, 7:48:53, 7:50:20,    87, 40.80, 23.00, 17.80
         0,     0, 2, 7:50:04, 7:50:35,    31, 13.20, 43.90,-30.70
         0,     0, 5, 7:50:28, 7:50:45,    17, 23.00, 40.90,-17.90
  12448477,  6090, 3, 7:50:17, 7:51:10,    53, 46.50, 39.40,  7.10
         0,     0, 3, 7:51:18, 7:51:23,     5, 39.40, 46.50, -7.10
  11954014,  4044, 5, 7:59:07, 7:59:50,    43, 40.90, 27.20, 13.70
         0,     0, 5, 7:59:58, 8:00:11,    13, 27.20, 40.80,-13.60
  12706639,  7048, 2, 8:17:35, 8:19:40,   125, 44.00, 22.40, 21.60
         0,     0, 2, 8:19:48, 8:20:09,    21, 22.40, 44.00,-21.60
  12199981,  5035, 3, 8:20:14, 8:21:13,    59, 46.60, 31.10, 15.50
         0,     0, 3, 8:21:21, 8:21:33,    12, 31.10, 31.10,  0.00
  12706710,  7119, 1, 8:27:48, 8:30:12,   144, 41.10, 25.70, 15.40
         0,     0, 1, 8:30:19, 8:30:33,    14, 25.70, 41.30,-15.60
  12448428,  6041, 1, 8:30:44, 8:31:56,    72, 41.30, 29.00, 12.30
         0,     0, 1, 8:32:03, 8:32:14,    11, 29.00, 41.20,-12.20
  12200046,  5100, 4, 8:33:18, 8:34:15,    57, 44.00, 31.50, 12.50
         0,     0, 4, 8:34:23, 8:34:34,    11, 31.50, 43.40,-11.90
  12448449,  6062, 2, 8:35:22, 8:36:26,    64, 44.00, 43.40,  0.60
  13323358,     0,10, 8:35:55, 8:37:05,    70, 39.40, 30.50,  8.90
         0,     0,10, 8:37:13, 8:37:24,    11, 30.50, 41.20,-10.70
  12448449,  6062, 1, 8:36:30, 8:38:18,   108, 41.20, 25.80, 15.40
         0,     0, 1, 8:38:25, 8:38:40,    15, 25.80, 41.20,-15.40
  12200064,  5118, 5, 8:43:39, 8:44:53,    74, 40.80, 40.30,  0.50
  11954050,  4080, 2, 8:45:10, 8:46:30,    80, 43.40, 39.40,  4.00
         0,     0, 2, 8:46:37, 8:46:40,     3, 39.40, 44.00, -4.60
  12200064,  5118, 5, 8:45:46, 8:48:39,   173, 40.40, 19.50, 20.90
         0,     0, 5, 8:48:46, 8:49:06,    20, 19.50, 19.60, -0.10
  11724109,  6068, 1, 8:46:35, 8:49:37,   182, 41.30, 20.70, 20.60
  12706659,  7068, 2, 8:48:01, 8:49:41,   100, 43.70, 41.00,  2.70
         0,     0, 2, 8:49:48, 8:49:50,     2, 41.00, 43.90, -2.90
         0,     0, 1, 8:49:44, 8:50:04,    20, 20.70, 41.30,-20.60
  12706659,  7068, 2, 8:50:03, 8:51:36,    93, 44.00, 25.10, 18.90
         0,     0, 2, 8:51:43, 8:52:01,    18, 25.10, 43.80,-18.70
  12706700,  7109, 1, 8:51:47, 8:53:14,    87, 41.30, 26.70, 14.60
         0,     0, 1, 8:53:22, 8:53:36,    14, 26.70, 41.20,-14.50
  13008835,     0, 6, 3:27:51, 8:53:55, 19564, 40.90, 35.60,  5.30
         0,     0, 6, 8:54:04, 8:54:09,     5, 35.60, 41.40, -5.80
  11499202,     0, 6, 8:54:29, 8:56:29,   120, 40.80, 35.70,  5.10
         0,     0, 6, 8:56:37, 8:56:42,     5, 35.70, 41.50, -5.80
  12706659,  7068, 2, 8:53:32, 8:56:50,   198, 43.90, 36.40,  7.50
         0,     0, 2, 8:56:58, 8:57:04,     6, 36.40, 43.90, -7.50
  12199977,     0, 9, 8:57:00, 8:57:03,     3, 41.10, 41.10,  0.00
  12199977,     0, 9, 8:57:56, 8:59:13,    77, 40.90, 33.60,  7.30
  11954050,  4080, 2, 8:57:16, 8:59:15,   119, 43.90, 29.20, 14.70
         0,     0, 9, 8:59:22, 8:59:32,    10, 33.60, 41.00, -7.40
         0,     0, 2, 8:59:22, 8:59:36,    14, 29.20, 44.00,-14.80
  13008737,     0,10, 9:02:58, 9:02:59,     1, 40.90, 41.00, -0.10
  12199986,     0, 8, 9:03:59, 9:04:19,    20, 40.50, 40.30,  0.20
  13008842,  8083, 5, 9:02:25, 9:05:00,   155, 40.90, 33.00,  7.90
         0,     0, 5, 9:05:08, 9:05:15,     7, 33.00, 40.90, -7.90
  13008737,     0,10, 9:03:35, 9:05:26,   111, 40.80, 25.20, 15.60
         0,     0,10, 9:05:35, 9:05:52,    17, 25.20, 41.30,-16.10
  12199986,     0, 7, 1:17:29, 9:06:25, 28136, 41.40, 41.30,  0.10
  12706637,  7046, 4, 9:07:13, 9:07:30,    17, 44.10, 43.50,  0.60
  12448428,  6041, 3, 9:07:52, 9:08:32,    40, 46.50, 36.50, 10.00
         0,     0, 3, 9:08:40, 9:08:47,     7, 36.50, 36.80, -0.30
  12448521,     0, 9, 9:09:32, 9:09:55,    23, 41.00, 40.90,  0.10
  13008797,     0, 6, 8:56:54, 9:10:40,   826, 41.20, 31.10, 10.10
         0,     0, 6, 9:10:47, 9:10:56,     9, 31.10, 41.60,-10.50
  12448521,     0, 9, 9:10:11, 9:11:03,    52, 40.60, 38.80,  1.80
         0,     0, 9, 9:11:12, 9:11:14,     2, 38.80, 41.00, -2.20
  13008842,  8083, 5, 9:12:32, 9:12:43,    11, 40.90, 40.40,  0.50
  12706636,  7045, 1, 9:10:43, 9:12:52,   129, 41.30, 28.00, 13.30
         0,     0, 1, 9:12:59, 9:13:12,    13, 28.00, 41.50,-13.50
  12706637,  7046, 3, 9:11:33, 9:13:40,   127, 46.00, 26.40, 19.60
         0,     0, 3, 9:13:48, 9:14:04,    16, 26.40, 26.40,  0.00
  12200048,     0, 8, 9:15:45, 9:16:41,    56, 40.20, 39.90,  0.30
         0,     0, 8, 9:16:50, 9:16:50,     0, 39.90, 40.70, -0.80
  12448437,  6050, 8, 9:17:00, 9:20:41,   221, 40.70, 28.90, 11.80
  12448449,  6062, 1, 9:19:32, 9:20:57,    85, 41.60, 32.20,  9.40
         0,     0, 8, 9:20:49, 9:21:02,    13, 28.90, 41.10,-12.20
         0,     0, 1, 9:21:05, 9:21:13,     8, 32.20, 41.30, -9.10
  12448432,  6045, 5, 9:21:37, 9:22:27,    50, 40.40, 39.60,  0.80
         0,     0, 5, 9:22:34, 9:22:35,     1, 39.60, 40.90, -1.30
  12200054,     0,10, 9:24:39, 9:24:40,     1, 41.10, 41.20, -0.10
  12706700,  7109, 3, 9:25:27, 9:25:40,    13, 46.10, 46.00,  0.10
  12706700,  7109, 4, 9:26:13, 9:26:34,    21, 43.60, 39.30,  4.30
         0,     0, 4, 9:26:42, 9:26:46,     4, 39.30, 43.30, -4.00
  12706700,  7109, 4, 9:27:08, 9:27:37,    29, 43.50, 36.00,  7.50
         0,     0, 4, 9:27:44, 9:27:51,     7, 36.00, 43.30, -7.30
  12706738,  7147, 2, 9:24:12, 9:28:31,   259, 44.00, 19.60, 24.40
  12200048,     0, 7, 9:15:11, 9:28:47,   816, 41.30, 29.90, 11.40
  13008815,     0, 8, 9:28:54, 9:28:55,     1, 41.00, 41.00,  0.00
         0,     0, 7, 9:28:55, 9:29:02,     7, 29.90, 30.00, -0.10
         0,     0, 2, 9:28:39, 9:29:04,    25, 19.60, 44.10,-24.50
  13008836,     0, 8, 9:29:23, 9:30:01,    38, 41.00, 40.80,  0.20
  13008762,     0, 6, 9:11:42, 9:30:11,  1109, 41.60, 10.50, 31.10
         0,     0, 6, 9:30:19, 9:30:49,    30, 10.50, 41.40,-30.90
  13008836,     0, 8, 9:30:13, 9:30:58,    45, 40.80, 40.70,  0.10
  13323451,     0,10, 9:31:00, 9:31:16,    16, 41.10, 41.10,  0.00
  13008836,     0, 8, 9:31:25, 9:31:30,     5, 40.50, 40.60, -0.10
  13008815,     0, 7, 9:29:24, 9:31:35,   131, 41.10, 32.80,  8.30
         0,     0, 7, 9:31:43, 9:31:48,     5, 32.80, 41.40, -8.60
  12448415,     0,10, 9:31:42, 9:32:23,    41, 41.10, 41.00,  0.10
  13008836,     0, 8, 9:31:59, 9:34:24,   145, 40.50, 23.10, 17.40
         0,     0, 8, 9:34:31, 9:34:50,    19, 23.10, 41.10,-18.00
  12706609,  7018, 8, 9:36:03, 9:36:09,     6, 41.10, 41.10,  0.00
  12448415,     0,10, 9:32:34, 9:36:28,   234, 41.00, 28.10, 12.90
         0,     0,10, 9:36:37, 9:36:51,    14, 28.10, 41.20,-13.10
  12706609,  7018, 8, 9:36:18, 9:37:32,    74, 41.10, 28.30, 12.80
         0,     0, 8, 9:37:41, 9:37:54,    13, 28.30, 41.10,-12.80
  11724109,  6068, 1, 9:38:37, 9:40:40,   123, 41.30, 28.10, 13.20
         0,     0, 1, 9:40:49, 9:41:01,    12, 28.10, 41.30,-13.20
  12200054,     0, 9, 9:40:54, 9:41:00,     6, 41.10, 41.00,  0.10
  21306958,  5124, 8, 9:43:34, 9:43:42,     8, 41.10, 41.00,  0.10
  13323451,     0, 9, 9:43:02, 9:44:04,    62, 38.80, 32.60,  6.20
         0,     0, 9, 9:44:13, 9:44:24,    11, 32.60, 41.10, -8.50
  13323434,     0, 9, 9:45:37, 9:45:55,    18, 41.10, 40.30,  0.80
  12706636,  7045, 1, 9:45:04, 9:46:14,    70, 41.30, 33.50,  7.80
         0,     0, 1, 9:46:22, 9:46:28,     6, 33.50, 41.30, -7.80
  21268104,  6067, 2, 9:46:37, 9:46:44,     7, 44.20, 44.10,  0.10
  13323434,     0, 9, 9:46:08, 9:46:58,    50, 40.20, 37.50,  2.70
         0,     0, 9, 9:47:05, 9:47:09,     4, 37.50, 41.10, -3.60
  12200054,     0, 9, 9:47:23, 9:47:25,     2, 40.80, 40.80,  0.00
  13323434,     0,10, 9:47:59, 9:48:05,     6, 34.70, 34.70,  0.00
  12200054,     0, 9, 9:47:39, 9:48:06,    27, 40.50, 39.30,  1.20
  21268104,  6067, 2, 9:46:57, 9:48:13,    76, 44.10, 41.10,  3.00
         0,     0, 9, 9:48:15, 9:48:17,     2, 39.30, 40.50, -1.20
         0,     0,10, 9:48:13, 9:48:19,     6, 34.70, 41.20, -6.50
         0,     0, 2, 9:48:22, 9:48:23,     1, 41.10, 43.90, -2.80
  12200054,     0, 9, 9:48:50, 9:48:51,     1, 37.60, 37.60,  0.00
         0,     0, 9, 9:49:00, 9:49:04,     4, 37.60, 41.00, -3.40
  12200054,     0, 9, 9:49:19, 9:49:19,     0, 40.10, 40.20, -0.10
  21268104,  6067, 1, 9:48:19, 9:49:25,    66, 41.30, 31.90,  9.40
  12706634,     0, 8, 9:49:19, 9:49:33,    14, 41.00, 41.00,  0.00
         0,     0, 1, 9:49:34, 9:49:42,     8, 31.90, 41.20, -9.30
  13323358,     0,10, 9:50:20, 9:50:24,     4, 32.70, 32.70,  0.00
  21306958,  5124, 7, 9:42:30, 9:50:26,   476, 41.40, 41.30,  0.10
         0,     0,10, 9:50:32, 9:50:40,     8, 32.70, 41.20, -8.50
  13008835,     0, 6, 9:32:13, 9:53:15,  1262, 41.30, 41.20,  0.10
  12448451,  6064, 1, 9:54:11, 9:55:50,    99, 41.30, 41.10,  0.20
  12448451,  6064, 2, 9:55:56, 9:56:48,    52, 43.90, 43.80,  0.10
  12200054,     0,10, 9:56:56, 9:57:12,    16, 40.90, 40.50,  0.40
  12706634,     0, 7, 9:50:37, 9:58:47,   490, 41.30, 19.00, 22.30
         0,     0, 7, 9:58:55, 9:59:10,    15, 19.00, 40.90,-21.90
  12448451,  6064, 1, 9:56:55, 9:59:14,   139, 41.10, 41.00,  0.10
  12448451,  6064, 2, 9:59:31,10:00:39,    68, 43.80, 43.70,  0.10
  12448451,  6064, 2,10:01:06,10:01:59,    53, 43.70, 43.50,  0.20
  12448448,  6061, 3, 9:58:22,10:04:48,   386, 46.10, 15.00, 31.10
  12448451,  6064, 1,10:02:16,10:05:06,   170, 41.00, 16.60, 24.40
  12706622,     0, 6, 9:53:41,10:05:12,   691, 41.20, 26.80, 14.40
         0,     0, 3,10:04:57,10:05:24,    27, 15.00, 15.00,  0.00
         0,     0, 6,10:05:20,10:05:34,    14, 26.80, 41.40,-14.60
         0,     0, 1,10:05:14,10:05:38,    24, 16.60, 41.40,-24.80
  12706707,  7116, 2,10:05:10,10:05:43,    33, 43.50, 43.40,  0.10
  13008742,  7163, 2,10:06:04,10:06:16,    12, 43.40, 43.40,  0.00
  12706650,  7059, 4,10:04:51,10:06:53,   122, 44.00, 32.20, 11.80
         0,     0, 4,10:07:01,10:07:12,    11, 32.20, 43.40,-11.20
  13008742,  7163, 2,10:07:38,10:07:56,    18, 43.40, 43.30,  0.10
  13008742,  7163, 1,10:08:08,10:08:31,    23, 41.30, 41.20,  0.10
  13008835,     0, 6,10:06:12,10:11:25,   313, 41.30, 31.70,  9.60
         0,     0, 6,10:11:33,10:11:36,     3, 31.70, 36.10, -4.40
  13008742,  7163, 1,10:08:41,10:12:15,   214, 41.20, 16.40, 24.80
         0,     0, 1,10:12:24,10:12:48,    24, 16.40, 41.20,-24.80
  12706707,  7116, 2,10:14:13,10:14:42,    29, 43.30, 42.50,  0.80
  13008820,     0, 9,10:11:59,10:15:44,   225, 39.90, 32.00,  7.90
         0,     0, 9,10:15:52,10:16:04,    12, 32.00, 41.00, -9.00
  12706616,  7025, 3,10:14:21,10:16:25,   124, 46.50, 30.00, 16.50
  13008797,     0, 6,10:11:50,10:16:25,   275, 36.00, 21.50, 14.50
  12706707,  7116, 2,10:14:59,10:16:25,    86, 42.60, 31.10, 11.50
         0,     0, 3,10:16:32,10:16:46,    14, 30.00, 30.10, -0.10
         0,     0, 2,10:16:34,10:16:47,    13, 31.10, 43.80,-12.70
         0,     0, 6,10:16:33,10:16:53,    20, 21.50, 41.40,-19.90
  13008779,     0, 8,10:17:28,10:18:34,    66, 40.90, 34.40,  6.50
         0,     0, 8,10:18:41,10:18:48,     7, 34.40, 41.10, -6.70
  21292347,  5120, 4,10:16:41,10:19:46,   185, 43.40, 27.30, 16.10
         0,     0, 4,10:19:54,10:20:10,    16, 27.30, 43.40,-16.10
  13008779,     0, 7, 9:59:37,10:20:53,  1276, 36.90, 18.90, 18.00
         0,     0, 7,10:21:01,10:21:15,    14, 18.90, 19.00, -0.10
  13323453,     0, 9,10:21:26,10:21:38,    12, 41.10, 41.10,  0.00
  13008837,     0, 8,10:21:21,10:22:14,    53, 41.10, 41.10,  0.00
  13323453,     0, 9,10:22:39,10:22:55,    16, 41.10, 41.10,  0.00
  12448473,  6086, 1,10:21:42,10:23:42,   120, 41.20, 21.60, 19.60
         0,     0, 1,10:23:51,10:24:10,    19, 21.60, 41.20,-19.60
  13323453,     0, 9,10:24:07,10:24:20,    13, 40.90, 40.30,  0.60
  13323450,     0,10,10:24:05,10:24:30,    25, 40.40, 40.40,  0.00
  13008837,     0, 8,10:22:24,10:25:06,   162, 41.10, 28.00, 13.10
         0,     0, 8,10:25:15,10:25:30,    15, 28.00, 39.90,-11.90
  13323453,     0, 9,10:25:31,10:26:17,    46, 34.70, 31.80,  2.90
  13323450,     0,10,10:26:22,10:26:23,     1, 26.20, 26.20,  0.00
         0,     0, 9,10:26:24,10:26:36,    12, 31.80, 41.00, -9.20
         0,     0,10,10:26:32,10:26:48,    16, 26.20, 41.10,-14.90
  11724239,  3139, 2,10:26:46,10:27:03,    17, 43.80, 43.70,  0.10
  12706726,  7135, 4,10:24:49,10:27:19,   150, 44.10, 33.20, 10.90
         0,     0, 4,10:27:26,10:27:36,    10, 33.20, 43.20,-10.00
  13323453,     0, 9,10:28:22,10:28:54,    32, 41.00, 40.60,  0.40
  11724239,  3139, 2,10:27:13,10:30:12,   179, 43.70, 42.90,  0.80
  13323449,     0,10,10:30:30,10:30:47,    17, 41.10, 41.00,  0.10
  13323427,     0, 9,10:31:44,10:31:45,     1, 40.50, 40.50,  0.00
  11954075,  4105, 2,10:30:22,10:32:01,    99, 42.90, 19.50, 23.40
  11724239,  3139, 1,10:30:21,10:32:08,   107, 41.30, 31.10, 10.20
         0,     0, 1,10:32:16,10:32:26,    10, 31.10, 41.30,-10.20
         0,     0, 2,10:32:09,10:32:33,    24, 19.50, 44.00,-24.50
  12448437,  6050, 8,10:28:34,10:32:37,   243, 39.80, 29.20, 10.60
         0,     0, 8,10:32:44,10:32:56,    12, 29.20, 41.10,-11.90
  13008815,     0, 7,10:29:07,10:33:19,   252, 41.60, 24.90, 16.70
  11954075,  4105, 2,10:32:44,10:33:19,    35, 44.00, 35.30,  8.70
         0,     0, 2,10:33:27,10:33:35,     8, 35.30, 43.90, -8.60
         0,     0, 7,10:33:26,10:33:37,    11, 24.90, 41.50,-16.60
  13323427,     0,10,10:32:23,10:33:51,    88, 40.90, 40.70,  0.20
  11724239,  3139, 1,10:33:15,10:34:00,    45, 41.30, 37.80,  3.50
         0,     0, 1,10:34:08,10:34:10,     2, 37.80, 41.20, -3.40
  13323427,     0,10,10:35:19,10:35:22,     3, 26.10, 26.10,  0.00
         0,     0,10,10:35:31,10:35:47,    16, 26.10, 41.20,-15.10
  12706624,  7033, 6,10:31:39,10:38:10,   391, 28.60, 20.10,  8.50
  12706729,  7138, 5,10:36:55,10:38:13,    78, 40.80, 24.00, 16.80
         0,     0, 5,10:38:20,10:38:36,    16, 24.00, 40.70,-16.70
         0,     0, 6,10:38:18,10:38:39,    21, 20.10, 41.50,-21.40
  11954042,     0,10,10:40:57,10:41:00,     3, 41.20, 41.20,  0.00
  13323449,     0,10,10:47:14,10:47:18,     4, 31.90, 31.90,  0.00
         0,     0,10,10:47:27,10:47:37,    10, 31.90, 41.20, -9.30
  11954056,     0, 7,10:46:13,10:48:16,   123, 41.40, 41.20,  0.20
  12706655,  7064, 1,10:44:26,10:48:32,   246, 41.20, 24.20, 17.00
         0,     0, 1,10:48:40,10:48:55,    15, 24.20, 41.20,-17.00
  11954056,     0, 8,10:48:56,10:49:00,     4, 41.10, 41.10,  0.00
  13008815,     0, 7,10:48:25,10:49:12,    47, 41.20, 41.10,  0.10
  12706650,  7059, 3,10:47:32,10:49:23,   111, 46.20, 36.00, 10.20
         0,     0, 3,10:49:30,10:49:38,     8, 36.00, 36.00,  0.00
  12448471,  6084, 2,10:47:39,10:49:48,   129, 43.80, 21.50, 22.30
         0,     0, 2,10:49:56,10:50:18,    22, 21.50, 43.90,-22.40
  12448442,  6055, 6,10:45:46,10:51:06,   320, 39.80, 26.10, 13.70
  11954056,     0, 8,10:49:39,10:51:15,    96, 41.10, 39.10,  2.00
         0,     0, 8,10:51:23,10:51:25,     2, 39.10, 40.60, -1.50
         0,     0, 6,10:51:14,10:51:29,    15, 26.10, 41.50,-15.40
  11954056,     0, 8,10:51:49,10:51:53,     4, 40.30, 39.40,  0.90
         0,     0, 8,10:52:01,10:52:02,     1, 39.40, 40.60, -1.20
  11954056,     0, 8,10:52:12,10:53:13,    61, 39.80, 29.50, 10.30
         0,     0, 8,10:53:21,10:53:33,    12, 29.50, 41.00,-11.50
  13008732,  7153, 3,10:52:03,10:54:18,   135, 46.30, 46.00,  0.30
  12448416,  6029, 4,10:54:32,10:56:06,    94, 43.50, 27.50, 16.00
         0,     0, 4,10:56:14,10:56:29,    15, 27.50, 43.60,-16.10
  13008732,  7153, 3,10:55:30,10:58:31,   181, 46.40, 23.40, 23.00
         0,     0, 3,10:58:39,10:58:58,    19, 23.40, 23.30,  0.10
  12706727,  7136, 4,10:59:12,11:01:53,   161, 43.60, 28.50, 15.10
         0,     0, 4,11:02:00,11:02:14,    14, 28.50, 43.30,-14.80
  12706622,     0, 6,10:51:43,11:03:20,   697, 41.40, 41.40,  0.00
  11954014,  4044, 5,11:02:37,11:04:21,   104, 40.80, 27.60, 13.20
         0,     0, 5,11:04:29,11:04:42,    13, 27.60, 40.70,-13.10
  12706701,  7110, 2,11:03:50,11:05:29,    99, 44.00, 43.70,  0.30
  12448409,  6022, 1,11:02:06,11:06:36,   270, 41.20, 13.90, 27.30
         0,     0, 1,11:06:44,11:07:10,    26, 13.90, 41.30,-27.40
  11954042,     0, 9,11:05:45,11:07:35,   110, 40.50, 40.30,  0.20
  12706701,  7110, 1,11:07:23,11:08:26,    63, 41.20, 40.90,  0.30
  21292347,  5120, 2,11:08:35,11:08:52,    17, 43.80, 43.70,  0.10
  13008768,     0, 6,11:03:30,11:09:22,   352, 41.40, 17.40, 24.00
  11954042,     0, 9,11:07:57,11:09:37,   100, 40.30, 39.40,  0.90
         0,     0, 9,11:09:44,11:09:46,     2, 39.40, 40.70, -1.30
         0,     0, 6,11:09:30,11:09:53,    23, 17.40, 41.60,-24.20
  12706705,  7114, 3,11:06:48,11:10:05,   197, 46.90, 26.80, 20.10
  11954042,     0, 9,11:10:04,11:10:26,    22, 40.80, 39.90,  0.90
         0,     0, 3,11:10:12,11:10:28,    16, 26.80, 26.80,  0.00
         0,     0, 9,11:10:33,11:10:33,     0, 39.90, 40.90, -1.00
  13008833,     0, 6,11:10:03,11:10:31,    28, 41.40, 41.30,  0.10
  12706710,  7119, 2,11:09:06,11:10:33,    87, 43.70, 33.30, 10.40
  12706701,  7110, 1,11:08:40,11:10:36,   116, 40.90, 29.60, 11.30
         0,     0, 2,11:10:40,11:10:50,    10, 33.30, 43.90,-10.60
         0,     0, 1,11:10:44,11:10:55,    11, 29.60, 41.30,-11.70
  13323358,     0, 9,11:10:47,11:10:52,     5, 40.80, 40.80,  0.00
  13323358,     0, 9,11:11:10,11:11:13,     3, 40.60, 40.70, -0.10
  11954042,     0,10,11:11:04,11:11:38,    34, 41.10, 38.60,  2.50
         0,     0,10,11:11:45,11:11:47,     2, 38.60, 40.80, -2.20
  13323358,     0, 9,11:11:47,11:12:32,    45, 40.60, 37.20,  3.40
  11954042,     0,10,11:12:32,11:12:35,     3, 34.30, 34.30,  0.00
         0,     0, 9,11:12:41,11:12:46,     5, 37.20, 41.00, -3.80
  12706710,  7119, 1,11:11:48,11:12:44,    56, 41.30, 28.40, 12.90
  21292347,  5120, 2,11:11:37,11:12:48,    71, 43.90, 37.50,  6.40
         0,     0,10,11:12:44,11:12:51,     7, 34.30, 41.20, -6.90
         0,     0, 2,11:12:56,11:13:01,     5, 37.50, 43.80, -6.30
         0,     0, 1,11:12:52,11:13:04,    12, 28.40, 41.20,-12.80
  12448432,  6045, 5,11:12:58,11:15:11,   133, 40.70, 34.80,  5.90
         0,     0, 5,11:15:19,11:15:24,     5, 34.80, 34.90, -0.10
  12199986,     0, 8,11:15:20,11:15:25,     5, 41.10, 41.00,  0.10
  12448479,  6092, 2,11:15:23,11:15:54,    31, 43.80, 43.70,  0.10
  12706622,     0, 6,11:10:41,11:16:55,   374, 41.20, 29.00, 12.20
  11954075,  4105, 2,11:16:35,11:17:04,    29, 43.80, 38.60,  5.20
         0,     0, 6,11:17:03,11:17:11,     8, 29.00, 29.00,  0.00
         0,     0, 2,11:17:13,11:17:17,     4, 38.60, 44.00, -5.40
  11954075,  4105, 1,11:17:36,11:17:51,    15, 41.20, 38.00,  3.20
         0,     0, 1,11:17:58,11:18:00,     2, 38.00, 41.30, -3.30
  12448479,  6092, 2,11:18:02,11:19:00,    58, 43.90, 42.40,  1.50
  12448479,  6092, 2,11:19:19,11:19:48,    29, 42.40, 39.80,  2.60
         0,     0, 2,11:19:55,11:19:58,     3, 39.80, 44.00, -4.20
  13008802,     0, 9,11:20:28,11:20:30,     2, 41.00, 41.00,  0.00
  12200042,  5096, 4,11:18:45,11:21:09,   144, 43.70, 24.60, 19.10
         0,     0, 4,11:21:16,11:21:34,    18, 24.60, 43.40,-18.80
  13008802,     0, 9,11:21:24,11:21:52,    28, 39.50, 36.10,  3.40
         0,     0, 9,11:22:00,11:22:06,     6, 36.10, 41.10, -5.00
  12448416,  6029, 3,11:20:19,11:22:06,   107, 46.60, 39.30,  7.30
  13008797,     0, 6,11:17:33,11:22:14,   281, 37.70, 25.00, 12.70
         0,     0, 3,11:22:13,11:22:18,     5, 39.30, 39.20,  0.10
         0,     0, 6,11:22:22,11:22:38,    16, 25.00, 41.50,-16.50
  13008802,     0, 9,11:22:54,11:23:21,    27, 41.20, 38.50,  2.70
         0,     0, 9,11:23:30,11:23:33,     3, 38.50, 41.00, -2.50
  13008842,  8083, 5,11:23:08,11:24:57,   109, 40.80, 31.00,  9.80
  21268825,  6087, 2,11:24:56,11:25:00,     4, 44.00, 43.90,  0.10
         0,     0, 5,11:25:04,11:25:13,     9, 31.00, 40.90, -9.90
  12706651,  7060, 3,11:23:24,11:25:32,   128, 46.40, 32.00, 14.40
         0,     0, 3,11:25:40,11:25:51,    11, 32.00, 32.30, -0.30
  13008792,     0, 9,11:26:08,11:26:11,     3, 41.00, 41.00,  0.00
  21268825,  6087, 3,11:26:46,11:27:41,    55, 46.60, 46.30,  0.30
  21292347,  5120, 4,11:26:06,11:28:05,   119, 43.70, 34.30,  9.40
         0,     0, 4,11:28:13,11:28:21,     8, 34.30, 43.40, -9.10
  13008837,     0, 8,11:27:02,11:29:24,   142, 41.00, 40.80,  0.20
  12200054,     0, 9,11:30:05,11:30:06,     1, 41.00, 41.00,  0.00
  21268825,  6087, 4,11:28:34,11:31:13,   159, 43.40, 22.60, 20.80
  13008837,     0, 8,11:29:36,11:31:21,   105, 40.50, 25.30, 15.20
         0,     0, 4,11:31:21,11:31:42,    21, 22.60, 22.50,  0.10
         0,     0, 8,11:31:29,11:31:47,    18, 25.30, 41.10,-15.80
  13008792,     0,10,11:32:31,11:34:18,   107, 41.10, 37.60,  3.50
         0,     0,10,11:34:26,11:34:29,     3, 37.60, 41.10, -3.50
  12448521,     0, 9,11:35:21,11:35:50,    29, 40.90, 40.80,  0.10
  11954050,  4080, 1,11:34:55,11:37:07,   132, 41.30, 26.90, 14.40
         0,     0, 1,11:37:14,11:37:27,    13, 26.90, 41.20,-14.30
  12706601,     0,10,11:34:52,11:37:33,   161, 41.10, 24.90, 16.20
         0,     0,10,11:37:40,11:37:57,    17, 24.90, 41.20,-16.30
  12199981,  5035, 3,11:38:49,11:38:53,     4, 46.60, 46.30,  0.30
  13008842,  8083, 5,11:37:12,11:38:56,   104, 40.80, 33.10,  7.70
         0,     0, 5,11:39:04,11:39:11,     7, 33.10, 40.80, -7.70
  13008792,     0,10,11:38:36,11:39:31,    55, 41.10, 40.40,  0.70
  13008789,     0, 9,11:38:30,11:39:41,    71, 40.80, 40.60,  0.20
  12448521,     0,10,11:39:43,11:39:44,     1, 40.20, 40.30, -0.10
  13008800,     0, 9,11:39:56,11:39:57,     1, 39.20, 39.30, -0.10
         0,     0, 9,11:40:06,11:40:08,     2, 39.30, 41.10, -1.80
  12199986,     0, 7,11:15:33,11:40:40,  1507, 41.10, 20.60, 20.50
         0,     0, 7,11:40:48,11:41:01,    13, 20.60, 20.70, -0.10
  12199981,  5035, 3,11:39:41,11:41:02,    81, 46.30, 29.80, 16.50
         0,     0, 3,11:41:09,11:41:22,    13, 29.80, 29.60,  0.20
  13008800,     0,10,11:40:10,11:42:33,   143, 40.30, 32.60,  7.70
         0,     0,10,11:42:41,11:42:50,     9, 32.60, 41.20, -8.60
  13008789,     0, 9,11:40:26,11:43:17,   171, 41.00, 31.00, 10.00
         0,     0, 9,11:43:25,11:43:38,    13, 31.00, 41.10,-10.10
  13008756,  7115, 2,11:44:29,11:44:53,    24, 43.90, 43.90,  0.00
  13008756,  7115, 1,11:45:15,11:47:19,   124, 41.30, 23.20, 18.10
         0,     0, 1,11:47:27,11:47:44,    17, 23.20, 41.20,-18.00
  12199977,     0, 9,11:47:39,11:47:44,     5, 41.10, 41.10,  0.00
  12199977,     0, 9,11:47:56,11:49:16,    80, 41.00, 34.30,  6.70
  13008833,     0, 6,11:22:48,11:49:21,  1593, 41.50, 20.90, 20.60
         0,     0, 9,11:49:24,11:49:33,     9, 34.30, 41.00, -6.70
         0,     0, 6,11:49:29,11:49:49,    20, 20.90, 41.50,-20.60
  12448479,  6092, 3,11:49:21,11:51:36,   135, 46.20, 29.00, 17.20
         0,     0, 3,11:51:44,11:51:58,    14, 29.00, 28.90,  0.10
  13008737,     0,10,11:53:10,11:53:11,     1, 41.10, 41.10,  0.00
  12200054,     0,10,11:55:09,11:55:18,     9, 41.10, 41.10,  0.00
  12200054,     0, 9,11:55:26,11:55:37,    11, 41.00, 40.90,  0.10
  12200054,     0, 9,11:55:46,11:56:07,    21, 40.90, 40.80,  0.10
  12200054,     0, 9,11:56:24,11:56:29,     5, 40.40, 40.40,  0.00
  12448521,     0,10,11:56:34,11:57:18,    44, 41.10, 38.80,  2.30
         0,     0,10,11:57:26,11:57:27,     1, 38.80, 40.10, -1.30
  12448521,     0,10,11:57:59,11:58:01,     2, 35.30, 35.30,  0.00
  12448471,  6084, 3,11:56:36,11:58:10,    94, 46.30, 31.50, 14.80
         0,     0,10,11:58:08,11:58:14,     6, 35.30, 39.70, -4.40
         0,     0, 3,11:58:18,11:58:30,    12, 31.50, 31.40,  0.10
  12706601,     0,10,11:58:28,11:58:42,    14, 39.70, 39.70,  0.00
         0,     0,10,11:58:49,11:58:50,     1, 39.70, 41.10, -1.40
  12200054,     0,10,11:59:01,11:59:43,    42, 40.80, 38.30,  2.50
         0,     0,10,11:59:50,11:59:52,     2, 38.30, 40.20, -1.90
  12200054,     0,10,12:00:35,12:00:36,     1, 34.40, 34.40,  0.00
         0,     0,10,12:00:44,12:00:50,     6, 34.40, 41.10, -6.70
  13008737,     0,10,12:01:56,12:02:08,    12, 41.10, 41.10,  0.00
  12448416,  6029, 4,12:01:18,12:02:27,    69, 43.70, 37.80,  5.90
         0,     0, 4,12:02:35,12:02:40,     5, 37.80, 43.30, -5.50
  13008737,     0, 9,12:02:41,12:03:41,    60, 40.10, 36.50,  3.60
  13008835,     0, 6,11:50:29,12:03:43,   794, 41.60, 30.20, 11.40
         0,     0, 9,12:03:48,12:03:54,     6, 36.50, 41.00, -4.50
         0,     0, 6,12:03:50,12:04:00,    10, 30.20, 41.40,-11.20
  21292347,  5120, 5,12:08:53,12:09:49,    56, 40.80, 35.70,  5.10
         0,     0, 5,12:09:56,12:10:01,     5, 35.70, 40.70, -5.00
  12706636,  7045, 1,12:07:15,12:10:02,   167, 41.20, 29.10, 12.10
         0,     0, 1,12:10:09,12:10:20,    11, 29.10, 41.20,-12.10
  12199986,     0, 8,12:13:20,12:13:32,    12, 31.40, 31.20,  0.20
         0,     0, 8,12:13:40,12:13:51,    11, 31.20, 41.00, -9.80
  12706651,  7060, 4,12:14:08,12:15:16,    68, 43.30, 34.90,  8.40
         0,     0, 4,12:15:24,12:15:32,     8, 34.90, 43.40, -8.50
  12706618,     0, 9,12:15:06,12:15:29,    23, 41.10, 40.90,  0.20
  13008762,     0, 6,12:04:31,12:18:01,   810, 41.40, 17.90, 23.50
         0,     0, 6,12:18:09,12:18:33,    24, 17.90, 40.60,-22.70
  12706729,  7138, 5,12:18:47,12:19:47,    60, 40.80, 30.40, 10.40
         0,     0, 5,12:19:55,12:20:05,    10, 30.40, 40.90,-10.50
  12706738,  7147, 2,12:17:12,12:21:52,   280, 43.90, 24.10, 19.80
  12448477,  6090, 1,12:20:02,12:21:55,   113, 41.30, 33.40,  7.90
         0,     0, 1,12:22:02,12:22:09,     7, 33.40, 41.20, -7.80
         0,     0, 2,12:21:59,12:22:18,    19, 24.10, 44.00,-19.90
  21292347,  5120, 5,12:24:01,12:25:04,    63, 40.80, 35.00,  5.80
         0,     0, 5,12:25:11,12:25:17,     6, 35.00, 40.80, -5.80
  12199981,  5035, 4,12:27:08,12:28:32,    84, 43.40, 35.50,  7.90
  11724159,     0, 6,12:19:24,12:28:35,   551, 30.20, 20.00, 10.20
         0,     0, 4,12:28:40,12:28:48,     8, 35.50, 43.30, -7.80
         0,     0, 6,12:28:42,12:29:04,    22, 20.00, 41.20,-21.20
  13008815,     0, 7,11:41:19,12:36:13,  3294, 40.20, 23.60, 16.60
  12448415,     0, 9,12:36:11,12:36:20,     9, 40.90, 40.80,  0.10
  11499202,     0, 6,12:29:14,12:36:20,   426, 40.40, 32.10,  8.30
  12706639,  7048, 1,12:32:35,12:36:25,   230, 41.30, 12.10, 29.20
         0,     0, 7,12:36:22,12:36:35,    13, 23.60, 40.20,-16.60
         0,     0, 6,12:36:28,12:36:37,     9, 32.10, 41.20, -9.10
         0,     0, 1,12:36:32,12:37:01,    29, 12.10, 41.30,-29.20
  12706636,  7045, 2,12:37:21,12:38:07,    46, 44.00, 40.20,  3.80
         0,     0, 2,12:38:15,12:38:17,     2, 40.20, 43.90, -3.70
  12448415,     0, 9,12:36:44,12:41:44,   300, 40.80, 32.50,  8.30
         0,     0, 9,12:41:53,12:42:04,    11, 32.50, 41.00, -8.50
  11953978,  4008, 1,12:40:58,12:43:04,   126, 41.30, 29.20, 12.10
  11724109,  6068, 2,12:39:38,12:43:15,   217, 43.90, 29.00, 14.90
         0,     0, 1,12:43:11,12:43:22,    11, 29.20, 41.30,-12.10
         0,     0, 2,12:43:23,12:43:37,    14, 29.00, 44.10,-15.10
  11724109,  6068, 2,12:43:47,12:45:05,    78, 44.10, 35.80,  8.30
         0,     0, 2,12:45:12,12:45:19,     7, 35.80, 43.90, -8.10
  13323449,     0,10,12:45:30,12:45:31,     1, 38.40, 38.00,  0.40
         0,     0,10,12:45:40,12:45:43,     3, 38.00, 40.80, -2.80
  13323449,     0,10,12:46:24,12:46:28,     4, 37.60, 37.70, -0.10
         0,     0,10,12:46:36,12:46:39,     3, 37.70, 41.20, -3.50
  11953978,  4008, 1,12:45:59,12:46:55,    56, 41.30, 35.70,  5.60
         0,     0, 1,12:47:03,12:47:07,     4, 35.70, 41.30, -5.60
  13323449,     0,10,12:47:18,12:47:24,     6, 40.80, 40.80,  0.00
  13008820,     0, 9,12:54:04,12:55:38,    94, 41.00, 40.40,  0.60
  13008792,     0,10,12:55:37,12:57:53,   136, 40.80, 22.50, 18.30
         0,     0,10,12:58:01,12:58:21,    20, 22.50, 41.30,-18.80
  13008820,     0, 9,12:56:16,12:59:04,   168, 40.10, 35.30,  4.80
  12706719,  7128, 5,12:55:56,12:59:08,   192, 40.70, 17.00, 23.70
         0,     0, 9,12:59:13,12:59:20,     7, 35.30, 41.00, -5.70
  12706624,  7033, 6,12:36:48,12:59:20,  1352, 41.20, 35.80,  5.40
         0,     0, 6,12:59:27,12:59:32,     5, 35.80, 41.40, -5.60
         0,     0, 5,12:59:15,12:59:39,    24, 17.00, 40.70,-23.70
  12448477,  6090, 3,13:00:49,13:01:50,    61, 46.60, 38.10,  8.50
         0,     0, 3,13:01:57,13:02:03,     6, 38.10, 38.10,  0.00
  12448477,  6090, 3,13:02:40,13:03:01,    21, 46.60, 42.30,  4.30
         0,     0, 3,13:03:09,13:03:12,     3, 42.30, 46.40, -4.10
  12448432,  6045, 5,13:03:00,13:05:31,   151, 40.70, 26.10, 14.60
         0,     0, 5,13:05:38,13:05:52,    14, 26.10, 26.10,  0.00
  12448449,  6062, 4,13:04:35,13:06:44,   129, 43.60, 28.50, 15.10
         0,     0, 4,13:06:52,13:07:06,    14, 28.50, 43.30,-14.80
  11499202,     0, 6,12:59:51,13:08:31,   520, 40.40, 31.10,  9.30
         0,     0, 6,13:08:38,13:08:47,     9, 31.10, 41.50,-10.40
  12706609,  7018, 8,13:09:44,13:11:01,    77, 41.10, 31.90,  9.20
         0,     0, 8,13:11:09,13:11:19,    10, 31.90, 41.10, -9.20
  13323451,     0,10,13:09:49,13:11:22,    93, 40.20, 27.90, 12.30
         0,     0,10,13:11:30,13:11:44,    14, 27.90, 41.10,-13.20
  12706650,  7059, 3,13:11:26,13:12:14,    48, 46.60, 40.70,  5.90
         0,     0, 3,13:12:22,13:12:26,     4, 40.70, 40.60,  0.10
  12448483,  6096, 2,13:12:56,13:15:10,   134, 43.90, 15.70, 28.20
         0,     0, 2,13:15:18,13:15:46,    28, 15.70, 44.00,-28.30
  12706624,  7033, 6,13:09:16,13:20:08,   652, 41.50, 36.10,  5.40
         0,     0, 6,13:20:15,13:20:19,     4, 36.10, 41.50, -5.40
  12706727,  7136, 1,13:19:58,13:22:13,   135, 41.30, 26.30, 15.00
         0,     0, 1,13:22:21,13:22:35,    14, 26.30, 41.30,-15.00
  12200046,  5100, 4,13:22:29,13:23:34,    65, 43.60, 28.90, 14.70
         0,     0, 4,13:23:42,13:23:56,    14, 28.90, 28.90,  0.00
  12448432,  6045, 5,13:28:29,13:30:24,   115, 40.80, 36.10,  4.70
         0,     0, 5,13:30:32,13:30:36,     4, 36.10, 40.70, -4.60
  12200064,  5118, 5,13:32:56,13:33:13,    17, 40.90, 40.80,  0.10
  12706707,  7116, 2,13:33:51,13:34:04,    13, 44.10, 43.30,  0.80
  12200064,  5118, 5,13:33:55,13:34:23,    28, 40.80, 40.50,  0.30
  12706707,  7116, 2,13:34:15,13:35:28,    73, 43.40, 33.20, 10.20
         0,     0, 2,13:35:36,13:35:46,    10, 33.20, 43.90,-10.70
  12706726,  7135, 4,13:34:49,13:37:17,   148, 43.80, 30.90, 12.90
         0,     0, 4,13:37:25,13:37:37,    12, 30.90, 43.30,-12.40
  13008835,     0, 6,13:20:29,13:39:21,  1132, 41.50, 32.60,  8.90
         0,     0, 6,13:39:29,13:39:37,     8, 32.60, 41.40, -8.80
  12706637,  7046, 2,13:46:07,13:46:23,    16, 43.90, 43.90,  0.00
  12448449,  6062, 4,13:45:55,13:47:24,    89, 43.60, 31.60, 12.00
         0,     0, 4,13:47:33,13:47:44,    11, 31.60, 43.30,-11.70
  12706637,  7046, 1,13:46:52,13:48:50,   118, 41.30, 25.00, 16.30
         0,     0, 1,13:48:58,13:49:13,    15, 25.00, 41.30,-16.30
  12448521,     0,10,13:50:25,13:50:27,     2, 39.60, 39.60,  0.00
         0,     0,10,13:50:36,13:50:37,     1, 39.60, 41.10, -1.50
  12448521,     0,10,13:51:36,13:51:37,     1, 32.30, 32.30,  0.00
         0,     0,10,13:51:46,13:51:55,     9, 32.30, 41.20, -8.90
  13323427,     0, 9,13:56:42,13:56:45,     3, 40.90, 41.00, -0.10
  12706669,  7078, 4,13:57:04,13:57:46,    42, 43.40, 41.40,  2.00
         0,     0, 4,13:57:54,13:57:55,     1, 41.40, 43.40, -2.00
  13323427,     0, 9,13:57:19,13:58:06,    47, 40.80, 40.80,  0.00
  12706669,  7078, 3,13:57:56,13:59:11,    75, 46.70, 36.90,  9.80
         0,     0, 3,13:59:18,13:59:25,     7, 36.90, 36.90,  0.00
  12706624,  7033, 6,13:39:49,14:00:41,  1252, 41.40, 34.40,  7.00
         0,     0, 6,14:00:49,14:00:55,     6, 34.40, 41.40, -7.00
  13323427,     0, 9,13:59:04,14:00:58,   114, 40.60, 34.40,  6.20
         0,     0, 9,14:01:07,14:01:16,     9, 34.40, 41.10, -6.70
  13008762,     0, 6,14:01:11,14:04:56,   225, 41.40, 23.80, 17.60
         0,     0, 6,14:05:04,14:05:21,    17, 23.80, 23.90, -0.10
  12706701,  7110, 2,14:03:42,14:08:39,   297, 43.90, 24.10, 19.80
         0,     0, 2,14:08:47,14:09:06,    19, 24.10, 43.90,-19.80
  12200048,     0, 8,14:07:20,14:10:31,   191, 41.10, 33.40,  7.70
         0,     0, 8,14:10:38,14:10:46,     8, 33.40, 41.10, -7.70
  12448437,  6050, 8,14:10:56,14:13:11,   135, 41.00, 34.30,  6.70
  12706655,  7064, 1,14:10:16,14:13:16,   180, 41.20, 23.70, 17.50
         0,     0, 8,14:13:19,14:13:26,     7, 34.30, 41.10, -6.80
         0,     0, 1,14:13:24,14:13:40,    16, 23.70, 41.20,-17.50
  21268104,  6067, 3,14:14:28,14:15:01,    33, 46.40, 46.00,  0.40
  12706618,     0, 9,14:15:02,14:15:04,     2, 29.70, 29.70,  0.00
         0,     0, 9,14:15:11,14:15:26,    15, 29.70, 41.10,-11.40
  21268104,  6067, 4,14:15:30,14:17:42,   132, 44.00, 23.70, 20.30
         0,     0, 4,14:17:51,14:18:10,    19, 23.70, 43.40,-19.70
  12706707,  7116, 2,14:19:45,14:20:50,    65, 43.90, 36.30,  7.60
         0,     0, 2,14:20:59,14:21:05,     6, 36.30, 43.90, -7.60
  12706729,  7138, 5,14:21:54,14:22:00,     6, 40.60, 40.50,  0.10
  13323434,     0,10,14:23:18,14:23:39,    21, 40.90, 40.00,  0.90
         0,     0,10,14:23:46,14:23:46,     0, 40.00, 41.20, -1.20
  11954042,     0, 9,14:24:01,14:24:10,     9, 41.10, 41.10,  0.00
  12706700,  7109, 4,14:23:54,14:24:09,    15, 43.60, 42.60,  1.00
  12448483,  6096, 1,14:21:58,14:24:51,   173, 41.30, 22.50, 18.80
  12199986,     0, 7,12:37:47,14:24:55,  6428, 26.50, 22.60,  3.90
         0,     0, 7,14:25:02,14:25:15,    13, 22.60, 41.40,-18.80
         0,     0, 1,14:24:59,14:25:17,    18, 22.50, 41.20,-18.70
  13323434,     0,10,14:24:17,14:25:35,    78, 39.80, 33.50,  6.30
         0,     0,10,14:25:42,14:25:50,     8, 33.50, 41.20, -7.70
  13008836,     0, 8,14:25:44,14:27:32,   108, 41.00, 31.40,  9.60
         0,     0, 8,14:27:39,14:27:50,    11, 31.40, 41.10, -9.70
  12706729,  7138, 5,14:27:30,14:28:15,    45, 40.60, 30.90,  9.70
         0,     0, 5,14:28:23,14:28:32,     9, 30.90, 30.90,  0.00
  11954042,     0, 9,14:24:34,14:28:50,   256, 41.00, 32.50,  8.50
         0,     0, 9,14:28:57,14:29:08,    11, 32.50, 41.10, -8.60
  12448416,  6029, 4,14:29:50,14:31:43,   113, 42.70, 23.30, 19.40
         0,     0, 4,14:31:50,14:32:10,    20, 23.30, 43.40,-20.10
  11724239,  3139, 2,14:33:04,14:33:24,    20, 43.90, 43.80,  0.10
  11724239,  3139, 2,14:33:48,14:35:30,   102, 43.80, 43.30,  0.50
  12706669,  7078, 3,14:33:45,14:35:46,   121, 45.70, 37.10,  8.60
         0,     0, 3,14:35:54,14:36:01,     7, 37.10, 37.00,  0.10
  11724239,  3139, 1,14:35:44,14:38:01,   137, 41.20, 36.50,  4.70
         0,     0, 1,14:38:09,14:38:13,     4, 36.50, 41.30, -4.80
  12448416,  6029, 5,14:38:25,14:39:30,    65, 40.90, 36.90,  4.00
  11724239,  3139, 2,14:38:24,14:39:35,    71, 43.30, 32.90, 10.40
         0,     0, 5,14:39:38,14:39:42,     4, 36.90, 40.80, -3.90
         0,     0, 2,14:39:44,14:39:54,    10, 32.90, 43.90,-11.00
  13008762,     0, 6,14:07:24,14:41:07,  2023, 41.30, 27.90, 13.40
         0,     0, 6,14:41:14,14:41:26,    12, 27.90, 41.00,-13.10
  13008779,     0, 7,14:39:35,14:41:30,   115, 41.50, 34.50,  7.00
         0,     0, 7,14:41:37,14:41:41,     4, 34.50, 41.50, -7.00
  12706601,     0,10,14:42:23,14:43:21,    58, 41.20, 35.60,  5.60
         0,     0,10,14:43:29,14:43:34,     5, 35.60, 41.30, -5.70
  12706601,     0,10,14:43:47,14:44:18,    31, 41.30, 38.80,  2.50
         0,     0,10,14:44:26,14:44:28,     2, 38.80, 41.20, -2.40
  11724239,  3139, 2,14:46:05,14:48:43,   158, 43.90, 40.00,  3.90
         0,     0, 2,14:48:50,14:48:53,     3, 40.00, 43.90, -3.90
  21306958,  5124, 8,14:45:22,14:49:23,   241, 41.20, 34.20,  7.00
         0,     0, 8,14:49:30,14:49:37,     7, 34.20, 41.00, -6.80
  12200064,  5118, 1,14:50:02,14:50:17,    15, 41.30, 41.20,  0.10
  12706636,  7045, 2,14:50:22,14:52:42,   140, 43.90, 28.80, 15.10
         0,     0, 2,14:52:49,14:53:03,    14, 28.80, 43.90,-15.10
  12448451,  6064, 5,14:51:50,14:53:57,   127, 40.80, 40.50,  0.30
  12448451,  6064, 5,14:54:25,14:54:53,    28, 40.50, 40.40,  0.10
  12448437,  6050, 7,14:41:51,14:55:30,   819, 41.50, 34.80,  6.70
         0,     0, 7,14:55:38,14:55:42,     4, 34.80, 41.60, -6.80
  12200064,  5118, 5,14:56:27,14:59:50,   203, 40.50, 17.60, 22.90
  12448442,  6055, 6,14:41:37,15:00:18,  1121, 39.70, 34.10,  5.60
         0,     0, 5,14:59:58,15:00:20,    22, 17.60, 40.80,-23.20
         0,     0, 6,15:00:25,15:00:29,     4, 34.10, 39.80, -5.70
  12706604,     0,10,15:00:40,15:01:56,    76, 41.10, 40.80,  0.30
  12706604,     0,10,15:02:11,15:02:59,    48, 40.50, 35.50,  5.00
         0,     0,10,15:03:06,15:03:11,     5, 35.50, 41.10, -5.60
  13008768,     0, 6,15:00:39,15:03:18,   159, 39.70, 39.50,  0.20
         0,     0, 6,15:03:26,15:03:27,     1, 39.50, 39.50,  0.00
  12706604,     0, 9,15:03:12,15:03:50,    38, 41.10, 34.30,  6.80
  13008732,  7153, 4,14:59:24,15:03:55,   271, 44.20, 23.30, 20.90
         0,     0, 9,15:03:59,15:04:08,     9, 34.30, 41.00, -6.70
         0,     0, 4,15:04:02,15:04:22,    20, 23.30, 43.30,-20.00
  12706659,  7068, 2,15:04:11,15:04:25,    14, 43.90, 43.90,  0.00
  12706659,  7068, 2,15:04:40,15:04:42,     2, 43.90, 43.90,  0.00
  12200048,     0, 8,15:03:34,15:06:48,   194, 41.00, 28.40, 12.60
         0,     0, 8,15:06:57,15:07:10,    13, 28.40, 41.10,-12.70
  13008797,     0, 6,15:03:37,15:10:12,   395, 41.50, 31.20, 10.30
  12200054,     0,10,15:10:24,15:10:26,     2, 41.00, 41.00,  0.00
         0,     0, 6,15:10:20,15:10:30,    10, 31.20, 41.50,-10.30
  13008768,     0, 6,15:10:50,15:10:55,     5, 41.40, 41.40,  0.00
  12200054,     0, 9,15:10:31,15:10:58,    27, 41.00, 40.60,  0.40
  12200054,     0, 9,15:11:10,15:11:17,     7, 40.30, 40.20,  0.10
  12200054,     0, 9,15:11:30,15:11:32,     2, 39.80, 39.80,  0.00
         0,     0, 9,15:11:41,15:11:42,     1, 39.80, 40.90, -1.10
  12706622,     0, 6,15:11:28,15:29:52,  1104, 41.40, 30.90, 10.50
         0,     0, 6,15:29:59,15:30:08,     9, 30.90, 31.00, -0.10
  13323358,     0,10,15:35:40,15:36:34,    54, 40.90, 32.20,  8.70
         0,     0,10,15:36:42,15:36:52,    10, 32.20, 41.20, -9.00
  12200042,  5096, 5,15:43:52,15:44:24,    32, 40.80, 40.70,  0.10
  11953978,  4008, 1,15:44:17,15:44:42,    25, 41.20, 37.50,  3.70
         0,     0, 1,15:44:49,15:44:52,     3, 37.50, 41.20, -3.70
  12199981,  5035, 1,15:45:02,15:46:23,    81, 41.20, 21.90, 19.30
  11953978,  4008, 2,15:45:41,15:46:31,    50, 43.90, 30.50, 13.40
         0,     0, 1,15:46:32,15:46:51,    19, 21.90, 41.20,-19.30
         0,     0, 2,15:46:39,15:46:52,    13, 30.50, 43.90,-13.40
  21306958,  5124, 8,15:46:57,15:47:18,    21, 41.10, 40.90,  0.20
  12706719,  7128, 5,15:48:15,15:50:02,   107, 40.60, 25.70, 14.90
         0,     0, 5,15:50:09,15:50:23,    14, 25.70, 40.80,-15.10
  12706700,  7109, 3,15:49:32,15:50:21,    49, 46.60, 30.20, 16.40
  13323450,     0, 9,15:48:15,15:50:30,   135, 40.90, 32.40,  8.50
         0,     0, 3,15:50:28,15:50:41,    13, 30.20, 30.20,  0.00
         0,     0, 9,15:50:37,15:50:48,    11, 32.40, 41.10, -8.70
  12200042,  5096, 2,15:49:19,15:51:11,   112, 44.00, 21.70, 22.30
         0,     0, 2,15:51:18,15:51:40,    22, 21.70, 43.90,-22.20
  13008800,     0,10,15:51:05,15:52:17,    72, 41.10, 34.60,  6.50
         0,     0,10,15:52:24,15:52:30,     6, 34.60, 41.10, -6.50
  12200046,  5100, 3,15:52:22,15:53:21,    59, 46.20, 32.20, 14.00
  12448449,  6062, 4,15:51:03,15:53:26,   143, 43.70, 23.50, 20.20
         0,     0, 3,15:53:29,15:53:42,    13, 32.20, 32.10,  0.10
         0,     0, 4,15:53:34,15:53:57,    23, 23.50, 43.30,-19.80
  12448449,  6062, 4,15:54:18,15:54:51,    33, 43.30, 38.50,  4.80
  13008756,  7115, 1,15:53:38,15:54:53,    75, 41.20, 24.80, 16.40
         0,     0, 4,15:54:59,15:55:04,     5, 38.50, 43.10, -4.60
         0,     0, 1,15:55:00,15:55:17,    17, 24.80, 41.20,-16.40
  12706616,  7025, 2,15:54:01,15:55:23,    82, 44.00, 22.00, 22.00
         0,     0, 2,15:55:30,15:55:54,    24, 22.00, 43.90,-21.90
  21306958,  5124, 7,15:47:27,15:56:07,   520, 41.50, 41.30,  0.20
  12706669,  7078, 3,15:57:03,15:57:52,    49, 46.20, 39.90,  6.30
         0,     0, 3,15:58:01,15:58:06,     5, 39.90, 39.90,  0.00
  13008768,     0, 6,15:30:22,15:58:28,  1686, 41.50, 21.50, 20.00
         0,     0, 6,15:58:36,15:58:56,    20, 21.50, 41.50,-20.00
  12706618,     0,10,15:59:02,15:59:50,    48, 41.10, 31.40,  9.70
  12448409,  6022, 2,15:58:25,15:59:51,    86, 43.90, 30.60, 13.30
         0,     0,10,15:59:58,16:00:09,    11, 31.40, 41.10, -9.70
         0,     0, 2,15:59:58,16:00:11,    13, 30.60, 43.90,-13.30
  13008742,  7163, 4,15:56:53,16:00:14,   201, 43.10, 20.30, 22.80
         0,     0, 4,16:00:22,16:00:44,    22, 20.30, 43.30,-23.00
  12706650,  7059, 2,16:01:54,16:02:39,    45, 43.90, 43.80,  0.10
  13008833,     0, 6,15:59:12,16:04:56,   344, 41.50, 24.20, 17.30
  21268825,  6087, 4,16:04:20,16:05:15,    55, 44.00, 42.80,  1.20
  12706650,  7059, 1,16:03:03,16:05:16,   133, 41.20, 31.50,  9.70
         0,     0, 6,16:05:04,16:05:20,    16, 24.20, 41.40,-17.20
         0,     0, 1,16:05:23,16:05:31,     8, 31.50, 41.30, -9.80
  13008820,     0, 9,16:02:26,16:05:56,   210, 40.90, 34.70,  6.20
         0,     0, 9,16:06:04,16:06:12,     8, 34.70, 41.10, -6.40
  21268825,  6087, 3,16:06:30,16:07:44,    74, 46.70, 37.40,  9.30
  11954050,  4080, 4,16:07:25,16:07:47,    22, 42.90, 42.10,  0.80
         0,     0, 3,16:07:53,16:08:00,     7, 37.40, 37.40,  0.00
  12706669,  7078, 2,16:08:26,16:08:40,    14, 43.80, 43.20,  0.60
  11954050,  4080, 2,16:08:50,16:09:21,    31, 43.20, 41.50,  1.70
  12706705,  7114, 1,16:05:42,16:09:26,   224, 41.30, 23.50, 17.80
         0,     0, 2,16:09:29,16:09:30,     1, 41.50, 43.90, -2.40
  12706637,  7046, 4,16:08:21,16:09:47,    86, 42.10, 31.40, 10.70
         0,     0, 1,16:09:34,16:09:50,    16, 23.50, 41.30,-17.80
         0,     0, 4,16:09:55,16:10:06,    11, 31.40, 43.30,-11.90
  12448428,  6041, 3,16:09:30,16:10:39,    69, 46.80, 27.10, 19.70
  12706637,  7046, 4,16:10:17,16:10:44,    27, 43.50, 37.90,  5.60
         0,     0, 4,16:10:52,16:10:57,     5, 37.90, 43.30, -5.40
         0,     0, 3,16:10:48,16:11:04,    16, 27.10, 26.80,  0.30
  12706655,  7064, 1,16:10:01,16:11:10,    69, 41.30, 28.10, 13.20
         0,     0, 1,16:11:17,16:11:29,    12, 28.10, 40.90,-12.80
  12448428,  6041, 4,16:11:09,16:11:32,    23, 43.30, 38.50,  4.80
         0,     0, 4,16:11:41,16:11:46,     5, 38.50, 43.40, -4.90
  12706738,  7147, 2,16:09:41,16:12:19,   158, 43.90, 26.40, 17.50
  11724109,  6068, 1,16:11:40,16:12:23,    43, 40.90, 40.30,  0.60
         0,     0, 2,16:12:27,16:12:44,    17, 26.40, 43.90,-17.50
  11724109,  6068, 2,16:13:31,16:13:48,    17, 44.00, 43.50,  0.50
  11724109,  6068, 1,16:14:08,16:14:41,    33, 40.30, 37.50,  2.80
         0,     0, 1,16:14:49,16:14:52,     3, 37.50, 41.30, -3.80
  11724109,  6068, 2,16:14:54,16:14:59,     5, 43.40, 43.30,  0.10
  11724109,  6068, 1,16:15:09,16:16:15,    66, 41.30, 34.00,  7.30
  12706639,  7048, 2,16:15:10,16:16:15,    65, 43.30, 36.80,  6.50
         0,     0, 2,16:16:23,16:16:29,     6, 36.80, 43.90, -7.10
         0,     0, 1,16:16:23,16:16:30,     7, 34.00, 41.20, -7.20
  11954050,  4080, 2,16:16:39,16:18:44,   125, 43.90, 25.20, 18.70
  12706727,  7136, 1,16:17:26,16:18:52,    86, 41.20, 27.50, 13.70
         0,     0, 2,16:18:51,16:19:10,    19, 25.20, 43.80,-18.60
         0,     0, 1,16:18:59,16:19:13,    14, 27.50, 41.30,-13.80
  12706622,     0, 6,16:05:34,16:19:42,   848, 41.40, 41.40,  0.00
  21306958,  5124, 8,16:20:19,16:20:50,    31, 40.90, 40.70,  0.20
  12448409,  6022, 2,16:20:39,16:20:57,    18, 43.90, 43.80,  0.10
  12448471,  6084, 3,16:20:09,16:21:44,    95, 46.40, 26.50, 19.90
         0,     0, 3,16:21:52,16:22:08,    16, 26.50, 46.70,-20.20
  12706726,  7135, 5,16:19:14,16:22:43,   209, 40.60, 18.50, 22.10
  12448409,  6022, 1,16:21:09,16:22:57,   108, 41.30, 26.10, 15.20
         0,     0, 5,16:22:51,16:23:13,    22, 18.50, 40.70,-22.20
         0,     0, 1,16:23:06,16:23:21,    15, 26.10, 41.20,-15.10
  21306958,  5124, 8,16:21:16,16:23:59,   163, 40.50, 33.90,  6.60
         0,     0, 8,16:24:08,16:24:15,     7, 33.90, 41.10, -7.20
  12706710,  7119, 3,16:22:48,16:24:24,    96, 46.50, 35.70, 10.80
  13008842,  8083, 5,16:23:40,16:24:32,    52, 40.80, 27.20, 13.60
         0,     0, 3,16:24:32,16:24:40,     8, 35.70, 35.50,  0.20
         0,     0, 5,16:24:39,16:24:52,    13, 27.20, 27.30, -0.10
  21306958,  5124, 8,16:24:53,16:25:00,     7, 41.00, 40.00,  1.00
  11954075,  4105, 2,16:24:43,16:25:53,    70, 43.80, 27.70, 16.10
         0,     0, 2,16:26:00,16:26:15,    15, 27.70, 43.90,-16.20
  12448473,  6086, 1,16:24:48,16:26:15,    87, 41.30, 23.90, 17.40
         0,     0, 1,16:26:23,16:26:39,    16, 23.90, 41.30,-17.40
  11954075,  4105, 1,16:26:50,16:27:10,    20, 41.30, 35.90,  5.40
         0,     0, 1,16:27:18,16:27:22,     4, 35.90, 41.30, -5.40
  12706669,  7078, 2,16:27:42,16:29:29,   107, 43.90, 36.20,  7.70
         0,     0, 2,16:29:36,16:29:43,     7, 36.20, 44.00, -7.80
  12448416,  6029, 4,16:27:39,16:30:41,   182, 43.40, 35.00,  8.40
         0,     0, 4,16:30:49,16:30:57,     8, 35.00, 43.30, -8.30
  12448432,  6045, 5,16:28:49,16:31:05,   136, 40.80, 24.80, 16.00
  11499202,     0, 6,16:20:05,16:31:07,   662, 40.50, 29.10, 11.40
         0,     0, 6,16:31:14,16:31:26,    12, 29.10, 29.20, -0.10
         0,     0, 5,16:31:12,16:31:28,    16, 24.80, 40.90,-16.10
  21268104,  6067, 2,16:30:36,16:31:51,    75, 44.00, 32.80, 11.20
         0,     0, 2,16:31:59,16:32:09,    10, 32.80, 43.90,-11.10
  21268104,  6067, 2,16:32:41,16:33:08,    27, 44.00, 39.70,  4.30
         0,     0, 2,16:33:16,16:33:19,     3, 39.70, 43.90, -4.20
  12706707,  7116, 2,16:34:08,16:35:07,    59, 43.90, 41.10,  2.80
         0,     0, 2,16:35:16,16:35:17,     1, 41.10, 43.90, -2.80
  12706651,  7060, 3,16:35:45,16:36:03,    18, 45.50, 44.10,  1.40
  13008737,     0,10,16:34:49,16:36:40,   111, 40.80, 24.80, 16.00
         0,     0,10,16:36:48,16:37:05,    17, 24.80, 41.20,-16.40
  12448451,  6064, 1,16:35:49,16:37:11,    82, 41.30, 29.70, 11.60
         0,     0, 1,16:37:19,16:37:29,    10, 29.70, 41.30,-11.60
  12448451,  6064, 1,16:37:47,16:38:25,    38, 41.30, 24.50, 16.80
  21292347,  5120, 4,16:36:17,16:38:27,   130, 43.20, 30.70, 12.50
         0,     0, 4,16:38:35,16:38:48,    13, 30.70, 43.20,-12.50
         0,     0, 1,16:38:33,16:38:49,    16, 24.50, 41.30,-16.80
  12448448,  6061, 2,16:35:27,16:39:12,   225, 43.90, 14.10, 29.80
         0,     0, 2,16:39:21,16:39:50,    29, 14.10, 44.00,-29.90
  12706624,  7033, 6,16:31:43,16:40:07,   504, 41.40, 37.40,  4.00
         0,     0, 6,16:40:14,16:40:17,     3, 37.40, 41.40, -4.00
  21268825,  6087, 1,16:39:08,16:40:37,    89, 41.30, 27.80, 13.50
         0,     0, 1,16:40:45,16:40:57,    12, 27.80, 41.20,-13.40
  12706701,  7110, 4,16:39:15,16:42:50,   215, 43.40, 31.00, 12.40
         0,     0, 4,16:42:58,16:43:10,    12, 31.00, 43.40,-12.40
  12706705,  7114, 2,16:42:52,16:45:22,   150, 44.00, 29.30, 14.70
         0,     0, 2,16:45:31,16:45:45,    14, 29.30, 44.00,-14.70
  11954014,  4044, 4,16:46:07,16:47:03,    56, 43.60, 24.10, 19.50
  12706707,  7116, 2,16:45:55,16:47:19,    84, 44.00, 33.10, 10.90
         0,     0, 4,16:47:11,16:47:30,    19, 24.10, 43.30,-19.20
         0,     0, 2,16:47:28,16:47:38,    10, 33.10, 43.90,-10.80
  12706650,  7059, 1,16:46:02,16:48:38,   156, 41.20, 27.70, 13.50
         0,     0, 1,16:48:47,16:48:59,    12, 27.70, 41.30,-13.60
  12706651,  7060, 4,16:48:33,16:50:02,    89, 43.80, 30.10, 13.70
  12706634,     0, 7,15:56:19,16:50:11,  3232, 41.20, 30.30, 10.90
         0,     0, 4,16:50:11,16:50:24,    13, 30.10, 43.20,-13.10
         0,     0, 7,16:50:19,16:50:26,     7, 30.30, 30.30,  0.00
  13323451,     0,10,16:52:41,16:54:28,   107, 41.10, 34.90,  6.20
         0,     0,10,16:54:37,16:54:44,     7, 34.90, 41.10, -6.20
  12706659,  7068, 2,16:50:08,16:55:12,   304, 43.90, 14.70, 29.20
         0,     0, 2,16:55:21,16:55:50,    29, 14.70, 44.00,-29.30
  12200064,  5118, 1,16:53:12,16:57:11,   239, 41.30, 15.90, 25.40
         0,     0, 1,16:57:20,16:57:45,    25, 15.90, 41.40,-25.50
  13323451,     0,10,16:56:24,16:58:17,   113, 38.80, 38.30,  0.50
         0,     0,10,16:58:25,16:58:27,     2, 38.30, 41.20, -2.90
  13008789,     0, 9,17:00:16,17:00:23,     7, 41.00, 41.00,  0.00
  11724239,  3139, 1,16:59:56,17:00:51,    55, 41.30, 41.00,  0.30
  12448432,  6045, 5,17:00:31,17:02:08,    97, 40.80, 29.50, 11.30
         0,     0, 5,17:02:16,17:02:27,    11, 29.50, 40.90,-11.40
  11724239,  3139, 1,17:01:32,17:03:14,   102, 41.00, 35.50,  5.50
         0,     0, 1,17:03:23,17:03:28,     5, 35.50, 41.20, -5.70
  12448415,     0, 9,17:00:41,17:05:19,   278, 41.00, 29.40, 11.60
         0,     0, 9,17:05:28,17:05:43,    15, 29.40, 41.10,-11.70
  13008837,     0, 8,17:06:33,17:06:50,    17, 40.10, 40.10,  0.00
  12448483,  6096, 2,17:04:52,17:07:02,   130, 44.00, 25.50, 18.50
         0,     0, 2,17:07:10,17:07:28,    18, 25.50, 44.00,-18.50
  13008837,     0, 8,17:07:58,17:08:11,    13, 40.10, 40.00,  0.10
  13008837,     0, 7,17:06:56,17:11:27,   271, 41.50, 41.30,  0.20
  12448428,  6041, 1,17:13:12,17:13:58,    46, 41.20, 29.20, 12.00
  12448473,  6086, 2,17:13:03,17:14:04,    61, 44.00, 35.50,  8.50
         0,     0, 1,17:14:06,17:14:17,    11, 29.20, 29.30, -0.10
         0,     0, 2,17:14:12,17:14:20,     8, 35.50, 44.00, -8.50
  12200054,     0, 9,17:15:46,17:16:26,    40, 41.10, 40.40,  0.70
  11954014,  4044, 5,17:15:58,17:16:33,    35, 40.80, 29.90, 10.90
         0,     0, 5,17:16:42,17:16:52,    10, 29.90, 29.90,  0.00
  21268104,  6067, 1,17:16:02,17:16:54,    52, 41.30, 34.80,  6.50
         0,     0, 1,17:17:03,17:17:08,     5, 34.80, 41.20, -6.40
  12200054,     0, 9,17:16:36,17:17:30,    54, 40.20, 38.30,  1.90
         0,     0, 9,17:17:38,17:17:41,     3, 38.30, 40.60, -2.30
  21268104,  6067, 1,17:17:31,17:17:53,    22, 41.20, 38.60,  2.60
         0,     0, 1,17:18:02,17:18:04,     2, 38.60, 41.30, -2.70
  12200054,     0, 9,17:18:14,17:18:16,     2, 37.80, 37.80,  0.00
         0,     0, 9,17:18:24,17:18:28,     4, 37.80, 41.00, -3.20
  12200054,     0, 9,17:18:39,17:18:40,     1, 39.90, 39.90,  0.00
         0,     0, 9,17:18:48,17:18:49,     1, 39.90, 40.90, -1.00
  13008789,     0,10,17:20:45,17:20:54,     9, 41.10, 40.90,  0.20
  13008779,     0, 7,17:11:37,17:22:00,   623, 41.30, 41.40, -0.10
  13008756,  7115, 2,17:21:32,17:22:04,    32, 44.00, 40.40,  3.60
  12706710,  7119, 4,17:19:56,17:22:11,   135, 43.50, 35.10,  8.40
         0,     0, 2,17:22:13,17:22:15,     2, 40.40, 44.00, -3.60
  11954056,     0, 8,17:22:20,17:22:23,     3, 40.10, 40.00,  0.10
         0,     0, 4,17:22:19,17:22:27,     8, 35.10, 43.40, -8.30
  12448521,     0, 9,17:22:31,17:23:17,    46, 40.20, 37.60,  2.60
         0,     0, 9,17:23:25,17:23:30,     5, 37.60, 40.60, -3.00
  12448521,     0, 9,17:24:03,17:24:04,     1, 36.20, 36.30, -0.10
  13008789,     0,10,17:21:10,17:24:07,   177, 40.90, 25.00, 15.90
         0,     0, 9,17:24:13,17:24:19,     6, 36.30, 40.90, -4.60
         0,     0,10,17:24:16,17:24:33,    17, 25.00, 41.20,-16.20
  12448471,  6084, 3,17:25:14,17:26:09,    55, 44.20, 35.70,  8.50
         0,     0, 3,17:26:17,17:26:25,     8, 35.70, 35.90, -0.20
  12706651,  7060, 5,17:25:21,17:26:23,    62, 40.70, 33.50,  7.20
         0,     0, 5,17:26:30,17:26:37,     7, 33.50, 33.70, -0.20
  12199981,  5035, 3,17:28:30,17:28:35,     5, 46.70, 46.60,  0.10
  12706651,  7060, 5,17:27:42,17:28:37,    55, 40.90, 35.80,  5.10
         0,     0, 5,17:28:44,17:28:48,     4, 35.80, 40.90, -5.10
  12199981,  5035, 3,17:28:46,17:29:29,    43, 46.70, 40.20,  6.50
         0,     0, 3,17:29:36,17:29:41,     5, 40.20, 46.40, -6.20
  12706655,  7064, 4,17:30:07,17:32:18,   131, 43.40, 30.00, 13.40
         0,     0, 4,17:32:26,17:32:39,    13, 30.00, 43.30,-13.30
  12448448,  6061, 1,17:35:11,17:35:33,    22, 41.30, 41.20,  0.10
  13008802,     0, 9,17:35:38,17:36:39,    61, 41.00, 33.60,  7.40
         0,     0, 9,17:36:47,17:36:57,    10, 33.60, 41.10, -7.50
  13008797,     0, 6,17:27:43,17:37:06,   563, 33.80, 22.50, 11.30
         0,     0, 6,17:37:14,17:37:32,    18, 22.50, 41.30,-18.80
  11724239,  3139, 1,17:35:43,17:38:07,   144, 41.20, 31.70,  9.50
         0,     0, 1,17:38:15,17:38:24,     9, 31.70, 31.80, -0.10
  11954056,     0, 7,17:22:28,17:38:49,   981, 41.40, 20.50, 20.90
         0,     0, 7,17:38:57,17:39:10,    13, 20.50, 41.50,-21.00
  12199986,     0, 8,17:39:36,17:39:37,     1, 38.60, 38.70, -0.10
         0,     0, 8,17:39:46,17:39:48,     2, 38.70, 41.20, -2.50
  12448479,  6092, 2,17:39:42,17:42:17,   155, 43.90, 28.00, 15.90
         0,     0, 2,17:42:25,17:42:40,    15, 28.00, 44.00,-16.00
  12706705,  7114, 4,17:45:35,17:46:02,    27, 43.40, 43.20,  0.20
  13008756,  7115, 4,17:46:33,17:46:55,    22, 43.10, 38.00,  5.10
         0,     0, 4,17:47:03,17:47:08,     5, 38.00, 43.40, -5.40
  13008762,     0, 6,17:37:56,17:47:43,   587, 41.30, 41.00,  0.30
  12706634,     0, 8,17:51:43,17:53:12,    89, 41.20, 26.60, 14.60
         0,     0, 8,17:53:21,17:53:36,    15, 26.60, 41.10,-14.50
  12706634,     0, 8,17:54:15,17:54:45,    30, 41.10, 39.70,  1.40
         0,     0, 8,17:54:54,17:54:55,     1, 39.70, 40.80, -1.10
  13008800,     0, 9,17:53:04,17:55:55,   171, 41.10, 36.90,  4.20
         0,     0, 9,17:56:03,17:56:08,     5, 36.90, 41.10, -4.20
  12706700,  7109, 1,17:57:58,17:58:51,    53, 41.20, 25.80, 15.40
         0,     0, 1,17:58:59,17:59:13,    14, 25.80, 25.90, -0.10
  11954050,  4080, 3,17:59:21,18:00:45,    84, 47.00, 43.20,  3.80
         0,     0, 3,18:00:52,18:00:54,     2, 43.20, 46.40, -3.20
  12199981,  5035, 3,18:05:12,18:06:26,    74, 46.30, 35.20, 11.10
         0,     0, 3,18:06:33,18:06:42,     9, 35.20, 35.00,  0.20
  12448448,  6061, 1,18:03:22,18:06:59,   217, 41.20, 24.10, 17.10
         0,     0, 1,18:07:07,18:07:23,    16, 24.10, 41.30,-17.20
  12199977,     0, 9,18:08:53,18:08:57,     4, 41.10, 41.10,  0.00
  11954075,  4105, 2,18:09:18,18:09:56,    38, 44.00, 37.20,  6.80
         0,     0, 2,18:10:04,18:10:09,     5, 37.20, 43.90, -6.70
  12199977,     0, 9,18:09:07,18:10:11,    64, 41.10, 34.00,  7.10
         0,     0, 9,18:10:19,18:10:28,     9, 34.00, 41.00, -7.00
  12706659,  7068, 4,18:07:24,18:11:32,   248, 43.70, 22.80, 20.90
         0,     0, 4,18:11:41,18:12:01,    20, 22.80, 43.50,-20.70
  11953978,  4008, 1,18:10:26,18:11:59,    93, 41.30, 26.50, 14.80
         0,     0, 1,18:12:07,18:12:21,    14, 26.50, 41.30,-14.80
  12448477,  6090, 4,18:13:10,18:14:26,    76, 44.20, 35.50,  8.70
         0,     0, 4,18:14:33,18:14:40,     7, 35.50, 43.40, -7.90
  12706601,     0,10,18:12:41,18:14:42,   121, 41.10, 30.10, 11.00
         0,     0,10,18:14:49,18:15:00,    11, 30.10, 41.20,-11.10
  12706719,  7128, 5,18:14:06,18:15:17,    71, 40.80, 39.90,  0.90
         0,     0, 5,18:15:26,18:15:26,     0, 39.90, 40.50, -0.60
  12706719,  7128, 5,18:15:40,18:17:04,    84, 40.60, 27.80, 12.80
         0,     0, 5,18:17:12,18:17:24,    12, 27.80, 40.80,-13.00
  21306958,  5124, 8,18:15:54,18:19:29,   215, 40.90, 32.20,  8.70
         0,     0, 8,18:19:37,18:19:46,     9, 32.20, 41.10, -8.90
  12706727,  7136, 1,18:22:16,18:23:20,    64, 41.30, 35.70,  5.60
         0,     0, 1,18:23:28,18:23:33,     5, 35.70, 41.20, -5.50
  13323449,     0,10,18:23:21,18:24:29,    68, 41.10, 37.70,  3.40
         0,     0,10,18:24:36,18:24:39,     3, 37.70, 41.20, -3.50
  13323449,     0,10,18:24:58,18:25:02,     4, 40.00, 40.00,  0.00
  21268104,  6067, 2,18:23:38,18:25:17,    99, 43.90, 32.90, 11.00
         0,     0, 2,18:25:26,18:25:36,    10, 32.90, 43.90,-11.00
  12200046,  5100, 4,18:25:35,18:26:31,    56, 43.30, 32.50, 10.80
         0,     0, 4,18:26:40,18:26:50,    10, 32.50, 43.40,-10.90
  12448479,  6092, 1,18:29:34,18:31:10,    96, 41.20, 27.80, 13.40
  13008756,  7115, 4,18:30:29,18:31:27,    58, 44.30, 31.60, 12.70
         0,     0, 1,18:31:19,18:31:31,    12, 27.80, 41.30,-13.50
         0,     0, 4,18:31:34,18:31:45,    11, 31.60, 43.40,-11.80
  12706609,  7018, 8,18:35:21,18:35:24,     3, 41.20, 41.20,  0.00
  12706700,  7109, 2,18:35:48,18:36:28,    40, 43.90, 31.90, 12.00
  12706609,  7018, 8,18:35:42,18:36:30,    48, 39.70, 32.50,  7.20
         0,     0, 8,18:36:38,18:36:47,     9, 32.50, 41.20, -8.70
         0,     0, 2,18:36:37,18:36:48,    11, 31.90, 44.00,-12.10
  12199986,     0, 7,17:44:34,18:42:12,  3458, 41.40, 32.10,  9.30
         0,     0, 7,18:42:19,18:42:25,     6, 32.10, 32.10,  0.00
  12706701,  7110, 5,18:43:17,18:44:29,    72, 40.80, 40.60,  0.20
  12448415,     0, 9,18:41:20,18:44:54,   214, 41.00, 34.30,  6.70
         0,     0, 9,18:45:01,18:45:10,     9, 34.30, 41.00, -6.70
  12706701,  7110, 5,18:44:39,18:47:05,   146, 40.60, 29.30, 11.30
         0,     0, 5,18:47:13,18:47:24,    11, 29.30, 29.40, -0.10
  12448477,  6090, 3,18:50:45,18:51:50,    65, 46.90, 38.40,  8.50
         0,     0, 3,18:51:59,18:52:05,     6, 38.40, 38.60, -0.20
  12706669,  7078, 2,18:57:25,18:58:36,    71, 44.00, 36.30,  7.70
         0,     0, 2,18:58:43,18:58:49,     6, 36.30, 44.00, -7.70
  12706639,  7048, 4,18:57:54,19:00:31,   157, 43.60, 24.40, 19.20
         0,     0, 4,19:00:39,19:00:57,    18, 24.40, 43.30,-18.90
  12706726,  7135, 3,19:02:30,19:02:58,    28, 46.90, 43.90,  3.00
         0,     0, 3,19:03:05,19:03:06,     1, 43.90, 45.90, -2.00
  13323358,     0,10,19:03:51,19:04:03,    12, 30.00, 30.10, -0.10
         0,     0,10,19:04:11,19:04:22,    11, 30.10, 41.10,-11.00
  12706726,  7135, 4,19:03:25,19:04:21,    56, 44.30, 37.70,  6.60
         0,     0, 4,19:04:28,19:04:33,     5, 37.70, 43.30, -5.60
  12706616,  7025, 2,19:03:43,19:04:54,    71, 44.00, 26.60, 17.40
         0,     0, 2,19:05:02,19:05:19,    17, 26.60, 44.00,-17.40
  12706705,  7114, 1,19:05:43,19:06:01,    18, 41.20, 40.50,  0.70
  12448416,  6029, 1,19:06:17,19:07:34,    77, 40.50, 28.80, 11.70
  12706705,  7114, 2,19:06:20,19:07:39,    79, 44.00, 36.70,  7.30
         0,     0, 2,19:07:46,19:07:52,     6, 36.70, 43.90, -7.20
         0,     0, 1,19:07:41,19:07:53,    12, 28.80, 41.20,-12.40
  13008835,     0, 6,17:51:13,19:10:10,  4737, 40.40, 40.20,  0.20
  11724109,  6068, 1,19:09:16,19:11:23,   127, 41.20, 32.00,  9.20
         0,     0, 1,19:11:31,19:11:39,     8, 32.00, 41.30, -9.30
  12706729,  7138, 5,19:10:30,19:11:49,    79, 40.80, 24.70, 16.10
         0,     0, 5,19:11:58,19:12:13,    15, 24.70, 40.80,-16.10
  13008779,     0, 7,19:12:13,19:13:01,    48, 20.20, 20.00,  0.20
         0,     0, 7,19:13:08,19:13:22,    14, 20.00, 41.50,-21.50
  12706738,  7147, 2,19:12:43,19:13:48,    65, 43.90, 41.80,  2.10
         0,     0, 2,19:13:56,19:13:57,     1, 41.80, 43.80, -2.00
  12448409,  6022, 3,19:13:41,19:14:29,    48, 46.10, 46.00,  0.10
  13008836,     0, 8,19:13:21,19:15:19,   118, 41.10, 27.70, 13.40
         0,     0, 8,19:15:26,19:15:40,    14, 27.70, 41.10,-13.40
  21292347,  5120, 2,19:14:08,19:15:47,    99, 43.80, 34.80,  9.00
         0,     0, 2,19:15:55,19:16:03,     8, 34.80, 44.00, -9.20
  12200042,  5096, 5,19:15:12,19:16:50,    98, 40.80, 28.40, 12.40
  12448409,  6022, 3,19:14:50,19:16:50,   120, 46.10, 24.80, 21.30
         0,     0, 5,19:16:57,19:17:09,    12, 28.40, 28.50, -0.10
  12448437,  6050, 8,19:16:08,19:17:08,    60, 41.10, 40.70,  0.40
  12706738,  7147, 1,19:13:54,19:17:13,   199, 41.30, 28.80, 12.50
         0,     0, 3,19:16:58,19:17:17,    19, 24.80, 24.80,  0.00
         0,     0, 1,19:17:21,19:17:32,    11, 28.80, 41.40,-12.60
  13008837,     0, 8,19:17:21,19:18:29,    68, 40.70, 40.60,  0.10
  13008837,     0, 8,19:18:44,19:18:54,    10, 40.50, 40.50,  0.00
  21306958,  5124, 8,19:19:26,19:20:15,    49, 40.50, 40.30,  0.20
  13008742,  7163, 2,19:20:02,19:23:10,   188, 44.00, 24.20, 19.80
         0,     0, 2,19:23:17,19:23:36,    19, 24.20, 43.90,-19.70
  13323434,     0,10,19:22:41,19:23:34,    53, 41.10, 38.40,  2.70
         0,     0,10,19:23:42,19:23:45,     3, 38.40, 40.80, -2.40
  12706636,  7045, 1,19:23:28,19:23:43,    15, 41.40, 41.30,  0.10
  12706636,  7045, 2,19:23:47,19:23:48,     1, 43.80, 43.90, -0.10
  21306958,  5124, 8,19:21:37,19:24:13,   156, 40.30, 35.10,  5.20
         0,     0, 8,19:24:21,19:24:27,     6, 35.10, 41.10, -6.00
  13323434,     0,10,19:23:57,19:24:28,    31, 40.20, 36.90,  3.30
         0,     0,10,19:24:36,19:24:40,     4, 36.90, 41.20, -4.30
  12706650,  7059, 3,19:24:39,19:25:03,    24, 46.90, 44.00,  2.90
  13323434,     0, 9,19:24:43,19:25:30,    47, 41.10, 37.80,  3.30
         0,     0, 9,19:25:38,19:25:42,     4, 37.80, 41.10, -3.30
  11954075,  4105, 1,19:23:53,19:25:41,   108, 41.30, 23.00, 18.30
  13008837,     0, 8,19:24:41,19:26:00,    79, 41.10, 41.00,  0.10
         0,     0, 1,19:25:49,19:26:06,    17, 23.00, 41.30,-18.30
  11954075,  4105, 2,19:26:11,19:26:21,    10, 43.90, 42.10,  1.80
  12706636,  7045, 1,19:26:25,19:28:02,    97, 41.30, 23.50, 17.80
  13008837,     0, 8,19:26:13,19:28:08,   115, 40.90, 24.90, 16.00
         0,     0, 1,19:28:10,19:28:27,    17, 23.50, 41.20,-17.70
         0,     0, 8,19:28:16,19:28:34,    18, 24.90, 41.00,-16.10
  13008737,     0, 9,19:28:38,19:28:40,     2, 41.00, 41.00,  0.00
  13323427,     0, 9,19:29:47,19:30:25,    38, 41.00, 40.90,  0.10
  21292347,  5120, 2,19:32:17,19:34:01,   104, 42.10, 36.00,  6.10
         0,     0, 2,19:34:08,19:34:15,     7, 36.00, 43.90, -7.90
  13323453,     0, 9,19:34:37,19:35:52,    75, 40.90, 39.90,  1.00
         0,     0, 9,19:36:00,19:36:01,     1, 39.90, 41.10, -1.20
  13008792,     0,10,19:33:45,19:37:00,   195, 41.20, 16.90, 24.30
  13323453,     0, 9,19:36:44,19:37:11,    27, 41.10, 38.90,  2.20
         0,     0, 9,19:37:20,19:37:22,     2, 38.90, 41.00, -2.10
         0,     0,10,19:37:07,19:37:33,    26, 16.90, 41.20,-24.30
  13008737,     0,10,19:41:10,19:41:23,    13, 41.00, 41.00,  0.00
  12448432,  6045, 5,19:40:40,19:42:34,   114, 40.80, 31.30,  9.50
         0,     0, 5,19:42:41,19:42:50,     9, 31.30, 40.90, -9.60
  12200064,  5118, 4,19:41:31,19:43:46,   135, 43.50, 38.00,  5.50
         0,     0, 4,19:43:53,19:43:58,     5, 38.00, 43.30, -5.30
  12706618,     0, 9,19:43:56,19:45:01,    65, 41.00, 31.70,  9.30
  12200064,  5118, 4,19:44:18,19:45:14,    56, 44.40, 28.90, 15.50
         0,     0, 9,19:45:10,19:45:22,    12, 31.70, 41.00, -9.30
         0,     0, 4,19:45:21,19:45:35,    14, 28.90, 43.40,-14.50
  13008815,     0, 8,19:45:50,19:48:01,   131, 41.10, 31.10, 10.00
         0,     0, 8,19:48:10,19:48:20,    10, 31.10, 41.10,-10.00
  13008815,     0, 8,19:48:50,19:49:23,    33, 41.10, 38.10,  3.00
         0,     0, 8,19:49:32,19:49:34,     2, 38.10, 41.10, -3.00
  13008842,  8083, 5,19:47:49,19:50:01,   132, 40.90, 27.60, 13.30
         0,     0, 5,19:50:08,19:50:20,    12, 27.60, 27.70, -0.10
  13008815,     0, 8,19:50:59,19:51:25,    26, 41.10, 38.00,  3.10
         0,     0, 8,19:51:34,19:51:37,     3, 38.00, 41.10, -3.10
  12706616,  7025, 2,19:51:43,19:52:34,    51, 43.90, 35.00,  8.90
         0,     0, 2,19:52:42,19:52:50,     8, 35.00, 43.80, -8.80
  13323427,     0,10,19:52:44,19:53:21,    37, 41.00, 40.90,  0.10
  13323453,     0, 9,19:57:54,19:58:00,     6, 41.00, 41.00,  0.00
  11724109,  6068, 1,20:01:08,20:03:18,   130, 41.20, 33.00,  8.20
  12706636,  7045, 2,20:02:00,20:03:21,    81, 43.90, 38.40,  5.50
         0,     0, 1,20:03:26,20:03:33,     7, 33.00, 41.20, -8.20
         0,     0, 2,20:03:29,20:03:33,     4, 38.40, 43.80, -5.40
  13323449,     0,10,20:04:06,20:04:11,     5, 40.80, 40.80,  0.00
  13323451,     0, 9,20:04:14,20:05:41,    87, 40.90, 35.90,  5.00
  13008742,  7163, 3,20:03:19,20:05:44,   145, 43.70, 30.10, 13.60
         0,     0, 9,20:05:50,20:05:57,     7, 35.90, 41.00, -5.10
         0,     0, 3,20:05:52,20:06:06,    14, 30.10, 30.00,  0.10
  13008732,  7153, 5,20:03:47,20:06:54,   187, 40.90, 20.30, 20.60
         0,     0, 5,20:07:02,20:07:22,    20, 20.30, 20.40, -0.10
  11954042,     0, 9,20:06:25,20:09:46,   201, 41.10, 33.50,  7.60
  13008815,     0, 8,20:08:22,20:09:50,    88, 41.20, 37.90,  3.30
         0,     0, 8,20:09:58,20:10:01,     3, 37.90, 41.00, -3.10
         0,     0, 9,20:09:55,20:10:05,    10, 33.50, 41.10, -7.60
  13008833,     0, 6,19:10:20,20:10:13,  3593, 40.20, 17.60, 22.60
         0,     0, 6,20:10:21,20:10:44,    23, 17.60, 41.40,-23.80
  11953978,  4008, 1,20:11:07,20:11:55,    48, 41.20, 30.20, 11.00
         0,     0, 1,20:12:03,20:12:13,    10, 30.20, 41.30,-11.10
  12448432,  6045, 5,20:10:56,20:13:14,   138, 40.90, 32.80,  8.10
         0,     0, 5,20:13:21,20:13:28,     7, 32.80, 32.90, -0.10
  12448451,  6064, 2,20:11:34,20:14:18,   164, 43.90, 43.60,  0.30
  12200048,     0, 8,20:16:01,20:16:31,    30, 41.00, 40.90,  0.10
  12448451,  6064, 1,20:14:22,20:18:29,   247, 41.30, 14.40, 26.90
         0,     0, 1,20:18:37,20:19:03,    26, 14.40, 41.30,-26.90
  12200048,     0, 8,20:17:21,20:20:35,   194, 41.00, 32.40,  8.60
         0,     0, 8,20:20:44,20:20:53,     9, 32.40, 41.10, -8.70
  11954014,  4044, 2,20:24:17,20:25:28,    71, 43.60, 31.20, 12.40
         0,     0, 2,20:25:37,20:25:49,    12, 31.20, 44.00,-12.80
  13323453,     0, 9,20:28:08,20:28:10,     2, 35.00, 35.00,  0.00
         0,     0, 9,20:28:18,20:28:26,     8, 35.00, 41.00, -6.00
  12706710,  7119, 1,20:26:12,20:29:11,   179, 41.30, 15.50, 25.80
         0,     0, 1,20:29:19,20:29:43,    24, 15.50, 41.20,-25.70
  12448437,  6050, 7,19:17:40,20:29:45,  4325, 41.50, 31.90,  9.60
         0,     0, 7,20:29:53,20:29:59,     6, 31.90, 41.40, -9.50
  12200046,  5100, 3,20:29:12,20:30:14,    62, 46.60, 38.80,  7.80
  12706710,  7119, 1,20:29:53,20:30:17,    24, 41.20, 38.80,  2.40
         0,     0, 1,20:30:25,20:30:27,     2, 38.80, 41.30, -2.50
         0,     0, 3,20:30:22,20:30:28,     6, 38.80, 46.60, -7.80
  11724239,  3139, 2,20:28:14,20:30:39,   145, 44.10, 42.80,  1.30
  13008836,     0, 8,20:30:41,20:32:28,   107, 41.00, 30.10, 10.90
         0,     0, 8,20:32:36,20:32:48,    12, 30.10, 41.10,-11.00
  11724239,  3139, 2,20:30:49,20:33:35,   166, 42.80, 21.90, 20.90
         0,     0, 2,20:33:43,20:34:04,    21, 21.90, 43.90,-22.00
  11724239,  3139, 2,20:34:14,20:34:56,    42, 43.90, 38.00,  5.90
         0,     0, 2,20:35:04,20:35:09,     5, 38.00, 44.00, -6.00
  12448428,  6041, 5,20:36:26,20:37:14,    48, 40.70, 28.10, 12.60
         0,     0, 5,20:37:22,20:37:34,    12, 28.10, 28.20, -0.10
  13323449,     0,10,20:38:55,20:38:56,     1, 40.70, 40.70,  0.00
  12706636,  7045, 5,20:38:47,20:39:41,    54, 40.80, 35.10,  5.70
         0,     0, 5,20:39:49,20:39:54,     5, 35.10, 40.70, -5.60
  13323449,     0, 9,20:46:29,20:46:29,     0, 40.80, 40.90, -0.10
  11954014,  4044, 3,20:46:45,20:47:36,    51, 46.50, 39.30,  7.20
         0,     0, 3,20:47:45,20:47:50,     5, 39.30, 46.30, -7.00
  13323449,     0, 9,20:47:41,20:48:15,    34, 40.90, 40.80,  0.10
  12448409,  6022, 1,20:49:19,20:49:24,     5, 41.30, 41.30,  0.00
  13323449,     0,10,20:50:13,20:50:14,     1, 38.00, 37.90,  0.10
         0,     0,10,20:50:22,20:50:25,     3, 37.90, 41.10, -3.20
  12448473,  6086, 2,20:51:25,20:53:24,   119, 44.00, 23.30, 20.70
  21268825,  6087, 1,20:53:34,20:53:43,     9, 41.30, 41.30,  0.00
         0,     0, 2,20:53:32,20:53:52,    20, 23.30, 44.00,-20.70
  21292347,  5120, 3,20:53:37,20:55:45,   128, 46.80, 46.50,  0.30
  13008737,     0,10,20:53:44,20:56:18,   154, 41.10, 24.10, 17.00
         0,     0,10,20:56:25,20:56:43,    18, 24.10, 41.20,-17.10
  21268825,  6087, 2,20:54:02,20:56:49,   167, 44.00, 27.80, 16.20
         0,     0, 2,20:56:58,20:57:13,    15, 27.80, 43.90,-16.10
  12448409,  6022, 2,20:59:11,21:01:00,   109, 44.00, 32.70, 11.30
         0,     0, 2,21:01:08,21:01:18,    10, 32.70, 44.00,-11.30
  13323427,     0,10,21:01:52,21:04:12,   140, 41.20, 40.80,  0.40
  21292347,  5120, 3,20:58:37,21:04:55,   378, 45.90, 46.10, -0.20
  13323427,     0,10,21:05:30,21:05:31,     1, 40.50, 40.50,  0.00
  13323427,     0,10,21:10:48,21:10:49,     1, 40.40, 40.40,  0.00
  13008756,  7115, 1,21:13:32,21:13:48,    16, 41.30, 41.30,  0.00
  13323427,     0, 9,21:13:03,21:14:27,    84, 40.80, 40.60,  0.20
  13008800,     0, 9,21:14:40,21:14:43,     3, 40.60, 40.60,  0.00
  13008800,     0,10,21:14:58,21:16:19,    81, 38.40, 32.70,  5.70
         0,     0,10,21:16:27,21:16:36,     9, 32.70, 41.20, -8.50
  12706659,  7068, 2,21:15:57,21:18:08,   131, 44.00, 28.30, 15.70
         0,     0, 2,21:18:16,21:18:31,    15, 28.30, 44.00,-15.70
  13008756,  7115, 2,21:18:41,21:19:29,    48, 44.00, 34.20,  9.80
  13323427,     0, 9,21:18:46,21:19:32,    46, 40.60, 40.50,  0.10
         0,     0, 2,21:19:37,21:19:46,     9, 34.20, 44.10, -9.90
  13323427,     0, 9,21:19:51,21:21:28,    97, 40.50, 38.80,  1.70
         0,     0, 9,21:21:36,21:21:39,     3, 38.80, 40.90, -2.10
  13323427,     0, 9,21:22:12,21:22:13,     1, 39.50, 39.50,  0.00
         0,     0, 9,21:22:22,21:22:23,     1, 39.50, 41.10, -1.60
  12706637,  7046, 1,21:20:40,21:22:25,   105, 41.30, 26.00, 15.30
  13008732,  7153, 2,21:21:43,21:22:28,    45, 44.00, 43.90,  0.10
         0,     0, 1,21:22:34,21:22:48,    14, 26.00, 41.30,-15.30
  12706609,  7018, 8,21:24:07,21:24:30,    23, 41.10, 39.20,  1.90
         0,     0, 8,21:24:38,21:24:39,     1, 39.20, 41.10, -1.90
  12706727,  7136, 1,21:22:59,21:24:48,   109, 41.30, 25.50, 15.80
         0,     0, 1,21:24:56,21:25:10,    14, 25.50, 41.20,-15.70
  13008732,  7153, 2,21:22:47,21:25:08,   141, 43.90, 32.40, 11.50
         0,     0, 2,21:25:17,21:25:27,    10, 32.40, 44.00,-11.60
  12706609,  7018, 8,21:25:06,21:26:18,    72, 41.10, 34.40,  6.70
         0,     0, 8,21:26:27,21:26:34,     7, 34.40, 41.00, -6.60
  21292347,  5120, 2,21:27:02,21:28:36,    94, 44.00, 37.70,  6.30
  11954075,  4105, 1,21:27:40,21:28:38,    58, 41.20, 31.10, 10.10
         0,     0, 2,21:28:45,21:28:50,     5, 37.70, 43.80, -6.10
         0,     0, 1,21:28:46,21:28:55,     9, 31.10, 41.20,-10.10
  12706669,  7078, 3,21:28:06,21:29:14,    68, 45.90, 39.00,  6.90
         0,     0, 3,21:29:23,21:29:29,     6, 39.00, 39.20, -0.20
  12706719,  7128, 5,21:25:52,21:29:29,   217, 40.80, 28.30, 12.50
         0,     0, 5,21:29:37,21:29:49,    12, 28.30, 28.40, -0.10
  12706707,  7116, 1,21:30:07,21:30:12,     5, 41.30, 41.30,  0.00
  13008815,     0, 8,21:27:47,21:30:26,   159, 41.00, 35.40,  5.60
         0,     0, 8,21:30:34,21:30:39,     5, 35.40, 41.10, -5.70
  12706707,  7116, 2,21:30:16,21:31:10,    54, 43.80, 43.50,  0.30
  13008815,     0, 8,21:31:25,21:32:01,    36, 41.10, 38.00,  3.10
         0,     0, 8,21:32:10,21:32:13,     3, 38.00, 41.10, -3.10
  13008842,  8083, 5,21:34:21,21:35:47,    86, 40.90, 29.10, 11.80
  12706700,  7109, 3,21:34:37,21:35:52,    75, 46.70, 29.80, 16.90
         0,     0, 5,21:35:55,21:36:06,    11, 29.10, 40.70,-11.60
         0,     0, 3,21:36:00,21:36:14,    14, 29.80, 29.70,  0.10
  12200046,  5100, 2,21:37:31,21:38:08,    37, 43.50, 36.30,  7.20
         0,     0, 2,21:38:15,21:38:21,     6, 36.30, 43.90, -7.60
  12706651,  7060, 4,21:39:53,21:41:11,    78, 43.60, 36.80,  6.80
         0,     0, 4,21:41:19,21:41:25,     6, 36.80, 43.40, -6.60
  12706639,  7048, 5,21:46:57,21:47:58,    61, 40.80, 32.60,  8.20
         0,     0, 5,21:48:06,21:48:14,     8, 32.60, 40.80, -8.20
  12706707,  7116, 2,21:48:18,21:50:06,   108, 43.90, 34.40,  9.50
         0,     0, 2,21:50:14,21:50:22,     8, 34.40, 44.00, -9.60
  13008800,     0, 9,21:50:05,21:50:51,    46, 41.10, 38.30,  2.80
         0,     0, 9,21:50:58,21:51:01,     3, 38.30, 41.10, -2.80
  12706669,  7078, 4,21:53:15,21:54:17,    62, 43.70, 37.30,  6.40
  12199981,  5035, 2,21:51:58,21:54:26,   148, 44.00, 25.00, 19.00
         0,     0, 4,21:54:25,21:54:31,     6, 37.30, 43.30, -6.00
         0,     0, 2,21:54:33,21:54:51,    18, 25.00, 44.00,-19.00
  12706650,  7059, 2,22:02:12,22:02:40,    28, 44.10, 43.20,  0.90
  12448432,  6045, 2,22:02:53,22:04:22,    89, 43.20, 32.90, 10.30
  12706650,  7059, 1,22:04:00,22:04:33,    33, 41.20, 37.00,  4.20
         0,     0, 2,22:04:29,22:04:39,    10, 32.90, 43.90,-11.00
  12706726,  7135, 4,22:01:15,22:04:41,   206, 43.30, 29.40, 13.90
         0,     0, 1,22:04:41,22:04:44,     3, 37.00, 41.20, -4.20
         0,     0, 4,22:04:48,22:05:02,    14, 29.40, 43.40,-14.00
  12706650,  7059, 1,22:05:52,22:06:36,    44, 41.20, 33.60,  7.60
  13008835,     0, 6,21:36:26,22:06:43,  1817, 40.80, 38.70,  2.10
         0,     0, 1,22:06:43,22:06:49,     6, 33.60, 41.20, -7.60
         0,     0, 6,22:06:51,22:06:53,     2, 38.70, 41.40, -2.70
  12706727,  7136, 4,22:06:08,22:07:02,    54, 43.40, 37.50,  5.90
         0,     0, 4,22:07:10,22:07:15,     5, 37.50, 43.40, -5.90
  12200042,  5096, 1,22:07:07,22:09:05,   118, 41.20, 25.70, 15.50
  12706650,  7059, 2,22:07:11,22:09:10,   119, 43.90, 31.70, 12.20
         0,     0, 1,22:09:14,22:09:29,    15, 25.70, 41.30,-15.60
         0,     0, 2,22:09:17,22:09:29,    12, 31.70, 43.80,-12.10
  12706738,  7147, 2,22:13:24,22:17:04,   220, 43.80, 27.90, 15.90
  12448521,     0, 9,22:16:55,22:17:18,    23, 41.00, 40.80,  0.20
         0,     0, 2,22:17:12,22:17:27,    15, 27.90, 44.00,-16.10
  12706655,  7064, 4,22:12:56,22:17:34,   278, 43.70, 35.00,  8.70
         0,     0, 4,22:17:41,22:17:49,     8, 35.00, 43.40, -8.40
  12448521,     0, 9,22:18:01,22:18:04,     3, 36.80, 36.80,  0.00
         0,     0, 9,22:18:12,22:18:17,     5, 36.80, 41.10, -4.30
  12448449,  6062, 1,22:18:39,22:20:38,   119, 41.30, 25.20, 16.10
         0,     0, 1,22:20:46,22:21:01,    15, 25.20, 41.30,-16.10
  13323358,     0,10,22:26:04,22:27:33,    89, 39.00, 33.10,  5.90
         0,     0,10,22:27:40,22:27:48,     8, 33.10, 41.20, -8.10
  11954050,  4080, 2,22:28:11,22:28:47,    36, 44.10, 42.80,  1.30
  11954050,  4080, 1,22:28:58,22:30:26,    88, 41.30, 34.40,  6.90
         0,     0, 1,22:30:34,22:30:40,     6, 34.40, 41.20, -6.80
  11954050,  4080, 1,22:30:50,22:31:11,    21, 41.20, 38.70,  2.50
         0,     0, 1,22:31:19,22:31:20,     1, 38.70, 41.30, -2.60
  11954050,  4080, 1,22:31:31,22:32:23,    52, 41.30, 35.60,  5.70
         0,     0, 1,22:32:30,22:32:35,     5, 35.60, 41.30, -5.70
  12706669,  7078, 3,22:31:06,22:32:46,   100, 47.00, 41.90,  5.10
         0,     0, 3,22:32:55,22:32:58,     3, 41.90, 46.50, -4.60
  12448416,  6029, 2,22:33:34,22:36:11,   157, 42.80, 26.10, 16.70
         0,     0, 2,22:36:18,22:36:35,    17, 26.10, 43.90,-17.80
  12448471,  6084, 2,22:37:00,22:39:04,   124, 44.00, 26.90, 17.10
         0,     0, 2,22:39:12,22:39:28,    16, 26.90, 43.90,-17.00
  12706636,  7045, 1,22:41:04,22:43:07,   123, 41.30, 25.40, 15.90
         0,     0, 1,22:43:14,22:43:29,    15, 25.40, 41.20,-15.80
  12706636,  7045, 2,22:43:16,22:44:05,    49, 43.90, 43.90,  0.00
  11724109,  6068, 1,22:43:39,22:44:08,    29, 41.20, 41.20,  0.00
  11724109,  6068, 2,22:44:16,22:45:53,    97, 43.90, 43.40,  0.50
  11724109,  6068, 1,22:45:58,22:48:24,   146, 41.20, 27.10, 14.10
         0,     0, 1,22:48:31,22:48:44,    13, 27.10, 41.20,-14.10
  13323453,     0, 9,22:49:39,22:49:40,     1, 41.10, 41.10,  0.00
  12448479,  6092, 3,22:47:14,22:50:15,   181, 46.80, 31.30, 15.50
         0,     0, 3,22:50:24,22:50:37,    13, 31.30, 31.50, -0.20
  12448448,  6061, 5,22:49:34,22:50:44,    70, 40.80, 40.70,  0.10
  12448448,  6061, 5,22:50:58,22:51:51,    53, 40.70, 40.60,  0.10
  12448477,  6090, 1,22:50:46,22:53:09,   143, 41.20, 32.90,  8.30
         0,     0, 1,22:53:16,22:53:23,     7, 32.90, 41.30, -8.40
  12448477,  6090, 1,22:53:50,22:54:10,    20, 41.30, 37.80,  3.50
         0,     0, 1,22:54:17,22:54:19,     2, 37.80, 41.20, -3.40
  13323434,     0, 9,22:55:48,22:56:13,    25, 41.10, 40.80,  0.30
  21268104,  6067, 2,22:54:52,22:56:34,   102, 43.40, 35.40,  8.00
         0,     0, 2,22:56:41,22:56:48,     7, 35.40, 44.00, -8.60
  12448448,  6061, 5,22:56:01,23:03:14,   433, 40.60, 23.00, 17.60
         0,     0, 5,23:03:22,23:03:39,    17, 23.00, 40.90,-17.90
  12706650,  7059, 1,23:03:53,23:04:05,    12, 41.20, 40.50,  0.70
  12706701,  7110, 2,23:02:45,23:04:23,    98, 44.00, 39.50,  4.50
         0,     0, 2,23:04:30,23:04:33,     3, 39.50, 43.80, -4.30
  13008842,  8083, 5,23:03:50,23:05:43,   113, 40.90, 34.50,  6.40
  12448416,  6029, 4,23:02:49,23:05:49,   180, 43.50, 33.20, 10.30
         0,     0, 5,23:05:50,23:05:56,     6, 34.50, 40.80, -6.30
         0,     0, 4,23:05:56,23:06:06,    10, 33.20, 43.30,-10.10
  12706701,  7110, 1,23:05:00,23:06:38,    98, 40.50, 27.80, 12.70
  11953978,  4008, 2,23:05:02,23:06:44,   102, 43.90, 24.50, 19.40
         0,     0, 1,23:06:47,23:07:00,    13, 27.80, 41.20,-13.40
  12706669,  7078, 3,23:06:27,23:07:02,    35, 46.50, 39.80,  6.70
         0,     0, 2,23:06:51,23:07:10,    19, 24.50, 44.00,-19.50
         0,     0, 3,23:07:09,23:07:14,     5, 39.80, 46.40, -6.60
  12706701,  7110, 2,23:07:20,23:07:40,    20, 44.00, 41.00,  3.00
         0,     0, 2,23:07:48,23:07:49,     1, 41.00, 44.00, -3.00
  12448471,  6084, 3,23:07:37,23:08:14,    37, 46.90, 41.80,  5.10
         0,     0, 3,23:08:21,23:08:24,     3, 41.80, 46.40, -4.60
  12706601,     0, 9,23:10:32,23:12:36,   124, 40.80, 32.80,  8.00
         0,     0, 9,23:12:44,23:12:55,    11, 32.80, 41.10, -8.30
  12706705,  7114, 3,23:11:48,23:15:16,   208, 46.60, 30.40, 16.20
         0,     0, 3,23:15:24,23:15:38,    14, 30.40, 46.40,-16.00
  12706727,  7136, 1,23:16:04,23:16:56,    52, 41.20, 31.80,  9.40
         0,     0, 1,23:17:03,23:17:11,     8, 31.80, 41.30, -9.50
  13008800,     0, 9,23:20:50,23:20:54,     4, 37.10, 37.10,  0.00
         0,     0, 9,23:21:02,23:21:07,     5, 37.10, 41.00, -3.90
  12448449,  6062, 4,23:20:39,23:21:59,    80, 43.50, 34.60,  8.90
         0,     0, 4,23:22:07,23:22:15,     8, 34.60, 34.50,  0.10
  13008836,     0, 7,20:30:12,23:22:27, 10335, 41.50, 41.30,  0.20
  12706655,  7064, 1,23:19:45,23:24:14,   269, 41.30, 29.30, 12.00
         0,     0, 1,23:24:22,23:24:33,    11, 29.30, 41.50,-12.20
  12200064,  5118, 5,23:23:32,23:27:46,   254, 40.80, 25.20, 15.60
         0,     0, 5,23:27:53,23:28:08,    15, 25.20, 40.70,-15.50
  12706729,  7138, 5,23:39:30,23:40:34,    64, 40.80, 31.20,  9.60
         0,     0, 5,23:40:43,23:40:52,     9, 31.20, 40.90, -9.70
  12706622,     0, 6,22:07:03,23:44:10,  5827, 41.40, 41.20,  0.20
  11954056,     0, 7,23:22:38,23:44:11,  1293, 41.30, 22.60, 18.70
         0,     0, 5,23:44:24,23:44:34,    10, 40.80, 40.80,  0.00
         0,     0, 8,23:44:24,23:44:34,    10, 41.10, 41.10,  0.00
         0,     0, 9,23:44:24,23:44:34,    10, 41.00, 41.00,  0.00
         0,     0,10,23:44:24,23:44:34,    10, 40.90, 40.90,  0.00
         0,     0, 1,23:44:24,23:44:34,    10, 41.50, 41.50,  0.00
         0,     0, 2,23:44:24,23:44:34,    10, 43.90, 43.90,  0.00
         0,     0, 3,23:44:24,23:44:34,    10, 46.60, 46.60,  0.00
         0,     0, 4,23:44:24,23:44:34,    10, 43.30, 43.30,  0.00
         0,     0, 7,23:44:19,23:44:31,    12, 22.60, 22.70, -0.10
