         0,     0, 1, 0:03:20, 0:03:30,    10, 41.50, 41.50,  0.00
         0,     0, 2, 0:03:20, 0:03:30,    10, 44.10, 44.10,  0.00
         0,     0, 3, 0:03:20, 0:03:30,    10, 46.70, 46.70,  0.00
         0,     0, 4, 0:03:20, 0:03:30,    10, 42.80, 42.80,  0.00
         0,     0, 6, 0:03:20, 0:03:30,    10, 40.10, 40.10,  0.00
         0,     0, 5, 0:03:20, 0:03:30,    10, 40.90, 40.90,  0.00
         0,     0, 7, 0:03:20, 0:03:30,    10, 41.40, 41.40,  0.00
         0,     0, 8, 0:03:20, 0:03:30,    10, 41.10, 41.10,  0.00
         0,     0, 9, 0:03:20, 0:03:30,    10, 34.40, 34.40,  0.00
         0,     0,10, 0:03:20, 0:03:30,    10, 40.70, 40.70,  0.00
  13323425,     0, 9, 0:03:38, 0:04:02,    24, 34.20, 33.90,  0.30
         0,     0, 9, 0:04:09, 0:04:18,     9, 33.90, 41.10, -7.20
  12706701,  7110, 5, 0:03:58, 0:11:22,   444, 40.90, 28.80, 12.10
         0,     0, 5, 0:11:30, 0:11:41,    11, 28.80, 40.80,-12.00
  12448416,  6029, 1, 0:11:58, 0:14:09,   131, 41.50, 30.50, 11.00
         0,     0, 1, 0:14:17, 0:14:27,    10, 30.50, 41.30,-10.80
  12199969,     0, 9, 0:15:01, 0:15:48,    47, 41.10, 39.50,  1.60
         0,     0, 9, 0:15:56, 0:15:57,     1, 39.50, 41.10, -1.60
  12199969,     0, 9, 0:16:14, 0:17:18,    64, 41.10, 39.50,  1.60
         0,     0, 9, 0:17:26, 0:17:27,     1, 39.50, 41.10, -1.60
  12706655,  7064, 3, 0:20:48, 0:24:19,   211, 46.70, 32.00, 14.70
         0,     0, 3, 0:24:26, 0:24:38,    12, 32.00, 32.20, -0.20
  13323425,     0, 9, 0:26:09, 0:26:11,     2, 40.30, 40.30,  0.00
  13323425,     0, 9, 0:27:20, 0:27:21,     1, 39.80, 39.80,  0.00
         0,     0, 9, 0:27:29, 0:27:30,     1, 39.80, 41.00, -1.20
  13323425,     0, 9, 0:29:00, 0:29:02,     2, 40.70, 40.70,  0.00
  21268104,  6067, 5, 0:29:34, 0:33:01,   207, 40.80, 33.00,  7.80
         0,     0, 5, 0:33:09, 0:33:16,     7, 33.00, 40.90, -7.90
  13323435,     0, 9, 0:38:06, 0:41:28,   202, 40.70, 34.50,  6.20
         0,     0, 9, 0:41:37, 0:41:45,     8, 34.50, 41.10, -6.60
  12706637,  7046, 1, 0:38:25, 0:43:03,   278, 41.30, 20.10, 21.20
  13008815,     0, 8, 0:41:31, 0:43:08,    97, 40.80, 37.90,  2.90
         0,     0, 8, 0:43:16, 0:43:19,     3, 37.90, 41.00, -3.10
         0,     0, 1, 0:43:11, 0:43:31,    20, 20.10, 41.30,-21.20
  12706686,  7095, 1, 0:48:01, 0:51:19,   198, 41.30, 35.70,  5.60
         0,     0, 1, 0:51:26, 0:51:30,     4, 35.70, 41.20, -5.50
  11954050,  4080, 2, 0:56:12, 0:56:44,    32, 43.50, 42.20,  1.30
  11954050,  4080, 2, 0:56:56, 0:57:29,    33, 42.20, 39.10,  3.10
         0,     0, 2, 0:57:36, 0:57:39,     3, 39.10, 44.00, -4.90
  11954050,  4080, 1, 0:57:36, 0:58:13,    37, 41.20, 36.20,  5.00
         0,     0, 1, 0:58:20, 0:58:24,     4, 36.20, 41.20, -5.00
  12199988,  5042, 5, 1:01:42, 1:04:55,   193, 40.80, 36.00,  4.80
         0,     0, 5, 1:05:03, 1:05:07,     4, 36.00, 40.90, -4.90
  12706651,  7060, 2, 1:13:34, 1:15:38,   124, 43.70, 38.40,  5.30
  21268104,  6067, 4, 1:13:35, 1:15:39,   124, 42.90, 31.90, 11.00
         0,     0, 2, 1:15:45, 1:15:49,     4, 38.40, 44.00, -5.60
         0,     0, 4, 1:15:48, 1:15:59,    11, 31.90, 43.30,-11.40
  13323358,     0, 8, 1:16:56, 1:17:44,    48, 41.00, 39.80,  1.20
         0,     0, 8, 1:17:52, 1:17:52,     0, 39.80, 40.80, -1.00
  12706686,  7095, 3, 1:20:44, 1:21:42,    58, 46.60, 44.70,  1.90
  11954075,  4105, 2, 1:22:15, 1:24:21,   126, 44.00, 34.50,  9.50
         0,     0, 2, 1:24:28, 1:24:36,     8, 34.50, 44.00, -9.50
  12448416,  6029, 3, 1:25:19, 1:26:16,    57, 44.80, 42.40,  2.40
         0,     0, 3, 1:26:24, 1:26:27,     3, 42.40, 46.30, -3.90
  12448416,  6029, 4, 1:26:46, 1:27:19,    33, 43.40, 37.10,  6.30
  12199988,  5042, 5, 1:25:19, 1:27:29,   130, 40.90, 39.30,  1.60
         0,     0, 4, 1:27:28, 1:27:34,     6, 37.10, 43.40, -6.30
         0,     0, 5, 1:27:36, 1:27:37,     1, 39.30, 40.90, -1.60
  11724159,     0, 6, 0:11:46, 1:39:03,  5237, 38.60, 35.90,  2.70
         0,     0, 6, 1:39:11, 1:39:15,     4, 35.90, 41.50, -5.60
  13008768,     0, 6, 1:42:58, 1:50:04,   426, 41.50, 41.50,  0.00
  12706705,  7114, 1, 1:52:01, 1:52:11,    10, 41.30, 41.30,  0.00
  12706705,  7114, 2, 1:52:28, 1:52:40,    12, 43.80, 44.00, -0.20
  12706659,  7068, 2, 1:53:27, 1:53:32,     5, 43.90, 44.00, -0.10
  12706659,  7068, 1, 1:53:46, 1:54:47,    61, 41.20, 41.10,  0.10
  12706705,  7114, 1, 1:55:07, 1:55:32,    25, 41.10, 41.10,  0.00
  11724109,  6068, 1, 1:55:42, 1:58:48,   186, 41.20, 28.50, 12.70
         0,     0, 1, 1:58:57, 1:59:09,    12, 28.50, 41.30,-12.80
  12448483,  6096, 3, 2:01:39, 2:03:16,    97, 46.50, 45.50,  1.00
  12706705,  7114, 1, 1:59:19, 2:03:51,   272, 41.30, 19.10, 22.20
         0,     0, 1, 2:03:59, 2:04:20,    21, 19.10, 41.20,-22.10
  12200005,  5059, 3, 2:03:32, 2:08:28,   296, 45.50, 28.80, 16.70
         0,     0, 3, 2:08:36, 2:08:51,    15, 28.80, 28.70,  0.10
  13323425,     0, 9, 2:14:34, 2:14:55,    21, 41.00, 40.80,  0.20
  12706615,     0,10, 2:12:38, 2:15:37,   179, 40.20, 26.80, 13.40
         0,     0,10, 2:15:45, 2:16:00,    15, 26.80, 41.20,-14.40
  12706669,  7078, 5, 2:16:21, 2:17:34,    73, 40.80, 35.00,  5.80
         0,     0, 5, 2:17:42, 2:17:47,     5, 35.00, 35.10, -0.10
  13008820,     0, 8, 2:19:20, 2:20:50,    90, 40.70, 40.00,  0.70
  13008820,     0, 8, 2:21:56, 2:23:54,   118, 39.50, 38.20,  1.30
         0,     0, 8, 2:24:02, 2:24:04,     2, 38.20, 40.90, -2.70
  13008820,     0, 8, 2:24:51, 2:24:53,     2, 40.10, 40.10,  0.00
  13323427,     0, 7, 0:54:56, 2:25:17,  5421, 41.40, 30.90, 10.50
         0,     0, 7, 2:25:25, 2:25:31,     6, 30.90, 30.90,  0.00
  12199981,  5035, 2, 2:32:35, 2:33:51,    76, 43.80, 36.20,  7.60
         0,     0, 2, 2:33:59, 2:34:05,     6, 36.20, 44.10, -7.90
  12706669,  7078, 2, 2:38:31, 2:39:44,    73, 44.20, 40.40,  3.80
         0,     0, 2, 2:39:52, 2:39:54,     2, 40.40, 44.10, -3.70
  12706727,  7136, 2, 2:41:37, 2:42:26,    49, 44.00, 44.00,  0.00
  12200046,  5100, 2, 2:42:50, 2:43:33,    43, 44.10, 44.10,  0.00
  21292347,  1111, 5, 2:42:04, 2:43:59,   115, 40.80, 32.50,  8.30
         0,     0, 5, 2:44:06, 2:44:14,     8, 32.50, 32.50,  0.00
  12200046,  5100, 1, 2:43:37, 2:44:51,    74, 41.20, 28.60, 12.60
         0,     0, 1, 2:45:00, 2:45:12,    12, 28.60, 41.20,-12.60
  12199981,  5035, 3, 2:53:13, 2:54:02,    49, 46.60, 35.30, 11.30
         0,     0, 3, 2:54:10, 2:54:19,     9, 35.30, 35.10,  0.20
  12448473,  6086, 5, 3:00:18, 3:01:16,    58, 40.80, 31.40,  9.40
         0,     0, 5, 3:01:25, 3:01:34,     9, 31.40, 40.90, -9.50
  21292347,  1111, 4, 3:12:05, 3:14:07,   122, 43.70, 33.40, 10.30
         0,     0, 4, 3:14:14, 3:14:23,     9, 33.40, 43.30, -9.90
  12706727,  7136, 4, 4:02:36, 4:03:13,    37, 43.30, 43.40, -0.10
  12706727,  7136, 3, 4:04:11, 4:06:26,   135, 46.70, 35.10, 11.60
         0,     0, 3, 4:06:33, 4:06:43,    10, 35.10, 35.00,  0.10
  12706636,  7045, 4, 4:15:45, 4:17:10,    85, 43.50, 31.60, 11.90
         0,     0, 4, 4:17:17, 4:17:28,    11, 31.60, 43.30,-11.70
  21306958,  5124, 8, 4:31:37, 4:31:55,    18, 40.00, 39.90,  0.10
         0,     0, 8, 4:32:03, 4:32:03,     0, 39.90, 40.70, -0.80
  12448428,  6041, 4, 4:59:48, 5:00:43,    55, 43.30, 31.10, 12.20
         0,     0, 4, 5:00:51, 5:01:03,    12, 31.10, 43.40,-12.30
  12706624,  7033, 6, 1:50:16, 5:07:05, 11809, 41.40, 30.70, 10.70
         0,     0, 6, 5:07:13, 5:07:23,    10, 30.70, 41.40,-10.70
  11954075,  4105, 5, 5:07:20, 5:08:26,    66, 40.80, 31.50,  9.30
         0,     0, 5, 5:08:33, 5:08:42,     9, 31.50, 40.90, -9.40
  12706616,  7025, 2, 6:04:37, 6:05:06,    29, 43.90, 42.70,  1.20
  11724109,  6068, 1, 6:05:14, 6:05:27,    13, 41.00, 41.10, -0.10
  12706710,  7119, 1, 6:05:40, 6:05:47,     7, 41.00, 41.10, -0.10
  11724109,  6068, 2, 6:05:43, 6:05:52,     9, 42.80, 42.70,  0.10
  12706616,  7025, 3, 6:05:25, 6:06:26,    61, 46.60, 30.20, 16.40
         0,     0, 3, 6:06:34, 6:06:48,    14, 30.20, 46.60,-16.40
  12706710,  7119, 2, 6:06:03, 6:08:17,   134, 42.70, 22.00, 20.70
         0,     0, 2, 6:08:25, 6:08:46,    21, 22.00, 44.00,-22.00
  11724109,  6068, 1, 6:06:05, 6:10:11,   246, 41.20, 25.70, 15.50
         0,     0, 1, 6:10:18, 6:10:32,    14, 25.70, 41.30,-15.60
  13008768,     0, 6, 5:16:04, 6:14:34,  3510, 41.40, 41.40,  0.00
  12448416,  6029, 4, 6:13:58, 6:16:07,   129, 43.80, 27.50, 16.30
  12448409,  6022, 2, 6:13:27, 6:16:17,   170, 44.20, 27.60, 16.60
         0,     0, 4, 6:16:15, 6:16:31,    16, 27.50, 43.30,-15.80
  12706686,  7095, 3, 6:14:37, 6:16:36,   119, 47.20, 33.10, 14.10
         0,     0, 2, 6:16:24, 6:16:39,    15, 27.60, 44.20,-16.60
         0,     0, 3, 6:16:43, 6:16:54,    11, 33.10, 33.00,  0.10
  12706686,  7095, 4, 6:18:50, 6:21:44,   174, 43.50, 40.90,  2.60
         0,     0, 4, 6:21:52, 6:21:54,     2, 40.90, 43.40, -2.50
  12706669,  7078, 2, 6:24:34, 6:25:27,    53, 44.10, 35.90,  8.20
         0,     0, 2, 6:25:35, 6:25:42,     7, 35.90, 44.10, -8.20
  12448473,  6086, 2, 6:26:44, 6:28:03,    79, 44.10, 30.60, 13.50
         0,     0, 2, 6:28:10, 6:28:22,    12, 30.60, 44.00,-13.40
  12448451,  6064, 1, 6:27:48, 6:28:42,    54, 41.30, 41.00,  0.30
  21292480,  6005, 3, 6:27:26, 6:29:35,   129, 46.80, 27.40, 19.40
         0,     0, 3, 6:29:43, 6:29:59,    16, 27.40, 27.70, -0.30
  12448451,  6064, 1, 6:29:58, 6:31:55,   117, 41.20, 40.90,  0.30
  12199987,  5041, 4, 6:26:34, 6:32:05,   331, 43.40, 27.10, 16.30
  12706669,  7078, 1, 6:32:06, 6:32:10,     4, 40.80, 40.90, -0.10
  11724239,  3139, 2, 6:29:06, 6:32:18,   192, 43.90, 42.80,  1.10
         0,     0, 4, 6:32:13, 6:32:29,    16, 27.10, 43.30,-16.20
  12706650,  7059, 5, 6:33:02, 6:33:54,    52, 40.80, 40.80,  0.00
  12448451,  6064, 2, 6:32:59, 6:34:14,    75, 42.80, 42.40,  0.40
  11724239,  3139, 1, 6:32:35, 6:34:26,   111, 40.90, 32.60,  8.30
         0,     0, 1, 6:34:35, 6:34:43,     8, 32.60, 41.30, -8.70
  12706650,  7059, 5, 6:34:27, 6:34:59,    32, 40.80, 40.60,  0.20
  12706650,  7059, 5, 6:35:13, 6:36:00,    47, 40.70, 36.30,  4.40
         0,     0, 5, 6:36:09, 6:36:13,     4, 36.30, 40.70, -4.40
  12448451,  6064, 2, 6:34:30, 6:36:15,   105, 42.40, 18.20, 24.20
         0,     0, 2, 6:36:22, 6:36:47,    25, 18.20, 44.00,-25.80
  12706650,  7059, 4, 6:36:30, 6:37:15,    45, 43.50, 39.50,  4.00
         0,     0, 4, 6:37:22, 6:37:25,     3, 39.50, 43.40, -3.90
  12448471,  6084, 3, 6:35:10, 6:38:10,   180, 46.80, 34.30, 12.50
         0,     0, 3, 6:38:17, 6:38:27,    10, 34.30, 34.20,  0.10
  12706650,  7059, 4, 6:38:02, 6:38:40,    38, 43.60, 40.00,  3.60
         0,     0, 4, 6:38:49, 6:38:52,     3, 40.00, 43.40, -3.40
  13008735,  7156, 3, 6:42:27, 6:43:38,    71, 47.40, 39.60,  7.80
  12706707,  7116, 2, 6:43:30, 6:43:43,    13, 44.00, 42.70,  1.30
         0,     0, 3, 6:43:47, 6:43:52,     5, 39.60, 46.20, -6.60
  12706707,  7116, 2, 6:44:11, 6:44:33,    22, 42.60, 39.40,  3.20
         0,     0, 2, 6:44:41, 6:44:44,     3, 39.40, 44.00, -4.60
  12448477,  6090, 3, 6:51:21, 6:52:33,    72, 46.60, 43.40,  3.20
         0,     0, 3, 6:52:42, 6:52:44,     2, 43.40, 46.30, -2.90
  12448477,  6090, 3, 6:53:12, 6:53:51,    39, 46.60, 43.10,  3.50
         0,     0, 3, 6:53:58, 6:54:00,     2, 43.10, 46.20, -3.10
  12706686,  7095, 1, 6:52:28, 6:54:16,   108, 41.20, 39.10,  2.10
         0,     0, 1, 6:54:23, 6:54:24,     1, 39.10, 41.30, -2.20
  21268825,  6087, 3, 6:54:12, 6:56:52,   160, 46.30, 27.90, 18.40
         0,     0, 3, 6:57:00, 6:57:16,    16, 27.90, 27.70,  0.20
  13008762,     0, 6, 6:33:36, 7:01:51,  1695, 41.40, 41.40,  0.00
  11954014,  4044, 4, 7:10:01, 7:11:32,    91, 44.30, 27.10, 17.20
         0,     0, 4, 7:11:40, 7:11:55,    15, 27.10, 43.30,-16.20
  12706707,  7116, 1, 7:12:23, 7:12:42,    19, 41.20, 38.60,  2.60
         0,     0, 1, 7:12:50, 7:12:52,     2, 38.60, 41.40, -2.80
  12706707,  7116, 1, 7:13:06, 7:13:49,    43, 41.50, 35.30,  6.20
         0,     0, 1, 7:13:56, 7:14:01,     5, 35.30, 41.30, -6.00
  12448473,  6086, 5, 7:15:37, 7:16:33,    56, 40.70, 31.20,  9.50
         0,     0, 5, 7:16:41, 7:16:50,     9, 31.20, 40.90, -9.70
  12448483,  6096, 1, 7:14:12, 7:17:18,   186, 41.30, 13.40, 27.90
         0,     0, 1, 7:17:26, 7:17:53,    27, 13.40, 41.40,-28.00
  12448477,  6090, 3, 7:17:25, 7:18:45,    80, 46.90, 42.10,  4.80
         0,     0, 3, 7:18:52, 7:18:55,     3, 42.10, 46.30, -4.20
  12448477,  6090, 3, 7:19:09, 7:19:19,    10, 46.40, 44.60,  1.80
  12448471,  6084, 5, 7:19:35, 7:20:00,    25, 40.90, 39.10,  1.80
         0,     0, 5, 7:20:09, 7:20:10,     1, 39.10, 41.00, -1.90
  11953978,  4008, 2, 7:19:48, 7:21:24,    96, 43.90, 34.40,  9.50
         0,     0, 2, 7:21:33, 7:21:42,     9, 34.40, 44.00, -9.60
  13008762,     0, 6, 7:18:04, 7:30:13,   729, 41.40, 41.50, -0.10
  13008756,  7115, 1, 7:28:41, 7:30:56,   135, 41.40, 20.50, 20.90
         0,     0, 1, 7:31:03, 7:31:22,    19, 20.50, 41.30,-20.80
  12706710,  7119, 4, 7:29:45, 7:32:38,   173, 43.90, 29.60, 14.30
         0,     0, 4, 7:32:45, 7:32:58,    13, 29.60, 43.30,-13.70
  12706659,  7068, 2, 7:33:13, 7:35:39,   146, 44.00, 41.40,  2.60
         0,     0, 2, 7:35:47, 7:35:48,     1, 41.40, 44.10, -2.70
  11953978,  4008, 1, 7:36:45, 7:37:33,    48, 41.30, 31.50,  9.80
  12706659,  7068, 2, 7:35:59, 7:37:37,    98, 44.00, 22.10, 21.90
         0,     0, 1, 7:37:41, 7:37:50,     9, 31.50, 41.40, -9.90
         0,     0, 2, 7:37:45, 7:38:06,    21, 22.10, 44.00,-21.90
  11954050,  4080, 1, 7:49:02, 7:52:22,   200, 41.40, 18.30, 23.10
         0,     0, 1, 7:52:29, 7:52:51,    22, 18.30, 41.30,-23.00
  12706655,  7064, 4, 8:02:58, 8:03:43,    45, 44.10, 43.70,  0.40
  12706604,     0, 8, 8:05:41, 8:05:53,    12, 40.70, 40.60,  0.10
  12706655,  7064, 4, 8:04:07, 8:07:38,   211, 43.90, 25.40, 18.50
  12200005,  5059, 3, 8:05:25, 8:07:47,   142, 44.90, 37.20,  7.70
         0,     0, 3, 8:07:54, 8:08:02,     8, 37.20, 37.50, -0.30
         0,     0, 4, 8:07:46, 8:08:03,    17, 25.40, 43.30,-17.90
  12200005,  5059, 3, 8:08:19, 8:09:35,    76, 46.60, 39.10,  7.50
         0,     0, 3, 8:09:42, 8:09:48,     6, 39.10, 39.40, -0.30
  12200042,  5096, 2, 8:09:03, 8:10:43,   100, 44.00, 29.30, 14.70
         0,     0, 2, 8:10:50, 8:11:03,    13, 29.30, 43.80,-14.50
  21292347,  1111, 4, 8:21:49, 8:21:59,    10, 44.30, 43.60,  0.70
  21292347,  1111, 4, 8:23:59, 8:25:20,    81, 43.90, 38.30,  5.60
  12448479,  6092, 2, 8:23:08, 8:25:29,   141, 43.90, 23.90, 20.00
         0,     0, 4, 8:25:27, 8:25:31,     4, 38.30, 43.30, -5.00
         0,     0, 2, 8:25:36, 8:25:55,    19, 23.90, 44.00,-20.10
  13008768,     0, 6, 7:30:23, 8:32:03,  3700, 41.40, 41.40,  0.00
  13323416,     0,10, 8:30:48, 8:32:25,    97, 39.80, 35.80,  4.00
  21268104,  6067, 2, 8:30:11, 8:32:32,   141, 44.10, 33.00, 11.10
         0,     0,10, 8:32:33, 8:32:38,     5, 35.80, 41.20, -5.40
         0,     0, 2, 8:32:39, 8:32:49,    10, 33.00, 43.90,-10.90
  13323416,     0, 9, 8:33:06, 8:33:19,    13, 32.50, 31.70,  0.80
         0,     0, 9, 8:33:27, 8:33:40,    13, 31.70, 40.90, -9.20
  13323425,     0, 9, 8:33:59, 8:34:03,     4, 40.80, 40.70,  0.10
  13323425,     0, 9, 8:34:54, 8:34:57,     3, 38.10, 38.10,  0.00
         0,     0, 9, 8:35:05, 8:35:08,     3, 38.10, 41.10, -3.00
  13323425,     0, 9, 8:35:33, 8:35:35,     2, 38.80, 38.80,  0.00
         0,     0, 9, 8:35:43, 8:35:45,     2, 38.80, 41.10, -2.30
  13008779,     0, 8, 8:37:34, 8:38:52,    78, 40.60, 37.40,  3.20
         0,     0, 8, 8:39:00, 8:39:03,     3, 37.40, 41.10, -3.70
  13008779,     0, 8, 8:40:01, 8:41:22,    81, 41.10, 40.10,  1.00
  12200005,  5059, 4, 8:41:35, 8:41:49,    14, 43.20, 43.10,  0.10
  13008779,     0, 8, 8:42:28, 8:43:01,    33, 40.00, 39.60,  0.40
  12200005,  5059, 3, 8:41:59, 8:43:03,    64, 46.90, 46.20,  0.70
         0,     0, 8, 8:43:10, 8:43:11,     1, 39.60, 40.90, -1.30
  12706705,  7114, 1, 8:51:44, 8:51:53,     9, 41.30, 41.30,  0.00
  12706705,  7114, 2, 8:52:43, 8:53:07,    24, 43.90, 43.80,  0.10
  12706705,  7114, 1, 8:53:10, 8:53:15,     5, 41.30, 41.20,  0.10
  12706705,  7114, 1, 8:55:54, 8:58:44,   170, 41.20, 24.70, 16.50
         0,     0, 1, 8:58:51, 8:59:09,    18, 24.70, 41.20,-16.50
  12200007,  5061, 2, 8:57:38, 8:59:22,   104, 43.80, 30.90, 12.90
         0,     0, 2, 8:59:29, 8:59:42,    13, 30.90, 43.90,-13.00
  12448448,  6061, 4, 8:53:41, 8:59:45,   364, 43.10, 23.30, 19.80
         0,     0, 4, 8:59:53, 9:00:15,    22, 23.30, 43.20,-19.90
  12706639,  7048, 1, 8:59:20, 9:01:12,   112, 41.20, 31.80,  9.40
         0,     0, 1, 9:01:19, 9:01:28,     9, 31.80, 41.20, -9.40
  12706636,  7045, 2, 8:59:59, 9:01:28,    89, 43.90, 32.20, 11.70
         0,     0, 2, 9:01:35, 9:01:45,    10, 32.20, 44.00,-11.80
  12706639,  7048, 1, 9:01:39, 9:03:17,    98, 41.20, 40.80,  0.40
  13008789,     0, 7, 3:15:59, 9:04:43, 20924, 41.40, 40.30,  1.10
  21292480,  6005, 5, 9:05:01, 9:05:44,    43, 40.90, 33.90,  7.00
         0,     0, 5, 9:05:52, 9:05:58,     6, 33.90, 33.90,  0.00
  21292480,  6005, 5, 9:06:09, 9:06:25,    16, 40.80, 39.20,  1.60
         0,     0, 5, 9:06:34, 9:06:35,     1, 39.20, 40.90, -1.70
  12706622,     0, 6, 8:33:09, 9:08:23,  2114, 41.40, 41.30,  0.10
  11499202,     0, 6, 9:08:34, 9:08:48,    14, 40.60, 40.60,  0.00
  13008768,     0, 6, 9:09:09, 9:09:35,    26, 40.60, 40.60,  0.00
  12706622,     0, 6, 9:12:58, 9:14:02,    64, 21.20, 20.60,  0.60
         0,     0, 6, 9:14:10, 9:14:30,    20, 20.60, 20.60,  0.00
  12200083,     0, 9, 9:14:28, 9:15:27,    59, 41.10, 37.60,  3.50
         0,     0, 9, 9:15:35, 9:15:39,     4, 37.60, 41.00, -3.40
  12200005,  5059, 1, 9:16:33, 9:18:15,   102, 40.80, 33.00,  7.80
         0,     0, 1, 9:18:23, 9:18:30,     7, 33.00, 41.30, -8.30
  13323358,     0, 8, 9:17:17, 9:18:49,    92, 40.90, 31.70,  9.20
         0,     0, 8, 9:18:57, 9:19:07,    10, 31.70, 41.00, -9.30
  12200005,  5059, 1, 9:18:45, 9:20:06,    81, 41.30, 36.20,  5.10
         0,     0, 1, 9:20:14, 9:20:18,     4, 36.20, 41.20, -5.00
  13008762,     0, 6, 9:14:44, 9:20:41,   357, 41.50, 36.40,  5.10
         0,     0, 6, 9:20:49, 9:20:53,     4, 36.40, 41.50, -5.10
  12448479,  6092, 2, 9:26:16, 9:28:26,   130, 44.00, 30.40, 13.60
         0,     0, 2, 9:28:34, 9:28:46,    12, 30.40, 44.00,-13.60
  13008762,     0, 6, 9:21:56, 9:30:12,   496, 30.50, 29.30,  1.20
         0,     0, 6, 9:30:20, 9:30:33,    13, 29.30, 40.30,-11.00
  12706651,  7060, 4, 9:29:49, 9:31:17,    88, 43.40, 37.80,  5.60
         0,     0, 4, 9:31:25, 9:31:30,     5, 37.80, 43.30, -5.50
  12706651,  7060, 4, 9:31:56, 9:31:57,     1, 43.40, 43.90, -0.50
  12199988,  5042, 2, 9:31:56, 9:32:09,    13, 44.00, 43.80,  0.20
  12199988,  5042, 2, 9:32:19, 9:32:41,    22, 43.80, 43.70,  0.10
  12199988,  5042, 2, 9:33:07, 9:33:16,     9, 43.70, 43.50,  0.20
  12706669,  7078, 3, 9:33:24, 9:33:46,    22, 45.80, 44.60,  1.20
  11499202,     0, 6, 9:30:43, 9:34:12,   209, 39.80, 31.30,  8.50
         0,     0, 6, 9:34:20, 9:34:29,     9, 31.30, 41.50,-10.20
  12706669,  7078, 3, 9:34:00, 9:34:51,    51, 44.60, 31.30, 13.30
  21268104,  6067, 5, 9:33:38, 9:34:53,    75, 40.90, 36.80,  4.10
         0,     0, 5, 9:35:00, 9:35:03,     3, 36.80, 40.70, -3.90
  13008833,     0, 6, 9:34:40, 9:35:07,    27, 41.50, 41.40,  0.10
         0,     0, 3, 9:34:59, 9:35:12,    13, 31.30, 31.20,  0.10
  12706651,  7060, 3, 9:36:46, 9:37:32,    46, 47.10, 44.90,  2.20
  13008797,     0, 6, 9:35:21, 9:39:29,   248, 41.40, 33.20,  8.20
         0,     0, 6, 9:39:37, 9:39:44,     7, 33.20, 41.40, -8.20
  21268825,  6087, 3, 9:38:16, 9:41:09,   173, 45.00, 33.00, 12.00
  13008800,     0, 7, 9:04:54, 9:41:11,  2177, 40.40, 20.60, 19.80
  12200085,     0,10, 9:40:47, 9:41:12,    25, 40.60, 37.20,  3.40
         0,     0,10, 9:41:20, 9:41:24,     4, 37.20, 41.10, -3.90
         0,     0, 3, 9:41:16, 9:41:28,    12, 33.00, 46.20,-13.20
         0,     0, 7, 9:41:19, 9:41:33,    14, 20.60, 20.60,  0.00
  13008815,     0, 8, 9:41:43, 9:43:47,   124, 40.00, 25.60, 14.40
         0,     0, 8, 9:43:56, 9:44:12,    16, 25.60, 25.60,  0.00
  11724239,  3139, 2, 9:43:14, 9:44:54,   100, 43.50, 43.20,  0.30
  12200007,  5061, 1, 9:45:02, 9:46:13,    71, 41.20, 31.00, 10.20
         0,     0, 1, 9:46:21, 9:46:30,     9, 31.00, 41.30,-10.30
  11724239,  3139, 2, 9:45:04, 9:48:40,   216, 43.20, 32.10, 11.10
         0,     0, 2, 9:48:49, 9:49:00,    11, 32.10, 44.10,-12.00
  11724239,  3139, 1, 9:49:33, 9:50:14,    41, 41.30, 38.50,  2.80
         0,     0, 1, 9:50:22, 9:50:24,     2, 38.50, 41.30, -2.80
  13008833,     0, 6, 9:47:11, 9:53:25,   374, 29.10, 14.10, 15.00
  12706686,  7095, 1, 9:51:51, 9:53:53,   122, 41.20, 31.60,  9.60
         0,     0, 6, 9:53:33, 9:54:04,    31, 14.10, 40.70,-26.60
         0,     0, 1, 9:54:01, 9:54:10,     9, 31.60, 41.20, -9.60
  12200048,     0, 8, 9:53:44, 9:54:38,    54, 41.10, 40.90,  0.20
  13008737,     0, 7, 9:41:47, 9:54:56,   789, 41.40, 24.50, 16.90
         0,     0, 7, 9:55:04, 9:55:15,    11, 24.50, 24.50,  0.00
  12200046,  5100, 4, 9:56:58, 9:57:57,    59, 43.90, 34.60,  9.30
         0,     0, 4, 9:58:05, 9:58:13,     8, 34.60, 43.40, -8.80
  12706707,  7116, 1, 9:59:02, 9:59:16,    14, 41.30, 40.00,  1.30
  12448437,  6050, 8, 9:55:10,10:01:19,   369, 40.90, 40.30,  0.60
  11724159,     0, 6, 9:54:20,10:01:36,   436, 35.80, 35.80,  0.00
         0,     0, 6,10:01:44,10:01:49,     5, 35.80, 41.40, -5.60
  13008835,     0, 6,10:02:03,10:02:37,    34, 41.40, 41.40,  0.00
  11499161,  2051, 4,10:04:51,10:05:08,    17, 43.90, 43.50,  0.40
  21268104,  6067, 5,10:04:31,10:06:35,   124, 40.80, 30.30, 10.50
         0,     0, 5,10:06:44,10:06:54,    10, 30.30, 30.30,  0.00
  13008765,     0, 9,10:06:31,10:07:24,    53, 40.20, 37.00,  3.20
         0,     0, 9,10:07:32,10:07:37,     5, 37.00, 41.10, -4.10
  11954014,  4044, 3,10:07:54,10:08:29,    35, 46.70, 41.30,  5.40
         0,     0, 3,10:08:38,10:08:42,     4, 41.30, 41.60, -0.30
  13008836,     0, 8,10:08:57,10:09:43,    46, 40.20, 40.20,  0.00
  12448409,  6022, 4,10:09:58,10:09:59,     1, 43.50, 43.70, -0.20
  13008836,     0, 8,10:10:12,10:10:43,    31, 40.10, 40.10,  0.00
  13008768,     0, 6,10:02:56,10:11:01,   485, 41.40, 21.50, 19.90
         0,     0, 6,10:11:09,10:11:21,    12, 21.50, 34.60,-13.10
  13008836,     0, 8,10:14:20,10:14:46,    26, 30.70, 30.10,  0.60
  11954014,  4044, 3,10:14:33,10:14:49,    16, 46.50, 46.30,  0.20
         0,     0, 8,10:14:54,10:15:05,    11, 30.10, 41.10,-11.00
  12706700,  7109, 3,10:15:03,10:16:02,    59, 46.40, 30.10, 16.30
         0,     0, 3,10:16:09,10:16:23,    14, 30.10, 30.00,  0.10
  12706651,  7060, 1,10:13:40,10:16:26,   166, 40.00, 26.60, 13.40
         0,     0, 1,10:16:35,10:16:49,    14, 26.60, 41.30,-14.70
  11499161,  2051, 4,10:17:27,10:18:58,    91, 43.80, 41.50,  2.30
         0,     0, 4,10:19:06,10:19:07,     1, 41.50, 43.30, -1.80
  13323416,     0, 9,10:19:01,10:19:10,     9, 40.90, 40.90,  0.00
  13323435,     0, 9,10:19:50,10:19:59,     9, 40.90, 40.90,  0.00
  12448409,  6022, 3,10:16:38,10:20:12,   214, 46.80, 30.90, 15.90
         0,     0, 3,10:20:20,10:20:33,    13, 30.90, 31.30, -0.40
  13323416,     0,10,10:19:52,10:20:41,    49, 36.80, 34.70,  2.10
  13008786,     0, 8,10:18:33,10:20:46,   133, 41.00, 30.60, 10.40
  11954075,  4105, 5,10:19:30,10:20:51,    81, 40.90, 27.40, 13.50
         0,     0,10,10:20:48,10:20:54,     6, 34.70, 41.10, -6.40
         0,     0, 8,10:20:54,10:21:05,    11, 30.60, 41.10,-10.50
         0,     0, 5,10:20:59,10:21:12,    13, 27.40, 41.00,-13.60
  12706727,  7136, 2,10:20:47,10:22:33,   106, 44.10, 42.80,  1.30
  11499161,  2051, 1,10:20:47,10:22:38,   111, 41.30, 32.10,  9.20
         0,     0, 1,10:22:46,10:22:54,     8, 32.10, 41.30, -9.20
  12448420,     0,10,10:21:12,10:22:54,   102, 41.10, 32.90,  8.20
  13323435,     0, 9,10:21:55,10:22:59,    64, 40.50, 37.80,  2.70
         0,     0, 9,10:23:06,10:23:10,     4, 37.80, 40.80, -3.00
         0,     0,10,10:23:01,10:23:10,     9, 32.90, 41.00, -8.10
  12706707,  7116, 2,10:22:56,10:23:45,    49, 42.90, 35.20,  7.70
         0,     0, 2,10:23:52,10:23:59,     7, 35.20, 43.90, -8.70
  12448420,     0,10,10:24:06,10:24:08,     2, 39.70, 39.80, -0.10
         0,     0,10,10:24:16,10:24:16,     0, 39.80, 41.00, -1.20
  12706727,  7136, 1,10:23:09,10:24:16,    67, 41.30, 28.80, 12.50
  12199986,     0, 8,10:24:14,10:24:29,    15, 40.10, 37.70,  2.40
         0,     0, 1,10:24:23,10:24:34,    11, 28.80, 41.30,-12.50
         0,     0, 8,10:24:36,10:24:39,     3, 37.70, 41.20, -3.50
  12199981,  5035, 1,10:24:53,10:25:59,    66, 41.40, 37.30,  4.10
         0,     0, 1,10:26:07,10:26:10,     3, 37.30, 41.30, -4.00
  12448428,  6041, 4,10:25:19,10:26:26,    67, 43.30, 27.00, 16.30
  13008837,     0, 8,10:26:26,10:26:27,     1, 41.20, 41.30, -0.10
  13008836,     0, 7,10:07:50,10:26:31,  1121, 41.40, 35.90,  5.50
         0,     0, 7,10:26:39,10:26:42,     3, 35.90, 41.40, -5.50
         0,     0, 4,10:26:33,10:26:48,    15, 27.00, 43.30,-16.30
  13008837,     0, 8,10:27:17,10:30:36,   199, 41.20, 21.20, 20.00
         0,     0, 8,10:30:43,10:31:04,    21, 21.20, 21.40, -0.20
  11499161,  2051, 1,10:30:59,10:32:04,    65, 41.30, 40.30,  1.00
  11499161,  2051, 2,10:32:30,10:34:02,    92, 43.70, 40.40,  3.30
         0,     0, 2,10:34:11,10:34:13,     2, 40.40, 44.10, -3.70
  11953978,  4008, 4,10:33:19,10:34:15,    56, 43.40, 35.70,  7.70
         0,     0, 4,10:34:23,10:34:30,     7, 35.70, 43.40, -7.70
  12448471,  6084, 3,10:33:13,10:34:52,    99, 46.60, 29.00, 17.60
         0,     0, 3,10:34:59,10:35:13,    14, 29.00, 29.00,  0.00
  13008837,     0, 7,10:27:01,10:35:23,   502, 41.30, 41.30,  0.00
  11724109,  6068, 1,10:32:40,10:36:29,   229, 40.40, 29.10, 11.30
         0,     0, 1,10:36:37,10:36:48,    11, 29.10, 41.30,-12.20
  12200048,     0, 8,10:35:09,10:37:10,   121, 41.10, 34.50,  6.60
         0,     0, 8,10:37:18,10:37:25,     7, 34.50, 41.00, -6.50
  12706634,     0, 7,10:35:37,10:38:43,   186, 41.10, 27.60, 13.50
         0,     0, 7,10:38:50,10:39:00,    10, 27.60, 40.40,-12.80
  12199981,  5035, 2,10:37:15,10:39:05,   110, 44.20, 31.20, 13.00
         0,     0, 2,10:39:13,10:39:24,    11, 31.20, 44.10,-12.90
  12706701,  7110, 5,10:35:35,10:39:23,   228, 40.90, 29.90, 11.00
         0,     0, 5,10:39:31,10:39:41,    10, 29.90, 40.90,-11.00
  13008747,     0,10,10:41:38,10:43:31,   113, 41.00, 32.40,  8.60
         0,     0,10,10:43:38,10:43:47,     9, 32.40, 41.30, -8.90
  11954014,  4044, 3,10:43:55,10:44:46,    51, 46.80, 29.10, 17.70
         0,     0, 3,10:44:54,10:45:09,    15, 29.10, 28.90,  0.20
  13008779,     0, 8,10:44:29,10:46:18,   109, 41.00, 27.10, 13.90
         0,     0, 8,10:46:25,10:46:40,    15, 27.10, 41.10,-14.00
  12199988,  5042, 2,10:46:38,10:48:05,    87, 44.10, 42.40,  1.70
  12199988,  5042, 1,10:48:12,10:48:30,    18, 41.40, 40.40,  1.00
  13008797,     0, 6,10:12:43,10:50:45,  2282, 29.40, 25.40,  4.00
         0,     0, 6,10:50:53,10:51:08,    15, 25.40, 41.50,-16.10
  12199988,  5042, 2,10:49:45,10:52:26,   161, 42.50, 31.00, 11.50
  12448416,  6029, 4,10:50:14,10:52:40,   146, 43.60, 33.40, 10.20
         0,     0, 2,10:52:33,10:52:45,    12, 31.00, 43.90,-12.90
         0,     0, 4,10:52:48,10:52:57,     9, 33.40, 43.40,-10.00
  12706639,  7048, 3,10:53:04,10:54:13,    69, 46.80, 33.00, 13.80
         0,     0, 3,10:54:20,10:54:31,    11, 33.00, 32.90,  0.10
  13008735,  7156, 4,10:54:45,10:55:17,    32, 43.40, 42.80,  0.60
  13008735,  7156, 4,10:55:41,10:58:23,   162, 42.90, 26.20, 16.70
  13008835,     0, 6,10:52:57,10:58:28,   331, 41.10, 29.00, 12.10
         0,     0, 4,10:58:30,10:58:47,    17, 26.20, 43.20,-17.00
         0,     0, 6,10:58:35,10:58:47,    12, 29.00, 41.50,-12.50
  13008820,     0, 7,10:54:26,11:00:04,   338, 32.20, 21.80, 10.40
         0,     0, 7,11:00:11,11:00:24,    13, 21.80, 21.80,  0.00
  11953978,  4008, 2,11:00:46,11:00:54,     8, 44.00, 44.00,  0.00
  12706615,     0,10,11:00:51,11:00:57,     6, 41.30, 41.30,  0.00
  12706609,  7018, 8,11:00:12,11:01:04,    52, 40.40, 35.30,  5.10
         0,     0, 8,11:01:11,11:01:17,     6, 35.30, 41.10, -5.80
  11724239,  3139, 3,11:00:19,11:01:29,    70, 47.00, 46.70,  0.30
  11724239,  3139, 1,11:02:38,11:06:03,   205, 40.40, 29.60, 10.80
  11954075,  4105, 5,11:04:59,11:06:06,    67, 40.80, 28.50, 12.30
         0,     0, 1,11:06:11,11:06:22,    11, 29.60, 41.30,-11.70
         0,     0, 5,11:06:13,11:06:25,    12, 28.50, 40.80,-12.30
  11499161,  2051, 3,11:07:37,11:09:47,   130, 46.80, 44.70,  2.10
  12448437,  6050, 8,11:05:30,11:10:13,   283, 41.10, 38.30,  2.80
  12448521,     0, 7,11:00:38,11:10:18,   580, 40.10, 29.60, 10.50
         0,     0, 8,11:10:21,11:10:23,     2, 38.30, 41.10, -2.80
         0,     0, 7,11:10:25,11:10:32,     7, 29.60, 29.60,  0.00
  11499161,  2051, 4,11:10:04,11:11:57,   113, 43.50, 35.50,  8.00
         0,     0, 4,11:12:05,11:12:12,     7, 35.50, 43.40, -7.90
  13323425,     0,10,11:12:08,11:12:10,     2, 40.10, 40.10,  0.00
  12706615,     0, 9,11:08:53,11:12:11,   198, 40.90, 33.60,  7.30
         0,     0, 9,11:12:20,11:12:30,    10, 33.60, 41.00, -7.40
  12448437,  6050, 8,11:10:35,11:13:04,   149, 41.10, 37.40,  3.70
         0,     0, 8,11:13:12,11:13:15,     3, 37.40, 41.20, -3.80
  13323425,     0, 9,11:13:45,11:13:46,     1, 40.20, 40.20,  0.00
  12706624,  7033, 6,10:58:57,11:18:17,  1160, 41.50, 31.50, 10.00
         0,     0, 6,11:18:25,11:18:34,     9, 31.50, 41.50,-10.00
  12706650,  7059, 5,11:17:15,11:18:47,    92, 40.80, 32.00,  8.80
         0,     0, 5,11:18:54,11:19:02,     8, 32.00, 32.10, -0.10
  12706634,     0, 8,11:20:38,11:21:01,    23, 41.20, 39.90,  1.30
         0,     0, 8,11:21:08,11:21:09,     1, 39.90, 40.80, -0.90
  12448420,     0,10,11:22:14,11:23:04,    50, 36.70, 34.70,  2.00
         0,     0,10,11:23:12,11:23:19,     7, 34.70, 41.30, -6.60
  12706686,  7095, 3,11:23:27,11:26:35,   188, 44.80, 37.10,  7.70
         0,     0, 3,11:26:44,11:26:52,     8, 37.10, 37.30, -0.20
  12448471,  6084, 5,11:28:46,11:30:13,    87, 40.80, 29.20, 11.60
         0,     0, 5,11:30:21,11:30:32,    11, 29.20, 40.90,-11.70
  12706618,     0, 9,11:33:13,11:34:46,    93, 40.10, 33.50,  6.60
  12199977,     0, 7,11:19:42,11:35:00,   918, 41.30, 28.30, 13.00
         0,     0, 9,11:34:55,11:35:05,    10, 33.50, 41.10, -7.60
         0,     0, 7,11:35:07,11:35:15,     8, 28.30, 28.30,  0.00
  13008756,  7115, 3,11:37:34,11:39:11,    97, 46.60, 30.50, 16.10
         0,     0, 3,11:39:19,11:39:32,    13, 30.50, 30.90, -0.40
  13008835,     0, 6,11:18:51,11:39:30,  1239, 41.20, 37.00,  4.20
         0,     0, 6,11:39:38,11:39:41,     3, 37.00, 41.40, -4.40
  12706701,  7110, 1,11:38:47,11:41:32,   165, 41.10, 27.60, 13.50
         0,     0, 1,11:41:41,11:41:53,    12, 27.60, 41.30,-13.70
  13008800,     0, 8,11:40:48,11:42:03,    75, 36.90, 24.70, 12.20
         0,     0, 8,11:42:11,11:42:28,    17, 24.70, 24.80, -0.10
  13008789,     0, 7,11:35:26,11:43:47,   501, 41.40, 22.70, 18.70
         0,     0, 7,11:43:54,11:44:06,    12, 22.70, 22.70,  0.00
  13008815,     0, 8,11:46:45,11:46:46,     1, 36.40, 36.40,  0.00
         0,     0, 8,11:46:54,11:46:58,     4, 36.40, 41.10, -4.70
  12448473,  6086, 3,11:45:38,11:47:09,    91, 46.50, 30.30, 16.20
         0,     0, 3,11:47:16,11:47:29,    13, 30.30, 30.50, -0.20
  12706710,  7119, 4,11:50:08,11:50:37,    29, 44.30, 43.50,  0.80
  13008815,     0, 7,11:44:19,11:50:45,   386, 41.20, 31.10, 10.10
         0,     0, 7,11:50:53,11:50:59,     6, 31.10, 31.10,  0.00
  12448521,     0, 8,11:51:01,11:51:03,     2, 36.00, 36.00,  0.00
         0,     0, 8,11:51:10,11:51:15,     5, 36.00, 41.00, -5.00
  12706700,  7109, 3,11:53:20,11:54:12,    52, 46.80, 32.00, 14.80
  13008802,     0, 9,11:54:21,11:54:26,     5, 41.00, 41.00,  0.00
         0,     0, 3,11:54:19,11:54:31,    12, 32.00, 46.40,-14.40
  12448415,     0, 8,11:51:38,11:55:04,   206, 40.90, 21.80, 19.10
  12706710,  7119, 2,11:53:22,11:55:04,   102, 43.60, 30.40, 13.20
         0,     0, 2,11:55:12,11:55:25,    13, 30.40, 43.90,-13.50
         0,     0, 8,11:55:11,11:55:32,    21, 21.80, 41.10,-19.30
  12448415,     0, 7,11:51:10,11:56:54,   344, 41.40, 40.40,  1.00
  13008735,  7156, 4,11:56:46,11:57:23,    37, 43.00, 40.90,  2.10
         0,     0, 4,11:57:31,11:57:33,     2, 40.90, 43.40, -2.50
  12448483,  6096, 1,11:55:47,11:57:42,   115, 41.30, 23.10, 18.20
         0,     0, 1,11:57:50,11:58:07,    17, 23.10, 41.30,-18.20
  13008735,  7156, 4,11:57:55,11:59:21,    86, 43.60, 35.70,  7.90
         0,     0, 4,11:59:28,11:59:35,     7, 35.70, 43.10, -7.40
  13323358,     0, 8,12:02:23,12:02:26,     3, 29.80, 29.80,  0.00
         0,     0, 8,12:02:33,12:02:45,    12, 29.80, 29.90, -0.10
  12706650,  7059, 3,12:04:23,12:05:37,    74, 47.00, 41.20,  5.80
         0,     0, 3,12:05:45,12:05:49,     4, 41.20, 41.50, -0.30
  12448521,     0, 7,11:57:09,12:06:17,   548, 40.40, 40.30,  0.10
  12706601,     0, 9,12:05:50,12:07:51,   121, 41.00, 31.60,  9.40
         0,     0, 9,12:08:00,12:08:13,    13, 31.60, 41.00, -9.40
  12706601,     0, 9,12:08:30,12:08:31,     1, 39.40, 39.40,  0.00
         0,     0, 9,12:08:39,12:08:40,     1, 39.40, 41.10, -1.70
  13008802,     0, 9,12:09:23,12:09:34,    11, 41.10, 41.00,  0.10
  11499202,     0, 6,12:07:35,12:11:27,   232, 41.40, 27.50, 13.90
  13008802,     0, 9,12:11:09,12:11:27,    18, 41.00, 40.80,  0.20
         0,     0, 6,12:11:35,12:11:48,    13, 27.50, 41.40,-13.90
  13008792,     0, 7,12:06:42,12:11:55,   313, 40.30, 40.10,  0.20
  12706622,     0, 6,12:11:59,12:14:55,   176, 41.50, 27.10, 14.40
         0,     0, 6,12:15:03,12:15:14,    11, 27.10, 38.60,-11.50
  13323427,     0, 8,12:12:37,12:15:51,   194, 41.10, 24.30, 16.80
  12706726,  7135, 5,12:16:00,12:16:01,     1, 40.80, 40.90, -0.10
         0,     0, 8,12:15:59,12:16:16,    17, 24.30, 24.40, -0.10
  13008797,     0, 6,12:16:03,12:17:30,    87, 37.90, 37.90,  0.00
  12706634,     0, 8,12:17:14,12:17:35,    21, 41.20, 41.20,  0.00
         0,     0, 6,12:17:38,12:17:40,     2, 37.90, 41.50, -3.60
  13008820,     0, 7,12:13:25,12:17:42,   257, 39.20, 31.10,  8.10
         0,     0, 7,12:17:50,12:17:56,     6, 31.10, 40.80, -9.70
  12706634,     0, 7,12:19:07,12:19:46,    39, 29.30, 29.30,  0.00
         0,     0, 7,12:19:54,12:20:01,     7, 29.30, 29.40, -0.10
  12199969,     0, 9,12:20:46,12:22:18,    92, 40.80, 31.00,  9.80
         0,     0, 9,12:22:26,12:22:39,    13, 31.00, 41.00,-10.00
  13008762,     0, 6,12:17:50,12:26:00,   490, 40.60, 29.00, 11.60
         0,     0, 6,12:26:08,12:26:20,    12, 29.00, 41.50,-12.50
  12706618,     0,10,12:26:43,12:28:17,    94, 28.30, 20.00,  8.30
  12706738,  7147, 1,12:28:36,12:28:37,     1, 41.30, 41.30,  0.00
         0,     0,10,12:28:26,12:28:49,    23, 20.00, 41.20,-21.20
  12706604,     0, 8,12:29:35,12:29:49,    14, 41.20, 41.10,  0.10
  12448437,  6050, 7,12:20:11,12:30:01,   590, 41.50, 34.60,  6.90
         0,     0, 7,12:30:09,12:30:13,     4, 34.60, 41.50, -6.90
  12706604,     0, 7,12:30:23,12:35:06,   283, 41.50, 41.50,  0.00
  13008802,     0, 9,12:36:04,12:36:59,    55, 41.10, 36.30,  4.80
  12706636,  7045, 1,12:36:06,12:37:03,    57, 41.30, 32.80,  8.50
         0,     0, 9,12:37:07,12:37:13,     6, 36.30, 41.10, -4.80
         0,     0, 1,12:37:10,12:37:17,     7, 32.80, 41.30, -8.50
  13008802,     0, 9,12:37:47,12:38:00,    13, 40.90, 40.50,  0.40
  13008786,     0, 8,12:38:42,12:38:53,    11, 41.10, 41.10,  0.00
  13323434,     0, 9,12:40:12,12:40:23,    11, 40.50, 40.40,  0.10
  13323434,     0, 9,12:40:37,12:40:49,    12, 40.40, 40.10,  0.30
  13323434,     0, 9,12:41:07,12:41:21,    14, 40.10, 39.70,  0.40
         0,     0, 9,12:41:30,12:41:31,     1, 39.70, 40.90, -1.20
  13323434,     0, 9,12:41:55,12:42:01,     6, 40.30, 40.00,  0.30
         0,     0, 9,12:42:09,12:42:09,     0, 40.00, 40.90, -0.90
  13323434,     0, 9,12:42:35,12:42:40,     5, 39.60, 39.20,  0.40
         0,     0, 9,12:42:49,12:42:51,     2, 39.20, 41.20, -2.00
  13323434,     0, 9,12:43:43,12:43:48,     5, 36.10, 36.10,  0.00
         0,     0, 9,12:43:55,12:44:01,     6, 36.10, 41.10, -5.00
  13323416,     0,10,12:41:50,12:44:14,   144, 40.90, 31.30,  9.60
         0,     0,10,12:44:22,12:44:32,    10, 31.30, 41.30,-10.00
  13323434,     0, 9,12:44:31,12:44:32,     1, 38.80, 38.90, -0.10
         0,     0, 9,12:44:40,12:44:42,     2, 38.90, 41.10, -2.20
  13008800,     0, 8,12:46:28,12:46:42,    14, 41.10, 41.10,  0.00
  13008792,     0, 7,12:35:27,12:50:50,   923, 41.40, 20.70, 20.70
         0,     0, 7,12:50:58,12:51:11,    13, 20.70, 20.80, -0.10
  12706624,  7033, 6,12:26:32,12:51:29,  1497, 41.50, 34.80,  6.70
         0,     0, 6,12:51:37,12:51:43,     6, 34.80, 41.20, -6.40
  13323358,     0, 8,12:53:41,12:54:41,    60, 41.10, 32.50,  8.60
         0,     0, 8,12:54:50,12:54:59,     9, 32.50, 32.70, -0.20
  12448442,  6055, 6,12:51:59,12:55:07,   188, 38.20, 26.40, 11.80
  12706707,  7116, 5,12:54:43,12:55:21,    38, 40.90, 34.60,  6.30
         0,     0, 6,12:55:15,12:55:32,    17, 26.40, 41.50,-15.10
         0,     0, 5,12:55:28,12:55:34,     6, 34.60, 40.80, -6.20
  12706707,  7116, 5,12:55:50,12:56:12,    22, 40.80, 38.00,  2.80
         0,     0, 5,12:56:19,12:56:21,     2, 38.00, 40.80, -2.80
  11499161,  2051, 4,12:57:00,12:57:24,    24, 43.20, 43.10,  0.10
  11724159,     0, 6,12:55:46,12:57:37,   111, 37.90, 37.80,  0.10
         0,     0, 6,12:57:44,12:57:47,     3, 37.80, 41.50, -3.70
  13008786,     0, 7,12:51:21,12:58:37,   436, 20.80, 32.60,-11.80
         0,     0, 7,12:58:45,12:58:50,     5, 32.60, 41.40, -8.80
  21306958,  5124, 8,13:00:00,13:00:32,    32, 41.20, 41.00,  0.20
  21306958,  5124, 8,13:00:43,13:01:06,    23, 40.90, 40.90,  0.00
  13008815,     0, 7,12:59:04,13:01:16,   132, 41.30, 33.50,  7.80
         0,     0, 7,13:01:24,13:01:29,     5, 33.50, 41.30, -7.80
  21292347,  5120, 4,12:59:57,13:02:27,   150, 43.10, 25.80, 17.30
         0,     0, 4,13:02:35,13:02:51,    16, 25.80, 43.30,-17.50
  21306958,  5124, 8,13:01:55,13:04:15,   140, 40.90, 30.50, 10.40
         0,     0, 8,13:04:23,13:04:34,    11, 30.50, 41.10,-10.60
  12706604,     0, 8,13:07:51,13:08:17,    26, 41.20, 41.10,  0.10
  12706604,     0, 8,13:08:44,13:09:25,    41, 41.20, 41.10,  0.10
  12200007,  5061, 4,13:11:38,13:12:19,    41, 43.40, 37.80,  5.60
         0,     0, 4,13:12:27,13:12:32,     5, 37.80, 43.50, -5.70
  13008765,     0, 9,13:11:41,13:12:39,    58, 41.10, 36.40,  4.70
         0,     0, 9,13:12:47,13:12:53,     6, 36.40, 41.00, -4.60
  12706604,     0, 8,13:09:52,13:13:31,   219, 41.10, 21.70, 19.40
         0,     0, 8,13:13:39,13:14:00,    21, 21.70, 41.10,-19.40
  12200007,  5061, 4,13:12:59,13:14:01,    62, 43.60, 34.00,  9.60
         0,     0, 4,13:14:09,13:14:18,     9, 34.00, 43.40, -9.40
  21306958,  5124, 7,13:01:49,13:15:15,   806, 41.20, 40.90,  0.30
  13008833,     0, 6,12:59:13,13:19:26,  1213, 41.40, 17.50, 23.90
         0,     0, 6,13:19:33,13:19:57,    24, 17.50, 41.50,-24.00
  12448451,  6064, 4,13:20:44,13:22:15,    91, 43.60, 43.40,  0.20
  11724109,  6068, 1,13:23:00,13:24:07,    67, 41.30, 41.10,  0.20
  11724109,  6068, 4,13:26:13,13:26:34,    21, 43.60, 43.20,  0.40
  11724109,  6068, 4,13:26:44,13:29:55,   191, 43.20, 28.00, 15.20
  12706634,     0, 7,13:15:26,13:30:04,   878, 40.90, 13.00, 27.90
         0,     0, 4,13:30:04,13:30:19,    15, 28.00, 35.40, -7.40
         0,     0, 7,13:30:11,13:30:29,    18, 13.00, 41.10,-28.10
  12706651,  7060, 3,13:28:04,13:30:47,   163, 46.70, 35.50, 11.20
         0,     0, 3,13:30:55,13:31:04,     9, 35.50, 35.40,  0.10
  13323435,     0, 9,13:31:05,13:33:55,   170, 41.00, 36.70,  4.30
         0,     0, 9,13:34:02,13:34:07,     5, 36.70, 41.10, -4.40
  21306958,  5124, 8,13:36:38,13:36:44,     6, 41.20, 41.10,  0.10
  12448442,  6055, 6,13:33:19,13:39:03,   344, 41.50, 33.10,  8.40
         0,     0, 6,13:39:10,13:39:19,     9, 33.10, 41.50, -8.40
  13008742,  7163, 5,13:43:18,13:43:24,     6, 40.80, 40.70,  0.10
  11724159,     0, 6,13:39:48,13:43:39,   231, 33.70, 33.70,  0.00
         0,     0, 6,13:43:46,13:43:53,     7, 33.70, 33.80, -0.10
  21306958,  5124, 8,13:44:54,13:45:00,     6, 41.10, 41.00,  0.10
  21292347,  5120, 4,13:47:50,13:49:03,    73, 43.50, 36.00,  7.50
  21306958,  5124, 8,13:48:11,13:49:06,    55, 41.00, 40.70,  0.30
         0,     0, 4,13:49:11,13:49:18,     7, 36.00, 43.20, -7.20
  21306958,  5124, 8,13:49:37,13:49:39,     2, 40.60, 40.50,  0.10
  12448415,     0, 7,13:30:44,13:49:53,  1149, 41.00, 25.60, 15.40
         0,     0, 7,13:50:01,13:50:11,    10, 25.60, 41.00,-15.40
  12706601,     0, 9,13:48:32,13:51:10,   158, 41.10, 33.50,  7.60
         0,     0, 9,13:51:18,13:51:28,    10, 33.50, 41.00, -7.50
  13008835,     0, 6,13:44:05,14:04:02,  1197, 41.40, 31.00, 10.40
         0,     0, 6,14:04:09,14:04:19,    10, 31.00, 41.50,-10.50
  12200083,     0, 9,14:03:48,14:04:49,    61, 41.10, 35.60,  5.50
         0,     0, 9,14:04:56,14:05:03,     7, 35.60, 41.00, -5.40
  21268825,  6087, 3,14:03:05,14:05:13,   128, 47.10, 28.90, 18.20
         0,     0, 3,14:05:21,14:05:36,    15, 28.90, 46.50,-17.60
  21306958,  5124, 7,13:50:21,14:10:08,  1187, 40.10, 34.60,  5.50
         0,     0, 7,14:10:16,14:10:20,     4, 34.60, 41.50, -6.90
  12706624,  7033, 6,14:04:40,14:11:07,   387, 41.40, 36.20,  5.20
         0,     0, 6,14:11:14,14:11:18,     4, 36.20, 41.40, -5.20
         0,     0, 1,14:14:36,14:14:46,    10, 41.10, 41.10,  0.00
         0,     0, 2,14:14:36,14:14:46,    10, 44.00, 44.00,  0.00
  11954042,     0, 7,14:10:34,14:16:15,   341, 41.50, 26.40, 15.10
         0,     0, 7,14:16:22,14:16:31,     9, 26.40, 41.20,-14.80
         0,     0, 2,14:17:10,14:17:20,    10, 43.90, 43.90,  0.00
         0,     0, 1,14:17:10,14:17:20,    10, 41.10, 41.10,  0.00
  13323427,     0, 8,14:17:35,14:18:26,    51, 40.60, 40.40,  0.20
  12448451,  6064, 1,14:17:15,14:19:16,   121, 41.10, 40.70,  0.40
  12448451,  6064, 2,14:19:23,14:19:25,     2, 44.00, 43.80,  0.20
  13323425,     0, 9,14:18:57,14:19:28,    31, 40.70, 40.20,  0.50
  12448428,  6041, 1,14:19:43,14:20:23,    40, 40.70, 29.10, 11.60
  13323425,     0, 9,14:20:05,14:20:27,    22, 40.20, 39.70,  0.50
         0,     0, 9,14:20:34,14:20:35,     1, 39.70, 40.90, -1.20
         0,     0, 1,14:20:31,14:20:42,    11, 29.10, 41.30,-12.20
  12448428,  6041, 1,14:21:07,14:21:31,    24, 41.30, 40.90,  0.40
  12200046,  5100, 4,14:20:50,14:21:53,    63, 43.50, 30.30, 13.20
         0,     0, 4,14:22:00,14:22:13,    13, 30.30, 43.40,-13.10
  12448428,  6041, 2,14:21:52,14:22:23,    31, 43.90, 37.30,  6.60
         0,     0, 2,14:22:31,14:22:36,     5, 37.30, 44.00, -6.70
  12706655,  7064, 4,14:22:38,14:22:50,    12, 43.40, 43.70, -0.30
  12706655,  7064, 3,14:23:25,14:24:09,    44, 46.90, 46.50,  0.40
  12706655,  7064, 1,14:24:40,14:25:37,    57, 40.90, 25.50, 15.40
         0,     0, 1,14:25:44,14:25:59,    15, 25.50, 41.30,-15.80
  13008768,     0, 6,14:21:25,14:26:41,   316, 41.40, 41.30,  0.10
  12448416,  6029, 4,14:25:49,14:27:52,   123, 43.70, 26.00, 17.70
         0,     0, 4,14:28:00,14:28:17,    17, 26.00, 43.30,-17.30
  13008765,     0, 9,14:27:26,14:28:44,    78, 41.00, 35.90,  5.10
         0,     0, 9,14:28:51,14:28:57,     6, 35.90, 41.00, -5.10
  13008779,     0, 7,14:17:17,14:30:03,   766, 34.30, 34.20,  0.10
         0,     0, 7,14:30:10,14:30:14,     4, 34.20, 34.20,  0.00
  12199986,     0, 8,14:30:05,14:30:28,    23, 40.10, 37.40,  2.70
         0,     0, 8,14:30:35,14:30:38,     3, 37.40, 41.10, -3.70
  12448451,  6064, 4,14:29:27,14:33:09,   222, 43.40, 19.20, 24.20
         0,     0, 4,14:33:16,14:33:40,    24, 19.20, 43.40,-24.20
  13008835,     0, 6,14:28:29,14:34:17,   348, 41.00, 33.80,  7.20
         0,     0, 6,14:34:24,14:34:31,     7, 33.80, 34.00, -0.20
  12706636,  7045, 3,14:35:12,14:35:57,    45, 46.20, 46.40, -0.20
  12706636,  7045, 4,14:36:18,14:36:49,    31, 43.50, 44.10, -0.60
  13008836,     0, 8,14:36:46,14:36:55,     9, 41.10, 41.00,  0.10
  21306958,  5124, 7,14:30:24,14:37:05,   401, 41.50, 41.40,  0.10
  13008836,     0, 8,14:38:26,14:39:04,    38, 41.00, 40.70,  0.30
  13008836,     0, 8,14:39:22,14:39:24,     2, 40.60, 40.70, -0.10
  13008836,     0, 8,14:39:39,14:40:32,    53, 40.50, 40.40,  0.10
  12706686,  7095, 5,14:40:31,14:43:08,   157, 40.70, 33.20,  7.50
  13008836,     0, 7,14:37:35,14:43:12,   337, 41.40, 25.60, 15.80
         0,     0, 5,14:43:16,14:43:23,     7, 33.20, 40.80, -7.60
         0,     0, 7,14:43:19,14:43:29,    10, 25.60, 41.50,-15.90
  13008797,     0, 6,14:42:47,14:45:04,   137, 41.40, 31.30, 10.10
         0,     0, 6,14:45:11,14:45:20,     9, 31.30, 41.50,-10.20
  12448437,  6050, 8,14:41:02,14:45:23,   261, 40.30, 34.30,  6.00
         0,     0, 8,14:45:31,14:45:38,     7, 34.30, 41.10, -6.80
  12448521,     0, 7,14:44:26,14:49:16,   290, 31.80, 30.20,  1.60
         0,     0, 7,14:49:24,14:49:31,     7, 30.20, 41.40,-11.20
  12199981,  5035, 4,14:48:47,14:49:52,    65, 44.20, 25.80, 18.40
         0,     0, 4,14:49:59,14:50:17,    18, 25.80, 43.30,-17.50
  13008742,  7163, 5,14:50:51,14:50:57,     6, 40.80, 40.80,  0.00
  12200048,     0, 8,14:47:03,14:51:02,   239, 41.20, 29.50, 11.70
         0,     0, 8,14:51:11,14:51:23,    12, 29.50, 41.20,-11.70
  21268104,  6067, 1,14:51:35,14:51:57,    22, 41.30, 41.30,  0.00
  21268104,  6067, 2,14:52:07,14:53:38,    91, 44.00, 36.70,  7.30
  12448420,     0, 9,14:49:43,14:53:39,   236, 38.90, 35.50,  3.40
         0,     0, 2,14:53:46,14:53:52,     6, 36.70, 43.90, -7.20
         0,     0, 9,14:53:47,14:53:54,     7, 35.50, 41.00, -5.50
  21268104,  6067, 2,14:54:02,14:54:19,    17, 43.90, 41.40,  2.50
         0,     0, 2,14:54:28,14:54:29,     1, 41.40, 43.90, -2.50
  13323358,     0, 7,14:49:44,14:55:21,   337, 41.30, 34.00,  7.30
         0,     0, 7,14:55:28,14:55:33,     5, 34.00, 40.30, -6.30
  12199986,     0, 7,14:56:41,15:02:13,   332, 24.70, 24.70,  0.00
         0,     0, 7,15:02:20,15:02:30,    10, 24.70, 41.50,-16.80
  13008737,     0, 8,15:06:12,15:06:29,    17, 41.10, 41.10,  0.00
  13008779,     0, 7,15:03:23,15:06:40,   197, 32.00, 31.80,  0.20
         0,     0, 7,15:06:47,15:06:53,     6, 31.80, 41.50, -9.70
  12706726,  7135, 5,15:07:28,15:07:29,     1, 40.80, 40.80,  0.00
  12706726,  7135, 5,15:07:45,15:07:47,     2, 40.80, 40.80,  0.00
  13008762,     0, 6,14:45:31,15:08:26,  1375, 41.50, 40.40,  1.10
  13008768,     0, 6,15:09:00,15:12:33,   213, 40.40, 40.40,  0.00
  13008762,     0, 6,15:12:43,15:13:03,    20, 40.40, 40.40,  0.00
  13008737,     0, 7,15:07:04,15:13:30,   386, 41.40, 24.30, 17.10
         0,     0, 7,15:13:37,15:13:48,    11, 24.30, 41.30,-17.00
  13008747,     0,10,15:11:26,15:13:55,   149, 40.60, 30.20, 10.40
         0,     0,10,15:14:04,15:14:15,    11, 30.20, 41.20,-11.00
  12199969,     0, 9,15:13:43,15:14:52,    69, 37.40, 30.20,  7.20
         0,     0, 9,15:15:00,15:15:15,    15, 30.20, 41.10,-10.90
  12706622,     0, 6,15:14:25,15:15:38,    73, 40.30, 40.30,  0.00
  13008792,     0, 7,15:14:09,15:17:37,   208, 41.30, 40.70,  0.60
  12199977,     0, 8,15:18:22,15:19:33,    71, 39.50, 25.50, 14.00
         0,     0, 8,15:19:42,15:19:59,    17, 25.50, 41.10,-15.60
  12448437,  6050, 8,15:31:12,15:32:09,    57, 41.10, 41.00,  0.10
  13008802,     0, 9,15:34:55,15:35:20,    25, 41.10, 40.30,  0.80
  13008802,     0, 9,15:35:35,15:36:19,    44, 40.30, 34.70,  5.60
         0,     0, 9,15:36:27,15:36:35,     8, 34.70, 41.10, -6.40
  13008802,     0, 9,15:36:58,15:37:08,    10, 41.10, 40.90,  0.20
  13008802,     0, 9,15:37:46,15:37:47,     1, 35.60, 35.60,  0.00
         0,     0, 9,15:37:55,15:38:02,     7, 35.60, 41.10, -5.50
  13323416,     0,10,15:43:54,15:43:57,     3, 41.10, 41.00,  0.10
  13008768,     0, 6,15:15:58,15:47:38,  1900, 40.40, 40.30,  0.10
  13008820,     0, 8,15:46:19,15:49:24,   185, 40.80, 37.80,  3.00
         0,     0, 8,15:49:32,15:49:35,     3, 37.80, 40.60, -2.80
         0,     0, 8,15:50:35,15:50:36,     1, 39.30, 40.90, -1.60
  12448437,  6050, 7,15:32:20,15:51:05,  1125, 40.70, 30.10, 10.60
         0,     0, 7,15:51:13,15:51:20,     7, 30.10, 30.10,  0.00
  13008797,     0, 6,15:56:00,15:56:26,    26, 40.30, 39.70,  0.60
         0,     0, 6,15:56:34,15:56:35,     1, 39.70, 41.30, -1.60
  12706609,  7018, 8,15:56:40,15:57:48,    68, 40.90, 33.10,  7.80
  11953978,  4008, 1,15:56:22,15:57:56,    94, 41.30, 28.00, 13.30
         0,     0, 8,15:57:56,15:58:04,     8, 33.10, 41.20, -8.10
         0,     0, 1,15:58:03,15:58:15,    12, 28.00, 41.30,-13.30
  12706616,  7025, 2,15:56:47,15:58:37,   110, 43.80, 23.30, 20.50
  12706615,     0,10,15:55:39,15:58:45,   186, 40.70, 28.20, 12.50
  12706727,  7136, 1,15:58:26,15:58:59,    33, 41.30, 41.10,  0.20
         0,     0, 2,15:58:44,15:59:04,    20, 23.30, 44.00,-20.70
         0,     0,10,15:58:52,15:59:06,    14, 28.20, 41.20,-13.00
  13008762,     0, 6,15:56:49,15:59:10,   141, 40.90, 34.80,  6.10
         0,     0, 6,15:59:18,15:59:22,     4, 34.80, 34.80,  0.00
  12706727,  7136, 2,15:59:23,16:01:17,   114, 44.00, 24.80, 19.20
         0,     0, 2,16:01:24,16:01:42,    18, 24.80, 44.00,-19.20
  13008742,  7163, 5,16:02:21,16:02:24,     3, 40.80, 40.70,  0.10
  12200085,     0, 9,16:01:32,16:02:28,    56, 41.10, 33.20,  7.90
  13008742,  7163, 5,16:02:34,16:02:35,     1, 40.70, 40.70,  0.00
         0,     0, 9,16:02:37,16:02:47,    10, 33.20, 41.10, -7.90
  12706637,  7046, 2,16:02:31,16:03:11,    40, 44.10, 38.40,  5.70
         0,     0, 2,16:03:18,16:03:22,     4, 38.40, 43.90, -5.50
  12706669,  7078, 3,16:02:39,16:03:22,    43, 46.20, 44.40,  1.80
  12448448,  6061, 2,16:04:08,16:04:17,     9, 44.00, 44.00,  0.00
  12706669,  7078, 3,16:03:40,16:04:28,    48, 44.40, 33.70, 10.70
  12448479,  6092, 4,16:04:20,16:04:34,    14, 43.80, 43.80,  0.00
         0,     0, 3,16:04:37,16:04:48,    11, 33.70, 33.50,  0.20
  12200085,     0,10,16:04:52,16:04:57,     5, 41.20, 40.70,  0.50
  12706669,  7078, 3,16:05:09,16:05:27,    18, 46.60, 43.00,  3.60
         0,     0, 3,16:05:34,16:05:36,     2, 43.00, 46.40, -3.40
  12448479,  6092, 4,16:05:11,16:05:35,    24, 44.00, 43.70,  0.30
  13008742,  7163, 5,16:05:55,16:06:00,     5, 40.70, 40.70,  0.00
  13008742,  7163, 5,16:06:09,16:06:23,    14, 40.80, 40.50,  0.30
  13008786,     0, 8,16:04:45,16:06:33,   108, 40.70, 33.80,  6.90
         0,     0, 8,16:06:41,16:06:48,     7, 33.80, 41.10, -7.30
  12199988,  5042, 1,16:06:43,16:06:54,    11, 41.10, 40.90,  0.20
  12448479,  6092, 3,16:05:46,16:07:19,    93, 46.50, 43.30,  3.20
         0,     0, 3,16:07:28,16:07:30,     2, 43.30, 43.10,  0.20
  13008742,  7163, 5,16:07:56,16:08:02,     6, 40.50, 40.40,  0.10
  12199988,  5042, 1,16:07:03,16:08:42,    99, 40.90, 35.40,  5.50
  12706639,  7048, 2,16:08:30,16:08:43,    13, 43.90, 43.80,  0.10
         0,     0, 1,16:08:50,16:08:55,     5, 35.40, 41.20, -5.80
  12199988,  5042, 2,16:09:00,16:09:05,     5, 43.80, 43.80,  0.00
  12448479,  6092, 3,16:07:47,16:09:10,    83, 46.20, 30.20, 16.00
         0,     0, 3,16:09:18,16:09:32,    14, 30.20, 30.60, -0.40
  13008742,  7163, 5,16:08:59,16:09:31,    32, 40.40, 40.00,  0.40
  11954050,  4080, 1,16:09:26,16:10:03,    37, 41.20, 39.50,  1.70
         0,     0, 1,16:10:10,16:10:11,     1, 39.50, 41.20, -1.70
  13008797,     0, 6,16:01:43,16:10:22,   519, 29.20, 29.30, -0.10
  11954050,  4080, 1,16:10:22,16:10:30,     8, 41.20, 40.30,  0.90
         0,     0, 6,16:10:30,16:10:41,    11, 29.30, 41.50,-12.20
  12706639,  7048, 2,16:09:18,16:11:06,   108, 43.80, 25.80, 18.00
         0,     0, 2,16:11:13,16:11:30,    17, 25.80, 44.00,-18.20
  12706686,  7095, 2,16:12:43,16:14:11,    88, 44.00, 31.50, 12.50
  12448448,  6061, 1,16:10:41,16:14:25,   224, 40.30, 17.30, 23.00
         0,     0, 2,16:14:18,16:14:29,    11, 31.50, 44.00,-12.50
         0,     0, 1,16:14:33,16:14:57,    24, 17.30, 41.30,-24.00
  11724239,  3139, 2,16:14:47,16:17:03,   136, 44.00, 43.00,  1.00
  11954050,  4080, 4,16:17:51,16:17:58,     7, 43.60, 43.60,  0.00
  11724239,  3139, 2,16:17:15,16:18:53,    98, 43.00, 35.50,  7.50
         0,     0, 2,16:19:01,16:19:08,     7, 35.50, 44.10, -8.60
  12448409,  6022, 1,16:17:03,16:19:21,   138, 41.30, 22.20, 19.10
  13008732,  7153, 5,16:19:44,16:19:46,     2, 40.10, 40.00,  0.10
         0,     0, 1,16:19:30,16:19:48,    18, 22.20, 41.30,-19.10
  12200042,  5096, 4,16:19:48,16:21:16,    88, 43.70, 24.80, 18.90
  12706636,  7045, 5,16:20:09,16:21:19,    70, 40.00, 24.60, 15.40
         0,     0, 4,16:21:23,16:21:42,    19, 24.80, 25.20, -0.40
         0,     0, 5,16:21:26,16:21:42,    16, 24.60, 40.80,-16.20
  12200083,     0, 9,16:22:16,16:22:22,     6, 41.10, 41.10,  0.00
  12200083,     0, 9,16:22:32,16:22:37,     5, 41.10, 41.10,  0.00
  12200083,     0, 9,16:23:02,16:23:04,     2, 40.30, 40.30,  0.00
  12448416,  6029, 3,16:21:54,16:23:12,    78, 46.80, 36.60, 10.20
         0,     0, 3,16:23:19,16:23:27,     8, 36.60, 36.40,  0.20
  12199988,  5042, 1,16:21:32,16:23:39,   127, 41.30, 29.20, 12.10
         0,     0, 1,16:23:47,16:23:58,    11, 29.20, 41.40,-12.20
  12200083,     0, 9,16:23:58,16:24:00,     2, 36.20, 36.20,  0.00
         0,     0, 9,16:24:07,16:24:13,     6, 36.20, 41.10, -4.90
  12706651,  7060, 5,16:23:35,16:24:43,    68, 40.80, 37.30,  3.50
         0,     0, 5,16:24:51,16:24:54,     3, 37.30, 40.90, -3.60
  21292347,  5120, 5,16:25:11,16:27:15,   124, 40.90, 33.20,  7.70
         0,     0, 5,16:27:24,16:27:31,     7, 33.20, 40.80, -7.60
  12706710,  7119, 2,16:28:29,16:28:51,    22, 44.10, 43.70,  0.40
  12448471,  6084, 3,16:29:48,16:30:57,    69, 47.20, 34.70, 12.50
         0,     0, 3,16:31:06,16:31:16,    10, 34.70, 34.70,  0.00
  12706710,  7119, 2,16:30:23,16:31:37,    74, 43.70, 31.20, 12.50
         0,     0, 2,16:31:45,16:31:56,    11, 31.20, 44.00,-12.80
  13008800,     0, 8,16:31:17,16:32:09,    52, 40.50, 30.40, 10.10
         0,     0, 8,16:32:18,16:32:29,    11, 30.40, 41.10,-10.70
  11954014,  4044, 3,16:31:28,16:32:38,    70, 46.70, 33.00, 13.70
         0,     0, 3,16:32:45,16:32:56,    11, 33.00, 33.10, -0.10
  13008800,     0, 8,16:32:46,16:33:03,    17, 41.10, 41.10,  0.00
  12199981,  5035, 5,16:34:55,16:35:32,    37, 40.80, 28.40, 12.40
         0,     0, 5,16:35:40,16:35:52,    12, 28.40, 40.80,-12.40
  13008768,     0, 6,16:10:59,16:36:58,  1559, 41.40, 32.50,  8.90
  12706655,  7064, 1,16:36:25,16:37:07,    42, 41.40, 29.20, 12.20
         0,     0, 6,16:37:05,16:37:13,     8, 32.50, 41.40, -8.90
         0,     0, 1,16:37:15,16:37:26,    11, 29.20, 41.30,-12.10
  12448477,  6090, 2,16:37:57,16:39:03,    66, 44.00, 38.90,  5.10
  12706705,  7114, 4,16:35:44,16:39:05,   201, 44.00, 23.50, 20.50
         0,     0, 2,16:39:11,16:39:15,     4, 38.90, 44.00, -5.10
         0,     0, 4,16:39:13,16:39:33,    20, 23.50, 43.30,-19.80
  13323427,     0, 7,16:05:40,16:39:45,  2045, 41.30, 16.50, 24.80
  11499161,  2051, 3,16:38:07,16:39:59,   112, 46.80, 35.30, 11.50
         0,     0, 7,16:39:53,16:40:09,    16, 16.50, 16.50,  0.00
         0,     0, 3,16:40:06,16:40:15,     9, 35.30, 35.10,  0.20
  12448477,  6090, 4,16:39:52,16:40:24,    32, 44.00, 38.70,  5.30
         0,     0, 4,16:40:33,16:40:37,     4, 38.70, 43.30, -4.60
  13008756,  7115, 5,16:39:29,16:40:57,    88, 40.80, 24.10, 16.70
         0,     0, 5,16:41:04,16:41:20,    16, 24.10, 40.80,-16.70
  13008815,     0, 8,16:39:51,16:41:21,    90, 41.10, 36.10,  5.00
         0,     0, 8,16:41:30,16:41:35,     5, 36.10, 41.00, -4.90
  11724109,  6068, 1,16:41:18,16:43:35,   137, 41.30, 32.70,  8.60
  12706651,  7060, 5,16:42:37,16:43:41,    64, 40.80, 35.20,  5.60
         0,     0, 1,16:43:43,16:43:51,     8, 32.70, 41.30, -8.60
         0,     0, 5,16:43:48,16:43:53,     5, 35.20, 40.80, -5.60
  21292347,  5120, 4,16:44:08,16:44:16,     8, 43.90, 43.70,  0.20
  11724109,  6068, 1,16:44:11,16:44:57,    46, 41.30, 37.50,  3.80
         0,     0, 1,16:45:05,16:45:08,     3, 37.50, 41.30, -3.80
  11724159,     0, 6,16:39:33,16:46:04,   391, 39.70, 37.20,  2.50
  12706637,  7046, 1,16:45:48,16:46:07,    19, 41.30, 41.30,  0.00
         0,     0, 6,16:46:12,16:46:15,     3, 37.20, 41.40, -4.20
  21268825,  6087, 1,16:46:48,16:48:01,    73, 41.30, 31.50,  9.80
         0,     0, 1,16:48:10,16:48:19,     9, 31.50, 41.20, -9.70
  13008768,     0, 6,16:47:14,16:48:29,    75, 41.40, 41.30,  0.10
  12706651,  7060, 4,16:47:53,16:49:05,    72, 43.60, 38.40,  5.20
  13008820,     0, 8,16:48:18,16:49:06,    48, 41.00, 40.60,  0.40
         0,     0, 4,16:49:14,16:49:19,     5, 38.40, 43.40, -5.00
  11954075,  4105, 2,16:48:25,16:49:39,    74, 43.90, 29.10, 14.80
         0,     0, 2,16:49:46,16:49:59,    13, 29.10, 44.00,-14.90
  13008820,     0, 8,16:50:08,16:50:09,     1, 39.80, 39.80,  0.00
         0,     0, 8,16:50:17,16:50:17,     0, 39.80, 40.80, -1.00
  13008735,  7156, 4,16:49:50,16:50:25,    35, 43.70, 41.30,  2.40
  13008765,     0, 9,16:49:51,16:50:30,    39, 40.90, 38.60,  2.30
         0,     0, 4,16:50:34,16:50:36,     2, 41.30, 43.40, -2.10
  12706604,     0, 8,16:50:27,16:50:33,     6, 40.80, 40.80,  0.00
         0,     0, 9,16:50:38,16:50:40,     2, 38.60, 41.00, -2.40
  13008835,     0, 6,16:48:53,16:50:42,   109, 41.30, 41.00,  0.30
  11953978,  4008, 4,16:50:46,16:51:12,    26, 43.50, 42.00,  1.50
  12706650,  7059, 5,16:50:40,16:52:45,   125, 40.80, 26.70, 14.10
         0,     0, 5,16:52:53,16:53:07,    14, 26.70, 40.70,-14.00
  12448473,  6086, 1,16:52:21,16:53:30,    69, 41.20, 28.70, 12.50
  12706637,  7046, 4,16:53:35,16:53:43,     8, 42.20, 42.00,  0.20
         0,     0, 1,16:53:38,16:53:49,    11, 28.70, 41.20,-12.50
  12706604,     0, 7,16:49:38,16:54:08,   270, 41.50, 32.50,  9.00
         0,     0, 7,16:54:15,16:54:20,     5, 32.50, 32.60, -0.10
  12706707,  7116, 2,16:54:33,16:55:42,    69, 43.90, 31.60, 12.30
  12706701,  7110, 1,16:55:20,16:55:52,    32, 41.20, 40.60,  0.60
         0,     0, 2,16:55:50,16:56:01,    11, 31.60, 43.90,-12.30
  12706637,  7046, 3,16:53:52,16:57:41,   229, 46.80, 25.60, 21.20
         0,     0, 3,16:57:50,16:58:08,    18, 25.60, 25.40,  0.20
  13008835,     0, 6,16:52:13,16:58:08,   355, 40.90, 23.30, 17.60
         0,     0, 6,16:58:16,16:58:34,    18, 23.30, 41.50,-18.20
  13008735,  7156, 4,16:58:40,16:58:44,     4, 42.20, 41.90,  0.30
  13323425,     0, 9,16:58:08,16:58:43,    35, 41.00, 40.60,  0.40
         0,     0, 4,16:58:52,16:58:53,     1, 41.90, 42.90, -1.00
  11954056,     0, 8,16:58:23,16:58:52,    29, 40.80, 40.60,  0.20
  11954056,     0, 8,16:59:02,16:59:13,    11, 40.60, 40.60,  0.00
  11954056,     0, 7,16:58:03,16:59:27,    84, 41.60, 41.60,  0.00
  13323425,     0, 9,16:59:26,16:59:30,     4, 37.90, 37.20,  0.70
         0,     0, 9,16:59:38,16:59:43,     5, 37.20, 41.10, -3.90
  12706609,  7018, 8,16:59:50,16:59:51,     1, 40.40, 40.60, -0.20
  12706701,  7110, 1,16:57:14,17:00:17,   183, 40.60, 24.10, 16.50
  11724239,  3139, 2,16:57:28,17:00:23,   175, 43.90, 42.10,  1.80
         0,     0, 1,17:00:25,17:00:41,    16, 24.10, 41.30,-17.20
  13323425,     0, 9,17:00:28,17:00:46,    18, 37.80, 37.80,  0.00
         0,     0, 9,17:00:55,17:00:59,     4, 37.80, 41.00, -3.20
  11954056,     0, 7,17:01:12,17:02:28,    76, 41.50, 38.90,  2.60
         0,     0, 7,17:02:35,17:02:36,     1, 38.90, 41.30, -2.40
  12448449,  6062, 4,17:03:00,17:03:01,     1, 44.20, 43.50,  0.70
  12706738,  7147, 2,17:02:57,17:04:15,    78, 42.20, 28.10, 14.10
         0,     0, 2,17:04:24,17:04:39,    15, 28.10, 44.00,-15.90
  12448477,  6090, 3,17:04:29,17:05:10,    41, 46.80, 42.00,  4.80
         0,     0, 3,17:05:19,17:05:22,     3, 42.00, 46.20, -4.20
  12706726,  7135, 5,17:04:59,17:05:35,    36, 40.70, 33.00,  7.70
         0,     0, 5,17:05:44,17:05:51,     7, 33.00, 33.10, -0.10
  12706609,  7018, 8,17:07:11,17:07:15,     4, 40.60, 40.60,  0.00
  11953978,  4008, 2,17:05:46,17:07:25,    99, 44.00, 37.80,  6.20
         0,     0, 2,17:07:33,17:07:38,     5, 37.80, 44.00, -6.20
  12706659,  7068, 2,17:07:57,17:08:10,    13, 44.00, 44.00,  0.00
  12706655,  7064, 1,17:06:02,17:10:18,   256, 41.30, 32.20,  9.10
         0,     0, 1,17:10:25,17:10:33,     8, 32.20, 41.20, -9.00
  13008732,  7153, 5,17:11:02,17:11:04,     2, 40.80, 40.80,  0.00
  11954056,     0, 7,17:04:44,17:11:59,   435, 21.80, 21.90, -0.10
  12706726,  7135, 4,17:12:10,17:12:12,     2, 43.30, 43.30,  0.00
         0,     0, 7,17:12:06,17:12:19,    13, 21.90, 21.90,  0.00
  12706609,  7018, 8,17:13:47,17:13:52,     5, 40.60, 40.60,  0.00
  12706618,     0,10,17:13:30,17:14:00,    30, 40.30, 39.40,  0.90
         0,     0,10,17:14:08,17:14:09,     1, 39.40, 40.60, -1.20
  12706618,     0,10,17:14:21,17:14:22,     1, 39.60, 39.60,  0.00
         0,     0,10,17:14:30,17:14:31,     1, 39.60, 40.40, -0.80
  12706609,  7018, 8,17:14:04,17:15:52,   108, 40.60, 33.90,  6.70
         0,     0, 8,17:16:01,17:16:09,     8, 33.90, 41.10, -7.20
  12706618,     0, 9,17:16:36,17:16:41,     5, 41.00, 40.90,  0.10
  12448471,  6084, 3,17:15:58,17:17:01,    63, 46.40, 36.20, 10.20
  21268104,  6067, 4,17:16:42,17:17:09,    27, 43.30, 42.30,  1.00
         0,     0, 3,17:17:09,17:17:18,     9, 36.20, 46.50,-10.30
  12706624,  7033, 6,17:03:14,17:17:43,   869, 25.80, 24.80,  1.00
         0,     0, 6,17:17:50,17:18:06,    16, 24.80, 41.30,-16.50
  21268104,  6067, 4,17:17:35,17:18:31,    56, 42.40, 33.70,  8.70
         0,     0, 4,17:18:38,17:18:47,     9, 33.70, 43.40, -9.70
  13008837,     0, 8,17:19:49,17:19:50,     1, 41.00, 41.10, -0.10
  12448415,     0, 7,17:12:31,17:20:09,   458, 41.50, 25.90, 15.60
  12706659,  7068, 3,17:19:54,17:20:10,    16, 46.90, 47.40, -0.50
         0,     0, 7,17:20:17,17:20:26,     9, 25.90, 40.40,-14.50
  13008732,  7153, 5,17:20:32,17:20:34,     2, 40.80, 40.70,  0.10
  13008837,     0, 8,17:20:46,17:21:38,    52, 41.10, 40.90,  0.20
  13008837,     0, 8,17:21:49,17:22:20,    31, 40.80, 37.40,  3.40
         0,     0, 8,17:22:29,17:22:33,     4, 37.40, 41.10, -3.70
  12199969,     0, 9,17:22:03,17:23:04,    61, 40.90, 34.60,  6.30
         0,     0, 9,17:23:11,17:23:19,     8, 34.60, 41.20, -6.60
  12200007,  5061, 1,17:21:58,17:23:46,   108, 41.20, 25.10, 16.10
  13008837,     0, 8,17:24:03,17:24:05,     2, 21.40, 21.50, -0.10
         0,     0, 1,17:23:55,17:24:11,    16, 25.10, 41.30,-16.20
  12706659,  7068, 4,17:23:45,17:24:21,    36, 43.30, 43.30,  0.00
         0,     0, 8,17:24:14,17:24:35,    21, 21.50, 41.10,-19.60
  11954050,  4080, 1,17:24:22,17:24:55,    33, 41.30, 38.50,  2.80
         0,     0, 1,17:25:02,17:25:04,     2, 38.50, 41.30, -2.80
  12706659,  7068, 3,17:24:28,17:25:13,    45, 47.00, 46.70,  0.30
  13008742,  7163, 5,17:25:54,17:26:03,     9, 40.80, 40.70,  0.10
  12706659,  7068, 3,17:25:27,17:26:19,    52, 47.00, 35.20, 11.80
  13008742,  7163, 5,17:26:14,17:26:24,    10, 40.70, 40.60,  0.10
  13008735,  7156, 4,17:25:05,17:26:34,    89, 43.40, 33.80,  9.60
         0,     0, 3,17:26:28,17:26:37,     9, 35.20, 35.00,  0.20
         0,     0, 4,17:26:41,17:26:50,     9, 33.80, 43.50, -9.70
  12706705,  7114, 1,17:25:14,17:27:03,   109, 41.30, 29.80, 11.50
  12706659,  7068, 3,17:26:49,17:27:05,    16, 46.30, 41.90,  4.40
         0,     0, 3,17:27:12,17:27:15,     3, 41.90, 41.70,  0.20
         0,     0, 1,17:27:11,17:27:22,    11, 29.80, 41.20,-11.40
  13008835,     0, 6,17:18:32,17:28:01,   569, 41.10, 40.30,  0.80
  11724239,  3139, 2,17:25:18,17:28:31,   193, 44.00, 32.40, 11.60
  21306958,  5124, 7,17:22:53,17:28:34,   341, 40.40, 37.60,  2.80
         0,     0, 7,17:28:41,17:28:43,     2, 37.60, 41.60, -4.00
         0,     0, 2,17:28:39,17:28:49,    10, 32.40, 44.00,-11.60
  13008742,  7163, 5,17:27:34,17:29:18,   104, 40.60, 22.60, 18.00
         0,     0, 5,17:29:27,17:29:44,    17, 22.60, 40.90,-18.30
  11954050,  4080, 4,17:29:22,17:30:55,    93, 43.40, 28.70, 14.70
         0,     0, 4,17:31:03,17:31:17,    14, 28.70, 43.30,-14.60
  13008789,     0, 7,17:28:55,17:36:24,   449, 41.50, 26.20, 15.30
         0,     0, 7,17:36:31,17:36:40,     9, 26.20, 26.20,  0.00
  12706700,  7109, 2,17:36:00,17:36:39,    39, 44.00, 32.00, 12.00
         0,     0, 2,17:36:48,17:36:59,    11, 32.00, 44.00,-12.00
  13008792,     0, 8,17:36:56,17:36:56,     0, 41.50, 41.30,  0.20
  21306958,  5124, 7,17:36:52,17:37:08,    16, 41.50, 41.50,  0.00
  12706637,  7046, 1,17:38:25,17:38:36,    11, 41.20, 41.20,  0.00
  12706707,  7116, 2,17:39:19,17:39:36,    17, 44.00, 42.60,  1.40
  12706650,  7059, 3,17:39:54,17:41:18,    84, 45.70, 39.70,  6.00
  12706637,  7046, 2,17:41:18,17:41:25,     7, 42.60, 42.50,  0.10
         0,     0, 3,17:41:26,17:41:31,     5, 39.70, 39.60,  0.10
  21306958,  5124, 8,17:42:07,17:42:20,    13, 41.20, 41.10,  0.10
  13008792,     0, 7,17:37:17,17:43:40,   383, 41.40, 25.80, 15.60
         0,     0, 7,17:43:48,17:43:58,    10, 25.80, 41.10,-15.30
  11953978,  4008, 4,17:44:04,17:44:58,    54, 43.30, 32.90, 10.40
         0,     0, 4,17:45:06,17:45:16,    10, 32.90, 43.40,-10.50
  12706726,  7135, 5,17:44:41,17:46:19,    98, 40.90, 29.00, 11.90
  12706637,  7046, 3,17:46:15,17:46:27,    12, 46.40, 47.00, -0.60
         0,     0, 5,17:46:27,17:46:38,    11, 29.00, 40.80,-11.80
  12706624,  7033, 6,17:28:16,17:47:44,  1168, 40.20, 28.80, 11.40
  12706637,  7046, 5,17:47:24,17:47:49,    25, 40.80, 40.70,  0.10
         0,     0, 6,17:47:51,17:48:03,    12, 28.80, 41.40,-12.60
  12448448,  6061, 1,17:47:51,17:48:47,    56, 41.20, 41.20,  0.00
  12706637,  7046, 3,17:49:22,17:49:44,    22, 46.50, 46.60, -0.10
  12706637,  7046, 3,17:50:07,17:51:20,    73, 46.90, 37.60,  9.30
         0,     0, 3,17:51:28,17:51:35,     7, 37.60, 37.80, -0.20
  12448448,  6061, 1,17:49:10,17:51:46,   156, 41.20, 40.40,  0.80
  12448448,  6061, 1,17:51:56,17:52:16,    20, 40.40, 38.50,  1.90
  13323435,     0, 9,17:52:18,17:52:21,     3, 35.70, 35.70,  0.00
         0,     0, 1,17:52:24,17:52:26,     2, 38.50, 41.20, -2.70
         0,     0, 9,17:52:28,17:52:35,     7, 35.70, 41.10, -5.40
  12706637,  7046, 3,17:51:45,17:52:35,    50, 46.50, 36.60,  9.90
         0,     0, 3,17:52:43,17:52:51,     8, 36.60, 36.80, -0.20
  12448448,  6061, 1,17:52:51,17:54:21,    90, 41.20, 29.20, 12.00
  12706700,  7109, 3,17:54:15,17:54:28,    13, 47.00, 43.10,  3.90
         0,     0, 1,17:54:28,17:54:39,    11, 29.20, 41.30,-12.10
         0,     0, 3,17:54:37,17:54:39,     2, 43.10, 42.90,  0.20
  12706700,  7109, 4,17:55:27,17:56:01,    34, 43.50, 32.40, 11.10
         0,     0, 4,17:56:08,17:56:18,    10, 32.40, 43.40,-11.00
  13008765,     0, 9,17:56:33,17:57:01,    28, 40.70, 39.90,  0.80
         0,     0, 9,17:57:08,17:57:09,     1, 39.90, 40.90, -1.00
  12448449,  6062, 3,17:54:51,17:57:08,   137, 42.90, 17.70, 25.20
  12706651,  7060, 1,17:55:11,17:57:28,   137, 41.30, 31.20, 10.10
         0,     0, 3,17:57:16,17:57:41,    25, 17.70, 17.50,  0.20
         0,     0, 1,17:57:35,17:57:44,     9, 31.20, 41.20,-10.00
  12199986,     0, 8,17:58:34,17:59:19,    45, 39.90, 30.50,  9.40
         0,     0, 8,17:59:27,17:59:38,    11, 30.50, 41.10,-10.60
  13008779,     0, 7,17:44:48,17:59:54,   906, 34.30, 31.40,  2.90
         0,     0, 7,18:00:01,18:00:07,     6, 31.40, 31.40,  0.00
  13008747,     0,10,17:59:42,18:01:05,    83, 30.70, 25.00,  5.70
  13008835,     0, 6,17:48:39,18:01:09,   750, 41.20, 34.90,  6.30
         0,     0, 6,18:01:16,18:01:21,     5, 34.90, 41.40, -6.50
         0,     0,10,18:01:13,18:01:30,    17, 25.00, 41.30,-16.30
  12448420,     0, 9,18:01:22,18:02:57,    95, 40.90, 38.70,  2.20
         0,     0, 9,18:03:04,18:03:06,     2, 38.70, 41.10, -2.40
  12706659,  7068, 2,18:05:15,18:06:38,    83, 42.50, 34.20,  8.30
         0,     0, 2,18:06:47,18:06:55,     8, 34.20, 44.00, -9.80
  12706659,  7068, 2,18:07:13,18:08:03,    50, 44.00, 28.90, 15.10
  21268104,  6067, 1,18:07:06,18:08:09,    63, 41.20, 34.90,  6.30
         0,     0, 1,18:08:17,18:08:23,     6, 34.90, 41.20, -6.30
         0,     0, 2,18:08:10,18:08:24,    14, 28.90, 44.00,-15.10
  12448483,  6096, 3,18:07:42,18:09:44,   122, 46.60, 21.20, 25.40
         0,     0, 3,18:09:53,18:10:15,    22, 21.20, 21.10,  0.10
  13008815,     0, 8,18:11:25,18:13:07,   102, 41.10, 36.60,  4.50
         0,     0, 8,18:13:16,18:13:20,     4, 36.60, 41.10, -4.50
  13008800,     0, 8,18:13:49,18:15:00,    71, 39.10, 28.60, 10.50
         0,     0, 8,18:15:08,18:15:21,    13, 28.60, 28.60,  0.00
  13008762,     0, 6,18:12:05,18:15:48,   223, 40.70, 31.30,  9.40
         0,     0, 6,18:15:55,18:16:04,     9, 31.30, 41.30,-10.00
  13008833,     0, 6,18:16:14,18:17:01,    47, 41.30, 40.20,  1.10
  13008737,     0, 8,18:17:35,18:17:39,     4, 41.10, 41.10,  0.00
  13008779,     0, 7,18:11:23,18:17:51,   388, 41.50, 41.50,  0.00
  12448479,  6092, 2,18:17:10,18:18:17,    67, 44.00, 42.90,  1.10
  12448477,  6090, 2,18:18:26,18:19:27,    61, 42.90, 42.40,  0.50
  12448479,  6092, 1,18:18:24,18:20:37,   133, 41.20, 29.60, 11.60
         0,     0, 1,18:20:44,18:20:54,    10, 29.60, 41.20,-11.60
  13008786,     0, 8,18:21:45,18:23:48,   123, 41.00, 35.60,  5.40
  12448477,  6090, 2,18:22:49,18:23:50,    61, 42.40, 37.60,  4.80
         0,     0, 8,18:23:56,18:24:01,     5, 35.60, 41.00, -5.40
         0,     0, 2,18:23:58,18:24:03,     5, 37.60, 44.10, -6.50
  12448477,  6090, 2,18:24:32,18:24:56,    24, 44.10, 39.90,  4.20
  12200046,  5100, 1,18:24:39,18:24:59,    20, 41.20, 40.40,  0.80
         0,     0, 2,18:25:04,18:25:06,     2, 39.90, 43.90, -4.00
  12200046,  5100, 1,18:25:10,18:25:33,    23, 40.40, 35.70,  4.70
         0,     0, 1,18:25:41,18:25:45,     4, 35.70, 41.30, -5.60
  13008737,     0, 7,18:18:02,18:27:09,   547, 41.40, 24.90, 16.50
  12706601,     0, 9,18:26:04,18:27:17,    73, 41.10, 36.50,  4.60
  12706738,  7147, 2,18:25:45,18:27:24,    99, 43.90, 32.00, 11.90
         0,     0, 7,18:27:17,18:27:28,    11, 24.90, 41.50,-16.60
         0,     0, 9,18:27:24,18:27:30,     6, 36.50, 41.00, -4.50
  13008732,  7153, 3,18:27:14,18:27:34,    20, 46.40, 45.30,  1.10
         0,     0, 2,18:27:31,18:27:41,    10, 32.00, 43.90,-11.90
  13008836,     0, 7,18:27:47,18:27:53,     6, 41.40, 41.50, -0.10
  13008836,     0, 8,18:27:58,18:28:25,    27, 41.00, 40.80,  0.20
  13008836,     0, 8,18:29:12,18:30:38,    86, 40.50, 29.00, 11.50
         0,     0, 8,18:30:47,18:31:00,    13, 29.00, 41.10,-12.10
  11499202,     0, 6,18:17:20,18:34:10,  1010, 39.20, 29.70,  9.50
         0,     0, 6,18:34:17,18:34:28,    11, 29.70, 41.40,-11.70
  12706669,  7078, 4,18:35:36,18:36:25,    49, 43.90, 43.10,  0.80
  12706686,  7095, 3,18:35:20,18:36:32,    72, 44.60, 35.30,  9.30
         0,     0, 3,18:36:40,18:36:49,     9, 35.30, 35.10,  0.20
  12448428,  6041, 3,18:37:05,18:37:18,    13, 46.60, 46.70, -0.10
  12448428,  6041, 1,18:39:07,18:39:49,    42, 41.30, 29.80, 11.50
         0,     0, 1,18:39:57,18:40:07,    10, 29.80, 41.30,-11.50
  12448409,  6022, 2,18:40:21,18:40:34,    13, 43.90, 43.90,  0.00
  12448409,  6022, 1,18:40:53,18:41:12,    19, 41.30, 41.30,  0.00
  13008732,  7153, 3,18:38:52,18:41:46,   174, 46.60, 24.30, 22.30
  21306958,  5124, 8,18:41:51,18:41:56,     5, 41.20, 41.20,  0.00
         0,     0, 3,18:41:54,18:42:13,    19, 24.30, 24.20,  0.10
  12706616,  7025, 4,18:43:45,18:45:01,    76, 43.60, 27.90, 15.70
  12448409,  6022, 1,18:41:26,18:45:09,   223, 41.30, 24.60, 16.70
         0,     0, 4,18:45:08,18:45:23,    15, 27.90, 43.20,-15.30
         0,     0, 1,18:45:16,18:45:31,    15, 24.60, 41.30,-16.70
  12200042,  5096, 3,18:46:08,18:46:14,     6, 46.50, 46.70, -0.20
  11724159,     0, 6,18:42:07,18:47:16,   309, 37.80, 37.80,  0.00
         0,     0, 6,18:47:23,18:47:26,     3, 37.80, 41.50, -3.70
  12706624,  7033, 6,18:47:37,18:50:03,   146, 41.50, 36.50,  5.00
         0,     0, 6,18:50:10,18:50:14,     4, 36.50, 41.50, -5.00
  12200042,  5096, 1,18:50:00,18:51:27,    87, 41.30, 27.90, 13.40
  13008786,     0, 7,18:29:50,18:51:33,  1303, 32.70, 32.60,  0.10
         0,     0, 1,18:51:34,18:51:46,    12, 27.90, 41.20,-13.30
         0,     0, 7,18:51:41,18:51:46,     5, 32.60, 32.70, -0.10
  12448415,     0, 8,18:52:02,18:52:07,     5, 41.20, 41.30, -0.10
  13323435,     0, 9,18:52:14,18:52:23,     9, 41.00, 41.00,  0.00
  12448415,     0, 8,18:52:30,18:55:26,   176, 41.10, 27.60, 13.50
         0,     0, 8,18:55:34,18:55:48,    14, 27.60, 41.10,-13.50
  12706669,  7078, 2,18:52:42,18:56:31,   229, 44.00, 34.10,  9.90
         0,     0, 2,18:56:39,18:56:47,     8, 34.10, 44.00, -9.90
  12706604,     0, 8,18:56:12,18:56:45,    33, 41.00, 40.90,  0.10
  12706604,     0, 8,18:56:58,18:56:59,     1, 40.60, 40.70, -0.10
  11954050,  4080, 2,18:57:00,18:57:20,    20, 44.10, 42.90,  1.20
  12706604,     0, 8,18:57:19,18:57:28,     9, 40.70, 40.30,  0.40
  13323416,     0,10,18:56:05,18:57:33,    88, 40.90, 33.00,  7.90
         0,     0,10,18:57:41,18:57:49,     8, 33.00, 41.20, -8.20
  11954050,  4080, 1,18:57:53,18:58:45,    52, 41.20, 35.30,  5.90
         0,     0, 1,18:58:52,18:58:57,     5, 35.30, 41.40, -6.10
  12706604,     0, 8,18:59:08,18:59:10,     2, 21.80, 21.90, -0.10
         0,     0, 8,18:59:17,18:59:37,    20, 21.90, 41.00,-19.10
  12706604,     0, 7,18:55:15,18:59:37,   262, 41.60, 41.40,  0.20
  12448428,  6041, 2,18:59:03,18:59:57,    54, 42.90, 36.90,  6.00
         0,     0, 2,19:00:04,19:00:10,     6, 36.90, 43.90, -7.00
  12448420,     0, 9,18:58:52,19:00:43,   111, 41.00, 38.80,  2.20
         0,     0, 9,19:00:52,19:00:54,     2, 38.80, 41.10, -2.30
  11954042,     0, 8,19:01:14,19:01:19,     5, 41.10, 41.00,  0.10
  12448420,     0, 9,19:01:28,19:01:29,     1, 39.80, 39.80,  0.00
         0,     0, 9,19:01:38,19:01:39,     1, 39.80, 41.00, -1.20
  11954042,     0, 8,19:01:31,19:01:43,    12, 41.10, 41.00,  0.10
  12706710,  7119, 1,19:01:20,19:03:40,   140, 41.40, 22.40, 19.00
         0,     0, 1,19:03:48,19:04:05,    17, 22.40, 41.20,-18.80
  13008765,     0, 9,19:03:40,19:04:16,    36, 40.40, 38.10,  2.30
         0,     0, 9,19:04:24,19:04:27,     3, 38.10, 41.10, -3.00
  13008765,     0, 9,19:04:43,19:04:49,     6, 39.70, 39.70,  0.00
         0,     0, 9,19:04:58,19:04:59,     1, 39.70, 41.00, -1.30
  11954042,     0, 8,19:02:09,19:05:43,   214, 41.00, 25.70, 15.30
         0,     0, 8,19:05:51,19:06:07,    16, 25.70, 41.10,-15.40
  13323434,     0, 9,19:08:19,19:08:22,     3, 40.80, 40.90, -0.10
  13323434,     0, 9,19:09:38,19:09:43,     5, 39.70, 39.50,  0.20
         0,     0, 9,19:09:52,19:09:53,     1, 39.50, 41.10, -1.60
  13323434,     0, 9,19:10:37,19:10:39,     2, 40.00, 39.60,  0.40
         0,     0, 9,19:10:48,19:10:49,     1, 39.60, 40.70, -1.10
  13323434,     0, 9,19:11:07,19:11:31,    24, 40.70, 38.50,  2.20
         0,     0, 9,19:11:40,19:11:43,     3, 38.50, 41.10, -2.60
  13008833,     0, 6,19:01:57,19:11:54,   597, 41.60, 21.80, 19.80
         0,     0, 6,19:12:02,19:12:21,    19, 21.80, 41.40,-19.60
  12199988,  5042, 2,19:11:05,19:12:31,    86, 43.90, 42.40,  1.50
  13323434,     0, 9,19:12:32,19:12:34,     2, 38.60, 38.60,  0.00
         0,     0, 9,19:12:42,19:12:45,     3, 38.60, 41.10, -2.50
  12199988,  5042, 1,19:12:39,19:12:53,    14, 41.20, 40.60,  0.60
  13008835,     0, 6,19:13:06,19:15:09,   123, 41.10, 36.60,  4.50
  12199988,  5042, 1,19:13:05,19:15:17,   132, 40.60, 26.40, 14.20
         0,     0, 6,19:15:17,19:15:21,     4, 36.60, 41.50, -4.90
  12448521,     0, 7,19:04:33,19:15:24,   651, 27.70, 27.70,  0.00
         0,     0, 1,19:15:24,19:15:38,    14, 26.40, 41.20,-14.80
         0,     0, 7,19:15:31,19:15:40,     9, 27.70, 27.70,  0.00
  12706636,  7045, 2,19:14:03,19:15:43,   100, 42.40, 22.00, 20.40
  12706726,  7135, 5,19:16:06,19:16:07,     1, 40.70, 40.70,  0.00
         0,     0, 2,19:15:50,19:16:11,    21, 22.00, 44.10,-22.10
  12706686,  7095, 3,19:14:45,19:16:17,    92, 46.60, 36.40, 10.20
         0,     0, 3,19:16:25,19:16:33,     8, 36.40, 36.60, -0.20
  13008747,     0, 9,19:16:34,19:17:45,    71, 41.10, 37.60,  3.50
         0,     0, 9,19:17:53,19:17:57,     4, 37.60, 41.10, -3.50
  12706700,  7109, 1,19:17:56,19:18:09,    13, 41.20, 39.10,  2.10
         0,     0, 1,19:18:17,19:18:18,     1, 39.10, 41.30, -2.20
  21306958,  5124, 8,19:19:21,19:19:26,     5, 41.20, 41.20,  0.00
  12706727,  7136, 2,19:18:19,19:19:29,    70, 44.10, 32.30, 11.80
  13008815,     0, 7,19:16:26,19:19:31,   185, 36.80, 27.40,  9.40
         0,     0, 2,19:19:36,19:19:47,    11, 32.30, 43.90,-11.60
         0,     0, 7,19:19:38,19:19:47,     9, 27.40, 41.40,-14.00
  21268104,  6067, 3,19:18:51,19:20:16,    85, 46.70, 37.90,  8.80
         0,     0, 3,19:20:23,19:20:30,     7, 37.90, 37.70,  0.20
  11724239,  3139, 1,19:20:59,19:21:07,     8, 41.30, 41.20,  0.10
  11954075,  4105, 2,19:21:19,19:21:48,    29, 43.90, 37.80,  6.10
         0,     0, 2,19:21:56,19:22:01,     5, 37.80, 44.00, -6.20
  11954056,     0, 8,19:22:37,19:22:52,    15, 41.00, 41.00,  0.00
  11954075,  4105, 2,19:22:12,19:22:54,    42, 44.00, 33.90, 10.10
  11724239,  3139, 1,19:22:10,19:22:58,    48, 41.20, 41.00,  0.20
         0,     0, 2,19:23:02,19:23:11,     9, 33.90, 44.00,-10.10
  13008786,     0, 7,19:21:38,19:23:41,   123, 40.30, 30.90,  9.40
         0,     0, 7,19:23:49,19:23:56,     7, 30.90, 41.50,-10.60
  21292347,  5120, 4,19:24:58,19:26:42,   104, 43.40, 37.30,  6.10
  12706726,  7135, 5,19:25:54,19:26:46,    52, 40.80, 33.50,  7.30
         0,     0, 4,19:26:49,19:26:55,     6, 37.30, 43.30, -6.00
         0,     0, 5,19:26:54,19:27:01,     7, 33.50, 40.90, -7.40
  11954056,     0, 7,19:24:39,19:27:35,   176, 37.10, 22.70, 14.40
  11724239,  3139, 1,19:23:39,19:27:40,   241, 41.00, 26.80, 14.20
         0,     0, 7,19:27:42,19:27:54,    12, 22.70, 41.60,-18.90
         0,     0, 1,19:27:48,19:28:02,    14, 26.80, 41.30,-14.50
  11724109,  6068, 2,19:28:35,19:28:50,    15, 44.00, 43.90,  0.10
  11724239,  3139, 1,19:28:13,19:28:54,    41, 41.30, 36.00,  5.30
         0,     0, 1,19:29:01,19:29:05,     4, 36.00, 41.30, -5.30
  11724109,  6068, 1,19:30:20,19:31:09,    49, 41.30, 41.30,  0.00
  11499161,  2051, 2,19:30:44,19:31:09,    25, 43.90, 43.60,  0.30
  11724109,  6068, 1,19:31:21,19:32:26,    65, 41.30, 41.00,  0.30
  11724109,  6068, 1,19:32:39,19:34:06,    87, 41.00, 33.20,  7.80
  11499161,  2051, 2,19:31:23,19:34:06,   163, 43.60, 28.10, 15.50
         0,     0, 1,19:34:13,19:34:20,     7, 33.20, 41.30, -8.10
         0,     0, 2,19:34:14,19:34:29,    15, 28.10, 44.00,-15.90
  21306958,  5124, 8,19:38:20,19:38:23,     3, 41.00, 41.00,  0.00
  13008756,  7115, 1,19:37:07,19:39:18,   131, 41.30, 25.90, 15.40
  13008732,  7153, 3,19:37:55,19:39:27,    92, 46.90, 30.60, 16.30
         0,     0, 1,19:39:25,19:39:39,    14, 25.90, 41.30,-15.40
         0,     0, 3,19:39:35,19:39:48,    13, 30.60, 30.50,  0.10
  13323416,     0, 9,19:39:10,19:40:05,    55, 41.10, 39.20,  1.90
         0,     0, 9,19:40:13,19:40:15,     2, 39.20, 41.10, -1.90
  13323416,     0,10,19:40:41,19:41:06,    25, 27.40, 25.80,  1.60
         0,     0,10,19:41:14,19:41:30,    16, 25.80, 41.20,-15.40
  21268825,  6087, 3,19:40:03,19:42:18,   135, 47.00, 28.20, 18.80
  13008768,     0, 6,19:16:30,19:42:19,  1549, 41.50, 24.30, 17.20
         0,     0, 3,19:42:26,19:42:42,    16, 28.20, 28.80, -0.60
         0,     0, 6,19:42:27,19:42:43,    16, 24.30, 41.50,-17.20
  11953978,  4008, 3,19:43:07,19:44:21,    74, 47.20, 33.80, 13.40
  21306958,  5124, 7,19:28:05,19:44:37,   992, 41.50, 29.00, 12.50
         0,     0, 3,19:44:30,19:44:40,    10, 33.80, 34.10, -0.30
  13008797,     0, 6,19:43:23,19:44:45,    82, 41.50, 39.80,  1.70
         0,     0, 7,19:44:45,19:44:52,     7, 29.00, 41.40,-12.40
         0,     0, 6,19:44:53,19:44:53,     0, 39.80, 41.40, -1.60
  12448451,  6064, 2,19:46:03,19:47:32,    89, 44.00, 43.80,  0.20
  12448473,  6086, 2,19:47:43,19:48:53,    70, 43.80, 31.70, 12.10
         0,     0, 2,19:49:00,19:49:11,    11, 31.70, 44.10,-12.40
  12199981,  5035, 2,19:49:43,19:49:47,     4, 44.10, 44.10,  0.00
  12448451,  6064, 1,19:47:36,19:49:53,   137, 41.30, 35.30,  6.00
  13323358,     0, 8,19:48:39,19:49:54,    75, 41.00, 40.80,  0.20
         0,     0, 1,19:50:00,19:50:05,     5, 35.30, 41.20, -5.90
  13008789,     0, 7,19:45:07,19:50:06,   299, 41.10, 31.70,  9.40
         0,     0, 7,19:50:14,19:50:20,     6, 31.70, 41.50, -9.80
  12448451,  6064, 2,19:50:05,19:51:16,    71, 44.10, 21.10, 23.00
         0,     0, 2,19:51:23,19:51:45,    22, 21.10, 44.10,-23.00
  12199981,  5035, 1,19:51:46,19:52:47,    61, 41.30, 26.40, 14.90
         0,     0, 1,19:52:55,19:53:08,    13, 26.40, 41.30,-14.90
  13323358,     0, 8,19:57:19,19:58:41,    82, 40.80, 31.80,  9.00
         0,     0, 8,19:58:50,19:58:59,     9, 31.80, 41.20, -9.40
  12706616,  7025, 2,19:58:30,19:59:26,    56, 44.10, 35.00,  9.10
  21292347,  5120, 4,19:58:22,19:59:29,    67, 43.90, 37.30,  6.60
         0,     0, 2,19:59:34,19:59:42,     8, 35.00, 44.00, -9.00
         0,     0, 4,19:59:37,19:59:43,     6, 37.30, 43.30, -6.00
  13323427,     0, 8,20:00:19,20:03:37,   198, 41.20, 29.60, 11.60
         0,     0, 8,20:03:46,20:03:57,    11, 29.60, 41.10,-11.50
  13008797,     0, 6,19:46:10,20:10:51,  1481, 39.90, 31.30,  8.60
         0,     0, 6,20:10:59,20:11:08,     9, 31.30, 41.00, -9.70
  13008742,  7163, 5,20:14:41,20:15:03,    22, 40.90, 40.60,  0.30
  12448416,  6029, 2,20:14:11,20:16:13,   122, 43.90, 31.10, 12.80
         0,     0, 2,20:16:21,20:16:32,    11, 31.10, 44.00,-12.90
  21306958,  5124, 8,20:16:45,20:16:49,     4, 41.10, 41.10,  0.00
  11954075,  4105, 2,20:16:42,20:17:52,    70, 44.00, 31.60, 12.40
         0,     0, 2,20:18:01,20:18:12,    11, 31.60, 44.00,-12.40
  12706601,     0, 9,20:16:50,20:19:02,   132, 41.10, 34.30,  6.80
         0,     0, 9,20:19:10,20:19:19,     9, 34.30, 41.10, -6.80
  13008742,  7163, 5,20:23:34,20:23:58,    24, 40.70, 40.40,  0.30
  13008742,  7163, 5,20:24:10,20:25:31,    81, 40.40, 23.60, 16.80
         0,     0, 5,20:25:38,20:25:54,    16, 23.60, 40.80,-17.20
  12448416,  6029, 2,20:24:00,20:26:55,   175, 44.00, 38.10,  5.90
         0,     0, 2,20:27:02,20:27:06,     4, 38.10, 44.00, -5.90
  13008836,     0, 7,20:26:17,20:28:11,   114, 41.50, 41.40,  0.10
  12448416,  6029, 1,20:27:14,20:28:21,    67, 41.30, 38.90,  2.40
         0,     0, 1,20:28:29,20:28:30,     1, 38.90, 41.30, -2.40
  12706639,  7048, 2,20:28:43,20:29:43,    60, 44.00, 41.10,  2.90
         0,     0, 2,20:29:52,20:29:53,     1, 41.10, 44.00, -2.90
  12706639,  7048, 1,20:29:51,20:29:58,     7, 41.20, 40.00,  1.20
  12706707,  7116, 2,20:30:14,20:31:35,    81, 44.00, 34.60,  9.40
         0,     0, 2,20:31:43,20:31:51,     8, 34.60, 44.00, -9.40
  12448437,  6050, 8,20:34:25,20:34:26,     1, 26.20, 26.20,  0.00
         0,     0, 8,20:34:34,20:34:49,    15, 26.20, 41.20,-15.00
  13008735,  7156, 4,20:32:25,20:35:37,   192, 43.10, 28.90, 14.20
         0,     0, 4,20:35:44,20:35:58,    14, 28.90, 43.20,-14.30
  11724159,     0, 6,20:20:42,20:37:40,  1018, 37.40, 26.80, 10.60
         0,     0, 6,20:37:47,20:38:00,    13, 26.80, 27.00, -0.20
  12706701,  7110, 2,20:37:55,20:37:58,     3, 44.10, 44.10,  0.00
  12706707,  7116, 2,20:38:15,20:39:06,    51, 44.10, 37.30,  6.80
  12706701,  7110, 1,20:38:04,20:39:11,    67, 40.00, 39.50,  0.50
         0,     0, 1,20:39:18,20:39:19,     1, 39.50, 41.20, -1.70
         0,     0, 2,20:39:15,20:39:20,     5, 37.30, 44.00, -6.70
  12706701,  7110, 2,20:39:30,20:39:44,    14, 44.00, 42.70,  1.30
  12448437,  6050, 7,20:28:24,20:41:27,   783, 41.30, 36.30,  5.00
         0,     0, 7,20:41:35,20:41:38,     3, 36.30, 41.30, -5.00
  13323425,     0, 9,20:41:35,20:41:44,     9, 41.00, 40.90,  0.10
  12706701,  7110, 2,20:40:00,20:42:28,   148, 42.70, 27.60, 15.10
         0,     0, 2,20:42:37,20:42:52,    15, 27.60, 44.20,-16.60
  13008836,     0, 8,20:43:08,20:43:19,    11, 41.20, 41.10,  0.10
  12199986,     0, 7,20:41:50,20:43:40,   110, 40.60, 34.20,  6.40
         0,     0, 7,20:43:48,20:43:52,     4, 34.20, 41.50, -7.30
  12200046,  5100, 2,20:43:49,20:44:58,    69, 44.20, 32.30, 11.90
  12448477,  6090, 4,20:42:21,20:45:05,   164, 43.30, 33.00, 10.30
         0,     0, 2,20:45:06,20:45:17,    11, 32.30, 44.00,-11.70
  13008836,     0, 8,20:45:04,20:45:18,    14, 41.10, 41.00,  0.10
         0,     0, 4,20:45:13,20:45:23,    10, 33.00, 43.40,-10.40
  13008836,     0, 8,20:46:08,20:47:22,    74, 39.70, 27.50, 12.20
         0,     0, 8,20:47:30,20:47:44,    14, 27.50, 41.20,-13.70
  12706622,     0, 6,20:42:52,20:48:02,   310, 41.40, 32.30,  9.10
         0,     0, 6,20:48:10,20:48:18,     8, 32.30, 41.50, -9.20
  12448521,     0, 8,20:51:05,20:51:31,    26, 40.50, 38.20,  2.30
         0,     0, 8,20:51:38,20:51:41,     3, 38.20, 41.10, -2.90
  13008836,     0, 7,20:44:22,20:53:06,   524, 41.50, 41.40,  0.10
  13323435,     0, 9,20:53:34,20:53:43,     9, 40.10, 40.10,  0.00
  13008815,     0, 8,20:53:42,20:54:33,    51, 40.90, 37.00,  3.90
         0,     0, 8,20:54:41,20:54:45,     4, 37.00, 41.10, -4.10
  13323435,     0,10,20:54:13,20:56:29,   136, 40.80, 36.30,  4.50
  11724159,     0, 6,20:48:35,20:56:36,   481, 38.90, 38.90,  0.00
         0,     0,10,20:56:37,20:56:41,     4, 36.30, 41.30, -5.00
         0,     0, 6,20:56:44,20:56:45,     1, 38.90, 41.50, -2.60
  13008747,     0,10,20:56:57,20:59:10,   133, 41.30, 31.30, 10.00
         0,     0,10,20:59:18,20:59:28,    10, 31.30, 41.20, -9.90
  12200007,  5061, 1,20:57:30,20:59:43,   133, 41.20, 28.70, 12.50
         0,     0, 1,20:59:51,21:00:02,    11, 28.70, 41.30,-12.60
  12200048,     0, 8,21:03:05,21:04:41,    96, 41.10, 39.50,  1.60
  13008815,     0, 7,20:53:15,21:04:47,   692, 41.40, 33.80,  7.60
         0,     0, 8,21:04:50,21:04:51,     1, 39.50, 40.90, -1.40
         0,     0, 7,21:04:55,21:04:59,     4, 33.80, 41.50, -7.70
  12200048,     0, 8,21:05:13,21:05:14,     1, 40.80, 40.80,  0.00
  12706727,  7136, 4,21:08:21,21:08:53,    32, 43.30, 43.60, -0.30
  12448479,  6092, 2,21:10:50,21:11:08,    18, 44.00, 43.80,  0.20
  12706727,  7136, 4,21:09:40,21:11:21,   101, 43.70, 35.90,  7.80
         0,     0, 4,21:11:29,21:11:36,     7, 35.90, 43.40, -7.50
  12448479,  6092, 1,21:13:13,21:14:03,    50, 41.40, 39.90,  1.50
         0,     0, 1,21:14:12,21:14:12,     0, 39.90, 41.10, -1.20
  12706669,  7078, 2,21:14:14,21:14:58,    44, 43.60, 43.70, -0.10
  12200048,     0, 7,21:05:24,21:15:02,   578, 41.60, 34.10,  7.50
  12448479,  6092, 1,21:14:22,21:15:05,    43, 41.10, 38.10,  3.00
         0,     0, 7,21:15:10,21:15:14,     4, 34.10, 34.10,  0.00
         0,     0, 1,21:15:13,21:15:15,     2, 38.10, 40.90, -2.80
  13008815,     0, 8,21:16:40,21:16:43,     3, 37.80, 37.80,  0.00
         0,     0, 8,21:16:51,21:16:54,     3, 37.80, 41.00, -3.20
  12200083,     0, 9,21:16:43,21:17:08,    25, 40.10, 37.30,  2.80
         0,     0, 9,21:17:16,21:17:20,     4, 37.30, 41.10, -3.80
  12706738,  7147, 1,21:15:30,21:17:36,   126, 40.90, 21.10, 19.80
         0,     0, 1,21:17:43,21:18:02,    19, 21.10, 41.30,-20.20
  13008800,     0, 8,21:22:34,21:22:41,     7, 29.70, 29.80, -0.10
         0,     0, 8,21:22:49,21:23:01,    12, 29.80, 41.10,-11.30
  12706700,  7109, 3,21:22:10,21:23:08,    58, 46.50, 34.00, 12.50
         0,     0, 3,21:23:16,21:23:26,    10, 34.00, 33.90,  0.10
  12448477,  6090, 2,21:21:18,21:23:26,   128, 43.50, 39.50,  4.00
         0,     0, 2,21:23:34,21:23:37,     3, 39.50, 43.90, -4.40
  12706622,     0, 6,21:13:44,21:25:08,   684, 41.50, 30.40, 11.10
         0,     0, 6,21:25:16,21:25:27,    11, 30.40, 40.20, -9.80
  12706634,     0, 8,21:30:31,21:30:38,     7, 41.20, 41.20,  0.00
  12706727,  7136, 2,21:38:28,21:39:44,    76, 43.70, 34.70,  9.00
         0,     0, 2,21:39:51,21:39:59,     8, 34.70, 44.00, -9.30
  12448409,  6022, 2,21:41:42,21:41:54,    12, 44.00, 43.90,  0.10
  12448409,  6022, 3,21:43:06,21:43:14,     8, 46.60, 47.00, -0.40
  12448409,  6022, 4,21:43:23,21:43:50,    27, 43.40, 43.60, -0.20
  13008735,  7156, 2,21:43:30,21:45:22,   112, 43.90, 37.00,  6.90
         0,     0, 2,21:45:30,21:45:35,     5, 37.00, 43.90, -6.90
  11954050,  4080, 2,21:47:58,21:48:28,    30, 44.00, 43.00,  1.00
  11954050,  4080, 2,21:48:38,21:49:07,    29, 43.00, 40.90,  2.10
         0,     0, 2,21:49:15,21:49:17,     2, 40.90, 44.10, -3.20
  12448409,  6022, 3,21:50:26,21:50:38,    12, 46.80, 47.00, -0.20
  11954050,  4080, 2,21:50:33,21:51:11,    38, 44.10, 42.30,  1.80
  13323425,     0, 9,21:50:50,21:51:53,    63, 41.00, 40.30,  0.70
  13323425,     0, 9,21:52:39,21:52:43,     4, 39.70, 39.70,  0.00
  13008815,     0, 7,21:15:27,21:52:44,  2237, 41.10, 35.10,  6.00
         0,     0, 9,21:52:51,21:52:52,     1, 39.70, 40.90, -1.20
  12448409,  6022, 4,21:51:10,21:52:53,   103, 43.10, 35.60,  7.50
         0,     0, 7,21:52:52,21:52:56,     4, 35.10, 41.60, -6.50
         0,     0, 4,21:53:01,21:53:08,     7, 35.60, 43.30, -7.70
  12200046,  5100, 3,21:53:16,21:53:55,    39, 46.60, 37.80,  8.80
  12448409,  6022, 4,21:53:23,21:53:58,    35, 43.40, 36.50,  6.90
         0,     0, 3,21:54:03,21:54:10,     7, 37.80, 37.90, -0.10
         0,     0, 4,21:54:06,21:54:13,     7, 36.50, 43.40, -6.90
  12706636,  7045, 1,21:53:24,21:55:13,   109, 41.30, 30.00, 11.30
         0,     0, 1,21:55:20,21:55:30,    10, 30.00, 41.30,-11.30
  12706618,     0, 9,21:56:01,21:58:22,   141, 40.50, 30.70,  9.80
         0,     0, 9,21:58:30,21:58:43,    13, 30.70, 41.10,-10.40
  11954014,  4044, 3,21:57:42,21:59:01,    79, 46.60, 31.20, 15.40
         0,     0, 3,21:59:09,21:59:22,    13, 31.20, 31.20,  0.00
  12448479,  6092, 2,21:58:30,22:00:15,   105, 42.10, 32.60,  9.50
         0,     0, 2,22:00:23,22:00:33,    10, 32.60, 44.00,-11.40
  13008802,     0, 9,22:15:10,22:15:51,    41, 41.10, 40.90,  0.20
  13008792,     0, 7,22:11:15,22:15:57,   282, 40.90, 25.10, 15.80
  11953978,  4008, 2,22:14:26,22:16:01,    95, 43.80, 37.00,  6.80
         0,     0, 2,22:16:08,22:16:14,     6, 37.00, 43.90, -6.90
         0,     0, 7,22:16:05,22:16:16,    11, 25.10, 41.50,-16.40
  12448483,  6096, 5,22:13:57,22:16:43,   166, 40.70, 17.40, 23.30
         0,     0, 5,22:16:51,22:17:13,    22, 17.40, 40.90,-23.50
  12706669,  7078, 4,22:17:32,22:18:34,    62, 43.50, 37.70,  5.80
  13008802,     0, 9,22:18:33,22:18:37,     4, 41.00, 40.90,  0.10
         0,     0, 4,22:18:42,22:18:47,     5, 37.70, 37.70,  0.00
  12706669,  7078, 3,22:18:49,22:19:08,    19, 46.90, 43.20,  3.70
         0,     0, 3,22:19:17,22:19:19,     2, 43.20, 46.40, -3.20
  12706669,  7078, 4,22:19:24,22:19:58,    34, 43.30, 40.00,  3.30
         0,     0, 4,22:20:07,22:20:10,     3, 40.00, 43.40, -3.40
  12706655,  7064, 2,22:17:28,22:21:36,   248, 44.00, 41.40,  2.60
         0,     0, 2,22:21:45,22:21:46,     1, 41.40, 43.80, -2.40
  13008765,     0, 9,22:20:29,22:22:39,   130, 40.90, 36.80,  4.10
  11954075,  4105, 2,22:22:00,22:22:42,    42, 43.90, 37.20,  6.70
  12706655,  7064, 1,22:22:02,22:22:46,    44, 41.30, 35.70,  5.60
         0,     0, 9,22:22:47,22:22:52,     5, 36.80, 41.00, -4.20
         0,     0, 2,22:22:49,22:22:54,     5, 37.20, 43.90, -6.70
         0,     0, 1,22:22:53,22:22:57,     4, 35.70, 41.30, -5.60
  11954075,  4105, 2,22:23:31,22:24:04,    33, 43.90, 37.40,  6.50
         0,     0, 2,22:24:12,22:24:17,     5, 37.40, 44.10, -6.70
  13008765,     0, 9,22:23:21,22:24:15,    54, 41.00, 39.00,  2.00
         0,     0, 9,22:24:23,22:24:25,     2, 39.00, 41.10, -2.10
  12706726,  7135, 5,22:22:56,22:24:28,    92, 40.80, 30.90,  9.90
         0,     0, 5,22:24:35,22:24:44,     9, 30.90, 40.90,-10.00
  12448442,  6055, 6,21:25:40,22:27:21,  3701, 37.20, 34.10,  3.10
         0,     0, 6,22:27:29,22:27:35,     6, 34.10, 41.40, -7.30
  11499202,     0, 6,22:27:50,22:29:51,   121, 40.30, 32.30,  8.00
         0,     0, 6,22:29:58,22:30:06,     8, 32.30, 41.50, -9.20
  12706650,  7059, 1,22:28:01,22:30:59,   178, 41.30, 33.20,  8.10
  13323416,     0,10,22:31:04,22:31:05,     1, 40.60, 40.60,  0.00
         0,     0, 1,22:31:06,22:31:13,     7, 33.20, 41.30, -8.10
  12706705,  7114, 3,22:28:44,22:31:28,   164, 46.30, 33.60, 12.70
         0,     0, 3,22:31:37,22:31:48,    11, 33.60, 33.60,  0.00
  12706622,     0, 6,22:35:18,22:36:10,    52, 41.50, 41.50,  0.00
  12200042,  5096, 5,22:33:35,22:36:33,   178, 40.90, 22.70, 18.20
         0,     0, 5,22:36:41,22:36:58,    17, 22.70, 40.80,-18.10
  13008768,     0, 6,22:36:23,22:38:21,   118, 41.50, 41.50,  0.00
  12706659,  7068, 3,22:38:41,22:38:53,    12, 47.20, 47.30, -0.10
  12706659,  7068, 4,22:39:13,22:39:20,     7, 43.60, 43.50,  0.10
  13008737,     0, 7,22:16:27,22:40:55,  1468, 41.50, 26.20, 15.30
  12706659,  7068, 3,22:40:47,22:41:00,    13, 46.90, 46.60,  0.30
  12706639,  7048, 4,22:39:30,22:41:06,    96, 44.00, 32.30, 11.70
         0,     0, 7,22:41:02,22:41:11,     9, 26.20, 41.60,-15.40
  12199969,     0, 9,22:41:04,22:41:14,    10, 41.10, 41.10,  0.00
         0,     0, 4,22:41:14,22:41:24,    10, 32.30, 43.30,-11.00
  21268104,  6067, 3,22:41:24,22:43:14,   110, 46.70, 37.90,  8.80
         0,     0, 3,22:43:22,22:43:29,     7, 37.90, 46.30, -8.40
  12706624,  7033, 6,22:38:31,22:47:35,   544, 41.50, 35.80,  5.70
         0,     0, 6,22:47:42,22:47:47,     5, 35.80, 41.50, -5.70
  12199981,  5035, 4,22:47:26,22:48:47,    81, 43.30, 29.40, 13.90
         0,     0, 4,22:48:56,22:49:09,    13, 29.40, 29.40,  0.00
  12448415,     0, 8,22:46:30,22:49:15,   165, 41.10, 28.10, 13.00
         0,     0, 8,22:49:23,22:49:36,    13, 28.10, 41.10,-13.00
  12706615,     0,10,22:53:25,22:53:59,    34, 40.50, 40.40,  0.10
  13008779,     0, 7,22:41:25,23:00:36,  1151, 40.90, 26.20, 14.70
         0,     0, 7,23:00:43,23:00:52,     9, 26.20, 41.60,-15.40
  12706655,  7064, 4,22:54:08,23:03:32,   564, 43.50, 33.10, 10.40
         0,     0, 4,23:03:40,23:03:50,    10, 33.10, 43.20,-10.10
  13323416,     0, 9,23:04:03,23:04:21,    18, 40.80, 40.70,  0.10
  13323416,     0,10,23:05:02,23:05:04,     2, 37.40, 37.50, -0.10
         0,     0,10,23:05:13,23:05:16,     3, 37.50, 41.20, -3.70
  13323434,     0, 9,23:05:44,23:05:46,     2, 40.60, 40.60,  0.00
  13323434,     0, 9,23:06:23,23:06:51,    28, 40.20, 39.70,  0.50
         0,     0, 9,23:07:00,23:07:00,     0, 39.70, 40.50, -0.80
  12448437,  6050, 7,23:01:19,23:07:53,   394, 41.60, 35.30,  6.30
         0,     0, 7,23:08:01,23:08:04,     3, 35.30, 35.30,  0.00
  11954042,     0, 8,23:08:12,23:08:35,    23, 41.20, 41.10,  0.10
  12706650,  7059, 5,23:07:05,23:08:55,   110, 40.80, 31.20,  9.60
         0,     0, 5,23:09:02,23:09:11,     9, 31.20, 40.90, -9.70
  13323434,     0, 9,23:09:11,23:09:13,     2, 33.80, 33.80,  0.00
  11954042,     0, 8,23:08:53,23:09:13,    20, 41.00, 40.70,  0.30
         0,     0, 9,23:09:21,23:09:30,     9, 33.80, 41.10, -7.30
  11954042,     0, 8,23:09:28,23:09:45,    17, 40.70, 40.20,  0.50
  12200048,     0, 7,23:09:49,23:10:52,    63, 36.90, 37.00, -0.10
         0,     0, 7,23:10:59,23:11:01,     2, 37.00, 41.60, -4.60
  12200048,     0, 8,23:12:05,23:12:07,     2, 31.80, 31.90, -0.10
         0,     0, 8,23:12:16,23:12:25,     9, 31.90, 32.00, -0.10
  13008802,     0, 9,23:13:05,23:13:24,    19, 40.70, 40.00,  0.70
         0,     0, 9,23:13:32,23:13:32,     0, 40.00, 40.90, -0.90
  13008802,     0, 9,23:14:23,23:14:53,    30, 37.20, 33.90,  3.30
         0,     0, 9,23:15:02,23:15:11,     9, 33.90, 41.10, -7.20
  11954014,  4044, 3,23:20:46,23:21:30,    44, 46.60, 32.30, 14.30
         0,     0, 3,23:21:39,23:21:51,    12, 32.30, 32.50, -0.20
  11954042,     0, 7,23:12:18,23:26:05,   827, 32.90, 32.90,  0.00
         0,     0, 7,23:26:13,23:26:18,     5, 32.90, 41.50, -8.60
  21306958,  5124, 8,23:26:34,23:26:40,     6, 41.10, 41.00,  0.10
  21306958,  5124, 8,23:26:56,23:27:08,    12, 41.00, 41.00,  0.00
  12706651,  7060, 1,23:27:53,23:27:57,     4, 41.30, 41.30,  0.00
  21306958,  5124, 8,23:28:06,23:28:19,    13, 41.00, 40.90,  0.10
  12706637,  7046, 3,23:32:15,23:33:03,    48, 46.90, 46.80,  0.10
  21306958,  5124, 8,23:28:43,23:33:15,   272, 40.90, 30.80, 10.10
         0,     0, 8,23:33:24,23:33:35,    11, 30.80, 41.00,-10.20
  12706637,  7046, 3,23:33:12,23:34:32,    80, 46.80, 33.80, 13.00
         0,     0, 3,23:34:40,23:34:50,    10, 33.80, 33.70,  0.10
  12706639,  7048, 3,23:36:11,23:36:16,     5, 47.10, 46.90,  0.20
  12706669,  7078, 5,23:36:48,23:37:30,    42, 40.90, 34.30,  6.60
         0,     0, 5,23:37:38,23:37:44,     6, 34.30, 40.90, -6.60
  13008797,     0, 6,23:34:13,23:37:43,   210, 41.50, 32.90,  8.60
         0,     0, 6,23:37:51,23:37:58,     7, 32.90, 33.00, -0.10
  12706639,  7048, 3,23:40:20,23:42:16,   116, 46.90, 37.30,  9.60
         0,     0, 3,23:42:23,23:42:30,     7, 37.30, 37.10,  0.20
  13008756,  7115, 1,23:41:27,23:44:12,   165, 41.30, 27.20, 14.10
         0,     0, 1,23:44:19,23:44:32,    13, 27.20, 41.30,-14.10
  13008833,     0, 6,23:38:22,23:44:43,   381, 41.10, 23.20, 17.90
  21306958,  5124, 7,23:26:28,23:44:43,  1095, 41.50, 41.50,  0.00
  12200085,     0,10,23:44:31,23:44:43,    12, 41.00, 39.70,  1.30
         0,     0,10,23:44:51,23:44:51,     0, 39.70, 40.40, -0.70
         0,     0, 1,23:44:56,23:45:06,    10, 41.30, 41.30,  0.00
         0,     0, 2,23:44:56,23:45:06,    10, 44.00, 44.00,  0.00
         0,     0, 3,23:44:56,23:45:06,    10, 46.70, 46.70,  0.00
         0,     0, 4,23:44:56,23:45:06,    10, 43.20, 43.20,  0.00
         0,     0, 5,23:44:56,23:45:06,    10, 40.80, 40.80,  0.00
         0,     0, 8,23:44:56,23:45:06,    10, 41.10, 41.10,  0.00
         0,     0, 9,23:44:56,23:45:06,    10, 41.10, 41.10,  0.00
         0,     0, 6,23:44:51,23:45:08,    17, 23.20, 23.30, -0.10
