         0,     0, 9, 0:03:14, 0:03:24,    10, 32.30, 32.30,  0.00
         0,     0,10, 0:03:14, 0:03:24,    10, 40.80, 40.80,  0.00
         0,     0, 1, 0:03:14, 0:03:24,    10, 41.20, 41.20,  0.00
         0,     0, 2, 0:03:14, 0:03:24,    10, 43.80, 43.80,  0.00
         0,     0, 3, 0:03:14, 0:03:24,    10, 46.70, 46.70,  0.00
         0,     0, 4, 0:03:14, 0:03:24,    10, 43.80, 43.80,  0.00
         0,     0, 6, 0:03:14, 0:03:24,    10, 23.10, 23.10,  0.00
         0,     0, 5, 0:03:14, 0:03:24,    10, 41.00, 41.00,  0.00
         0,     0, 7, 0:03:14, 0:03:24,    10, 41.50, 41.50,  0.00
         0,     0, 8, 0:03:14, 0:03:24,    10, 31.70, 31.70,  0.00
  12448448,  6061, 5, 0:04:32, 0:05:11,    39, 41.00, 41.00,  0.00
  12448471,  6084, 2, 0:04:39, 0:05:48,    69, 43.80, 31.70, 12.10
         0,     0, 2, 0:05:56, 0:06:07,    11, 31.70, 44.00,-12.30
  12448448,  6061, 5, 0:09:26, 0:20:01,   635, 40.90, 20.10, 20.80
         0,     0, 5, 0:20:09, 0:20:29,    20, 20.10, 40.80,-20.70
  11953978,  4008, 2, 0:16:29, 0:21:13,   284, 44.00, 27.60, 16.40
  12706669,  7078, 4, 0:20:09, 0:21:22,    73, 43.90, 37.70,  6.20
         0,     0, 4, 0:21:29, 0:21:34,     5, 37.70, 37.60,  0.10
         0,     0, 2, 0:21:20, 0:21:36,    16, 27.60, 44.00,-16.40
  12199981,  5035, 1, 0:25:05, 0:25:11,     6, 41.20, 41.20,  0.00
  12199981,  5035, 2, 0:25:17, 0:25:19,     2, 44.20, 44.20,  0.00
  12199981,  5035, 5, 0:26:18, 0:26:28,    10, 40.80, 40.80,  0.00
  12706686,  7095, 4, 0:25:55, 0:28:48,   173, 43.30, 24.60, 18.70
         0,     0, 4, 0:28:55, 0:29:13,    18, 24.60, 43.50,-18.90
  11954014,  4044, 3, 0:30:57, 0:31:54,    57, 46.60, 39.40,  7.20
         0,     0, 3, 0:32:02, 0:32:07,     5, 39.40, 39.60, -0.20
  12199981,  5035, 3, 0:32:21, 0:34:22,   121, 46.70, 27.70, 19.00
         0,     0, 3, 0:34:30, 0:34:46,    16, 27.70, 27.60,  0.10
  12706655,  7064, 3, 0:36:39, 0:41:14,   275, 46.80, 46.20,  0.60
  21292347,  5120, 4, 0:41:23, 0:42:44,    81, 44.00, 37.20,  6.80
  12706655,  7064, 3, 0:42:05, 0:42:48,    43, 45.80, 44.30,  1.50
         0,     0, 4, 0:42:52, 0:42:58,     6, 37.20, 43.40, -6.20
  12448415,     0, 7, 0:09:47, 0:44:36,  2089, 41.50, 27.20, 14.30
         0,     0, 7, 0:44:44, 0:44:53,     9, 27.20, 27.20,  0.00
  12706655,  7064, 4, 0:43:26, 0:45:52,   146, 43.40, 32.20, 11.20
         0,     0, 4, 0:45:59, 0:46:10,    11, 32.20, 43.50,-11.30
         0,     0, 8, 0:46:51, 0:47:04,    13, 28.40, 41.10,-12.70
  12199986,     0, 7, 0:45:03, 0:48:21,   198, 41.40, 36.60,  4.80
         0,     0, 7, 0:48:29, 0:48:32,     3, 36.60, 41.60, -5.00
  12706705,  7114, 2, 0:48:34, 0:49:27,    53, 44.00, 43.70,  0.30
  12706669,  7078, 3, 0:47:57, 0:49:48,   111, 44.00, 39.70,  4.30
         0,     0, 3, 0:49:55, 0:50:00,     5, 39.70, 39.70,  0.00
  12200042,  5096, 5, 0:47:00, 0:50:10,   190, 40.80, 26.10, 14.70
         0,     0, 5, 0:50:17, 0:50:31,    14, 26.10, 26.10,  0.00
  11499202,     0, 6, 0:34:50, 0:52:13,  1043, 23.00, 18.10,  4.90
         0,     0, 6, 0:52:20, 0:52:42,    22, 18.10, 40.20,-22.10
  12706705,  7114, 5, 1:08:01, 1:08:12,    11, 40.80, 40.80,  0.00
  12706618,     0, 9, 1:08:41, 1:09:40,    59, 32.30, 28.80,  3.50
         0,     0, 9, 1:09:48, 1:10:04,    16, 28.80, 41.10,-12.30
  12706636,  7045, 3, 1:10:54, 1:12:03,    69, 46.50, 39.50,  7.00
         0,     0, 3, 1:12:11, 1:12:16,     5, 39.50, 39.90, -0.40
  12706636,  7045, 4, 1:12:13, 1:13:58,   105, 43.80, 34.40,  9.40
         0,     0, 4, 1:14:05, 1:14:13,     8, 34.40, 43.30, -8.90
  12448483,  6096, 1, 1:13:33, 1:15:09,    96, 41.20, 41.10,  0.10
  12706601,     0,10, 1:20:53, 1:21:47,    54, 40.60, 34.90,  5.70
         0,     0,10, 1:21:54, 1:22:00,     6, 34.90, 41.20, -6.30
  12448483,  6096, 2, 1:15:20, 1:22:06,   406, 43.60, 29.10, 14.50
         0,     0, 2, 1:22:14, 1:22:28,    14, 29.10, 43.90,-14.80
  12448428,  6041, 1, 1:21:26, 1:22:39,    73, 41.10, 24.70, 16.40
         0,     0, 1, 1:22:47, 1:23:02,    15, 24.70, 41.30,-16.60
  12448416,  6029, 4, 1:20:16, 1:24:14,   238, 43.30, 25.90, 17.40
  11724159,     0, 6, 0:52:54, 1:24:30,  1896, 40.40, 30.00, 10.40
         0,     0, 4, 1:24:21, 1:24:38,    17, 25.90, 43.30,-17.40
         0,     0, 6, 1:24:38, 1:24:48,    10, 30.00, 41.30,-11.30
  12448416,  6029, 3, 1:24:35, 1:25:11,    36, 46.30, 46.10,  0.20
  12706738,  7147, 5, 1:28:38, 1:28:47,     9, 40.80, 40.80,  0.00
  12706738,  7147, 4, 1:29:40, 1:33:57,   257, 43.70, 22.30, 21.40
         0,     0, 4, 1:34:05, 1:34:25,    20, 22.30, 43.40,-21.10
  12448521,     0, 7, 1:08:01, 1:41:49,  2028, 41.50, 32.90,  8.60
         0,     0, 7, 1:41:56, 1:42:01,     5, 32.90, 41.50, -8.60
  13008732,  7153, 1, 1:49:07, 1:49:21,    14, 41.30, 41.30,  0.00
  12448442,  6055, 6, 1:24:58, 1:52:43,  1665, 40.30, 37.60,  2.70
         0,     0, 6, 1:52:51, 1:52:54,     3, 37.60, 41.60, -4.00
  13008732,  7153, 2, 1:49:57, 1:53:02,   185, 44.00, 27.50, 16.50
         0,     0, 2, 1:53:10, 1:53:25,    15, 27.50, 44.00,-16.50
  12200007,  5061, 1, 2:00:29, 2:02:06,    97, 41.30, 30.40, 10.90
         0,     0, 1, 2:02:13, 2:02:22,     9, 30.40, 41.20,-10.80
  12448449,  6062, 3, 2:00:43, 2:02:30,   107, 45.70, 33.60, 12.10
         0,     0, 3, 2:02:39, 2:02:50,    11, 33.60, 46.60,-13.00
  12706726,  7135, 2, 2:10:33, 2:11:34,    61, 44.00, 43.40,  0.60
  12706726,  7135, 1, 2:11:53, 2:12:42,    49, 41.20, 33.40,  7.80
         0,     0, 1, 2:12:49, 2:12:56,     7, 33.40, 41.20, -7.80
  13323451,     0,10, 2:13:37, 2:15:28,   111, 41.10, 30.90, 10.20
  13008815,     0, 8, 2:13:22, 2:15:42,   140, 28.00, 21.80,  6.20
         0,     0,10, 2:15:36, 2:15:46,    10, 30.90, 41.20,-10.30
         0,     0, 8, 2:15:50, 2:16:10,    20, 21.80, 41.10,-19.30
  12200046,  5100, 2, 2:17:53, 2:19:36,   103, 43.30, 24.60, 18.70
         0,     0, 2, 2:19:44, 2:20:03,    19, 24.60, 44.00,-19.40
  13008735,  7156, 4, 2:17:17, 2:21:45,   268, 43.80, 32.20, 11.60
         0,     0, 4, 2:21:54, 2:22:05,    11, 32.20, 43.40,-11.20
  11499161,  2051, 1, 2:22:26, 2:24:53,   147, 41.20, 28.30, 12.90
         0,     0, 1, 2:25:00, 2:25:12,    12, 28.30, 41.20,-12.90
  12448477,  6090, 4, 2:28:07, 2:28:47,    40, 43.40, 41.10,  2.30
         0,     0, 4, 2:28:55, 2:28:57,     2, 41.10, 43.40, -2.30
  13008836,     0, 8, 2:38:01, 2:39:04,    63, 41.10, 41.00,  0.10
  12706616,  7025, 3, 2:39:54, 2:41:04,    70, 46.50, 33.00, 13.50
         0,     0, 3, 2:41:12, 2:41:23,    11, 33.00, 33.20, -0.20
  13008836,     0, 8, 2:39:18, 2:41:29,   131, 40.90, 30.40, 10.50
         0,     0, 8, 2:41:38, 2:41:49,    11, 30.40, 41.10,-10.70
  13323427,     0, 8, 2:44:58, 2:45:01,     3, 40.90, 41.00, -0.10
  11499161,  2051, 1, 2:43:44, 2:47:19,   215, 41.20, 35.90,  5.30
         0,     0, 1, 2:47:26, 2:47:30,     4, 35.90, 41.20, -5.30
  13323427,     0, 8, 2:48:05, 2:48:30,    25, 32.00, 26.90,  5.10
         0,     0, 8, 2:48:39, 2:48:54,    15, 26.90, 41.10,-14.20
  13008735,  7156, 3, 2:53:51, 2:55:47,   116, 46.70, 42.70,  4.00
         0,     0, 3, 2:55:55, 2:55:57,     2, 42.70, 46.50, -3.80
  13008800,     0, 9, 2:54:49, 2:57:18,   149, 41.10, 33.00,  8.10
         0,     0, 9, 2:57:26, 2:57:36,    10, 33.00, 41.10, -8.10
  12448479,  6092, 1, 2:56:47, 2:58:53,   126, 41.20, 24.20, 17.00
         0,     0, 1, 2:59:00, 2:59:16,    16, 24.20, 41.20,-17.00
  12706637,  7046, 4, 3:14:53, 3:15:05,    12, 43.50, 43.50,  0.00
  12706637,  7046, 3, 3:15:11, 3:15:44,    33, 46.20, 46.60, -0.40
  12706727,  7136, 4, 3:17:40, 3:17:46,     6, 43.50, 43.40,  0.10
  12706727,  7136, 4, 3:17:58, 3:19:53,   115, 43.30, 32.10, 11.20
         0,     0, 4, 3:20:00, 3:20:11,    11, 32.10, 43.50,-11.40
  12706637,  7046, 4, 3:22:03, 3:24:39,   156, 43.60, 30.50, 13.10
         0,     0, 4, 3:24:48, 3:25:00,    12, 30.50, 43.30,-12.80
  12706669,  7078, 3, 3:25:56, 3:28:00,   124, 45.70, 26.00, 19.70
         0,     0, 3, 3:28:08, 3:28:25,    17, 26.00, 26.00,  0.00
  13323450,     0,10, 3:30:11, 3:31:15,    64, 40.20, 32.60,  7.60
         0,     0,10, 3:31:22, 3:31:31,     9, 32.60, 41.10, -8.50
  12706650,  7059, 2, 3:42:48, 3:45:26,   158, 44.00, 34.20,  9.80
         0,     0, 2, 3:45:34, 3:45:43,     9, 34.20, 44.00, -9.80
  12706710,  7119, 2, 3:55:09, 3:59:21,   252, 44.00, 26.10, 17.90
         0,     0, 2, 3:59:30, 3:59:47,    17, 26.10, 44.00,-17.90
  13008797,     0, 6, 1:53:06, 4:03:56,  7850, 41.60, 26.60, 15.00
         0,     0, 6, 4:04:04, 4:04:18,    14, 26.60, 41.50,-14.90
  21268104,  6067, 4, 4:25:43, 4:28:56,   193, 43.40, 34.00,  9.40
         0,     0, 4, 4:29:03, 4:29:13,    10, 34.00, 43.40, -9.40
  11954075,  4105, 2, 4:38:23, 4:39:20,    57, 44.00, 34.30,  9.70
         0,     0, 2, 4:39:27, 4:39:35,     8, 34.30, 43.90, -9.60
  11954075,  4105, 1, 4:39:39, 4:40:06,    27, 41.20, 36.20,  5.00
         0,     0, 1, 4:40:14, 4:40:18,     4, 36.20, 41.20, -5.00
  12448451,  6064, 2, 4:47:12, 4:48:46,    94, 43.90, 43.70,  0.20
  12448451,  6064, 1, 4:49:09, 4:49:49,    40, 41.20, 41.20,  0.00
  12448451,  6064, 2, 4:56:37, 4:58:47,   130, 43.70, 43.60,  0.10
  12706651,  7060, 3, 5:02:57, 5:03:26,    29, 46.90, 47.40, -0.50
  12448451,  6064, 4, 5:07:29, 5:07:30,     1, 43.80, 43.70,  0.10
  12448428,  6041, 4, 5:15:21, 5:16:30,    69, 43.70, 25.60, 18.10
         0,     0, 4, 5:16:38, 5:16:55,    17, 25.60, 43.30,-17.70
  12448428,  6041, 3, 5:17:11, 5:17:37,    26, 46.70, 41.00,  5.70
         0,     0, 3, 5:17:45, 5:17:49,     4, 41.00, 41.00,  0.00
  11724109,  6068, 1, 5:16:44, 5:18:26,   102, 41.20, 36.90,  4.30
         0,     0, 1, 5:18:33, 5:18:36,     3, 36.90, 41.20, -4.30
  12200046,  5100, 2, 6:19:47, 6:19:52,     5, 43.50, 43.50,  0.00
  11724109,  6068, 1, 6:24:48, 6:25:11,    23, 41.20, 41.10,  0.10
  21268104,  6067, 2, 6:23:34, 6:25:16,   102, 43.50, 35.50,  8.00
         0,     0, 2, 6:25:23, 6:25:30,     7, 35.50, 44.00, -8.50
  11724109,  6068, 1, 6:25:37, 6:29:34,   237, 41.10, 23.90, 17.20
  12706686,  7095, 2, 6:28:05, 6:29:49,   104, 44.00, 42.60,  1.40
         0,     0, 1, 6:29:41, 6:29:57,    16, 23.90, 41.20,-17.30
  12706686,  7095, 2, 6:29:59, 6:30:18,    19, 42.50, 41.40,  1.10
         0,     0, 2, 6:30:27, 6:30:28,     1, 41.40, 43.80, -2.40
  13008836,     0, 7, 2:37:12, 6:31:36, 14064, 41.50, 41.30,  0.20
  12706686,  7095, 1, 6:30:36, 6:32:15,    99, 41.30, 23.40, 17.90
         0,     0, 1, 6:32:22, 6:32:38,    16, 23.40, 41.30,-17.90
  12706650,  7059, 3, 6:33:02, 6:33:05,     3, 46.10, 46.70, -0.60
  12448409,  6022, 2, 6:30:38, 6:33:07,   149, 43.80, 20.90, 22.90
  12199981,  5035, 1, 6:32:53, 6:33:16,    23, 41.30, 40.30,  1.00
         0,     0, 2, 6:33:15, 6:33:37,    22, 20.90, 43.90,-23.00
  12448449,  6062, 2, 6:33:47, 6:34:38,    51, 43.80, 43.20,  0.60
  12448416,  6029, 4, 6:33:22, 6:34:41,    79, 43.60, 39.10,  4.50
         0,     0, 4, 6:34:49, 6:34:53,     4, 39.10, 43.50, -4.40
  12706726,  7135, 5, 6:35:28, 6:35:47,    19, 40.70, 40.60,  0.10
  12199981,  5035, 1, 6:34:48, 6:36:51,   123, 40.30, 18.80, 21.50
  12448449,  6062, 2, 6:34:51, 6:37:04,   133, 43.10, 23.50, 19.60
         0,     0, 1, 6:36:58, 6:37:20,    22, 18.80, 41.30,-22.50
  12706650,  7059, 4, 6:35:05, 6:37:23,   138, 43.90, 27.80, 16.10
         0,     0, 2, 6:37:12, 6:37:32,    20, 23.50, 44.10,-20.60
         0,     0, 4, 6:37:31, 6:37:46,    15, 27.80, 43.60,-15.80
  12448416,  6029, 4, 6:37:56, 6:39:47,   111, 43.60, 32.90, 10.70
  12706639,  7048, 3, 6:39:39, 6:39:51,    12, 46.20, 46.70, -0.50
         0,     0, 4, 6:39:55, 6:40:05,    10, 32.90, 43.40,-10.50
  12706707,  7116, 2, 6:39:02, 6:40:37,    95, 44.20, 31.90, 12.30
         0,     0, 2, 6:40:44, 6:40:55,    11, 31.90, 43.90,-12.00
  12200007,  5061, 1, 6:40:27, 6:42:11,   104, 41.30, 26.30, 15.00
         0,     0, 1, 6:42:18, 6:42:32,    14, 26.30, 41.20,-14.90
  12706639,  7048, 3, 6:40:28, 6:42:53,   145, 46.30, 23.40, 22.90
         0,     0, 3, 6:43:01, 6:43:21,    20, 23.40, 25.90, -2.50
  12706710,  7119, 1, 6:43:10, 6:44:49,    99, 41.20, 33.10,  8.10
         0,     0, 1, 6:44:56, 6:45:03,     7, 33.10, 41.30, -8.20
  11724239,  3139, 2, 6:45:16, 6:45:57,    41, 43.90, 43.70,  0.20
  11724239,  3139, 2, 6:46:09, 6:47:36,    87, 43.70, 43.10,  0.60
  12448471,  6084, 3, 6:47:31, 6:47:39,     8, 46.60, 46.40,  0.20
  12706636,  7045, 4, 6:46:44, 6:47:43,    59, 43.70, 39.80,  3.90
         0,     0, 4, 6:47:50, 6:47:53,     3, 39.80, 43.40, -3.60
  12706651,  7060, 5, 6:47:49, 6:47:55,     6, 40.80, 40.80,  0.00
  12706655,  7064, 5, 6:49:04, 6:49:14,    10, 40.80, 40.80,  0.00
  12448471,  6084, 4, 6:48:04, 6:49:37,    93, 43.30, 26.20, 17.10
         0,     0, 4, 6:49:44, 6:50:00,    16, 26.20, 43.40,-17.20
  12706616,  7025, 4, 6:50:13, 6:50:20,     7, 43.60, 43.80, -0.20
  11724239,  3139, 2, 6:47:47, 6:50:42,   175, 43.10, 30.30, 12.80
         0,     0, 2, 6:50:50, 6:51:03,    13, 30.30, 43.80,-13.50
  11724239,  3139, 1, 6:51:02, 6:51:35,    33, 41.30, 37.50,  3.80
         0,     0, 1, 6:51:43, 6:51:46,     3, 37.50, 41.30, -3.80
  12706651,  7060, 5, 6:52:38, 6:52:50,    12, 40.70, 40.70,  0.00
  11499161,  2051, 2, 6:51:13, 6:53:34,   141, 43.80, 33.80, 10.00
         0,     0, 2, 6:53:42, 6:53:51,     9, 33.80, 43.90,-10.10
  11954050,  4080, 3, 6:50:39, 6:53:55,   196, 46.30, 23.50, 22.80
  12706701,  7110, 4, 6:50:55, 6:54:00,   185, 43.90, 32.20, 11.70
         0,     0, 4, 6:54:08, 6:54:19,    11, 32.20, 32.10,  0.10
         0,     0, 3, 6:54:02, 6:54:22,    20, 23.50, 46.40,-22.90
  12706616,  7025, 5, 6:53:00, 6:54:29,    89, 40.70, 24.60, 16.10
         0,     0, 5, 6:54:38, 6:54:54,    16, 24.60, 40.80,-16.20
  12706701,  7110, 4, 6:55:05, 6:55:46,    41, 43.70, 37.80,  5.90
         0,     0, 4, 6:55:53, 6:55:58,     5, 37.80, 43.40, -5.60
  12706705,  7114, 1, 6:55:50, 6:56:00,    10, 41.30, 41.30,  0.00
  12706651,  7060, 5, 6:59:16, 6:59:18,     2, 40.90, 40.90,  0.00
  12706705,  7114, 2, 6:56:22, 7:01:13,   291, 44.00, 18.60, 25.40
  12448473,  6086, 1, 7:00:57, 7:01:25,    28, 41.30, 40.80,  0.50
         0,     0, 2, 7:01:21, 7:01:46,    25, 18.60, 44.00,-25.40
  12448473,  6086, 1, 7:01:42, 7:01:48,     6, 40.80, 40.50,  0.30
  12448477,  6090, 3, 6:59:07, 7:01:57,   170, 46.90, 32.10, 14.80
  12706651,  7060, 5, 6:59:29, 7:01:56,   147, 40.90, 22.80, 18.10
         0,     0, 3, 7:02:04, 7:02:16,    12, 32.10, 46.10,-14.00
         0,     0, 5, 7:02:05, 7:02:23,    18, 22.80, 40.80,-18.00
  12448473,  6086, 1, 7:04:11, 7:05:30,    79, 40.40, 30.20, 10.20
         0,     0, 1, 7:05:38, 7:05:48,    10, 30.20, 41.30,-11.10
  12448451,  6064, 3, 7:03:26, 7:11:28,   482, 46.00, 17.20, 28.80
         0,     0, 3, 7:11:36, 7:12:01,    25, 17.20, 17.10,  0.10
  21268825,  6087, 3, 7:12:48, 7:13:34,    46, 46.80, 47.50, -0.70
  13008756,  7115, 2, 7:12:03, 7:14:02,   119, 44.00, 24.20, 19.80
         0,     0, 2, 7:14:10, 7:14:29,    19, 24.20, 44.10,-19.90
  11954014,  4044, 3, 7:14:21, 7:16:24,   123, 47.10, 27.40, 19.70
  21268825,  6087, 4, 7:14:07, 7:16:41,   154, 43.60, 24.30, 19.30
         0,     0, 3, 7:16:33, 7:16:49,    16, 27.40, 46.20,-18.80
         0,     0, 4, 7:16:48, 7:17:07,    19, 24.30, 43.40,-19.10
  11499161,  2051, 1, 7:20:39, 7:23:30,   171, 41.30, 24.80, 16.50
         0,     0, 1, 7:23:38, 7:23:55,    17, 24.80, 41.20,-16.40
  12706707,  7116, 2, 7:28:31, 7:30:09,    98, 44.20, 39.20,  5.00
         0,     0, 2, 7:30:17, 7:30:20,     3, 39.20, 44.00, -4.80
  12706707,  7116, 2, 7:30:44, 7:31:10,    26, 44.00, 40.80,  3.20
         0,     0, 2, 7:31:18, 7:31:20,     2, 40.80, 44.00, -3.20
  12706707,  7116, 1, 7:31:57, 7:32:17,    20, 41.20, 41.20,  0.00
  13323427,     0, 9, 7:37:02, 7:37:05,     3, 41.00, 41.00,  0.00
  12706669,  7078, 4, 7:39:26, 7:39:47,    21, 43.60, 42.20,  1.40
  13008737,     0,10, 7:42:18, 7:42:19,     1, 40.40, 40.50, -0.10
  13008742,  7163, 2, 7:38:03, 7:43:29,   326, 44.00, 20.90, 23.10
         0,     0, 2, 7:43:37, 7:43:59,    22, 20.90, 44.10,-23.20
  11724239,  3139, 2, 7:44:09, 7:47:59,   230, 44.10, 32.60, 11.50
         0,     0, 2, 7:48:07, 7:48:17,    10, 32.60, 44.10,-11.50
  13008756,  7115, 3, 8:02:49, 8:03:57,    68, 45.90, 38.10,  7.80
         0,     0, 3, 8:04:05, 8:04:12,     7, 38.10, 38.00,  0.10
  12706700,  7109, 2, 8:05:04, 8:05:53,    49, 44.00, 31.60, 12.40
  13008789,     0,10, 8:05:51, 8:05:52,     1, 40.40, 40.40,  0.00
         0,     0, 2, 8:06:00, 8:06:11,    11, 31.60, 43.90,-12.30
  11953978,  4008, 2, 8:11:46, 8:12:07,    21, 44.00, 42.20,  1.80
  11953978,  4008, 2, 8:12:17, 8:12:59,    42, 42.20, 32.60,  9.60
         0,     0, 2, 8:13:07, 8:13:17,    10, 32.60, 44.00,-11.40
  12448479,  6092, 3, 8:13:30, 8:14:28,    58, 46.80, 45.10,  1.70
  12448479,  6092, 4, 8:14:37, 8:15:07,    30, 42.40, 37.90,  4.50
         0,     0, 4, 8:15:14, 8:15:19,     5, 37.90, 43.40, -5.50
  12200042,  5096, 1, 8:14:01, 8:15:38,    97, 41.20, 34.10,  7.10
         0,     0, 1, 8:15:45, 8:15:51,     6, 34.10, 41.20, -7.10
  21268104,  6067, 1, 8:16:01, 8:16:02,     1, 41.20, 41.20,  0.00
  21268104,  6067, 2, 8:16:10, 8:18:17,   127, 44.00, 29.40, 14.60
         0,     0, 2, 8:18:24, 8:18:38,    14, 29.40, 44.00,-14.60
  12706738,  7147, 4, 8:15:37, 8:19:19,   222, 43.40, 25.00, 18.40
         0,     0, 4, 8:19:26, 8:19:44,    18, 25.00, 43.40,-18.40
  12448479,  6092, 4, 8:21:13, 8:23:25,   132, 43.80, 30.30, 13.50
         0,     0, 4, 8:23:33, 8:23:45,    12, 30.30, 43.50,-13.20
  12706686,  7095, 2, 8:25:57, 8:28:43,   166, 44.00, 39.20,  4.80
         0,     0, 2, 8:28:50, 8:28:53,     3, 39.20, 43.90, -4.70
  12706727,  7136, 2, 8:29:03, 8:29:29,    26, 43.90, 43.90,  0.00
  12706686,  7095, 1, 8:28:46, 8:29:38,    52, 41.30, 39.60,  1.70
         0,     0, 1, 8:29:46, 8:29:47,     1, 39.60, 41.20, -1.60
  12200042,  5096, 5, 8:27:59, 8:30:22,   143, 40.80, 26.40, 14.40
         0,     0, 5, 8:30:30, 8:30:44,    14, 26.40, 41.00,-14.60
  12706686,  7095, 1, 8:29:57, 8:30:48,    51, 41.20, 39.00,  2.20
         0,     0, 1, 8:30:56, 8:30:57,     1, 39.00, 41.20, -2.20
  12706727,  7136, 2, 8:29:56, 8:30:59,    63, 43.90, 43.80,  0.10
  12706727,  7136, 1, 8:31:08, 8:33:22,   134, 41.20, 24.10, 17.10
         0,     0, 1, 8:33:31, 8:33:47,    16, 24.10, 41.30,-17.20
  12200046,  5100, 4, 8:38:38, 8:39:43,    65, 43.70, 31.90, 11.80
  12706659,  7068, 3, 8:38:34, 8:39:48,    74, 44.50, 42.30,  2.20
         0,     0, 3, 8:39:56, 8:39:59,     3, 42.30, 46.30, -4.00
         0,     0, 4, 8:39:50, 8:40:01,    11, 31.90, 43.40,-11.50
  12706659,  7068, 4, 8:40:33, 8:42:16,   103, 44.20, 18.60, 25.60
  11724109,  6068, 1, 8:39:27, 8:42:34,   187, 41.30, 29.40, 11.90
         0,     0, 4, 8:42:23, 8:42:47,    24, 18.60, 43.30,-24.70
         0,     0, 1, 8:42:42, 8:42:53,    11, 29.40, 41.20,-11.80
  12448409,  6022, 2, 8:42:02, 8:42:57,    55, 43.80, 43.80,  0.00
  12706659,  7068, 4, 8:43:03, 8:43:49,    46, 43.70, 32.10, 11.60
         0,     0, 4, 8:43:56, 8:44:07,    11, 32.10, 43.50,-11.40
  12448409,  6022, 1, 8:43:04, 8:44:06,    62, 41.20, 41.20,  0.00
  12706659,  7068, 4, 8:44:42, 8:44:47,     5, 43.80, 43.70,  0.10
  12448409,  6022, 2, 8:44:32, 8:45:41,    69, 43.70, 43.60,  0.10
  12448409,  6022, 2, 8:45:50, 8:48:12,   142, 43.60, 31.50, 12.10
         0,     0, 2, 8:48:20, 8:48:31,    11, 31.50, 43.90,-12.40
  11953978,  4008, 1, 8:46:04, 8:48:38,   154, 41.20, 34.90,  6.30
         0,     0, 1, 8:48:45, 8:48:50,     5, 34.90, 41.20, -6.30
  13008742,  7163, 2, 8:52:16, 8:55:29,   193, 44.00, 32.70, 11.30
         0,     0, 2, 8:55:37, 8:55:47,    10, 32.70, 43.90,-11.20
  12706710,  7119, 2, 8:56:30, 8:58:46,   136, 44.00, 26.70, 17.30
         0,     0, 2, 8:58:54, 8:59:11,    17, 26.70, 44.00,-17.30
  12706700,  7109, 5, 8:58:30, 8:59:28,    58, 40.90, 30.30, 10.60
         0,     0, 5, 8:59:36, 8:59:46,    10, 30.30, 40.80,-10.50
  11499202,     0, 6, 8:33:37, 9:01:53,  1696, 41.00, 27.20, 13.80
  12199988,  5042, 4, 8:59:31, 9:01:54,   143, 44.00, 25.30, 18.70
         0,     0, 6, 9:02:01, 9:02:15,    14, 27.20, 41.50,-14.30
         0,     0, 4, 9:02:02, 9:02:20,    18, 25.30, 43.40,-18.10
  12200048,     0, 8, 9:00:32, 9:04:10,   218, 41.20, 32.60,  8.60
         0,     0, 8, 9:04:18, 9:04:27,     9, 32.60, 41.10, -8.50
  12448479,  6092, 3, 9:03:19, 9:05:02,   103, 45.00, 30.60, 14.40
  12199986,     0, 8, 9:05:13, 9:05:17,     4, 41.10, 41.00,  0.10
         0,     0, 3, 9:05:10, 9:05:24,    14, 30.60, 30.50,  0.10
  12199986,     0, 8, 9:05:28, 9:06:14,    46, 41.00, 35.80,  5.20
         0,     0, 8, 9:06:22, 9:06:27,     5, 35.80, 41.10, -5.30
  12448449,  6062, 2, 9:08:13, 9:09:21,    68, 44.00, 43.80,  0.20
  11954075,  4105, 2, 9:09:31, 9:10:32,    61, 43.80, 35.90,  7.90
         0,     0, 2, 9:10:40, 9:10:47,     7, 35.90, 43.90, -8.00
  11954075,  4105, 2, 9:11:06, 9:11:25,    19, 43.90, 39.30,  4.60
         0,     0, 2, 9:11:33, 9:11:36,     3, 39.30, 43.90, -4.60
  13323358,     0,10, 9:13:09, 9:13:10,     1, 39.90, 40.00, -0.10
         0,     0,10, 9:13:17, 9:13:17,     0, 40.00, 40.80, -0.80
  13008762,     0, 6, 9:11:18, 9:16:39,   321, 41.50, 32.80,  8.70
         0,     0, 6, 9:16:46, 9:16:54,     8, 32.80, 41.50, -8.70
  12448483,  6096, 4, 9:13:52, 9:18:55,   303, 43.60, 20.20, 23.40
         0,     0, 4, 9:19:02, 9:19:24,    22, 20.20, 43.40,-23.20
  12199986,     0, 7, 9:07:03, 9:21:51,   888, 32.20, 27.70,  4.50
         0,     0, 7, 9:21:58, 9:22:06,     8, 27.70, 27.70,  0.00
  13008732,  7153, 5, 9:24:27, 9:24:45,    18, 40.80, 40.70,  0.10
  12200007,  5061, 4, 9:25:53, 9:26:01,     8, 43.60, 43.70, -0.10
  13008833,     0, 6, 9:17:12, 9:26:25,   553, 41.50, 24.80, 16.70
         0,     0, 6, 9:26:32, 9:26:43,    11, 24.80, 24.90, -0.10
  12200007,  5061, 3, 9:26:29, 9:28:15,   106, 47.10, 31.00, 16.10
         0,     0, 3, 9:28:23, 9:28:36,    13, 31.00, 31.00,  0.00
  12199977,     0, 9, 9:28:56, 9:29:03,     7, 41.00, 41.00,  0.00
  13008732,  7153, 5, 9:24:55, 9:29:05,   250, 40.70, 18.30, 22.40
         0,     0, 5, 9:29:12, 9:29:34,    22, 18.30, 40.90,-22.60
  11724159,     0, 6, 9:27:50, 9:30:21,   151, 35.40, 26.20,  9.20
  12706655,  7064, 5, 9:30:13, 9:30:27,    14, 40.90, 40.80,  0.10
         0,     0, 6, 9:30:28, 9:30:42,    14, 26.20, 41.50,-15.30
  12199977,     0, 9, 9:29:24, 9:31:11,   107, 41.00, 28.60, 12.40
  12706636,  7045, 4, 9:30:08, 9:31:31,    83, 43.80, 34.20,  9.60
         0,     0, 9, 9:31:19, 9:31:36,    17, 28.60, 41.10,-12.50
         0,     0, 4, 9:31:39, 9:31:47,     8, 34.20, 43.50, -9.30
  12706601,     0,10, 9:30:40, 9:31:44,    64, 40.80, 38.40,  2.40
         0,     0,10, 9:31:52, 9:31:54,     2, 38.40, 41.20, -2.80
  13008765,     0,10, 9:32:07, 9:33:12,    65, 40.40, 33.60,  6.80
         0,     0,10, 9:33:21, 9:33:29,     8, 33.60, 41.20, -7.60
  13008765,     0, 9, 9:33:19, 9:33:48,    29, 41.10, 38.50,  2.60
         0,     0, 9, 9:33:55, 9:33:58,     3, 38.50, 41.00, -2.50
         0,     0,10, 9:34:12, 9:34:16,     4, 36.80, 41.20, -4.40
  12199969,     0,10, 9:34:43, 9:34:54,    11, 41.10, 40.10,  1.00
  12199969,     0, 9, 9:35:13, 9:35:26,    13, 41.00, 38.80,  2.20
         0,     0, 9, 9:35:34, 9:35:37,     3, 38.80, 40.50, -1.70
  12199969,     0, 9, 9:36:24, 9:36:25,     1, 33.70, 33.70,  0.00
         0,     0, 9, 9:36:32, 9:36:42,    10, 33.70, 41.00, -7.30
  12706655,  7064, 1, 9:33:05, 9:37:16,   251, 41.20, 14.80, 26.40
         0,     0, 1, 9:37:24, 9:37:54,    30, 14.80, 41.20,-26.40
  13008762,     0, 6, 9:30:54, 9:38:35,   461, 41.50, 41.00,  0.50
  12448437,  6050, 7, 9:22:17, 9:43:11,  1254, 41.40, 32.00,  9.40
  13008735,  7156, 5, 9:43:07, 9:43:12,     5, 40.80, 40.70,  0.10
         0,     0, 7, 9:43:18, 9:43:24,     6, 32.00, 32.00,  0.00
  12448473,  6086, 2, 9:42:31, 9:44:30,   119, 43.90, 23.80, 20.10
         0,     0, 2, 9:44:37, 9:44:56,    19, 23.80, 43.90,-20.10
  12706624,  7033, 6, 9:38:52, 9:45:01,   369, 41.00, 30.80, 10.20
         0,     0, 6, 9:45:08, 9:45:18,    10, 30.80, 41.50,-10.70
  13008815,     0, 8, 9:45:13, 9:45:26,    13, 41.00, 41.10, -0.10
  12706726,  7135, 5, 9:45:42, 9:45:48,     6, 40.80, 40.80,  0.00
  12706634,     0, 8, 9:46:49, 9:47:28,    39, 40.80, 39.50,  1.30
         0,     0, 8, 9:47:35, 9:47:35,     0, 39.50, 40.40, -0.90
  13323434,     0, 9, 9:47:41, 9:47:42,     1, 40.70, 40.70,  0.00
  13323434,     0, 9, 9:48:01, 9:48:03,     2, 40.40, 40.40,  0.00
  12706634,     0, 8, 9:48:22, 9:48:25,     3, 32.10, 32.20, -0.10
         0,     0, 8, 9:48:33, 9:48:42,     9, 32.20, 41.10, -8.90
  13008762,     0, 6, 9:45:44, 9:49:33,   229, 41.40, 40.70,  0.70
  12448521,     0, 9, 9:49:33, 9:49:49,    16, 40.40, 40.30,  0.10
  12448521,     0, 9, 9:50:17, 9:50:33,    16, 40.30, 40.20,  0.10
  12706726,  7135, 5, 9:50:55, 9:51:06,    11, 40.90, 40.90,  0.00
  12706636,  7045, 4, 9:53:57, 9:54:21,    24, 43.80, 42.10,  1.70
  12706601,     0,10, 9:56:05, 9:57:39,    94, 40.10, 29.20, 10.90
  11499161,  2051, 1, 9:54:49, 9:57:45,   176, 41.20, 31.20, 10.00
         0,     0,10, 9:57:48, 9:58:01,    13, 29.20, 41.20,-12.00
         0,     0, 1, 9:57:52, 9:58:02,    10, 31.20, 41.30,-10.10
  12706622,     0, 6, 9:50:00, 9:59:50,   590, 40.70, 21.60, 19.10
         0,     0, 6, 9:59:58,10:00:17,    19, 21.60, 41.20,-19.60
  21292347,  5120, 4,10:00:35,10:03:26,   171, 42.30, 28.80, 13.50
         0,     0, 4,10:03:34,10:03:48,    14, 28.80, 43.40,-14.60
  13008797,     0, 6,10:00:27,10:03:52,   205, 41.20, 30.20, 11.00
         0,     0, 6,10:04:00,10:04:10,    10, 30.20, 41.50,-11.30
  13008735,  7156, 3,10:02:29,10:04:31,   122, 46.40, 37.40,  9.00
         0,     0, 3,10:04:38,10:04:45,     7, 37.40, 37.70, -0.30
  13008735,  7156, 3,10:04:56,10:05:32,    36, 46.50, 43.20,  3.30
         0,     0, 3,10:05:40,10:05:42,     2, 43.20, 46.20, -3.00
  21268825,  6087, 2,10:05:29,10:05:42,    13, 43.90, 43.90,  0.00
  12706707,  7116, 2,10:05:51,10:06:06,    15, 43.90, 43.90,  0.00
  12448521,     0, 9,10:06:20,10:06:25,     5, 40.10, 40.10,  0.00
  13323434,     0,10,10:07:02,10:07:08,     6, 41.10, 40.60,  0.50
  12706707,  7116, 2,10:06:25,10:07:21,    56, 43.80, 42.40,  1.40
  13008815,     0, 7, 9:44:26,10:07:25,  1379, 41.50, 23.90, 17.60
         0,     0, 7,10:07:33,10:07:44,    11, 23.90, 23.90,  0.00
  12448521,     0, 9,10:07:06,10:08:03,    57, 38.80, 30.90,  7.90
         0,     0, 9,10:08:12,10:08:25,    13, 30.90, 41.10,-10.20
  13323434,     0, 9,10:08:47,10:08:57,    10, 40.50, 40.00,  0.50
         0,     0, 9,10:09:06,10:09:07,     1, 40.00, 41.00, -1.00
  12706707,  7116, 2,10:08:46,10:09:30,    44, 42.30, 36.20,  6.10
         0,     0, 2,10:09:37,10:09:44,     7, 36.20, 43.90, -7.70
  21268825,  6087, 3,10:08:29,10:10:26,   117, 46.00, 43.90,  2.10
         0,     0, 3,10:10:35,10:10:36,     1, 43.90, 46.20, -2.30
  13008762,     0, 6,10:04:20,10:10:49,   389, 41.50, 26.20, 15.30
  13323434,     0, 9,10:09:23,10:11:02,    99, 40.30, 34.00,  6.30
         0,     0, 6,10:10:57,10:11:11,    14, 26.20, 41.40,-15.20
         0,     0, 9,10:11:10,10:11:19,     9, 34.00, 41.10, -7.10
  21268825,  6087, 3,10:10:58,10:11:48,    50, 46.10, 33.40, 12.70
         0,     0, 3,10:11:56,10:12:07,    11, 33.40, 33.60, -0.20
  12448437,  6050, 7,10:08:01,10:13:34,   333, 41.50, 36.80,  4.70
         0,     0, 7,10:13:42,10:13:45,     3, 36.80, 41.40, -4.60
  13323453,     0, 9,10:14:01,10:14:07,     6, 41.10, 41.20, -0.10
  13323453,     0, 9,10:14:51,10:15:17,    26, 41.10, 41.10,  0.00
  13323453,     0, 9,10:16:45,10:17:04,    19, 41.10, 41.00,  0.10
  13008737,     0, 9,10:17:19,10:17:21,     2, 41.00, 41.00,  0.00
         0,     0,10,10:18:05,10:18:06,     1, 39.80, 41.10, -1.30
  12448442,  6055, 6,10:11:43,10:19:04,   441, 32.90, 32.80,  0.10
         0,     0, 6,10:19:12,10:19:20,     8, 32.80, 41.50, -8.70
  11724109,  6068, 2,10:18:10,10:20:14,   124, 43.90, 32.40, 11.50
         0,     0, 2,10:20:21,10:20:32,    11, 32.40, 43.90,-11.50
  13008737,     0,10,10:21:23,10:21:24,     1, 22.50, 22.50,  0.00
         0,     0,10,10:21:33,10:21:53,    20, 22.50, 41.20,-18.70
  12448471,  6084, 2,10:22:12,10:24:23,   131, 43.90, 26.30, 17.60
  12706622,     0, 6,10:20:12,10:24:27,   255, 41.40, 41.10,  0.30
  12706650,  7059, 1,10:24:22,10:24:33,    11, 41.30, 39.70,  1.60
         0,     0, 1,10:24:40,10:24:40,     0, 39.70, 41.10, -1.40
         0,     0, 2,10:24:32,10:24:49,    17, 26.30, 44.00,-17.70
  12706650,  7059, 1,10:24:50,10:26:12,    82, 41.10, 33.50,  7.60
         0,     0, 1,10:26:20,10:26:26,     6, 33.50, 41.20, -7.70
  13008837,     0, 8,10:27:39,10:27:41,     2, 41.20, 41.20,  0.00
  13008789,     0, 9,10:28:07,10:28:48,    41, 39.40, 39.30,  0.10
         0,     0, 9,10:28:56,10:28:58,     2, 39.30, 41.00, -1.70
  13008789,     0,10,10:28:52,10:29:06,    14, 41.20, 41.20,  0.00
  13323358,     0, 9,10:31:11,10:32:19,    68, 41.00, 31.90,  9.10
         0,     0, 9,10:32:28,10:32:41,    13, 31.90, 41.10, -9.20
  12706726,  7135, 4,10:30:45,10:33:47,   182, 43.40, 19.30, 24.10
         0,     0, 4,10:33:54,10:34:17,    23, 19.30, 43.50,-24.20
  13008789,     0, 9,10:35:48,10:35:52,     4, 41.10, 41.10,  0.00
  12448415,     0, 9,10:36:14,10:36:40,    26, 41.10, 40.90,  0.20
  12448415,     0, 9,10:37:15,10:37:49,    34, 40.90, 40.80,  0.10
  12200048,     0, 8,10:38:10,10:38:23,    13, 41.20, 41.10,  0.10
  13008837,     0, 7,10:27:46,10:39:19,   693, 41.40, 41.30,  0.10
  12448415,     0, 9,10:37:59,10:39:46,   107, 40.70, 33.50,  7.20
         0,     0, 9,10:39:54,10:40:04,    10, 33.50, 41.10, -7.60
  11724239,  3139, 2,10:35:43,10:40:13,   270, 44.00, 33.60, 10.40
         0,     0, 2,10:40:21,10:40:31,    10, 33.60, 44.00,-10.40
  13008815,     0, 7,10:39:30,10:42:17,   167, 41.20, 32.50,  8.70
         0,     0, 7,10:42:25,10:42:30,     5, 32.50, 41.50, -9.00
  21292347,  5120, 2,10:41:39,10:43:31,   112, 44.00, 33.30, 10.70
         0,     0, 2,10:43:38,10:43:48,    10, 33.30, 44.00,-10.70
  13008802,     0, 9,10:43:01,10:44:48,   107, 41.10, 33.00,  8.10
         0,     0, 9,10:44:55,10:45:06,    11, 33.00, 41.10, -8.10
  13008792,     0,10,10:43:07,10:46:41,   214, 41.10, 23.50, 17.60
  12706707,  7116, 2,10:45:13,10:46:46,    93, 44.00, 35.90,  8.10
         0,     0, 2,10:46:53,10:47:00,     7, 35.90, 44.00, -8.10
         0,     0,10,10:46:49,10:47:08,    19, 23.50, 41.10,-17.60
  11954050,  4080, 5,10:46:45,10:47:54,    69, 40.80, 33.90,  6.90
         0,     0, 5,10:48:02,10:48:09,     7, 33.90, 40.80, -6.90
  12706624,  7033, 6,10:26:28,10:50:53,  1465, 41.10, 25.10, 16.00
         0,     0, 6,10:51:01,10:51:16,    15, 25.10, 41.50,-16.40
  13008837,     0, 8,10:48:00,10:52:20,   260, 41.00, 22.50, 18.50
         0,     0, 8,10:52:29,10:52:48,    19, 22.50, 41.00,-18.50
  12200048,     0, 8,10:53:03,10:54:01,    58, 41.00, 40.70,  0.30
  13008762,     0, 6,10:52:19,10:55:20,   181, 41.50, 41.30,  0.20
  13008762,     0, 6,10:55:44,10:56:16,    32, 40.40, 40.40,  0.00
  12200048,     0, 8,10:54:22,10:56:52,   150, 40.70, 29.50, 11.20
         0,     0, 8,10:57:00,10:57:12,    12, 29.50, 41.10,-11.60
  12706701,  7110, 3,10:57:34,10:59:24,   110, 46.00, 43.80,  2.20
         0,     0, 3,10:59:31,10:59:32,     1, 43.80, 46.20, -2.40
  13008768,     0, 6,10:56:40,11:00:03,   203, 40.30, 25.00, 15.30
         0,     0, 6,11:00:11,11:00:27,    16, 25.00, 41.50,-16.50
  12706701,  7110, 4,10:59:38,11:01:07,    89, 44.00, 33.80, 10.20
         0,     0, 4,11:01:14,11:01:23,     9, 33.80, 43.40, -9.60
  11954050,  4080, 1,11:07:46,11:09:24,    98, 41.30, 31.10, 10.20
         0,     0, 1,11:09:32,11:09:41,     9, 31.10, 41.30,-10.20
  13008762,     0, 6,11:00:46,11:09:46,   540, 41.40, 37.70,  3.70
         0,     0, 6,11:09:54,11:09:57,     3, 37.70, 41.50, -3.80
  12448416,  6029, 3,11:09:07,11:10:58,   111, 45.80, 30.80, 15.00
  13008800,     0, 9,11:10:28,11:11:08,    40, 41.10, 38.50,  2.60
         0,     0, 9,11:11:15,11:11:18,     3, 38.50, 41.00, -2.50
         0,     0, 3,11:11:06,11:11:19,    13, 30.80, 30.80,  0.00
  13008789,     0,10,11:11:47,11:12:02,    15, 41.10, 41.00,  0.10
  12448442,  6055, 6,11:10:18,11:13:42,   204, 36.90, 36.80,  0.10
         0,     0, 6,11:13:50,11:13:54,     4, 36.80, 41.50, -4.70
  13008789,     0,10,11:12:14,11:14:51,   157, 41.00, 22.60, 18.40
         0,     0,10,11:15:00,11:15:20,    20, 22.60, 41.10,-18.50
  13323453,     0, 9,11:12:15,11:15:28,   193, 41.00, 35.40,  5.60
  12706651,  7060, 3,11:13:27,11:15:36,   129, 47.00, 30.40, 16.60
         0,     0, 9,11:15:35,11:15:42,     7, 35.40, 41.10, -5.70
  12706616,  7025, 1,11:14:12,11:15:45,    93, 41.30, 25.70, 15.60
         0,     0, 3,11:15:44,11:15:58,    14, 30.40, 46.40,-16.00
         0,     0, 1,11:15:53,11:16:07,    14, 25.70, 41.20,-15.50
  13008779,     0, 7,10:42:56,11:17:29,  2073, 41.60, 22.40, 19.20
         0,     0, 7,11:17:37,11:17:49,    12, 22.40, 22.40,  0.00
  12706639,  7048, 5,11:17:35,11:17:59,    24, 40.80, 40.80,  0.00
  12200054,     0,10,11:19:02,11:19:07,     5, 41.10, 41.10,  0.00
  12200054,     0, 9,11:19:12,11:19:19,     7, 41.10, 41.00,  0.10
  13323358,     0,10,11:21:36,11:21:59,    23, 40.70, 39.70,  1.00
         0,     0,10,11:22:08,11:22:09,     1, 39.70, 41.10, -1.40
  13323358,     0,10,11:22:46,11:22:50,     4, 37.10, 37.10,  0.00
         0,     0,10,11:22:57,11:23:01,     4, 37.10, 41.10, -4.00
  12706650,  7059, 1,11:25:37,11:26:15,    38, 41.20, 37.50,  3.70
         0,     0, 1,11:26:23,11:26:26,     3, 37.50, 41.30, -3.80
  13008800,     0,10,11:25:27,11:26:46,    79, 41.10, 33.50,  7.60
  11954056,     0, 8,11:26:47,11:26:52,     5, 41.20, 41.10,  0.10
         0,     0,10,11:26:54,11:27:02,     8, 33.50, 41.10, -7.60
  12706639,  7048, 5,11:25:18,11:27:05,   107, 40.80, 24.00, 16.80
  12448437,  6050, 7,11:18:05,11:27:07,   542, 41.60, 33.30,  8.30
         0,     0, 7,11:27:14,11:27:19,     5, 33.30, 41.30, -8.00
  13008800,     0, 9,11:27:16,11:27:21,     5, 41.10, 41.00,  0.10
         0,     0, 5,11:27:13,11:27:29,    16, 24.00, 40.80,-16.80
  11954056,     0, 8,11:28:12,11:30:24,   132, 41.10, 22.90, 18.20
  12200054,     0,10,11:30:08,11:30:23,    15, 41.10, 40.90,  0.20
         0,     0, 8,11:30:31,11:30:50,    19, 22.90, 41.20,-18.30
  12200054,     0,10,11:30:51,11:31:01,    10, 41.00, 40.50,  0.50
  13323453,     0, 9,11:30:46,11:32:27,   101, 41.00, 41.00,  0.00
  13323449,     0,10,11:31:36,11:32:42,    66, 40.50, 40.30,  0.20
  12706622,     0, 6,11:14:07,11:32:50,  1123, 41.40, 40.80,  0.60
  13323449,     0,10,11:34:57,11:35:17,    20, 33.60, 33.40,  0.20
         0,     0,10,11:35:25,11:35:33,     8, 33.40, 41.10, -7.70
  13323453,     0, 9,11:34:42,11:35:33,    51, 40.90, 40.90,  0.00
  21268104,  6067, 4,11:33:55,11:36:26,   151, 43.70, 30.70, 13.00
         0,     0, 4,11:36:33,11:36:45,    12, 30.70, 43.40,-12.70
  13008833,     0, 6,11:33:00,11:38:13,   313, 40.80, 25.10, 15.70
         0,     0, 6,11:38:21,11:38:33,    12, 25.10, 38.70,-13.60
  13323453,     0, 9,11:40:25,11:40:33,     8, 40.90, 40.90,  0.00
  13323453,     0,10,11:41:05,11:41:11,     6, 41.00, 41.00,  0.00
  13323453,     0,10,11:42:12,11:42:27,    15, 41.00, 40.90,  0.10
  13323453,     0,10,11:43:02,11:43:23,    21, 40.80, 40.80,  0.00
  13323453,     0,10,11:43:36,11:43:55,    19, 40.80, 40.80,  0.00
  12706669,  7078, 5,11:43:34,11:44:48,    74, 40.80, 27.10, 13.70
  13323449,     0, 9,11:44:13,11:44:49,    36, 40.90, 40.90,  0.00
         0,     0, 5,11:44:56,11:45:10,    14, 27.10, 40.70,-13.60
  13323453,     0, 9,11:45:07,11:45:24,    17, 40.80, 40.90, -0.10
  12706655,  7064, 2,11:42:13,11:46:57,   284, 43.90, 34.40,  9.50
         0,     0, 2,11:47:05,11:47:14,     9, 34.40, 43.90, -9.50
  13323453,     0, 9,11:45:37,11:47:12,    95, 40.90, 39.40,  1.50
         0,     0, 9,11:47:21,11:47:23,     2, 39.40, 40.90, -1.50
  12448415,     0,10,11:51:42,11:51:45,     3, 40.80, 40.80,  0.00
  12448415,     0, 9,11:51:55,11:52:03,     8, 41.00, 40.90,  0.10
  12199981,  5035, 1,11:50:41,11:52:32,   111, 41.30, 22.50, 18.80
  13008732,  7153, 4,11:49:33,11:52:51,   198, 43.40, 26.20, 17.20
         0,     0, 1,11:52:41,11:52:59,    18, 22.50, 41.20,-18.70
         0,     0, 4,11:52:59,11:53:15,    16, 26.20, 43.30,-17.10
  12448415,     0,10,11:53:18,11:56:53,   215, 40.80, 28.90, 11.90
         0,     0,10,11:57:01,11:57:14,    13, 28.90, 41.20,-12.30
  12448471,  6084, 4,11:58:13,11:58:45,    32, 43.50, 38.10,  5.40
         0,     0, 4,11:58:52,11:58:57,     5, 38.10, 43.40, -5.30
  13323449,     0, 9,11:58:31,11:58:57,    26, 40.80, 40.80,  0.00
  12448471,  6084, 3,11:58:51,11:59:00,     9, 46.50, 46.00,  0.50
  12706636,  7045, 1,11:58:30,12:00:08,    98, 41.20, 24.00, 17.20
  11954014,  4044, 3,11:59:09,12:00:14,    65, 46.00, 22.10, 23.90
         0,     0, 1,12:00:15,12:00:33,    18, 24.00, 41.30,-17.30
         0,     0, 3,12:00:22,12:00:44,    22, 22.10, 46.70,-24.60
  12448521,     0,10,12:00:17,12:01:04,    47, 41.20, 38.60,  2.60
         0,     0,10,12:01:11,12:01:13,     2, 38.60, 41.00, -2.40
  12706634,     0, 8,12:00:39,12:02:22,   103, 41.20, 30.80, 10.40
         0,     0, 8,12:02:30,12:02:41,    11, 30.80, 41.10,-10.30
  12706634,     0, 8,12:03:12,12:03:30,    18, 41.10, 37.50,  3.60
  12706651,  7060, 1,12:01:49,12:03:37,   108, 41.30, 31.00, 10.30
         0,     0, 8,12:03:38,12:03:41,     3, 37.50, 41.10, -3.60
         0,     0, 1,12:03:45,12:03:54,     9, 31.00, 41.30,-10.30
  12706637,  7046, 1,12:04:42,12:04:48,     6, 41.30, 41.30,  0.00
  12706637,  7046, 2,12:04:52,12:06:24,    92, 43.90, 41.50,  2.40
         0,     0, 2,12:06:33,12:06:34,     1, 41.50, 43.90, -2.40
  13008797,     0, 6,11:39:42,12:07:41,  1679, 38.20, 30.50,  7.70
         0,     0, 6,12:07:49,12:07:59,    10, 30.50, 41.30,-10.80
  12448449,  6062, 1,12:07:57,12:10:42,   165, 41.30, 25.80, 15.50
         0,     0, 1,12:10:51,12:11:05,    14, 25.80, 41.20,-15.40
  12706637,  7046, 2,12:11:42,12:11:46,     4, 43.90, 43.90,  0.00
  11953978,  4008, 3,12:11:23,12:12:58,    95, 47.10, 40.50,  6.60
         0,     0, 3,12:13:05,12:13:09,     4, 40.50, 40.50,  0.00
  11954056,     0, 7,11:27:32,12:15:28,  2876, 41.00, 40.70,  0.30
  13008820,     0, 9,12:12:15,12:15:44,   209, 40.90, 33.50,  7.40
  12200054,     0,10,12:15:29,12:15:45,    16, 33.50, 32.70,  0.80
         0,     0, 9,12:15:51,12:16:02,    11, 33.50, 41.00, -7.50
         0,     0,10,12:15:54,12:16:03,     9, 32.70, 40.50, -7.80
  12200054,     0,10,12:16:13,12:16:16,     3, 40.20, 40.20,  0.00
  12200054,     0,10,12:17:01,12:17:02,     1, 35.30, 35.20,  0.10
         0,     0,10,12:17:10,12:17:16,     6, 35.20, 41.20, -6.00
  12200054,     0,10,12:17:45,12:17:47,     2, 36.20, 36.20,  0.00
         0,     0,10,12:17:54,12:17:59,     5, 36.20, 41.20, -5.00
  13008756,  7115, 1,12:17:44,12:18:02,    18, 41.20, 41.20,  0.00
  13008756,  7115, 1,12:18:24,12:19:51,    87, 41.20, 24.60, 16.60
         0,     0, 1,12:19:59,12:20:14,    15, 24.60, 41.20,-16.60
  13323449,     0,10,12:22:29,12:22:41,    12, 41.20, 41.20,  0.00
  13008835,     0, 6,12:08:20,12:22:52,   872, 41.20, 32.10,  9.10
         0,     0, 6,12:23:00,12:23:08,     8, 32.10, 41.30, -9.20
  12706637,  7046, 4,12:23:24,12:23:48,    24, 43.60, 43.40,  0.20
  13008737,     0, 9,12:24:28,12:25:19,    51, 41.00, 41.00,  0.00
  13008737,     0,10,12:25:34,12:25:42,     8, 41.10, 41.10,  0.00
  12706637,  7046, 3,12:23:55,12:26:26,   151, 46.00, 25.50, 20.50
         0,     0, 3,12:26:33,12:26:51,    18, 25.50, 25.30,  0.20
  21306958,  5124, 7,12:16:06,12:28:38,   752, 40.30, 32.50,  7.80
         0,     0, 7,12:28:46,12:28:51,     5, 32.50, 41.00, -8.50
  11953978,  4008, 2,12:30:18,12:31:18,    60, 43.80, 35.00,  8.80
         0,     0, 2,12:31:26,12:31:34,     8, 35.00, 43.90, -8.90
  13323450,     0,10,12:31:17,12:33:58,   161, 41.10, 30.70, 10.40
  13008779,     0, 7,12:29:40,12:34:05,   265, 34.40, 30.40,  4.00
         0,     0,10,12:34:05,12:34:16,    11, 30.70, 41.20,-10.50
         0,     0, 7,12:34:13,12:34:20,     7, 30.40, 30.50, -0.10
  12706726,  7135, 2,12:35:29,12:37:21,   112, 43.90, 29.10, 14.80
         0,     0, 2,12:37:29,12:37:43,    14, 29.10, 43.90,-14.80
  13008737,     0,10,12:37:58,12:37:59,     1, 41.10, 41.10,  0.00
  13008737,     0, 9,12:38:37,12:38:43,     6, 40.90, 40.90,  0.00
  13008765,     0, 9,12:40:54,12:42:07,    73, 40.90, 38.40,  2.50
         0,     0, 9,12:42:16,12:42:19,     3, 38.40, 41.00, -2.60
  12199977,     0, 9,12:44:18,12:44:21,     3, 41.00, 41.00,  0.00
  12199977,     0, 9,12:44:43,12:45:46,    63, 40.80, 33.30,  7.50
         0,     0, 9,12:45:54,12:46:04,    10, 33.30, 41.10, -7.80
  11499202,     0, 6,12:23:19,12:49:15,  1556, 40.80, 31.20,  9.60
         0,     0, 6,12:49:23,12:49:32,     9, 31.20, 41.40,-10.20
  12706669,  7078, 4,12:50:29,12:51:54,    85, 43.40, 34.40,  9.00
  12448449,  6062, 1,12:50:18,12:52:04,   106, 41.20, 34.40,  6.80
         0,     0, 4,12:52:01,12:52:09,     8, 34.40, 43.40, -9.00
         0,     0, 1,12:52:11,12:52:17,     6, 34.40, 41.30, -6.90
  12448409,  6022, 1,12:52:44,12:53:12,    28, 41.30, 41.20,  0.10
  12448409,  6022, 2,12:53:18,12:53:45,    27, 43.90, 43.90,  0.00
  12706618,     0, 9,12:52:45,12:54:01,    76, 41.10, 37.10,  4.00
  12448409,  6022, 1,12:54:02,12:54:06,     4, 41.20, 41.20,  0.00
         0,     0, 9,12:54:09,12:54:14,     5, 37.10, 41.10, -4.00
  13323434,     0, 9,12:54:52,12:55:00,     8, 40.80, 40.50,  0.30
  12448409,  6022, 2,12:54:10,12:56:27,   137, 43.90, 17.80, 26.10
  13323434,     0, 9,12:55:25,12:56:51,    86, 40.00, 36.60,  3.40
         0,     0, 2,12:56:35,12:57:00,    25, 17.80, 43.90,-26.10
         0,     0, 9,12:56:59,12:57:04,     5, 36.60, 41.00, -4.40
  13323434,     0, 9,12:57:27,12:57:43,    16, 39.70, 39.30,  0.40
         0,     0, 9,12:57:50,12:57:52,     2, 39.30, 41.10, -1.80
  12448451,  6064, 2,12:57:32,12:58:10,    38, 43.90, 43.80,  0.10
  12706624,  7033, 6,12:49:43,12:58:52,   549, 41.40, 33.30,  8.10
         0,     0, 6,12:58:59,12:59:06,     7, 33.30, 41.30, -8.00
  12448451,  6064, 2,13:02:30,13:04:15,   105, 43.80, 43.60,  0.20
  13008765,     0, 9,13:06:20,13:07:23,    63, 40.30, 36.30,  4.00
         0,     0, 9,13:07:31,13:07:37,     6, 36.30, 41.10, -4.80
  12448483,  6096, 1,13:04:39,13:07:55,   196, 41.20, 18.60, 22.60
  12448451,  6064, 2,13:04:26,13:07:54,   208, 43.60, 19.70, 23.90
         0,     0, 1,13:08:02,13:08:25,    23, 18.60, 41.30,-22.70
         0,     0, 2,13:08:03,13:08:28,    25, 19.70, 44.00,-24.30
  12706650,  7059, 3,13:08:49,13:10:55,   126, 46.90, 34.80, 12.10
  13323358,     0,10,13:09:42,13:11:00,    78, 41.00, 37.20,  3.80
         0,     0, 3,13:11:03,13:11:12,     9, 34.80, 46.50,-11.70
         0,     0,10,13:11:08,13:11:12,     4, 37.20, 41.20, -4.00
  13323427,     0,10,13:11:35,13:12:08,    33, 41.20, 41.10,  0.10
  12448428,  6041, 4,13:13:12,13:14:08,    56, 43.80, 30.10, 13.70
         0,     0, 4,13:14:15,13:14:27,    12, 30.10, 43.30,-13.20
  12448416,  6029, 2,13:14:39,13:15:36,    57, 44.00, 37.30,  6.70
         0,     0, 2,13:15:43,13:15:48,     5, 37.30, 44.00, -6.70
  13323451,     0,10,13:17:15,13:17:41,    26, 41.00, 40.70,  0.30
  12448448,  6061, 2,13:16:34,13:19:38,   184, 44.00, 41.60,  2.40
         0,     0, 2,13:19:45,13:19:46,     1, 41.60, 43.80, -2.20
  12448448,  6061, 1,13:19:41,13:19:44,     3, 41.30, 41.30,  0.00
  12706705,  7114, 2,13:19:59,13:20:45,    46, 43.80, 43.70,  0.10
  12706705,  7114, 2,13:20:55,13:20:56,     1, 43.70, 43.70,  0.00
  12448448,  6061, 1,13:19:59,13:22:22,   143, 41.30, 20.90, 20.40
         0,     0, 1,13:22:30,13:22:50,    20, 20.90, 41.30,-20.40
  12448473,  6086, 2,13:21:16,13:22:51,    95, 43.70, 27.90, 15.80
         0,     0, 2,13:22:59,13:23:14,    15, 27.90, 44.00,-16.10
  11954075,  4105, 2,13:23:34,13:24:39,    65, 44.00, 30.30, 13.70
         0,     0, 2,13:24:46,13:24:59,    13, 30.30, 44.10,-13.80
  12706686,  7095, 2,13:25:09,13:25:22,    13, 44.00, 44.00,  0.00
  13008835,     0, 6,12:59:26,13:25:47,  1581, 41.30, 33.10,  8.20
         0,     0, 6,13:25:54,13:26:01,     7, 33.10, 41.30, -8.20
  12706609,  7018, 8,13:25:38,13:27:17,    99, 41.00, 27.50, 13.50
         0,     0, 8,13:27:24,13:27:38,    14, 27.50, 41.10,-13.60
  12706686,  7095, 1,13:25:26,13:28:22,   176, 41.30, 24.40, 16.90
         0,     0, 1,13:28:30,13:28:46,    16, 24.40, 41.30,-16.90
  12706738,  7147, 2,13:25:34,13:29:04,   210, 44.00, 22.90, 21.10
         0,     0, 2,13:29:12,13:29:32,    20, 22.90, 44.00,-21.10
  13323451,     0, 9,13:30:59,13:31:50,    51, 37.90, 32.10,  5.80
         0,     0, 9,13:31:59,13:32:11,    12, 32.10, 41.10, -9.00
  12448479,  6092, 2,13:30:09,13:32:24,   135, 44.00, 34.20,  9.80
         0,     0, 2,13:32:32,13:32:40,     8, 34.20, 43.90, -9.70
  12706705,  7114, 1,13:30:07,13:33:11,   184, 41.30, 17.30, 24.00
         0,     0, 1,13:33:20,13:33:43,    23, 17.30, 41.30,-24.00
  12706618,     0,10,13:34:39,13:35:24,    45, 40.60, 35.20,  5.40
  12706727,  7136, 1,13:33:54,13:35:35,   101, 41.30, 26.70, 14.60
         0,     0,10,13:35:33,13:35:39,     6, 35.20, 41.20, -6.00
         0,     0, 1,13:35:42,13:35:55,    13, 26.70, 41.20,-14.50
  12706624,  7033, 6,13:26:12,13:37:00,   648, 41.30, 34.90,  6.40
         0,     0, 6,13:37:08,13:37:14,     6, 34.90, 41.50, -6.60
  12706669,  7078, 5,13:36:37,13:37:42,    65, 40.60, 31.20,  9.40
         0,     0, 5,13:37:50,13:37:59,     9, 31.20, 31.30, -0.10
  13323449,     0,10,13:36:58,13:38:35,    97, 40.70, 36.10,  4.60
         0,     0,10,13:38:44,13:38:49,     5, 36.10, 41.10, -5.00
  13323449,     0,10,13:40:51,13:41:35,    44, 41.10, 41.10,  0.00
  12199981,  5035, 3,13:42:08,13:43:00,    52, 46.40, 28.30, 18.10
  13008762,     0, 6,13:37:24,13:43:16,   352, 41.50, 41.50,  0.00
         0,     0, 3,13:43:08,13:43:23,    15, 28.30, 28.20,  0.10
  12448428,  6041, 5,13:44:56,13:45:46,    50, 40.80, 32.20,  8.60
         0,     0, 5,13:45:54,13:46:02,     8, 32.20, 32.20,  0.00
  13008797,     0, 6,13:43:56,13:46:40,   164, 41.50, 41.10,  0.40
  13008815,     0, 7,12:55:01,13:47:10,  3129, 41.30, 32.00,  9.30
         0,     0, 7,13:47:18,13:47:24,     6, 32.00, 32.00,  0.00
  13008762,     0, 6,13:48:48,13:50:37,   109, 40.80, 29.70, 11.10
         0,     0, 6,13:50:45,13:50:56,    11, 29.70, 41.60,-11.90
  12706686,  7095, 2,13:55:27,13:56:00,    33, 43.90, 43.60,  0.30
  12706622,     0, 6,13:51:27,13:57:25,   358, 41.50, 26.70, 14.80
         0,     0, 6,13:57:33,13:57:43,    10, 26.70, 26.80, -0.10
  12706686,  7095, 2,13:57:36,13:58:53,    77, 43.60, 40.00,  3.60
         0,     0, 2,13:59:00,13:59:02,     2, 40.00, 43.90, -3.90
  11499161,  2051, 1,13:57:46,13:59:05,    79, 41.20, 34.40,  6.80
  12200042,  5096, 5,13:56:50,13:59:10,   140, 40.90, 19.20, 21.70
         0,     0, 1,13:59:13,13:59:19,     6, 34.40, 41.30, -6.90
         0,     0, 5,13:59:18,13:59:39,    21, 19.20, 40.90,-21.70
  11499161,  2051, 2,13:59:37,14:00:29,    52, 43.90, 43.10,  0.80
  12706700,  7109, 2,14:01:52,14:02:30,    38, 43.10, 33.70,  9.40
         0,     0, 2,14:02:39,14:02:48,     9, 33.70, 43.80,-10.10
  21268104,  6067, 4,14:03:00,14:03:58,    58, 43.60, 36.80,  6.80
         0,     0, 4,14:04:06,14:04:12,     6, 36.80, 43.30, -6.50
  12706601,     0, 9,14:04:17,14:04:26,     9, 41.10, 41.10,  0.00
  11954042,     0,10,14:03:23,14:04:26,    63, 41.00, 40.90,  0.10
  11724109,  6068, 1,14:02:40,14:05:59,   199, 41.30, 27.50, 13.80
         0,     0, 1,14:06:06,14:06:19,    13, 27.50, 41.30,-13.80
  12706601,     0,10,14:04:38,14:06:45,   127, 40.90, 35.50,  5.40
         0,     0,10,14:06:53,14:06:58,     5, 35.50, 41.20, -5.70
  11954042,     0, 9,14:04:40,14:07:50,   190, 41.10, 39.80,  1.30
         0,     0, 9,14:07:59,14:08:00,     1, 39.80, 40.90, -1.10
  11954042,     0,10,14:07:54,14:08:01,     7, 41.20, 41.00,  0.20
  12706707,  7116, 2,14:08:18,14:08:33,    15, 43.80, 43.80,  0.00
  12706707,  7116, 2,14:08:56,14:10:22,    86, 43.80, 34.60,  9.20
         0,     0, 2,14:10:29,14:10:37,     8, 34.60, 44.00, -9.40
  21268825,  6087, 1,14:09:52,14:10:43,    51, 41.30, 41.10,  0.20
  21268825,  6087, 2,14:10:47,14:12:47,   120, 44.00, 25.10, 18.90
         0,     0, 2,14:12:55,14:13:13,    18, 25.10, 43.90,-18.80
  13323358,     0, 9,14:12:48,14:13:12,    24, 40.90, 40.90,  0.00
  11724109,  6068, 1,14:14:33,14:15:41,    68, 41.10, 40.20,  0.90
  11953978,  4008, 4,14:18:22,14:19:14,    52, 43.30, 30.30, 13.00
         0,     0, 4,14:19:23,14:19:35,    12, 30.30, 30.30,  0.00
  13008836,     0, 8,14:19:13,14:21:33,   140, 41.10, 40.70,  0.40
  12706639,  7048, 5,14:21:39,14:21:46,     7, 40.80, 40.80,  0.00
  13008836,     0, 8,14:21:55,14:23:30,    95, 40.40, 25.10, 15.30
  12448471,  6084, 2,14:21:25,14:23:37,   132, 44.00, 21.60, 22.40
         0,     0, 8,14:23:39,14:23:56,    17, 25.10, 41.10,-16.00
         0,     0, 2,14:23:46,14:24:08,    22, 21.60, 44.00,-22.40
  12706639,  7048, 5,14:22:12,14:24:51,   159, 40.80, 22.80, 18.00
         0,     0, 5,14:24:59,14:25:16,    17, 22.80, 40.80,-18.00
  11954042,     0, 9,14:22:26,14:26:49,   263, 40.90, 30.50, 10.40
         0,     0, 9,14:26:57,14:27:11,    14, 30.50, 41.00,-10.50
  13008797,     0, 6,13:58:04,14:28:42,  1838, 37.80, 26.90, 10.90
         0,     0, 6,14:28:50,14:29:03,    13, 26.90, 41.50,-14.60
  13008820,     0, 9,14:28:15,14:29:01,    46, 40.90, 40.70,  0.20
  13008820,     0, 9,14:29:29,14:30:55,    86, 40.50, 39.30,  1.20
         0,     0, 9,14:31:04,14:31:06,     2, 39.30, 41.10, -1.80
  13008820,     0, 9,14:31:29,14:31:30,     1, 40.10, 39.80,  0.30
         0,     0, 9,14:31:39,14:31:40,     1, 39.80, 41.00, -1.20
  13008820,     0, 9,14:32:13,14:32:14,     1, 40.20, 40.30, -0.10
  13008762,     0, 6,14:29:13,14:33:47,   274, 41.40, 39.30,  2.10
         0,     0, 6,14:33:55,14:33:56,     1, 39.30, 39.20,  0.10
  12706701,  7110, 2,14:32:09,14:35:50,   221, 44.00, 31.80, 12.20
         0,     0, 2,14:35:58,14:36:09,    11, 31.80, 44.00,-12.20
  12706701,  7110, 2,14:36:19,14:36:58,    39, 44.10, 36.30,  7.80
         0,     0, 2,14:37:06,14:37:12,     6, 36.30, 44.00, -7.70
  12200007,  5061, 1,14:36:05,14:37:34,    89, 40.20, 24.00, 16.20
         0,     0, 1,14:37:41,14:37:57,    16, 24.00, 41.30,-17.30
  12706604,     0, 9,14:41:03,14:41:10,     7, 40.30, 40.20,  0.10
  13008735,  7156, 1,14:40:32,14:41:36,    64, 41.30, 39.90,  1.40
         0,     0, 1,14:41:44,14:41:44,     0, 39.90, 41.00, -1.10
  12706604,     0,10,14:42:12,14:43:02,    50, 40.90, 40.80,  0.10
  11724159,     0, 6,14:34:26,14:46:39,   733, 31.50, 31.60, -0.10
  12706609,  7018, 8,14:45:18,14:46:42,    84, 41.20, 31.10, 10.10
         0,     0, 6,14:46:47,14:46:56,     9, 31.60, 41.40, -9.80
         0,     0, 8,14:46:50,14:47:00,    10, 31.10, 41.10,-10.00
  12200007,  5061, 5,14:47:07,14:47:13,     6, 40.70, 40.70,  0.00
  12706655,  7064, 2,14:45:00,14:47:38,   158, 44.00, 31.10, 12.90
         0,     0, 2,14:47:47,14:47:59,    12, 31.10, 44.00,-12.90
  13008762,     0, 6,14:47:06,14:48:21,    75, 41.40, 41.30,  0.10
  12200046,  5100, 3,14:52:01,14:53:46,   105, 46.80, 27.80, 19.00
         0,     0, 3,14:53:54,14:54:09,    15, 27.80, 27.80,  0.00
  12706624,  7033, 6,14:48:42,14:55:25,   403, 41.30, 37.40,  3.90
         0,     0, 6,14:55:33,14:55:35,     2, 37.40, 40.70, -3.30
  12448477,  6090, 2,15:03:27,15:04:14,    47, 44.00, 38.40,  5.60
         0,     0, 2,15:04:22,15:04:26,     4, 38.40, 43.90, -5.50
  11954075,  4105, 2,15:04:53,15:04:58,     5, 44.00, 44.00,  0.00
  12448477,  6090, 1,15:04:18,15:05:50,    92, 41.00, 25.50, 15.50
         0,     0, 1,15:05:58,15:06:13,    15, 25.50, 41.20,-15.70
  11954075,  4105, 2,15:05:12,15:06:22,    70, 44.00, 34.00, 10.00
         0,     0, 2,15:06:30,15:06:38,     8, 34.00, 43.90, -9.90
  12706710,  7119, 1,15:06:48,15:07:29,    41, 41.20, 40.90,  0.30
  12199969,     0, 9,15:07:58,15:08:07,     9, 40.20, 39.80,  0.40
         0,     0, 9,15:08:15,15:08:16,     1, 39.80, 41.00, -1.20
  12448437,  6050, 7,14:52:26,15:09:11,  1005, 28.60, 22.70,  5.90
         0,     0, 7,15:09:19,15:09:31,    12, 22.70, 22.80, -0.10
  12706710,  7119, 2,15:07:35,15:09:29,   114, 44.00, 29.80, 14.20
         0,     0, 2,15:09:37,15:09:50,    13, 29.80, 44.00,-14.20
  13008837,     0, 8,15:13:47,15:14:23,    36, 41.10, 41.00,  0.10
  13008837,     0, 8,15:15:00,15:15:12,    12, 41.00, 41.00,  0.00
  13008837,     0, 7,15:14:27,15:25:40,   673, 41.50, 41.30,  0.20
  13008837,     0, 8,15:26:16,15:26:19,     3, 41.00, 41.00,  0.00
  13323449,     0, 9,15:24:42,15:26:31,   109, 40.90, 40.70,  0.20
  13323449,     0,10,15:27:40,15:27:42,     2, 40.50, 40.50,  0.00
  13008762,     0, 6,14:55:45,15:27:53,  1928, 40.70, 25.80, 14.90
         0,     0, 6,15:28:01,15:28:16,    15, 25.80, 41.40,-15.60
  13323449,     0,10,15:34:55,15:37:30,   155, 40.50, 40.20,  0.30
  13323449,     0,10,15:38:51,15:39:04,    13, 40.10, 40.10,  0.00
  13323449,     0, 9,15:39:10,15:39:17,     7, 40.70, 40.70,  0.00
  11954050,  4080, 2,15:41:36,15:41:55,    19, 44.00, 43.30,  0.70
  11954050,  4080, 2,15:42:06,15:42:14,     8, 43.30, 42.90,  0.40
  11954050,  4080, 2,15:42:24,15:43:37,    73, 42.90, 32.90, 10.00
  12448416,  6029, 4,15:42:16,15:43:50,    94, 43.70, 29.20, 14.50
         0,     0, 2,15:43:44,15:43:54,    10, 32.90, 44.00,-11.10
         0,     0, 4,15:43:57,15:44:11,    14, 29.20, 43.30,-14.10
  12448449,  6062, 1,15:46:50,15:46:55,     5, 40.80, 40.80,  0.00
  12448449,  6062, 2,15:47:09,15:48:52,   103, 43.90, 27.80, 16.10
  12199969,     0, 9,15:47:58,15:48:56,    58, 40.70, 35.70,  5.00
         0,     0, 9,15:49:04,15:49:11,     7, 35.70, 41.00, -5.30
         0,     0, 2,15:48:59,15:49:14,    15, 27.80, 43.90,-16.10
  12199969,     0,10,15:49:58,15:50:40,    42, 40.10, 39.70,  0.40
         0,     0,10,15:50:47,15:50:47,     0, 39.70, 41.00, -1.30
  13008768,     0, 6,15:28:34,15:51:28,  1374, 41.40, 20.10, 21.30
         0,     0, 6,15:51:35,15:51:55,    20, 20.10, 41.40,-21.30
  13008837,     0, 7,15:30:19,15:52:20,  1321, 41.30, 25.50, 15.80
         0,     0, 7,15:52:28,15:52:38,    10, 25.50, 25.50,  0.00
  12706637,  7046, 1,15:52:44,15:52:49,     5, 40.80, 40.80,  0.00
  12706637,  7046, 2,15:52:59,15:53:03,     4, 44.00, 44.00,  0.00
  13008835,     0, 6,15:52:31,15:53:14,    43, 41.40, 41.30,  0.10
  21292347,  5120, 4,15:50:16,15:53:18,   182, 43.70, 30.70, 13.00
         0,     0, 4,15:53:26,15:53:38,    12, 30.70, 43.30,-12.60
  12199981,  5035, 1,15:56:00,15:56:55,    55, 40.80, 25.20, 15.60
         0,     0, 1,15:57:02,15:57:17,    15, 25.20, 41.30,-16.10
  13323449,     0, 9,15:59:51,15:59:57,     6, 41.10, 41.00,  0.10
  12706738,  7147, 2,16:00:47,16:02:31,   104, 43.90, 36.70,  7.20
         0,     0, 2,16:02:39,16:02:45,     6, 36.70, 43.90, -7.20
  13323453,     0,10,16:01:10,16:03:10,   120, 40.90, 33.50,  7.40
         0,     0,10,16:03:17,16:03:25,     8, 33.50, 41.20, -7.70
  12706707,  7116, 2,16:03:56,16:04:11,    15, 43.90, 43.30,  0.60
  13008802,     0, 9,16:02:26,16:04:21,   115, 41.00, 33.30,  7.70
  13323453,     0,10,16:04:20,16:04:23,     3, 40.70, 40.70,  0.00
  12706669,  7078, 5,16:02:51,16:04:34,   103, 40.70, 31.50,  9.20
         0,     0, 9,16:04:29,16:04:39,    10, 33.30, 41.10, -7.80
         0,     0, 5,16:04:42,16:04:51,     9, 31.50, 40.90, -9.40
  13008762,     0, 6,15:53:28,16:05:03,   695, 41.30, 40.80,  0.50
  12199988,  5042, 5,16:05:28,16:05:38,    10, 40.90, 40.90,  0.00
  12706669,  7078, 5,16:05:48,16:06:11,    23, 40.90, 38.50,  2.40
         0,     0, 5,16:06:19,16:06:21,     2, 38.50, 40.90, -2.40
  13323449,     0,10,16:06:44,16:06:46,     2, 39.50, 39.50,  0.00
         0,     0,10,16:06:54,16:06:55,     1, 39.50, 41.10, -1.60
  11953978,  4008, 1,16:07:07,16:07:12,     5, 41.30, 41.30,  0.00
  12706634,     0, 7,15:53:00,16:07:27,   867, 41.40, 32.80,  8.60
         0,     0, 7,16:07:35,16:07:40,     5, 32.80, 41.20, -8.40
  12706636,  7045, 4,16:06:17,16:08:25,   128, 43.40, 21.20, 22.20
         0,     0, 4,16:08:33,16:08:54,    21, 21.20, 43.10,-21.90
  12706616,  7025, 1,16:07:34,16:09:04,    90, 41.30, 26.50, 14.80
  12199988,  5042, 5,16:07:54,16:09:14,    80, 40.90, 39.00,  1.90
         0,     0, 5,16:09:21,16:09:23,     2, 39.00, 40.80, -1.80
         0,     0, 1,16:09:13,16:09:27,    14, 26.50, 41.30,-14.80
  12706637,  7046, 3,16:07:15,16:09:31,   136, 46.60, 27.40, 19.20
  11953978,  4008, 2,16:07:48,16:09:50,   122, 43.30, 36.50,  6.80
         0,     0, 3,16:09:40,16:09:56,    16, 27.40, 27.30,  0.10
         0,     0, 2,16:09:58,16:10:04,     6, 36.50, 43.90, -7.40
  12199986,     0, 7,16:07:51,16:11:25,   214, 41.30, 26.20, 15.10
         0,     0, 7,16:11:33,16:11:43,    10, 26.20, 41.20,-15.00
  12706650,  7059, 3,16:10:08,16:11:50,   102, 27.30, 37.10, -9.80
  12199988,  5042, 4,16:10:11,16:11:49,    98, 43.60, 29.10, 14.50
         0,     0, 3,16:11:57,16:12:05,     8, 37.10, 37.30, -0.20
         0,     0, 4,16:11:57,16:12:11,    14, 29.10, 43.30,-14.20
  12448428,  6041, 4,16:12:24,16:13:20,    56, 43.50, 28.00, 15.50
         0,     0, 4,16:13:27,16:13:42,    15, 28.00, 43.40,-15.40
  12706700,  7109, 1,16:13:06,16:14:09,    63, 41.30, 25.30, 16.00
         0,     0, 1,16:14:17,16:14:32,    15, 25.30, 41.20,-15.90
  12448451,  6064, 2,16:12:15,16:14:48,   153, 43.90, 43.60,  0.30
  13008732,  7153, 5,16:14:12,16:17:02,   170, 40.80, 19.20, 21.60
  12448451,  6064, 1,16:14:59,16:17:04,   125, 41.20, 20.90, 20.30
         0,     0, 5,16:17:10,16:17:31,    21, 19.20, 40.80,-21.60
         0,     0, 1,16:17:12,16:17:32,    20, 20.90, 41.30,-20.40
  13008779,     0, 7,16:12:49,16:18:43,   354, 31.10, 31.10,  0.00
         0,     0, 7,16:18:50,16:18:56,     6, 31.10, 31.10,  0.00
  12706710,  7119, 2,16:17:43,16:19:20,    97, 43.60, 34.30,  9.30
         0,     0, 2,16:19:29,16:19:37,     8, 34.30, 43.90, -9.60
  12706726,  7135, 1,16:17:51,16:19:40,   109, 41.30, 25.50, 15.80
         0,     0, 1,16:19:48,16:20:03,    15, 25.50, 41.30,-15.80
  21306958,  5124, 8,16:19:01,16:21:20,   139, 41.00, 40.10,  0.90
  21292347,  5120, 4,16:20:44,16:22:00,    76, 43.70, 37.40,  6.30
         0,     0, 4,16:22:08,16:22:13,     5, 37.40, 43.30, -5.90
  12706727,  7136, 1,16:22:03,16:22:16,    13, 41.30, 41.30,  0.00
  12448449,  6062, 5,16:21:13,16:22:45,    92, 40.80, 32.10,  8.70
  13008742,  7163, 1,16:22:42,16:22:47,     5, 41.30, 41.20,  0.10
  12706727,  7136, 2,16:22:34,16:22:48,    14, 43.90, 43.90,  0.00
         0,     0, 5,16:22:52,16:23:00,     8, 32.10, 40.80, -8.70
  21306958,  5124, 8,16:21:31,16:23:07,    96, 39.30, 32.70,  6.60
         0,     0, 8,16:23:14,16:23:22,     8, 32.70, 41.00, -8.30
  12706707,  7116, 1,16:23:09,16:23:28,    19, 41.20, 40.30,  0.90
  11954075,  4105, 2,16:23:21,16:23:38,    17, 43.90, 40.90,  3.00
         0,     0, 2,16:23:46,16:23:48,     2, 40.90, 44.00, -3.10
  11499161,  2051, 3,16:23:47,16:24:01,    14, 46.60, 46.50,  0.10
  11499161,  2051, 3,16:24:13,16:25:26,    73, 46.50, 45.20,  1.30
  12706707,  7116, 2,16:23:59,16:25:28,    89, 44.00, 34.10,  9.90
  12706686,  7095, 4,16:22:24,16:25:31,   187, 43.30, 30.70, 12.60
         0,     0, 2,16:25:36,16:25:45,     9, 34.10, 43.90, -9.80
         0,     0, 4,16:25:39,16:25:51,    12, 30.70, 43.20,-12.50
  11499161,  2051, 4,16:26:04,16:27:21,    77, 43.80, 32.10, 11.70
  12448448,  6061, 1,16:23:53,16:27:25,   212, 40.30, 13.50, 26.80
         0,     0, 4,16:27:28,16:27:39,    11, 32.10, 43.40,-11.30
         0,     0, 1,16:27:33,16:27:59,    26, 13.50, 41.20,-27.70
  12448409,  6022, 2,16:27:46,16:29:10,    84, 43.90, 35.00,  8.90
         0,     0, 2,16:29:18,16:29:26,     8, 35.00, 44.00, -9.00
  13008742,  7163, 1,16:29:35,16:29:55,    20, 41.20, 41.20,  0.00
  12448409,  6022, 2,16:29:38,16:29:59,    21, 44.00, 39.90,  4.10
         0,     0, 2,16:30:06,16:30:08,     2, 39.90, 43.80, -3.90
  13008742,  7163, 2,16:30:18,16:30:40,    22, 43.80, 43.80,  0.00
  11499161,  2051, 1,16:30:39,16:30:43,     4, 41.20, 41.20,  0.00
  12200054,     0,10,16:31:34,16:31:48,    14, 40.60, 40.20,  0.40
  12448409,  6022, 1,16:30:58,16:31:54,    56, 41.20, 36.50,  4.70
  13008742,  7163, 2,16:30:51,16:31:57,    66, 43.80, 43.30,  0.50
         0,     0, 1,16:32:02,16:32:06,     4, 36.50, 41.20, -4.70
  12200054,     0,10,16:32:08,16:32:11,     3, 39.10, 39.10,  0.00
         0,     0,10,16:32:19,16:32:20,     1, 39.10, 41.20, -2.10
  11499161,  2051, 1,16:32:24,16:33:05,    41, 41.20, 35.80,  5.40
         0,     0, 1,16:33:13,16:33:17,     4, 35.80, 41.30, -5.50
  12200054,     0,10,16:33:18,16:33:21,     3, 34.90, 34.90,  0.00
  12448416,  6029, 2,16:32:07,16:33:21,    74, 43.30, 34.30,  9.00
         0,     0,10,16:33:28,16:33:34,     6, 34.90, 41.10, -6.20
         0,     0, 2,16:33:29,16:33:37,     8, 34.30, 43.90, -9.60
  12200054,     0,10,16:33:54,16:34:18,    24, 41.10, 37.10,  4.00
         0,     0,10,16:34:26,16:34:30,     4, 37.10, 41.10, -4.00
  21268104,  6067, 3,16:33:28,16:34:37,    69, 45.60, 37.80,  7.80
         0,     0, 3,16:34:46,16:34:53,     7, 37.80, 38.00, -0.20
  11724109,  6068, 1,16:33:50,16:35:07,    77, 41.30, 36.80,  4.50
         0,     0, 1,16:35:14,16:35:17,     3, 36.80, 41.30, -4.50
  11724239,  3139, 2,16:33:52,16:35:20,    88, 43.90, 43.20,  0.70
  12448473,  6086, 1,16:35:30,16:35:41,    11, 41.30, 40.20,  1.10
  11724109,  6068, 2,16:35:31,16:36:39,    68, 43.20, 37.10,  6.10
         0,     0, 2,16:36:47,16:36:53,     6, 37.10, 44.00, -6.90
  11724239,  3139, 1,16:35:50,16:38:01,   131, 40.20, 29.50, 10.70
  12448473,  6086, 2,16:37:09,16:38:11,    62, 44.00, 30.60, 13.40
         0,     0, 1,16:38:09,16:38:20,    11, 29.50, 41.10,-11.60
         0,     0, 2,16:38:19,16:38:31,    12, 30.60, 43.90,-13.30
  13008756,  7115, 4,16:38:16,16:39:27,    71, 43.80, 26.30, 17.50
         0,     0, 4,16:39:34,16:39:51,    17, 26.30, 43.40,-17.10
  13008742,  7163, 3,16:39:35,16:41:03,    88, 46.20, 46.30, -0.10
  11954014,  4044, 3,16:41:27,16:42:21,    54, 46.00, 26.10, 19.90
         0,     0, 3,16:42:29,16:42:47,    18, 26.10, 26.00,  0.10
  12706659,  7068, 1,16:40:08,16:42:55,   167, 41.20, 16.70, 24.50
         0,     0, 1,16:43:02,16:43:26,    24, 16.70, 41.30,-24.60
  13008742,  7163, 4,16:41:22,16:44:26,   184, 43.60, 17.90, 25.70
         0,     0, 4,16:44:34,16:44:59,    25, 17.90, 43.10,-25.20
  13323434,     0, 9,16:46:09,16:46:19,    10, 41.00, 40.90,  0.10
  13323434,     0, 9,16:46:44,16:48:30,   106, 40.50, 35.30,  5.20
         0,     0, 9,16:48:38,16:48:46,     8, 35.30, 40.90, -5.60
  12706686,  7095, 4,16:48:46,16:50:05,    79, 43.30, 39.30,  4.00
         0,     0, 4,16:50:12,16:50:16,     4, 39.30, 43.30, -4.00
  12200007,  5061, 2,16:49:18,16:50:19,    61, 44.00, 35.30,  8.70
         0,     0, 2,16:50:27,16:50:34,     7, 35.30, 44.00, -8.70
  12706686,  7095, 4,16:50:58,16:51:20,    22, 43.30, 41.50,  1.80
         0,     0, 4,16:51:29,16:51:30,     1, 41.50, 43.40, -1.90
  12706651,  7060, 4,16:51:59,16:53:23,    84, 43.30, 32.20, 11.10
         0,     0, 4,16:53:30,16:53:41,    11, 32.20, 43.30,-11.10
  12706604,     0,10,16:53:41,16:53:57,    16, 41.10, 40.90,  0.20
  12706604,     0,10,16:54:19,16:55:46,    87, 40.50, 21.90, 18.60
  12448471,  6084, 5,16:55:38,16:55:57,    19, 40.80, 37.60,  3.20
         0,     0, 5,16:56:04,16:56:07,     3, 37.60, 40.80, -3.20
         0,     0,10,16:55:53,16:56:14,    21, 21.90, 41.20,-19.30
  12448437,  6050, 7,16:27:22,16:57:20,  1798, 41.50, 33.10,  8.40
         0,     0, 7,16:57:27,16:57:32,     5, 33.10, 33.00,  0.10
  21306958,  5124, 8,16:57:37,16:57:46,     9, 41.10, 41.00,  0.10
  21268825,  6087, 1,16:57:56,16:59:13,    77, 41.30, 29.30, 12.00
         0,     0, 1,16:59:21,16:59:32,    11, 29.30, 41.20,-11.90
  12448483,  6096, 4,16:57:03,16:59:40,   157, 43.90, 22.20, 21.70
         0,     0, 4,16:59:47,17:00:07,    20, 22.20, 43.30,-21.10
  13008735,  7156, 3,16:59:21,17:00:45,    84, 46.30, 38.90,  7.40
         0,     0, 3,17:00:53,17:00:59,     6, 38.90, 39.10, -0.20
  12200007,  5061, 1,17:01:00,17:01:41,    41, 41.30, 36.00,  5.30
         0,     0, 1,17:01:48,17:01:52,     4, 36.00, 41.20, -5.20
  12200046,  5100, 5,17:02:25,17:02:27,     2, 40.80, 40.80,  0.00
  11724239,  3139, 2,17:02:16,17:04:14,   118, 44.00, 36.20,  7.80
  12200046,  5100, 3,17:03:30,17:04:20,    50, 46.50, 35.50, 11.00
         0,     0, 2,17:04:22,17:04:28,     6, 36.20, 43.90, -7.70
         0,     0, 3,17:04:27,17:04:36,     9, 35.50, 35.90, -0.40
  13008835,     0, 6,16:06:53,17:04:52,  3479, 40.70, 22.10, 18.60
         0,     0, 6,17:04:59,17:05:18,    19, 22.10, 40.50,-18.40
  13008765,     0, 9,17:04:00,17:06:06,   126, 40.90, 36.50,  4.40
         0,     0, 9,17:06:15,17:06:20,     5, 36.50, 41.00, -4.50
  13008820,     0, 9,17:06:40,17:07:26,    46, 41.10, 40.90,  0.20
  11499202,     0, 6,17:05:29,17:07:32,   123, 40.40, 33.50,  6.90
  13008820,     0, 9,17:07:38,17:07:38,     0, 40.70, 40.80, -0.10
         0,     0, 6,17:07:39,17:07:46,     7, 33.50, 41.40, -7.90
  12448449,  6062, 1,17:07:27,17:08:48,    81, 41.20, 33.40,  7.80
         0,     0, 1,17:08:56,17:09:03,     7, 33.40, 41.30, -7.90
  13008756,  7115, 2,17:12:58,17:14:03,    65, 43.90, 30.50, 13.40
         0,     0, 2,17:14:10,17:14:22,    12, 30.50, 44.00,-13.50
  13008762,     0, 6,17:08:02,17:15:46,   464, 41.40, 41.40,  0.00
  21268104,  6067, 2,17:16:51,17:18:25,    94, 44.00, 34.40,  9.60
         0,     0, 2,17:18:34,17:18:42,     8, 34.40, 43.90, -9.50
  21268104,  6067, 2,17:19:12,17:19:33,    21, 44.00, 41.50,  2.50
         0,     0, 2,17:19:40,17:19:41,     1, 41.50, 43.90, -2.40
  13008797,     0, 6,17:15:59,17:20:43,   284, 41.40, 32.60,  8.80
         0,     0, 6,17:20:50,17:20:58,     8, 32.60, 41.40, -8.80
  13008820,     0, 9,17:19:13,17:21:10,   117, 40.80, 39.60,  1.20
         0,     0, 9,17:21:18,17:21:19,     1, 39.60, 41.00, -1.40
  13008735,  7156, 3,17:20:39,17:21:47,    68, 46.40, 40.80,  5.60
         0,     0, 3,17:21:56,17:22:00,     4, 40.80, 41.00, -0.20
  13008820,     0, 9,17:22:55,17:22:57,     2, 34.70, 34.70,  0.00
         0,     0, 9,17:23:05,17:23:14,     9, 34.70, 41.00, -6.30
  21306958,  5124, 7,17:17:21,17:24:36,   435, 41.50, 40.70,  0.80
  13323358,     0, 9,17:25:56,17:26:00,     4, 41.00, 41.00,  0.00
  13008762,     0, 6,17:22:00,17:26:55,   295, 41.30, 41.00,  0.30
  12706705,  7114, 1,17:24:56,17:27:28,   152, 41.30, 22.40, 18.90
  13323358,     0, 9,17:26:11,17:27:31,    80, 41.00, 35.10,  5.90
  11953978,  4008, 2,17:26:41,17:27:31,    50, 43.90, 37.70,  6.20
         0,     0, 2,17:27:39,17:27:44,     5, 37.70, 43.90, -6.20
         0,     0, 9,17:27:39,17:27:47,     8, 35.10, 41.10, -6.00
         0,     0, 1,17:27:35,17:27:53,    18, 22.40, 41.20,-18.80
  11954056,     0, 8,17:27:56,17:28:35,    39, 41.00, 40.80,  0.20
  21306958,  5124, 7,17:24:53,17:28:44,   231, 40.60, 40.50,  0.10
  12448473,  6086, 1,17:28:05,17:29:01,    56, 41.20, 30.80, 10.40
         0,     0, 1,17:29:08,17:29:17,     9, 30.80, 41.30,-10.50
  13008836,     0, 8,17:30:55,17:31:11,    16, 40.80, 40.70,  0.10
  13008836,     0, 8,17:31:26,17:31:34,     8, 40.70, 40.60,  0.10
  11954056,     0, 7,17:29:14,17:31:49,   155, 40.00, 21.00, 19.00
  12200007,  5061, 3,17:31:08,17:31:50,    42, 47.40, 37.70,  9.70
         0,     0, 3,17:31:58,17:32:05,     7, 37.70, 37.50,  0.20
         0,     0, 7,17:31:57,17:32:10,    13, 21.00, 41.50,-20.50
  12706618,     0, 9,17:32:56,17:33:01,     5, 41.10, 41.10,  0.00
  11724239,  3139, 2,17:30:16,17:33:04,   168, 43.90, 37.20,  6.70
         0,     0, 2,17:33:12,17:33:17,     5, 37.20, 44.00, -6.80
  12706618,     0, 9,17:33:13,17:33:16,     3, 41.10, 41.10,  0.00
  12706651,  7060, 5,17:35:03,17:36:43,   100, 40.80, 35.30,  5.50
  13008800,     0,10,17:35:21,17:36:52,    91, 39.20, 28.00, 11.20
         0,     0, 5,17:36:51,17:36:56,     5, 35.30, 40.90, -5.60
         0,     0,10,17:37:00,17:37:14,    14, 28.00, 41.20,-13.20
  12448479,  6092, 2,17:35:38,17:38:00,   142, 44.00, 24.10, 19.90
  12706659,  7068, 1,17:36:31,17:38:12,   101, 41.30, 24.30, 17.00
  12706700,  7109, 5,17:37:52,17:38:13,    21, 40.80, 40.70,  0.10
         0,     0, 2,17:38:08,17:38:27,    19, 24.10, 43.80,-19.70
         0,     0, 1,17:38:19,17:38:35,    16, 24.30, 41.20,-16.90
  12706700,  7109, 5,17:38:28,17:38:41,    13, 40.70, 38.00,  2.70
         0,     0, 5,17:38:50,17:38:52,     2, 38.00, 40.90, -2.90
  12706622,     0, 6,17:27:15,17:39:12,   717, 41.00, 31.30,  9.70
         0,     0, 6,17:39:20,17:39:29,     9, 31.30, 41.40,-10.10
  12706700,  7109, 5,17:39:08,17:39:44,    36, 40.90, 30.20, 10.70
         0,     0, 5,17:39:51,17:40:01,    10, 30.20, 30.20,  0.00
  11954075,  4105, 1,17:50:35,17:51:14,    39, 41.20, 34.10,  7.10
         0,     0, 1,17:51:21,17:51:27,     6, 34.10, 41.30, -7.20
  12706651,  7060, 5,17:56:13,17:57:18,    65, 40.80, 34.50,  6.30
         0,     0, 5,17:57:27,17:57:33,     6, 34.50, 40.80, -6.30
  13323449,     0, 9,17:56:53,17:57:56,    63, 41.00, 40.90,  0.10
  13323449,     0, 9,17:58:16,17:58:19,     3, 40.90, 40.90,  0.00
  12706705,  7114, 2,17:56:39,17:58:21,   102, 43.90, 35.20,  8.70
  11953978,  4008, 1,17:57:43,17:58:29,    46, 41.20, 37.10,  4.10
         0,     0, 2,17:58:28,17:58:35,     7, 35.20, 44.00, -8.80
         0,     0, 1,17:58:36,17:58:39,     3, 37.10, 41.20, -4.10
  13008789,     0,10,18:01:23,18:01:27,     4, 41.10, 41.10,  0.00
  12706655,  7064, 1,18:00:15,18:01:30,    75, 41.20, 28.50, 12.70
         0,     0, 1,18:01:38,18:01:50,    12, 28.50, 41.20,-12.70
  13008762,     0, 6,17:41:13,18:02:38,  1285, 41.30, 40.80,  0.50
  11724239,  3139, 3,18:00:27,18:03:34,   187, 46.30, 39.90,  6.40
         0,     0, 3,18:03:43,18:03:48,     5, 39.90, 39.90,  0.00
  13008789,     0,10,18:01:44,18:06:32,   288, 41.10, 26.80, 14.30
         0,     0,10,18:06:40,18:06:55,    15, 26.80, 41.20,-14.40
  12706710,  7119, 1,18:05:37,18:07:46,   129, 41.20, 29.90, 11.30
         0,     0, 1,18:07:53,18:08:03,    10, 29.90, 41.30,-11.40
  12448477,  6090, 1,18:09:06,18:11:18,   132, 41.30, 31.50,  9.80
         0,     0, 1,18:11:25,18:11:34,     9, 31.50, 41.30, -9.80
  13008815,     0, 8,18:10:12,18:11:47,    95, 40.70, 32.60,  8.10
  12448477,  6090, 2,18:11:42,18:12:00,    18, 44.00, 40.80,  3.20
         0,     0, 8,18:11:55,18:12:04,     9, 32.60, 41.10, -8.50
         0,     0, 2,18:12:07,18:12:09,     2, 40.80, 44.00, -3.20
  12199977,     0, 9,18:11:38,18:12:47,    69, 40.90, 36.50,  4.40
         0,     0, 9,18:12:55,18:13:00,     5, 36.50, 41.00, -4.50
  21306958,  5124, 8,18:13:09,18:13:21,    12, 41.20, 41.10,  0.10
  12706618,     0, 9,18:14:52,18:15:50,    58, 41.10, 34.10,  7.00
         0,     0, 9,18:15:58,18:16:07,     9, 34.10, 41.00, -6.90
  12199988,  5042, 2,18:17:32,18:18:36,    64, 44.00, 41.40,  2.60
         0,     0, 2,18:18:44,18:18:45,     1, 41.40, 43.80, -2.40
  11954075,  4105, 2,18:18:59,18:19:59,    60, 43.90, 31.80, 12.10
         0,     0, 2,18:20:07,18:20:18,    11, 31.80, 43.90,-12.10
  12706727,  7136, 1,18:18:31,18:20:57,   146, 41.30, 26.30, 15.00
  12706701,  7110, 2,18:21:03,18:21:10,     7, 43.90, 43.90,  0.00
         0,     0, 1,18:21:05,18:21:19,    14, 26.30, 41.30,-15.00
  13008765,     0, 9,18:21:45,18:22:36,    51, 41.10, 36.60,  4.50
  12706738,  7147, 3,18:20:43,18:22:42,   119, 47.00, 38.70,  8.30
         0,     0, 9,18:22:45,18:22:50,     5, 36.60, 41.10, -4.50
         0,     0, 3,18:22:51,18:22:57,     6, 38.70, 38.80, -0.10
  21268104,  6067, 5,18:21:25,18:23:18,   113, 40.80, 32.30,  8.50
         0,     0, 5,18:23:25,18:23:33,     8, 32.30, 40.90, -8.60
  12706701,  7110, 1,18:21:29,18:24:32,   183, 41.30, 21.30, 20.00
         0,     0, 1,18:24:40,18:24:59,    19, 21.30, 41.30,-20.00
  12706738,  7147, 4,18:23:25,18:25:02,    97, 44.20, 28.90, 15.30
         0,     0, 4,18:25:10,18:25:24,    14, 28.90, 43.40,-14.50
  12200042,  5096, 3,18:25:26,18:26:28,    62, 46.20, 42.30,  3.90
         0,     0, 3,18:26:37,18:26:40,     3, 42.30, 46.50, -4.20
  12200042,  5096, 1,18:26:49,18:28:16,    87, 41.30, 24.00, 17.30
         0,     0, 1,18:28:24,18:28:40,    16, 24.00, 41.20,-17.20
  12706624,  7033, 6,18:02:52,18:28:48,  1556, 40.70, 36.30,  4.40
         0,     0, 6,18:28:56,18:29:00,     4, 36.30, 41.50, -5.20
  12706601,     0,10,18:27:56,18:29:26,    90, 41.10, 36.20,  4.90
         0,     0,10,18:29:34,18:29:39,     5, 36.20, 41.20, -5.00
  12706634,     0, 8,18:29:16,18:29:43,    27, 41.20, 39.90,  1.30
         0,     0, 8,18:29:51,18:29:51,     0, 39.90, 40.70, -0.80
  12706634,     0, 8,18:30:06,18:30:50,    44, 40.70, 33.90,  6.80
  12706727,  7136, 1,18:29:37,18:30:53,    76, 41.20, 34.30,  6.90
         0,     0, 8,18:30:58,18:31:06,     8, 33.90, 41.10, -7.20
         0,     0, 1,18:31:01,18:31:07,     6, 34.30, 41.30, -7.00
  12706601,     0,10,18:29:50,18:31:09,    79, 41.20, 35.00,  6.20
         0,     0,10,18:31:17,18:31:23,     6, 35.00, 41.20, -6.20
  12706634,     0, 8,18:31:19,18:31:30,    11, 39.30, 37.60,  1.70
         0,     0, 8,18:31:39,18:31:42,     3, 37.60, 41.10, -3.50
  12448479,  6092, 3,18:30:18,18:32:12,   114, 46.50, 35.50, 11.00
         0,     0, 3,18:32:19,18:32:28,     9, 35.50, 35.80, -0.30
  12199988,  5042, 2,18:32:00,18:33:02,    62, 43.80, 41.70,  2.10
         0,     0, 2,18:33:11,18:33:12,     1, 41.70, 43.90, -2.20
  12199988,  5042, 2,18:33:29,18:33:59,    30, 43.90, 42.60,  1.30
  12199988,  5042, 2,18:34:25,18:35:02,    37, 42.60, 39.70,  2.90
         0,     0, 2,18:35:10,18:35:13,     3, 39.70, 44.00, -4.30
  13008792,     0,10,18:35:58,18:36:23,    25, 41.10, 41.10,  0.00
  12199981,  5035, 1,18:37:25,18:37:27,     2, 41.30, 41.30,  0.00
  12199986,     0, 8,18:37:54,18:37:57,     3, 41.00, 41.00,  0.00
  12706726,  7135, 2,18:38:06,18:38:12,     6, 44.00, 44.00,  0.00
  12199986,     0, 8,18:38:07,18:38:26,    19, 41.00, 40.70,  0.30
  12199981,  5035, 1,18:37:39,18:38:48,    69, 41.30, 23.70, 17.60
         0,     0, 1,18:38:57,18:39:14,    17, 23.70, 41.20,-17.50
  12706726,  7135, 4,18:41:00,18:42:05,    65, 43.70, 37.00,  6.70
         0,     0, 4,18:42:13,18:42:19,     6, 37.00, 43.40, -6.40
  13008836,     0, 7,17:32:34,18:45:05,  4351, 41.50, 24.30, 17.20
         0,     0, 7,18:45:13,18:45:24,    11, 24.30, 24.40, -0.10
  13008815,     0, 8,18:45:29,18:45:30,     1, 40.40, 40.40,  0.00
  21306958,  5124, 8,18:45:41,18:45:46,     5, 40.40, 40.40,  0.00
  11499161,  2051, 1,18:46:33,18:48:07,    94, 41.20, 35.40,  5.80
         0,     0, 1,18:48:15,18:48:20,     5, 35.40, 41.20, -5.80
  13008762,     0, 6,18:29:23,18:49:13,  1190, 41.40, 40.40,  1.00
  13008815,     0, 8,18:46:39,18:49:30,   171, 40.40, 28.30, 12.10
  11499161,  2051, 2,18:48:23,18:49:45,    82, 43.90, 35.90,  8.00
         0,     0, 8,18:49:39,18:49:52,    13, 28.30, 41.10,-12.80
         0,     0, 2,18:49:53,18:50:00,     7, 35.90, 43.90, -8.00
  11499161,  2051, 1,18:50:39,18:51:58,    79, 41.20, 40.00,  1.20
         0,     0, 1,18:52:07,18:52:07,     0, 40.00, 40.90, -0.90
  13323451,     0,10,18:52:47,18:54:43,   116, 41.10, 28.70, 12.40
         0,     0,10,18:54:51,18:55:04,    13, 28.70, 41.20,-12.50
  13008792,     0, 9,18:53:17,18:55:34,   137, 41.10, 36.10,  5.00
         0,     0, 9,18:55:41,18:55:47,     6, 36.10, 41.00, -4.90
  12706616,  7025, 3,18:54:46,18:56:16,    90, 46.30, 27.90, 18.40
         0,     0, 3,18:56:23,18:56:39,    16, 27.90, 46.60,-18.70
  13008742,  7163, 1,18:52:30,18:56:46,   256, 40.90, 26.60, 14.30
         0,     0, 1,18:56:54,18:57:08,    14, 26.60, 41.20,-14.60
  13008792,     0,10,18:55:53,18:57:24,    91, 39.20, 28.80, 10.40
         0,     0,10,18:57:32,18:57:45,    13, 28.80, 41.20,-12.40
  12199981,  5035, 2,18:59:12,19:00:07,    55, 43.90, 39.70,  4.20
         0,     0, 2,19:00:16,19:00:19,     3, 39.70, 43.90, -4.20
  12448442,  6055, 6,18:49:24,19:00:44,   680, 40.30, 18.80, 21.50
         0,     0, 6,19:00:52,19:01:14,    22, 18.80, 41.40,-22.60
  12706707,  7116, 2,19:01:20,19:02:45,    85, 43.90, 33.50, 10.40
         0,     0, 2,19:02:54,19:03:03,     9, 33.50, 44.00,-10.50
  12706636,  7045, 2,19:03:13,19:04:30,    77, 44.10, 36.60,  7.50
         0,     0, 2,19:04:39,19:04:45,     6, 36.60, 43.90, -7.30
  12706650,  7059, 1,19:02:16,19:04:58,   162, 41.20, 25.60, 15.60
         0,     0, 1,19:05:06,19:05:21,    15, 25.60, 41.30,-15.70
  12706639,  7048, 1,19:06:50,19:06:59,     9, 41.30, 41.30,  0.00
  12706639,  7048, 1,19:07:11,19:07:35,    24, 41.30, 41.40, -0.10
  11953978,  4008, 2,19:07:11,19:07:39,    28, 43.90, 43.50,  0.40
  11953978,  4008, 3,19:08:24,19:09:35,    71, 48.00, 34.30, 13.70
         0,     0, 3,19:09:43,19:09:53,    10, 34.30, 34.10,  0.20
  13323427,     0,10,19:10:09,19:10:16,     7, 41.10, 41.00,  0.10
  12706639,  7048, 2,19:07:49,19:10:21,   152, 43.50, 22.20, 21.30
  13323427,     0,10,19:10:26,19:10:29,     3, 40.70, 40.70,  0.00
         0,     0, 2,19:10:29,19:10:50,    21, 22.20, 44.00,-21.80
  13323427,     0,10,19:10:39,19:10:51,    12, 40.80, 40.50,  0.30
  13323427,     0,10,19:11:03,19:11:10,     7, 40.50, 40.10,  0.40
  12448428,  6041, 4,19:10:20,19:11:14,    54, 43.50, 29.80, 13.70
  13323427,     0,10,19:11:21,19:11:31,    10, 40.10, 39.20,  0.90
         0,     0, 4,19:11:22,19:11:35,    13, 29.80, 43.30,-13.50
         0,     0,10,19:11:39,19:11:40,     1, 39.20, 39.20,  0.00
  13323427,     0,10,19:11:57,19:11:58,     1, 39.80, 39.80,  0.00
         0,     0,10,19:12:06,19:12:07,     1, 39.80, 40.50, -0.70
  12448409,  6022, 1,19:09:46,19:12:06,   140, 41.40, 28.90, 12.50
  21306958,  5124, 7,18:45:53,19:12:21,  1588, 41.60, 15.70, 25.90
         0,     0, 1,19:12:15,19:12:27,    12, 28.90, 41.30,-12.40
         0,     0, 7,19:12:29,19:12:46,    17, 15.70, 41.60,-25.90
  13323427,     0,10,19:12:21,19:13:07,    46, 40.50, 30.30, 10.20
         0,     0,10,19:13:15,19:13:26,    11, 30.30, 41.20,-10.90
  13008800,     0,10,19:13:49,19:14:16,    27, 41.20, 39.40,  1.80
         0,     0,10,19:14:24,19:14:25,     1, 39.40, 41.20, -1.80
  12706618,     0,10,19:15:01,19:15:53,    52, 41.20, 31.80,  9.40
         0,     0,10,19:16:02,19:16:12,    10, 31.80, 41.20, -9.40
  13008779,     0, 7,19:13:00,19:20:48,   468, 40.20, 40.10,  0.10
  13008833,     0, 6,19:13:18,19:20:58,   460, 41.40, 24.90, 16.50
  12706686,  7095, 1,19:19:07,19:21:03,   116, 41.30, 29.90, 11.40
         0,     0, 6,19:21:06,19:21:21,    15, 24.90, 25.10, -0.20
         0,     0, 1,19:21:11,19:21:22,    11, 29.90, 41.20,-11.30
  12706637,  7046, 3,19:22:44,19:23:47,    63, 46.20, 46.30, -0.10
  21306958,  5124, 7,19:20:58,19:24:44,   226, 40.10, 32.40,  7.70
         0,     0, 7,19:24:52,19:24:57,     5, 32.40, 32.50, -0.10
  12706637,  7046, 4,19:23:59,19:25:38,    99, 43.50, 23.20, 20.30
         0,     0, 4,19:25:46,19:26:05,    19, 23.20, 43.40,-20.20
  12448415,     0, 9,19:26:39,19:28:11,    92, 41.00, 40.80,  0.20
  12448416,  6029, 1,19:28:49,19:30:35,   106, 41.20, 23.30, 17.90
         0,     0, 1,19:30:42,19:30:59,    17, 23.30, 41.30,-18.00
  11954050,  4080, 5,19:31:25,19:33:56,   151, 40.80, 24.30, 16.50
         0,     0, 5,19:34:05,19:34:21,    16, 24.30, 40.90,-16.60
  21268104,  6067, 4,19:33:56,19:34:48,    52, 44.00, 39.50,  4.50
         0,     0, 4,19:34:56,19:34:59,     3, 39.50, 43.40, -3.90
  21268104,  6067, 4,19:35:15,19:35:49,    34, 43.50, 38.70,  4.80
         0,     0, 4,19:35:57,19:36:01,     4, 38.70, 43.40, -4.70
  13008735,  7156, 3,19:35:36,19:35:59,    23, 45.30, 45.40, -0.10
  12706707,  7116, 1,19:35:34,19:36:41,    67, 41.30, 38.20,  3.10
         0,     0, 1,19:36:48,19:36:50,     2, 38.20, 41.30, -3.10
  13008735,  7156, 3,19:36:13,19:38:03,   110, 45.40, 32.60, 12.80
         0,     0, 3,19:38:10,19:38:21,    11, 32.60, 32.50,  0.10
  12706707,  7116, 2,19:43:07,19:43:14,     7, 44.00, 44.00,  0.00
  13008797,     0, 6,19:21:40,19:43:31,  1311, 40.00, 23.80, 16.20
         0,     0, 6,19:43:38,19:43:54,    16, 23.80, 41.30,-17.50
  12706707,  7116, 1,19:43:50,19:43:53,     3, 41.30, 41.30,  0.00
  12706707,  7116, 1,19:44:20,19:44:36,    16, 41.30, 41.30,  0.00
  21292347,  5120, 2,19:45:13,19:45:30,    17, 44.00, 44.00,  0.00
  13323450,     0,10,19:45:47,19:45:51,     4, 41.10, 41.10,  0.00
  21292347,  5120, 3,19:42:18,19:46:55,   277, 44.60, 44.10,  0.50
  13008836,     0, 8,19:47:17,19:47:24,     7, 41.20, 41.10,  0.10
  13008737,     0,10,19:47:23,19:47:24,     1, 41.00, 41.10, -0.10
  13008836,     0, 8,19:48:04,19:48:51,    47, 41.10, 40.90,  0.20
  13008815,     0, 7,19:42:32,19:48:57,   385, 41.40, 26.70, 14.70
         0,     0, 7,19:49:04,19:49:13,     9, 26.70, 41.50,-14.80
  12448451,  6064, 5,19:49:40,19:49:52,    12, 40.90, 40.90,  0.00
  13008737,     0,10,19:47:52,19:50:01,   129, 40.90, 24.60, 16.30
  13008836,     0, 8,19:49:33,19:50:12,    39, 40.90, 40.90,  0.00
         0,     0,10,19:50:09,19:50:27,    18, 24.60, 41.20,-16.60
  12200048,     0, 8,19:50:24,19:50:52,    28, 40.80, 40.70,  0.10
  13008836,     0, 7,19:49:28,19:50:56,    88, 41.60, 41.40,  0.20
  12200007,  5061, 2,19:50:43,19:50:59,    16, 44.00, 43.90,  0.10
  12200007,  5061, 1,19:51:21,19:51:33,    12, 41.30, 41.30,  0.00
  12448437,  6050, 8,19:51:07,19:52:22,    75, 40.70, 38.70,  2.00
         0,     0, 8,19:52:30,19:52:32,     2, 38.70, 41.20, -2.50
  12200048,     0, 7,19:52:26,19:52:34,     8, 35.90, 34.50,  1.40
  12200007,  5061, 2,19:52:09,19:52:36,    27, 43.90, 43.90,  0.00
         0,     0, 7,19:52:41,19:52:45,     4, 34.50, 34.40,  0.10
  12200007,  5061, 1,19:53:15,19:53:20,     5, 41.30, 41.30,  0.00
  12706622,     0, 6,19:44:36,19:54:23,   587, 41.20, 27.30, 13.90
         0,     0, 6,19:54:30,19:54:43,    13, 27.30, 41.50,-14.20
  12200048,     0, 8,19:53:49,19:55:54,   125, 41.20, 28.70, 12.50
         0,     0, 8,19:56:01,19:56:14,    13, 28.70, 41.10,-12.40
  12200007,  5061, 4,19:56:42,19:57:21,    39, 28.30, 25.40,  2.90
         0,     0, 4,19:57:30,19:57:48,    18, 25.40, 43.30,-17.90
  21306958,  5124, 8,19:56:36,20:00:28,   232, 41.10, 35.10,  6.00
         0,     0, 8,20:00:35,20:00:41,     6, 35.10, 41.00, -5.90
  12706639,  7048, 1,19:59:40,20:01:50,   130, 41.30, 41.20,  0.10
  21292347,  5120, 3,20:00:50,20:01:52,    62, 34.40, 30.20,  4.20
         0,     0, 3,20:01:59,20:02:12,    13, 30.20, 46.00,-15.80
  12448437,  6050, 7,19:52:56,20:03:31,   635, 40.70, 33.50,  7.20
         0,     0, 7,20:03:39,20:03:44,     5, 33.50, 41.50, -8.00
  13008836,     0, 8,20:04:32,20:05:22,    50, 40.50, 29.60, 10.90
  13008833,     0, 6,19:54:55,20:05:29,   634, 41.40, 40.40,  1.00
         0,     0, 8,20:05:31,20:05:43,    12, 29.60, 41.00,-11.40
  11724109,  6068, 2,20:02:57,20:06:27,   210, 43.90, 27.20, 16.70
         0,     0, 2,20:06:35,20:06:51,    16, 27.20, 44.00,-16.80
  13008836,     0, 7,20:03:55,20:08:12,   257, 41.60, 41.30,  0.30
  11724109,  6068, 2,20:07:48,20:08:39,    51, 44.00, 40.80,  3.20
         0,     0, 2,20:08:46,20:08:48,     2, 40.80, 44.00, -3.20
  13323450,     0,10,20:08:28,20:09:01,    33, 41.20, 41.00,  0.20
  12448451,  6064, 5,20:07:08,20:09:30,   142, 40.80, 40.70,  0.10
  12706639,  7048, 1,20:08:27,20:10:13,   106, 41.20, 41.00,  0.20
  11724109,  6068, 1,20:10:40,20:11:49,    69, 41.00, 40.80,  0.20
  13008732,  7153, 1,20:13:32,20:13:37,     5, 40.80, 40.80,  0.00
  11954042,     0, 9,20:12:06,20:14:29,   143, 40.80, 40.00,  0.80
  12448451,  6064, 5,20:10:15,20:14:48,   273, 40.60, 21.50, 19.10
         0,     0, 5,20:14:56,20:15:14,    18, 21.50, 40.80,-19.30
  12706700,  7109, 1,20:16:34,20:16:36,     2, 24.40, 24.40,  0.00
  11954042,     0, 9,20:14:44,20:16:40,   116, 39.70, 30.20,  9.50
         0,     0, 1,20:16:44,20:17:00,    16, 24.40, 41.20,-16.80
         0,     0, 9,20:16:48,20:17:03,    15, 30.20, 41.00,-10.80
  13008732,  7153, 2,20:14:13,20:18:37,   264, 43.90, 25.40, 18.50
         0,     0, 2,20:18:45,20:19:02,    17, 25.40, 44.00,-18.60
  13008735,  7156, 3,20:20:47,20:23:12,   145, 27.10, 22.40,  4.70
  12448442,  6055, 6,20:05:51,20:23:17,  1046, 39.40, 31.20,  8.20
         0,     0, 6,20:23:24,20:23:34,    10, 31.20, 41.40,-10.20
         0,     0, 3,20:23:20,20:23:40,    20, 22.40, 22.40,  0.00
  13008756,  7115, 1,20:25:11,20:25:20,     9, 33.70, 33.80, -0.10
         0,     0, 1,20:25:27,20:25:33,     6, 33.80, 41.20, -7.40
  12448449,  6062, 2,20:24:04,20:25:55,   111, 43.70, 31.40, 12.30
  13008768,     0, 6,20:23:44,20:26:01,   137, 41.40, 40.90,  0.50
         0,     0, 2,20:26:03,20:26:14,    11, 31.40, 43.80,-12.40
  13008756,  7115, 1,20:28:41,20:29:00,    19, 40.40, 40.40,  0.00
  13323450,     0, 9,20:26:18,20:29:25,   187, 41.00, 31.90,  9.10
         0,     0, 9,20:29:33,20:29:45,    12, 31.90, 41.10, -9.20
  13323451,     0, 9,20:34:19,20:34:22,     3, 41.10, 41.10,  0.00
  13008837,     0, 7,20:08:24,20:34:54,  1590, 41.30, 41.30,  0.00
  13323358,     0, 9,20:37:10,20:38:21,    71, 41.10, 35.60,  5.50
         0,     0, 9,20:38:28,20:38:35,     7, 35.60, 41.00, -5.40
  11954014,  4044, 2,20:37:28,20:38:54,    86, 43.80, 23.50, 20.30
         0,     0, 2,20:39:03,20:39:22,    19, 23.50, 43.90,-20.40
  13008802,     0, 9,20:39:47,20:41:38,   111, 41.00, 34.30,  6.70
         0,     0, 9,20:41:46,20:41:55,     9, 34.30, 41.00, -6.70
  11954075,  4105, 1,20:46:17,20:46:21,     4, 27.00, 27.10, -0.10
         0,     0, 1,20:46:29,20:46:42,    13, 27.10, 41.30,-14.20
  12706636,  7045, 5,20:46:19,20:47:25,    66, 39.60, 32.40,  7.20
         0,     0, 5,20:47:34,20:47:42,     8, 32.40, 32.40,  0.00
  13008835,     0, 6,20:26:11,20:47:47,  1296, 41.00, 29.30, 11.70
         0,     0, 6,20:47:55,20:48:06,    11, 29.30, 29.40, -0.10
  13008735,  7156, 4,20:48:36,20:48:37,     1, 32.60, 32.70, -0.10
         0,     0, 4,20:48:44,20:48:54,    10, 32.70, 43.20,-10.50
  12706726,  7135, 2,20:51:14,20:52:06,    52, 43.90, 41.60,  2.30
         0,     0, 2,20:52:13,20:52:14,     1, 41.60, 43.20, -1.60
  12706726,  7135, 2,20:53:00,20:53:25,    25, 34.60, 34.60,  0.00
         0,     0, 2,20:53:32,20:53:40,     8, 34.60, 43.90, -9.30
  12448473,  6086, 1,20:52:40,20:54:08,    88, 41.30, 25.50, 15.80
         0,     0, 1,20:54:15,20:54:29,    14, 25.50, 41.20,-15.70
  12200046,  5100, 1,20:55:27,20:56:12,    45, 41.20, 34.50,  6.70
         0,     0, 1,20:56:19,20:56:25,     6, 34.50, 41.20, -6.70
  11499202,     0, 6,20:48:21,20:56:53,   512, 40.60, 27.60, 13.00
         0,     0, 6,20:57:00,20:57:13,    13, 27.60, 41.40,-13.80
  12448483,  6096, 2,20:56:35,20:58:39,   124, 43.90, 15.90, 28.00
         0,     0, 2,20:58:46,20:59:13,    27, 15.90, 43.90,-28.00
  13323451,     0,10,20:57:31,20:59:13,   102, 40.80, 33.20,  7.60
         0,     0,10,20:59:21,20:59:29,     8, 33.20, 41.10, -7.90
  21292347,  5120, 4,21:00:35,21:00:37,     2, 43.20, 43.20,  0.00
  12199988,  5042, 5,21:03:03,21:04:51,   108, 40.80, 37.00,  3.80
         0,     0, 5,21:04:59,21:05:02,     3, 37.00, 40.90, -3.90
  21292347,  5120, 3,21:01:01,21:05:57,   296, 44.50, 34.40, 10.10
         0,     0, 3,21:06:04,21:06:13,     9, 34.40, 34.30,  0.10
  12199986,     0, 8,21:06:57,21:06:58,     1, 41.00, 41.10, -0.10
  13008800,     0,10,21:06:16,21:07:41,    85, 41.10, 33.70,  7.40
         0,     0,10,21:07:49,21:07:56,     7, 33.70, 41.20, -7.50
  12706738,  7147, 2,21:06:33,21:10:07,   214, 44.00, 32.30, 11.70
         0,     0, 2,21:10:14,21:10:24,    10, 32.30, 44.00,-11.70
  12706636,  7045, 5,21:09:52,21:10:39,    47, 40.80, 34.90,  5.90
         0,     0, 5,21:10:48,21:10:53,     5, 34.90, 34.90,  0.00
  12706655,  7064, 3,21:11:14,21:12:23,    69, 45.40, 31.50, 13.90
         0,     0, 3,21:12:31,21:12:43,    12, 31.50, 31.50,  0.00
  12448521,     0, 9,21:18:18,21:18:28,    10, 41.00, 40.80,  0.20
  12448521,     0, 9,21:19:55,21:20:12,    17, 40.50, 39.60,  0.90
         0,     0, 9,21:20:20,21:20:21,     1, 39.60, 41.00, -1.40
  12448521,     0, 9,21:21:14,21:21:33,    19, 41.00, 40.10,  0.90
  12448521,     0, 9,21:22:21,21:22:23,     2, 38.30, 38.30,  0.00
         0,     0, 9,21:22:31,21:22:34,     3, 38.30, 41.10, -2.80
  13008732,  7153, 5,21:27:45,21:27:51,     6, 33.90, 33.90,  0.00
         0,     0, 5,21:27:58,21:28:04,     6, 33.90, 40.80, -6.90
  13323434,     0, 9,21:29:09,21:31:30,   141, 41.10, 34.00,  7.10
         0,     0, 9,21:31:39,21:31:48,     9, 34.00, 41.00, -7.00
  12200042,  5096, 5,21:30:44,21:32:00,    76, 40.80, 36.60,  4.20
  12706609,  7018, 8,21:31:13,21:32:00,    47, 41.10, 36.30,  4.80
         0,     0, 5,21:32:07,21:32:11,     4, 36.60, 40.70, -4.10
         0,     0, 8,21:32:08,21:32:13,     5, 36.30, 41.00, -4.70
  12199986,     0, 7,20:35:04,21:32:47,  3463, 41.20, 20.80, 20.40
         0,     0, 7,21:32:55,21:33:08,    13, 20.80, 40.80,-20.00
  12448415,     0, 9,21:32:19,21:33:22,    63, 41.00, 40.90,  0.10
  12706651,  7060, 3,21:33:21,21:34:34,    73, 42.40, 33.40,  9.00
         0,     0, 3,21:34:42,21:34:52,    10, 33.40, 33.40,  0.00
  12200042,  5096, 4,21:35:04,21:35:34,    30, 11.90, 11.70,  0.20
  12706727,  7136, 1,21:34:48,21:35:38,    50, 41.20, 35.70,  5.50
         0,     0, 1,21:35:46,21:35:51,     5, 35.70, 41.20, -5.50
         0,     0, 4,21:35:43,21:36:14,    31, 11.70, 43.50,-31.80
  12448415,     0, 9,21:34:03,21:36:42,   159, 40.90, 32.60,  8.30
         0,     0, 9,21:36:51,21:37:02,    11, 32.60, 41.00, -8.40
  12448483,  6096, 2,21:36:36,21:37:20,    44, 44.00, 43.90,  0.10
  12200007,  5061, 5,21:36:21,21:37:39,    78, 39.50, 31.50,  8.00
         0,     0, 5,21:37:48,21:37:57,     9, 31.50, 40.80, -9.30
  12706669,  7078, 3,21:38:25,21:39:21,    56, 44.90, 29.40, 15.50
         0,     0, 3,21:39:29,21:39:42,    13, 29.40, 29.30,  0.10
  12448471,  6084, 2,21:43:55,21:45:17,    82, 44.00, 35.10,  8.90
         0,     0, 2,21:45:27,21:45:35,     8, 35.10, 43.90, -8.80
  13008779,     0, 7,21:33:49,21:51:35,  1066, 35.30, 35.40, -0.10
         0,     0, 7,21:51:43,21:51:46,     3, 35.40, 35.40,  0.00
  12706616,  7025, 2,21:50:58,21:52:54,   116, 43.80, 31.90, 11.90
         0,     0, 2,21:53:01,21:53:12,    11, 31.90, 43.90,-12.00
  12706624,  7033, 6,20:57:27,21:55:21,  3474, 41.30, 35.10,  6.20
         0,     0, 6,21:55:29,21:55:34,     5, 35.10, 41.40, -6.30
  12706650,  7059, 2,21:54:50,21:55:44,    54, 43.90, 43.90,  0.00
  12706655,  7064, 1,21:54:48,21:55:48,    60, 33.00, 29.20,  3.80
  13008837,     0, 8,21:53:26,21:55:53,   147, 41.00, 23.50, 17.50
         0,     0, 1,21:55:56,21:56:07,    11, 29.20, 41.30,-12.10
         0,     0, 8,21:56:02,21:56:21,    19, 23.50, 41.10,-17.60
  12200048,     0, 8,21:57:53,21:58:26,    33, 41.10, 40.90,  0.20
  13008837,     0, 7,21:51:58,21:58:35,   397, 41.40, 41.40,  0.00
  12706650,  7059, 2,21:57:10,22:00:05,   175, 43.90, 32.90, 11.00
         0,     0, 2,22:00:13,22:00:23,    10, 32.90, 43.90,-11.00
  13008768,     0, 6,21:55:45,22:04:03,   498, 41.40, 21.30, 20.10
         0,     0, 6,22:04:11,22:04:30,    19, 21.30, 21.40, -0.10
  12448477,  6090, 1,22:06:07,22:07:33,    86, 41.30, 28.60, 12.70
         0,     0, 1,22:07:41,22:07:52,    11, 28.60, 41.30,-12.70
  12448477,  6090, 2,22:08:10,22:08:21,    11, 44.00, 42.20,  1.80
  12706669,  7078, 4,22:11:50,22:13:00,    70, 38.30, 37.90,  0.40
  12200048,     0, 8,22:10:12,22:13:08,   176, 41.00, 28.70, 12.30
         0,     0, 4,22:13:07,22:13:12,     5, 37.90, 43.40, -5.50
         0,     0, 8,22:13:16,22:13:29,    13, 28.70, 41.10,-12.40
  13008800,     0,10,22:17:17,22:18:22,    65, 41.00, 33.60,  7.40
         0,     0,10,22:18:30,22:18:37,     7, 33.60, 41.20, -7.60
  12706659,  7068, 1,22:17:09,22:19:35,   146, 41.40, 30.70, 10.70
         0,     0, 1,22:19:43,22:19:52,     9, 30.70, 41.20,-10.50
  21268825,  6087, 1,22:20:07,22:22:38,   151, 41.10, 18.10, 23.00
         0,     0, 1,22:22:45,22:23:06,    21, 18.10, 41.30,-23.20
  11724239,  3139, 2,22:17:15,22:23:17,   362, 42.20, 22.30, 19.90
         0,     0, 2,22:23:26,22:23:46,    20, 22.30, 44.00,-21.70
  21268825,  6087, 2,22:26:31,22:26:33,     2, 44.10, 44.10,  0.00
  12706659,  7068, 1,22:26:52,22:28:25,    93, 41.30, 36.40,  4.90
         0,     0, 1,22:28:33,22:28:37,     4, 36.40, 41.20, -4.80
  12706659,  7068, 2,22:28:33,22:33:00,   267, 44.10, 29.80, 14.30
         0,     0, 2,22:33:08,22:33:21,    13, 29.80, 44.00,-14.20
  12706650,  7059, 1,22:35:57,22:36:29,    32, 37.80, 36.50,  1.30
         0,     0, 1,22:36:37,22:36:41,     4, 36.50, 41.30, -4.80
  11724159,     0, 6,22:04:57,22:39:10,  2053, 41.50, 27.20, 14.30
         0,     0, 6,22:39:18,22:39:31,    13, 27.20, 27.30, -0.10
  12448448,  6061, 4,22:38:21,22:43:52,   331, 43.40, 18.60, 24.80
         0,     0, 4,22:43:59,22:44:23,    24, 18.60, 43.40,-24.80
  13323427,     0,10,22:44:39,22:45:13,    34, 41.10, 41.00,  0.10
  13323427,     0,10,22:46:31,22:46:47,    16, 41.00, 41.00,  0.00
  12706609,  7018, 8,22:46:47,22:47:33,    46, 41.10, 32.10,  9.00
  13008833,     0, 6,22:39:48,22:47:39,   471, 41.40, 23.30, 18.10
         0,     0, 8,22:47:41,22:47:50,     9, 32.10, 41.10, -9.00
         0,     0, 6,22:47:46,22:48:03,    17, 23.30, 41.50,-18.20
  11953978,  4008, 2,22:46:23,22:48:20,   117, 44.00, 29.40, 14.60
         0,     0, 2,22:48:28,22:48:41,    13, 29.40, 44.10,-14.70
  13323427,     0,10,22:49:30,22:49:33,     3, 40.60, 40.50,  0.10
  13323427,     0,10,22:49:44,22:49:48,     4, 40.50, 40.40,  0.10
  13323427,     0,10,22:50:04,22:50:06,     2, 40.10, 40.10,  0.00
  13323427,     0,10,22:50:17,22:50:41,    24, 40.10, 37.70,  2.40
  13323453,     0, 9,22:50:09,22:50:47,    38, 41.00, 40.90,  0.10
         0,     0,10,22:50:50,22:50:53,     3, 37.70, 41.10, -3.40
  12706701,  7110, 3,22:46:25,22:51:34,   309, 36.00, 17.50, 18.50
         0,     0, 3,22:51:41,22:52:05,    24, 17.50, 46.10,-28.60
  13008742,  7163, 2,22:49:42,22:53:00,   198, 44.10, 29.30, 14.80
         0,     0, 2,22:53:08,22:53:21,    13, 29.30, 44.00,-14.70
  13008800,     0, 9,22:53:07,22:53:42,    35, 41.00, 37.60,  3.40
         0,     0, 9,22:53:50,22:53:54,     4, 37.60, 41.10, -3.50
  12199981,  5035, 1,22:55:32,22:55:38,     6, 23.10, 23.10,  0.00
  13323358,     0,10,22:55:04,22:55:50,    46, 41.00, 33.70,  7.30
         0,     0, 1,22:55:46,22:56:03,    17, 23.10, 41.30,-18.20
         0,     0,10,22:55:57,22:56:04,     7, 33.70, 41.20, -7.50
  13323453,     0, 9,22:55:17,22:56:47,    90, 41.10, 34.90,  6.20
         0,     0, 9,22:56:54,22:57:02,     8, 34.90, 41.00, -6.10
  21268104,  6067, 5,22:58:28,22:59:49,    81, 40.50, 35.50,  5.00
  12706669,  7078, 2,22:56:19,22:59:51,   212, 43.90, 36.40,  7.50
         0,     0, 5,22:59:56,23:00:01,     5, 35.50, 40.80, -5.30
         0,     0, 2,23:00:00,23:00:06,     6, 36.40, 43.90, -7.50
  13008762,     0, 6,22:48:13,23:02:53,   880, 41.50, 24.10, 17.40
  13323434,     0,10,23:02:58,23:03:12,    14, 41.20, 41.10,  0.10
         0,     0, 6,23:03:01,23:03:17,    16, 24.10, 41.30,-17.20
  13323434,     0, 9,23:03:23,23:03:42,    19, 41.00, 40.50,  0.50
  13008756,  7115, 2,23:10:08,23:10:26,    18, 30.40, 30.50, -0.10
         0,     0, 2,23:10:35,23:10:47,    12, 30.50, 44.00,-13.50
  13008835,     0, 6,23:03:59,23:10:48,   409, 41.10, 38.90,  2.20
         0,     0, 6,23:10:56,23:10:58,     2, 38.90, 41.50, -2.60
  13323427,     0,10,23:13:11,23:13:41,    30, 41.00, 40.90,  0.10
  12706705,  7114, 4,23:11:06,23:13:44,   158, 43.20, 26.90, 16.30
  13323427,     0, 9,23:13:49,23:13:58,     9, 40.50, 40.40,  0.10
  12448409,  6022, 5,23:12:54,23:14:02,    68, 40.70, 40.40,  0.30
         0,     0, 4,23:13:52,23:14:08,    16, 26.90, 43.40,-16.50
  12448409,  6022, 5,23:15:18,23:16:09,    51, 40.30, 40.20,  0.10
  12448409,  6022, 4,23:23:04,23:24:51,   107, 43.40, 27.80, 15.60
         0,     0, 4,23:25:00,23:25:15,    15, 27.80, 28.20, -0.40
  12706727,  7136, 2,23:26:02,23:26:10,     8, 44.00, 43.90,  0.10
  12706727,  7136, 1,23:26:20,23:26:52,    32, 41.30, 41.30,  0.00
  12706637,  7046, 3,23:26:31,23:28:59,   148, 45.90, 32.00, 13.90
  12706727,  7136, 2,23:27:13,23:29:13,   120, 44.00, 33.80, 10.20
         0,     0, 3,23:29:07,23:29:18,    11, 32.00, 31.90,  0.10
         0,     0, 2,23:29:20,23:29:29,     9, 33.80, 44.00,-10.20
  12706710,  7119, 1,23:28:04,23:29:35,    91, 41.00, 27.90, 13.10
         0,     0, 1,23:29:43,23:29:55,    12, 27.90, 41.20,-13.30
  12200046,  5100, 4,23:29:58,23:31:19,    81, 43.20, 30.40, 12.80
         0,     0, 4,23:31:26,23:31:38,    12, 30.40, 43.30,-12.90
  13323450,     0,10,23:34:28,23:34:38,    10, 40.90, 40.80,  0.10
  12448479,  6092, 4,23:37:57,23:39:20,    83, 40.80, 30.90,  9.90
  12706669,  7078, 2,23:38:07,23:39:25,    78, 44.00, 39.90,  4.10
         0,     0, 2,23:39:32,23:39:35,     3, 39.90, 43.90, -4.00
         0,     0, 4,23:39:27,23:39:39,    12, 30.90, 43.40,-12.50
  12448451,  6064, 5,23:36:55,23:39:39,   164, 40.10, 40.00,  0.10
         0,     0, 5,23:39:46,23:39:46,     0, 40.00, 40.20, -0.20
  11724159,     0, 6,23:11:23,23:44:35,  1992, 40.10, 33.10,  7.00
  21306958,  5124, 7,23:02:08,23:44:36,  2548, 41.40, 41.10,  0.30
  12448451,  6064, 5,23:40:14,23:44:36,   262, 39.90, 39.80,  0.10
         0,     0, 8,23:44:49,23:44:59,    10, 41.10, 41.10,  0.00
         0,     0, 9,23:44:49,23:44:59,    10, 40.40, 40.40,  0.00
         0,     0,10,23:44:49,23:44:59,    10, 40.80, 40.80,  0.00
         0,     0, 1,23:44:49,23:44:59,    10, 41.20, 41.20,  0.00
         0,     0, 2,23:44:49,23:44:59,    10, 43.90, 43.90,  0.00
         0,     0, 3,23:44:49,23:44:59,    10, 44.70, 44.70,  0.00
         0,     0, 4,23:44:49,23:44:59,    10, 43.30, 43.30,  0.00
         0,     0, 5,23:44:44,23:44:45,     1, 39.80, 40.60, -0.80
         0,     0, 6,23:44:43,23:44:50,     7, 33.10, 41.40, -8.30
