         0,     0, 1, 0:02:52, 0:03:02,    10, 41.30, 41.30,  0.00
         0,     0, 2, 0:02:52, 0:03:02,    10, 43.70, 43.70,  0.00
         0,     0, 3, 0:02:52, 0:03:02,    10, 46.10, 46.10,  0.00
         0,     0, 4, 0:02:52, 0:03:02,    10, 43.70, 43.70,  0.00
         0,     0, 6, 0:02:52, 0:03:02,    10, 41.40, 41.40,  0.00
         0,     0, 5, 0:02:52, 0:03:02,    10, 40.80, 40.80,  0.00
         0,     0, 7, 0:02:52, 0:03:02,    10, 39.30, 39.30,  0.00
         0,     0, 8, 0:02:52, 0:03:02,    10, 21.60, 21.60,  0.00
         0,     0, 9, 0:02:52, 0:03:02,    10, 36.50, 36.50,  0.00
         0,     0,10, 0:02:52, 0:03:02,    10, 22.80, 22.80,  0.00
  11953978,  4008, 3, 0:03:06, 0:03:58,    52, 46.10, 37.20,  8.90
         0,     0, 3, 0:04:05, 0:04:13,     8, 37.20, 37.00,  0.20
  12448432,  6045, 1, 0:11:52, 0:15:21,   209, 41.30, 29.40, 11.90
         0,     0, 1, 0:15:29, 0:15:40,    11, 29.40, 41.20,-11.80
  13323390,  9012, 2, 0:11:30, 0:15:53,   263, 43.70, 33.50, 10.20
         0,     0, 2, 0:16:00, 0:16:10,    10, 33.50, 43.80,-10.30
  13008826,     0, 9, 0:17:13, 0:18:28,    75, 36.50, 28.20,  8.30
         0,     0, 9, 0:18:36, 0:18:53,    17, 28.20, 41.10,-12.90
  12448483,  6096, 1, 0:16:00, 0:18:55,   175, 41.20, 11.60, 29.60
         0,     0, 1, 0:19:03, 0:19:31,    28, 11.60, 41.10,-29.50
  13008816,     0, 9, 0:20:21, 0:22:36,   135, 41.10, 33.00,  8.10
         0,     0, 9, 0:22:43, 0:22:53,    10, 33.00, 41.10, -8.10
  12448428,  6041, 1, 0:32:30, 0:34:09,    99, 41.20, 30.30, 10.90
         0,     0, 1, 0:34:17, 0:34:27,    10, 30.30, 41.20,-10.90
  12448404,  6017, 2, 0:34:32, 0:35:30,    58, 43.80, 29.50, 14.30
         0,     0, 2, 0:35:37, 0:35:51,    14, 29.50, 43.80,-14.30
  13008866,     0,10, 0:37:16, 0:38:20,    64, 20.70, 19.50,  1.20
         0,     0,10, 0:38:28, 0:38:51,    23, 19.50, 41.10,-21.60
  13008866,     0,10, 0:39:07, 0:39:08,     1, 41.10, 41.10,  0.00
  13008905,  8146, 5, 0:37:30, 0:39:48,   138, 40.80, 21.00, 19.80
         0,     0, 5, 0:39:55, 0:40:14,    19, 21.00, 40.80,-19.80
  12448428,  6041, 1, 0:40:59, 0:42:14,    75, 41.20, 35.60,  5.60
         0,     0, 1, 0:42:21, 0:42:26,     5, 35.60, 41.20, -5.60
  12448412,  6025, 3, 0:45:00, 0:51:01,   361, 46.80, 25.00, 21.80
         0,     0, 3, 0:51:09, 0:51:28,    19, 25.00, 24.80,  0.20
  21299280,  8145, 1, 0:52:20, 0:53:56,    96, 41.20, 29.60, 11.60
         0,     0, 1, 0:54:04, 0:54:14,    10, 29.60, 41.30,-11.70
  13008839,     0, 9, 0:55:59, 0:57:44,   105, 40.70, 37.60,  3.10
         0,     0, 9, 0:57:51, 0:57:55,     4, 37.60, 41.10, -3.50
  13008839,     0,10, 0:58:15, 0:58:45,    30, 39.00, 38.10,  0.90
         0,     0,10, 0:58:53, 0:58:55,     2, 38.10, 41.10, -3.00
  13008839,     0,10, 0:59:14, 0:59:49,    35, 40.30, 39.80,  0.50
         0,     0,10, 0:59:58, 0:59:58,     0, 39.80, 41.00, -1.20
  13323456,     0, 7, 0:51:19, 1:02:47,   688, 39.30, 30.90,  8.40
         0,     0, 7, 1:02:55, 1:03:01,     6, 30.90, 41.60,-10.70
  12448473,  6086, 2, 1:01:27, 1:03:10,   103, 43.80, 28.60, 15.20
         0,     0, 2, 1:03:17, 1:03:32,    15, 28.60, 43.80,-15.20
  12706730,  7139, 2, 1:08:43, 1:10:34,   111, 43.90, 37.20,  6.70
         0,     0, 2, 1:10:41, 1:10:47,     6, 37.20, 43.80, -6.60
  12706655,  7064, 4, 1:16:38, 1:16:54,    16, 43.70, 43.70,  0.00
  21268162,  6046, 5, 1:18:43, 1:20:14,    91, 40.80, 28.30, 12.50
         0,     0, 5, 1:20:21, 1:20:33,    12, 28.30, 41.00,-12.70
  12706706,  7115, 5, 1:22:09, 1:22:37,    28, 40.90, 32.20,  8.70
         0,     0, 5, 1:22:45, 1:22:53,     8, 32.20, 40.80, -8.60
  21292347,  5120, 4, 1:22:03, 1:24:03,   120, 44.60, 33.60, 11.00
         0,     0, 4, 1:24:10, 1:24:19,     9, 33.60, 43.30, -9.70
  12706609,  7018,10, 1:44:03, 1:44:21,    18, 40.90, 40.40,  0.50
  12706609,  7018,10, 1:44:43, 1:45:48,    65, 40.40, 36.60,  3.80
         0,     0,10, 1:45:55, 1:45:59,     4, 36.60, 41.20, -4.60
  12706639,  7048, 5, 1:56:44, 1:57:46,    62, 40.80, 31.40,  9.40
         0,     0, 5, 1:57:54, 1:58:03,     9, 31.40, 40.80, -9.40
  12706727,  7136, 4, 1:58:09, 1:59:39,    90, 43.10, 36.20,  6.90
         0,     0, 4, 1:59:47, 1:59:53,     6, 36.20, 43.30, -7.10
  13008798,     0, 9, 2:01:14, 2:01:16,     2, 40.20, 40.20,  0.00
  13008798,     0, 9, 2:01:44, 2:01:45,     1, 37.60, 37.60,  0.00
         0,     0, 9, 2:01:53, 2:01:57,     4, 37.60, 41.10, -3.50
  12200010,  5064, 5, 1:59:29, 2:02:53,   204, 40.80, 19.70, 21.10
         0,     0, 5, 2:03:01, 2:03:21,    20, 19.70, 40.80,-21.10
  13008732,  7153, 2, 2:01:45, 2:05:15,   210, 43.50, 40.70,  2.80
         0,     0, 2, 2:05:22, 2:05:24,     2, 40.70, 43.60, -2.90
  12200046,  5100, 1, 2:05:30, 2:06:55,    85, 41.30, 26.00, 15.30
  13008732,  7153, 2, 2:05:44, 2:06:59,    75, 43.80, 41.30,  2.50
         0,     0, 2, 2:07:06, 2:07:07,     1, 41.30, 43.70, -2.40
         0,     0, 1, 2:07:03, 2:07:17,    14, 26.00, 41.20,-15.20
  13323406,     0, 9, 2:07:32, 2:07:58,    26, 41.10, 38.20,  2.90
         0,     0, 9, 2:08:06, 2:08:09,     3, 38.20, 41.10, -2.90
  12448416,  6029, 5, 2:05:37, 2:08:18,   161, 40.70, 25.50, 15.20
         0,     0, 5, 2:08:26, 2:08:40,    14, 25.50, 40.80,-15.30
  12199987,     0, 9, 2:08:29, 2:09:21,    52, 41.10, 40.60,  0.50
  12448499,  6112, 5, 2:08:54, 2:09:50,    56, 40.80, 29.00, 11.80
         0,     0, 5, 2:09:58, 2:10:09,    11, 29.00, 40.80,-11.80
  12706741,  7150, 2, 2:10:06, 2:11:06,    60, 44.00, 42.60,  1.40
  21268825,  6068, 1, 2:08:14, 2:11:29,   195, 41.20, 32.30,  8.90
         0,     0, 1, 2:11:37, 2:11:45,     8, 32.30, 41.30, -9.00
  12706738,  7147, 2, 2:11:22, 2:13:50,   148, 42.70, 28.80, 13.90
         0,     0, 2, 2:13:58, 2:14:13,    15, 28.80, 43.80,-15.00
  12706741,  7150, 1, 2:11:55, 2:15:26,   211, 41.30, 36.30,  5.00
         0,     0, 1, 2:15:35, 2:15:39,     4, 36.30, 41.30, -5.00
  13008732,  7153, 3, 2:14:21, 2:15:47,    86, 46.90, 45.20,  1.70
  12448448,  6061, 3, 2:16:10, 2:24:29,   499, 45.20, 29.70, 15.50
         0,     0, 3, 2:24:37, 2:24:51,    14, 29.70, 29.60,  0.10
  11954003,     0, 7, 1:06:53, 2:25:04,  4691, 41.10, 39.00,  2.10
         0,     0, 7, 2:25:12, 2:25:13,     1, 39.00, 41.00, -2.00
  13008827,     0,10, 2:24:59, 2:28:25,   206, 31.80, 30.50,  1.30
         0,     0,10, 2:28:33, 2:28:44,    11, 30.50, 41.10,-10.60
  13008798,     0,10, 2:33:30, 2:33:37,     7, 41.10, 41.10,  0.00
  21292347,  5120, 3, 2:32:54, 2:34:12,    78, 48.30, 43.80,  4.50
         0,     0, 3, 2:34:19, 2:34:20,     1, 43.80, 45.80, -2.00
  12706701,  7110, 2, 2:39:17, 2:43:41,   264, 43.80, 27.60, 16.20
         0,     0, 2, 2:43:49, 2:44:05,    16, 27.60, 43.80,-16.20
  12706705,  7114, 2, 2:44:31, 2:44:55,    24, 43.90, 43.80,  0.10
  12706714,  7123, 2, 2:45:27, 2:48:12,   165, 43.80, 21.40, 22.40
         0,     0, 2, 2:48:19, 2:48:42,    23, 21.40, 43.90,-22.50
  13008733,  7154, 5, 2:51:42, 2:52:12,    30, 40.80, 40.70,  0.10
  13008733,  7154, 5, 2:52:29, 2:53:02,    33, 40.70, 40.50,  0.20
  13008733,  7154, 5, 2:53:12, 2:54:01,    49, 40.50, 30.40, 10.10
  12706642,  7051, 9, 2:53:51, 2:54:03,    12, 35.80, 34.80,  1.00
         0,     0, 5, 2:54:10, 2:54:20,    10, 30.40, 40.70,-10.30
         0,     0, 9, 2:54:12, 2:54:20,     8, 34.80, 41.10, -6.30
  21268825,  6068, 1, 2:53:55, 2:54:44,    49, 41.30, 41.10,  0.20
  21268825,  6068, 1, 2:54:53, 2:56:23,    90, 41.10, 41.00,  0.10
  12199987,     0,10, 2:54:39, 2:57:48,   189, 41.10, 36.70,  4.40
  21268825,  6068, 1, 2:56:38, 2:57:52,    74, 41.00, 40.90,  0.10
  12706705,  7114, 2, 2:54:07, 2:57:56,   229, 43.90, 27.10, 16.80
         0,     0,10, 2:57:57, 2:58:01,     4, 36.70, 41.20, -4.50
         0,     0, 2, 2:58:04, 2:58:20,    16, 27.10, 43.60,-16.50
  12706642,  7051, 9, 3:01:12, 3:02:58,   106, 41.10, 32.70,  8.40
         0,     0, 9, 3:03:06, 3:03:17,    11, 32.70, 41.10, -8.40
  12706651,  7060, 4, 3:25:30, 3:27:33,   123, 43.30, 30.00, 13.30
         0,     0, 4, 3:27:41, 3:27:54,    13, 30.00, 43.10,-13.10
  12706651,  7060, 3, 3:27:52, 3:31:17,   205, 45.30, 42.90,  2.40
         0,     0, 3, 3:31:25, 3:31:27,     2, 42.90, 46.10, -3.20
  12706729,  7138, 3, 3:36:59, 3:39:24,   145, 45.60, 34.60, 11.00
         0,     0, 3, 3:39:32, 3:39:42,    10, 34.60, 34.50,  0.10
  12706622,     0,10, 3:52:22, 3:53:47,    85, 41.10, 39.20,  1.90
         0,     0,10, 3:53:55, 3:53:56,     1, 39.20, 41.10, -1.90
  13008742,  7163, 2, 4:02:53, 4:06:55,   242, 43.40, 25.20, 18.20
         0,     0, 2, 4:07:03, 4:07:22,    19, 25.20, 43.80,-18.60
  12448432,  6045, 5, 5:06:04, 5:09:06,   182, 40.70, 32.50,  8.20
         0,     0, 5, 5:09:13, 5:09:21,     8, 32.50, 40.80, -8.30
  12448463,  6076, 1, 6:05:41, 6:06:17,    36, 40.90, 37.00,  3.90
         0,     0, 1, 6:06:25, 6:06:28,     3, 37.00, 41.20, -4.20
  13323461,     0,10, 6:06:50, 6:07:32,    42, 40.80, 39.30,  1.50
         0,     0,10, 6:07:41, 6:07:42,     1, 39.30, 41.10, -1.80
  12448499,  6112, 1, 6:06:46, 6:08:14,    88, 41.20, 20.20, 21.00
         0,     0, 1, 6:08:22, 6:08:42,    20, 20.20, 41.10,-20.90
  12448463,  6076, 1, 6:09:30, 6:10:21,    51, 41.10, 40.30,  0.80
  21268162,  6046, 2, 6:10:44, 6:11:49,    65, 42.90, 34.50,  8.40
         0,     0, 2, 6:11:58, 6:12:07,     9, 34.50, 43.80, -9.30
  12706700,  7109, 4, 6:11:19, 6:12:08,    49, 43.60, 32.40, 11.20
         0,     0, 4, 6:12:16, 6:12:26,    10, 32.40, 43.10,-10.70
  12706738,  7147, 2, 6:12:18, 6:13:55,    97, 43.80, 30.00, 13.80
  13008732,  7153, 1, 6:10:31, 6:14:10,   219, 40.30, 25.10, 15.20
         0,     0, 2, 6:14:03, 6:14:16,    13, 30.00, 43.80,-13.80
         0,     0, 1, 6:14:18, 6:14:33,    15, 25.10, 41.30,-16.20
  12706719,  7128, 2, 6:14:26, 6:17:06,   160, 43.80, 27.90, 15.90
  13008733,  7154, 1, 6:15:11, 6:17:07,   116, 41.30, 29.30, 12.00
         0,     0, 1, 6:17:15, 6:17:26,    11, 29.30, 41.10,-11.80
         0,     0, 2, 6:17:14, 6:17:30,    16, 27.90, 43.80,-15.90
  12706727,  7136, 2, 6:17:55, 6:20:02,   127, 43.90, 28.80, 15.10
         0,     0, 2, 6:20:10, 6:20:25,    15, 28.80, 43.90,-15.10
  12448463,  6076, 1, 6:19:01, 6:22:20,   199, 41.10, 15.90, 25.20
  12706706,  7115, 5, 6:21:51, 6:22:49,    58, 40.70, 28.10, 12.60
         0,     0, 1, 6:22:28, 6:22:52,    24, 15.90, 41.20,-25.30
         0,     0, 5, 6:22:57, 6:23:09,    12, 28.10, 40.90,-12.80
  21268104,  6062, 1, 6:23:05, 6:24:58,   113, 41.20, 26.20, 15.00
  12706734,  7143, 2, 6:21:58, 6:25:02,   184, 44.20, 32.70, 11.50
         0,     0, 1, 6:25:06, 6:25:20,    14, 26.20, 41.20,-15.00
         0,     0, 2, 6:25:10, 6:25:21,    11, 32.70, 43.70,-11.00
  12706655,  7064, 4, 6:24:59, 6:27:11,   132, 43.30, 23.40, 19.90
         0,     0, 4, 6:27:19, 6:27:38,    19, 23.40, 23.50, -0.10
  12706730,  7139, 4, 6:28:04, 6:30:26,   142, 43.60, 24.90, 18.70
         0,     0, 4, 6:30:34, 6:30:51,    17, 24.90, 25.00, -0.10
  21268162,  6046, 1, 6:29:52, 6:31:30,    98, 41.20, 26.20, 15.00
         0,     0, 1, 6:31:38, 6:31:52,    14, 26.20, 41.20,-15.00
  13323352,  8154, 1, 6:33:53, 6:35:38,   105, 41.20, 36.40,  4.80
         0,     0, 1, 6:35:45, 6:35:49,     4, 36.40, 41.20, -4.80
  12706729,  7138, 2, 6:33:36, 6:37:50,   254, 44.00, 27.50, 16.50
  12200064,  5118, 4, 6:37:24, 6:37:58,    34, 43.70, 43.60,  0.10
         0,     0, 2, 6:37:57, 6:38:13,    16, 27.50, 43.90,-16.40
  12200064,  5118, 3, 6:38:04, 6:38:35,    31, 46.30, 46.30,  0.00
  12448480,  6093, 5, 6:39:11, 6:43:17,   246, 40.80, 31.90,  8.90
         0,     0, 5, 6:43:24, 6:43:32,     8, 31.90, 40.70, -8.80
  12448479,  6092, 2, 6:43:48, 6:44:02,    14, 44.20, 44.00,  0.20
  12706701,  7110, 3, 6:41:59, 6:44:51,   172, 46.30, 37.00,  9.30
         0,     0, 3, 6:44:59, 6:45:07,     8, 37.00, 36.80,  0.20
  12448479,  6092, 1, 6:44:06, 6:46:44,   158, 41.20, 25.10, 16.10
         0,     0, 1, 6:46:51, 6:47:06,    15, 25.10, 41.20,-16.10
  12706707,  7116, 2, 6:50:34, 6:50:47,    13, 44.00, 43.80,  0.20
  12706707,  7116, 1, 6:51:45, 6:52:21,    36, 41.20, 40.40,  0.80
  21268104,  6062, 2, 6:52:54, 6:54:01,    67, 44.00, 37.90,  6.10
         0,     0, 2, 6:54:09, 6:54:14,     5, 37.90, 43.70, -5.80
  12706706,  7115, 2, 6:55:14, 6:56:32,    78, 44.00, 32.80, 11.20
         0,     0, 2, 6:56:40, 6:56:50,    10, 32.80, 43.80,-11.00
  13008905,  8146, 5, 6:59:24, 7:00:03,    39, 40.70, 39.60,  1.10
         0,     0, 5, 7:00:11, 7:00:12,     1, 39.60, 40.70, -1.10
  13323352,  8154, 1, 6:59:35, 7:01:01,    86, 40.40, 36.80,  3.60
         0,     0, 1, 7:01:09, 7:01:12,     3, 36.80, 41.20, -4.40
  21299280,  8145, 5, 7:00:25, 7:02:38,   133, 40.70, 25.70, 15.00
         0,     0, 5, 7:02:47, 7:03:02,    15, 25.70, 40.80,-15.10
  12448416,  6029, 2, 6:59:12, 7:03:41,   269, 43.90, 29.90, 14.00
         0,     0, 2, 7:03:49, 7:04:04,    15, 29.90, 43.70,-13.80
  12706707,  7116, 2, 7:05:00, 7:06:07,    67, 43.90, 33.20, 10.70
         0,     0, 2, 7:06:14, 7:06:25,    11, 33.20, 43.80,-10.60
  12706707,  7116, 2, 7:06:40, 7:07:04,    24, 43.80, 40.40,  3.40
         0,     0, 2, 7:07:11, 7:07:13,     2, 40.40, 43.60, -3.20
  11954014,  4044, 3, 7:10:49, 7:11:42,    53, 45.90, 36.40,  9.50
         0,     0, 3, 7:11:49, 7:11:58,     9, 36.40, 36.20,  0.20
  12706651,  7060, 1, 7:13:41, 7:15:53,   132, 41.30, 30.20, 11.10
         0,     0, 1, 7:16:00, 7:16:10,    10, 30.20, 41.20,-11.00
  12200064,  5118, 4, 7:12:49, 7:18:22,   333, 44.00, 18.50, 25.50
         0,     0, 4, 7:18:31, 7:18:55,    24, 18.50, 43.70,-25.20
  12706655,  7064, 1, 7:18:47, 7:20:00,    73, 41.20, 40.90,  0.30
  12448428,  6041, 4, 7:19:22, 7:20:33,    71, 43.90, 37.10,  6.80
         0,     0, 4, 7:20:40, 7:20:46,     6, 37.10, 43.40, -6.30
  12706734,  7143, 1, 7:20:53, 7:23:09,   136, 40.90, 33.80,  7.10
         0,     0, 1, 7:23:17, 7:23:23,     6, 33.80, 41.20, -7.40
  12448480,  6093, 5, 7:22:00, 7:24:16,   136, 40.60, 25.70, 14.90
         0,     0, 5, 7:24:25, 7:24:39,    14, 25.70, 40.80,-15.10
  12706655,  7064, 2, 7:21:03, 7:24:58,   235, 43.70, 34.10,  9.60
         0,     0, 2, 7:25:05, 7:25:14,     9, 34.10, 43.80, -9.70
  12448479,  6092, 1, 7:25:08, 7:27:59,   171, 41.20, 35.00,  6.20
         0,     0, 1, 7:28:07, 7:28:12,     5, 35.00, 41.20, -6.20
  12448479,  6092, 2, 7:28:50, 7:29:24,    34, 43.90, 42.30,  1.60
  21299280,  8145, 1, 7:31:33, 7:32:19,    46, 41.20, 37.20,  4.00
  13008905,  8146, 2, 7:31:30, 7:32:21,    51, 42.30, 40.80,  1.50
         0,     0, 1, 7:32:26, 7:32:29,     3, 37.20, 41.20, -4.00
         0,     0, 2, 7:32:29, 7:32:31,     2, 40.80, 44.00, -3.20
  21299280,  8145, 2, 7:33:26, 7:34:32,    66, 44.10, 37.90,  6.20
  13008905,  8146, 1, 7:33:18, 7:34:34,    76, 41.20, 33.40,  7.80
         0,     0, 2, 7:34:39, 7:34:44,     5, 37.90, 43.80, -5.90
         0,     0, 1, 7:34:42, 7:34:49,     7, 33.40, 41.20, -7.80
  13323388,  9010, 3, 7:40:17, 7:43:22,   185, 45.80, 32.80, 13.00
         0,     0, 3, 7:43:29, 7:43:41,    12, 32.80, 32.60,  0.20
  12706734,  7143, 1, 7:44:18, 7:44:34,    16, 41.20, 40.80,  0.40
  12706734,  7143, 1, 7:44:44, 7:46:17,    93, 40.80, 37.20,  3.60
         0,     0, 1, 7:46:25, 7:46:28,     3, 37.20, 41.20, -4.00
  13323406,     0, 9, 7:46:40, 7:46:59,    19, 38.30, 36.50,  1.80
         0,     0, 9, 7:47:08, 7:47:13,     5, 36.50, 41.10, -4.60
  13323461,     0,10, 7:47:56, 7:49:13,    77, 40.90, 38.30,  2.60
         0,     0,10, 7:49:20, 7:49:22,     2, 38.30, 41.10, -2.80
  12706734,  7143, 2, 7:46:43, 7:50:04,   201, 43.90, 41.20,  2.70
         0,     0, 2, 7:50:11, 7:50:12,     1, 41.20, 43.70, -2.50
  12706707,  7116, 2, 7:51:41, 7:52:42,    61, 43.70, 34.30,  9.40
         0,     0, 2, 7:52:49, 7:52:58,     9, 34.30, 43.80, -9.50
  11953978,  4008, 4, 7:54:02, 7:56:51,   169, 44.00, 21.20, 22.80
         0,     0, 4, 7:56:59, 7:57:20,    21, 21.20, 43.30,-22.10
  12706639,  7048, 2, 7:57:04, 7:59:34,   150, 43.90, 28.30, 15.60
         0,     0, 2, 7:59:41, 7:59:56,    15, 28.30, 43.80,-15.50
  13008842,  8083, 1, 8:00:11, 8:04:36,   265, 41.20, 27.50, 13.70
         0,     0, 1, 8:04:43, 8:04:56,    13, 27.50, 41.30,-13.80
  13008733,  7154, 5, 8:07:52, 8:08:01,     9, 40.70, 40.70,  0.00
  13008905,  8146, 4, 8:07:43, 8:08:05,    22, 43.40, 43.20,  0.20
  13008733,  7154, 5, 8:08:39, 8:08:44,     5, 40.70, 40.70,  0.00
  13323462,     0, 9, 8:09:03, 8:09:05,     2, 40.40, 40.40,  0.00
  12706700,  7109, 3, 8:08:31, 8:09:42,    71, 46.20, 36.10, 10.10
         0,     0, 3, 8:09:49, 8:09:58,     9, 36.10, 36.00,  0.10
  13008733,  7154, 5, 8:09:45, 8:12:00,   135, 40.70, 29.20, 11.50
         0,     0, 5, 8:12:08, 8:12:19,    11, 29.20, 40.70,-11.50
  12448442,  6055,10, 8:23:08, 8:23:52,    44, 41.00, 36.50,  4.50
         0,     0,10, 8:24:00, 8:24:04,     4, 36.50, 41.20, -4.70
  12448442,  6055,10, 8:24:20, 8:24:33,    13, 41.20, 38.30,  2.90
         0,     0,10, 8:24:40, 8:24:42,     2, 38.30, 41.20, -2.90
  12448442,  6055,10, 8:26:27, 8:26:39,    12, 41.20, 38.70,  2.50
         0,     0,10, 8:26:46, 8:26:48,     2, 38.70, 41.20, -2.50
  12448404,  6017, 1, 8:24:05, 8:27:44,   219, 41.30, 17.30, 24.00
         0,     0, 1, 8:27:52, 8:28:15,    23, 17.30, 41.20,-23.90
  12706636,  7045, 2, 8:29:18, 8:31:38,   140, 43.70, 33.00, 10.70
         0,     0, 2, 8:31:46, 8:31:56,    10, 33.00, 43.90,-10.90
  12706741,  7150, 1, 8:32:07, 8:32:25,    18, 41.20, 41.20,  0.00
  12706741,  7150, 2, 8:32:29, 8:33:27,    58, 44.00, 42.90,  1.10
  12706741,  7150, 2, 8:33:52, 8:36:13,   141, 42.90, 38.30,  4.60
         0,     0, 2, 8:36:21, 8:36:25,     4, 38.30, 43.60, -5.30
  12448473,  6086, 2, 8:39:16, 8:41:44,   148, 43.70, 22.00, 21.70
  11724181,     0,10, 8:39:55, 8:41:46,   111, 41.10, 29.60, 11.50
         0,     0,10, 8:41:54, 8:42:06,    12, 29.60, 41.10,-11.50
         0,     0, 2, 8:41:52, 8:42:14,    22, 22.00, 43.90,-21.90
  12448432,  6045, 2, 8:43:09, 8:43:14,     5, 43.90, 43.70,  0.20
  11724159,     0, 9, 8:43:51, 8:44:07,    16, 40.40, 38.10,  2.30
         0,     0, 9, 8:44:14, 8:44:17,     3, 38.10, 41.00, -2.90
  12706714,  7123, 5, 8:42:24, 8:44:44,   140, 40.80, 20.30, 20.50
         0,     0, 5, 8:44:51, 8:45:10,    19, 20.30, 40.80,-20.50
  12706738,  7147, 2, 8:43:24, 8:45:57,   153, 43.80, 29.70, 14.10
         0,     0, 2, 8:46:05, 8:46:19,    14, 29.70, 43.90,-14.20
  13008827,     0, 9, 8:46:46, 8:46:49,     3, 41.00, 41.00,  0.00
  12448499,  6112, 5, 8:46:41, 8:47:37,    56, 40.80, 29.40, 11.40
         0,     0, 5, 8:47:44, 8:47:55,    11, 29.40, 40.80,-11.40
  13008842,  8083, 1, 8:43:55, 8:48:06,   251, 41.20, 28.30, 12.90
         0,     0, 1, 8:48:14, 8:48:26,    12, 28.30, 41.20,-12.90
  12448432,  6045, 2, 8:48:18, 8:52:09,   231, 44.10, 32.90, 11.20
         0,     0, 2, 8:52:17, 8:52:27,    10, 32.90, 43.90,-11.00
  12706639,  7048, 5, 8:55:54, 8:57:19,    85, 40.80, 35.40,  5.40
  12706705,  7114, 1, 8:52:50, 8:57:23,   273, 41.20, 18.20, 23.00
         0,     0, 5, 8:57:26, 8:57:31,     5, 35.40, 40.60, -5.20
         0,     0, 1, 8:57:31, 8:57:53,    22, 18.20, 41.20,-23.00
  12448483,  6096, 4, 8:55:42, 8:57:50,   128, 43.30, 18.90, 24.40
         0,     0, 4, 8:57:58, 8:58:22,    24, 18.90, 19.00, -0.10
  13323388,  9010, 1, 9:00:28, 9:00:44,    16, 41.20, 41.20,  0.00
  12706646,     0, 7, 2:25:28, 9:01:19, 23751, 41.10, 20.00, 21.10
         0,     0, 7, 9:01:29, 9:01:42,    13, 20.00, 41.60,-21.60
  13008858,     0,10, 9:03:28, 9:03:30,     2, 38.30, 38.10,  0.20
         0,     0,10, 9:03:37, 9:03:39,     2, 38.10, 41.20, -3.10
  13008858,     0,10, 9:03:55, 9:03:57,     2, 40.80, 40.90, -0.10
  13323390,  9012, 2, 9:00:28, 9:04:13,   225, 43.70, 31.70, 12.00
  13008795,     0, 8, 9:04:20, 9:04:25,     5, 21.60, 21.60,  0.00
         0,     0, 2, 9:04:21, 9:04:33,    12, 31.70, 43.80,-12.10
  12200060,     0, 7, 9:01:57, 9:04:49,   172, 40.80, 33.70,  7.10
         0,     0, 7, 9:04:57, 9:05:01,     4, 33.70, 41.70, -8.00
         0,     0, 8, 9:04:33, 9:05:22,    49, 21.60, 21.60,  0.00
  13008858,     0,10, 9:07:04, 9:07:07,     3, 40.70, 40.80, -0.10
  13008858,     0, 9, 9:07:26, 9:07:27,     1, 41.00, 40.90,  0.10
  13008858,     0,10, 9:08:03, 9:08:05,     2, 40.30, 40.30,  0.00
  13008839,     0, 9, 9:08:32, 9:08:53,    21, 40.80, 40.60,  0.20
  13323388,  9010, 4, 9:08:04, 9:09:51,   107, 43.60, 36.80,  6.80
         0,     0, 4, 9:09:59, 9:10:05,     6, 36.80, 43.30, -6.50
  13008839,     0, 9, 9:09:18, 9:10:21,    63, 40.30, 39.00,  1.30
         0,     0, 9, 9:10:29, 9:10:31,     2, 39.00, 41.10, -2.10
  13008795,     0, 7, 9:08:46, 9:10:42,   116,  1.20,  1.20,  0.00
         0,     0, 7, 9:10:49, 9:11:13,    24,  1.20, 41.20,-40.00
  12706741,  7150, 1, 9:09:02, 9:11:27,   145, 41.20, 38.30,  2.90
         0,     0, 1, 9:11:36, 9:11:38,     2, 38.30, 41.30, -3.00
  12448404,  6017, 1, 9:11:48, 9:12:54,    66, 41.30, 40.90,  0.40
  12706741,  7150, 2, 9:12:55, 9:13:17,    22, 43.90, 43.00,  0.90
  21268825,  6068, 4, 9:10:32, 9:13:18,   166, 43.50, 29.00, 14.50
  13008839,     0, 9, 9:12:44, 9:13:29,    45, 41.10, 40.50,  0.60
         0,     0, 4, 9:13:27, 9:13:41,    14, 29.00, 43.30,-14.30
  13008839,     0, 9, 9:14:08, 9:16:52,   164, 40.50, 37.70,  2.80
  12448404,  6017, 1, 9:13:31, 9:16:52,   201, 40.90, 34.10,  6.80
         0,     0, 9, 9:17:00, 9:17:04,     4, 37.70, 41.00, -3.30
         0,     0, 1, 9:17:01, 9:17:08,     7, 34.10, 41.20, -7.10
  13323352,  8154, 2, 9:16:52, 9:18:21,    89, 42.90, 38.40,  4.50
         0,     0, 2, 9:18:30, 9:18:34,     4, 38.40, 43.70, -5.30
  13008839,     0, 9, 9:17:23, 9:18:57,    94, 41.00, 40.40,  0.60
  13323490,     0, 7, 9:12:38, 9:21:01,   503, 27.70, 22.90,  4.80
         0,     0, 7, 9:21:09, 9:21:21,    12, 22.90, 41.20,-18.30
  13323461,     0,10, 9:21:56, 9:23:35,    99, 40.20, 32.30,  7.90
         0,     0,10, 9:23:43, 9:23:53,    10, 32.30, 41.10, -8.80
  12706741,  7150, 2, 9:22:32, 9:24:27,   115, 43.90, 40.70,  3.20
  12200048,     0, 9, 9:20:30, 9:24:32,   242, 40.40, 31.80,  8.60
         0,     0, 2, 9:24:36, 9:24:38,     2, 40.70, 43.60, -2.90
         0,     0, 9, 9:24:41, 9:24:55,    14, 31.80, 41.00, -9.20
  12448432,  6045, 2, 9:25:31, 9:28:24,   173, 43.70, 32.40, 11.30
         0,     0, 2, 9:28:33, 9:28:46,    13, 32.40, 43.80,-11.40
  12200010,  5064, 1, 9:29:53, 9:31:12,    79, 41.20, 28.00, 13.20
         0,     0, 1, 9:31:20, 9:31:32,    12, 28.00, 41.10,-13.10
  21304388,  6125, 2, 9:33:26, 9:38:56,   330, 43.80, 25.10, 18.70
         0,     0, 2, 9:39:04, 9:39:23,    19, 25.10, 43.90,-18.80
  12448471,     0, 7, 9:22:35, 9:41:10,  1115, 26.50, 26.50,  0.00
         0,     0, 7, 9:41:17, 9:41:26,     9, 26.50, 41.40,-14.90
  21292480,     0, 7, 9:42:30, 9:43:20,    50, 27.00, 27.00,  0.00
         0,     0, 7, 9:43:28, 9:43:36,     8, 27.00, 41.20,-14.20
  12706719,  7128, 5, 9:42:28, 9:44:27,   119, 40.60, 28.70, 11.90
  13008883,     0, 6, 9:19:17, 9:44:38,  1521, 40.60, 26.90, 13.70
         0,     0, 5, 9:44:35, 9:44:46,    11, 28.70, 40.60,-11.90
         0,     0, 6, 9:44:45, 9:44:59,    14, 26.90, 41.50,-14.60
  12448412,  6025, 4, 9:44:45, 9:45:07,    22, 43.60, 43.60,  0.00
  12706727,  7136, 2, 9:46:47, 9:48:37,   110, 43.90, 33.50, 10.40
         0,     0, 2, 9:48:45, 9:48:55,    10, 33.50, 43.70,-10.20
  12448434,     0, 8, 9:49:59, 9:50:20,    21, 21.60, 21.60,  0.00
  12706646,     0, 7, 9:43:46, 9:51:10,   444, 41.30, 10.20, 31.10
         0,     0, 8, 9:50:27, 9:51:16,    49, 21.60, 21.60,  0.00
  12448412,  6025, 3, 9:45:19, 9:51:29,   370, 45.70, 18.30, 27.40
         0,     0, 7, 9:51:18, 9:51:37,    19, 10.20, 41.50,-31.30
         0,     0, 3, 9:51:37, 9:52:03,    26, 18.30, 20.30, -2.00
  12448434,     0, 7, 9:51:47, 9:52:16,    29, 41.40, 39.40,  2.00
         0,     0, 7, 9:52:24, 9:52:24,     0, 39.40, 40.70, -1.30
  21268104,  6062, 2, 9:50:22, 9:52:47,   145, 43.80, 29.40, 14.40
         0,     0, 2, 9:52:55, 9:53:09,    14, 29.40, 43.90,-14.50
  12448429,     0, 8, 9:53:04, 9:53:06,     2, 21.60, 21.60,  0.00
  13008827,     0,10, 9:53:29, 9:53:30,     1, 40.90, 40.90,  0.00
  13008742,  7163, 1, 9:50:20, 9:53:49,   209, 41.10, 24.70, 16.40
  12448441,     0, 6, 9:45:24, 9:53:52,   508, 41.20, 41.20,  0.00
         0,     0, 8, 9:53:15, 9:54:04,    49, 21.60, 21.60,  0.00
  13008827,     0,10, 9:53:56, 9:54:09,    13, 40.80, 40.80,  0.00
         0,     0, 1, 9:53:57, 9:54:12,    15, 24.70, 41.30,-16.60
  13008827,     0,10, 9:54:44, 9:55:26,    42, 40.50, 39.40,  1.10
         0,     0,10, 9:55:34, 9:55:35,     1, 39.40, 41.10, -1.70
  12200060,     0, 7, 9:53:43, 9:56:28,   165, 28.60, 25.00,  3.60
         0,     0, 7, 9:56:35, 9:56:45,    10, 25.00, 40.90,-15.90
         0,     0,10, 9:57:04, 9:57:11,     7, 34.10, 39.90, -5.80
         0,     0, 8, 9:56:51, 9:57:40,    49, 21.60, 21.60,  0.00
  12706729,  7138, 3, 9:57:32, 9:57:39,     7, 46.00, 46.80, -0.80
  12448429,     0, 8, 9:57:54, 9:58:03,     9, 21.60, 21.60,  0.00
  12448428,  6041, 1, 9:56:34, 9:58:05,    91, 41.30, 29.70, 11.60
         0,     0,10, 9:58:03, 9:58:10,     7, 34.30, 41.20, -6.90
         0,     0, 1, 9:58:13, 9:58:24,    11, 29.70, 41.20,-11.50
         0,     0, 8, 9:58:11, 9:59:00,    49, 21.60, 21.60,  0.00
  12448428,  6041, 2, 9:58:32, 9:59:25,    53, 44.10, 35.20,  8.90
         0,     0, 2, 9:59:33, 9:59:41,     8, 35.20, 43.80, -8.60
  12448408,     0, 6, 9:54:16, 9:59:57,   341, 40.00, 28.40, 11.60
         0,     0, 6,10:00:04,10:00:16,    12, 28.40, 41.20,-12.80
  12706729,  7138, 3, 9:59:19,10:00:43,    84, 46.80, 46.90, -0.10
  12706667,     0, 7, 9:57:41,10:00:47,   186, 27.70, 25.90,  1.80
         0,     0, 7,10:00:54,10:01:03,     9, 25.90, 41.00,-15.10
  12448429,     0, 7,10:01:58,10:02:09,    11, 19.60, 19.50,  0.10
         0,     0, 7,10:02:17,10:02:30,    13, 19.50, 41.60,-22.10
  12706729,  7138, 2,10:01:40,10:04:25,   165, 44.00, 32.80, 11.20
         0,     0, 2,10:04:33,10:04:43,    10, 32.80, 43.70,-10.90
  12200010,  5064, 1,10:03:41,10:05:54,   133, 41.20, 24.50, 16.70
  12706734,  7143, 2,10:04:53,10:06:01,    68, 43.70, 42.80,  0.90
         0,     0, 1,10:06:01,10:06:17,    16, 24.50, 41.10,-16.60
  12706734,  7143, 2,10:07:00,10:08:42,   102, 42.80, 40.10,  2.70
         0,     0, 2,10:08:51,10:08:54,     3, 40.10, 43.60, -3.50
  12706734,  7143, 1,10:09:26,10:09:39,    13, 41.20, 40.30,  0.90
  12706707,  7116, 2,10:10:07,10:12:02,   115, 43.80, 34.90,  8.90
         0,     0, 2,10:12:09,10:12:17,     8, 34.90, 43.80, -8.90
  21268825,  6068, 1,10:11:25,10:13:34,   129, 40.30, 29.10, 11.20
         0,     0, 1,10:13:42,10:13:53,    11, 29.10, 41.20,-12.10
  12706706,  7115, 3,10:14:11,10:14:59,    48, 47.30, 34.90, 12.40
         0,     0, 3,10:15:07,10:15:17,    10, 34.90, 34.80,  0.10
  12448434,     0, 7,10:02:40,10:16:46,   846, 40.80, 10.80, 30.00
         0,     0, 7,10:16:54,10:17:12,    18, 10.80, 41.50,-30.70
  13008826,     0,10,10:16:27,10:17:45,    78, 40.80, 31.00,  9.80
         0,     0,10,10:17:53,10:18:03,    10, 31.00, 41.20,-10.20
  13008866,     0,10,10:18:38,10:18:55,    17, 41.20, 41.10,  0.10
  13008839,     0,10,10:19:17,10:19:19,     2, 41.10, 41.10,  0.00
  13008839,     0, 9,10:19:23,10:19:29,     6, 41.00, 41.00,  0.00
  13008801,     0, 8,10:17:15,10:19:51,   156, 21.60, 21.60,  0.00
  13008839,     0,10,10:19:38,10:20:38,    60, 41.10, 40.20,  0.90
         0,     0, 8,10:19:59,10:20:48,    49, 21.60, 21.60,  0.00
  12706719,  7128, 5,10:18:07,10:21:08,   181, 40.70, 27.70, 13.00
         0,     0, 5,10:21:17,10:21:29,    12, 27.70, 27.80, -0.10
  13008866,     0,10,10:22:43,10:23:26,    43, 37.40, 27.60,  9.80
         0,     0,10,10:23:35,10:23:51,    16, 27.60, 41.20,-13.60
  12706645,     0, 7,10:17:29,10:23:57,   388, 41.40, 13.60, 27.80
         0,     0, 7,10:24:04,10:24:21,    17, 13.60, 41.40,-27.80
  21268162,  6046, 1,10:23:42,10:24:25,    43, 41.30, 37.60,  3.70
         0,     0, 1,10:24:33,10:24:36,     3, 37.60, 41.20, -3.60
  12706734,  7143, 2,10:23:36,10:25:06,    90, 44.20, 40.30,  3.90
         0,     0, 2,10:25:14,10:25:16,     2, 40.30, 43.70, -3.40
  13008801,     0, 8,10:25:12,10:25:20,     8, 21.60, 21.60,  0.00
  12448429,     0, 7,10:25:04,10:25:36,    32, 33.80, 33.80,  0.00
         0,     0, 7,10:25:43,10:25:47,     4, 33.80, 41.40, -7.60
         0,     0, 8,10:25:28,10:26:17,    49, 21.60, 21.60,  0.00
  21268162,  6046, 1,10:25:43,10:27:29,   106, 41.20, 27.10, 14.10
         0,     0, 1,10:27:36,10:27:49,    13, 27.10, 41.20,-14.10
  12706734,  7143, 2,10:25:35,10:28:37,   182, 43.70, 39.40,  4.30
         0,     0, 2,10:28:45,10:28:48,     3, 39.40, 43.70, -4.30
  13008801,     0, 8,10:29:13,10:29:14,     1, 21.60, 21.60,  0.00
         0,     0, 8,10:29:21,10:30:10,    49, 21.60, 21.60,  0.00
  13008801,     0, 7,10:26:10,10:30:40,   270, 41.40, 38.70,  2.70
         0,     0, 7,10:30:47,10:30:48,     1, 38.70, 38.70,  0.00
  12200060,     0, 7,10:30:58,10:31:24,    26, 41.40, 41.20,  0.20
  13323456,     0, 8,10:32:16,10:32:26,    10, 21.60, 21.60,  0.00
  13323390,  9012, 5,10:32:44,10:32:46,     2, 40.80, 40.80,  0.00
  21268104,  6062, 2,10:31:23,10:33:08,   105, 44.00, 37.00,  7.00
         0,     0, 2,10:33:16,10:33:22,     6, 37.00, 43.70, -6.70
         0,     0, 8,10:32:34,10:33:23,    49, 21.60, 21.60,  0.00
  13323490,     0, 7,10:32:48,10:34:23,    95, 31.20, 29.60,  1.60
         0,     0, 7,10:34:30,10:34:37,     7, 29.60, 41.60,-12.00
  13323406,     0, 9,10:34:47,10:34:48,     1, 41.00, 41.00,  0.00
  12706651,  7060, 4,10:34:10,10:35:41,    91, 43.50, 34.40,  9.10
         0,     0, 4,10:35:49,10:35:57,     8, 34.40, 43.30, -8.90
  13323456,     0, 7,10:34:51,10:40:50,   359, 41.60, 25.50, 16.10
         0,     0, 7,10:40:57,10:41:06,     9, 25.50, 41.30,-15.80
  13008905,  8146, 5,10:41:25,10:43:14,   109, 40.80, 25.30, 15.50
  12448471,     0, 7,10:41:19,10:43:18,   119, 39.90, 24.40, 15.50
         0,     0, 7,10:43:25,10:43:35,    10, 24.40, 41.40,-17.00
         0,     0, 5,10:43:22,10:43:37,    15, 25.30, 40.90,-15.60
  12706609,  7018,10,10:46:24,10:46:30,     6, 41.20, 40.70,  0.50
  13008733,  7154, 2,10:48:06,10:49:02,    56, 43.70, 43.40,  0.30
  12706727,  7136, 4,10:48:10,10:49:24,    74, 43.30, 34.50,  8.80
         0,     0, 4,10:49:33,10:49:41,     8, 34.50, 43.20, -8.70
  13008733,  7154, 2,10:49:20,10:50:00,    40, 43.30, 36.40,  6.90
         0,     0, 2,10:50:08,10:50:14,     6, 36.40, 43.70, -7.30
  13323390,  9012, 1,10:50:27,10:53:59,   212, 41.20, 24.80, 16.40
         0,     0, 1,10:54:06,10:54:22,    16, 24.80, 41.30,-16.50
  12706741,  7150, 1,10:58:17,10:58:36,    19, 41.30, 41.20,  0.10
  13323457,     0, 7,10:45:15,10:59:44,   869,  7.20,  6.20,  1.00
         0,     0, 7,10:59:51,11:00:13,    22,  6.20, 40.00,-33.80
  12706741,  7150, 2,10:58:40,11:01:44,   184, 43.80, 37.60,  6.20
         0,     0, 2,11:01:51,11:01:56,     5, 37.60, 43.80, -6.20
  13008732,  7153, 1,11:02:08,11:03:08,    60, 41.20, 40.90,  0.30
  12448432,  6045, 5,11:02:08,11:03:19,    71, 40.90, 40.70,  0.20
  21292347,  5120, 4,11:01:45,11:03:41,   116, 43.40, 30.30, 13.10
  12706727,  7136, 5,11:03:41,11:03:47,     6, 40.70, 40.80, -0.10
         0,     0, 4,11:03:50,11:04:02,    12, 30.30, 43.30,-13.00
  13323471,     0, 7,11:00:24,11:05:13,   289, 40.10, 29.00, 11.10
         0,     0, 7,11:05:20,11:05:27,     7, 29.00, 41.10,-12.10
  13008732,  7153, 2,11:03:24,11:07:22,   238, 44.00, 32.50, 11.50
         0,     0, 2,11:07:30,11:07:41,    11, 32.50, 43.70,-11.20
  12448416,  6029, 4,11:04:40,11:07:51,   191, 43.30, 30.50, 12.80
         0,     0, 4,11:07:59,11:08:11,    12, 30.50, 43.30,-12.80
  12448448,  6061, 3,11:06:33,11:09:15,   162, 46.60, 45.80,  0.80
  12448432,  6045, 5,11:06:42,11:09:23,   161, 40.80, 33.50,  7.30
         0,     0, 5,11:09:30,11:09:37,     7, 33.50, 40.80, -7.30
  13008798,     0, 9,11:12:03,11:12:04,     1, 41.00, 41.00,  0.00
  21292347,  5120, 3,11:09:37,11:12:06,   149, 45.50, 43.60,  1.90
         0,     0, 3,11:12:14,11:12:15,     1, 43.60, 46.20, -2.60
  12448448,  6061, 4,11:09:28,11:12:12,   164, 43.30, 26.50, 16.80
         0,     0, 4,11:12:20,11:12:36,    16, 26.50, 43.20,-16.70
  12448448,  6061, 3,11:12:31,11:13:37,    66, 46.20, 38.30,  7.90
         0,     0, 3,11:13:44,11:13:50,     6, 38.30, 46.10, -7.80
  13008798,     0,10,11:14:03,11:14:29,    26, 40.60, 39.30,  1.30
         0,     0,10,11:14:37,11:14:37,     0, 39.30, 40.40, -1.10
  13008798,     0,10,11:15:12,11:15:13,     1, 34.40, 34.40,  0.00
         0,     0,10,11:15:22,11:15:29,     7, 34.40, 41.20, -6.80
  12706609,  7018, 9,11:15:38,11:16:31,    53, 41.00, 37.80,  3.20
         0,     0, 9,11:16:39,11:16:43,     4, 37.80, 41.10, -3.30
  13323352,  8154, 1,11:13:39,11:17:01,   202, 40.90, 35.80,  5.10
         0,     0, 1,11:17:09,11:17:13,     4, 35.80, 41.20, -5.40
  12199987,     0,10,11:15:49,11:19:02,   193, 41.10, 29.60, 11.50
         0,     0,10,11:19:09,11:19:21,    12, 29.60, 41.20,-11.60
  12706651,  7060, 5,11:19:05,11:20:49,   104, 40.80, 32.80,  8.00
  21268162,  6046, 1,11:19:07,11:20:55,   108, 41.20, 26.70, 14.50
         0,     0, 5,11:20:57,11:21:05,     8, 32.80, 40.80, -8.00
         0,     0, 1,11:21:02,11:21:15,    13, 26.70, 41.30,-14.60
  13323352,  8154, 2,11:21:38,11:21:39,     1, 43.70, 43.70,  0.00
  13323352,  8154, 2,11:21:54,11:22:43,    49, 43.70, 41.70,  2.00
         0,     0, 2,11:22:51,11:22:52,     1, 41.70, 43.80, -2.10
  13008816,     0, 9,11:23:45,11:24:33,    48, 41.10, 35.90,  5.20
         0,     0, 9,11:24:41,11:24:47,     6, 35.90, 41.00, -5.10
  12448480,  6093, 5,11:25:12,11:28:02,   170, 40.80, 26.70, 14.10
         0,     0, 5,11:28:09,11:28:22,    13, 26.70, 40.80,-14.10
  12200060,     0, 7,11:06:14,11:29:49,  1415, 34.50, 27.40,  7.10
         0,     0, 7,11:29:57,11:30:05,     8, 27.40, 41.60,-14.20
  12706642,  7051, 9,11:30:03,11:31:24,    81, 41.00, 36.50,  4.50
         0,     0, 9,11:31:33,11:31:39,     6, 36.50, 41.00, -4.50
  11954050,     0, 7,11:30:20,11:32:41,   141, 41.50, 23.90, 17.60
         0,     0, 7,11:32:49,11:32:59,    10, 23.90, 41.30,-17.40
  21292347,  5120, 3,11:31:22,11:33:17,   115, 46.00, 37.30,  8.70
         0,     0, 3,11:33:25,11:33:32,     7, 37.30, 46.10, -8.80
  13008894,     0, 6,10:00:31,11:33:40,  5589, 38.90, 13.80, 25.10
         0,     0, 6,11:33:48,11:34:15,    27, 13.80, 41.50,-27.70
  13008732,  7153, 5,11:33:54,11:35:51,   117, 40.70, 38.90,  1.80
         0,     0, 5,11:35:58,11:35:59,     1, 38.90, 41.00, -2.10
  13008733,  7154, 5,11:36:40,11:37:02,    22, 40.90, 40.80,  0.10
  13008733,  7154, 5,11:37:13,11:37:46,    33, 40.80, 34.50,  6.30
         0,     0, 5,11:37:55,11:38:01,     6, 34.50, 40.80, -6.30
  13008883,     0, 6,11:34:30,11:38:29,   239, 40.10, 28.80, 11.30
  13008733,  7154, 5,11:38:11,11:38:30,    19, 40.80, 36.20,  4.60
         0,     0, 5,11:38:39,11:38:43,     4, 36.20, 40.70, -4.50
         0,     0, 6,11:38:37,11:38:49,    12, 28.80, 28.80,  0.00
  11954014,  4044, 2,11:41:00,11:41:30,    30, 43.90, 41.00,  2.90
         0,     0, 2,11:41:37,11:41:39,     2, 41.00, 43.60, -2.60
  21299280,  8145, 5,11:40:04,11:42:15,   131, 40.80, 28.80, 12.00
         0,     0, 5,11:42:22,11:42:33,    11, 28.80, 40.80,-12.00
  11954014,  4044, 1,11:42:04,11:42:46,    42, 41.20, 32.10,  9.10
         0,     0, 1,11:42:53,11:43:01,     8, 32.10, 41.20, -9.10
  12448429,     0, 7,11:34:01,11:49:56,   955, 28.00, 27.90,  0.10
  13008858,     0, 9,11:48:43,11:50:09,    86, 41.00, 36.60,  4.40
         0,     0, 7,11:50:04,11:50:12,     8, 27.90, 41.60,-13.70
         0,     0, 9,11:50:16,11:50:21,     5, 36.60, 40.90, -4.30
  13008858,     0, 9,11:51:03,11:51:05,     2, 37.30, 37.30,  0.00
         0,     0, 9,11:51:13,11:51:17,     4, 37.30, 41.10, -3.80
  12706700,  7109, 2,11:51:12,11:51:26,    14, 43.70, 41.70,  2.00
  13008905,  8146, 5,11:51:00,11:51:28,    28, 40.80, 39.50,  1.30
         0,     0, 2,11:51:33,11:51:34,     1, 41.70, 43.50, -1.80
         0,     0, 5,11:51:36,11:51:37,     1, 39.50, 40.80, -1.30
  12448416,  6029, 2,11:52:42,11:55:07,   145, 43.70, 34.80,  8.90
         0,     0, 2,11:55:16,11:55:24,     8, 34.80, 43.90, -9.10
  13008790,     0, 7,11:51:58,12:00:42,   524, 18.30,  4.10, 14.20
         0,     0, 7,12:00:50,12:01:12,    22,  4.10, 41.50,-37.40
  12706646,     0, 8,12:01:28,12:01:30,     2, 21.60, 21.60,  0.00
  12706741,  7150, 1,11:58:23,12:01:40,   197, 41.20, 34.20,  7.00
         0,     0, 1,12:01:47,12:01:53,     6, 34.20, 41.20, -7.00
         0,     0, 8,12:01:38,12:02:27,    49, 21.60, 21.60,  0.00
  13323471,     0, 7,12:01:22,12:04:33,   191, 41.40, 32.60,  8.80
         0,     0, 7,12:04:41,12:04:46,     5, 32.60, 41.30, -8.70
  12448479,  6092, 5,12:05:32,12:07:46,   134, 40.80, 30.40, 10.40
         0,     0, 5,12:07:53,12:08:03,    10, 30.40, 40.90,-10.50
  12706700,  7109, 2,12:07:39,12:08:55,    76, 43.90, 30.10, 13.80
  12706730,  7139, 1,12:08:30,12:08:58,    28, 41.20, 40.90,  0.30
         0,     0, 2,12:09:03,12:09:16,    13, 30.10, 44.00,-13.90
  12706646,     0, 7,12:04:56,12:09:30,   274, 41.00, 20.30, 20.70
         0,     0, 7,12:09:38,12:09:51,    13, 20.30, 41.30,-21.00
  12706730,  7139, 2,12:09:27,12:11:21,   114, 44.00, 26.40, 17.60
         0,     0, 2,12:11:28,12:11:45,    17, 26.40, 43.80,-17.40
  13323456,     0, 7,12:10:03,12:15:58,   355, 41.10, 29.40, 11.70
         0,     0, 7,12:16:06,12:16:13,     7, 29.40, 41.40,-12.00
  12448471,     0, 7,12:16:24,12:19:01,   157, 40.10, 34.00,  6.10
         0,     0, 7,12:19:09,12:19:13,     4, 34.00, 41.60, -7.60
  21292347,  5120, 3,12:20:04,12:21:38,    94, 46.00, 39.30,  6.70
         0,     0, 3,12:21:45,12:21:50,     5, 39.30, 46.10, -6.80
  11954050,     0, 7,12:19:27,12:22:32,   185, 41.30, 26.70, 14.60
         0,     0, 7,12:22:39,12:22:47,     8, 26.70, 41.60,-14.90
  21268104,  6062, 4,12:24:08,12:26:01,   113, 43.80, 36.00,  7.80
         0,     0, 4,12:26:09,12:26:15,     6, 36.00, 43.20, -7.20
  12448456,     0, 7,12:23:02,12:26:45,   223, 41.50,  9.40, 32.10
         0,     0, 7,12:26:53,12:27:12,    19,  9.40, 41.60,-32.20
  13323406,     0, 9,12:27:24,12:27:31,     7, 31.80, 31.80,  0.00
         0,     0, 9,12:27:39,12:27:51,    12, 31.80, 41.00, -9.20
  13008801,     0, 7,12:27:25,12:28:02,    37, 41.40, 41.40,  0.00
  12706636,  7045, 1,12:26:44,12:29:01,   137, 40.90, 25.60, 15.30
         0,     0, 1,12:29:10,12:29:25,    15, 25.60, 41.10,-15.50
  12706667,     0, 7,12:28:15,12:35:12,   417, 41.40, 16.90, 24.50
         0,     0, 7,12:35:19,12:35:34,    15, 16.90, 40.90,-24.00
  12448404,  6017, 1,12:34:24,12:35:47,    83, 41.10, 20.90, 20.20
         0,     0, 1,12:35:55,12:36:15,    20, 20.90, 41.30,-20.40
  21292480,     0, 7,12:36:26,12:38:08,   102, 29.00, 21.30,  7.70
         0,     0, 7,12:38:16,12:38:28,    12, 21.30, 41.60,-20.30
  13008847,     0, 6,11:39:02,12:40:54,  3712, 41.30, 12.10, 29.20
         0,     0, 6,12:41:02,12:41:30,    28, 12.10, 12.30, -0.20
  11954003,     0, 7,12:38:46,12:41:42,   176, 41.60, 38.00,  3.60
         0,     0, 7,12:41:50,12:41:52,     2, 38.00, 41.40, -3.40
  11953978,  4008, 1,12:41:40,12:43:48,   128, 41.30, 22.30, 19.00
         0,     0, 1,12:43:56,12:44:14,    18, 22.30, 41.20,-18.90
  12448479,  6092, 4,12:42:55,12:44:14,    79, 43.50, 32.00, 11.50
  13008894,     0, 6,12:42:53,12:44:20,    87, 39.10, 26.50, 12.60
         0,     0, 4,12:44:21,12:44:32,    11, 32.00, 43.20,-11.20
         0,     0, 6,12:44:27,12:44:42,    15, 26.50, 41.40,-14.90
  13008801,     0, 7,12:42:06,12:47:43,   337, 41.30, 19.90, 21.40
         0,     0, 7,12:47:51,12:48:04,    13, 19.90, 41.50,-21.60
  11954003,     0, 7,12:48:15,12:48:58,    43, 41.50, 36.20,  5.30
         0,     0, 7,12:49:06,12:49:09,     3, 36.20, 41.10, -4.90
  13323490,     0, 7,12:50:03,12:51:03,    60, 30.80, 17.90, 12.90
         0,     0, 7,12:51:11,12:51:25,    14, 17.90, 41.60,-23.70
  13323461,     0,10,12:51:02,12:52:56,   114, 40.90, 32.40,  8.50
         0,     0,10,12:53:04,12:53:13,     9, 32.40, 41.20, -8.80
  13323490,     0, 7,12:51:48,12:53:40,   112, 41.60, 36.20,  5.40
         0,     0, 7,12:53:48,12:53:51,     3, 36.20, 41.40, -5.20
  13323388,  9010, 4,12:53:02,12:55:44,   162, 43.40, 29.70, 13.70
         0,     0, 4,12:55:52,12:56:05,    13, 29.70, 43.20,-13.50
  12200013,     0, 7,12:54:20,13:00:43,   383, 41.30,  6.30, 35.00
  12448483,  6096, 5,12:58:27,13:01:02,   155, 40.80, 18.20, 22.60
         0,     0, 7,13:00:51,13:01:13,    22,  6.30, 41.00,-34.70
         0,     0, 5,13:01:11,13:01:33,    22, 18.20, 40.90,-22.70
  13008790,     0, 7,13:02:08,13:04:12,   124, 27.70, 27.60,  0.10
         0,     0, 7,13:04:20,13:04:28,     8, 27.60, 41.60,-14.00
  11954003,     0, 7,13:04:41,13:08:38,   237, 41.50, 31.90,  9.60
         0,     0, 7,13:08:46,13:08:51,     5, 31.90, 41.40, -9.50
  12199987,     0,10,13:06:03,13:09:34,   211, 41.20, 27.10, 14.10
         0,     0,10,13:09:43,13:09:58,    15, 27.10, 41.20,-14.10
  12706645,     0, 7,13:09:05,13:10:19,    74, 40.70, 22.40, 18.30
         0,     0, 7,13:10:26,13:10:37,    11, 22.40, 41.50,-19.10
  11724159,     0, 9,13:11:01,13:12:08,    67, 40.60, 34.00,  6.60
         0,     0, 9,13:12:16,13:12:25,     9, 34.00, 41.00, -7.00
  21268104,  6062, 4,13:12:57,13:13:53,    56, 43.50, 37.60,  5.90
         0,     0, 4,13:14:01,13:14:06,     5, 37.60, 43.30, -5.70
  12448441,     0, 6,12:45:24,13:15:18,  1794, 38.40, 14.10, 24.30
  12706707,  7116, 1,13:14:28,13:15:28,    60, 41.20, 39.90,  1.30
  12706655,  7064, 3,13:14:56,13:15:30,    34, 46.40, 39.20,  7.20
         0,     0, 1,13:15:37,13:15:37,     0, 39.90, 41.00, -1.10
         0,     0, 3,13:15:37,13:15:42,     5, 39.20, 46.00, -6.80
         0,     0, 6,13:15:25,13:15:52,    27, 14.10, 14.20, -0.10
  12706707,  7116, 1,13:15:54,13:16:54,    60, 41.00, 29.70, 11.30
         0,     0, 1,13:17:01,13:17:11,    10, 29.70, 41.10,-11.40
  12706707,  7116, 2,13:17:36,13:18:24,    48, 43.20, 38.50,  4.70
         0,     0, 2,13:18:31,13:18:35,     4, 38.50, 43.70, -5.20
  13008826,     0,10,13:18:59,13:20:05,    66, 41.10, 36.40,  4.70
         0,     0,10,13:20:13,13:20:17,     4, 36.40, 41.20, -4.80
  12706655,  7064, 1,13:17:45,13:20:51,   186, 41.10, 29.90, 11.20
         0,     0, 1,13:21:00,13:21:10,    10, 29.90, 41.20,-11.30
  12706729,  7138, 3,13:20:35,13:22:31,   116, 45.50, 29.80, 15.70
         0,     0, 3,13:22:38,13:22:53,    15, 29.80, 29.60,  0.20
  12448479,  6092, 2,13:22:13,13:23:27,    74, 43.90, 35.80,  8.10
         0,     0, 2,13:23:35,13:23:42,     7, 35.80, 43.90, -8.10
  12706705,  7114, 5,13:24:58,13:26:33,    95, 40.80, 36.50,  4.30
         0,     0, 5,13:26:41,13:26:45,     4, 36.50, 40.70, -4.20
  12706705,  7114, 5,13:27:32,13:29:25,   113, 40.90, 26.70, 14.20
         0,     0, 5,13:29:33,13:29:46,    13, 26.70, 40.70,-14.00
  13008816,     0, 9,13:29:38,13:30:54,    76, 41.00, 36.60,  4.40
         0,     0, 9,13:31:03,13:31:08,     5, 36.60, 41.10, -4.50
  12200048,     0,10,13:31:30,13:33:32,   122, 41.10, 34.80,  6.30
         0,     0,10,13:33:41,13:33:47,     6, 34.80, 41.10, -6.30
  12448483,  6096, 4,13:37:17,13:39:34,   137, 43.50, 27.00, 16.50
  11953978,  4008, 3,13:38:52,13:39:35,    43, 46.30, 40.10,  6.20
         0,     0, 3,13:39:44,13:39:49,     5, 40.10, 40.00,  0.10
         0,     0, 4,13:39:42,13:39:58,    16, 27.00, 43.30,-16.30
  12706714,  7123, 2,13:38:18,13:41:42,   204, 43.90, 21.30, 22.60
         0,     0, 2,13:41:51,13:42:15,    24, 21.30, 43.90,-22.60
  12706707,  7116, 1,13:44:42,13:45:17,    35, 41.20, 38.90,  2.30
         0,     0, 1,13:45:25,13:45:26,     1, 38.90, 41.20, -2.30
  13008795,     0, 7,13:11:00,13:45:45,  2085, 31.70,  0.20, 31.50
         0,     0, 7,13:45:53,13:46:19,    26,  0.20, 41.40,-41.20
  12200046,  5100, 4,13:46:26,13:47:32,    66, 43.70, 30.30, 13.40
         0,     0, 4,13:47:40,13:47:52,    12, 30.30, 43.30,-13.00
  13008848,     0, 9,13:54:33,13:54:40,     7, 41.00, 41.00,  0.00
  11954003,     0, 7,13:46:39,13:54:55,   496, 41.30, 39.20,  2.10
         0,     0, 7,13:55:03,13:55:04,     1, 39.20, 41.10, -1.90
  12706738,  7147, 2,13:53:51,13:56:37,   166, 43.90, 26.90, 17.00
         0,     0, 2,13:56:45,13:57:02,    17, 26.90, 43.70,-16.80
  13008848,     0, 9,13:54:57,13:57:47,   170, 41.00, 27.20, 13.80
         0,     0, 9,13:57:56,13:58:14,    18, 27.20, 41.10,-13.90
  12706639,  7048, 5,13:55:50,13:58:33,   163, 40.70, 20.40, 20.30
         0,     0, 5,13:58:42,13:59:01,    19, 20.40, 40.90,-20.50
  12706734,  7143, 2,13:59:43,14:02:45,   182, 43.90, 35.70,  8.20
         0,     0, 2,14:02:53,14:03:00,     7, 35.70, 43.80, -8.10
  12200060,     0, 7,13:55:35,14:03:38,   483, 38.90, 38.70,  0.20
         0,     0, 7,14:03:45,14:03:46,     1, 38.70, 41.40, -2.70
  11724181,     0,10,14:05:14,14:05:17,     3, 28.70, 28.70,  0.00
         0,     0,10,14:05:25,14:05:38,    13, 28.70, 41.20,-12.50
  13008732,  7153, 4,14:02:29,14:06:21,   232, 43.50, 32.60, 10.90
         0,     0, 4,14:06:29,14:06:39,    10, 32.60, 43.20,-10.60
  13008732,  7153, 3,14:06:36,14:07:36,    60, 46.30, 39.20,  7.10
         0,     0, 3,14:07:44,14:07:49,     5, 39.20, 39.00,  0.20
  13008883,     0, 6,13:31:29,14:08:15,  2206, 22.90, 20.90,  2.00
  21268162,  6046, 1,14:06:58,14:08:19,    81, 41.20, 29.70, 11.50
         0,     0, 1,14:08:27,14:08:38,    11, 29.70, 41.20,-11.50
         0,     0, 6,14:08:23,14:08:43,    20, 20.90, 20.90,  0.00
  13323471,     0, 7,14:03:59,14:12:01,   482, 40.30, 29.50, 10.80
         0,     0, 7,14:12:08,14:12:15,     7, 29.50, 41.30,-11.80
  12706662,     0, 6,14:09:27,14:12:55,   208, 41.40, 18.30, 23.10
         0,     0, 6,14:13:02,14:13:24,    22, 18.30, 41.50,-23.20
  12448463,  6076, 1,14:15:05,14:18:35,   210, 41.20, 14.50, 26.70
  13323490,     0, 7,14:12:55,14:18:39,   344, 35.10, 35.10,  0.00
         0,     0, 7,14:18:46,14:18:50,     4, 35.10, 35.20, -0.10
         0,     0, 1,14:18:42,14:19:08,    26, 14.50, 41.20,-26.70
  13008801,     0, 7,14:19:00,14:19:25,    25, 35.20, 41.20, -6.00
  13008798,     0,10,14:21:32,14:21:52,    20, 31.50, 29.60,  1.90
         0,     0,10,14:22:00,14:22:12,    12, 29.60, 41.10,-11.50
  12200010,  5064, 1,14:21:47,14:22:21,    34, 41.20, 40.00,  1.20
         0,     0, 1,14:22:30,14:22:30,     0, 40.00, 40.70, -0.70
  13323390,  9012, 1,14:25:12,14:25:16,     4, 40.70, 40.70,  0.00
  12200010,  5064, 5,14:25:03,14:27:26,   143, 40.80, 20.20, 20.60
         0,     0, 5,14:27:34,14:27:54,    20, 20.20, 20.30, -0.10
  13008795,     0, 7,14:20:04,14:28:13,   489, 29.90, 21.50,  8.40
         0,     0, 7,14:28:20,14:28:32,    12, 21.50, 41.50,-20.00
  13323457,     0, 7,14:30:04,14:32:42,   158, 14.20, 13.90,  0.30
         0,     0, 7,14:32:49,14:33:05,    16, 13.90, 41.30,-27.40
  13008801,     0, 7,14:34:03,14:38:14,   251, 41.10, 26.20, 14.90
  12706727,  7136, 3,14:37:05,14:38:22,    77, 46.30, 35.00, 11.30
         0,     0, 7,14:38:21,14:38:30,     9, 26.20, 41.10,-14.90
         0,     0, 3,14:38:31,14:38:40,     9, 35.00, 35.00,  0.00
  12448499,  6112, 5,14:39:59,14:40:53,    54, 40.70, 27.30, 13.40
         0,     0, 5,14:41:02,14:41:15,    13, 27.30, 40.80,-13.50
  21268825,  6068, 2,14:42:26,14:42:32,     6, 43.70, 43.50,  0.20
  12200060,     0, 7,14:38:56,14:42:58,   242, 38.60, 28.40, 10.20
         0,     0, 7,14:43:05,14:43:12,     7, 28.40, 41.60,-13.20
  12448412,  6025, 4,14:43:03,14:44:21,    78, 43.60, 43.00,  0.60
  21268825,  6068, 1,14:42:38,14:45:58,   200, 40.70, 28.40, 12.30
         0,     0, 1,14:46:06,14:46:18,    12, 28.40, 41.20,-12.80
  12448412,  6025, 3,14:44:26,14:48:06,   220, 46.20, 19.50, 26.70
         0,     0, 3,14:48:13,14:48:36,    23, 19.50, 19.40,  0.10
  12448412,  6025, 5,14:52:18,14:52:22,     4, 40.80, 40.70,  0.10
  13323352,  8154, 1,14:51:03,14:52:31,    88, 41.20, 37.30,  3.90
         0,     0, 1,14:52:39,14:52:42,     3, 37.30, 41.10, -3.80
  13323352,  8154, 1,14:52:55,14:54:09,    74, 41.10, 38.10,  3.00
  13008733,  7154, 5,14:53:16,14:54:14,    58, 40.70, 40.60,  0.10
         0,     0, 1,14:54:16,14:54:18,     2, 38.10, 41.30, -3.20
  13323352,  8154, 2,14:54:32,14:55:16,    44, 43.50, 42.80,  0.70
  13008742,  7163, 5,15:03:26,15:03:38,    12, 40.60, 40.60,  0.00
  12448479,  6092, 1,15:03:55,15:05:31,    96, 41.30, 35.10,  6.20
         0,     0, 1,15:05:39,15:05:44,     5, 35.10, 41.10, -6.00
  12448479,  6092, 2,15:05:59,15:06:04,     5, 42.80, 42.80,  0.00
  13008742,  7163, 5,15:04:08,15:07:57,   229, 40.60, 23.00, 17.60
         0,     0, 5,15:08:05,15:08:22,    17, 23.00, 40.80,-17.80
  12200048,     0, 9,15:09:14,15:09:15,     1, 41.00, 41.00,  0.00
  12448434,     0, 7,14:43:27,15:10:42,  1635, 40.70, 21.10, 19.60
         0,     0, 7,15:10:50,15:11:02,    12, 21.10, 41.10,-20.00
  11724159,     0, 9,15:16:31,15:16:42,    11, 41.00, 41.00,  0.00
  21292480,     0, 7,15:11:50,15:17:11,   321, 26.20, 15.30, 10.90
         0,     0, 7,15:17:19,15:17:35,    16, 15.30, 41.50,-26.20
  12448434,     0, 8,15:17:35,15:17:41,     6, 21.60, 21.60,  0.00
  11724159,     0, 9,15:16:53,15:18:10,    77, 41.00, 35.00,  6.00
         0,     0, 9,15:18:19,15:18:27,     8, 35.00, 41.10, -6.10
         0,     0, 8,15:17:50,15:18:39,    49, 21.60, 21.60,  0.00
  13008866,     0,10,15:23:16,15:23:20,     4, 40.90, 40.90,  0.00
  13008866,     0,10,15:24:19,15:25:53,    94, 40.80, 29.40, 11.40
  13008839,     0, 9,15:25:41,15:25:54,    13, 41.20, 41.10,  0.10
         0,     0,10,15:26:01,15:26:13,    12, 29.40, 41.10,-11.70
  13008839,     0, 9,15:26:33,15:26:50,    17, 41.10, 41.00,  0.10
  12200013,     0, 8,15:28:57,15:30:11,    74, 21.60, 21.60,  0.00
  12706667,     0, 7,15:18:29,15:30:15,   706, 28.60, 12.00, 16.60
         0,     0, 7,15:30:23,15:30:40,    17, 12.00, 41.00,-29.00
         0,     0, 8,15:30:20,15:31:09,    49, 21.60, 21.60,  0.00
  12706609,  7018,10,15:36:32,15:36:35,     3, 41.10, 41.10,  0.00
  12200013,     0, 7,15:30:50,15:42:39,   709, 40.90, 21.30, 19.60
         0,     0, 7,15:42:47,15:42:59,    12, 21.30, 41.40,-20.10
  12706609,  7018,10,15:43:27,15:43:48,    21, 41.10, 36.50,  4.60
         0,     0,10,15:43:56,15:44:00,     4, 36.50, 41.20, -4.70
  12200048,     0, 9,15:41:21,15:44:14,   173, 41.00, 35.20,  5.80
         0,     0, 9,15:44:22,15:44:29,     7, 35.20, 41.10, -5.90
  12706609,  7018, 9,15:47:38,15:48:08,    30, 41.10, 38.60,  2.50
         0,     0, 9,15:48:15,15:48:17,     2, 38.60, 41.00, -2.40
  12706642,  7051, 9,15:49:06,15:51:30,   144, 41.00, 31.60,  9.40
         0,     0, 9,15:51:38,15:51:50,    12, 31.60, 41.10, -9.50
  13008894,     0, 6,15:30:27,15:52:32,  1325, 27.80, 12.80, 15.00
         0,     0, 6,15:52:40,15:53:08,    28, 12.80, 12.80,  0.00
  13008816,     0, 9,15:53:10,15:54:32,    82, 41.10, 35.90,  5.20
         0,     0, 9,15:54:40,15:54:46,     6, 35.90, 41.10, -5.20
  12448471,     0, 7,15:44:17,15:57:30,   793, 25.80, 25.80,  0.00
         0,     0, 7,15:57:38,15:57:47,     9, 25.80, 41.50,-15.70
  12706700,  7109, 1,16:00:00,16:00:07,     7, 41.10, 41.10,  0.00
  12706651,  7060, 4,16:00:13,16:02:13,   120, 42.80, 26.80, 16.00
         0,     0, 4,16:02:20,16:02:36,    16, 26.80, 43.50,-16.70
  12706700,  7109, 2,16:02:50,16:03:18,    28, 42.40, 35.70,  6.70
  12448434,     0, 7,15:57:58,16:03:27,   329, 40.80, 30.70, 10.10
         0,     0, 2,16:03:26,16:03:33,     7, 35.70, 43.80, -8.10
         0,     0, 7,16:03:35,16:03:41,     6, 30.70, 41.40,-10.70
  12706729,  7138, 2,16:03:43,16:03:50,     7, 43.80, 44.00, -0.20
  13008827,     0,10,16:04:01,16:04:02,     1, 41.10, 41.10,  0.00
  12706700,  7109, 1,16:03:23,16:04:05,    42, 41.10, 29.30, 11.80
         0,     0, 1,16:04:13,16:04:24,    11, 29.30, 41.30,-12.00
  12706729,  7138, 1,16:05:52,16:06:09,    17, 41.30, 41.30,  0.00
  13008827,     0,10,16:07:29,16:07:30,     1, 41.10, 41.10,  0.00
  12706719,  7128, 5,16:05:56,16:08:15,   139, 40.70, 25.00, 15.70
         0,     0, 5,16:08:23,16:08:38,    15, 25.00, 40.90,-15.90
  13008827,     0,10,16:07:50,16:08:56,    66, 40.70, 35.70,  5.00
         0,     0,10,16:09:04,16:09:10,     6, 35.70, 40.10, -4.40
  12706636,  7045, 5,16:08:49,16:10:27,    98, 40.80, 29.10, 11.70
         0,     0, 5,16:10:34,16:10:45,    11, 29.10, 40.90,-11.80
  12706729,  7138, 3,16:09:59,16:11:31,    92, 46.10, 31.60, 14.50
         0,     0, 3,16:11:40,16:11:53,    13, 31.60, 31.40,  0.20
  12706701,  7110, 4,16:10:52,16:13:19,   147, 43.90, 24.70, 19.20
         0,     0, 4,16:13:28,16:13:47,    19, 24.70, 43.30,-18.60
  12706706,  7115, 5,16:12:50,16:14:14,    84, 40.90, 22.80, 18.10
  12448499,  6112, 1,16:13:26,16:14:18,    52, 41.30, 27.00, 14.30
         0,     0, 1,16:14:26,16:14:40,    14, 27.00, 41.30,-14.30
         0,     0, 5,16:14:22,16:14:40,    18, 22.80, 40.80,-18.00
  13008847,     0, 6,15:53:23,16:15:00,  1297, 41.10, 16.70, 24.40
         0,     0, 6,16:15:08,16:15:32,    24, 16.70, 16.80, -0.10
  12448416,  6029, 2,16:15:00,16:15:34,    34, 43.90, 39.20,  4.70
         0,     0, 2,16:15:42,16:15:45,     3, 39.20, 43.70, -4.50
  12448404,  6017, 1,16:15:09,16:16:41,    92, 41.20, 22.50, 18.70
         0,     0, 1,16:16:50,16:17:08,    18, 22.50, 41.20,-18.70
  12448480,  6093, 5,16:17:56,16:18:03,     7, 40.80, 40.80,  0.00
  12199988,     0, 7,16:03:53,16:19:47,   954, 41.50, 35.80,  5.70
         0,     0, 7,16:19:55,16:19:58,     3, 35.80, 41.60, -5.80
  12706727,  7136, 2,16:19:47,16:19:56,     9, 43.80, 43.80,  0.00
  13323352,  8154, 1,16:18:26,16:20:14,   108, 41.20, 36.40,  4.80
         0,     0, 1,16:20:23,16:20:27,     4, 36.40, 41.30, -4.90
  13008733,  7154, 1,16:20:40,16:20:52,    12, 41.30, 41.20,  0.10
         0,     0, 8,16:21:12,16:22:01,    49, 21.60, 21.60,  0.00
  12448480,  6093, 5,16:20:26,16:23:20,   174, 40.80, 14.70, 26.10
         0,     0, 5,16:23:28,16:23:53,    25, 14.70, 40.80,-26.10
  21268104,  6062, 1,16:22:04,16:23:54,   110, 41.20, 30.10, 11.10
         0,     0, 1,16:24:03,16:24:13,    10, 30.10, 41.20,-11.10
  21304388,  6125, 2,16:23:26,16:25:01,    95, 43.70, 43.60,  0.10
  21304388,  6125, 2,16:25:11,16:27:05,   114, 44.10, 19.10, 25.00
  12706741,  7150, 1,16:26:12,16:27:12,    60, 41.20, 38.90,  2.30
         0,     0, 1,16:27:20,16:27:22,     2, 38.90, 41.20, -2.30
         0,     0, 2,16:27:13,16:27:38,    25, 19.10, 43.80,-24.70
  21299280,  8145, 5,16:25:53,16:27:39,   106, 40.70, 29.20, 11.50
         0,     0, 5,16:27:48,16:27:59,    11, 29.20, 40.80,-11.60
  13008905,  8146, 4,16:27:32,16:28:47,    75, 43.60, 27.50, 16.10
         0,     0, 4,16:28:54,16:29:10,    16, 27.50, 43.30,-15.80
  12706636,  7045, 3,16:29:23,16:29:41,    18, 46.30, 46.30,  0.00
  12706738,  7147, 2,16:27:48,16:30:07,   139, 43.90, 30.70, 13.20
         0,     0, 2,16:30:15,16:30:29,    14, 30.70, 43.70,-13.00
  12706741,  7150, 1,16:28:45,16:30:29,   104, 41.20, 36.60,  4.60
  13323388,  9010, 5,16:30:08,16:30:36,    28, 40.70, 39.00,  1.70
         0,     0, 1,16:30:38,16:30:42,     4, 36.60, 41.20, -4.60
         0,     0, 5,16:30:44,16:30:45,     1, 39.00, 40.50, -1.50
  12448432,  6045, 2,16:30:39,16:30:44,     5, 43.70, 43.70,  0.00
  13323388,  9010, 5,16:30:55,16:32:07,    72, 40.50, 25.20, 15.30
  21292347,  5120, 3,16:31:15,16:32:15,    60, 46.80, 40.50,  6.30
  13323471,     0, 7,16:21:09,16:32:21,   672, 41.60, 37.10,  4.50
         0,     0, 3,16:32:22,16:32:27,     5, 40.50, 45.70, -5.20
         0,     0, 7,16:32:29,16:32:32,     3, 37.10, 41.20, -4.10
  12706730,  7139, 2,16:32:22,16:32:30,     8, 43.60, 43.70, -0.10
         0,     0, 5,16:32:16,16:32:34,    18, 25.20, 40.70,-15.50
  12448473,  6086, 1,16:33:13,16:34:46,    93, 41.20, 23.30, 17.90
         0,     0, 1,16:34:53,16:35:13,    20, 23.30, 41.20,-17.90
  12448432,  6045, 1,16:35:26,16:35:27,     1, 41.30, 41.20,  0.10
  13008732,  7153, 5,16:33:04,16:37:13,   249, 40.70, 32.80,  7.90
  11954014,  4044, 3,16:36:21,16:37:13,    52, 46.10, 29.60, 16.50
  11954050,     0, 7,16:32:42,16:37:14,   272, 41.10, 28.90, 12.20
         0,     0, 5,16:37:21,16:37:29,     8, 32.80, 40.60, -7.80
         0,     0, 7,16:37:22,16:37:30,     8, 28.90, 41.30,-12.40
         0,     0, 3,16:37:21,16:37:36,    15, 29.60, 29.50,  0.10
  12706646,     0, 7,16:37:41,16:39:02,    81, 41.00, 32.70,  8.30
         0,     0, 7,16:39:10,16:39:15,     5, 32.70, 41.40, -8.70
  12706636,  7045, 5,16:37:39,16:39:23,   104, 40.50, 30.10, 10.40
  12448448,  6061, 1,16:36:43,16:39:28,   165, 41.20, 36.90,  4.30
         0,     0, 1,16:39:37,16:39:40,     3, 36.90, 41.10, -4.20
         0,     0, 5,16:39:31,16:39:41,    10, 30.10, 40.80,-10.70
  12706734,  7143, 2,16:41:35,16:42:28,    53, 43.60, 40.60,  3.00
  12448448,  6061, 1,16:39:51,16:42:35,   164, 41.10, 18.50, 22.60
         0,     0, 2,16:42:37,16:42:39,     2, 40.60, 43.70, -3.10
  12448432,  6045, 5,16:39:57,16:42:56,   179, 40.80, 21.70, 19.10
         0,     0, 1,16:42:42,16:43:04,    22, 18.50, 41.20,-22.70
         0,     0, 5,16:43:04,16:43:22,    18, 21.70, 40.80,-19.10
  12200064,  5118, 4,16:38:47,16:45:01,   374, 43.70, 15.00, 28.70
  21268825,  6068, 1,16:43:16,16:45:07,   111, 41.20, 30.80, 10.40
         0,     0, 1,16:45:15,16:45:25,    10, 30.80, 41.20,-10.40
  12706734,  7143, 2,16:43:22,16:45:28,   126, 43.70, 31.10, 12.60
         0,     0, 4,16:45:08,16:45:36,    28, 15.00, 15.00,  0.00
         0,     0, 2,16:45:35,16:45:47,    12, 31.10, 44.00,-12.90
  12448428,  6041, 2,16:46:46,16:47:16,    30, 43.90, 43.00,  0.90
  21292347,  5120, 3,16:46:34,16:47:46,    72, 46.40, 43.10,  3.30
         0,     0, 3,16:47:53,16:47:55,     2, 43.10, 43.50, -0.40
  12706651,  7060, 4,16:47:09,16:48:48,    99, 43.20, 34.20,  9.00
         0,     0, 4,16:48:55,16:49:04,     9, 34.20, 43.30, -9.10
  13008858,     0, 9,16:48:34,16:49:22,    48, 40.90, 39.50,  1.40
  11954050,     0, 7,16:41:39,16:49:25,   466, 41.40, 29.50, 11.90
  13008842,  8083, 2,16:48:55,16:49:28,    33, 43.00, 42.90,  0.10
         0,     0, 9,16:49:31,16:49:33,     2, 39.50, 41.00, -1.50
  13323352,  8154, 1,16:49:14,16:49:36,    22, 41.20, 40.10,  1.10
         0,     0, 7,16:49:33,16:49:40,     7, 29.50, 41.60,-12.10
  13008858,     0, 9,16:50:33,16:50:35,     2, 34.90, 34.90,  0.00
  12706642,  7051,10,16:49:18,16:50:37,    79, 39.20, 33.00,  6.20
         0,     0, 9,16:50:43,16:50:51,     8, 34.90, 40.90, -6.00
         0,     0,10,16:50:45,16:50:54,     9, 33.00, 41.10, -8.10
  13323352,  8154, 1,16:49:46,16:50:54,    68, 40.10, 36.60,  3.50
         0,     0, 1,16:51:03,16:51:07,     4, 36.60, 41.30, -4.70
  13008842,  8083, 1,16:51:26,16:51:33,     7, 41.20, 41.20,  0.00
  12706741,  7150, 2,16:52:02,16:52:10,     8, 42.90, 42.90,  0.00
  12448428,  6041, 1,16:51:42,16:52:19,    37, 41.30, 30.50, 10.80
         0,     0, 1,16:52:28,16:52:38,    10, 30.50, 41.20,-10.70
  12706714,  7123, 5,16:50:57,16:52:56,   119, 40.70, 21.70, 19.00
         0,     0, 5,16:53:04,16:53:22,    18, 21.70, 40.90,-19.20
  12706741,  7150, 2,16:53:30,16:53:32,     2, 42.90, 42.90,  0.00
  12706719,  7128, 1,16:52:48,16:54:04,    76, 41.20, 36.10,  5.10
         0,     0, 1,16:54:12,16:54:16,     4, 36.10, 41.20, -5.10
  13008842,  8083, 3,16:53:20,16:55:30,   130, 46.40, 30.70, 15.70
  12706655,  7064, 4,16:53:29,16:55:31,   122, 43.80, 23.10, 20.70
         0,     0, 3,16:55:38,16:55:51,    13, 30.70, 30.50,  0.20
         0,     0, 4,16:55:39,16:55:59,    20, 23.10, 43.30,-20.20
  12706719,  7128, 1,16:54:26,16:56:30,   124, 41.30, 31.20, 10.10
         0,     0, 1,16:56:38,16:56:47,     9, 31.20, 41.20,-10.00
  12448463,  6076, 2,16:54:38,16:57:22,   164, 43.00, 20.00, 23.00
         0,     0, 2,16:57:30,16:57:55,    25, 20.00, 43.70,-23.70
  13008847,     0, 6,16:50:48,16:59:08,   500, 36.90, 24.80, 12.10
  12706701,  7110, 4,16:56:28,16:59:13,   165, 43.70, 29.90, 13.80
         0,     0, 6,16:59:15,16:59:31,    16, 24.80, 41.50,-16.70
         0,     0, 4,16:59:21,16:59:34,    13, 29.90, 43.20,-13.30
  13323390,  9012, 5,16:58:17,17:00:03,   106, 40.90, 32.50,  8.40
  12706741,  7150, 1,16:57:43,17:00:14,   151, 41.20, 34.10,  7.10
         0,     0, 5,17:00:12,17:00:20,     8, 32.50, 40.70, -8.20
         0,     0, 1,17:00:22,17:00:28,     6, 34.10, 41.20, -7.10
  12448441,     0, 6,16:59:53,17:01:02,    69, 40.90, 30.60, 10.30
         0,     0, 6,17:01:09,17:01:19,    10, 30.60, 30.70, -0.10
  12448499,  6112, 5,17:00:30,17:01:18,    48, 40.70, 31.30,  9.40
         0,     0, 5,17:01:26,17:01:35,     9, 31.30, 40.70, -9.40
  13008905,  8146, 5,17:02:02,17:02:11,     9, 40.70, 40.40,  0.30
  12706646,     0, 7,16:58:27,17:02:13,   226, 41.60, 33.50,  8.10
         0,     0, 7,17:02:21,17:02:25,     4, 33.50, 41.40, -7.90
  12706741,  7150, 1,17:01:58,17:02:45,    47, 41.20, 39.90,  1.30
         0,     0, 1,17:02:53,17:02:53,     0, 39.90, 41.00, -1.10
  21299280,  8145, 5,17:03:51,17:03:54,     3, 40.40, 40.40,  0.00
  21299280,  8145, 5,17:04:04,17:06:07,   123, 40.40, 27.50, 12.90
         0,     0, 5,17:06:16,17:06:29,    13, 27.50, 40.90,-13.40
  13323406,     0, 9,17:07:02,17:07:04,     2, 35.60, 35.60,  0.00
         0,     0, 9,17:07:12,17:07:19,     7, 35.60, 41.10, -5.50
  12706700,  7109, 3,17:09:49,17:10:06,    17, 46.00, 43.40,  2.60
         0,     0, 3,17:10:14,17:10:16,     2, 43.40, 46.00, -2.60
  13008905,  8146, 5,17:10:07,17:10:59,    52, 40.80, 32.30,  8.50
         0,     0, 5,17:11:07,17:11:15,     8, 32.30, 40.90, -8.60
  12448456,     0, 7,17:02:35,17:11:24,   529, 41.40, 17.30, 24.10
         0,     0, 7,17:11:32,17:11:48,    16, 17.30, 41.20,-23.90
  12706700,  7109, 5,17:12:30,17:12:54,    24, 40.90, 34.70,  6.20
         0,     0, 5,17:13:01,17:13:07,     6, 34.70, 40.60, -5.90
  13323390,  9012, 4,17:10:55,17:13:06,   131, 43.40, 37.70,  5.70
         0,     0, 4,17:13:13,17:13:19,     6, 37.70, 43.00, -5.30
  12706667,     0, 7,17:11:59,17:14:58,   179, 39.80, 31.00,  8.80
         0,     0, 7,17:15:05,17:15:12,     7, 31.00, 41.40,-10.40
  11954003,     0, 7,17:15:22,17:21:17,   355, 41.40, 40.30,  1.10
  13008742,  7163, 1,17:18:34,17:22:01,   207, 41.00, 25.20, 15.80
         0,     0, 1,17:22:09,17:22:24,    15, 25.20, 41.10,-15.90
  13008826,     0,10,17:23:18,17:23:38,    20, 41.10, 39.70,  1.40
         0,     0,10,17:23:46,17:23:47,     1, 39.70, 40.10, -0.40
  12448412,  6025, 2,17:23:47,17:23:54,     7, 43.40, 43.30,  0.10
  12448432,  6045, 1,17:23:52,17:23:58,     6, 41.10, 41.00,  0.10
  13008826,     0,10,17:24:34,17:24:36,     2, 32.30, 32.30,  0.00
         0,     0,10,17:24:44,17:24:54,    10, 32.30, 41.00, -8.70
  12448412,  6025, 1,17:24:14,17:24:58,    44, 41.00, 40.70,  0.30
  12448432,  6045, 2,17:24:05,17:25:02,    57, 43.40, 43.30,  0.10
  12200010,  5064, 4,17:23:36,17:25:03,    87, 42.80, 32.20, 10.60
         0,     0, 4,17:25:10,17:25:21,    11, 32.20, 43.30,-11.10
  13008733,  7154, 1,17:25:10,17:25:27,    17, 40.70, 40.60,  0.10
  13008733,  7154, 1,17:25:37,17:28:20,   163, 40.60, 22.80, 17.80
         0,     0, 1,17:28:28,17:28:46,    18, 22.80, 41.20,-18.40
  12448432,  6045, 1,17:29:11,17:30:11,    60, 41.20, 39.50,  1.70
         0,     0, 1,17:30:19,17:30:20,     1, 39.50, 41.20, -1.70
  12448412,  6025, 2,17:25:12,17:30:57,   345, 43.30, 24.50, 18.80
  12448483,  6096, 5,17:30:12,17:31:06,    54, 40.60, 40.30,  0.30
  12448471,     0, 7,17:21:36,17:31:10,   574, 38.10, 29.80,  8.30
         0,     0, 2,17:31:05,17:31:24,    19, 24.50, 43.70,-19.20
         0,     0, 7,17:31:18,17:31:25,     7, 29.80, 41.30,-11.50
  12448473,  6086, 1,17:30:30,17:32:18,   108, 41.20, 23.50, 17.70
  12200010,  5064, 5,17:31:41,17:32:29,    48, 40.40, 37.00,  3.40
         0,     0, 5,17:32:37,17:32:41,     4, 37.00, 40.80, -3.80
         0,     0, 1,17:32:26,17:32:43,    17, 23.50, 41.30,-17.80
  12706734,  7143, 2,17:31:34,17:32:57,    83, 43.70, 38.60,  5.10
  12448441,     0, 6,17:02:54,17:33:00,  1806, 40.60, 27.70, 12.90
         0,     0, 2,17:33:05,17:33:09,     4, 38.60, 43.80, -5.20
         0,     0, 6,17:33:07,17:33:20,    13, 27.70, 27.70,  0.00
  21268825,  6068, 3,17:33:34,17:34:59,    85, 46.50, 39.30,  7.20
         0,     0, 3,17:35:08,17:35:13,     5, 39.30, 39.10,  0.20
  12448432,  6045, 1,17:36:07,17:36:32,    25, 41.20, 39.10,  2.10
         0,     0, 1,17:36:40,17:36:41,     1, 39.10, 41.20, -2.10
  12448432,  6045, 2,17:36:51,17:38:19,    88, 43.90, 33.40, 10.50
         0,     0, 2,17:38:27,17:38:37,    10, 33.40, 43.80,-10.40
  12706701,  7110, 2,17:39:15,17:39:31,    16, 43.80, 43.80,  0.00
  12200064,  5118, 1,17:36:51,17:39:56,   185, 41.20, 24.30, 16.90
  12448483,  6096, 5,17:37:05,17:40:15,   190, 40.80, 20.30, 20.50
         0,     0, 1,17:40:04,17:40:21,    17, 24.30, 41.20,-16.90
         0,     0, 5,17:40:22,17:40:41,    19, 20.30, 40.90,-20.60
  13323461,     0,10,17:42:32,17:42:35,     3, 41.00, 41.00,  0.00
  13323390,  9012, 2,17:42:48,17:42:56,     8, 43.80, 43.70,  0.10
  12706701,  7110, 1,17:40:31,17:42:57,   146, 41.20, 30.60, 10.60
         0,     0, 1,17:43:05,17:43:15,    10, 30.60, 41.30,-10.70
  13323461,     0,10,17:42:49,17:43:17,    28, 41.00, 41.00,  0.00
  12448479,  6092, 1,17:44:25,17:44:32,     7, 41.30, 41.30,  0.00
  13323461,     0,10,17:44:52,17:45:42,    50, 38.10, 36.00,  2.10
         0,     0,10,17:45:50,17:45:55,     5, 36.00, 41.10, -5.10
  11954003,     0, 7,17:31:35,17:48:33,  1018, 41.30, 31.50,  9.80
         0,     0, 7,17:48:41,17:48:47,     6, 31.50, 41.70,-10.20
  13008839,     0,10,17:48:59,17:49:00,     1, 41.10, 41.10,  0.00
  13008839,     0,10,17:49:15,17:49:24,     9, 41.10, 41.00,  0.10
  13323390,  9012, 4,17:47:41,17:50:22,   161, 43.30, 29.70, 13.60
  12448479,  6092, 1,17:48:45,17:50:34,   109, 41.30, 31.90,  9.40
         0,     0, 4,17:50:31,17:50:44,    13, 29.70, 43.20,-13.50
         0,     0, 1,17:50:42,17:50:50,     8, 31.90, 41.20, -9.30
  12199988,     0, 7,17:49:07,17:51:26,   139, 41.70, 41.50,  0.20
  12706741,  7150, 2,17:52:13,17:52:18,     5, 43.70, 43.60,  0.10
  13008839,     0,10,17:49:41,17:52:55,   194, 40.60, 29.90, 10.70
         0,     0,10,17:53:04,17:53:16,    12, 29.90, 41.20,-11.30
  12706741,  7150, 1,17:52:22,17:54:35,   133, 41.20, 37.00,  4.20
         0,     0, 1,17:54:44,17:54:47,     3, 37.00, 41.30, -4.30
  11953978,  4008, 3,17:55:51,17:56:03,    12, 46.40, 44.00,  2.40
  11953978,  4008, 4,17:56:17,17:57:57,   100, 43.40, 20.30, 23.10
         0,     0, 4,17:58:05,17:58:28,    23, 20.30, 43.40,-23.10
  12706730,  7139, 2,17:56:47,17:59:04,   137, 43.60, 21.80, 21.80
         0,     0, 2,17:59:11,17:59:33,    22, 21.80, 43.70,-21.90
  13323352,  8154, 1,18:00:11,18:01:52,   101, 41.30, 38.10,  3.20
         0,     0, 1,18:02:00,18:02:02,     2, 38.10, 41.20, -3.10
  12448428,  6041, 5,18:03:07,18:03:58,    51, 40.80, 26.80, 14.00
         0,     0, 5,18:04:05,18:04:18,    13, 26.80, 40.90,-14.10
  12448432,  6045, 1,18:03:44,18:04:58,    74, 41.30, 33.90,  7.40
         0,     0, 1,18:05:06,18:05:12,     6, 33.90, 41.10, -7.20
  12200046,  5100, 2,18:05:02,18:06:02,    60, 43.70, 30.10, 13.60
         0,     0, 2,18:06:09,18:06:22,    13, 30.10, 43.80,-13.70
  13008733,  7154, 2,18:06:34,18:06:51,    17, 44.00, 43.80,  0.20
  13008733,  7154, 1,18:07:00,18:08:12,    72, 41.10, 29.90, 11.20
         0,     0, 1,18:08:20,18:08:30,    10, 29.90, 41.10,-11.20
  12706639,  7048, 2,18:08:21,18:09:58,    97, 43.80, 31.60, 12.20
  12706705,  7114, 5,18:06:16,18:10:07,   231, 40.80, 19.20, 21.60
         0,     0, 2,18:10:06,18:10:18,    12, 31.60, 43.70,-12.10
         0,     0, 5,18:10:14,18:10:35,    21, 19.20, 40.70,-21.50
  21268104,  6062, 2,18:14:00,18:14:06,     6, 43.60, 43.60,  0.00
  12199988,     0, 7,18:10:11,18:15:10,   299, 36.60, 35.60,  1.00
         0,     0, 7,18:15:17,18:15:20,     3, 35.60, 40.90, -5.30
  21268104,  6062, 1,18:14:09,18:15:37,    88, 41.10, 29.70, 11.40
         0,     0, 1,18:15:45,18:15:56,    11, 29.70, 41.20,-11.50
  12200060,     0, 8,18:17:55,18:18:12,    17, 21.60, 21.60,  0.00
  13008816,     0, 9,18:17:25,18:18:30,    65, 41.10, 35.20,  5.90
  13008848,     0,10,18:15:26,18:18:31,   185, 41.10, 27.20, 13.90
         0,     0, 9,18:18:37,18:18:45,     8, 35.20, 40.90, -5.70
         0,     0,10,18:18:39,18:18:54,    15, 27.20, 41.20,-14.00
  12706741,  7150, 1,18:16:59,18:18:54,   115, 41.20, 36.90,  4.30
         0,     0, 1,18:19:02,18:19:05,     3, 36.90, 41.30, -4.40
         0,     0, 8,18:18:20,18:19:09,    49, 21.60, 21.60,  0.00
  12199988,     0, 7,18:16:20,18:19:31,   191, 35.90,  1.00, 34.90
         0,     0, 7,18:19:38,18:20:02,    24,  1.00, 41.60,-40.60
  12448412,  6025, 1,18:20:59,18:24:42,   223, 41.30, 40.80,  0.50
  12706645,     0, 7,18:20:17,18:26:04,   347, 39.60, 23.90, 15.70
         0,     0, 7,18:26:11,18:26:22,    11, 23.90, 40.80,-16.90
  13323352,  8154, 2,18:25:08,18:26:21,    73, 43.50, 41.20,  2.30
         0,     0, 2,18:26:28,18:26:29,     1, 41.20, 43.70, -2.50
  12706727,  7136, 2,18:26:53,18:27:18,    25, 43.70, 43.70,  0.00
  12706729,  7138, 4,18:27:53,18:28:00,     7, 43.90, 43.70,  0.20
  12448412,  6025, 1,18:25:02,18:28:40,   218, 40.80, 26.10, 14.70
         0,     0, 1,18:28:48,18:29:02,    14, 26.10, 26.30, -0.20
  12706729,  7138, 3,18:28:41,18:29:26,    45, 44.10, 33.20, 10.90
         0,     0, 3,18:29:34,18:29:45,    11, 33.20, 45.70,-12.50
  12706727,  7136, 2,18:30:23,18:31:52,    89, 43.70, 27.20, 16.50
         0,     0, 2,18:31:59,18:32:15,    16, 27.20, 43.70,-16.50
  13008905,  8146, 4,18:30:48,18:32:55,   127, 43.60, 32.30, 11.30
         0,     0, 4,18:33:03,18:33:13,    10, 32.30, 43.30,-11.00
  12706706,  7115, 5,18:34:22,18:35:20,    58, 40.70, 24.90, 15.80
         0,     0, 5,18:35:27,18:35:43,    16, 24.90, 40.70,-15.80
  13323388,  9010, 4,18:37:01,18:39:55,   174, 43.40, 35.70,  7.70
  12200064,  5118, 2,18:35:23,18:39:58,   275, 43.70, 26.10, 17.60
         0,     0, 4,18:40:04,18:40:11,     7, 35.70, 43.40, -7.70
         0,     0, 2,18:40:06,18:40:23,    17, 26.10, 43.70,-17.60
  13323390,  9012, 1,18:40:45,18:42:16,    91, 41.20, 40.80,  0.40
  12706707,  7116, 2,18:41:48,18:42:51,    63, 43.70, 35.70,  8.00
         0,     0, 2,18:42:59,18:43:06,     7, 35.70, 43.80, -8.10
  12706707,  7116, 2,18:44:01,18:44:24,    23, 43.80, 40.50,  3.30
         0,     0, 2,18:44:32,18:44:34,     2, 40.50, 43.80, -3.30
  13323390,  9012, 2,18:44:44,18:44:50,     6, 44.00, 43.80,  0.20
  12448404,  6017, 1,18:42:29,18:44:55,   146, 40.80, 25.50, 15.30
         0,     0, 1,18:45:03,18:45:17,    14, 25.50, 25.70, -0.20
  13323352,  8154, 1,18:45:40,18:46:31,    51, 41.20, 38.30,  2.90
         0,     0, 1,18:46:38,18:46:40,     2, 38.30, 41.30, -3.00
  12706639,  7048, 2,18:46:49,18:46:54,     5, 43.80, 43.90, -0.10
  12706639,  7048, 1,18:46:59,18:47:22,    23, 41.30, 41.20,  0.10
  12448408,     0, 6,17:33:30,18:48:01,  4471, 41.50, 14.30, 27.20
         0,     0, 6,18:48:10,18:48:36,    26, 14.30, 14.40, -0.10
  12448479,  6092, 4,18:47:26,18:48:40,    74, 43.50, 36.90,  6.60
         0,     0, 4,18:48:48,18:48:54,     6, 36.90, 43.30, -6.40
  12448479,  6092, 3,18:48:54,18:49:20,    26, 45.80, 42.70,  3.10
         0,     0, 3,18:49:28,18:49:30,     2, 42.70, 46.40, -3.70
  12448416,  6029, 1,18:47:32,18:49:38,   126, 41.20, 19.80, 21.40
  12706639,  7048, 2,18:48:16,18:49:41,    85, 43.80, 38.00,  5.80
         0,     0, 2,18:49:49,18:49:54,     5, 38.00, 43.60, -5.60
         0,     0, 1,18:49:45,18:50:06,    21, 19.80, 19.90, -0.10
  12200060,     0, 7,18:26:32,18:50:39,  1447, 40.80, 38.40,  2.40
         0,     0, 7,18:50:48,18:50:49,     1, 38.40, 41.50, -3.10
  12706719,  7128, 5,18:50:29,18:52:11,   102, 40.70, 29.40, 11.30
         0,     0, 5,18:52:18,18:52:29,    11, 29.40, 40.80,-11.40
  12706738,  7147, 2,18:50:52,18:52:43,   111, 43.70, 27.90, 15.80
         0,     0, 2,18:52:50,18:53:06,    16, 27.90, 43.80,-15.90
  12448428,  6041, 3,18:53:44,18:54:26,    42, 46.30, 38.30,  8.00
  12200048,     0, 9,18:52:47,18:54:36,   109, 41.00, 37.60,  3.40
         0,     0, 3,18:54:34,18:54:40,     6, 38.30, 38.20,  0.10
         0,     0, 9,18:54:43,18:54:47,     4, 37.60, 41.10, -3.50
  12448480,  6093, 1,18:54:27,18:57:19,   172, 41.20, 20.00, 21.20
         0,     0, 1,18:57:27,18:57:47,    20, 20.00, 41.20,-21.20
  12448499,  6112, 5,18:57:25,18:58:17,    52, 40.70, 27.80, 12.90
         0,     0, 5,18:58:25,18:58:37,    12, 27.80, 40.80,-13.00
  12706646,     0, 7,18:51:09,18:58:46,   457, 41.10, 26.20, 14.90
         0,     0, 7,18:58:54,18:59:03,     9, 26.20, 41.50,-15.30
  13323352,  8154, 1,18:58:07,18:59:03,    56, 41.20, 39.30,  1.90
         0,     0, 1,18:59:10,18:59:11,     1, 39.30, 41.20, -1.90
  12706729,  7138, 3,19:00:58,19:02:09,    71, 46.30, 39.90,  6.40
  12200046,  5100, 4,19:01:44,19:02:13,    29, 43.10, 35.40,  7.70
         0,     0, 3,19:02:17,19:02:21,     4, 39.90, 46.40, -6.50
         0,     0, 4,19:02:22,19:02:29,     7, 35.40, 43.40, -8.00
  12706727,  7136, 1,19:01:37,19:02:29,    52, 41.20, 35.30,  5.90
         0,     0, 1,19:02:36,19:02:41,     5, 35.30, 41.20, -5.90
  21299280,  8145, 2,19:01:28,19:02:52,    84, 43.70, 36.00,  7.70
         0,     0, 2,19:02:59,19:03:06,     7, 36.00, 43.70, -7.70
  12706727,  7136, 1,19:03:03,19:03:48,    45, 41.20, 36.60,  4.60
         0,     0, 1,19:03:56,19:04:00,     4, 36.60, 41.20, -4.60
  21268825,  6068, 2,19:03:17,19:04:01,    44, 43.80, 43.80,  0.00
  21268825,  6068, 1,19:04:11,19:05:04,    53, 41.20, 41.10,  0.10
  21268104,  6062, 2,19:05:17,19:05:23,     6, 43.70, 43.80, -0.10
  21268104,  6062, 2,19:05:36,19:07:12,    96, 43.90, 38.00,  5.90
  13008732,  7153, 3,19:02:34,19:07:12,   278, 46.40, 28.10, 18.30
         0,     0, 2,19:07:19,19:07:24,     5, 38.00, 43.50, -5.50
  21268825,  6068, 1,19:05:14,19:07:23,   129, 41.10, 30.90, 10.20
         0,     0, 3,19:07:20,19:07:36,    16, 28.10, 28.10,  0.00
         0,     0, 1,19:07:30,19:07:39,     9, 30.90, 41.20,-10.30
  21268162,  6046, 1,19:07:59,19:09:40,   101, 41.20, 21.90, 19.30
         0,     0, 1,19:09:49,19:10:07,    18, 21.90, 41.20,-19.30
  12706636,  7045, 1,19:11:03,19:12:05,    62, 41.20, 32.10,  9.10
  11953978,  4008, 2,19:10:27,19:12:10,   103, 43.60, 39.40,  4.20
         0,     0, 1,19:12:13,19:12:21,     8, 32.10, 41.10, -9.00
         0,     0, 2,19:12:18,19:12:21,     3, 39.40, 43.30, -3.90
  11954014,  4044, 4,19:12:38,19:13:21,    43, 43.30, 30.50, 12.80
         0,     0, 4,19:13:29,19:13:41,    12, 30.50, 43.20,-12.70
  21292347,  5120, 3,19:13:08,19:14:13,    65, 46.20, 37.00,  9.20
         0,     0, 3,19:14:21,19:14:28,     7, 37.00, 36.90,  0.10
  21304388,  6125, 5,19:12:29,19:14:34,   125, 40.80, 26.30, 14.50
         0,     0, 5,19:14:41,19:14:55,    14, 26.30, 40.90,-14.60
  13323352,  8154, 1,19:14:38,19:15:30,    52, 41.10, 38.70,  2.40
         0,     0, 1,19:15:38,19:15:39,     1, 38.70, 41.20, -2.50
  12706700,  7109, 2,19:14:47,19:15:51,    64, 43.30, 32.00, 11.30
         0,     0, 2,19:15:58,19:16:10,    12, 32.00, 44.10,-12.10
  12706707,  7116, 2,19:16:23,19:16:35,    12, 44.30, 43.90,  0.40
  12706662,     0, 6,18:57:47,19:17:30,  1183, 28.70, 16.80, 11.90
  12706651,  7060, 4,19:16:07,19:17:51,   104, 43.30, 35.00,  8.30
         0,     0, 6,19:17:38,19:18:02,    24, 16.80, 40.90,-24.10
  12448404,  6017, 1,19:16:53,19:18:02,    69, 41.20, 37.10,  4.10
         0,     0, 4,19:17:59,19:18:07,     8, 35.00, 43.10, -8.10
         0,     0, 1,19:18:09,19:18:12,     3, 37.10, 41.20, -4.10
  11724181,     0, 9,19:16:10,19:18:20,   130, 41.10, 29.60, 11.50
         0,     0, 9,19:18:28,19:18:43,    15, 29.60, 41.00,-11.40
  12448404,  6017, 2,19:18:45,19:19:35,    50, 43.90, 31.10, 12.80
  13008842,  8083, 1,19:18:23,19:19:52,    89, 41.20, 28.60, 12.60
         0,     0, 2,19:19:43,19:19:55,    12, 31.10, 43.70,-12.60
         0,     0, 1,19:19:59,19:20:11,    12, 28.60, 41.20,-12.60
  13323406,     0, 9,19:20:29,19:20:33,     4, 41.10, 41.00,  0.10
  12448499,  6112, 2,19:20:08,19:20:41,    33, 43.90, 38.80,  5.10
         0,     0, 2,19:20:48,19:20:52,     4, 38.80, 43.80, -5.00
  12706707,  7116, 3,19:20:05,19:21:23,    78, 46.50, 38.50,  8.00
         0,     0, 3,19:21:32,19:21:38,     6, 38.50, 46.20, -7.70
  12706705,  7114, 1,19:21:53,19:24:14,   141, 41.20, 27.30, 13.90
         0,     0, 1,19:24:22,19:24:35,    13, 27.30, 41.10,-13.80
  12200048,     0, 9,19:25:16,19:25:18,     2, 35.10, 35.10,  0.00
         0,     0, 9,19:25:25,19:25:33,     8, 35.10, 41.00, -5.90
  12706706,  7115, 3,19:26:27,19:27:04,    37, 46.90, 35.50, 11.40
         0,     0, 3,19:27:12,19:27:21,     9, 35.50, 35.40,  0.10
  11954003,     0, 7,19:19:51,19:28:49,   538, 41.50, 41.00,  0.50
  21299280,  8145, 5,19:28:54,19:30:37,   103, 40.80, 33.00,  7.80
         0,     0, 5,19:30:46,19:30:53,     7, 33.00, 40.80, -7.80
  12448408,     0, 6,19:18:55,19:31:09,   734, 23.70, 22.50,  1.20
  12706609,  7018,10,19:30:21,19:31:08,    47, 41.00, 34.50,  6.50
  12448416,  6029, 1,19:29:29,19:31:09,   100, 41.10, 32.90,  8.20
         0,     0,10,19:31:16,19:31:23,     7, 34.50, 41.10, -6.60
         0,     0, 1,19:31:17,19:31:25,     8, 32.90, 41.20, -8.30
         0,     0, 6,19:31:16,19:31:34,    18, 22.50, 41.30,-18.80
  12448448,  6061, 1,19:31:35,19:32:06,    31, 41.30, 41.30,  0.00
  13008866,     0,10,19:32:54,19:34:26,    92, 41.10, 28.40, 12.70
  12448434,     0, 8,19:34:27,19:34:29,     2, 21.60, 21.60,  0.00
         0,     0,10,19:34:35,19:34:48,    13, 28.40, 41.20,-12.80
  12200010,  5064, 3,19:33:40,19:34:50,    70, 46.60, 34.60, 12.00
  12448429,     0, 7,19:28:59,19:34:55,   356, 41.00, 24.60, 16.40
         0,     0, 3,19:34:58,19:35:08,    10, 34.60, 46.30,-11.70
         0,     0, 7,19:35:03,19:35:13,    10, 24.60, 41.50,-16.90
         0,     0, 8,19:34:37,19:35:26,    49, 21.60, 21.60,  0.00
  12448441,     0, 6,19:31:47,19:36:21,   274, 40.30, 29.60, 10.70
         0,     0, 6,19:36:28,19:36:39,    11, 29.60, 41.40,-11.80
  12448448,  6061, 2,19:32:10,19:39:31,   441, 43.70, 24.00, 19.70
         0,     0, 2,19:39:38,19:39:58,    20, 24.00, 43.70,-19.70
  12199987,     0,10,19:37:36,19:40:34,   178, 41.20, 33.40,  7.80
         0,     0,10,19:40:41,19:40:49,     8, 33.40, 41.10, -7.70
  21292480,     0, 7,19:38:40,19:41:13,   153, 32.30, 22.00, 10.30
         0,     0, 7,19:41:21,19:41:33,    12, 22.00, 40.90,-18.90
  12706741,  7150, 1,19:40:28,19:42:22,   114, 41.30, 37.00,  4.30
         0,     0, 1,19:42:31,19:42:34,     3, 37.00, 41.20, -4.20
  12200060,     0, 8,19:42:02,19:42:33,    31, 21.60, 21.60,  0.00
  13008795,     0, 7,19:42:21,19:42:37,    16, 25.80, 25.90, -0.10
         0,     0, 7,19:42:45,19:42:54,     9, 25.90, 41.60,-15.70
  21268162,  6046, 1,19:42:44,19:43:02,    18, 41.20, 39.10,  2.10
         0,     0, 1,19:43:10,19:43:11,     1, 39.10, 41.20, -2.10
  11954014,  4044, 3,19:41:44,19:43:10,    86, 46.30, 39.90,  6.40
         0,     0, 3,19:43:17,19:43:22,     5, 39.90, 39.80,  0.10
         0,     0, 8,19:42:41,19:43:30,    49, 21.60, 21.60,  0.00
  13008827,     0,10,19:43:45,19:44:14,    29, 41.00, 40.60,  0.40
  12448473,  6086, 1,19:43:21,19:44:48,    87, 41.20, 28.90, 12.30
         0,     0, 1,19:44:56,19:45:07,    11, 28.90, 41.10,-12.20
  13008827,     0,10,19:44:32,19:45:38,    66, 40.30, 31.20,  9.10
         0,     0,10,19:45:45,19:45:55,    10, 31.20, 41.10, -9.90
  21268162,  6046, 1,19:46:46,19:47:56,    70, 41.20, 30.00, 11.20
         0,     0, 1,19:48:04,19:48:14,    10, 30.00, 41.20,-11.20
  13008742,  7163, 2,19:49:30,19:50:12,    42, 43.60, 43.30,  0.30
  21292347,  5120, 1,19:50:27,19:51:45,    78, 41.20, 32.80,  8.40
         0,     0, 1,19:51:53,19:52:00,     7, 32.80, 41.20, -8.40
  12448463,  6076, 1,19:53:11,19:55:31,   140, 41.20, 17.30, 23.90
         0,     0, 1,19:55:39,19:56:01,    22, 17.30, 41.20,-23.90
  13008742,  7163, 5,19:54:29,19:56:27,   118, 40.70, 35.30,  5.40
         0,     0, 5,19:56:35,19:56:40,     5, 35.30, 40.90, -5.60
  13008742,  7163, 5,19:56:50,19:58:01,    71, 40.90, 29.20, 11.70
         0,     0, 5,19:58:10,19:58:21,    11, 29.20, 40.80,-11.60
  12706741,  7150, 1,19:59:27,20:01:22,   115, 41.20, 37.60,  3.60
         0,     0, 1,20:01:31,20:01:34,     3, 37.60, 41.20, -3.60
  21268825,  6068, 1,20:02:09,20:02:31,    22, 41.20, 41.20,  0.00
  12706700,  7109, 3,20:02:44,20:03:37,    53, 46.60, 38.00,  8.60
         0,     0, 3,20:03:45,20:03:52,     7, 38.00, 46.30, -8.30
  21268825,  6068, 1,20:02:50,20:05:11,   141, 41.20, 34.80,  6.40
         0,     0, 1,20:05:19,20:05:24,     5, 34.80, 41.20, -6.40
  11954014,  4044, 2,20:05:18,20:05:31,    13, 43.20, 43.30, -0.10
  11954014,  4044, 1,20:06:36,20:07:01,    25, 41.20, 36.60,  4.60
         0,     0, 1,20:07:10,20:07:14,     4, 36.60, 41.20, -4.60
  13008905,  8146, 1,20:07:54,20:09:00,    66, 41.20, 34.40,  6.80
         0,     0, 1,20:09:09,20:09:15,     6, 34.40, 41.20, -6.80
  12706714,  7123, 5,20:07:56,20:10:29,   153, 40.80, 27.30, 13.50
         0,     0, 5,20:10:37,20:10:50,    13, 27.30, 40.90,-13.60
  21299280,  8145, 1,20:10:54,20:11:56,    62, 41.20, 41.10,  0.10
  21292347,  5120, 2,20:14:01,20:15:13,    72, 43.10, 37.50,  5.60
         0,     0, 2,20:15:22,20:15:27,     5, 37.50, 43.70, -6.20
  13008801,     0, 7,20:07:21,20:18:43,   682, 41.50, 24.20, 17.30
         0,     0, 7,20:18:51,20:19:01,    10, 24.20, 41.50,-17.30
  12706706,  7115, 2,20:18:43,20:19:19,    36, 43.70, 43.80, -0.10
  12448432,  6045, 1,20:18:39,20:21:28,   169, 41.10, 24.70, 16.40
         0,     0, 1,20:21:36,20:21:51,    15, 24.70, 41.20,-16.50
  12200010,  5064, 1,20:22:01,20:23:09,    68, 41.20, 30.50, 10.70
  13323390,  9012, 2,20:19:44,20:23:08,   204, 43.90, 36.80,  7.10
         0,     0, 2,20:23:17,20:23:23,     6, 36.80, 43.70, -6.90
         0,     0, 1,20:23:17,20:23:27,    10, 30.50, 41.20,-10.70
  11953978,  4008, 2,20:23:33,20:24:02,    29, 43.70, 40.00,  3.70
         0,     0, 2,20:24:10,20:24:13,     3, 40.00, 43.80, -3.80
  12706741,  7150, 3,20:24:09,20:25:31,    82, 46.60, 42.90,  3.70
         0,     0, 3,20:25:39,20:25:41,     2, 42.90, 46.10, -3.20
  12706730,  7139, 1,20:24:39,20:26:18,    99, 41.20, 24.10, 17.10
         0,     0, 1,20:26:27,20:26:43,    16, 24.10, 41.10,-17.00
  12200013,     0, 8,20:27:35,20:27:48,    13, 21.60, 21.60,  0.00
  21268162,  6046, 1,20:26:53,20:28:02,    69, 41.10, 29.50, 11.60
         0,     0, 1,20:28:11,20:28:22,    11, 29.50, 41.20,-11.70
  13008827,     0,10,20:28:22,20:28:23,     1, 41.00, 41.00,  0.00
         0,     0, 8,20:27:56,20:28:45,    49, 21.60, 21.60,  0.00
  12706655,  7064, 5,20:28:10,20:30:32,   142, 40.80, 28.30, 12.50
         0,     0, 5,20:30:41,20:30:53,    12, 28.30, 40.90,-12.60
  21299280,  8145, 3,20:31:11,20:32:05,    54, 46.30, 40.20,  6.10
         0,     0, 3,20:32:13,20:32:18,     5, 40.20, 40.00,  0.20
  13323390,  9012, 1,20:30:22,20:33:09,   167, 41.20, 32.80,  8.40
         0,     0, 1,20:33:17,20:33:25,     8, 32.80, 41.30, -8.50
  11953978,  4008, 2,20:32:48,20:33:37,    49, 43.70, 35.40,  8.30
         0,     0, 2,20:33:45,20:33:53,     8, 35.40, 43.70, -8.30
  12706642,  7051,10,20:33:09,20:34:57,   108, 41.00, 33.30,  7.70
         0,     0,10,20:35:06,20:35:14,     8, 33.30, 41.20, -7.90
  12448432,  6045, 1,20:36:17,20:37:50,    93, 41.30, 38.90,  2.40
         0,     0, 1,20:37:59,20:38:00,     1, 38.90, 41.20, -2.30
  12706714,  7123, 2,20:37:57,20:38:03,     6, 43.70, 43.80, -0.10
  13008733,  7154, 1,20:40:46,20:42:10,    84, 41.20, 28.80, 12.40
         0,     0, 1,20:42:18,20:42:29,    11, 28.80, 41.20,-12.40
  13008798,     0,10,20:45:06,20:45:21,    15, 41.20, 39.50,  1.70
         0,     0,10,20:45:30,20:45:31,     1, 39.50, 41.10, -1.60
  13008798,     0, 9,20:47:07,20:47:11,     4, 41.00, 41.00,  0.00
  12448480,  6093, 5,20:49:07,20:50:40,    93, 40.80, 30.70, 10.10
         0,     0, 5,20:50:47,20:50:56,     9, 30.70, 40.90,-10.20
  12706734,  7143, 2,20:53:14,20:54:42,    88, 43.50, 33.90,  9.60
         0,     0, 2,20:54:50,20:54:59,     9, 33.90, 43.80, -9.90
  12706741,  7150, 1,20:54:05,20:56:00,   115, 41.20, 37.80,  3.40
         0,     0, 1,20:56:07,20:56:09,     2, 37.80, 41.30, -3.50
  21268104,  6062, 2,20:55:09,20:56:32,    83, 43.70, 42.30,  1.40
  13323471,     0, 7,20:40:45,20:56:48,   963, 41.50, 39.00,  2.50
         0,     0, 7,20:56:55,20:56:56,     1, 39.00, 41.30, -2.30
  21268104,  6062, 1,20:56:54,20:58:07,    73, 41.30, 28.70, 12.60
         0,     0, 1,20:58:14,20:58:25,    11, 28.70, 41.20,-12.50
  13008798,     0,10,20:57:45,20:58:49,    64, 41.10, 28.70, 12.40
         0,     0,10,20:58:57,20:59:10,    13, 28.70, 41.10,-12.40
  13008848,     0, 9,20:58:19,20:59:37,    78, 41.00, 37.30,  3.70
         0,     0, 9,20:59:45,20:59:49,     4, 37.30, 41.00, -3.70
  12448483,  6096, 3,20:58:04,21:00:19,   135, 47.00, 22.30, 24.70
         0,     0, 3,21:00:26,21:00:47,    21, 22.30, 46.30,-24.00
  11954003,     0, 7,20:57:13,21:01:42,   269, 41.30, 39.20,  2.10
         0,     0, 7,21:01:49,21:01:50,     1, 39.20, 41.30, -2.10
  12199987,     0,10,20:59:52,21:02:02,   130, 41.10, 34.50,  6.60
         0,     0,10,21:02:11,21:02:16,     5, 34.50, 39.70, -5.20
  12199987,     0,10,21:03:07,21:03:11,     4, 35.50, 35.60, -0.10
         0,     0,10,21:03:20,21:03:25,     5, 35.60, 41.20, -5.60
  13008742,  7163, 1,21:00:46,21:03:23,   157, 41.20, 30.50, 10.70
         0,     0, 1,21:03:31,21:03:40,     9, 30.50, 41.20,-10.70
  12706741,  7150, 5,21:04:10,21:05:40,    90, 40.80, 37.40,  3.40
         0,     0, 5,21:05:49,21:05:52,     3, 37.40, 40.90, -3.50
  13008827,     0, 9,21:07:44,21:07:45,     1, 34.80, 34.80,  0.00
         0,     0, 9,21:07:53,21:08:01,     8, 34.80, 41.00, -6.20
  12706738,  7147, 4,21:07:01,21:10:17,   196, 43.10, 24.70, 18.40
  12706741,  7150, 5,21:09:37,21:10:34,    57, 40.80, 40.00,  0.80
         0,     0, 4,21:10:24,21:10:42,    18, 24.70, 43.30,-18.60
  11954003,     0, 7,21:02:28,21:15:14,   766, 41.20, 36.40,  4.80
         0,     0, 7,21:15:21,21:15:23,     2, 36.40, 41.60, -5.20
  12706636,  7045, 1,21:17:31,21:19:40,   129, 41.20, 25.70, 15.50
         0,     0, 1,21:19:48,21:20:02,    14, 25.70, 41.10,-15.40
  12200046,  5100, 1,21:20:42,21:20:46,     4, 41.10, 41.10,  0.00
  13008839,     0, 9,21:20:36,21:21:44,    68, 41.10, 39.90,  1.20
         0,     0, 9,21:21:52,21:21:53,     1, 39.90, 40.90, -1.00
  13008732,  7153, 3,21:18:03,21:21:51,   228, 46.10, 45.70,  0.40
  12706639,  7048, 3,21:22:15,21:22:20,     5, 45.70, 45.30,  0.40
  12706639,  7048, 5,21:23:24,21:23:36,    12, 40.00, 40.00,  0.00
  12706727,  7136, 2,21:22:47,21:24:32,   105, 42.00, 32.60,  9.40
         0,     0, 2,21:24:40,21:24:51,    11, 32.60, 43.70,-11.10
  13008839,     0, 9,21:22:05,21:25:18,   193, 40.30, 30.30, 10.00
  12706639,  7048, 5,21:25:02,21:25:24,    22, 40.00, 40.00,  0.00
         0,     0, 9,21:25:26,21:25:40,    14, 30.30, 41.00,-10.70
  13008732,  7153, 3,21:22:30,21:26:01,   211, 45.40, 32.40, 13.00
         0,     0, 3,21:26:09,21:26:21,    12, 32.40, 32.20,  0.20
  12706639,  7048, 5,21:25:45,21:26:54,    69, 40.00, 32.30,  7.70
         0,     0, 5,21:27:02,21:27:10,     8, 32.30, 40.80, -8.50
  12706639,  7048, 5,21:27:20,21:27:30,    10, 40.80, 40.70,  0.10
  12200046,  5100, 3,21:30:01,21:30:56,    55, 46.50, 34.40, 12.10
  12200064,  5118, 4,21:28:12,21:30:59,   167, 43.80, 42.00,  1.80
         0,     0, 3,21:31:04,21:31:13,     9, 34.40, 34.20,  0.20
  21268104,  6062, 2,21:31:34,21:31:47,    13, 43.90, 43.30,  0.60
  12200064,  5118, 4,21:31:17,21:32:21,    64, 42.10, 29.40, 12.70
         0,     0, 4,21:32:29,21:32:43,    14, 29.40, 43.40,-14.00
  13323352,  8154, 2,21:32:43,21:33:12,    29, 43.30, 42.80,  0.50
  21268104,  6062, 1,21:31:56,21:33:18,    82, 41.10, 31.00, 10.10
         0,     0, 1,21:33:26,21:33:35,     9, 31.00, 41.20,-10.20
  12706701,  7110, 2,21:33:25,21:33:37,    12, 42.80, 42.80,  0.00
  13323352,  8154, 2,21:33:47,21:34:17,    30, 42.80, 41.50,  1.30
         0,     0, 2,21:34:26,21:34:27,     1, 41.50, 43.60, -2.10
  12706729,  7138, 2,21:34:37,21:34:43,     6, 43.60, 43.60,  0.00
  12706701,  7110, 1,21:33:45,21:34:46,    61, 41.20, 39.30,  1.90
         0,     0, 1,21:34:54,21:34:55,     1, 39.30, 41.20, -1.90
  12706729,  7138, 1,21:35:05,21:35:12,     7, 41.20, 41.20,  0.00
  13323352,  8154, 5,21:36:46,21:37:42,    56, 40.70, 37.80,  2.90
         0,     0, 5,21:37:50,21:37:52,     2, 37.80, 40.90, -3.10
  12706729,  7138, 3,21:38:26,21:40:38,   132, 46.00, 30.40, 15.60
         0,     0, 3,21:40:47,21:41:00,    13, 30.40, 30.20,  0.20
  12706734,  7143, 2,21:41:04,21:42:22,    78, 43.60, 37.10,  6.50
         0,     0, 2,21:42:30,21:42:36,     6, 37.10, 43.70, -6.60
  13008858,     0, 9,21:43:34,21:43:35,     1, 40.10, 40.10,  0.00
  12448432,  6045, 1,21:43:39,21:44:38,    59, 41.20, 36.10,  5.10
         0,     0, 1,21:44:45,21:44:49,     4, 36.10, 41.20, -5.10
  12706701,  7110, 3,21:42:22,21:45:20,   178, 46.30, 33.80, 12.50
         0,     0, 3,21:45:28,21:45:39,    11, 33.80, 33.70,  0.10
  12448412,  6025, 4,21:44:37,21:45:44,    67, 43.50, 43.50,  0.00
  12448499,  6112, 1,21:45:53,21:46:05,    12, 41.20, 40.20,  1.00
  12448412,  6025, 3,21:46:00,21:46:35,    35, 46.70, 46.70,  0.00
  12448499,  6112, 2,21:46:20,21:47:20,    60, 43.80, 30.20, 13.60
         0,     0, 2,21:47:27,21:47:40,    13, 30.20, 43.90,-13.70
  13323352,  8154, 1,21:47:19,21:48:50,    91, 40.20, 36.80,  3.40
         0,     0, 1,21:48:58,21:49:01,     3, 36.80, 41.30, -4.50
  12706609,  7018,10,21:51:54,21:51:59,     5, 41.10, 40.60,  0.50
  12448412,  6025, 4,21:46:44,21:52:30,   346, 43.70, 25.10, 18.60
         0,     0, 4,21:52:38,21:52:56,    18, 25.10, 43.30,-18.20
  12706609,  7018,10,21:52:44,21:52:59,    15, 40.60, 37.10,  3.50
         0,     0,10,21:53:08,21:53:12,     4, 37.10, 41.20, -4.10
  13323388,  9010, 3,21:50:32,21:53:25,   173, 45.90, 32.10, 13.80
         0,     0, 3,21:53:33,21:53:45,    12, 32.10, 31.90,  0.20
  13008858,     0, 9,21:55:28,21:56:31,    63, 39.80, 34.70,  5.10
  13008798,     0,10,21:55:25,21:56:29,    64, 38.20, 32.60,  5.60
         0,     0, 9,21:56:38,21:56:47,     9, 34.70, 41.00, -6.30
         0,     0,10,21:56:38,21:56:47,     9, 32.60, 41.10, -8.50
  12706727,  7136, 1,21:59:37,22:00:26,    49, 41.30, 33.80,  7.50
         0,     0, 1,22:00:34,22:00:40,     6, 33.80, 41.20, -7.40
  12706734,  7143, 2,22:11:26,22:12:52,    86, 43.60, 40.70,  2.90
         0,     0, 2,22:12:59,22:13:01,     2, 40.70, 43.80, -3.10
  12706734,  7143, 2,22:13:24,22:13:44,    20, 43.70, 43.30,  0.40
  12706719,  7128, 1,22:14:34,22:16:17,   103, 41.20, 27.10, 14.10
         0,     0, 1,22:16:24,22:16:37,    13, 27.10, 41.20,-14.10
  12706655,  7064, 4,22:17:47,22:19:26,    99, 43.70, 33.10, 10.60
         0,     0, 4,22:19:34,22:19:44,    10, 33.10, 43.30,-10.20
  12200046,  5100, 1,22:27:21,22:27:53,    32, 41.20, 34.10,  7.10
         0,     0, 1,22:28:01,22:28:07,     6, 34.10, 41.10, -7.00
  13323456,     0, 7,21:20:12,22:29:31,  4159, 41.60, 31.20, 10.40
         0,     0, 7,22:29:39,22:29:45,     6, 31.20, 41.40,-10.20
  13323352,  8154, 5,22:28:55,22:29:53,    58, 40.80, 38.60,  2.20
         0,     0, 5,22:30:00,22:30:02,     2, 38.60, 41.00, -2.40
  13008842,  8083, 3,22:29:27,22:31:17,   110, 46.70, 34.40, 12.30
         0,     0, 3,22:31:25,22:31:35,    10, 34.40, 46.10,-11.70
  12706727,  7136, 3,22:32:42,22:32:55,    13, 46.10, 46.50, -0.40
  13323390,  9012, 1,22:34:53,22:37:22,   149, 41.10, 40.20,  0.90
  13323406,     0, 9,22:38:40,22:38:56,    16, 41.00, 38.70,  2.30
         0,     0, 9,22:39:04,22:39:06,     2, 38.70, 41.10, -2.40
  12706730,  7139, 1,22:37:31,22:39:05,    94, 40.20, 26.70, 13.50
         0,     0, 1,22:39:13,22:39:26,    13, 26.70, 41.30,-14.60
  12706741,  7150, 2,22:39:27,22:39:36,     9, 43.00, 43.00,  0.00
  12706741,  7150, 1,22:39:41,22:42:36,   175, 41.30, 37.40,  3.90
         0,     0, 1,22:42:43,22:42:46,     3, 37.40, 41.20, -3.80
  13008826,     0,10,22:42:17,22:42:49,    32, 41.00, 37.90,  3.10
         0,     0,10,22:42:58,22:43:01,     3, 37.90, 41.20, -3.30
  12448428,  6041, 1,22:46:08,22:47:51,   103, 41.20, 23.50, 17.70
  12448479,  6092, 2,22:47:42,22:47:53,    11, 42.90, 42.90,  0.00
         0,     0, 1,22:47:59,22:48:16,    17, 23.50, 41.30,-17.80
  12706651,  7060, 4,22:50:15,22:50:38,    23, 43.90, 42.70,  1.20
  12448479,  6092, 1,22:48:27,22:50:48,   141, 41.30, 22.40, 18.90
         0,     0, 1,22:50:55,22:51:13,    18, 22.40, 41.30,-18.90
  12706651,  7060, 4,22:51:09,22:53:22,   133, 42.70, 28.40, 14.30
  13008883,     0, 6,19:37:37,22:53:22, 11745, 29.20, 27.90,  1.30
         0,     0, 6,22:53:31,22:53:43,    12, 27.90, 28.10, -0.20
         0,     0, 4,22:53:30,22:53:45,    15, 28.40, 43.30,-14.90
  13008842,  8083, 1,23:00:27,23:02:40,   133, 41.30, 30.60, 10.70
         0,     0, 1,23:02:47,23:02:56,     9, 30.60, 41.30,-10.70
  12706700,  7109, 2,23:08:20,23:09:51,    91, 42.80, 30.90, 11.90
         0,     0, 2,23:09:59,23:10:12,    13, 30.90, 43.70,-12.80
  13008858,     0, 9,23:12:27,23:12:52,    25, 41.10, 40.70,  0.40
  13008858,     0, 9,23:13:01,23:13:26,    25, 40.70, 39.20,  1.50
         0,     0, 9,23:13:35,23:13:37,     2, 39.20, 41.10, -1.90
  12706706,  7115, 3,23:13:02,23:15:58,   176, 46.50, 23.20, 23.30
         0,     0, 3,23:16:07,23:16:27,    20, 23.20, 23.00,  0.20
  13323390,  9012, 5,23:15:54,23:16:57,    63, 40.90, 40.50,  0.40
  11953978,  4008, 1,23:16:01,23:17:55,   114, 41.30, 26.80, 14.50
         0,     0, 1,23:18:03,23:18:16,    13, 26.80, 41.30,-14.50
  13323390,  9012, 5,23:17:07,23:18:51,   104, 40.50, 33.70,  6.80
         0,     0, 5,23:18:59,23:19:05,     6, 33.70, 40.80, -7.10
  21268825,  6068, 4,23:18:33,23:19:09,    36, 43.50, 43.40,  0.10
  21268825,  6068, 4,23:21:17,23:23:53,   156, 43.50, 27.80, 15.70
         0,     0, 4,23:24:02,23:24:17,    15, 27.80, 43.30,-15.50
  13008732,  7153, 5,23:20:54,23:24:20,   206, 40.80, 33.30,  7.50
         0,     0, 5,23:24:28,23:24:35,     7, 33.30, 40.80, -7.50
  12448479,  6092, 3,23:25:31,23:26:28,    57, 46.50, 44.90,  1.60
  12448479,  6092, 4,23:27:17,23:27:42,    25, 43.70, 41.90,  1.80
         0,     0, 4,23:27:51,23:27:52,     1, 41.90, 43.10, -1.20
  12448480,  6093, 5,23:25:18,23:27:54,   156, 40.80, 38.50,  2.30
         0,     0, 5,23:28:03,23:28:05,     2, 38.50, 40.90, -2.40
  21268825,  6068, 4,23:28:34,23:28:42,     8, 43.10, 43.20, -0.10
  13008842,  8083, 1,23:37:38,23:38:17,    39, 41.20, 39.20,  2.00
         0,     0, 1,23:38:26,23:38:27,     1, 39.20, 41.30, -2.10
  12448428,  6041, 2,23:38:52,23:39:20,    28, 43.50, 42.40,  1.10
  12200013,     0, 7,22:29:57,23:41:18,  4281, 41.50, 24.50, 17.00
         0,     0, 7,23:41:26,23:41:36,    10, 24.50, 41.50,-17.00
  12448408,     0, 6,22:54:00,23:44:15,  3015, 41.40, 27.30, 14.10
         0,     0, 1,23:44:28,23:44:38,    10, 41.30, 41.30,  0.00
         0,     0, 2,23:44:28,23:44:38,    10, 42.50, 42.50,  0.00
         0,     0, 3,23:44:28,23:44:38,    10, 44.60, 44.60,  0.00
         0,     0, 4,23:44:28,23:44:38,    10, 43.20, 43.20,  0.00
         0,     0, 5,23:44:28,23:44:38,    10, 40.90, 40.90,  0.00
         0,     0, 7,23:44:28,23:44:38,    10, 41.60, 41.60,  0.00
         0,     0, 8,23:44:28,23:44:38,    10, 21.60, 21.60,  0.00
         0,     0, 9,23:44:28,23:44:38,    10, 41.10, 41.10,  0.00
         0,     0,10,23:44:28,23:44:38,    10, 41.10, 41.10,  0.00
         0,     0, 6,23:44:23,23:44:36,    13, 27.30, 27.40, -0.10
