         0,     0, 1, 0:03:31, 0:03:41,    10, 41.20, 41.20,  0.00
         0,     0, 2, 0:03:31, 0:03:41,    10, 43.60, 43.60,  0.00
         0,     0, 3, 0:03:32, 0:03:42,    10, 46.70, 46.70,  0.00
         0,     0, 4, 0:03:32, 0:03:42,    10, 43.50, 43.50,  0.00
         0,     0, 6, 0:03:32, 0:03:42,    10, 29.80, 29.80,  0.00
         0,     0, 5, 0:03:32, 0:03:42,    10, 40.90, 40.90,  0.00
         0,     0, 7, 0:03:32, 0:03:42,    10, 37.90, 37.90,  0.00
         0,     0, 8, 0:03:32, 0:03:42,    10, 41.20, 41.20,  0.00
         0,     0, 9, 0:03:32, 0:03:42,    10, 41.00, 41.00,  0.00
         0,     0,10, 0:03:32, 0:03:42,    10, 30.10, 30.10,  0.00
  12706616,  7025, 5, 0:03:48, 0:05:13,    85, 40.90, 26.10, 14.80
         0,     0, 5, 0:05:20, 0:05:34,    14, 26.10, 41.00,-14.90
  12448428,  6041, 3, 0:04:50, 0:06:02,    72, 46.60, 27.50, 19.10
         0,     0, 3, 0:06:11, 0:06:27,    16, 27.50, 27.50,  0.00
  12448428,  6041, 4, 0:07:01, 0:07:32,    31, 43.70, 38.30,  5.40
         0,     0, 4, 0:07:39, 0:07:43,     4, 38.30, 43.50, -5.20
  13323420,     0,10, 0:10:58, 0:11:16,    18, 30.10, 29.60,  0.50
         0,     0,10, 0:11:24, 0:11:36,    12, 29.60, 41.20,-11.60
  13008732,  7153, 4, 0:08:58, 0:12:25,   207, 43.40, 23.80, 19.60
  13323420,     0,10, 0:11:58, 0:12:28,    30, 41.20, 38.00,  3.20
         0,     0,10, 0:12:37, 0:12:39,     2, 38.00, 41.10, -3.10
         0,     0, 4, 0:12:33, 0:12:51,    18, 23.80, 43.30,-19.50
         0,     0,10, 0:14:11, 0:14:14,     3, 37.70, 41.10, -3.40
  13323420,     0,10, 0:14:46, 0:15:08,    22, 41.10, 35.20,  5.90
         0,     0,10, 0:15:16, 0:15:22,     6, 35.20, 41.20, -6.00
  21304388,  6125, 1, 0:13:08, 0:16:41,   213, 41.20, 19.50, 21.70
         0,     0, 1, 0:16:48, 0:17:08,    20, 19.50, 41.20,-21.70
  12448437,  6050, 9, 0:21:04, 0:23:05,   121, 41.00, 37.30,  3.70
         0,     0, 9, 0:23:14, 0:23:18,     4, 37.30, 41.10, -3.80
  11954027,  4057, 1, 0:31:20, 0:33:25,   125, 41.20, 23.40, 17.80
         0,     0, 1, 0:33:34, 0:33:50,    16, 23.40, 41.20,-17.80
  11954027,  4057, 1, 0:34:19, 0:36:14,   115, 41.30, 38.40,  2.90
         0,     0, 1, 0:36:22, 0:36:24,     2, 38.40, 41.30, -2.90
  12200046,  5100, 5, 0:35:58, 0:36:44,    46, 40.90, 29.40, 11.50
         0,     0, 5, 0:36:51, 0:37:01,    10, 29.40, 40.90,-11.50
  11499202,     0, 7, 0:09:39, 0:38:54,  1755, 37.90, 27.80, 10.10
         0,     0, 7, 0:39:02, 0:39:10,     8, 27.80, 27.80,  0.00
  11954056,     0, 9, 0:37:40, 0:40:27,   167, 41.20, 33.40,  7.80
  12706655,  7064, 4, 0:38:28, 0:40:40,   132, 43.70, 29.00, 14.70
         0,     0, 9, 0:40:34, 0:40:44,    10, 33.40, 41.10, -7.70
         0,     0, 4, 0:40:48, 0:41:01,    13, 29.00, 43.30,-14.30
  12706669,  7078, 3, 0:41:45, 0:43:04,    79, 46.60, 39.90,  6.70
         0,     0, 3, 0:43:11, 0:43:16,     5, 39.90, 39.80,  0.10
  11724159,     0, 8, 0:43:52, 0:45:06,    74, 41.00, 31.40,  9.60
         0,     0, 8, 0:45:13, 0:45:23,    10, 31.40, 31.60, -0.20
  12706651,  7060, 3, 0:47:36, 0:49:07,    91, 46.70, 40.20,  6.50
         0,     0, 3, 0:49:16, 0:49:21,     5, 40.20, 46.70, -6.50
  13008826,     0, 8, 0:52:06, 0:52:09,     3, 41.30, 41.20,  0.10
  11954014,  4044, 2, 0:56:04, 0:57:21,    77, 43.40, 32.20, 11.20
         0,     0, 2, 0:57:29, 0:57:40,    11, 32.20, 43.80,-11.60
  12200042,  5096, 5, 1:05:54, 1:08:13,   139, 40.90, 21.80, 19.10
         0,     0, 5, 1:08:20, 1:08:38,    18, 21.80, 41.10,-19.30
  13008779,     0, 9, 1:16:35, 1:17:28,    53, 41.10, 40.00,  1.10
  13008779,     0, 9, 1:17:51, 1:18:20,    29, 40.00, 38.50,  1.50
         0,     0, 9, 1:18:27, 1:18:30,     3, 38.50, 41.00, -2.50
  13008779,     0, 9, 1:19:24, 1:19:54,    30, 39.00, 38.10,  0.90
         0,     0, 9, 1:20:02, 1:20:05,     3, 38.10, 41.10, -3.00
  12199986,     0, 9, 1:24:45, 1:24:47,     2, 41.10, 41.10,  0.00
  12448471,  6084, 2, 1:22:45, 1:25:09,   144, 43.80, 28.80, 15.00
  12199986,     0,10, 1:24:57, 1:25:17,    20, 40.90, 40.80,  0.10
         0,     0, 2, 1:25:17, 1:25:32,    15, 28.80, 43.80,-15.00
  12448483,  6096, 1, 1:25:45, 1:27:56,   131, 41.30, 15.60, 25.70
         0,     0, 1, 1:28:04, 1:28:29,    25, 15.60, 41.30,-25.70
  12706705,  7114, 2, 1:29:06, 1:32:45,   219, 43.80, 27.00, 16.80
         0,     0, 2, 1:32:54, 1:33:10,    16, 27.00, 43.70,-16.70
  12448448,  6061, 3, 1:28:17, 1:33:24,   307, 46.80, 23.40, 23.40
         0,     0, 3, 1:33:31, 1:33:50,    19, 23.40, 46.80,-23.40
  12706729,  7138, 5, 1:33:34, 1:34:28,    54, 40.90, 34.60,  6.30
         0,     0, 5, 1:34:36, 1:34:41,     5, 34.60, 40.90, -6.30
  12448448,  6061, 4, 1:35:30, 1:35:52,    22, 43.70, 43.50,  0.20
  11953978,  4008, 3, 1:35:04, 1:35:56,    52, 46.60, 36.20, 10.40
         0,     0, 3, 1:36:03, 1:36:11,     8, 36.20, 36.00,  0.20
  12448454,  6067, 4, 1:39:52, 1:41:31,    99, 43.90, 31.60, 12.30
         0,     0, 4, 1:41:38, 1:41:49,    11, 31.60, 43.30,-11.70
  13008837,     0, 9, 1:41:33, 1:42:03,    30, 41.10, 41.00,  0.10
  12706622,     0, 8, 1:39:52, 1:42:47,   175, 41.10, 28.00, 13.10
         0,     0, 8, 1:42:56, 1:43:09,    13, 28.00, 41.10,-13.10
  13008837,     0, 9, 1:50:17, 1:51:38,    81, 41.00, 40.80,  0.20
  13008837,     0, 9, 1:51:59, 1:52:50,    51, 40.70, 39.30,  1.40
         0,     0, 9, 1:52:59, 1:53:01,     2, 39.30, 41.10, -1.80
  13008837,     0, 9, 1:54:13, 1:54:30,    17, 41.10, 40.60,  0.50
  13008837,     0, 9, 1:55:09, 1:55:19,    10, 40.60, 40.50,  0.10
  13008837,     0, 9, 1:55:44, 1:55:54,    10, 40.50, 40.50,  0.00
  13008826,     0, 7, 0:39:20, 2:01:52,  4952, 27.80, 41.30,-13.50
  12706729,  7138, 5, 2:04:20, 2:05:31,    71, 40.90, 33.30,  7.60
         0,     0, 5, 2:05:38, 2:05:45,     7, 33.30, 41.00, -7.70
  13008732,  7153, 5, 2:12:54, 2:15:26,   152, 40.90, 22.30, 18.60
         0,     0, 5, 2:15:34, 2:15:51,    17, 22.30, 41.00,-18.70
  21306958,  5124,10, 2:16:42, 2:17:15,    33, 39.70, 39.50,  0.20
         0,     0,10, 2:17:22, 2:17:23,     1, 39.50, 41.20, -1.70
  21306958,  5124, 9, 2:17:32, 2:18:04,    32, 40.50, 40.40,  0.10
  21306958,  5124,10, 2:18:19, 2:18:38,    19, 41.20, 41.10,  0.10
  21306958,  5124,10, 2:19:16, 2:20:59,   103, 41.10, 36.30,  4.80
         0,     0,10, 2:21:08, 2:21:12,     4, 36.30, 41.20, -4.90
  21306958,  5124, 9, 2:21:06, 2:21:16,    10, 40.40, 39.70,  0.70
         0,     0, 9, 2:21:24, 2:21:25,     1, 39.70, 40.90, -1.20
  12448432,  6045, 5, 2:18:23, 2:22:21,   238, 41.00, 28.50, 12.50
         0,     0, 5, 2:22:29, 2:22:40,    11, 28.50, 40.90,-12.40
  12706738,  7147, 5, 2:23:13, 2:26:13,   180, 40.90, 24.30, 16.60
         0,     0, 5, 2:26:22, 2:26:37,    15, 24.30, 40.90,-16.60
  13008866,     0, 8, 2:29:59, 2:30:02,     3, 41.10, 41.00,  0.10
  13008866,     0, 8, 2:36:52, 2:38:06,    74, 41.00, 40.80,  0.20
  13008866,     0, 8, 2:38:28, 2:39:02,    34, 40.70, 40.60,  0.10
  13008866,     0, 8, 2:39:27, 2:40:29,    62, 40.60, 40.30,  0.30
  13008866,     0, 8, 2:40:51, 2:41:35,    44, 40.30, 40.00,  0.30
  13008866,     0, 8, 2:41:51, 2:43:33,   102, 40.00, 39.60,  0.40
         0,     0, 8, 2:43:41, 2:43:42,     1, 39.60, 41.10, -1.50
  12706719,  7128, 5, 2:39:56, 2:44:25,   269, 40.90, 29.20, 11.70
         0,     0, 5, 2:44:33, 2:44:44,    11, 29.20, 41.00,-11.80
  12448477,  6090, 1, 2:44:08, 2:45:16,    68, 41.30, 35.50,  5.80
         0,     0, 1, 2:45:24, 2:45:29,     5, 35.50, 41.20, -5.70
  13008866,     0, 8, 2:44:01, 2:45:40,    99, 41.00, 40.40,  0.60
  13008866,     0, 8, 2:46:03, 2:46:22,    19, 40.30, 40.20,  0.10
  12448483,  6096, 3, 2:43:41, 2:46:43,   182, 47.20, 44.20,  3.00
  13008866,     0, 8, 2:47:08, 2:47:46,    38, 39.90, 39.60,  0.30
         0,     0, 8, 2:47:54, 2:47:55,     1, 39.60, 40.80, -1.20
  12706639,  7048, 5, 2:46:31, 2:48:36,   125, 40.90, 26.50, 14.40
         0,     0, 5, 2:48:45, 2:48:59,    14, 26.50, 40.90,-14.40
  13008866,     0, 8, 2:48:26, 2:49:10,    44, 40.60, 40.20,  0.40
  12448477,  6090, 2, 2:48:48, 2:49:23,    35, 43.50, 39.40,  4.10
         0,     0, 2, 2:49:30, 2:49:33,     3, 39.40, 43.70, -4.30
  12199988,     0, 6, 2:03:33, 2:50:08,  2795, 29.70, 26.00,  3.70
         0,     0, 6, 2:50:16, 2:50:30,    14, 26.00, 26.00,  0.00
  13008866,     0, 8, 2:49:31, 2:50:54,    83, 40.20, 39.60,  0.60
         0,     0, 8, 2:51:01, 2:51:02,     1, 39.60, 40.80, -1.20
  12706710,  7119, 5, 2:49:15, 2:51:55,   160, 40.70, 30.20, 10.50
         0,     0, 5, 2:52:03, 2:52:13,    10, 30.20, 30.20,  0.00
  21268104,  6062, 2, 2:52:16, 2:52:26,    10, 43.80, 43.70,  0.10
  12706637,  7046, 2, 2:52:35, 2:54:32,   117, 43.70, 34.70,  9.00
         0,     0, 2, 2:54:41, 2:54:49,     8, 34.70, 43.80, -9.10
  21268104,  6062, 1, 2:52:29, 2:54:48,   139, 41.20, 21.40, 19.80
         0,     0, 1, 2:54:57, 2:55:16,    19, 21.40, 41.20,-19.80
  12706645,     0, 6, 2:50:45, 2:58:41,   476, 41.40, 34.50,  6.90
         0,     0, 6, 2:58:49, 2:58:55,     6, 34.50, 34.60, -0.10
  11954050,  4080, 1, 3:17:39, 3:17:52,    13, 41.30, 41.20,  0.10
  21292347,  5120, 4, 3:21:06, 3:23:13,   127, 43.90, 37.10,  6.80
         0,     0, 4, 3:23:22, 3:23:28,     6, 37.10, 43.40, -6.30
  11954050,  4080, 2, 3:25:17, 3:25:44,    27, 43.70, 43.10,  0.60
  11954050,  4080, 2, 3:25:54, 3:27:08,    74, 43.10, 37.80,  5.30
         0,     0, 2, 3:27:15, 3:27:20,     5, 37.80, 43.80, -6.00
  11954050,  4080, 2, 3:27:30, 3:28:05,    35, 43.70, 38.60,  5.10
         0,     0, 2, 3:28:13, 3:28:17,     4, 38.60, 43.70, -5.10
  11954050,  4080, 1, 3:28:13, 3:29:02,    49, 41.20, 33.30,  7.90
         0,     0, 1, 3:29:09, 3:29:16,     7, 33.30, 41.30, -8.00
  12448451,  6064, 2, 3:45:41, 3:46:22,    41, 43.70, 43.60,  0.10
  12448451,  6064, 2, 3:46:41, 3:49:21,   160, 43.60, 26.20, 17.40
         0,     0, 2, 3:49:29, 3:49:46,    17, 26.20, 43.80,-17.60
  12706701,  7110, 4, 3:54:13, 3:54:55,    42, 43.80, 43.40,  0.40
  21292347,  5120, 4, 3:55:35, 3:55:40,     5, 43.50, 43.40,  0.10
  12706701,  7110, 4, 3:56:13, 3:56:29,    16, 43.40, 42.70,  0.70
  13008815,     0, 9, 3:56:37, 3:57:32,    55, 40.90, 39.30,  1.60
         0,     0, 9, 3:57:41, 3:57:42,     1, 39.30, 41.10, -1.80
  13008815,     0,10, 3:58:16, 3:58:16,     0, 37.90, 37.10,  0.80
         0,     0,10, 3:58:24, 3:58:27,     3, 37.10, 41.20, -4.10
  13008815,     0,10, 3:59:09, 3:59:11,     2, 37.20, 37.20,  0.00
         0,     0,10, 3:59:18, 3:59:21,     3, 37.20, 41.20, -4.00
  12448412,  6025, 4, 3:57:56, 4:00:55,   179, 42.80, 18.70, 24.10
         0,     0, 4, 4:01:03, 4:01:26,    23, 18.70, 43.30,-24.60
  12448428,  6041, 1, 4:01:08, 4:02:27,    79, 41.30, 31.10, 10.20
         0,     0, 1, 4:02:35, 4:02:44,     9, 31.10, 41.30,-10.20
  12200064,  5118, 5, 4:05:03, 4:10:29,   326, 40.80, 25.30, 15.50
         0,     0, 5, 4:10:37, 4:10:51,    14, 25.30, 40.90,-15.60
  12706700,  7109, 3, 4:09:24, 4:10:55,    91, 44.30, 31.60, 12.70
         0,     0, 3, 4:11:03, 4:11:15,    12, 31.60, 31.40,  0.20
  13008836,     0,10, 4:13:42, 4:15:44,   122, 41.20, 37.30,  3.90
         0,     0,10, 4:15:51, 4:15:55,     4, 37.30, 40.50, -3.20
  13008836,     0,10, 4:16:35, 4:16:37,     2, 34.80, 34.80,  0.00
         0,     0,10, 4:16:44, 4:16:50,     6, 34.80, 41.10, -6.30
  12706701,  7110, 2, 4:13:17, 4:16:55,   218, 43.70, 28.60, 15.10
         0,     0, 2, 4:17:02, 4:17:17,    15, 28.60, 43.80,-15.20
  21268825,  6068, 5, 4:19:19, 4:21:15,   116, 40.90, 33.70,  7.20
         0,     0, 5, 4:21:22, 4:21:28,     6, 33.70, 41.00, -7.30
  12706609,  7018, 8, 4:22:24, 4:22:30,     6, 40.90, 40.90,  0.00
  12448442,  6055, 7, 3:29:01, 4:24:12,  3311, 38.70, 36.20,  2.50
         0,     0, 7, 4:24:20, 4:24:23,     3, 36.20, 41.60, -5.40
  12706669,  7078, 4, 4:29:40, 4:30:54,    74, 43.80, 31.40, 12.40
         0,     0, 4, 4:31:02, 4:31:13,    11, 31.40, 43.40,-12.00
  12448437,  6050,10, 4:33:46, 4:33:52,     6, 41.10, 41.00,  0.10
  12448432,  6045, 1, 4:32:34, 4:34:29,   115, 41.30, 35.00,  6.30
         0,     0, 1, 4:34:37, 4:34:42,     5, 35.00, 41.20, -6.20
  12448432,  6045, 1, 4:34:53, 4:35:26,    33, 41.20, 35.50,  5.70
         0,     0, 1, 4:35:34, 4:35:39,     5, 35.50, 41.30, -5.80
  12706636,  7045, 2, 4:45:18, 4:47:26,   128, 43.70, 34.50,  9.20
         0,     0, 2, 4:47:34, 4:47:43,     9, 34.50, 43.80, -9.30
  13008842,  8083, 5, 5:28:17, 5:28:39,    22, 40.90, 40.80,  0.10
  12448416,  6029, 4, 6:20:36, 6:22:42,   126, 43.90, 30.30, 13.60
         0,     0, 4, 6:22:50, 6:23:02,    12, 30.30, 43.50,-13.20
  12448473,  6086, 2, 6:24:55, 6:26:32,    97, 43.50, 32.50, 11.00
         0,     0, 2, 6:26:40, 6:26:51,    11, 32.50, 43.90,-11.40
  12200046,  5100, 2, 6:28:43, 6:29:44,    61, 43.90, 39.60,  4.30
         0,     0, 2, 6:29:53, 6:29:56,     3, 39.60, 43.80, -4.20
  12199981,  5035, 5, 6:27:49, 6:29:59,   130, 40.80, 23.40, 17.40
         0,     0, 5, 6:30:06, 6:30:22,    16, 23.40, 41.00,-17.60
  12706727,  7136, 1, 6:30:52, 6:32:12,    80, 41.30, 25.10, 16.20
         0,     0, 1, 6:32:19, 6:32:34,    15, 25.10, 41.20,-16.10
  11953978,  4008, 4, 6:34:58, 6:36:38,   100, 44.10, 30.50, 13.60
         0,     0, 4, 6:36:47, 6:36:59,    12, 30.50, 43.10,-12.60
  12706707,  7116, 2, 6:41:27, 6:42:02,    35, 43.80, 40.70,  3.10
         0,     0, 2, 6:42:09, 6:42:11,     2, 40.70, 43.80, -3.10
  12706729,  7138, 5, 6:43:51, 6:44:40,    49, 41.00, 40.80,  0.20
  11954027,  4057, 1, 6:44:10, 6:45:19,    69, 41.20, 32.80,  8.40
         0,     0, 1, 6:45:27, 6:45:34,     7, 32.80, 41.20, -8.40
  12706710,  7119, 4, 6:45:52, 6:48:01,   129, 43.40, 29.20, 14.20
         0,     0, 4, 6:48:10, 6:48:23,    13, 29.20, 43.40,-14.20
  11953996,  4026, 1, 6:45:44, 6:48:51,   187, 41.20, 19.60, 21.60
         0,     0, 1, 6:48:59, 6:49:20,    21, 19.60, 41.30,-21.70
  12706729,  7138, 5, 6:47:21, 6:49:48,   147, 40.90, 30.90, 10.00
         0,     0, 5, 6:49:55, 6:50:04,     9, 30.90, 31.00, -0.10
  12706707,  7116, 2, 6:56:23, 6:57:24,    61, 43.70, 33.70, 10.00
         0,     0, 2, 6:57:31, 6:57:40,     9, 33.70, 43.80,-10.10
  12448471,  6084, 1, 6:56:26, 6:58:08,   102, 41.30, 26.50, 14.80
         0,     0, 1, 6:58:15, 6:58:29,    14, 26.50, 41.20,-14.70
  12706616,  7025, 4, 6:58:51, 7:00:19,    88, 44.20, 28.40, 15.80
         0,     0, 4, 7:00:27, 7:00:41,    14, 28.40, 43.40,-15.00
  12706651,  7060, 4, 7:03:09, 7:04:53,   104, 43.80, 31.30, 12.50
         0,     0, 4, 7:05:01, 7:05:12,    11, 31.30, 43.30,-12.00
  12448454,  6067, 1, 7:07:53, 7:10:00,   127, 41.20, 31.30,  9.90
         0,     0, 1, 7:10:07, 7:10:16,     9, 31.30, 41.20, -9.90
  12448454,  6067, 2, 7:10:24, 7:12:01,    97, 43.80, 38.00,  5.80
         0,     0, 2, 7:12:10, 7:12:15,     5, 38.00, 43.70, -5.70
  12448479,  6092, 5, 7:11:26, 7:13:42,   136, 40.90, 28.40, 12.50
  11954014,  4044, 4, 7:12:55, 7:13:50,    55, 43.40, 23.00, 20.40
         0,     0, 5, 7:13:49, 7:14:01,    12, 28.40, 40.90,-12.50
         0,     0, 4, 7:13:58, 7:14:17,    19, 23.00, 43.50,-20.50
  13008742,  7163, 1, 7:14:05, 7:14:13,     8, 41.20, 41.10,  0.10
  13008742,  7163, 2, 7:14:19, 7:19:02,   283, 43.70, 25.80, 17.90
         0,     0, 2, 7:19:09, 7:19:27,    18, 25.80, 43.70,-17.90
  12706710,  7119, 4, 7:37:55, 7:40:52,   177, 44.00, 32.00, 12.00
         0,     0, 4, 7:41:00, 7:41:10,    10, 32.00, 43.30,-11.30
  12706707,  7116, 1, 7:44:38, 7:45:33,    55, 41.10, 31.80,  9.30
         0,     0, 1, 7:45:41, 7:45:49,     8, 31.80, 41.30, -9.50
  12448479,  6092, 3, 7:51:29, 7:53:17,   108, 47.20, 36.90, 10.30
         0,     0, 3, 7:53:24, 7:53:31,     7, 36.90, 36.90,  0.00
  12448479,  6092, 4, 7:53:39, 7:54:07,    28, 43.80, 36.60,  7.20
         0,     0, 4, 7:54:15, 7:54:21,     6, 36.60, 43.40, -6.80
  12706609,  7018, 7, 4:24:33, 7:56:37, 12724, 41.60, 39.60,  2.00
         0,     0, 7, 7:56:46, 7:56:47,     1, 39.60, 41.30, -1.70
  11954014,  4044, 3, 7:57:20, 7:58:11,    51, 46.60, 35.40, 11.20
         0,     0, 3, 7:58:19, 7:58:28,     9, 35.40, 35.40,  0.00
  12706639,  7048, 4, 7:59:48, 8:03:31,   223, 43.70, 20.20, 23.50
         0,     0, 4, 8:03:39, 8:04:01,    22, 20.20, 43.30,-23.10
  12706655,  7064, 1, 8:03:16, 8:05:22,   126, 41.30, 24.40, 16.90
         0,     0, 1, 8:05:31, 8:05:47,    16, 24.40, 41.30,-16.90
  13008835,     0, 8, 8:22:31, 8:22:36,     5, 40.80, 40.80,  0.00
  21304388,  6125, 1, 8:22:45, 8:25:22,   157, 41.30, 16.20, 25.10
         0,     0, 1, 8:25:30, 8:25:54,    24, 16.20, 41.20,-25.00
  12706645,     0, 7, 8:01:00, 8:26:45,  1545, 41.30, 41.30,  0.00
  11953978,  4008, 3, 8:26:13, 8:27:26,    73, 46.60, 35.10, 11.50
         0,     0, 3, 8:27:34, 8:27:43,     9, 35.10, 35.30, -0.20
  12448454,  6067, 2, 8:28:22, 8:28:35,    13, 43.50, 42.90,  0.60
  12448454,  6067, 2, 8:28:52, 8:29:00,     8, 42.90, 42.30,  0.60
  12448454,  6067, 2, 8:29:10, 8:30:14,    64, 42.30, 35.30,  7.00
         0,     0, 2, 8:30:22, 8:30:30,     8, 35.30, 43.70, -8.40
  12706719,  7128, 4, 8:31:59, 8:35:47,   228, 43.90, 27.40, 16.50
         0,     0, 4, 8:35:54, 8:36:09,    15, 27.40, 43.40,-16.00
  13008827,     0, 8, 8:45:36, 8:45:37,     1, 40.70, 40.80, -0.10
  12706738,  7147, 2, 8:43:37, 8:46:41,   184, 43.70, 23.90, 19.80
  11954050,  4080, 1, 8:45:50, 8:46:46,    56, 41.20, 39.50,  1.70
         0,     0, 1, 8:46:53, 8:46:54,     1, 39.50, 41.20, -1.70
         0,     0, 2, 8:46:49, 8:47:09,    20, 23.90, 43.80,-19.90
  12706700,  7109, 2, 8:47:56, 8:49:05,    69, 43.80, 32.20, 11.60
         0,     0, 2, 8:49:14, 8:49:25,    11, 32.20, 43.80,-11.60
  21268104,  6062, 2, 8:49:35, 8:49:49,    14, 43.80, 43.70,  0.10
  21268104,  6062, 2, 8:50:06, 8:51:50,   104, 43.70, 34.20,  9.50
         0,     0, 2, 8:51:58, 8:52:07,     9, 34.20, 43.70, -9.50
  12448474,  6087, 4, 8:54:31, 8:54:52,    21, 43.80, 43.70,  0.10
  12448474,  6087, 3, 8:55:43, 8:58:08,   145, 46.20, 31.20, 15.00
         0,     0, 3, 8:58:15, 8:58:28,    13, 31.20, 31.10,  0.10
  12448477,  6090, 2, 8:58:02, 8:59:07,    65, 43.70, 36.10,  7.60
         0,     0, 2, 8:59:16, 8:59:23,     7, 36.10, 43.70, -7.60
  21268825,  6068, 1, 8:59:26, 8:59:29,     3, 41.20, 41.20,  0.00
  12448432,  6045, 5, 8:56:04, 8:59:41,   217, 40.90, 29.60, 11.30
         0,     0, 5, 8:59:49, 8:59:59,    10, 29.60, 41.00,-11.40
  21268825,  6068, 2, 8:59:34, 9:00:30,    56, 43.70, 43.60,  0.10
  21268825,  6068, 2, 9:00:40, 9:03:52,   192, 43.60, 25.00, 18.60
  12706659,  7068, 1, 9:01:16, 9:04:09,   173, 41.20, 28.40, 12.80
         0,     0, 2, 9:04:00, 9:04:19,    19, 25.00, 43.70,-18.70
         0,     0, 1, 9:04:18, 9:04:30,    12, 28.40, 41.30,-12.90
  12706659,  7068, 2, 9:04:30, 9:05:59,    89, 43.70, 30.80, 12.90
         0,     0, 2, 9:06:07, 9:06:19,    12, 30.80, 43.80,-13.00
  12706637,  7046, 5, 9:05:47, 9:06:33,    46, 41.00, 40.50,  0.50
  12706637,  7046, 5, 9:06:43, 9:08:26,   103, 40.50, 22.90, 17.60
         0,     0, 5, 9:08:34, 9:08:55,    21, 22.90, 40.70,-17.80
  12706669,  7078, 1, 9:09:41, 9:11:03,    82, 41.30, 27.50, 13.80
         0,     0, 1, 9:11:10, 9:11:25,    15, 27.50, 41.20,-13.70
  12448412,  6025, 2, 9:11:18, 9:15:29,   251, 43.80, 18.50, 25.30
         0,     0, 2, 9:15:36, 9:16:02,    26, 18.50, 43.80,-25.30
  13008815,     0, 9, 9:17:36, 9:17:59,    23, 41.10, 39.50,  1.60
         0,     0, 9, 9:18:08, 9:18:09,     1, 39.50, 41.10, -1.60
  13008815,     0, 9, 9:19:03, 9:19:06,     3, 34.40, 34.50, -0.10
         0,     0, 9, 9:19:15, 9:19:23,     8, 34.50, 41.10, -6.60
  12448483,  6096, 2, 9:17:22, 9:20:16,   174, 43.80, 19.90, 23.90
         0,     0, 2, 9:20:24, 9:20:49,    25, 19.90, 43.80,-23.90
  12199977,     0, 9, 9:24:26, 9:24:31,     5, 41.10, 41.10,  0.00
  12199977,     0, 9, 9:24:49, 9:24:51,     2, 41.10, 41.10,  0.00
  12200042,  5096, 4, 9:23:01, 9:25:07,   126, 44.20, 25.60, 18.60
         0,     0, 4, 9:25:15, 9:25:31,    16, 25.60, 43.50,-17.90
  12200010,  5064, 1, 9:27:10, 9:29:02,   112, 41.20, 22.60, 18.60
         0,     0, 1, 9:29:11, 9:29:29,    18, 22.60, 41.20,-18.60
  13008797,     0,10, 9:31:57, 9:32:01,     4, 40.50, 40.50,  0.00
  12706727,  7136, 4, 9:33:17, 9:35:32,   135, 43.70, 29.40, 14.30
         0,     0, 4, 9:35:40, 9:35:53,    13, 29.40, 43.30,-13.90
  13008827,     0, 7, 8:29:23, 9:38:15,  4132, 41.20, 41.30, -0.10
  12706729,  7138, 2, 9:38:35, 9:38:52,    17, 43.90, 43.80,  0.10
  13008737,     0,10, 9:39:16, 9:40:41,    85, 40.50, 28.20, 12.30
         0,     0,10, 9:40:50, 9:41:03,    13, 28.20, 41.20,-13.00
  12706729,  7138, 1, 9:38:57, 9:41:29,   152, 41.20, 22.60, 18.60
         0,     0, 1, 9:41:38, 9:41:56,    18, 22.60, 41.30,-18.70
  13008762,     0,10, 9:42:46, 9:43:13,    27, 41.20, 41.20,  0.00
  13008762,     0, 9, 9:44:09, 9:45:12,    63, 41.00, 40.80,  0.20
  12448432,  6045, 2, 9:44:38, 9:46:16,    98, 43.80, 35.60,  8.20
         0,     0, 2, 9:46:24, 9:46:31,     7, 35.60, 43.80, -8.20
  13008762,     0, 9, 9:46:56, 9:46:57,     1, 33.20, 33.20,  0.00
         0,     0, 9, 9:47:06, 9:47:16,    10, 33.20, 41.00, -7.80
  12706706,  7115, 3, 9:48:47, 9:50:09,    82, 46.70, 34.50, 12.20
         0,     0, 3, 9:50:17, 9:50:26,     9, 34.50, 34.50,  0.00
  13008848,     0, 8, 9:51:41, 9:51:55,    14, 40.60, 40.60,  0.00
  12200048,     0, 7, 9:38:55, 9:52:00,   785, 41.20, 38.70,  2.50
         0,     0, 7, 9:52:08, 9:52:09,     1, 38.70, 41.60, -2.90
  13008797,     0, 9, 9:48:56, 9:52:07,   191, 41.10, 32.60,  8.50
         0,     0, 9, 9:52:15, 9:52:26,    11, 32.60, 41.10, -8.50
  13008797,     0, 9, 9:53:19, 9:53:34,    15, 41.10, 40.90,  0.20
  12706701,  7110, 4, 9:51:09, 9:54:43,   214, 44.10, 29.20, 14.90
         0,     0, 4, 9:54:51, 9:55:04,    13, 29.20, 43.40,-14.20
  13008797,     0,10, 9:54:03, 9:55:11,    68, 31.60, 29.30,  2.30
         0,     0,10, 9:55:20, 9:55:32,    12, 29.30, 41.20,-11.90
  13008848,     0, 8, 9:54:26, 9:55:39,    73, 40.50, 30.30, 10.20
         0,     0, 8, 9:55:46, 9:55:57,    11, 30.30, 41.10,-10.80
  13008848,     0, 8, 9:57:19, 9:57:22,     3, 28.70, 28.70,  0.00
         0,     0, 8, 9:57:29, 9:57:41,    12, 28.70, 41.10,-12.40
  12199981,  5035, 3, 9:59:49,10:00:47,    58, 46.50, 27.50, 19.00
         0,     0, 3,10:00:55,10:01:11,    16, 27.50, 46.20,-18.70
  12706634,     0, 9,10:00:36,10:01:15,    39, 40.90, 37.90,  3.00
         0,     0, 9,10:01:22,10:01:26,     4, 37.90, 41.00, -3.10
  13008866,     0, 8,10:01:29,10:01:41,    12, 40.80, 40.60,  0.20
  12706634,     0, 9,10:01:49,10:02:44,    55, 41.10, 32.60,  8.50
         0,     0, 9,10:02:52,10:03:03,    11, 32.60, 41.20, -8.60
  13008866,     0, 8,10:02:31,10:03:22,    51, 40.40, 40.00,  0.40
  13008848,     0, 7, 9:53:01,10:05:36,   755, 41.40, 41.30,  0.10
  13008768,     0, 9,10:06:01,10:06:09,     8, 41.20, 41.10,  0.10
  13008798,     0, 7,10:06:14,10:07:11,    57, 41.20, 41.20,  0.00
  13008768,     0,10,10:06:28,10:07:11,    43, 41.20, 38.40,  2.80
         0,     0,10,10:07:20,10:07:22,     2, 38.40, 41.20, -2.80
  12200010,  5064, 5,10:07:20,10:09:14,   114, 40.80, 23.20, 17.60
  13008768,     0,10,10:08:18,10:09:19,    61, 39.00, 30.60,  8.40
         0,     0, 5,10:09:21,10:09:38,    17, 23.20, 23.30, -0.10
         0,     0,10,10:09:27,10:09:38,    11, 30.60, 41.20,-10.60
  11499202,     0, 7,10:07:23,10:11:45,   262, 41.30, 29.60, 11.70
         0,     0, 7,10:11:53,10:12:00,     7, 29.60, 29.80, -0.20
  13008833,     0,10,10:13:53,10:14:12,    19, 41.20, 41.00,  0.20
  13008833,     0,10,10:14:28,10:16:41,   133, 41.00, 36.70,  4.30
         0,     0,10,10:16:48,10:16:52,     4, 36.70, 41.20, -4.50
  12706651,  7060, 4,10:15:44,10:17:45,   121, 43.70, 29.20, 14.50
  13008798,     0, 8,10:17:49,10:17:58,     9, 39.00, 37.80,  1.20
         0,     0, 4,10:17:52,10:18:06,    14, 29.20, 43.20,-14.00
         0,     0, 8,10:18:05,10:18:08,     3, 37.80, 41.20, -3.40
  12706636,  7045, 2,10:14:50,10:18:07,   197, 43.70, 22.20, 21.50
  13008833,     0, 9,10:16:57,10:18:06,    69, 36.20, 30.00,  6.20
  12706705,  7114, 1,10:13:21,10:18:13,   292, 41.30, 21.70, 19.60
  13008798,     0, 8,10:18:20,10:18:23,     3, 40.10, 40.10,  0.00
         0,     0, 9,10:18:15,10:18:30,    15, 30.00, 41.00,-11.00
         0,     0, 2,10:18:14,10:18:37,    23, 22.20, 43.80,-21.60
         0,     0, 1,10:18:21,10:18:41,    20, 21.70, 41.30,-19.60
  13008797,     0,10,10:17:19,10:19:47,   148, 40.90, 34.80,  6.10
         0,     0,10,10:19:55,10:20:01,     6, 34.80, 41.20, -6.40
  13008798,     0, 8,10:18:44,10:20:22,    98, 37.90, 22.60, 15.30
         0,     0, 8,10:20:31,10:20:50,    19, 22.60, 41.10,-18.50
  13008827,     0, 8,10:21:02,10:21:26,    24, 41.10, 40.60,  0.50
  21268825,  6068, 1,10:19:50,10:22:23,   153, 41.30, 30.30, 11.00
         0,     0, 1,10:22:30,10:22:40,    10, 30.30, 41.20,-10.90
         0,     0, 8,10:22:59,10:23:05,     6, 35.00, 41.10, -6.10
  12448483,  6096, 3,10:20:50,10:23:45,   175, 46.80, 22.70, 24.10
         0,     0, 3,10:23:52,10:24:12,    20, 22.70, 22.50,  0.20
  11724181,     0, 7,10:17:11,10:25:27,   496, 41.40, 41.40,  0.00
  13008732,  7153, 5,10:25:40,10:28:55,   195, 40.80, 21.90, 18.90
         0,     0, 5,10:29:03,10:29:22,    19, 21.90, 40.80,-18.90
  12706645,     0, 8,10:30:52,10:30:59,     7, 36.20, 36.10,  0.10
  13323420,     0,10,10:30:50,10:31:06,    16, 41.20, 40.20,  1.00
         0,     0, 8,10:31:07,10:31:12,     5, 36.10, 41.10, -5.00
  12706645,     0, 8,10:31:22,10:31:46,    24, 41.10, 39.80,  1.30
         0,     0, 8,10:31:54,10:31:54,     0, 39.80, 40.80, -1.00
  13323420,     0,10,10:31:55,10:32:10,    15, 40.20, 39.00,  1.20
         0,     0,10,10:32:19,10:32:20,     1, 39.00, 41.20, -2.20
  12706645,     0, 8,10:32:18,10:32:36,    18, 37.10, 33.60,  3.50
         0,     0, 8,10:32:45,10:32:53,     8, 33.60, 41.20, -7.60
  13323420,     0,10,10:32:57,10:33:15,    18, 41.20, 39.90,  1.30
         0,     0,10,10:33:24,10:33:24,     0, 39.90, 40.90, -1.00
  13323420,     0,10,10:34:20,10:34:21,     1, 38.90, 38.90,  0.00
         0,     0,10,10:34:28,10:34:29,     1, 38.90, 41.20, -2.30
  12706646,     0, 7,10:25:40,10:34:42,   542, 41.20, 41.10,  0.10
  12448437,  6050, 9,10:32:21,10:34:46,   145, 41.00, 37.40,  3.60
         0,     0, 9,10:34:53,10:34:57,     4, 37.40, 41.10, -3.70
  11954027,  4057, 1,10:33:54,10:35:38,   104, 41.20, 27.20, 14.00
         0,     0, 1,10:35:45,10:35:58,    13, 27.20, 41.10,-13.90
  12448437,  6050, 9,10:35:07,10:35:57,    50, 41.10, 39.90,  1.20
         0,     0, 9,10:36:06,10:36:07,     1, 39.90, 40.90, -1.00
  13323420,     0,10,10:36:15,10:36:30,    15, 38.60, 36.00,  2.60
         0,     0,10,10:36:37,10:36:42,     5, 36.00, 41.20, -5.20
  13008858,     0, 7,10:34:52,10:37:11,   139, 41.10, 33.90,  7.20
  13008762,     0, 9,10:37:06,10:37:21,    15, 40.90, 40.90,  0.00
         0,     0, 7,10:37:19,10:37:24,     5, 33.90, 41.50, -7.60
  12200046,  5100, 3,10:36:35,10:37:42,    67, 46.70, 34.90, 11.80
  12448473,  6086, 1,10:36:22,10:37:55,    93, 41.10, 29.00, 12.10
         0,     0, 3,10:37:50,10:37:59,     9, 34.90, 35.10, -0.20
         0,     0, 1,10:38:02,10:38:13,    11, 29.00, 41.30,-12.30
  13008762,     0, 9,10:37:33,10:39:28,   115, 40.80, 35.90,  4.90
         0,     0, 9,10:39:37,10:39:43,     6, 35.90, 41.10, -5.20
  12706706,  7115, 2,10:39:02,10:40:12,    70, 43.90, 28.60, 15.30
         0,     0, 2,10:40:21,10:40:36,    15, 28.60, 43.80,-15.20
  12448428,  6041, 1,10:40:57,10:42:28,    91, 41.30, 26.70, 14.60
         0,     0, 1,10:42:35,10:42:49,    14, 26.70, 41.20,-14.50
  11954027,  4057, 1,10:43:52,10:45:33,   101, 41.30, 31.50,  9.80
         0,     0, 1,10:45:40,10:45:49,     9, 31.50, 41.20, -9.70
  12199987,     0, 8,10:52:35,10:52:50,    15, 41.20, 41.10,  0.10
  12200048,     0, 8,10:53:05,10:55:55,   170, 41.10, 27.20, 13.90
         0,     0, 8,10:56:03,10:56:18,    15, 27.20, 41.10,-13.90
  12706624,  7033, 9,11:04:51,11:04:55,     4, 41.10, 41.10,  0.00
  13008842,  8083, 3,11:01:53,11:05:33,   220, 46.70, 20.60, 26.10
         0,     0, 3,11:05:41,11:06:04,    23, 20.60, 20.50,  0.10
  12706729,  7138, 4,11:07:19,11:08:30,    71, 43.80, 35.90,  7.90
         0,     0, 4,11:08:39,11:08:46,     7, 35.90, 43.20, -7.30
  12448416,  6029, 5,11:06:26,11:08:46,   140, 40.80, 21.50, 19.30
  13008866,     0, 8,11:08:36,11:08:47,    11, 41.00, 41.00,  0.00
  12706624,  7033,10,11:06:17,11:08:49,   152, 41.10, 37.50,  3.60
         0,     0,10,11:08:56,11:08:59,     3, 37.50, 41.10, -3.60
         0,     0, 5,11:08:53,11:09:11,    18, 21.50, 21.60, -0.10
  12200064,  5118, 2,11:03:22,11:10:46,   444, 43.70, 24.20, 19.50
         0,     0, 2,11:10:54,11:11:14,    20, 24.20, 43.70,-19.50
  11954056,     0, 9,11:13:04,11:13:06,     2, 41.10, 41.10,  0.00
  12706651,  7060, 2,11:13:40,11:15:29,   109, 43.80, 37.20,  6.60
  12706700,  7109, 1,11:15:27,11:15:32,     5, 41.20, 41.20,  0.00
  11954056,     0,10,11:15:17,11:15:35,    18, 41.10, 41.00,  0.10
         0,     0, 2,11:15:36,11:15:42,     6, 37.20, 43.80, -6.60
  11954056,     0, 9,11:16:11,11:18:38,   147, 41.10, 39.10,  2.00
  12448451,  6064, 2,11:17:41,11:18:39,    58, 43.80, 43.70,  0.10
         0,     0, 9,11:18:46,11:18:48,     2, 39.10, 40.80, -1.70
  11954056,     0, 9,11:20:00,11:20:03,     3, 32.70, 32.80, -0.10
  12448448,  6061, 4,11:19:54,11:20:05,    11, 43.40, 43.40,  0.00
         0,     0, 9,11:20:11,11:20:21,    10, 32.80, 41.10, -8.30
  13008837,     0, 9,11:20:55,11:20:57,     2, 41.10, 41.10,  0.00
  12448451,  6064, 1,11:18:43,11:24:31,   348, 41.20, 20.10, 21.10
  11499202,     0, 8,11:24:08,11:24:39,    31, 39.70, 38.30,  1.40
         0,     0, 8,11:24:47,11:24:49,     2, 38.30, 41.10, -2.80
         0,     0, 1,11:24:38,11:24:58,    20, 20.10, 41.20,-21.10
  12199981,  5035, 5,11:24:34,11:25:16,    42, 40.80, 26.00, 14.80
         0,     0, 5,11:25:23,11:25:37,    14, 26.00, 40.90,-14.90
  13008835,     0, 8,11:26:24,11:26:32,     8, 41.10, 41.00,  0.10
  12448471,  6084, 5,11:25:47,11:27:04,    77, 40.90, 27.80, 13.10
         0,     0, 5,11:27:13,11:27:25,    12, 27.80, 41.00,-13.20
  12448448,  6061, 4,11:20:30,11:27:34,   424, 43.40, 16.50, 26.90
         0,     0, 4,11:27:42,11:28:07,    25, 16.50, 43.30,-26.80
  13008837,     0,10,11:28:02,11:28:08,     6, 41.00, 41.00,  0.00
  13008837,     0, 9,11:28:12,11:28:19,     7, 41.10, 41.00,  0.10
  13008732,  7153, 2,11:25:45,11:28:36,   171, 43.70, 28.70, 15.00
         0,     0, 2,11:28:43,11:28:58,    15, 28.70, 43.80,-15.10
  12448473,  6086, 1,11:28:13,11:29:32,    79, 41.20, 28.80, 12.40
  13008835,     0, 8,11:29:33,11:29:38,     5, 40.90, 40.90,  0.00
         0,     0, 1,11:29:41,11:29:52,    11, 28.80, 41.20,-12.40
  13008835,     0, 8,11:31:21,11:31:23,     2, 40.60, 40.70, -0.10
  12199987,     0, 7,10:42:48,11:31:39,  2931, 41.60, 13.10, 28.50
         0,     0, 7,11:31:47,11:32:05,    18, 13.10, 13.10,  0.00
  13008835,     0, 8,11:31:57,11:32:02,     5, 40.50, 40.50,  0.00
  13008835,     0, 8,11:32:38,11:32:42,     4, 40.50, 40.40,  0.10
  13008835,     0, 8,11:36:52,11:36:54,     2, 40.20, 40.30, -0.10
  13008835,     0, 8,11:37:17,11:37:18,     1, 40.20, 40.20,  0.00
  12706646,     0, 8,11:38:13,11:38:15,     2, 40.20, 40.20,  0.00
  12706705,  7114, 4,11:37:11,11:39:42,   151, 44.10, 28.60, 15.50
         0,     0, 4,11:39:50,11:40:04,    14, 28.60, 43.30,-14.70
  12199986,     0, 9,11:38:46,11:40:28,   102, 41.10, 30.90, 10.20
         0,     0, 9,11:40:36,11:40:49,    13, 30.90, 41.10,-10.20
  12706667,     0, 7,11:33:45,11:42:49,   544, 41.50, 41.40,  0.10
  13008835,     0, 8,11:43:33,11:43:35,     2, 40.10, 40.10,  0.00
  12199977,     0, 9,11:42:41,11:44:13,    92, 40.90, 28.80, 12.10
         0,     0, 9,11:44:21,11:44:37,    16, 28.80, 41.10,-12.30
  13008835,     0, 8,11:44:46,11:44:46,     0, 40.00, 40.10, -0.10
  12448428,  6041, 5,11:44:20,11:45:02,    42, 41.00, 30.90, 10.10
         0,     0, 5,11:45:09,11:45:18,     9, 30.90, 31.00, -0.10
  13008835,     0, 8,11:45:19,11:45:24,     5, 40.00, 40.00,  0.00
         0,     0, 8,11:45:32,11:45:32,     0, 40.00, 39.90,  0.10
  13008835,     0, 8,11:46:08,11:46:09,     1, 39.80, 39.80,  0.00
         0,     0, 8,11:46:17,11:46:18,     1, 39.80, 40.80, -1.00
  12448442,  6055, 8,11:47:12,11:48:09,    57, 40.80, 34.20,  6.60
         0,     0, 8,11:48:17,11:48:24,     7, 34.20, 41.10, -6.90
  13008837,     0,10,11:48:27,11:48:30,     3, 40.90, 40.90,  0.00
  13008837,     0, 9,11:48:35,11:48:45,    10, 41.10, 41.10,  0.00
  13008839,     0, 8,11:49:53,11:50:35,    42, 37.80, 37.00,  0.80
         0,     0, 8,11:50:44,11:50:48,     4, 37.00, 41.10, -4.10
  13008839,     0, 8,11:51:01,11:51:34,    33, 40.60, 39.60,  1.00
         0,     0, 8,11:51:42,11:51:43,     1, 39.60, 40.60, -1.00
  13008839,     0, 8,11:52:14,11:52:26,    12, 38.60, 37.60,  1.00
         0,     0, 8,11:52:33,11:52:36,     3, 37.60, 41.10, -3.50
  13008839,     0, 8,11:53:08,11:53:11,     3, 39.20, 39.20,  0.00
         0,     0, 8,11:53:19,11:53:20,     1, 39.20, 40.80, -1.60
  11954050,  4080, 3,11:52:29,11:53:21,    52, 46.80, 42.00,  4.80
         0,     0, 3,11:53:29,11:53:32,     3, 42.00, 46.60, -4.60
  13008826,     0, 7,11:43:32,11:54:08,   636, 41.40, 22.00, 19.40
         0,     0, 7,11:54:15,11:54:27,    12, 22.00, 41.60,-19.60
  13008839,     0, 8,11:53:45,11:54:41,    56, 39.70, 28.00, 11.70
         0,     0, 8,11:54:50,11:55:04,    14, 28.00, 28.20, -0.20
  21292347,  5120, 4,11:53:39,11:56:10,   151, 43.80, 29.90, 13.90
         0,     0, 4,11:56:17,11:56:30,    13, 29.90, 43.30,-13.40
  12448416,  6029, 5,11:56:41,11:57:05,    24, 40.90, 40.60,  0.30
  12706655,  7064, 4,12:00:15,12:01:50,    95, 44.00, 30.40, 13.60
  12706646,     0, 8,12:01:25,12:01:56,    31, 36.20, 36.10,  0.10
  11724159,     0, 7,11:54:47,12:02:05,   438, 37.20, 36.50,  0.70
         0,     0, 8,12:02:04,12:02:09,     5, 36.10, 41.10, -5.00
         0,     0, 4,12:01:58,12:02:10,    12, 30.40, 43.50,-13.10
         0,     0, 7,12:02:12,12:02:15,     3, 36.50, 36.50,  0.00
  11954050,  4080, 2,12:01:22,12:03:04,   102, 43.70, 31.60, 12.10
         0,     0, 2,12:03:11,12:03:23,    12, 31.60, 43.70,-12.10
  12706707,  7116, 2,12:05:37,12:07:27,   110, 43.70, 34.70,  9.00
         0,     0, 2,12:07:36,12:07:44,     8, 34.70, 43.70, -9.00
  12448416,  6029, 4,12:04:39,12:07:53,   194, 43.60, 31.90, 11.70
         0,     0, 4,12:08:01,12:08:11,    10, 31.90, 43.60,-11.70
  12448471,  6084, 4,12:09:49,12:11:09,    80, 43.40, 31.70, 11.70
         0,     0, 4,12:11:17,12:11:28,    11, 31.70, 43.50,-11.80
  12448474,  6087, 1,12:08:29,12:11:39,   190, 41.30, 20.60, 20.70
         0,     0, 1,12:11:47,12:12:06,    19, 20.60, 41.20,-20.60
  12706637,  7046, 5,12:14:03,12:14:27,    24, 40.60, 40.50,  0.10
  21306958,  5124,10,12:15:50,12:15:54,     4, 40.90, 40.80,  0.10
  21306958,  5124,10,12:16:12,12:16:47,    35, 40.80, 40.60,  0.20
  11953996,  4026, 1,12:13:19,12:16:50,   211, 41.20, 15.90, 25.30
  12706637,  7046, 4,12:16:49,12:17:17,    28, 44.00, 43.40,  0.60
         0,     0, 1,12:16:58,12:17:23,    25, 15.90, 41.30,-25.40
  12706646,     0, 8,12:18:20,12:18:25,     5, 41.10, 41.10,  0.00
  21306958,  5124,10,12:17:05,12:18:48,   103, 40.50, 35.70,  4.80
         0,     0,10,12:18:56,12:19:01,     5, 35.70, 41.20, -5.50
  21306958,  5124, 9,12:18:55,12:19:04,     9, 41.10, 40.40,  0.70
  12706637,  7046, 4,12:17:27,12:19:14,   107, 43.70, 26.40, 17.30
  12706651,  7060, 3,12:17:52,12:19:19,    87, 46.70, 38.30,  8.40
         0,     0, 3,12:19:27,12:19:33,     6, 38.30, 38.60, -0.30
         0,     0, 4,12:19:22,12:19:38,    16, 26.40, 43.50,-17.10
  12448479,  6092, 2,12:19:11,12:21:53,   162, 43.70, 33.00, 10.70
         0,     0, 2,12:22:01,12:22:11,    10, 33.00, 43.70,-10.70
  13008779,     0,10,12:21:32,12:22:30,    58, 34.70, 28.90,  5.80
         0,     0,10,12:22:37,12:22:50,    13, 28.90, 41.10,-12.20
  12706707,  7116, 1,12:23:46,12:24:36,    50, 41.30, 33.00,  8.30
         0,     0, 1,12:24:43,12:24:51,     8, 33.00, 41.20, -8.20
  21292347,  5120, 5,12:26:55,12:28:22,    87, 40.50, 30.90,  9.60
         0,     0, 5,12:28:30,12:28:40,    10, 30.90, 40.80, -9.90
  12706616,  7025, 4,12:30:43,12:30:59,    16, 43.90, 43.80,  0.10
  12448477,  6090, 1,12:31:22,12:31:58,    36, 41.20, 38.80,  2.40
         0,     0, 1,12:32:06,12:32:08,     2, 38.80, 41.20, -2.40
  12706646,     0, 7,12:02:25,12:32:47,  1822, 41.60, 28.50, 13.10
         0,     0, 7,12:32:55,12:33:03,     8, 28.50, 28.50,  0.00
  12706609,  7018, 8,12:35:55,12:36:07,    12, 38.60, 38.50,  0.10
         0,     0, 8,12:36:15,12:36:17,     2, 38.50, 40.90, -2.40
  12706609,  7018, 8,12:36:32,12:37:52,    80, 40.90, 32.10,  8.80
         0,     0, 8,12:38:00,12:38:09,     9, 32.10, 41.10, -9.00
  12448437,  6050, 9,12:36:29,12:38:16,   107, 40.30, 39.40,  0.90
         0,     0, 9,12:38:25,12:38:26,     1, 39.40, 41.10, -1.70
  12448437,  6050,10,12:38:24,12:39:03,    39, 40.80, 38.90,  1.90
         0,     0,10,12:39:11,12:39:13,     2, 38.90, 41.20, -2.30
  12448437,  6050,10,12:39:37,12:40:03,    26, 41.20, 40.20,  1.00
  12706642,  7051, 8,12:42:22,12:43:37,    75, 41.10, 39.40,  1.70
         0,     0, 8,12:43:44,12:43:45,     1, 39.40, 40.80, -1.40
  13008835,     0, 8,12:43:55,12:43:55,     0, 40.70, 40.80, -0.10
  11724181,     0, 7,12:35:53,12:43:59,   486, 41.50, 20.60, 20.90
  21306958,  5124,10,12:41:15,12:43:59,   164, 40.20, 36.40,  3.80
         0,     0,10,12:44:07,12:44:12,     5, 36.40, 41.10, -4.70
  21268104,  6062, 5,12:41:46,12:44:12,   146, 40.90, 23.40, 17.50
         0,     0, 7,12:44:06,12:44:20,    14, 20.60, 39.70,-19.10
         0,     0, 5,12:44:21,12:44:37,    16, 23.40, 41.10,-17.70
  13008835,     0, 8,12:44:33,12:44:39,     6, 40.80, 40.70,  0.10
  21306958,  5124, 9,12:44:40,12:45:05,    25, 41.10, 39.60,  1.50
         0,     0, 9,12:45:13,12:45:14,     1, 39.60, 41.00, -1.40
  12706616,  7025, 5,12:44:47,12:46:29,   102, 41.00, 27.90, 13.10
  13008835,     0, 8,12:46:29,12:46:32,     3, 40.60, 40.70, -0.10
         0,     0, 5,12:46:37,12:46:49,    12, 27.90, 27.90,  0.00
  13008835,     0, 8,12:47:13,12:47:20,     7, 40.60, 40.60,  0.00
  13008835,     0, 8,12:47:53,12:47:58,     5, 40.60, 40.50,  0.10
  13008835,     0, 8,12:49:29,12:49:30,     1, 40.40, 40.40,  0.00
  12706707,  7116, 3,12:50:22,12:51:29,    67, 46.50, 40.50,  6.00
         0,     0, 3,12:51:36,12:51:41,     5, 40.50, 46.30, -5.80
  13008835,     0, 8,12:51:42,12:51:43,     1, 39.80, 39.80,  0.00
         0,     0, 8,12:51:50,12:51:51,     1, 39.80, 40.70, -0.90
  13008835,     0, 8,12:52:26,12:52:27,     1, 40.50, 40.50,  0.00
  13008835,     0, 8,12:52:57,12:53:08,    11, 40.40, 40.40,  0.00
  13008835,     0, 8,12:53:41,12:53:58,    17, 40.40, 40.30,  0.10
  13008835,     0, 8,12:55:13,12:55:15,     2, 40.00, 40.00,  0.00
  13008835,     0, 8,12:55:37,12:55:43,     6, 40.00, 39.90,  0.10
         0,     0, 8,12:55:50,12:55:50,     0, 39.90, 40.80, -0.90
  12448477,  6090, 3,12:56:08,12:57:04,    56, 46.70, 40.20,  6.50
         0,     0, 3,12:57:11,12:57:16,     5, 40.20, 46.30, -6.10
  13008835,     0, 8,12:57:38,12:57:40,     2, 40.50, 40.50,  0.00
  21292347,  5120, 2,12:56:50,12:58:19,    89, 43.60, 35.30,  8.30
         0,     0, 2,12:58:28,12:58:36,     8, 35.30, 43.70, -8.40
  12448437,  6050, 9,12:58:26,12:59:44,    78, 41.10, 38.70,  2.40
         0,     0, 9,12:59:53,12:59:55,     2, 38.70, 41.10, -2.40
  13008835,     0, 8,12:59:45,13:00:06,    21, 40.50, 40.40,  0.10
  12706701,  7110, 3,13:00:41,13:03:31,   170, 47.00, 39.30,  7.70
  13008835,     0, 8,13:03:33,13:03:42,     9, 40.30, 40.30,  0.00
         0,     0, 3,13:03:40,13:03:46,     6, 39.30, 39.60, -0.30
  12706701,  7110, 4,13:03:41,13:04:29,    48, 44.00, 35.70,  8.30
  13008835,     0, 8,13:04:06,13:04:30,    24, 40.30, 40.20,  0.10
  13008835,     0, 7,12:56:39,13:04:39,   480, 38.50, 38.40,  0.10
         0,     0, 4,13:04:38,13:04:45,     7, 35.70, 43.40, -7.70
         0,     0, 7,13:04:46,13:04:47,     1, 38.40, 41.50, -3.10
  12706642,  7051, 8,13:07:10,13:09:11,   121, 40.20, 29.70, 10.50
         0,     0, 8,13:09:19,13:09:31,    12, 29.70, 41.10,-11.40
  12706719,  7128, 5,13:06:53,13:11:07,   254, 40.90, 25.40, 15.50
         0,     0, 5,13:11:15,13:11:30,    15, 25.40, 41.00,-15.60
  12706609,  7018, 8,13:12:22,13:12:25,     3, 41.10, 41.10,  0.00
  12706667,     0, 7,13:05:27,13:12:31,   424, 40.80, 34.70,  6.10
         0,     0, 7,13:12:38,13:12:42,     4, 34.70, 34.70,  0.00
  12448477,  6090, 3,13:13:06,13:13:39,    33, 46.60, 41.80,  4.80
         0,     0, 3,13:13:46,13:13:49,     3, 41.80, 42.00, -0.20
  12706609,  7018, 8,13:13:33,13:13:47,    14, 41.10, 39.50,  1.60
         0,     0, 8,13:13:55,13:13:56,     1, 39.50, 41.00, -1.50
  12706609,  7018, 8,13:14:27,13:14:27,     0, 37.20, 37.30, -0.10
         0,     0, 8,13:14:36,13:14:39,     3, 37.30, 41.10, -3.80
  12199987,     0, 8,13:15:03,13:15:11,     8, 41.10, 41.10,  0.00
  11954050,  4080, 1,13:15:54,13:16:21,    27, 41.20, 40.20,  1.00
  11954050,  4080, 1,13:16:40,13:16:54,    14, 40.20, 39.10,  1.10
         0,     0, 1,13:17:01,13:17:02,     1, 39.10, 41.20, -2.10
  12199987,     0, 8,13:15:42,13:17:03,    81, 40.80, 40.20,  0.60
  13008837,     0, 9,13:20:37,13:21:07,    30, 41.10, 41.00,  0.10
  13008837,     0, 9,13:21:28,13:21:47,    19, 41.00, 41.10, -0.10
  21268104,  6062, 5,13:20:29,13:22:02,    93, 41.00, 31.80,  9.20
  13008837,     0, 9,13:22:01,13:22:03,     2, 41.00, 41.00,  0.00
         0,     0, 5,13:22:11,13:22:20,     9, 31.80, 40.80, -9.00
  12448479,  6092, 2,13:23:41,13:23:51,    10, 43.60, 43.20,  0.40
  11954014,  4044, 3,13:23:19,13:24:20,    61, 46.50, 36.70,  9.80
         0,     0, 3,13:24:27,13:24:35,     8, 36.70, 36.70,  0.00
  12448479,  6092, 1,13:24:28,13:26:09,   101, 41.20, 31.10, 10.10
         0,     0, 1,13:26:17,13:26:26,     9, 31.10, 41.20,-10.10
  13008837,     0, 9,13:30:03,13:30:07,     4, 41.00, 40.90,  0.10
  13008837,     0, 9,13:30:16,13:30:24,     8, 40.90, 40.80,  0.10
  13008816,     0, 8,13:28:18,13:30:41,   143, 40.20, 25.20, 15.00
  13008837,     0, 9,13:30:39,13:30:57,    18, 40.60, 40.00,  0.60
         0,     0, 9,13:31:05,13:31:05,     0, 40.00, 40.60, -0.60
         0,     0, 8,13:30:48,13:31:05,    17, 25.20, 41.00,-15.80
  13008837,     0, 9,13:31:49,13:31:50,     1, 36.30, 36.30,  0.00
  12199987,     0, 7,13:17:34,13:31:56,   862, 41.70, 25.90, 15.80
         0,     0, 9,13:31:59,13:32:05,     6, 36.30, 40.10, -3.80
         0,     0, 7,13:32:03,13:32:13,    10, 25.90, 41.60,-15.70
  13008837,     0, 9,13:32:15,13:33:25,    70, 39.00, 30.70,  8.30
         0,     0, 9,13:33:34,13:33:48,    14, 30.70, 41.10,-10.40
  12706624,  7033,10,13:35:45,13:35:50,     5, 41.00, 41.00,  0.00
  12706669,  7078, 4,13:39:12,13:41:50,   158, 43.70, 31.60, 12.10
         0,     0, 4,13:41:58,13:42:09,    11, 31.60, 43.30,-11.70
  12706707,  7116, 3,13:43:15,13:44:11,    56, 46.40, 36.10, 10.30
         0,     0, 3,13:44:18,13:44:26,     8, 36.10, 36.50, -0.40
  12706636,  7045, 4,13:42:58,13:44:29,    91, 43.50, 29.20, 14.30
         0,     0, 4,13:44:36,13:44:49,    13, 29.20, 43.50,-14.30
  12706624,  7033, 9,13:48:05,13:49:11,    66, 36.50, 35.10,  1.40
  12706738,  7147, 2,13:48:45,13:49:16,    31, 43.10, 43.10,  0.00
         0,     0, 9,13:49:19,13:49:26,     7, 35.10, 41.10, -6.00
  12706738,  7147, 2,13:49:34,13:50:05,    31, 43.10, 43.10,  0.00
  12706624,  7033, 9,13:49:52,13:50:28,    36, 41.10, 39.80,  1.30
         0,     0, 9,13:50:36,13:50:37,     1, 39.80, 40.90, -1.10
  12706738,  7147, 2,13:50:34,13:51:39,    65, 43.10, 43.10,  0.00
  13008768,     0, 9,13:51:40,13:51:47,     7, 41.00, 40.90,  0.10
  13008768,     0,10,13:52:14,13:54:27,   133, 40.90, 26.10, 14.80
  11954014,  4044, 4,13:53:51,13:54:35,    44, 43.90, 30.10, 13.80
         0,     0,10,13:54:35,13:54:51,    16, 26.10, 41.20,-15.10
         0,     0, 4,13:54:42,13:54:55,    13, 30.10, 43.30,-13.20
  12706738,  7147, 2,13:51:52,13:56:36,   284, 43.10, 20.30, 22.80
         0,     0, 2,13:56:44,13:57:08,    24, 20.30, 43.80,-23.50
  21292347,  5120, 4,13:57:41,13:57:51,    10, 43.90, 43.60,  0.30
  12706700,  7109, 2,13:57:45,13:57:58,    13, 43.80, 43.80,  0.00
  12706700,  7109, 2,13:58:08,13:58:22,    14, 43.80, 43.00,  0.80
  13008798,     0, 7,13:33:09,13:58:42,  1533, 40.80, 30.70, 10.10
         0,     0, 7,13:58:50,13:58:56,     6, 30.70, 41.70,-11.00
  21268825,  6068, 4,13:58:18,13:59:08,    50, 43.00, 42.80,  0.20
  13008827,     0, 8,14:00:01,14:00:03,     2, 41.10, 41.10,  0.00
  12706700,  7109, 1,13:58:28,14:00:08,   100, 41.30, 23.00, 18.30
         0,     0, 1,14:00:15,14:00:33,    18, 23.00, 41.20,-18.20
  12706710,  7119, 2,13:58:33,14:00:45,   132, 43.00, 25.20, 17.80
  13008835,     0, 8,14:00:58,14:01:00,     2, 41.00, 41.00,  0.00
         0,     0, 2,14:00:52,14:01:10,    18, 25.20, 43.80,-18.60
  21268825,  6068, 4,13:59:45,14:01:17,    92, 42.90, 32.70, 10.20
         0,     0, 4,14:01:24,14:01:34,    10, 32.70, 43.40,-10.70
  12448412,  6025, 5,13:56:28,14:01:35,   307, 40.90, 16.50, 24.40
  12706710,  7119, 2,14:01:20,14:01:46,    26, 43.80, 43.40,  0.40
         0,     0, 5,14:01:43,14:02:06,    23, 16.50, 40.90,-24.40
  21292347,  5120, 2,14:01:56,14:03:49,   113, 43.40, 34.60,  8.80
         0,     0, 2,14:03:57,14:04:06,     9, 34.60, 43.80, -9.20
  13008835,     0, 8,14:01:38,14:06:02,   264, 41.00, 26.40, 14.60
         0,     0, 8,14:06:10,14:06:25,    15, 26.40, 41.10,-14.70
  13008835,     0, 8,14:06:35,14:06:59,    24, 41.00, 40.80,  0.20
  13008835,     0, 8,14:07:19,14:07:25,     6, 40.80, 40.70,  0.10
  12706642,  7051, 8,14:07:56,14:09:27,    91, 40.20, 32.70,  7.50
         0,     0, 8,14:09:36,14:09:44,     8, 32.70, 32.90, -0.20
  12706729,  7138, 1,14:11:19,14:12:22,    63, 41.20, 41.10,  0.10
  12706622,     0, 8,14:12:18,14:12:29,    11, 41.20, 41.20,  0.00
  12706642,  7051, 7,14:09:37,14:12:34,   177, 41.60, 40.30,  1.30
  12706729,  7138, 2,14:12:28,14:12:40,    12, 43.80, 43.80,  0.00
  12448454,  6067, 4,14:09:51,14:13:41,   230, 43.90, 28.50, 15.40
         0,     0, 4,14:13:48,14:14:02,    14, 28.50, 43.40,-14.90
  12706729,  7138, 2,14:12:55,14:14:38,   103, 43.80, 32.30, 11.50
         0,     0, 2,14:14:46,14:14:57,    11, 32.30, 43.80,-11.50
  13008826,     0, 8,14:23:00,14:23:22,    22, 40.90, 39.90,  1.00
         0,     0, 8,14:23:30,14:23:30,     0, 39.90, 40.60, -0.70
  13008858,     0, 8,14:27:18,14:27:19,     1, 40.50, 40.50,  0.00
  21304388,  6125, 1,14:23:15,14:28:02,   287, 41.10, 25.80, 15.30
  13008866,     0, 8,14:28:08,14:28:13,     5, 40.50, 40.40,  0.10
         0,     0, 1,14:28:09,14:28:23,    14, 25.80, 41.20,-15.40
  13008866,     0, 8,14:28:28,14:28:36,     8, 40.40, 40.40,  0.00
  13008866,     0, 8,14:30:49,14:31:04,    15, 40.10, 40.00,  0.10
         0,     0, 8,14:31:12,14:31:12,     0, 40.00, 40.20, -0.20
  12706622,     0, 8,14:31:59,14:32:00,     1, 40.10, 40.10,  0.00
  12706622,     0, 8,14:33:48,14:36:18,   150, 39.80, 23.40, 16.40
         0,     0, 8,14:36:26,14:36:45,    19, 23.40, 41.10,-17.70
  12706609,  7018, 8,14:38:01,14:38:02,     1, 41.00, 41.00,  0.00
  13008866,     0, 8,14:44:24,14:44:30,     6, 40.90, 40.80,  0.10
  13008866,     0, 8,14:44:46,14:45:27,    41, 40.80, 40.50,  0.30
  13008737,     0, 9,14:44:31,14:45:47,    76, 40.90, 31.50,  9.40
  13008866,     0, 8,14:45:55,14:45:58,     3, 40.20, 40.20,  0.00
         0,     0, 9,14:45:55,14:46:07,    12, 31.50, 41.00, -9.50
  13008866,     0, 8,14:46:12,14:46:47,    35, 40.10, 39.90,  0.20
         0,     0, 8,14:46:55,14:46:55,     0, 39.90, 40.70, -0.80
  11954027,  4057, 1,14:47:52,14:48:45,    53, 41.20, 37.00,  4.20
  13008866,     0, 8,14:47:23,14:48:46,    83, 40.50, 39.90,  0.60
         0,     0, 8,14:48:55,14:48:55,     0, 39.90, 40.50, -0.60
         0,     0, 1,14:48:54,14:48:57,     3, 37.00, 41.20, -4.20
  13008866,     0, 8,14:49:14,14:49:18,     4, 40.50, 40.30,  0.20
  11954027,  4057, 1,14:49:15,14:49:38,    23, 41.20, 35.80,  5.40
         0,     0, 1,14:49:45,14:49:49,     4, 35.80, 41.20, -5.40
  13008866,     0, 8,14:49:42,14:50:12,    30, 40.10, 39.90,  0.20
         0,     0, 8,14:50:20,14:50:20,     0, 39.90, 40.80, -0.90
  11954027,  4057, 1,14:49:59,14:50:46,    47, 41.20, 25.30, 15.90
         0,     0, 1,14:50:55,14:51:11,    16, 25.30, 41.10,-15.80
  13008779,     0,10,14:52:24,14:53:29,    65, 41.00, 34.60,  6.40
         0,     0,10,14:53:38,14:53:45,     7, 34.60, 41.10, -6.50
  13008866,     0, 8,14:53:31,14:54:35,    64, 40.60, 39.90,  0.70
         0,     0, 8,14:54:43,14:54:43,     0, 39.90, 40.70, -0.80
  13008866,     0, 8,14:54:55,14:55:21,    26, 40.50, 40.10,  0.40
  13008866,     0, 8,14:56:08,14:56:25,    17, 39.70, 39.50,  0.20
         0,     0, 8,14:56:34,14:56:35,     1, 39.50, 40.80, -1.30
  13008866,     0, 8,14:56:47,14:57:08,    21, 40.80, 40.50,  0.30
  13008858,     0, 7,14:27:29,14:57:55,  1826, 40.20, 25.50, 14.70
         0,     0, 7,14:58:03,14:58:13,    10, 25.50, 25.50,  0.00
  12706646,     0, 8,15:01:01,15:01:09,     8, 40.60, 40.30,  0.30
  12706646,     0, 8,15:01:24,15:01:27,     3, 38.60, 38.60,  0.00
         0,     0, 8,15:01:35,15:01:37,     2, 38.60, 41.10, -2.50
  12448471,  6084, 2,15:01:42,15:03:35,   113, 43.60, 28.10, 15.50
         0,     0, 2,15:03:43,15:03:59,    16, 28.10, 43.80,-15.70
  12448471,  6084, 1,15:03:40,15:04:34,    54, 41.10, 32.80,  8.30
         0,     0, 1,15:04:41,15:04:49,     8, 32.80, 41.20, -8.40
  13008742,  7163, 5,15:07:28,15:07:42,    14, 40.80, 40.80,  0.00
  13008742,  7163, 5,15:07:52,15:11:42,   230, 40.80, 18.70, 22.10
         0,     0, 5,15:11:50,15:12:11,    21, 18.70, 41.00,-22.30
  12706727,  7136, 5,15:12:25,15:12:48,    23, 41.00, 40.90,  0.10
  12706727,  7136, 5,15:14:19,15:15:11,    52, 40.90, 38.20,  2.70
         0,     0, 5,15:15:19,15:15:21,     2, 38.20, 41.00, -2.80
  11499202,     0, 8,15:16:46,15:19:19,   153, 41.10, 32.70,  8.40
         0,     0, 8,15:19:27,15:19:36,     9, 32.70, 41.10, -8.40
  12448437,  6050, 9,15:20:16,15:21:48,    92, 41.10, 36.00,  5.10
         0,     0, 9,15:21:57,15:22:03,     6, 36.00, 41.00, -5.00
  12706609,  7018, 7,14:58:23,15:34:05,  2142, 41.50, 31.50, 10.00
         0,     0, 7,15:34:13,15:34:19,     6, 31.50, 41.70,-10.20
  11724159,     0, 8,15:36:39,15:36:53,    14, 41.20, 40.50,  0.70
  11724159,     0, 8,15:37:11,15:37:45,    34, 40.50, 34.10,  6.40
         0,     0, 8,15:37:53,15:38:00,     7, 34.10, 41.10, -7.00
  12706616,  7025, 3,15:38:43,15:39:59,    76, 46.80, 31.30, 15.50
         0,     0, 3,15:40:08,15:40:21,    13, 31.30, 31.80, -0.50
  13008816,     0, 8,15:44:17,15:44:52,    35, 41.10, 40.60,  0.50
  13008816,     0, 8,15:45:10,15:45:13,     3, 40.40, 40.30,  0.10
  12199981,  5035, 3,15:44:54,15:45:41,    47, 46.80, 30.50, 16.30
         0,     0, 3,15:45:49,15:46:03,    14, 30.50, 30.40,  0.10
         0,     0, 8,15:46:28,15:46:40,    12, 29.20, 41.10,-11.90
  13008826,     0, 7,15:35:49,15:47:40,   711, 41.70, 26.40, 15.30
         0,     0, 7,15:47:48,15:47:58,    10, 26.40, 26.50, -0.10
  11953978,  4008, 2,15:48:45,15:49:52,    67, 43.60, 29.70, 13.90
         0,     0, 2,15:49:59,15:50:13,    14, 29.70, 43.70,-14.00
  13008835,     0, 8,15:52:41,15:52:43,     2, 41.00, 41.10, -0.10
  13008835,     0, 8,15:53:05,15:53:09,     4, 41.10, 41.00,  0.10
  13008835,     0, 8,15:53:45,15:54:01,    16, 40.90, 40.90,  0.00
  12200046,  5100, 4,15:53:18,15:54:19,    61, 44.10, 28.60, 15.50
  21268104,  6062, 2,15:52:24,15:54:20,   116, 43.80, 30.60, 13.20
         0,     0, 4,15:54:26,15:54:40,    14, 28.60, 43.30,-14.70
         0,     0, 2,15:54:28,15:54:41,    13, 30.60, 43.80,-13.20
  13008835,     0, 8,15:55:00,15:55:07,     7, 40.90, 40.80,  0.10
  13008835,     0, 8,15:55:36,15:55:38,     2, 40.70, 40.70,  0.00
  12448442,  6055, 8,15:56:27,15:56:40,    13, 40.70, 40.70,  0.00
  12448442,  6055, 8,15:57:04,15:57:07,     3, 38.30, 38.30,  0.00
         0,     0, 8,15:57:15,15:57:17,     2, 38.30, 41.20, -2.90
  11724181,     0, 7,15:50:56,15:57:41,   405, 25.90, 24.10,  1.80
         0,     0, 7,15:57:48,15:57:59,    11, 24.10, 24.10,  0.00
  12448416,  6029, 2,15:56:22,15:58:30,   128, 43.90, 27.70, 16.20
         0,     0, 2,15:58:38,15:58:54,    16, 27.70, 43.80,-16.10
  12448428,  6041, 3,16:00:44,16:01:30,    46, 47.10, 34.70, 12.40
  13008848,     0, 8,16:01:30,16:01:32,     2, 41.00, 41.00,  0.00
         0,     0, 3,16:01:38,16:01:48,    10, 34.70, 34.40,  0.30
  12706727,  7136, 1,16:02:17,16:03:54,    97, 41.20, 22.40, 18.80
  13008848,     0, 8,16:02:16,16:04:05,   109, 40.90, 32.50,  8.40
         0,     0, 1,16:04:03,16:04:21,    18, 22.40, 41.20,-18.80
         0,     0, 8,16:04:14,16:04:23,     9, 32.50, 41.20, -8.70
  13008848,     0, 8,16:05:55,16:06:48,    53, 38.40, 29.40,  9.00
         0,     0, 8,16:06:56,16:07:09,    13, 29.40, 41.00,-11.60
  13008835,     0, 8,16:07:21,16:07:29,     8, 41.00, 40.90,  0.10
  12706707,  7116, 1,16:06:53,16:07:34,    41, 41.20, 34.50,  6.70
  12706639,  7048, 2,16:07:07,16:07:36,    29, 43.80, 43.60,  0.20
         0,     0, 1,16:07:42,16:07:48,     6, 34.50, 41.20, -6.70
  12706639,  7048, 2,16:07:50,16:09:19,    89, 43.60, 23.60, 20.00
         0,     0, 2,16:09:27,16:09:48,    21, 23.60, 43.90,-20.30
  12448451,  6064, 1,16:07:59,16:09:51,   112, 41.20, 40.90,  0.30
  13323420,     0,10,16:10:29,16:10:43,    14, 40.60, 39.50,  1.10
         0,     0,10,16:10:51,16:10:52,     1, 39.50, 41.10, -1.60
  12706729,  7138, 5,16:10:12,16:11:22,    70, 40.90, 35.80,  5.10
  13323420,     0,10,16:11:19,16:11:25,     6, 41.10, 39.80,  1.30
         0,     0, 5,16:11:30,16:11:34,     4, 35.80, 40.80, -5.00
         0,     0,10,16:11:34,16:11:35,     1, 39.80, 41.10, -1.30
  12448451,  6064, 2,16:09:58,16:12:08,   130, 43.90, 24.30, 19.60
  12200042,  5096, 4,16:10:43,16:12:28,   105, 44.20, 26.80, 17.40
         0,     0, 2,16:12:16,16:12:36,    20, 24.30, 43.50,-19.20
         0,     0, 4,16:12:35,16:12:50,    15, 26.80, 43.60,-16.80
  12706655,  7064, 5,16:11:56,16:13:17,    81, 40.80, 22.60, 18.20
  13323420,     0,10,16:13:18,16:13:29,    11, 39.80, 37.90,  1.90
         0,     0,10,16:13:37,16:13:40,     3, 37.90, 41.20, -3.30
         0,     0, 5,16:13:26,16:13:43,    17, 22.60, 22.70, -0.10
  12706669,  7078, 1,16:13:29,16:13:50,    21, 40.90, 40.90,  0.00
  12706669,  7078, 2,16:13:57,16:14:15,    18, 43.60, 43.60,  0.00
  12199981,  5035, 3,16:13:57,16:14:20,    23, 46.80, 38.80,  8.00
         0,     0, 3,16:14:29,16:14:35,     6, 38.80, 39.00, -0.20
  12706669,  7078, 1,16:14:33,16:15:22,    49, 40.90, 30.20, 10.70
         0,     0, 1,16:15:31,16:15:41,    10, 30.20, 41.20,-11.00
  12706710,  7119, 5,16:16:35,16:17:22,    47, 40.80, 40.40,  0.40
  12448448,  6061, 1,16:19:21,16:19:27,     6, 41.20, 41.20,  0.00
  11953978,  4008, 3,16:18:31,16:19:35,    64, 47.70, 38.10,  9.60
         0,     0, 3,16:19:42,16:19:49,     7, 38.10, 38.20, -0.10
  12706645,     0, 8,16:19:56,16:20:16,    20, 40.90, 40.90,  0.00
  12706645,     0, 8,16:20:30,16:20:37,     7, 40.90, 39.50,  1.40
         0,     0, 8,16:20:45,16:20:46,     1, 39.50, 40.90, -1.40
  12706645,     0, 8,16:20:56,16:22:00,    64, 40.30, 25.10, 15.20
  12706616,  7025, 1,16:20:21,16:22:03,   102, 41.20, 26.30, 14.90
         0,     0, 1,16:22:11,16:22:26,    15, 26.30, 41.20,-14.90
         0,     0, 8,16:22:08,16:22:26,    18, 25.10, 41.10,-16.00
  12448448,  6061, 2,16:19:30,16:23:00,   210, 43.60, 27.50, 16.10
  13008835,     0, 8,16:23:01,16:23:03,     2, 41.10, 41.10,  0.00
         0,     0, 2,16:23:08,16:23:24,    16, 27.50, 43.80,-16.30
  21306958,  5124, 9,16:20:06,16:23:37,   211, 41.00, 36.00,  5.00
         0,     0, 9,16:23:46,16:23:52,     6, 36.00, 41.00, -5.00
  12448448,  6061, 1,16:23:07,16:24:00,    53, 41.20, 34.20,  7.00
  12448474,  6087, 4,16:23:57,16:24:08,    11, 44.10, 43.70,  0.40
         0,     0, 1,16:24:08,16:24:14,     6, 34.20, 41.20, -7.00
  12448474,  6087, 4,16:24:21,16:24:41,    20, 43.80, 43.80,  0.00
  13008835,     0, 8,16:25:39,16:25:41,     2, 41.00, 41.00,  0.00
  12706706,  7115, 4,16:24:57,16:26:15,    78, 43.80, 22.50, 21.30
  12448474,  6087, 3,16:24:51,16:26:39,   108, 46.80, 30.70, 16.10
         0,     0, 4,16:26:24,16:26:44,    20, 22.50, 43.30,-20.80
  11953996,  4026, 2,16:23:34,16:26:45,   191, 43.80, 23.00, 20.80
         0,     0, 3,16:26:46,16:26:59,    13, 30.70, 30.70,  0.00
         0,     0, 2,16:26:53,16:27:14,    21, 23.00, 43.80,-20.80
  12706707,  7116, 4,16:28:17,16:28:53,    36, 43.70, 37.90,  5.80
         0,     0, 4,16:29:00,16:29:05,     5, 37.90, 43.50, -5.60
  11954050,  4080, 2,16:27:58,16:29:10,    72, 43.80, 39.60,  4.20
         0,     0, 2,16:29:19,16:29:22,     3, 39.60, 43.70, -4.10
  11954050,  4080, 2,16:29:32,16:29:45,    13, 43.70, 42.20,  1.50
  13008835,     0, 7,16:02:24,16:30:00,  1656, 41.50, 30.80, 10.70
         0,     0, 7,16:30:07,16:30:14,     7, 30.80, 41.50,-10.70
  12448432,  6045, 5,16:28:42,16:31:26,   164, 40.40, 24.80, 15.60
         0,     0, 5,16:31:35,16:31:50,    15, 24.80, 40.90,-16.10
  12199986,     0, 9,16:30:20,16:31:49,    89, 41.10, 32.60,  8.50
  12200010,  5064, 1,16:29:58,16:31:56,   118, 41.20, 26.00, 15.20
         0,     0, 9,16:31:58,16:32:09,    11, 32.60, 41.10, -8.50
         0,     0, 1,16:32:04,16:32:18,    14, 26.00, 41.20,-15.20
  12448473,  6086, 2,16:32:15,16:33:33,    78, 42.20, 30.80, 11.40
         0,     0, 2,16:33:41,16:33:54,    13, 30.80, 43.70,-12.90
  13008858,     0, 8,16:34:38,16:34:39,     1, 40.80, 40.80,  0.00
  12706651,  7060, 5,16:33:30,16:35:55,   145, 40.90, 24.70, 16.20
         0,     0, 5,16:36:02,16:36:17,    15, 24.70, 40.90,-16.20
  11954050,  4080, 4,16:36:17,16:37:33,    76, 44.30, 36.30,  8.00
         0,     0, 4,16:37:41,16:37:47,     6, 36.30, 43.30, -7.00
  11954050,  4080, 4,16:38:10,16:38:24,    14, 43.70, 41.90,  1.80
         0,     0, 4,16:38:32,16:38:33,     1, 41.90, 43.70, -1.80
  12706637,  7046, 4,16:38:44,16:38:49,     5, 43.80, 43.60,  0.20
  12706646,     0, 8,16:39:25,16:39:34,     9, 40.50, 40.30,  0.20
  12706646,     0, 8,16:39:49,16:40:29,    40, 38.40, 31.10,  7.30
  12706738,  7147, 1,16:38:34,16:40:30,   116, 41.30, 31.80,  9.50
         0,     0, 1,16:40:38,16:40:47,     9, 31.80, 41.20, -9.40
         0,     0, 8,16:40:37,16:40:56,    19, 31.10, 41.30,-10.20
  12706637,  7046, 4,16:39:02,16:41:07,   125, 44.30, 27.10, 17.20
  12706646,     0, 8,16:41:10,16:41:12,     2, 36.00, 36.00,  0.00
  12706719,  7128, 2,16:38:56,16:41:19,   143, 43.70, 27.70, 16.00
         0,     0, 8,16:41:19,16:41:24,     5, 36.00, 41.10, -5.10
         0,     0, 4,16:41:14,16:41:29,    15, 27.10, 43.10,-16.00
         0,     0, 2,16:41:26,16:41:43,    17, 27.70, 43.80,-16.10
  12706705,  7114, 3,16:39:09,16:42:27,   198, 46.80, 26.00, 20.80
         0,     0, 3,16:42:34,16:42:52,    18, 26.00, 25.80,  0.20
  13008815,     0, 9,16:40:59,16:43:05,   126, 41.00, 32.30,  8.70
         0,     0, 9,16:43:14,16:43:25,    11, 32.30, 41.00, -8.70
  12706669,  7078, 2,16:42:30,16:44:59,   149, 43.90, 35.30,  8.60
         0,     0, 2,16:45:06,16:45:14,     8, 35.30, 43.80, -8.50
  12706701,  7110, 1,16:42:37,16:45:41,   184, 41.20, 33.30,  7.90
         0,     0, 1,16:45:49,16:45:56,     7, 33.30, 41.30, -8.00
  13008866,     0, 8,16:45:56,16:46:35,    39, 41.10, 40.60,  0.50
  12448454,  6067, 5,16:45:52,16:47:25,    93, 40.90, 30.70, 10.20
  12706710,  7119, 3,16:45:40,16:47:28,   108, 47.10, 34.30, 12.80
  12200064,  5118, 4,16:43:16,16:47:29,   253, 43.20, 19.50, 23.70
         0,     0, 5,16:47:33,16:47:43,    10, 30.70, 40.70,-10.00
         0,     0, 3,16:47:35,16:47:46,    11, 34.30, 46.50,-12.20
  12706701,  7110, 2,16:46:02,16:47:51,   109, 43.70, 38.70,  5.00
         0,     0, 4,16:47:37,16:48:01,    24, 19.50, 43.50,-24.00
         0,     0, 2,16:47:59,16:48:03,     4, 38.70, 43.70, -5.00
  13008827,     0, 8,16:48:30,16:48:31,     1, 40.60, 40.60,  0.00
  13008827,     0, 8,16:48:56,16:49:50,    54, 40.50, 38.20,  2.30
         0,     0, 8,16:49:59,16:50:01,     2, 38.20, 40.70, -2.50
  13008732,  7153, 3,16:48:32,16:50:24,   112, 48.10, 42.10,  6.00
         0,     0, 3,16:50:32,16:50:35,     3, 42.10, 42.40, -0.30
  13008732,  7153, 4,16:50:37,16:51:32,    55, 43.70, 27.50, 16.20
         0,     0, 8,16:51:22,16:51:36,    14, 28.10, 41.10,-13.00
  11954014,  4044, 3,16:50:54,16:51:37,    43, 46.60, 32.90, 13.70
         0,     0, 3,16:51:44,16:51:56,    12, 32.90, 32.70,  0.20
         0,     0, 4,16:51:40,16:51:56,    16, 27.50, 43.30,-15.80
  12706729,  7138, 1,16:51:30,16:52:51,    81, 41.30, 30.30, 11.00
         0,     0, 1,16:53:00,16:53:10,    10, 30.30, 41.20,-10.90
  21304388,  6125, 1,16:53:46,16:55:43,   117, 41.20, 17.70, 23.50
         0,     0, 1,16:55:51,16:56:13,    22, 17.70, 41.20,-23.50
  13008866,     0, 8,16:56:01,16:56:21,    20, 41.00, 40.70,  0.30
  21292347,  5120, 4,16:55:39,16:57:12,    93, 44.10, 38.40,  5.70
         0,     0, 4,16:57:20,16:57:24,     4, 38.40, 43.80, -5.40
  11953978,  4008, 1,16:56:32,16:57:27,    55, 41.20, 33.60,  7.60
         0,     0, 1,16:57:35,16:57:42,     7, 33.60, 41.20, -7.60
  13008742,  7163, 2,17:04:40,17:05:05,    25, 43.70, 43.60,  0.10
  12706659,  7068, 1,17:04:55,17:05:23,    28, 41.20, 41.10,  0.10
  12706659,  7068, 2,17:05:26,17:06:38,    72, 43.60, 33.70,  9.90
  13008779,     0, 9,17:06:04,17:06:52,    48, 41.10, 38.10,  3.00
  12706659,  7068, 1,17:06:50,17:06:53,     3, 41.10, 41.10,  0.00
         0,     0, 2,17:06:46,17:06:56,    10, 33.70, 43.80,-10.10
         0,     0, 9,17:07:00,17:07:03,     3, 38.10, 41.00, -2.90
  13008866,     0, 8,17:07:06,17:07:07,     1, 39.80, 39.70,  0.10
         0,     0, 8,17:07:15,17:07:16,     1, 39.70, 41.10, -1.40
  12706659,  7068, 2,17:07:08,17:07:32,    24, 43.80, 36.00,  7.80
         0,     0, 2,17:07:39,17:07:46,     7, 36.00, 43.80, -7.80
  13008779,     0,10,17:07:20,17:07:56,    36, 41.10, 36.20,  4.90
  12448432,  6045, 5,17:06:03,17:08:03,   120, 40.70, 31.70,  9.00
         0,     0,10,17:08:04,17:08:08,     4, 36.20, 41.10, -4.90
         0,     0, 5,17:08:11,17:08:19,     8, 31.70, 40.80, -9.10
  12706659,  7068, 2,17:08:13,17:08:44,    31, 43.80, 36.20,  7.60
         0,     0, 2,17:08:51,17:08:58,     7, 36.20, 43.80, -7.60
  12448473,  6086, 2,17:09:39,17:10:44,    65, 43.80, 36.50,  7.30
         0,     0, 2,17:10:51,17:10:57,     6, 36.50, 43.70, -7.20
  12448412,  6025, 4,17:09:58,17:10:59,    61, 43.70, 43.40,  0.30
  11954027,  4057, 1,17:11:18,17:12:57,    99, 41.10, 21.50, 19.60
         0,     0, 1,17:13:05,17:13:24,    19, 21.50, 41.20,-19.70
  12199988,     0, 8,17:14:46,17:14:56,    10, 41.20, 40.90,  0.30
  13008842,  8083, 3,17:12:41,17:15:05,   144, 46.50, 25.50, 21.00
  13008858,     0, 7,16:33:41,17:15:05,  2484, 41.50, 29.40, 12.10
         0,     0, 7,17:15:13,17:15:21,     8, 29.40, 29.40,  0.00
         0,     0, 3,17:15:12,17:15:30,    18, 25.50, 25.50,  0.00
  21292347,  5120, 2,17:15:23,17:16:56,    93, 43.70, 38.10,  5.60
         0,     0, 2,17:17:03,17:17:08,     5, 38.10, 43.80, -5.70
  12448483,  6096, 3,17:16:59,17:17:16,    17, 46.90, 46.00,  0.90
  13008742,  7163, 1,17:17:07,17:17:32,    25, 41.30, 41.10,  0.20
  13008742,  7163, 1,17:17:41,17:18:31,    50, 41.10, 40.70,  0.40
  12200010,  5064, 3,17:17:26,17:19:18,   112, 46.10, 30.40, 15.70
  12448483,  6096, 4,17:17:33,17:19:19,   106, 43.50, 18.90, 24.60
         0,     0, 3,17:19:25,17:19:39,    14, 30.40, 45.70,-15.30
         0,     0, 4,17:19:26,17:19:50,    24, 18.90, 43.30,-24.40
  13008742,  7163, 1,17:18:41,17:20:10,    89, 40.70, 26.50, 14.20
  12706651,  7060, 5,17:18:49,17:20:20,    91, 40.80, 36.90,  3.90
         0,     0, 5,17:20:28,17:20:31,     3, 36.90, 40.80, -3.90
         0,     0, 1,17:20:18,17:20:32,    14, 26.50, 41.20,-14.70
  13008835,     0, 8,17:22:55,17:23:04,     9, 40.70, 40.60,  0.10
  12448471,  6084, 3,17:22:51,17:24:30,    99, 46.70, 34.80, 11.90
  12706729,  7138, 1,17:23:13,17:24:31,    78, 41.20, 35.80,  5.40
         0,     0, 1,17:24:39,17:24:44,     5, 35.80, 41.20, -5.40
         0,     0, 3,17:24:37,17:24:47,    10, 34.80, 35.00, -0.20
  12706637,  7046, 4,17:29:11,17:29:54,    43, 43.70, 40.90,  2.80
         0,     0, 4,17:30:01,17:30:03,     2, 40.90, 43.40, -2.50
  21292347,  5120, 2,17:27:54,17:30:09,   135, 43.80, 36.20,  7.60
  12199981,  5035, 1,17:29:16,17:30:11,    55, 41.20, 26.20, 15.00
         0,     0, 2,17:30:17,17:30:24,     7, 36.20, 43.80, -7.60
         0,     0, 1,17:30:18,17:30:33,    15, 26.20, 41.20,-15.00
  12706710,  7119, 4,17:30:34,17:33:01,   147, 43.80, 30.20, 13.60
         0,     0, 4,17:33:08,17:33:20,    12, 30.20, 43.40,-13.20
  21268104,  6062, 2,17:33:44,17:35:25,   101, 43.80, 31.20, 12.60
  11499202,     0, 8,17:34:23,17:35:31,    68, 40.60, 36.30,  4.30
         0,     0, 8,17:35:40,17:35:45,     5, 36.30, 41.10, -4.80
         0,     0, 2,17:35:32,17:35:45,    13, 31.20, 43.70,-12.50
  21306958,  5124,10,17:34:58,17:36:34,    96, 41.10, 40.50,  0.60
  12706667,     0, 8,17:36:37,17:36:39,     2, 41.10, 41.10,  0.00
  12448428,  6041, 1,17:36:02,17:36:55,    53, 41.20, 25.80, 15.40
         0,     0, 1,17:37:02,17:37:16,    14, 25.80, 41.20,-15.40
  13008866,     0, 8,17:38:46,17:38:47,     1, 40.40, 40.50, -0.10
  21306958,  5124, 9,17:37:02,17:38:58,   116, 41.00, 36.10,  4.90
         0,     0, 9,17:39:06,17:39:12,     6, 36.10, 41.10, -5.00
  12448432,  6045, 5,17:37:16,17:39:20,   124, 40.80, 28.90, 11.90
  11953978,  4008, 1,17:38:28,17:39:25,    57, 41.20, 31.00, 10.20
         0,     0, 5,17:39:27,17:39:39,    12, 28.90, 40.90,-12.00
         0,     0, 1,17:39:34,17:39:43,     9, 31.00, 41.20,-10.20
  13008866,     0, 8,17:39:30,17:40:00,    30, 40.10, 39.80,  0.30
         0,     0, 8,17:40:08,17:40:09,     1, 39.80, 40.80, -1.00
  12706700,  7109, 3,17:41:21,17:42:38,    77, 47.50, 25.10, 22.40
         0,     0, 3,17:42:45,17:43:04,    19, 25.10, 25.00,  0.10
  11954050,  4080, 1,17:44:12,17:45:29,    77, 41.20, 30.40, 10.80
         0,     0, 1,17:45:36,17:45:46,    10, 30.40, 41.20,-10.80
  13008842,  8083, 3,17:44:41,17:46:21,   100, 47.20, 35.10, 12.10
         0,     0, 3,17:46:28,17:46:37,     9, 35.10, 35.10,  0.00
  12199988,     0, 8,17:48:14,17:48:15,     1, 39.70, 39.80, -0.10
         0,     0, 8,17:48:24,17:48:25,     1, 39.80, 40.40, -0.60
  12706609,  7018, 7,17:47:42,17:50:20,   158, 41.60, 33.40,  8.20
         0,     0, 7,17:50:28,17:50:33,     5, 33.40, 41.50, -8.10
  12706667,     0, 8,17:50:48,17:50:50,     2, 29.60, 29.60,  0.00
         0,     0, 8,17:50:58,17:51:12,    14, 29.60, 41.10,-11.50
  12448479,  6092, 2,17:49:07,17:51:29,   142, 43.70, 29.20, 14.50
         0,     0, 2,17:51:36,17:51:50,    14, 29.20, 43.80,-14.60
  12706667,     0, 8,17:51:57,17:51:58,     1, 30.50, 30.50,  0.00
         0,     0, 8,17:52:06,17:52:17,    11, 30.50, 41.10,-10.60
  13008732,  7153, 1,17:51:28,17:53:44,   136, 41.20, 23.40, 17.80
         0,     0, 1,17:53:51,17:54:08,    17, 23.40, 41.20,-17.80
  13008835,     0, 8,17:54:09,17:54:11,     2, 41.00, 41.00,  0.00
  13008835,     0, 8,17:54:34,17:54:36,     2, 41.00, 41.00,  0.00
  12448483,  6096, 3,17:55:40,17:55:41,     1, 47.20, 46.50,  0.70
  12199977,     0, 9,17:55:06,17:56:10,    64, 41.10, 33.40,  7.70
  12200010,  5064, 1,17:55:25,17:56:16,    51, 41.20, 33.00,  8.20
         0,     0, 9,17:56:19,17:56:29,    10, 33.40, 41.00, -7.60
         0,     0, 1,17:56:23,17:56:31,     8, 33.00, 41.30, -8.30
  12448483,  6096, 4,17:55:49,17:57:32,   103, 43.70, 23.10, 20.60
  12706655,  7064, 2,17:56:54,17:57:53,    59, 43.80, 31.30, 12.50
         0,     0, 4,17:57:39,17:57:58,    19, 23.10, 43.30,-20.20
         0,     0, 2,17:58:00,17:58:12,    12, 31.30, 43.70,-12.40
  13008835,     0, 8,17:59:10,17:59:11,     1, 40.10, 40.20, -0.10
  12199987,     0, 8,17:59:22,18:00:02,    40, 40.20, 39.90,  0.30
         0,     0, 8,18:00:10,18:00:10,     0, 39.90, 40.70, -0.80
  13008835,     0, 8,18:00:32,18:01:16,    44, 40.80, 33.20,  7.60
         0,     0, 8,18:01:24,18:01:32,     8, 33.20, 41.20, -8.00
  11954027,  4057, 1,18:01:39,18:01:52,    13, 41.30, 41.20,  0.10
  12448432,  6045, 5,18:00:18,18:02:24,   126, 40.90, 34.50,  6.40
         0,     0, 5,18:02:33,18:02:39,     6, 34.50, 41.00, -6.50
  12448477,  6090, 2,18:01:54,18:03:18,    84, 43.80, 25.70, 18.10
         0,     0, 2,18:03:25,18:03:43,    18, 25.70, 43.70,-18.00
  11954027,  4057, 1,18:02:53,18:04:10,    77, 41.20, 32.00,  9.20
         0,     0, 1,18:04:18,18:04:26,     8, 32.00, 41.30, -9.30
  21268825,  6068, 1,18:04:43,18:08:09,   206, 41.30, 24.00, 17.30
         0,     0, 1,18:08:17,18:08:34,    17, 24.00, 41.20,-17.20
  13008835,     0, 8,18:11:40,18:11:44,     4, 41.10, 41.10,  0.00
  13008815,     0, 9,18:16:31,18:17:46,    75, 40.90, 35.70,  5.20
         0,     0, 9,18:17:54,18:18:01,     7, 35.70, 41.00, -5.30
  12706634,     0, 9,18:18:45,18:19:58,    73, 41.00, 33.80,  7.20
         0,     0, 9,18:20:05,18:20:14,     9, 33.80, 34.60, -0.80
  12706634,     0, 9,18:20:47,18:20:49,     2, 36.10, 36.10,  0.00
  12448428,  6041, 4,18:20:13,18:20:56,    43, 43.60, 32.50, 11.10
         0,     0, 9,18:20:57,18:21:03,     6, 36.10, 41.00, -4.90
         0,     0, 4,18:21:05,18:21:15,    10, 32.50, 43.40,-10.90
  21268104,  6062, 4,18:21:26,18:21:44,    18, 43.60, 42.10,  1.50
  12706645,     0, 8,18:22:33,18:22:34,     1, 41.00, 41.00,  0.00
  12448416,  6029, 3,18:21:53,18:23:10,    77, 46.60, 30.60, 16.00
         0,     0, 3,18:23:17,18:23:30,    13, 30.60, 30.60,  0.00
  21268104,  6062, 2,18:22:54,18:24:13,    79, 43.80, 34.10,  9.70
         0,     0, 2,18:24:20,18:24:29,     9, 34.10, 43.80, -9.70
  13008835,     0, 7,17:54:16,18:28:33,  2057, 41.50, 23.00, 18.50
         0,     0, 7,18:28:41,18:28:53,    12, 23.00, 23.00,  0.00
  11953978,  4008, 2,18:28:15,18:29:01,    46, 43.80, 36.10,  7.70
         0,     0, 2,18:29:08,18:29:15,     7, 36.10, 43.70, -7.60
  13008742,  7163, 5,18:28:49,18:29:13,    24, 40.90, 40.70,  0.20
  13008742,  7163, 5,18:29:23,18:31:34,   131, 40.70, 24.00, 16.70
         0,     0, 5,18:31:43,18:31:59,    16, 24.00, 24.10, -0.10
  12448412,  6025, 1,18:31:09,18:33:14,   125, 41.20, 40.70,  0.50
  12448448,  6061, 1,18:33:29,18:33:47,    18, 40.70, 40.70,  0.00
  12448412,  6025, 2,18:33:17,18:35:34,   137, 43.80, 15.60, 28.20
  12448479,  6092, 4,18:34:50,18:35:44,    54, 42.30, 38.40,  3.90
         0,     0, 4,18:35:52,18:35:57,     5, 38.40, 38.50, -0.10
         0,     0, 2,18:35:42,18:36:12,    30, 15.60, 43.70,-28.10
  12448471,  6084, 4,18:36:11,18:36:17,     6, 43.30, 43.20,  0.10
  11499202,     0, 8,18:36:25,18:36:48,    23, 41.00, 38.60,  2.40
         0,     0, 8,18:36:56,18:36:58,     2, 38.60, 41.20, -2.60
  12448471,  6084, 4,18:36:59,18:37:02,     3, 43.60, 43.30,  0.30
  12448479,  6092, 3,18:37:31,18:37:56,    25, 46.70, 44.50,  2.20
  12448471,  6084, 5,18:37:26,18:38:00,    34, 40.90, 34.90,  6.00
  13008835,     0, 8,18:37:59,18:38:08,     9, 41.20, 41.10,  0.10
         0,     0, 5,18:38:09,18:38:14,     5, 34.90, 35.10, -0.20
  12448448,  6061, 2,18:38:12,18:38:22,    10, 43.70, 43.70,  0.00
  13008835,     0, 8,18:38:50,18:39:14,    24, 41.10, 41.00,  0.10
  12706636,  7045, 1,18:37:54,18:39:28,    94, 40.70, 27.60, 13.10
  12706700,  7109, 2,18:38:33,18:39:31,    58, 43.70, 30.10, 13.60
  12706639,  7048, 5,18:38:41,18:39:43,    62, 40.90, 26.00, 14.90
         0,     0, 1,18:39:36,18:39:49,    13, 27.60, 41.20,-13.60
         0,     0, 2,18:39:38,18:39:52,    14, 30.10, 43.80,-13.70
         0,     0, 5,18:39:50,18:40:04,    14, 26.00, 41.00,-15.00
  13008835,     0, 8,18:39:53,18:40:28,    35, 41.00, 40.80,  0.20
  12706636,  7045, 1,18:40:05,18:41:24,    79, 41.20, 38.00,  3.20
         0,     0, 1,18:41:32,18:41:34,     2, 38.00, 41.20, -3.20
  12448477,  6090, 3,18:41:55,18:42:42,    47, 44.70, 36.80,  7.90
         0,     0, 3,18:42:50,18:42:58,     8, 36.80, 36.90, -0.10
  12706727,  7136, 4,18:41:52,18:43:18,    86, 43.30, 25.00, 18.30
         0,     0, 4,18:43:26,18:43:43,    17, 25.00, 43.20,-18.20
  12448448,  6061, 2,18:40:03,18:46:30,   387, 43.70, 26.10, 17.60
         0,     0, 2,18:46:38,18:46:56,    18, 26.10, 43.70,-17.60
  11724181,     0, 8,18:52:42,18:52:43,     1, 40.70, 40.70,  0.00
  11954014,  4044, 3,18:53:22,18:54:29,    67, 46.80, 33.10, 13.70
         0,     0, 3,18:54:37,18:54:48,    11, 33.10, 33.00,  0.10
  13008815,     0, 9,18:55:01,18:55:59,    58, 41.00, 37.20,  3.80
         0,     0, 9,18:56:07,18:56:10,     3, 37.20, 39.50, -2.30
  12200064,  5118, 2,18:52:58,18:56:09,   191, 43.70, 24.60, 19.10
         0,     0, 2,18:56:18,18:56:38,    20, 24.60, 43.80,-19.20
  13008815,     0, 9,18:56:27,18:57:33,    66, 38.10, 35.50,  2.60
         0,     0, 9,18:57:40,18:57:47,     7, 35.50, 41.00, -5.50
  12448474,  6087, 1,18:55:38,18:57:57,   139, 41.20, 25.60, 15.60
         0,     0, 1,18:58:06,18:58:21,    15, 25.60, 41.30,-15.70
  12448416,  6029, 4,18:56:29,18:58:42,   133, 43.70, 30.60, 13.10
         0,     0, 4,18:58:50,18:59:02,    12, 30.60, 43.60,-13.00
  12200048,     0, 8,18:57:04,18:59:15,   131, 40.10, 28.80, 11.30
         0,     0, 8,18:59:24,18:59:37,    13, 28.80, 41.10,-12.30
  21268825,  6068, 2,18:57:47,19:00:10,   143, 43.80, 29.70, 14.10
         0,     0, 2,19:00:18,19:00:32,    14, 29.70, 43.70,-14.00
  12706659,  7068, 4,18:59:25,19:02:27,   182, 43.50, 21.40, 22.10
         0,     0, 4,19:02:36,19:02:57,    21, 21.40, 43.40,-22.00
  11953996,  4026, 1,19:01:32,19:04:06,   154, 41.20, 25.50, 15.70
         0,     0, 1,19:04:15,19:04:30,    15, 25.50, 41.30,-15.80
  11954056,     0,10,19:05:20,19:05:38,    18, 40.30, 40.10,  0.20
  11954056,     0, 9,19:05:52,19:06:24,    32, 41.10, 40.40,  0.70
  11954056,     0, 9,19:06:35,19:06:59,    24, 40.40, 39.20,  1.20
         0,     0, 9,19:07:08,19:07:10,     2, 39.20, 41.10, -1.90
  12448479,  6092, 4,19:07:00,19:07:51,    51, 43.90, 40.50,  3.40
         0,     0, 4,19:07:59,19:08:01,     2, 40.50, 43.90, -3.40
  11954056,     0, 9,19:08:23,19:08:24,     1, 31.30, 31.40, -0.10
         0,     0, 9,19:08:32,19:08:45,    13, 31.40, 41.10, -9.70
  12448479,  6092, 4,19:08:11,19:08:43,    32, 43.90, 37.50,  6.40
         0,     0, 4,19:08:51,19:08:56,     5, 37.50, 43.40, -5.90
  12706706,  7115, 2,19:12:20,19:13:11,    51, 43.70, 38.00,  5.70
         0,     0, 2,19:13:19,19:13:24,     5, 38.00, 43.80, -5.80
  12706646,     0, 8,19:13:37,19:13:48,    11, 29.60, 29.30,  0.30
  12199987,     0, 7,18:29:16,19:13:57,  2681, 41.30, 27.90, 13.40
         0,     0, 8,19:13:55,19:14:08,    13, 29.30, 41.10,-11.80
         0,     0, 7,19:14:04,19:14:14,    10, 27.90, 27.90,  0.00
  12706646,     0, 8,19:14:24,19:15:34,    70, 41.00, 28.10, 12.90
         0,     0, 8,19:15:42,19:15:55,    13, 28.10, 28.20, -0.10
  12706738,  7147, 2,19:14:26,19:16:19,   113, 43.80, 27.40, 16.40
  12706646,     0, 8,19:16:17,19:16:28,    11, 41.10, 38.40,  2.70
         0,     0, 8,19:16:35,19:16:37,     2, 38.40, 41.00, -2.60
         0,     0, 2,19:16:27,19:16:43,    16, 27.40, 43.70,-16.30
  12706651,  7060, 5,19:17:10,19:17:48,    38, 40.90, 38.10,  2.80
  12706729,  7138, 4,19:17:03,19:17:49,    46, 43.50, 35.50,  8.00
         0,     0, 5,19:17:55,19:17:57,     2, 38.10, 40.90, -2.80
         0,     0, 4,19:17:57,19:18:04,     7, 35.50, 43.40, -7.90
  12706651,  7060, 5,19:18:07,19:18:59,    52, 40.90, 35.70,  5.20
         0,     0, 5,19:19:08,19:19:13,     5, 35.70, 41.00, -5.30
  13008827,     0, 8,19:19:49,19:19:55,     6, 41.00, 41.00,  0.00
  12706669,  7078, 3,19:23:25,19:25:27,   122, 46.60, 38.90,  7.70
  12706727,  7136, 2,19:24:32,19:25:29,    57, 43.70, 34.30,  9.40
  12706705,  7114, 4,19:23:48,19:25:32,   104, 44.20, 37.50,  6.70
         0,     0, 3,19:25:36,19:25:42,     6, 38.90, 46.20, -7.30
         0,     0, 4,19:25:39,19:25:45,     6, 37.50, 43.20, -5.70
         0,     0, 2,19:25:37,19:25:46,     9, 34.30, 43.90, -9.60
  12706622,     0, 8,19:24:14,19:26:31,   137, 40.80, 26.60, 14.20
         0,     0, 8,19:26:40,19:26:54,    14, 26.60, 26.70, -0.10
  12200048,     0, 8,19:27:07,19:27:14,     7, 40.30, 40.30,  0.00
  12706705,  7114, 4,19:26:27,19:27:17,    50, 43.40, 37.00,  6.40
         0,     0, 4,19:27:26,19:27:32,     6, 37.00, 43.40, -6.40
  12200010,  5064, 1,19:26:18,19:27:38,    80, 41.30, 26.10, 15.20
         0,     0, 1,19:27:46,19:28:00,    14, 26.10, 41.30,-15.20
  12706639,  7048, 4,19:28:32,19:30:26,   114, 43.70, 36.00,  7.70
         0,     0, 4,19:30:34,19:30:41,     7, 36.00, 43.30, -7.30
  13008737,     0,10,19:30:36,19:30:41,     5, 27.30, 27.30,  0.00
         0,     0,10,19:30:48,19:31:03,    15, 27.30, 41.20,-13.90
  21304388,  6125, 1,19:28:58,19:31:08,   130, 41.30, 19.90, 21.40
  13008848,     0, 8,19:30:54,19:31:11,    17, 39.80, 39.30,  0.50
         0,     0, 8,19:31:19,19:31:21,     2, 39.30, 41.30, -2.00
  12706636,  7045, 3,19:29:15,19:31:21,   126, 46.30, 34.40, 11.90
  12199986,     0,10,19:31:18,19:31:22,     4, 39.80, 39.90, -0.10
         0,     0,10,19:31:29,19:31:29,     0, 39.90, 41.00, -1.10
         0,     0, 1,19:31:16,19:31:37,    21, 19.90, 41.20,-21.30
         0,     0, 3,19:31:29,19:31:39,    10, 34.40, 46.60,-12.20
  13008833,     0,10,19:33:08,19:33:51,    43, 34.60, 34.00,  0.60
         0,     0,10,19:33:58,19:34:05,     7, 34.00, 40.70, -6.70
  13008833,     0,10,19:34:16,19:35:48,    92, 40.30, 32.50,  7.80
         0,     0,10,19:35:55,19:36:04,     9, 32.50, 41.20, -8.70
  12200042,  5096, 1,19:37:32,19:40:02,   150, 41.20, 21.90, 19.30
         0,     0, 1,19:40:10,19:40:29,    19, 21.90, 41.20,-19.30
  12200046,  5100, 4,19:39:56,19:40:56,    60, 43.60, 29.20, 14.40
         0,     0, 4,19:41:05,19:41:18,    13, 29.20, 43.50,-14.30
  12200048,     0, 8,19:40:16,19:42:13,   117, 28.90, 19.60,  9.30
         0,     0, 8,19:42:21,19:42:43,    22, 19.60, 41.10,-21.50
  12706729,  7138, 5,19:42:02,19:43:07,    65, 40.90, 33.20,  7.70
         0,     0, 5,19:43:15,19:43:22,     7, 33.20, 33.20,  0.00
  12199988,     0, 8,19:44:23,19:45:49,    86, 40.30, 27.90, 12.40
         0,     0, 8,19:45:56,19:46:10,    14, 27.90, 41.10,-13.20
  11954050,  4080, 1,19:44:51,19:47:05,   134, 41.20, 30.70, 10.50
         0,     0, 1,19:47:12,19:47:22,    10, 30.70, 41.20,-10.50
  12448479,  6092, 2,19:47:28,19:47:39,    11, 43.80, 43.30,  0.50
  13008837,     0, 9,19:47:38,19:47:44,     6, 41.10, 41.00,  0.10
  13008837,     0, 9,19:47:54,19:47:55,     1, 41.00, 41.00,  0.00
  12448479,  6092, 2,19:47:50,19:48:40,    50, 43.30, 40.00,  3.30
         0,     0, 2,19:48:48,19:48:51,     3, 40.00, 43.70, -3.70
  12448479,  6092, 2,19:49:01,19:49:19,    18, 43.70, 41.50,  2.20
         0,     0, 2,19:49:28,19:49:29,     1, 41.50, 43.60, -2.10
  12199986,     0,10,19:49:40,19:49:51,    11, 41.20, 39.70,  1.50
         0,     0,10,19:50:00,19:50:01,     1, 39.70, 41.10, -1.40
  12448473,  6086, 1,19:48:54,19:49:58,    64, 41.20, 31.00, 10.20
         0,     0, 1,19:50:07,19:50:16,     9, 31.00, 41.20,-10.20
  12706669,  7078, 3,19:49:42,19:50:22,    40, 47.20, 38.20,  9.00
         0,     0, 3,19:50:30,19:50:36,     6, 38.20, 38.20,  0.00
  12448442,  6055, 8,19:51:50,19:52:09,    19, 41.20, 37.30,  3.90
         0,     0, 8,19:52:18,19:52:21,     3, 37.30, 41.10, -3.80
  12200048,     0, 7,19:26:23,19:52:36,  1573, 40.50, 31.10,  9.40
  12706706,  7115, 4,19:52:07,19:52:43,    36, 44.00, 32.20, 11.80
         0,     0, 7,19:52:43,19:52:50,     7, 31.10, 31.10,  0.00
         0,     0, 4,19:52:51,19:53:01,    10, 32.20, 43.50,-11.30
  11953978,  4008, 1,19:53:46,19:54:44,    58, 41.20, 31.50,  9.70
  12448451,  6064, 2,19:54:44,19:54:49,     5, 43.60, 43.60,  0.00
         0,     0, 1,19:54:52,19:55:01,     9, 31.50, 41.20, -9.70
  13008762,     0,10,19:55:39,19:55:42,     3, 41.10, 41.10,  0.00
  13008762,     0,10,19:56:15,19:56:17,     2, 41.00, 41.00,  0.00
  12448451,  6064, 1,19:55:14,19:58:50,   216, 41.20, 18.80, 22.40
         0,     0, 1,19:58:59,19:59:20,    21, 18.80, 41.20,-22.40
  13008762,     0, 9,19:58:32,20:00:59,   147, 41.00, 35.30,  5.70
         0,     0, 9,20:01:08,20:01:15,     7, 35.30, 41.00, -5.70
  12706642,  7051, 8,19:58:59,20:02:06,   187, 41.20, 24.10, 17.10
  12448454,  6067, 5,20:00:22,20:02:15,   113, 40.90, 31.20,  9.70
         0,     0, 5,20:02:22,20:02:31,     9, 31.20, 31.30, -0.10
         0,     0, 8,20:02:15,20:02:33,    18, 24.10, 24.20, -0.10
  12200064,  5118, 4,20:03:47,20:05:08,    81, 43.80, 43.40,  0.40
  12706701,  7110, 2,20:01:51,20:05:23,   212, 43.60, 28.80, 14.80
         0,     0, 2,20:05:32,20:05:47,    15, 28.80, 43.70,-14.90
  12200064,  5118, 4,20:05:39,20:06:19,    40, 43.90, 43.00,  0.90
  11953978,  4008, 3,20:06:00,20:06:21,    21, 47.00, 42.50,  4.50
         0,     0, 3,20:06:29,20:06:31,     2, 42.50, 46.20, -3.70
  12448428,  6041, 4,20:06:39,20:07:21,    42, 43.00, 33.70,  9.30
         0,     0, 4,20:07:29,20:07:38,     9, 33.70, 43.30, -9.60
  12200064,  5118, 4,20:07:49,20:08:42,    53, 43.70, 43.10,  0.60
  13008837,     0, 9,20:06:41,20:08:52,   131, 40.80, 31.90,  8.90
         0,     0, 9,20:09:01,20:09:13,    12, 31.90, 41.10, -9.20
  12200064,  5118, 4,20:08:56,20:10:11,    75, 43.20, 26.00, 17.20
         0,     0, 4,20:10:18,20:10:35,    17, 26.00, 43.40,-17.40
  11724181,     0, 8,20:10:35,20:10:36,     1, 41.20, 41.20,  0.00
  12448432,  6045, 5,20:12:16,20:15:14,   178, 40.80, 29.00, 11.80
  11724181,     0, 7,20:12:43,20:15:27,   164, 41.60, 41.40,  0.20
         0,     0, 5,20:15:22,20:15:33,    11, 29.00, 40.90,-11.90
  12706738,  7147, 5,20:16:26,20:16:32,     6, 40.90, 40.80,  0.10
  21306958,  5124,10,20:15:21,20:16:40,    79, 41.00, 40.70,  0.30
  21306958,  5124, 9,20:16:44,20:16:51,     7, 41.10, 41.00,  0.10
  12706700,  7109, 3,20:17:38,20:18:06,    28, 46.80, 41.60,  5.20
         0,     0, 3,20:18:14,20:18:17,     3, 41.60, 41.60,  0.00
  12706738,  7147, 3,20:18:43,20:19:31,    48, 46.50, 41.50,  5.00
         0,     0, 3,20:19:39,20:19:42,     3, 41.50, 46.40, -4.90
  12706622,     0, 7,20:18:55,20:20:11,    76, 26.60, 26.60,  0.00
         0,     0, 7,20:20:18,20:20:27,     9, 26.60, 26.70, -0.10
  12706719,  7128, 2,20:17:32,20:20:31,   179, 43.80, 29.30, 14.50
         0,     0, 2,20:20:39,20:20:53,    14, 29.30, 43.80,-14.50
  12706645,     0, 8,20:20:20,20:20:51,    31, 41.20, 41.00,  0.20
  12706645,     0, 8,20:21:07,20:22:03,    56, 38.80, 25.30, 13.50
         0,     0, 8,20:22:10,20:22:27,    17, 25.30, 41.10,-15.80
  12706700,  7109, 3,20:21:42,20:22:53,    71, 46.50, 37.70,  8.80
         0,     0, 3,20:23:00,20:23:07,     7, 37.70, 37.70,  0.00
  12706707,  7116, 3,20:24:29,20:24:36,     7, 46.30, 45.90,  0.40
  12448473,  6086, 2,20:25:30,20:26:22,    52, 43.80, 37.20,  6.60
         0,     0, 2,20:26:30,20:26:36,     6, 37.20, 43.80, -6.60
  12706616,  7025, 1,20:26:41,20:27:45,    64, 41.20, 41.10,  0.10
  12706707,  7116, 3,20:26:44,20:27:47,    63, 45.60, 39.60,  6.00
         0,     0, 3,20:27:55,20:28:00,     5, 39.60, 46.20, -6.60
  12448454,  6067, 2,20:28:08,20:28:27,    19, 43.80, 43.70,  0.10
  12448454,  6067, 2,20:28:38,20:29:47,    69, 43.70, 37.90,  5.80
         0,     0, 2,20:29:55,20:30:00,     5, 37.90, 43.70, -5.80
  12706667,     0, 8,20:30:11,20:30:14,     3, 41.20, 41.20,  0.00
  21306958,  5124, 9,20:30:40,20:31:19,    39, 41.00, 40.80,  0.20
  12706667,     0, 7,20:27:04,20:31:22,   258, 41.70, 41.30,  0.40
  12448442,  6055, 8,20:35:14,20:35:27,    13, 41.20, 40.80,  0.40
  12200048,     0, 7,20:32:24,20:36:55,   271, 38.00, 34.20,  3.80
         0,     0, 7,20:37:02,20:37:06,     4, 34.20, 41.40, -7.20
  12448442,  6055, 8,20:38:29,20:39:38,    69, 38.50, 29.90,  8.60
         0,     0, 8,20:39:46,20:39:58,    12, 29.90, 41.10,-11.20
  12706705,  7114, 2,20:39:11,20:41:17,   126, 43.70, 31.40, 12.30
         0,     0, 2,20:41:26,20:41:38,    12, 31.40, 43.70,-12.30
  12706667,     0, 7,20:37:17,20:41:36,   259, 40.20, 38.20,  2.00
         0,     0, 7,20:41:44,20:41:46,     2, 38.20, 41.70, -3.50
  13008839,     0, 8,20:42:35,20:42:52,    17, 39.60, 38.60,  1.00
         0,     0, 8,20:42:59,20:43:01,     2, 38.60, 41.00, -2.40
  13008839,     0, 8,20:43:24,20:43:39,    15, 39.60, 37.80,  1.80
         0,     0, 8,20:43:47,20:43:50,     3, 37.80, 41.10, -3.30
  13008839,     0, 8,20:44:35,20:44:36,     1, 32.50, 32.60, -0.10
         0,     0, 8,20:44:44,20:44:53,     9, 32.60, 41.10, -8.50
  21292347,  5120, 4,20:43:58,20:45:50,   112, 44.00, 35.90,  8.10
         0,     0, 4,20:45:57,20:46:04,     7, 35.90, 43.40, -7.50
  12706616,  7025, 3,20:47:21,20:48:35,    74, 46.50, 29.60, 16.90
         0,     0, 3,20:48:43,20:48:57,    14, 29.60, 29.60,  0.00
  13008839,     0, 7,20:42:02,20:50:04,   482, 41.20, 41.10,  0.10
  13008798,     0, 8,20:49:48,20:51:33,   105, 41.20, 25.90, 15.30
         0,     0, 8,20:51:41,20:51:57,    16, 25.90, 26.00, -0.10
  12200046,  5100, 4,20:52:49,20:53:31,    42, 44.00, 34.70,  9.30
         0,     0, 4,20:53:39,20:53:47,     8, 34.70, 43.30, -8.60
  12706636,  7045, 1,20:54:46,20:55:48,    62, 41.10, 32.80,  8.30
         0,     0, 1,20:55:55,20:56:02,     7, 32.80, 41.20, -8.40
  13008842,  8083, 3,20:57:48,21:00:03,   135, 46.10, 30.30, 15.80
         0,     0, 3,21:00:10,21:00:23,    13, 30.30, 30.50, -0.20
  21306958,  5124,10,21:00:39,21:01:48,    69, 40.60, 36.50,  4.10
         0,     0,10,21:01:56,21:02:00,     4, 36.50, 41.20, -4.70
  12448454,  6067, 2,21:01:22,21:02:51,    89, 43.70, 33.30, 10.40
         0,     0, 2,21:02:59,21:03:09,    10, 33.30, 43.80,-10.50
  12706738,  7147, 5,21:11:26,21:11:54,    28, 40.80, 37.40,  3.40
         0,     0, 5,21:12:01,21:12:04,     3, 37.40, 41.00, -3.60
  12200042,  5096, 5,21:12:52,21:13:01,     9, 40.90, 40.90,  0.00
  12200042,  5096, 5,21:13:25,21:14:05,    40, 40.90, 36.90,  4.00
         0,     0, 5,21:14:13,21:14:16,     3, 36.90, 40.90, -4.00
  13323420,     0,10,21:14:34,21:14:56,    22, 40.70, 39.50,  1.20
         0,     0,10,21:15:05,21:15:06,     1, 39.50, 41.20, -1.70
  12200042,  5096, 5,21:14:47,21:15:32,    45, 41.00, 31.80,  9.20
  13323420,     0,10,21:15:19,21:15:30,    11, 41.20, 39.10,  2.10
         0,     0,10,21:15:39,21:15:40,     1, 39.10, 41.20, -2.10
         0,     0, 5,21:15:39,21:15:48,     9, 31.80, 41.00, -9.20
  13323420,     0,10,21:15:54,21:16:31,    37, 41.20, 34.60,  6.60
         0,     0,10,21:16:39,21:16:45,     6, 34.60, 41.10, -6.50
  11954027,  4057, 1,21:16:55,21:17:11,    16, 41.20, 40.90,  0.30
  12706738,  7147, 5,21:15:58,21:17:59,   121, 41.00, 27.80, 13.20
         0,     0, 5,21:18:07,21:18:19,    12, 27.80, 40.90,-13.10
  12706727,  7136, 4,21:17:09,21:18:20,    71, 43.70, 30.80, 12.90
         0,     0, 4,21:18:27,21:18:39,    12, 30.80, 43.30,-12.50
  11954027,  4057, 1,21:17:27,21:18:46,    79, 40.90, 20.30, 20.60
  12448437,  6050,10,21:16:57,21:18:54,   117, 41.10, 34.70,  6.40
  21306958,  5124, 9,21:17:01,21:18:57,   116, 40.90, 39.20,  1.70
         0,     0, 9,21:19:06,21:19:08,     2, 39.20, 41.00, -1.80
         0,     0,10,21:19:02,21:19:09,     7, 34.70, 41.10, -6.40
         0,     0, 1,21:18:54,21:19:14,    20, 20.30, 41.20,-20.90
  11954027,  4057, 1,21:20:02,21:20:19,    17, 41.20, 40.00,  1.20
         0,     0, 1,21:20:26,21:20:26,     0, 40.00, 40.90, -0.90
  11954027,  4057, 1,21:21:04,21:22:15,    71, 40.90, 39.00,  1.90
         0,     0, 1,21:22:22,21:22:23,     1, 39.00, 41.20, -2.20
  13008835,     0, 8,21:18:03,21:22:43,   280, 41.20, 32.40,  8.80
         0,     0, 8,21:22:52,21:23:01,     9, 32.40, 41.10, -8.70
  12448451,  6064, 5,21:21:56,21:23:17,    81, 40.80, 40.70,  0.10
  12448451,  6064, 5,21:23:59,21:24:15,    16, 40.70, 40.60,  0.10
  13008858,     0, 7,20:50:16,21:24:56,  2080, 41.00, 32.30,  8.70
         0,     0, 7,21:25:04,21:25:10,     6, 32.30, 41.60, -9.30
  13008732,  7153, 4,21:25:19,21:27:47,   148, 43.70, 37.70,  6.00
         0,     0, 4,21:27:54,21:27:59,     5, 37.70, 43.30, -5.60
  12448432,  6045, 5,21:27:30,21:29:05,    95, 40.70, 33.20,  7.50
         0,     0, 5,21:29:12,21:29:19,     7, 33.20, 41.00, -7.80
  12199981,  5035, 4,21:28:54,21:29:56,    62, 43.50, 30.30, 13.20
         0,     0, 4,21:30:03,21:30:15,    12, 30.30, 43.10,-12.80
  12706637,  7046, 4,21:30:31,21:32:49,   138, 44.10, 26.70, 17.40
  13008732,  7153, 3,21:30:20,21:33:07,   167, 46.40, 36.00, 10.40
         0,     0, 4,21:32:57,21:33:13,    16, 26.70, 43.20,-16.50
         0,     0, 3,21:33:15,21:33:23,     8, 36.00, 36.30, -0.30
  13008826,     0, 7,21:26:18,21:37:33,   675, 28.60, 28.50,  0.10
         0,     0, 7,21:37:41,21:37:49,     8, 28.50, 41.60,-13.10
  12706616,  7025, 2,21:38:10,21:39:20,    70, 43.70, 32.90, 10.80
         0,     0, 2,21:39:28,21:39:38,    10, 32.90, 43.80,-10.90
  13008839,     0, 8,21:44:28,21:45:38,    70, 40.90, 39.00,  1.90
         0,     0, 8,21:45:47,21:45:49,     2, 39.00, 41.20, -2.20
  13008779,     0, 9,21:46:08,21:47:06,    58, 41.00, 35.50,  5.50
         0,     0, 9,21:47:14,21:47:21,     7, 35.50, 41.10, -5.60
  13008839,     0, 8,21:46:28,21:47:40,    72, 39.20, 36.60,  2.60
         0,     0, 8,21:47:48,21:47:52,     4, 36.60, 41.10, -4.50
  13008779,     0, 9,21:48:03,21:48:18,    15, 41.10, 39.70,  1.40
         0,     0, 9,21:48:26,21:48:27,     1, 39.70, 41.00, -1.30
  12448437,  6050, 9,21:50:32,21:50:41,     9, 40.90, 40.90,  0.00
  13008798,     0, 7,21:38:58,21:53:11,   853, 41.60, 29.20, 12.40
         0,     0, 7,21:53:19,21:53:26,     7, 29.20, 41.40,-12.20
  13008842,  8083, 4,21:51:35,21:53:37,   122, 44.40, 34.00, 10.40
         0,     0, 4,21:53:44,21:53:52,     8, 34.00, 43.70, -9.70
  12448477,  6090, 2,21:53:24,21:54:08,    44, 43.80, 42.10,  1.70
  12706710,  7119, 2,21:55:40,21:57:07,    87, 42.10, 28.90, 13.20
  12448412,  6025, 5,21:52:59,21:57:18,   259, 41.00, 18.70, 22.30
         0,     0, 2,21:57:14,21:57:29,    15, 28.90, 43.70,-14.80
         0,     0, 5,21:57:25,21:57:46,    21, 18.70, 40.90,-22.20
  12706710,  7119, 3,21:58:12,21:58:56,    44, 46.60, 36.40, 10.20
         0,     0, 3,21:59:03,21:59:11,     8, 36.40, 36.60, -0.20
  13008737,     0,10,21:57:45,21:59:20,    95, 41.00, 28.50, 12.50
         0,     0,10,21:59:28,21:59:41,    13, 28.50, 41.20,-12.70
  12706719,  7128, 5,21:58:12,22:00:54,   162, 40.90, 27.40, 13.50
         0,     0, 5,22:01:01,22:01:14,    13, 27.40, 41.00,-13.60
  21268104,  6062, 2,22:10:25,22:10:52,    27, 43.70, 43.10,  0.60
  12448477,  6090, 3,22:10:04,22:11:04,    60, 46.70, 40.90,  5.80
  21268104,  6062, 1,22:11:07,22:11:11,     4, 41.20, 41.20,  0.00
         0,     0, 3,22:11:12,22:11:16,     4, 40.90, 46.30, -5.40
  13008827,     0, 8,22:13:17,22:14:50,    93, 39.50, 24.50, 15.00
  12448483,  6096, 1,22:11:34,22:15:05,   211, 41.20, 14.10, 27.10
         0,     0, 8,22:14:58,22:15:16,    18, 24.50, 41.10,-16.60
         0,     0, 1,22:15:12,22:15:39,    27, 14.10, 41.30,-27.20
  21268104,  6062, 2,22:18:14,22:19:57,   103, 43.10, 31.40, 11.70
         0,     0, 2,22:20:05,22:20:17,    12, 31.40, 43.80,-12.40
  12706634,     0, 9,22:23:43,22:25:02,    79, 40.90, 36.40,  4.50
         0,     0, 9,22:25:09,22:25:15,     6, 36.40, 41.10, -4.70
  12706637,  7046, 4,22:25:35,22:26:56,    81, 43.80, 34.80,  9.00
         0,     0, 4,22:27:04,22:27:12,     8, 34.80, 43.40, -8.60
  12706634,     0, 9,22:27:07,22:27:49,    42, 40.90, 37.90,  3.00
         0,     0, 9,22:27:57,22:28:00,     3, 37.90, 41.00, -3.10
  13008797,     0, 9,22:29:43,22:31:19,    96, 41.00, 40.40,  0.60
  13008797,     0, 9,22:32:50,22:32:52,     2, 36.10, 36.10,  0.00
         0,     0, 9,22:33:00,22:33:06,     6, 36.10, 41.00, -4.90
  13008797,     0,10,22:34:06,22:34:09,     3, 39.70, 39.70,  0.00
         0,     0,10,22:34:17,22:34:17,     0, 39.70, 41.10, -1.40
  13008835,     0, 8,22:34:01,22:34:14,    13, 41.20, 41.20,  0.00
  12706669,  7078, 1,22:32:46,22:34:38,   112, 41.30, 41.20,  0.10
  12706669,  7078, 2,22:34:44,22:36:18,    94, 43.70, 38.30,  5.40
  13008827,     0, 7,22:09:27,22:36:23,  1616, 41.50, 32.50,  9.00
         0,     0, 2,22:36:26,22:36:30,     4, 38.30, 43.80, -5.50
         0,     0, 7,22:36:31,22:36:36,     5, 32.50, 41.50, -9.00
  12706639,  7048, 4,22:36:00,22:38:35,   155, 44.00, 33.70, 10.30
         0,     0, 4,22:38:43,22:38:52,     9, 33.70, 43.30, -9.60
  13008866,     0, 8,22:45:09,22:45:25,    16, 41.20, 41.10,  0.10
  21268825,  6068, 1,22:45:40,22:45:45,     5, 41.20, 41.10,  0.10
  13008797,     0,10,22:46:17,22:46:57,    40, 41.00, 40.50,  0.50
  21268825,  6068, 2,22:45:49,22:49:26,   217, 43.80, 33.10, 10.70
         0,     0, 2,22:49:35,22:49:45,    10, 33.10, 43.80,-10.70
  13008798,     0, 7,22:41:29,22:49:49,   500, 40.20, 33.10,  7.10
         0,     0, 7,22:49:56,22:50:01,     5, 33.10, 33.10,  0.00
  12448416,  6029, 3,22:45:33,22:50:06,   273, 46.40, 33.30, 13.10
         0,     0, 3,22:50:14,22:50:25,    11, 33.30, 33.60, -0.30
  12706727,  7136, 1,22:50:39,22:50:57,    18, 41.20, 41.10,  0.10
  12706727,  7136, 2,22:51:12,22:52:46,    94, 43.80, 35.30,  8.50
         0,     0, 2,22:52:54,22:53:02,     8, 35.30, 43.70, -8.40
  12706669,  7078, 3,23:00:04,23:00:36,    32, 46.40, 40.60,  5.80
         0,     0, 3,23:00:44,23:00:48,     4, 40.60, 40.70, -0.10
  11954027,  4057, 1,23:08:31,23:11:03,   152, 41.10, 28.60, 12.50
         0,     0, 1,23:11:11,23:11:23,    12, 28.60, 41.30,-12.70
  11953996,  4026, 1,23:12:15,23:15:34,   199, 41.30, 19.40, 21.90
         0,     0, 1,23:15:42,23:16:03,    21, 19.40, 41.30,-21.90
  12199987,     0, 8,23:15:11,23:16:36,    85, 33.20, 32.50,  0.70
         0,     0, 8,23:16:44,23:16:53,     9, 32.50, 41.20, -8.70
  12199987,     0, 8,23:17:03,23:17:43,    40, 41.20, 40.90,  0.30
  12706637,  7046, 5,23:16:49,23:18:40,   111, 40.90, 32.90,  8.00
         0,     0, 5,23:18:49,23:18:56,     7, 32.90, 40.90, -8.00
  12706706,  7115, 4,23:20:42,23:22:08,    86, 43.80, 34.50,  9.30
         0,     0, 4,23:22:16,23:22:24,     8, 34.50, 43.40, -8.90
  12199987,     0, 8,23:18:09,23:22:38,   269, 40.90, 29.60, 11.30
         0,     0, 8,23:22:47,23:22:59,    12, 29.60, 41.10,-11.50
  12706729,  7138, 1,23:22:52,23:23:53,    61, 41.30, 41.20,  0.10
  12706729,  7138, 1,23:24:03,23:25:19,    76, 41.20, 29.80, 11.40
         0,     0, 1,23:25:28,23:25:38,    10, 29.80, 41.20,-11.40
  12200046,  5100, 2,23:32:24,23:32:50,    26, 43.60, 40.50,  3.10
  12706609,  7018, 8,23:32:32,23:32:53,    21, 41.20, 41.20,  0.00
         0,     0, 2,23:32:58,23:33:00,     2, 40.50, 43.70, -3.20
  12200046,  5100, 2,23:33:10,23:33:57,    47, 43.70, 35.20,  8.50
         0,     0, 2,23:34:06,23:34:14,     8, 35.20, 43.70, -8.50
  12706646,     0, 6, 3:00:19,21:03:39, 65000, 41.50, 40.20,  1.30
         0,     0, 1,23:45:08,23:45:18,    10, 41.20, 41.20,  0.00
         0,     0, 2,23:45:08,23:45:18,    10, 43.70, 43.70,  0.00
         0,     0, 3,23:45:08,23:45:18,    10, 46.40, 46.40,  0.00
         0,     0, 4,23:45:08,23:45:18,    10, 43.50, 43.50,  0.00
         0,     0, 5,23:45:08,23:45:18,    10, 40.90, 40.90,  0.00
         0,     0, 7,23:45:08,23:45:18,    10, 40.00, 40.00,  0.00
         0,     0, 8,23:45:08,23:45:18,    10, 41.30, 41.30,  0.00
         0,     0, 9,23:45:08,23:45:18,    10, 40.20, 40.20,  0.00
         0,     0,10,23:45:08,23:45:18,    10, 40.40, 40.40,  0.00
