         0,     0, 1, 0:02:54, 0:03:04,    10, 41.20, 41.20,  0.00
         0,     0, 2, 0:02:54, 0:03:04,    10, 43.40, 43.40,  0.00
         0,     0, 3, 0:02:54, 0:03:04,    10, 46.40, 46.40,  0.00
         0,     0, 4, 0:02:54, 0:03:04,    10, 43.80, 43.80,  0.00
         0,     0, 6, 0:02:54, 0:03:04,    10, 41.40, 41.40,  0.00
         0,     0, 5, 0:02:54, 0:03:04,    10, 40.80, 40.80,  0.00
         0,     0, 7, 0:02:54, 0:03:04,    10, 41.40, 41.40,  0.00
         0,     0, 8, 0:02:54, 0:03:04,    10, 21.60, 21.60,  0.00
         0,     0, 9, 0:02:54, 0:03:04,    10, 40.90, 40.90,  0.00
         0,     0,10, 0:02:54, 0:03:04,    10, 41.10, 41.10,  0.00
  13008866,     0,10, 0:08:14, 0:08:47,    33, 41.10, 40.90,  0.20
  12448416,  6029, 2, 0:05:30, 0:09:47,   257, 43.40, 24.90, 18.50
         0,     0, 2, 0:09:55, 0:10:13,    18, 24.90, 43.80,-18.90
  13008732,  7153, 3, 0:10:06, 0:10:31,    25, 46.40, 45.90,  0.50
  13008866,     0,10, 0:09:08, 0:12:52,   224, 40.80, 38.40,  2.40
         0,     0,10, 0:13:01, 0:13:03,     2, 38.40, 41.20, -2.80
  12706651,  7060, 4, 0:11:49, 0:13:37,   108, 43.80, 28.70, 15.10
  13008732,  7153, 3, 0:12:47, 0:13:51,    64, 46.00, 44.60,  1.40
         0,     0, 4, 0:13:45, 0:13:59,    14, 28.70, 43.30,-14.60
  13323390,  9012, 2, 0:15:07, 0:15:12,     5, 43.80, 43.80,  0.00
  13008848,     0,10, 0:15:25, 0:15:35,    10, 40.80, 40.80,  0.00
  12706714,  7123, 5, 0:12:37, 0:16:30,   233, 40.80, 38.90,  1.90
         0,     0, 5, 0:16:37, 0:16:38,     1, 38.90, 41.00, -2.10
  12448499,  6112, 5, 0:16:51, 0:16:56,     5, 41.00, 41.00,  0.00
  13008827,     0,10, 0:17:11, 0:17:12,     1, 40.80, 40.80,  0.00
  13008848,     0, 9, 0:15:40, 0:17:16,    96, 40.90, 37.10,  3.80
         0,     0, 9, 0:17:24, 0:17:29,     5, 37.10, 41.10, -4.00
  13008732,  7153, 3, 0:15:45, 0:17:46,   121, 43.80, 36.00,  7.80
         0,     0, 3, 0:17:53, 0:18:02,     9, 36.00, 35.80,  0.20
  13008848,     0, 9, 0:17:44, 0:18:33,    49, 41.10, 35.60,  5.50
         0,     0, 9, 0:18:42, 0:18:49,     7, 35.60, 41.20, -5.60
  13323390,  9012, 2, 0:16:21, 0:20:43,   262, 43.80, 30.00, 13.80
         0,     0, 2, 0:20:52, 0:21:05,    13, 30.00, 43.80,-13.80
  13008827,     0,10, 0:19:17, 0:21:33,   136, 40.60, 28.80, 11.80
         0,     0,10, 0:21:42, 0:21:55,    13, 28.80, 41.20,-12.40
  21268162,  6046, 1, 0:27:36, 0:28:03,    27, 41.20, 37.60,  3.60
         0,     0, 1, 0:28:11, 0:28:13,     2, 37.60, 41.20, -3.60
  21268162,  6046, 1, 0:28:44, 0:30:08,    84, 41.20, 25.70, 15.50
         0,     0, 1, 0:30:15, 0:30:29,    14, 25.70, 41.20,-15.50
  12448499,  6112, 5, 0:29:43, 0:30:37,    54, 40.90, 30.50, 10.40
         0,     0, 5, 0:30:45, 0:30:54,     9, 30.50, 30.60, -0.10
  13008742,  7163, 2, 0:33:34, 0:36:31,   177, 43.60, 25.00, 18.60
  12706741,  7150, 1, 0:35:48, 0:36:36,    48, 41.30, 40.10,  1.20
         0,     0, 2, 0:36:39, 0:36:57,    18, 25.00, 43.70,-18.70
  13323471,     0, 8, 0:39:24, 0:43:41,   257, 21.60, 21.60,  0.00
  12706741,  7150, 1, 0:40:20, 0:43:48,   208, 40.10, 35.50,  4.60
         0,     0, 1, 0:43:56, 0:44:00,     4, 35.50, 41.20, -5.70
         0,     0, 8, 0:43:49, 0:44:38,    49, 21.60, 21.60,  0.00
  13323471,     0, 8, 0:45:17, 0:45:18,     1, 21.60, 21.60,  0.00
         0,     0, 8, 0:45:27, 0:46:16,    49, 21.60, 21.60,  0.00
  12200046,  5100, 3, 0:48:11, 0:49:10,    59, 46.90, 35.20, 11.70
  12448463,  6076, 1, 0:49:13, 0:49:14,     1, 41.20, 41.20,  0.00
         0,     0, 3, 0:49:18, 0:49:27,     9, 35.20, 35.40, -0.20
  13008827,     0,10, 0:48:47, 0:49:37,    50, 41.10, 41.00,  0.10
  12706727,  7136, 4, 0:49:29, 0:50:48,    79, 43.80, 34.00,  9.80
         0,     0, 4, 0:50:55, 0:51:04,     9, 34.00, 43.30, -9.30
  13008733,  7154, 2, 0:51:19, 0:52:20,    61, 43.50, 37.40,  6.10
         0,     0, 2, 0:52:28, 0:52:33,     5, 37.40, 44.00, -6.60
  13008733,  7154, 2, 0:52:43, 0:53:12,    29, 43.90, 37.70,  6.20
         0,     0, 2, 0:53:21, 0:53:26,     5, 37.70, 43.80, -6.10
  13323352,  8154, 1, 0:52:40, 0:53:54,    74, 41.20, 37.30,  3.90
         0,     0, 1, 0:54:01, 0:54:04,     3, 37.30, 41.20, -3.90
  12706609,  7018, 9, 0:54:28, 0:55:07,    39, 41.10, 38.50,  2.60
         0,     0, 9, 0:55:16, 0:55:18,     2, 38.50, 41.00, -2.50
  13323352,  8154, 1, 0:54:21, 0:56:03,   102, 41.20, 36.60,  4.60
         0,     0, 1, 0:56:10, 0:56:13,     3, 36.60, 41.20, -4.60
  12706622,     0,10, 0:53:01, 0:56:30,   209, 41.00, 35.40,  5.60
         0,     0,10, 0:56:38, 0:56:43,     5, 35.40, 41.20, -5.80
  12706622,     0, 9, 0:56:57, 0:56:58,     1, 41.00, 41.00,  0.00
  12706622,     0,10, 0:57:13, 0:58:19,    66, 41.20, 39.50,  1.70
         0,     0,10, 0:58:27, 0:58:28,     1, 39.50, 41.00, -1.50
  12706707,  7116, 1, 0:58:59, 1:00:43,   104, 41.20, 32.10,  9.10
         0,     0, 1, 1:00:51, 1:00:59,     8, 32.10, 41.20, -9.10
  12706707,  7116, 2, 1:01:19, 1:01:42,    23, 43.60, 40.70,  2.90
         0,     0, 2, 1:01:49, 1:01:51,     2, 40.70, 43.80, -3.10
  13008842,  8083, 2, 1:03:35, 1:04:12,    37, 43.90, 43.80,  0.10
  13008842,  8083, 1, 1:04:28, 1:07:22,   174, 41.20, 33.40,  7.80
         0,     0, 1, 1:07:29, 1:07:36,     7, 33.40, 41.30, -7.90
  12199987,     0, 9, 1:04:29, 1:08:04,   215, 41.00, 31.60,  9.40
         0,     0, 9, 1:08:13, 1:08:25,    12, 31.60, 41.10, -9.50
  12706738,  7147, 2, 1:11:14, 1:14:00,   166, 43.80, 25.60, 18.20
         0,     0, 2, 1:14:07, 1:14:25,    18, 25.60, 43.80,-18.20
  11724159,     0, 9, 1:22:04, 1:22:37,    33, 41.10, 36.50,  4.60
         0,     0, 9, 1:22:45, 1:22:50,     5, 36.50, 41.10, -4.60
  11954014,  4044, 3, 1:23:48, 1:24:01,    13, 46.90, 46.60,  0.30
  13323352,  8154, 5, 1:23:59, 1:24:50,    51, 40.90, 38.80,  2.10
         0,     0, 5, 1:24:58, 1:25:00,     2, 38.80, 41.00, -2.20
  11954014,  4044, 4, 1:24:23, 1:25:38,    75, 44.10, 28.00, 16.10
         0,     0, 4, 1:25:46, 1:26:00,    14, 28.00, 43.40,-15.40
  12706707,  7116, 2, 1:34:39, 1:34:48,     9, 43.50, 43.10,  0.40
  13323406,     0, 9, 1:35:47, 1:35:54,     7, 41.10, 40.60,  0.50
  13323406,     0, 9, 1:36:23, 1:37:02,    39, 40.60, 34.10,  6.50
         0,     0, 9, 1:37:09, 1:37:17,     8, 34.10, 41.00, -6.90
  12448448,  6061, 3, 1:41:01, 1:41:09,     8, 47.10, 46.90,  0.20
  12448448,  6061, 4, 1:41:57, 1:48:01,   364, 45.10, 27.90, 17.20
         0,     0, 4, 1:48:09, 1:48:24,    15, 27.90, 43.40,-15.50
  12448428,  6041, 2, 1:50:19, 1:51:02,    43, 42.80, 35.20,  7.60
         0,     0, 2, 1:51:09, 1:51:17,     8, 35.20, 43.80, -8.60
  12448428,  6041, 1, 1:51:23, 1:51:44,    21, 41.30, 36.80,  4.50
         0,     0, 1, 1:51:51, 1:51:54,     3, 36.80, 41.20, -4.40
  12448483,  6096, 5, 1:53:52, 1:55:58,   126, 41.00, 23.20, 17.80
         0,     0, 5, 1:56:07, 1:56:23,    16, 23.20, 41.00,-17.80
  12448432,  6045, 2, 1:53:42, 1:58:33,   291, 43.90, 25.90, 18.00
         0,     0, 2, 1:58:41, 1:58:58,    17, 25.90, 43.90,-18.00
  12448442,  6055,10, 1:58:54, 1:59:52,    58, 40.90, 34.80,  6.10
         0,     0,10, 1:59:59, 2:00:05,     6, 34.80, 41.20, -6.40
  12706741,  7150, 1, 2:02:00, 2:04:54,   174, 41.20, 37.90,  3.30
         0,     0, 1, 2:05:02, 2:05:04,     2, 37.90, 41.20, -3.30
  12448480,  6093, 5, 2:03:39, 2:06:12,   153, 40.90, 25.90, 15.00
         0,     0, 5, 2:06:20, 2:06:34,    14, 25.90, 40.80,-14.90
  13323461,     0, 9, 2:35:33, 2:35:34,     1, 40.90, 41.00, -0.10
  13323461,     0, 9, 2:35:47, 2:35:53,     6, 40.30, 40.30,  0.00
  13323461,     0, 9, 2:36:05, 2:36:21,    16, 40.30, 39.60,  0.70
         0,     0, 9, 2:36:30, 2:36:31,     1, 39.60, 41.00, -1.40
  12200010,  5064, 5, 2:35:59, 2:37:11,    72, 40.80, 30.20, 10.60
         0,     0, 5, 2:37:19, 2:37:29,    10, 30.20, 30.30, -0.10
  12706714,  7123, 2, 2:38:00, 2:41:06,   186, 43.40, 19.80, 23.60
         0,     0, 2, 2:41:14, 2:41:38,    24, 19.80, 43.90,-24.10
  12706729,  7138, 3, 2:45:29, 2:47:57,   148, 46.70, 34.80, 11.90
         0,     0, 3, 2:48:04, 2:48:14,    10, 34.80, 34.70,  0.10
  12706729,  7138, 5, 3:14:15, 3:14:32,    17, 40.90, 40.80,  0.10
  12706729,  7138, 3, 3:29:57, 3:34:07,   250, 46.10, 40.20,  5.90
         0,     0, 3, 3:34:15, 3:34:20,     5, 40.20, 40.00,  0.20
  21299280,  8145, 2, 3:53:39, 3:55:04,    85, 42.80, 34.80,  8.00
         0,     0, 2, 3:55:13, 3:55:21,     8, 34.80, 43.80, -9.00
  13323471,     0, 7, 0:46:05, 3:59:11, 11586, 41.40, 38.60,  2.80
         0,     0, 7, 3:59:19, 3:59:20,     1, 38.60, 41.30, -2.70
  12448434,     0, 8, 4:00:13, 4:00:14,     1, 21.60, 21.60,  0.00
         0,     0, 8, 4:00:22, 4:01:11,    49, 21.60, 21.60,  0.00
  12706734,  7143, 2, 3:58:57, 4:01:27,   150, 43.80, 31.20, 12.60
         0,     0, 2, 4:01:34, 4:01:46,    12, 31.20, 43.80,-12.60
  12448434,     0, 8, 4:11:18, 4:11:24,     6, 21.60, 21.60,  0.00
         0,     0, 8, 4:11:32, 4:12:21,    49, 21.60, 21.60,  0.00
  12706734,  7143, 2, 4:20:45, 4:22:01,    76, 43.50, 41.30,  2.20
         0,     0, 2, 4:22:09, 4:22:10,     1, 41.30, 43.70, -2.40
  12706706,  7115, 1, 4:22:26, 4:24:38,   132, 41.20, 22.90, 18.30
         0,     0, 1, 4:24:46, 4:25:03,    17, 22.90, 41.20,-18.30
  12706734,  7143, 1, 4:28:48, 4:31:15,   147, 41.20, 39.10,  2.10
         0,     0, 1, 4:31:23, 4:31:24,     1, 39.10, 41.20, -2.10
  13008826,     0,10, 4:30:47, 4:33:15,   148, 40.90, 28.90, 12.00
         0,     0,10, 4:33:23, 4:33:36,    13, 28.90, 41.20,-12.30
  13323461,     0, 9, 5:18:32, 5:19:27,    55, 41.00, 40.00,  1.00
  13323461,     0,10, 5:19:43, 5:20:17,    34, 41.10, 36.90,  4.20
         0,     0,10, 5:20:25, 5:20:29,     4, 36.90, 41.20, -4.30
  12448499,  6112, 5, 6:21:20, 6:22:24,    64, 40.90, 23.80, 17.10
         0,     0, 5, 6:22:31, 6:22:47,    16, 23.80, 40.90,-17.10
  13008733,  7154, 1, 6:27:12, 6:27:55,    43, 41.20, 38.80,  2.40
         0,     0, 1, 6:28:03, 6:28:04,     1, 38.80, 41.20, -2.40
  13008733,  7154, 1, 6:28:21, 6:28:28,     7, 41.20, 38.50,  2.70
         0,     0, 1, 6:28:37, 6:28:39,     2, 38.50, 41.20, -2.70
  13008733,  7154, 2, 6:28:55, 6:29:57,    62, 41.80, 27.50, 14.30
  21268162,  6046, 1, 6:28:49, 6:30:03,    74, 41.20, 29.30, 11.90
         0,     0, 1, 6:30:11, 6:30:22,    11, 29.30, 41.30,-12.00
         0,     0, 2, 6:30:05, 6:30:22,    17, 27.50, 43.80,-16.30
  12448473,  6086, 3, 6:33:44, 6:34:09,    25, 45.50, 45.50,  0.00
  21268104,  6062, 1, 6:32:28, 6:34:13,   105, 41.30, 29.40, 11.90
         0,     0, 1, 6:34:21, 6:34:32,    11, 29.40, 41.20,-11.80
  12706707,  7116, 2, 6:34:37, 6:35:45,    68, 44.00, 33.00, 11.00
         0,     0, 2, 6:35:53, 6:36:03,    10, 33.00, 43.90,-10.90
  13008732,  7153, 1, 6:34:42, 6:37:57,   195, 41.20, 22.20, 19.00
         0,     0, 1, 6:38:05, 6:38:23,    18, 22.20, 41.20,-19.00
  12448404,  6017, 1, 6:38:33, 6:39:45,    72, 41.20, 32.40,  8.80
  12200046,  5100, 3, 6:38:55, 6:39:46,    51, 45.40, 35.30, 10.10
         0,     0, 1, 6:39:53, 6:40:01,     8, 32.40, 41.20, -8.80
         0,     0, 3, 6:39:54, 6:40:04,    10, 35.30, 35.20,  0.10
  12448404,  6017, 1, 6:40:11, 6:41:02,    51, 41.20, 22.60, 18.60
         0,     0, 1, 6:41:10, 6:41:27,    17, 22.60, 41.10,-18.50
  12448473,  6086, 2, 6:40:18, 6:41:57,    99, 43.60, 28.20, 15.40
         0,     0, 2, 6:42:05, 6:42:20,    15, 28.20, 43.80,-15.60
  12448416,  6029, 1, 6:43:11, 6:45:34,   143, 41.10, 34.50,  6.60
  12706639,  7048, 5, 6:42:32, 6:45:43,   191, 40.80, 20.30, 20.50
         0,     0, 1, 6:45:42, 6:45:48,     6, 34.50, 41.20, -6.70
         0,     0, 5, 6:45:51, 6:46:10,    19, 20.30, 40.80,-20.50
  21292347,  5120, 2, 6:44:37, 6:46:08,    91, 43.90, 35.90,  8.00
         0,     0, 2, 6:46:17, 6:46:24,     7, 35.90, 43.80, -7.90
  12706701,  7110, 4, 6:45:40, 6:49:40,   240, 43.90, 25.70, 18.20
         0,     0, 4, 6:49:48, 6:50:05,    17, 25.70, 43.30,-17.60
  12706730,  7139, 1, 6:47:46, 6:50:09,   143, 41.20, 15.00, 26.20
  21304388,  6125, 2, 6:46:38, 6:50:32,   234, 43.80, 19.30, 24.50
         0,     0, 1, 6:50:17, 6:50:41,    24, 15.00, 41.20,-26.20
         0,     0, 2, 6:50:39, 6:51:03,    24, 19.30, 43.80,-24.50
  21268162,  6046, 2, 6:51:13, 6:52:54,   101, 43.90, 29.20, 14.70
         0,     0, 2, 6:53:02, 6:53:16,    14, 29.20, 43.80,-14.60
  13008905,  8146, 5, 6:52:51, 6:54:05,    74, 40.80, 34.80,  6.00
         0,     0, 5, 6:54:12, 6:54:17,     5, 34.80, 40.80, -6.00
  12448412,  6025, 2, 6:55:45, 7:03:27,   462, 43.80, 16.10, 27.70
         0,     0, 2, 7:03:35, 7:04:02,    27, 16.10, 43.80,-27.70
  11954014,  4044, 3, 7:08:33, 7:09:39,    66, 46.50, 30.20, 16.30
  21268104,  6062, 1, 7:07:56, 7:09:48,   112, 41.20, 28.70, 12.50
         0,     0, 3, 7:09:46, 7:10:00,    14, 30.20, 30.10,  0.10
         0,     0, 1, 7:09:56, 7:10:07,    11, 28.70, 41.30,-12.60
  12706734,  7143, 2, 7:07:17, 7:11:30,   253, 43.80, 31.50, 12.30
         0,     0, 2, 7:11:39, 7:11:51,    12, 31.50, 43.80,-12.30
  21299280,  8145, 5, 7:14:16, 7:16:12,   116, 40.70, 26.90, 13.80
         0,     0, 5, 7:16:19, 7:16:34,    15, 26.90, 40.70,-13.80
  12200064,  5118, 4, 7:18:05, 7:20:09,   124, 43.70, 43.60,  0.10
  12448463,  6076, 1, 7:18:28, 7:21:54,   206, 41.30, 13.50, 27.80
         0,     0, 1, 7:22:02, 7:22:28,    26, 13.50, 41.10,-27.60
  13008905,  8146, 4, 7:21:09, 7:22:48,    99, 43.80, 33.40, 10.40
         0,     0, 4, 7:22:55, 7:23:04,     9, 33.40, 43.20, -9.80
  12706738,  7147, 2, 7:22:47, 7:25:04,   137, 43.80, 23.80, 20.00
  13008905,  8146, 4, 7:23:39, 7:25:26,   107, 43.30, 31.60, 11.70
         0,     0, 2, 7:25:11, 7:25:31,    20, 23.80, 43.90,-20.10
         0,     0, 4, 7:25:35, 7:25:46,    11, 31.60, 43.20,-11.60
  12706727,  7136, 2, 7:25:47, 7:28:01,   134, 43.90, 26.80, 17.10
  12200064,  5118, 1, 7:22:39, 7:28:19,   340, 41.10, 14.90, 26.20
         0,     0, 2, 7:28:09, 7:28:25,    16, 26.80, 43.70,-16.90
         0,     0, 1, 7:28:28, 7:28:52,    24, 14.90, 41.20,-26.30
  13323388,  9010, 4, 7:28:31, 7:31:18,   167, 43.60, 25.10, 18.50
         0,     0, 4, 7:31:26, 7:31:43,    17, 25.10, 43.30,-18.20
  12448404,  6017, 1, 7:30:44, 7:32:28,   104, 41.20, 29.90, 11.30
         0,     0, 1, 7:32:35, 7:32:45,    10, 29.90, 41.30,-11.40
  12448499,  6112, 5, 7:34:36, 7:35:35,    59, 40.80, 28.50, 12.30
         0,     0, 5, 7:35:42, 7:35:53,    11, 28.50, 40.70,-12.20
  12706741,  7150, 2, 7:34:05, 7:39:19,   314, 43.90, 35.60,  8.30
         0,     0, 2, 7:39:28, 7:39:35,     7, 35.60, 43.70, -8.10
  12706651,  7060, 3, 7:43:22, 7:45:48,   146, 46.70, 31.60, 15.10
         0,     0, 3, 7:45:56, 7:46:09,    13, 31.60, 31.60,  0.00
  12448479,  6092, 3, 7:50:15, 7:52:40,   145, 46.50, 27.90, 18.60
         0,     0, 3, 7:52:47, 7:53:04,    17, 27.90, 27.70,  0.20
  12706655,  7064, 2, 7:50:55, 7:53:40,   165, 43.70, 20.60, 23.10
         0,     0, 2, 7:53:48, 7:54:11,    23, 20.60, 43.90,-23.30
  13008842,  8083, 1, 7:55:15, 7:55:18,     3, 41.30, 41.30,  0.00
  13008842,  8083, 2, 7:55:28, 7:55:54,    26, 43.90, 43.80,  0.10
  13008842,  8083, 1, 7:56:14, 7:58:56,   162, 41.30, 27.50, 13.80
         0,     0, 1, 7:59:03, 7:59:16,    13, 27.50, 41.30,-13.80
  12706636,  7045, 2, 8:00:10, 8:02:01,   111, 43.90, 31.40, 12.50
         0,     0, 2, 8:02:08, 8:02:20,    12, 31.40, 43.90,-12.50
  13323352,  8154, 1, 8:02:45, 8:04:35,   110, 41.20, 36.80,  4.40
         0,     0, 1, 8:04:42, 8:04:45,     3, 36.80, 41.20, -4.40
  12706719,  7128, 5, 8:03:21, 8:07:00,   219, 40.70, 20.60, 20.10
         0,     0, 5, 8:07:08, 8:07:27,    19, 20.60, 40.90,-20.30
  13323352,  8154, 1, 8:09:32, 8:12:06,   154, 41.20, 37.60,  3.60
         0,     0, 1, 8:12:14, 8:12:17,     3, 37.60, 41.20, -3.60
  12448432,  6045, 2, 8:14:29, 8:16:14,   105, 44.10, 42.40,  1.70
  12706705,  7114, 1, 8:18:41, 8:19:21,    40, 41.20, 41.10,  0.10
  12706705,  7114, 2, 8:19:32, 8:19:39,     7, 42.30, 42.30,  0.00
  12706705,  7114, 2, 8:21:56, 8:26:05,   249, 42.20, 20.40, 21.80
         0,     0, 2, 8:26:13, 8:26:36,    23, 20.40, 43.70,-23.30
  12448432,  6045, 4, 8:28:51, 8:32:25,   214, 43.90, 28.40, 15.50
         0,     0, 4, 8:32:33, 8:32:47,    14, 28.40, 43.30,-14.90
  12706622,     0, 9, 8:30:13, 8:34:20,   247, 40.00, 32.40,  7.60
         0,     0, 9, 8:34:28, 8:34:39,    11, 32.40, 41.10, -8.70
  12706651,  7060, 4, 8:33:42, 8:35:16,    94, 43.40, 37.40,  6.00
         0,     0, 4, 8:35:24, 8:35:29,     5, 37.40, 43.20, -5.80
  12448480,  6093, 5, 8:34:31, 8:38:00,   209, 40.70, 17.30, 23.40
         0,     0, 5, 8:38:08, 8:38:30,    22, 17.30, 40.90,-23.60
  13008842,  8083, 1, 8:37:41, 8:39:20,    99, 41.10, 33.20,  7.90
         0,     0, 1, 8:39:27, 8:39:34,     7, 33.20, 41.10, -7.90
  12706700,  7109, 2, 8:39:24, 8:41:00,    96, 43.80, 26.00, 17.80
         0,     0, 2, 8:41:08, 8:41:25,    17, 26.00, 43.80,-17.80
  12706700,  7109, 2, 8:41:58, 8:42:25,    27, 43.90, 36.60,  7.30
         0,     0, 2, 8:42:32, 8:42:39,     7, 36.60, 43.90, -7.30
  13323352,  8154, 1, 8:42:20, 8:43:42,    82, 41.20, 38.50,  2.70
         0,     0, 1, 8:43:51, 8:43:53,     2, 38.50, 41.20, -2.70
  12448479,  6092, 4, 8:44:17, 8:46:21,   124, 43.40, 28.40, 15.00
         0,     0, 4, 8:46:29, 8:46:44,    15, 28.40, 43.30,-14.90
  12706714,  7123, 2, 8:54:22, 8:54:47,    25, 43.90, 43.50,  0.40
  12448434,     0, 7, 3:59:47, 8:55:29, 17742, 41.30, 34.00,  7.30
         0,     0, 7, 8:55:37, 8:55:41,     4, 34.00, 41.50, -7.50
  12706729,  7138, 4, 8:56:09, 8:56:56,    47, 43.60, 43.80, -0.20
  12448432,  6045, 5, 8:59:04, 8:59:57,    53, 40.90, 40.10,  0.80
  12706714,  7123, 5, 9:00:06, 9:00:12,     6, 40.20, 40.20,  0.00
  12706639,  7048, 2, 8:55:13, 9:00:14,   301, 43.60, 26.70, 16.90
  12706729,  7138, 3, 8:57:05, 9:00:25,   200, 47.10, 26.80, 20.30
         0,     0, 2, 9:00:22, 9:00:39,    17, 26.70, 43.80,-17.10
         0,     0, 3, 9:00:33, 9:00:50,    17, 26.80, 26.70,  0.10
  11724181,     0,10, 9:03:12, 9:04:14,    62, 40.70, 38.80,  1.90
         0,     0,10, 9:04:22, 9:04:24,     2, 38.80, 41.20, -2.40
  12706714,  7123, 5, 9:01:45, 9:04:55,   190, 40.20, 13.70, 26.50
         0,     0, 5, 9:05:04, 9:05:30,    26, 13.70, 40.90,-27.20
  11724159,     0,10, 9:05:11, 9:06:28,    77, 41.20, 38.80,  2.40
         0,     0,10, 9:06:37, 9:06:39,     2, 38.80, 41.20, -2.40
  12706636,  7045, 2, 9:10:19, 9:12:10,   111, 44.00, 30.50, 13.50
         0,     0, 2, 9:12:18, 9:12:31,    13, 30.50, 43.70,-13.20
  12200060,     0, 7, 9:13:43, 9:14:12,    29, 41.50, 40.20,  1.30
  12706645,     0, 8, 9:14:34, 9:14:35,     1, 21.60, 21.60,  0.00
  11724181,     0,10, 9:13:14, 9:15:16,   122, 41.20, 27.20, 14.00
         0,     0, 8, 9:14:44, 9:15:33,    49, 21.60, 21.60,  0.00
         0,     0,10, 9:15:25, 9:15:39,    14, 27.20, 41.20,-14.00
  13323390,  9012, 5, 9:13:33, 9:16:39,   186, 40.80, 25.50, 15.30
         0,     0, 5, 9:16:47, 9:17:01,    14, 25.50, 41.00,-15.50
  21268825,  6068, 1, 9:15:53, 9:19:13,   200, 41.20, 24.70, 16.50
  21292480,     0, 8, 9:19:20, 9:19:24,     4, 21.60, 21.60,  0.00
         0,     0, 1, 9:19:21, 9:19:38,    17, 24.70, 41.30,-16.60
         0,     0, 8, 9:19:33, 9:20:22,    49, 21.60, 21.60,  0.00
  12200060,     0, 7, 9:15:09, 9:20:22,   313, 40.20, 26.10, 14.10
         0,     0, 7, 9:20:30, 9:20:40,    10, 26.10, 41.50,-15.40
  11953978,  4008, 2, 9:19:36, 9:21:46,   130, 43.90, 26.10, 17.80
         0,     0, 2, 9:21:54, 9:22:14,    20, 26.10, 43.70,-17.60
  13323471,     0, 8, 9:24:32, 9:24:33,     1, 21.60, 21.60,  0.00
  12706646,     0, 7, 9:20:57, 9:24:48,   231, 41.60, 16.00, 25.60
         0,     0, 7, 9:24:56, 9:25:15,    19, 16.00, 41.30,-25.30
         0,     0, 8, 9:24:42, 9:25:31,    49, 21.60, 21.60,  0.00
  12448432,  6045, 1, 9:23:50, 9:25:44,   114, 41.30, 33.80,  7.50
         0,     0, 1, 9:25:51, 9:25:57,     6, 33.80, 41.10, -7.30
  13323490,     0, 7, 9:25:34, 9:25:57,    23, 41.20, 38.40,  2.80
         0,     0, 7, 9:26:05, 9:26:06,     1, 38.40, 41.40, -3.00
  12448441,     0, 6, 8:34:58, 9:27:38,  3160, 40.80, 16.50, 24.30
         0,     0, 6, 9:27:46, 9:28:09,    23, 16.50, 41.60,-25.10
  12448432,  6045, 2, 9:27:38, 9:29:16,    98, 43.90, 40.50,  3.40
         0,     0, 2, 9:29:23, 9:29:25,     2, 40.50, 43.70, -3.20
  13323471,     0, 7, 9:26:16, 9:30:54,   278, 41.60, 38.30,  3.30
         0,     0, 7, 9:31:02, 9:31:03,     1, 38.30, 41.50, -3.20
  12448471,     0, 8, 9:31:39, 9:31:41,     2, 21.60, 21.60,  0.00
  12448448,  6061, 1, 9:29:45, 9:32:36,   171, 41.10, 40.90,  0.20
         0,     0, 8, 9:31:49, 9:32:38,    49, 21.60, 21.60,  0.00
  13008858,     0,10, 9:34:19, 9:35:12,    53, 41.10, 40.70,  0.40
  12448479,  6092, 4, 9:34:51, 9:35:57,    66, 43.60, 37.70,  5.90
         0,     0, 4, 9:36:06, 9:36:11,     5, 37.70, 43.30, -5.60
  12448479,  6092, 4, 9:36:23, 9:36:45,    22, 43.40, 37.80,  5.60
         0,     0, 4, 9:36:54, 9:36:59,     5, 37.80, 43.30, -5.50
  13008858,     0,10, 9:36:03, 9:38:06,   123, 39.80, 30.70,  9.10
         0,     0,10, 9:38:13, 9:38:24,    11, 30.70, 41.20,-10.50
  12448448,  6061, 1, 9:32:54, 9:39:22,   388, 40.90, 14.20, 26.70
         0,     0, 1, 9:39:30, 9:39:55,    25, 14.20, 41.20,-27.00
  13008866,     0,10, 9:40:33, 9:40:35,     2, 41.20, 41.20,  0.00
  12448429,     0, 8, 9:40:37, 9:40:51,    14, 21.60, 21.60,  0.00
         0,     0, 8, 9:40:59, 9:41:48,    49, 21.60, 21.60,  0.00
  12448428,  6041, 1, 9:43:01, 9:44:15,    74, 41.20, 25.80, 15.40
         0,     0, 1, 9:44:22, 9:44:36,    14, 25.80, 41.30,-15.50
  12448434,     0, 8, 9:45:18, 9:45:21,     3, 21.60, 21.60,  0.00
  12448471,     0, 7, 9:31:16, 9:45:43,   867, 39.50,  2.30, 37.20
         0,     0, 7, 9:45:51, 9:46:14,    23,  2.30, 41.30,-39.00
         0,     0, 8, 9:45:29, 9:46:18,    49, 21.60, 21.60,  0.00
  13008795,     0, 8, 9:46:32, 9:46:34,     2, 21.60, 21.60,  0.00
         0,     0, 8, 9:46:43, 9:47:32,    49, 21.60, 21.60,  0.00
  12706706,  7115, 5, 9:48:27, 9:50:04,    97, 41.00, 22.80, 18.20
         0,     0, 5, 9:50:12, 9:50:29,    17, 22.80, 40.80,-18.00
  11954050,     0, 7, 9:49:17, 9:51:18,   121, 41.30, 38.90,  2.40
         0,     0, 7, 9:51:25, 9:51:26,     1, 38.90, 41.30, -2.40
  12448456,     0, 8, 9:52:41, 9:52:53,    12, 21.60, 21.60,  0.00
  13008801,     0, 7, 9:51:48, 9:53:14,    86, 41.40, 41.20,  0.20
         0,     0, 8, 9:53:00, 9:53:49,    49, 21.60, 21.60,  0.00
  12448473,  6086, 2, 9:56:47, 9:56:52,     5, 43.50, 43.50,  0.00
  12448456,     0, 7, 9:53:24, 9:56:56,   212, 41.20,  5.80, 35.40
  13008795,     0, 8, 9:56:58, 9:57:12,    14, 21.60, 21.60,  0.00
         0,     0, 7, 9:57:04, 9:57:25,    21,  5.80, 41.10,-35.30
  12706645,     0, 7, 9:57:58, 9:58:01,     3, 26.60, 26.70, -0.10
         0,     0, 8, 9:57:20, 9:58:09,    49, 21.60, 21.60,  0.00
         0,     0, 7, 9:58:09, 9:58:17,     8, 26.70, 40.30,-13.60
  12448473,  6086, 1, 9:57:04, 9:59:14,   130, 41.30, 19.00, 22.30
         0,     0, 1, 9:59:22, 9:59:43,    21, 19.00, 41.10,-22.10
  13323388,  9010, 4, 9:57:57, 9:59:42,   105, 43.60, 30.00, 13.60
         0,     0, 4, 9:59:51,10:00:03,    12, 30.00, 43.30,-13.30
  12706645,     0, 7, 9:58:47,10:01:00,   133, 33.20,  0.10, 33.10
  13008801,     0, 8,10:00:38,10:01:17,    39, 21.60, 21.60,  0.00
         0,     0, 7,10:01:08,10:01:33,    25,  0.10, 41.70,-41.60
         0,     0, 8,10:01:26,10:02:15,    49, 21.60, 21.60,  0.00
  12706667,     0, 7,10:02:20,10:02:53,    33, 27.90, 25.30,  2.60
  11953978,  4008, 2,10:01:32,10:02:53,    81, 43.40, 32.90, 10.50
         0,     0, 7,10:03:00,10:03:11,    11, 25.30, 39.50,-14.20
         0,     0, 2,10:03:01,10:03:12,    11, 32.90, 43.80,-10.90
  13008866,     0,10,10:03:17,10:03:19,     2, 41.10, 41.10,  0.00
  13323390,  9012, 3,10:00:54,10:03:24,   150, 45.60, 37.30,  8.30
         0,     0, 3,10:03:33,10:03:41,     8, 37.30, 37.20,  0.10
  13008801,     0, 8,10:03:34,10:03:57,    23, 21.60, 21.60,  0.00
  13008795,     0, 7,10:03:55,10:04:00,     5, 21.20, 20.00,  1.20
         0,     0, 7,10:04:08,10:04:20,    12, 20.00, 41.20,-21.20
         0,     0, 8,10:04:06,10:04:55,    49, 21.60, 21.60,  0.00
  13323490,     0, 7,10:05:05,10:06:20,    75, 32.20, 18.50, 13.70
         0,     0, 7,10:06:27,10:06:40,    13, 18.50, 40.80,-22.30
  12706741,  7150, 1,10:03:02,10:07:15,   253, 41.10, 35.00,  6.10
         0,     0, 1,10:07:23,10:07:28,     5, 35.00, 41.20, -6.20
  11724159,     0, 9,10:07:35,10:09:20,   105, 41.10, 33.90,  7.20
         0,     0, 9,10:09:29,10:09:38,     9, 33.90, 41.10, -7.20
  13323456,     0, 8,10:11:46,10:11:49,     3, 21.60, 21.60,  0.00
  12706741,  7150, 1,10:12:00,10:12:07,     7, 41.20, 41.10,  0.10
  12448442,  6055, 9,10:12:35,10:12:39,     4, 39.20, 39.30, -0.10
         0,     0, 8,10:11:56,10:12:45,    49, 21.60, 21.60,  0.00
         0,     0, 9,10:12:47,10:12:49,     2, 39.30, 41.20, -1.90
  13323471,     0, 7,10:07:18,10:12:54,   336, 36.20, 21.00, 15.20
  12706707,  7116, 1,10:12:26,10:13:11,    45, 41.10, 39.00,  2.10
         0,     0, 7,10:13:02,10:13:14,    12, 21.00, 41.50,-20.50
         0,     0, 1,10:13:19,10:13:20,     1, 39.00, 41.20, -2.20
  12448434,     0, 8,10:13:30,10:13:39,     9, 21.60, 21.60,  0.00
         0,     0, 8,10:13:47,10:14:36,    49, 21.60, 21.60,  0.00
  12706707,  7116, 1,10:13:30,10:14:37,    67, 41.20, 29.70, 11.50
  21299280,  8145, 2,10:14:09,10:14:40,    31, 43.90, 43.00,  0.90
         0,     0, 1,10:14:45,10:14:56,    11, 29.70, 41.20,-11.50
  12200060,     0, 8,10:14:50,10:14:57,     7, 21.60, 21.60,  0.00
  12706646,     0, 7,10:13:25,10:15:23,   118, 41.10, 21.20, 19.90
         0,     0, 7,10:15:31,10:15:43,    12, 21.20, 41.60,-20.40
         0,     0, 8,10:15:05,10:15:54,    49, 21.60, 21.60,  0.00
  12448434,     0, 7,10:15:53,10:16:26,    33, 40.00, 34.40,  5.60
  12706707,  7116, 2,10:15:11,10:16:26,    75, 42.60, 39.00,  3.60
         0,     0, 7,10:16:34,10:16:38,     4, 34.40, 41.50, -7.10
         0,     0, 2,10:16:35,10:16:39,     4, 39.00, 43.70, -4.70
  12448429,     0, 8,10:17:36,10:17:37,     1, 21.60, 21.60,  0.00
  21268825,  6068, 3,10:16:12,10:18:20,   128, 46.40, 35.80, 10.60
         0,     0, 8,10:17:45,10:18:34,    49, 21.60, 21.60,  0.00
         0,     0, 3,10:18:29,10:18:39,    10, 35.80, 38.00, -2.20
  13008733,  7154, 1,10:19:12,10:21:19,   127, 41.20, 29.70, 11.50
         0,     0, 1,10:21:27,10:21:37,    10, 29.70, 41.20,-11.50
  13008894,     0, 6, 9:43:54,10:22:48,  2334, 20.90, 16.20,  4.70
  12706734,  7143, 2,10:18:40,10:22:51,   251, 44.10, 33.00, 11.10
         0,     0, 2,10:22:59,10:23:09,    10, 33.00, 43.80,-10.80
         0,     0, 6,10:22:56,10:23:16,    20, 16.20, 37.30,-21.10
  13008801,     0, 7,10:16:52,10:24:26,   454, 41.50,  8.30, 33.20
  21299280,  8145, 1,10:22:11,10:24:38,   147, 41.20, 26.10, 15.10
         0,     0, 7,10:24:33,10:24:53,    20,  8.30, 41.20,-32.90
         0,     0, 1,10:24:46,10:25:00,    14, 26.10, 41.20,-15.10
  13323462,     0, 9,10:26:19,10:26:22,     3, 38.80, 38.80,  0.00
  12706730,  7139, 2,10:23:58,10:26:28,   150, 44.10, 25.80, 18.30
         0,     0, 9,10:26:31,10:26:33,     2, 38.80, 41.00, -2.20
         0,     0, 2,10:26:36,10:26:53,    17, 25.80, 43.80,-18.00
  21268104,  6062, 1,10:25:47,10:29:05,   198, 41.20, 25.00, 16.20
  13008839,     0, 9,10:27:03,10:29:08,   125, 41.00, 38.40,  2.60
         0,     0, 9,10:29:16,10:29:19,     3, 38.40, 41.00, -2.60
         0,     0, 1,10:29:13,10:29:28,    15, 25.00, 41.20,-16.20
  13323456,     0, 8,10:29:29,10:29:34,     5, 21.60, 21.60,  0.00
         0,     0, 8,10:29:42,10:30:31,    49, 21.60, 21.60,  0.00
  13008816,     0,10,10:29:41,10:31:11,    90, 40.90, 29.60, 11.30
         0,     0,10,10:31:19,10:31:31,    12, 29.60, 41.20,-11.60
  13323456,     0, 8,10:31:16,10:31:30,    14, 21.60, 21.60,  0.00
  13008839,     0, 9,10:29:29,10:31:31,   122, 41.00, 35.40,  5.60
         0,     0, 9,10:31:39,10:31:46,     7, 35.40, 41.20, -5.80
  12200060,     0, 7,10:25:22,10:32:11,   409, 34.70, 33.20,  1.50
  12706609,  7018, 9,10:32:08,10:32:11,     3, 41.10, 41.20, -0.10
         0,     0, 7,10:32:18,10:32:22,     4, 33.20, 41.50, -8.30
         0,     0, 8,10:31:38,10:32:27,    49, 21.60, 21.60,  0.00
  12448480,  6093, 5,10:30:07,10:32:31,   144, 40.70, 29.70, 11.00
         0,     0, 5,10:32:38,10:32:48,    10, 29.70, 40.90,-11.20
  12448434,     0, 8,10:33:04,10:33:12,     8, 21.60, 21.60,  0.00
  12706727,  7136, 1,10:32:38,10:33:48,    70, 41.20, 29.50, 11.70
         0,     0, 1,10:33:56,10:34:07,    11, 29.50, 41.20,-11.70
         0,     0, 8,10:33:19,10:34:08,    49, 21.60, 21.60,  0.00
  12706707,  7116, 1,10:34:43,10:34:54,    11, 41.20, 39.90,  1.30
  12448429,     0, 7,10:33:21,10:34:54,    93, 23.70, 22.90,  0.80
         0,     0, 1,10:35:02,10:35:02,     0, 39.90, 40.90, -1.00
         0,     0, 7,10:35:02,10:35:12,    10, 22.90, 41.40,-18.50
  13323456,     0, 8,10:35:25,10:36:07,    42, 21.60, 21.60,  0.00
         0,     0, 8,10:36:14,10:37:03,    49, 21.60, 21.60,  0.00
  13323456,     0, 8,10:38:37,10:38:52,    15, 21.60, 21.60,  0.00
         0,     0, 8,10:38:59,10:39:48,    49, 21.60, 21.60,  0.00
  13323462,     0,10,10:40:19,10:40:38,    19, 40.90, 39.90,  1.00
         0,     0,10,10:40:46,10:40:46,     0, 39.90, 40.90, -1.00
  12448434,     0, 7,10:35:23,10:42:12,   409, 41.40, 32.10,  9.30
         0,     0, 7,10:42:20,10:42:25,     5, 32.10, 41.60, -9.50
  13008847,     0, 6,10:23:37,10:43:53,  1216, 37.10, 11.70, 25.40
         0,     0, 6,10:44:01,10:44:30,    29, 11.70, 41.50,-29.80
  11954050,     0, 7,10:42:42,10:45:24,   162, 41.40, 40.10,  1.30
  12706741,  7150, 1,10:42:39,10:45:33,   174, 40.90, 36.30,  4.60
         0,     0, 1,10:45:42,10:45:46,     4, 36.30, 41.20, -4.90
  12448499,  6112, 2,10:45:52,10:46:53,    61, 43.60, 29.40, 14.20
         0,     0, 2,10:47:01,10:47:15,    14, 29.40, 43.90,-14.50
  12706609,  7018,10,10:47:22,10:48:14,    52, 32.70, 28.10,  4.60
         0,     0,10,10:48:22,10:48:35,    13, 28.10, 41.20,-13.10
  12706609,  7018,10,10:48:56,10:49:04,     8, 39.00, 39.10, -0.10
  12200048,     0, 9,10:46:36,10:49:10,   154, 41.20, 34.90,  6.30
         0,     0,10,10:49:12,10:49:14,     2, 39.10, 41.10, -2.00
         0,     0, 9,10:49:19,10:49:27,     8, 34.90, 41.10, -6.20
  12448483,  6096, 3,10:47:36,10:50:03,   147, 45.90, 19.20, 26.70
  12200010,  5064, 1,10:47:29,10:50:32,   183, 41.20, 18.30, 22.90
         0,     0, 3,10:50:11,10:50:35,    24, 19.20, 19.00,  0.20
         0,     0, 1,10:50:40,10:51:01,    21, 18.30, 41.30,-23.00
  12448471,     0, 7,10:49:03,10:53:51,   288, 22.10, 21.40,  0.70
         0,     0, 7,10:53:58,10:54:10,    12, 21.40, 41.40,-20.00
  12448412,  6025, 4,10:55:07,10:56:33,    86, 43.70, 43.60,  0.10
  21268162,  6046, 5,10:55:19,10:57:33,   134, 40.80, 26.40, 14.40
         0,     0, 8,10:56:46,10:57:35,    49, 21.60, 21.60,  0.00
         0,     0, 5,10:57:40,10:57:53,    13, 26.40, 40.80,-14.40
  13008894,     0, 6,10:45:28,10:58:09,   761, 27.70, 22.00,  5.70
         0,     0, 6,10:58:17,10:58:35,    18, 22.00, 41.40,-19.40
  13008827,     0,10,11:01:12,11:01:13,     1, 41.10, 41.10,  0.00
  13008827,     0,10,11:02:46,11:02:46,     0, 41.00, 41.10, -0.10
  13323406,     0, 9,11:02:47,11:03:27,    40, 41.10, 35.70,  5.40
  12706719,  7128, 5,11:00:50,11:03:30,   160, 40.70, 27.20, 13.50
         0,     0, 9,11:03:36,11:03:43,     7, 35.70, 41.00, -5.30
         0,     0, 5,11:03:38,11:03:50,    12, 27.20, 40.90,-13.70
  13008827,     0,10,11:02:58,11:04:08,    70, 41.00, 40.80,  0.20
  12706734,  7143, 1,11:00:02,11:04:52,   290, 41.30, 30.20, 11.10
         0,     0, 1,11:04:59,11:05:09,    10, 30.20, 41.20,-11.00
  13008827,     0,10,11:05:41,11:06:19,    38, 39.90, 35.40,  4.50
         0,     0,10,11:06:28,11:06:33,     5, 35.40, 41.20, -5.80
  13008742,  7163, 1,11:05:19,11:08:45,   206, 41.10, 20.00, 21.10
  12706622,     0,10,11:07:09,11:08:49,   100, 41.00, 32.50,  8.50
         0,     0,10,11:08:57,11:09:06,     9, 32.50, 41.10, -8.60
         0,     0, 1,11:08:53,11:09:13,    20, 20.00, 41.30,-21.30
  12448412,  6025, 3,11:01:47,11:09:35,   468, 46.70, 22.30, 24.40
         0,     0, 3,11:09:43,11:10:04,    21, 22.30, 22.30,  0.00
  21268825,  6068, 1,11:10:23,11:12:55,   152, 41.30, 28.10, 13.20
         0,     0, 1,11:13:02,11:13:14,    12, 28.10, 41.20,-13.10
  13008827,     0,10,11:15:41,11:15:57,    16, 41.10, 41.00,  0.10
  11954050,     0, 7,10:54:26,11:19:22,  1496, 41.10, 25.20, 15.90
         0,     0, 7,11:19:29,11:19:38,     9, 25.20, 41.60,-16.40
  13008883,     0, 6,11:08:14,11:22:37,   863, 31.30, 26.20,  5.10
         0,     0, 6,11:22:45,11:22:59,    14, 26.20, 26.60, -0.40
  12706609,  7018, 9,11:28:01,11:28:13,    12, 40.70, 39.40,  1.30
         0,     0, 9,11:28:20,11:28:21,     1, 39.40, 41.10, -1.70
  12706609,  7018, 9,11:28:42,11:29:35,    53, 41.10, 38.40,  2.70
         0,     0, 9,11:29:43,11:29:46,     3, 38.40, 41.10, -2.70
  12448404,  6017, 1,11:28:31,11:30:46,   135, 41.20, 19.70, 21.50
  13323456,     0, 7,11:19:50,11:31:07,   677, 39.80, 19.30, 20.50
         0,     0, 1,11:30:53,11:31:13,    20, 19.70, 41.20,-21.50
         0,     0, 7,11:31:14,11:31:27,    13, 19.30, 41.10,-21.80
         0,     0, 8,11:31:02,11:31:51,    49, 21.60, 21.60,  0.00
  13008866,     0,10,11:32:01,11:32:09,     8, 41.00, 40.90,  0.10
  12200048,     0, 9,11:30:18,11:32:27,   129, 41.00, 35.80,  5.20
         0,     0, 9,11:32:34,11:32:40,     6, 35.80, 41.10, -5.30
  12448483,  6096, 4,11:30:19,11:32:44,   145, 43.50, 20.20, 23.30
  12200010,  5064, 1,11:31:51,11:33:07,    76, 41.20, 29.10, 12.10
         0,     0, 4,11:32:52,11:33:14,    22, 20.20, 43.10,-22.90
         0,     0, 1,11:33:14,11:33:25,    11, 29.10, 41.30,-12.20
  21304388,  6125, 2,11:34:04,11:34:48,    44, 43.60, 43.30,  0.30
  21268104,  6062, 1,11:34:31,11:35:17,    46, 41.30, 37.90,  3.40
         0,     0, 1,11:35:25,11:35:27,     2, 37.90, 41.20, -3.30
  21268104,  6062, 2,11:35:22,11:35:29,     7, 43.20, 43.10,  0.10
  13008905,  8146, 3,11:35:35,11:36:30,    55, 46.40, 44.20,  2.20
  21268104,  6062, 1,11:35:43,11:36:36,    53, 41.20, 33.10,  8.10
         0,     0, 1,11:36:44,11:36:51,     7, 33.10, 41.30, -8.20
  13008866,     0,10,11:35:41,11:38:20,   159, 40.90, 23.10, 17.80
  11953978,  4008, 4,11:37:04,11:38:22,    78, 43.50, 29.20, 14.30
         0,     0, 4,11:38:29,11:38:43,    14, 29.20, 43.20,-14.00
         0,     0,10,11:38:29,11:38:48,    19, 23.10, 41.20,-18.10
  13323471,     0, 7,11:31:38,11:38:46,   428, 40.80, 30.60, 10.20
         0,     0, 7,11:38:53,11:38:59,     6, 30.60, 41.50,-10.90
  21304388,  6125, 2,11:35:39,11:39:02,   203, 42.90, 20.00, 22.90
         0,     0, 2,11:39:10,11:39:34,    24, 20.00, 43.80,-23.80
  12706622,     0,10,11:40:05,11:40:08,     3, 37.10, 37.00,  0.10
         0,     0,10,11:40:16,11:40:20,     4, 37.00, 41.20, -4.20
  21292480,     0, 7,11:40:43,11:41:07,    24, 11.50, 11.50,  0.00
         0,     0, 7,11:41:15,11:41:32,    17, 11.50, 41.70,-30.20
  12706646,     0, 7,11:41:42,11:43:22,   100, 41.40, 34.90,  6.50
         0,     0, 7,11:43:30,11:43:33,     3, 34.90, 41.50, -6.60
  12706719,  7128, 5,11:41:35,11:44:51,   196, 40.70, 30.50, 10.20
         0,     0, 5,11:44:59,11:45:08,     9, 30.50, 40.80,-10.30
  12706667,     0, 8,11:45:06,11:45:15,     9, 21.60, 21.60,  0.00
  12448434,     0, 7,11:43:47,11:46:03,   136, 40.80, 31.20,  9.60
         0,     0, 8,11:45:22,11:46:11,    49, 21.60, 21.60,  0.00
         0,     0, 7,11:46:10,11:46:16,     6, 31.20, 41.50,-10.30
  12706642,  7051,10,11:48:44,11:49:08,    24, 41.20, 40.80,  0.40
  13008795,     0, 8,11:49:46,11:49:51,     5, 21.60, 21.60,  0.00
  12706642,  7051,10,11:49:22,11:50:13,    51, 39.70, 32.50,  7.20
         0,     0,10,11:50:22,11:50:31,     9, 32.50, 41.20, -8.70
         0,     0, 8,11:49:59,11:50:48,    49, 21.60, 21.60,  0.00
  13008790,     0, 7,11:47:44,11:55:25,   461,  7.50,  7.30,  0.20
  12448408,     0, 6,11:23:55,11:55:27,  1892, 24.90, 18.90,  6.00
         0,     0, 7,11:55:33,11:55:54,    21,  7.30, 41.50,-34.20
         0,     0, 6,11:55:35,11:56:00,    25, 18.90, 18.90,  0.00
  13008894,     0, 6,11:56:36,11:57:34,    58, 33.00, 33.00,  0.00
  12448463,  6076, 5,11:54:19,11:57:35,   196, 40.80, 19.70, 21.10
         0,     0, 6,11:57:42,11:57:49,     7, 33.00, 41.40, -8.40
         0,     0, 5,11:57:43,11:58:03,    20, 19.70, 40.90,-21.20
  21268162,  6046, 1,11:57:48,11:59:02,    74, 41.30, 31.30, 10.00
         0,     0, 1,11:59:09,11:59:18,     9, 31.30, 41.30,-10.00
  12706701,  7110, 3,11:55:15,11:59:18,   243, 43.50, 31.20, 12.30
         0,     0, 3,11:59:26,11:59:39,    13, 31.20, 31.00,  0.20
  12448408,     0, 6,11:57:59,12:02:06,   247, 41.40, 26.40, 15.00
         0,     0, 6,12:02:14,12:02:28,    14, 26.40, 26.50, -0.10
  13008795,     0, 7,11:57:05,12:04:33,   448, 19.80, 19.80,  0.00
         0,     0, 7,12:04:40,12:04:53,    13, 19.80, 41.20,-21.40
  12200013,     0, 8,12:04:59,12:05:00,     1, 21.60, 21.60,  0.00
         0,     0, 8,12:05:07,12:05:56,    49, 21.60, 21.60,  0.00
  13008742,  7163, 1,12:06:06,12:07:15,    69, 41.30, 40.90,  0.40
  12706667,     0, 7,12:05:51,12:08:49,   178, 26.40, 20.50,  5.90
         0,     0, 7,12:08:57,12:09:09,    12, 20.50, 41.50,-21.00
  12200048,     0,10,12:09:00,12:09:26,    26, 41.10, 41.10,  0.00
  13008742,  7163, 2,12:07:29,12:09:28,   119, 43.60, 30.40, 13.20
         0,     0, 2,12:09:36,12:09:49,    13, 30.40, 43.50,-13.10
  12200013,     0, 8,12:10:36,12:11:02,    26, 21.60, 21.60,  0.00
  12448416,  6029, 4,12:10:33,12:11:32,    59, 43.70, 39.60,  4.10
         0,     0, 4,12:11:39,12:11:42,     3, 39.60, 43.30, -3.70
         0,     0, 8,12:11:10,12:11:59,    49, 21.60, 21.60,  0.00
  21268104,  6062, 2,12:11:11,12:12:20,    69, 43.50, 34.90,  8.60
         0,     0, 2,12:12:27,12:12:35,     8, 34.90, 43.80, -8.90
  13323471,     0, 8,12:13:13,12:13:15,     2, 21.60, 21.60,  0.00
  21292347,  5120, 3,12:12:06,12:14:01,   115, 46.90, 33.70, 13.20
  12448416,  6029, 4,12:12:26,12:14:01,    95, 43.40, 22.90, 20.50
         0,     0, 8,12:13:22,12:14:11,    49, 21.60, 21.60,  0.00
         0,     0, 3,12:14:08,12:14:19,    11, 33.70, 33.60,  0.10
         0,     0, 4,12:14:09,12:14:29,    20, 22.90, 43.40,-20.50
  13008905,  8146, 5,12:13:32,12:15:50,   138, 40.80, 30.20, 10.60
         0,     0, 5,12:15:58,12:16:08,    10, 30.20, 40.80,-10.60
  12200013,     0, 7,12:09:37,12:16:20,   403, 41.60,  0.10, 41.50
         0,     0, 7,12:16:27,12:16:51,    24,  0.10, 40.90,-40.80
  13323352,  8154, 5,12:17:55,12:19:38,   103, 40.70, 37.10,  3.60
         0,     0, 5,12:19:47,12:19:50,     3, 37.10, 40.80, -3.70
  13323352,  8154, 5,12:20:02,12:20:16,    14, 40.80, 40.00,  0.80
  13008883,     0, 6,12:02:40,12:21:20,  1120, 41.40, 41.40,  0.00
  13008790,     0, 8,12:26:09,12:26:10,     1, 21.60, 21.60,  0.00
         0,     0, 8,12:26:18,12:27:07,    49, 21.60, 21.60,  0.00
  13323471,     0, 7,12:17:02,12:27:30,   628, 40.90, 12.00, 28.90
         0,     0, 7,12:27:38,12:27:55,    17, 12.00, 12.00,  0.00
  13008847,     0, 6,12:21:29,12:30:06,   517, 41.30, 23.30, 18.00
         0,     0, 6,12:30:14,12:30:31,    17, 23.30, 23.50, -0.20
  12199987,     0,10,12:29:15,12:31:41,   146, 41.10, 34.60,  6.50
         0,     0,10,12:31:48,12:31:54,     6, 34.60, 41.20, -6.60
  13323352,  8154, 4,12:32:27,12:33:45,    78, 43.80, 41.30,  2.50
         0,     0, 4,12:33:53,12:33:54,     1, 41.30, 43.40, -2.10
  12199987,     0,10,12:32:08,12:35:01,   173, 41.20, 28.90, 12.30
         0,     0,10,12:35:08,12:35:21,    13, 28.90, 41.10,-12.20
  13008883,     0, 6,12:31:13,12:38:52,   459, 31.40, 31.40,  0.00
         0,     0, 6,12:38:59,12:39:08,     9, 31.40, 31.50, -0.10
  12706738,  7147, 2,12:38:46,12:41:27,   161, 43.50, 24.60, 18.90
  11954003,     0, 7,12:41:03,12:41:36,    33, 32.10, 32.10,  0.00
         0,     0, 7,12:41:44,12:41:49,     5, 32.10, 41.40, -9.30
         0,     0, 2,12:41:34,12:41:53,    19, 24.60, 43.80,-19.20
  21292347,  5120, 3,12:42:10,12:44:26,   136, 46.70, 29.90, 16.80
         0,     0, 3,12:44:33,12:44:47,    14, 29.90, 29.80,  0.10
  12448432,  6045, 2,12:42:03,12:45:58,   235, 43.80, 27.20, 16.60
         0,     0, 2,12:46:07,12:46:23,    16, 27.20, 43.80,-16.60
  13008848,     0,10,12:47:25,12:47:48,    23, 41.10, 41.10,  0.00
  13008801,     0, 7,12:42:55,12:48:08,   313, 40.40, 19.80, 20.60
         0,     0, 7,12:48:16,12:48:29,    13, 19.80, 41.50,-21.70
  11954014,  4044, 4,12:48:29,12:49:36,    67, 43.20, 26.60, 16.60
         0,     0, 4,12:49:43,12:49:59,    16, 26.60, 43.10,-16.50
  13008848,     0, 9,12:48:10,12:50:31,   141, 40.90, 32.30,  8.60
         0,     0, 9,12:50:38,12:50:49,    11, 32.30, 41.00, -8.70
  12448416,  6029, 5,12:53:43,12:55:16,    93, 40.00, 31.80,  8.20
         0,     0, 5,12:55:25,12:55:33,     8, 31.80, 40.80, -9.00
  12200046,  5100, 4,12:54:17,12:55:45,    88, 44.30, 28.00, 16.30
         0,     0, 4,12:55:53,12:56:08,    15, 28.00, 43.20,-15.20
  13008826,     0,10,12:58:17,12:58:39,    22, 37.80, 37.80,  0.00
         0,     0,10,12:58:47,12:58:50,     3, 37.80, 40.60, -2.80
  13008826,     0,10,12:59:26,12:59:40,    14, 34.70, 34.70,  0.00
         0,     0,10,12:59:49,12:59:55,     6, 34.70, 41.10, -6.40
  13323352,  8154, 2,12:58:10,13:00:54,   164, 43.80, 39.70,  4.10
         0,     0, 2,13:01:01,13:01:04,     3, 39.70, 43.80, -4.10
  11954003,     0, 7,12:48:39,13:02:47,   848, 41.50, 21.30, 20.20
         0,     0, 7,13:02:55,13:03:07,    12, 21.30, 41.00,-19.70
  12706662,     0, 6,12:41:30,13:03:41,  1331, 24.20, 12.50, 11.70
         0,     0, 6,13:03:48,13:04:16,    28, 12.50, 41.50,-29.00
  13323461,     0, 9,13:04:17,13:04:28,    11, 41.10, 41.00,  0.10
  12706714,  7123, 1,13:04:34,13:04:43,     9, 40.90, 40.90,  0.00
  13323461,     0, 9,13:04:43,13:04:53,    10, 41.00, 39.70,  1.30
         0,     0, 9,13:05:00,13:05:01,     1, 39.70, 41.00, -1.30
  12706714,  7123, 2,13:04:54,13:05:01,     7, 43.80, 43.90, -0.10
  13323461,     0, 9,13:05:14,13:05:18,     4, 39.20, 39.30, -0.10
         0,     0, 9,13:05:25,13:05:27,     2, 39.30, 40.00, -0.70
  13323461,     0, 9,13:05:38,13:05:40,     2, 39.00, 39.00,  0.00
         0,     0, 9,13:05:48,13:05:50,     2, 39.00, 41.10, -2.10
  12706714,  7123, 2,13:05:30,13:06:10,    40, 43.90, 43.70,  0.20
  13323490,     0, 7,13:04:02,13:08:35,   273, 30.10, 29.70,  0.40
         0,     0, 7,13:08:43,13:08:49,     6, 29.70, 41.30,-11.60
  12706714,  7123, 5,13:09:48,13:10:41,    53, 40.80, 38.90,  1.90
         0,     0, 5,13:10:49,13:10:50,     1, 38.90, 41.00, -2.10
  13008842,  8083, 1,13:09:44,13:12:26,   162, 40.90, 21.20, 19.70
  13323471,     0, 8,13:12:27,13:12:38,    11, 21.60, 21.60,  0.00
         0,     0, 1,13:12:33,13:12:52,    19, 21.20, 41.20,-20.00
  12200060,     0, 7,13:09:37,13:13:19,   222, 33.70, 32.20,  1.50
         0,     0, 7,13:13:27,13:13:32,     5, 32.20, 41.60, -9.40
         0,     0, 8,13:12:46,13:13:35,    49, 21.60, 21.60,  0.00
  13323471,     0, 7,13:13:42,13:14:00,    18, 39.70, 39.70,  0.00
         0,     0, 7,13:14:08,13:14:08,     0, 39.70, 41.10, -1.40
  12448442,  6055,10,13:15:37,13:16:04,    27, 41.10, 35.80,  5.30
         0,     0,10,13:16:12,13:16:17,     5, 35.80, 41.10, -5.30
  12706714,  7123, 5,13:14:21,13:16:26,   125, 41.00, 24.10, 16.90
  12706705,  7114, 2,13:12:46,13:16:28,   222, 43.70, 23.90, 19.80
  12706700,  7109, 1,13:15:14,13:16:31,    77, 41.20, 26.90, 14.30
         0,     0, 5,13:16:34,13:16:50,    16, 24.10, 40.60,-16.50
         0,     0, 1,13:16:38,13:16:52,    14, 26.90, 41.10,-14.20
         0,     0, 2,13:16:35,13:16:56,    21, 23.90, 43.80,-19.90
  12448442,  6055,10,13:16:49,13:17:07,    18, 41.10, 36.20,  4.90
         0,     0,10,13:17:14,13:17:18,     4, 36.20, 41.20, -5.00
  12706622,     0,10,13:19:09,13:19:12,     3, 41.20, 41.20,  0.00
  12706622,     0, 9,13:21:12,13:21:13,     1, 34.50, 34.50,  0.00
         0,     0, 9,13:21:21,13:21:29,     8, 34.50, 41.10, -6.60
  12448432,  6045, 2,13:23:16,13:26:31,   195, 43.70, 35.10,  8.60
         0,     0, 2,13:26:38,13:26:46,     8, 35.10, 43.70, -8.60
  13008732,  7153, 1,13:24:33,13:28:30,   237, 41.10, 28.70, 12.40
         0,     0, 1,13:28:38,13:28:49,    11, 28.70, 41.20,-12.50
  12706729,  7138, 3,13:26:57,13:29:40,   163, 46.20, 24.90, 21.30
         0,     0, 3,13:29:48,13:30:06,    18, 24.90, 24.90,  0.00
  12706651,  7060, 1,13:31:45,13:33:57,   132, 41.20, 25.80, 15.40
  13323462,     0, 9,13:33:59,13:34:12,    13, 41.10, 40.70,  0.40
         0,     0, 1,13:34:05,13:34:20,    15, 25.80, 41.20,-15.40
  13323462,     0, 9,13:35:25,13:35:57,    32, 35.20, 33.70,  1.50
         0,     0, 9,13:36:04,13:36:14,    10, 33.70, 41.10, -7.40
  13323352,  8154, 5,13:35:37,13:36:27,    50, 40.70, 39.30,  1.40
         0,     0, 5,13:36:34,13:36:35,     1, 39.30, 40.90, -1.60
  13323352,  8154, 5,13:38:08,13:39:01,    53, 40.80, 39.20,  1.60
         0,     0, 5,13:39:09,13:39:10,     1, 39.20, 40.90, -1.70
  13323471,     0, 7,13:14:55,13:39:46,  1491, 41.10, 29.70, 11.40
         0,     0, 7,13:39:54,13:40:01,     7, 29.70, 41.50,-11.80
  13008827,     0, 9,13:41:43,13:41:45,     2, 41.10, 41.10,  0.00
  12448441,     0, 6,13:15:20,13:43:16,  1676, 41.50, 13.80, 27.70
         0,     0, 6,13:43:23,13:43:49,    26, 13.80, 41.40,-27.60
  13008827,     0,10,13:45:20,13:45:21,     1, 29.30, 29.30,  0.00
         0,     0,10,13:45:30,13:45:42,    12, 29.30, 41.20,-11.90
  13008858,     0, 9,13:51:29,13:53:30,   121, 41.00, 33.80,  7.20
         0,     0, 9,13:53:38,13:53:48,    10, 33.80, 41.10, -7.30
  12706706,  7115, 1,13:55:52,13:58:13,   141, 41.20, 18.70, 22.50
         0,     0, 1,13:58:20,13:58:41,    21, 18.70, 41.20,-22.50
  13008816,     0, 9,14:01:44,14:02:06,    22, 41.10, 41.00,  0.10
  12448442,  6055,10,14:03:06,14:03:58,    52, 41.20, 37.00,  4.20
  13323390,  9012, 5,14:01:22,14:04:01,   159, 40.80, 29.10, 11.70
         0,     0,10,14:04:06,14:04:10,     4, 37.00, 41.10, -4.10
         0,     0, 5,14:04:08,14:04:19,    11, 29.10, 41.00,-11.90
  13008894,     0, 6,13:44:12,14:04:18,  1206, 39.50, 37.80,  1.70
         0,     0, 6,14:04:25,14:04:28,     3, 37.80, 41.80, -4.00
  12706741,  7150, 2,14:04:41,14:04:43,     2, 43.50, 43.30,  0.20
  12706741,  7150, 1,14:05:16,14:06:01,    45, 41.20, 41.20,  0.00
  13008816,     0,10,14:08:51,14:08:53,     2, 29.30, 29.30,  0.00
         0,     0,10,14:09:02,14:09:15,    13, 29.30, 41.20,-11.90
  12706639,  7048, 5,14:10:13,14:11:13,    60, 40.90, 40.60,  0.30
  12706639,  7048, 5,14:11:31,14:11:41,    10, 40.60, 39.80,  0.80
         0,     0, 5,14:11:49,14:11:50,     1, 39.80, 40.70, -0.90
  12706639,  7048, 5,14:12:10,14:12:32,    22, 40.70, 35.40,  5.30
         0,     0, 5,14:12:39,14:12:44,     5, 35.40, 40.90, -5.50
  11954003,     0, 7,13:55:32,14:13:16,  1064, 41.50, 41.40,  0.10
  12706639,  7048, 5,14:13:10,14:13:53,    43, 40.90, 30.20, 10.70
         0,     0, 5,14:14:00,14:14:10,    10, 30.20, 40.90,-10.70
  13008732,  7153, 5,14:16:19,14:16:42,    23, 40.80, 40.70,  0.10
  12706741,  7150, 2,14:18:07,14:18:17,    10, 43.40, 43.20,  0.20
  12706651,  7060, 5,14:16:54,14:18:33,    99, 40.70, 32.60,  8.10
         0,     0, 5,14:18:42,14:18:49,     7, 32.60, 40.80, -8.20
  13323457,     0, 8,14:18:52,14:18:57,     5, 21.60, 21.60,  0.00
  12448499,  6112, 2,14:18:26,14:19:26,    60, 43.20, 27.40, 15.80
         0,     0, 2,14:19:35,14:19:51,    16, 27.40, 43.80,-16.40
         0,     0, 8,14:19:06,14:19:55,    49, 21.60, 21.60,  0.00
  12706741,  7150, 1,14:19:31,14:21:46,   135, 41.20, 37.30,  3.90
         0,     0, 1,14:21:54,14:21:57,     3, 37.30, 41.20, -3.90
  13008733,  7154, 5,14:24:46,14:24:53,     7, 40.80, 40.70,  0.10
  13008733,  7154, 5,14:25:30,14:26:11,    41, 40.70, 40.50,  0.20
  12448434,     0, 7,14:13:28,14:26:56,   808, 41.30, 22.10, 19.20
         0,     0, 7,14:27:03,14:27:14,    11, 22.10, 41.40,-19.30
  13008733,  7154, 5,14:26:28,14:27:25,    57, 40.50, 26.30, 14.20
         0,     0, 5,14:27:32,14:27:45,    13, 26.30, 40.80,-14.50
  12706729,  7138, 2,14:25:20,14:28:39,   199, 44.00, 38.80,  5.20
         0,     0, 2,14:28:47,14:28:51,     4, 38.80, 43.70, -4.90
  13008732,  7153, 5,14:28:41,14:30:03,    82, 40.80, 40.10,  0.70
  12706741,  7150, 1,14:30:48,14:31:19,    31, 41.20, 40.60,  0.60
  13008732,  7153, 5,14:30:31,14:32:30,   119, 40.10, 24.30, 15.80
         0,     0, 5,14:32:37,14:32:52,    15, 24.30, 40.90,-16.60
  12706741,  7150, 1,14:31:31,14:34:14,   163, 40.60, 35.70,  4.90
         0,     0, 1,14:34:23,14:34:27,     4, 35.70, 41.30, -5.60
  21268825,  6068, 3,14:37:27,14:37:59,    32, 46.30, 46.10,  0.20
  21268825,  6068, 4,14:38:25,14:38:39,    14, 44.00, 43.60,  0.40
  13008798,     0,10,14:39:35,14:40:37,    62, 41.10, 29.40, 11.70
         0,     0,10,14:40:46,14:40:58,    12, 29.40, 41.20,-11.80
  21268825,  6068, 3,14:39:48,14:41:26,    98, 46.00, 38.60,  7.40
         0,     0, 3,14:41:35,14:41:41,     6, 38.60, 38.50,  0.10
  12706741,  7150, 1,14:43:54,14:46:00,   126, 41.30, 38.10,  3.20
         0,     0, 1,14:46:07,14:46:09,     2, 38.10, 41.30, -3.20
  12448428,  6041, 3,14:52:25,14:53:50,    85, 46.40, 27.90, 18.50
         0,     0, 3,14:53:57,14:54:12,    15, 27.90, 27.70,  0.20
  12200048,     0, 9,14:57:05,14:57:23,    18, 36.10, 36.10,  0.00
         0,     0, 9,14:57:30,14:57:36,     6, 36.10, 41.00, -4.90
  12706655,  7064, 5,15:00:46,15:03:13,   147, 40.80, 20.70, 20.10
         0,     0, 5,15:03:21,15:03:40,    19, 20.70, 40.80,-20.10
  13323456,     0, 7,14:27:25,15:03:43,  2178, 41.30, 28.30, 13.00
  12448428,  6041, 4,15:02:27,15:03:43,    76, 43.90, 35.70,  8.20
  13323406,     0, 9,15:03:10,15:03:50,    40, 41.10, 34.20,  6.90
         0,     0, 4,15:03:51,15:03:58,     7, 35.70, 43.10, -7.40
         0,     0, 7,15:03:50,15:03:58,     8, 28.30, 41.40,-13.10
         0,     0, 9,15:03:58,15:04:07,     9, 34.20, 41.10, -6.90
  13008866,     0,10,15:08:45,15:08:46,     1, 41.00, 41.00,  0.00
  12706645,     0, 7,15:07:20,15:10:21,   181, 41.40, 11.50, 29.90
         0,     0, 7,15:10:29,15:10:47,    18, 11.50, 41.50,-30.00
  12706662,     0, 6,14:04:38,15:13:21,  4123, 41.60, 11.00, 30.60
  11724159,     0, 9,15:12:44,15:13:54,    70, 41.10, 32.70,  8.40
         0,     0, 6,15:13:30,15:13:59,    29, 11.00, 11.20, -0.20
         0,     0, 9,15:14:03,15:14:14,    11, 32.70, 41.00, -8.30
  12706646,     0, 8,15:14:28,15:14:32,     4, 21.60, 21.60,  0.00
         0,     0, 8,15:14:39,15:15:28,    49, 21.60, 21.60,  0.00
  12200013,     0, 7,15:11:09,15:16:17,   308, 41.20,  2.40, 38.80
         0,     0, 7,15:16:24,15:16:47,    23,  2.40, 41.60,-39.20
  12448429,     0, 7,15:17:12,15:17:34,    22, 36.20, 36.00,  0.20
         0,     0, 7,15:17:41,15:17:44,     3, 36.00, 41.50, -5.50
  12706646,     0, 7,15:17:58,15:18:09,    11, 41.50, 40.50,  1.00
  12200048,     0,10,15:15:46,15:19:00,   194, 41.00, 40.80,  0.20
  21292480,     0, 7,15:18:24,15:20:00,    96, 36.70, 23.30, 13.40
         0,     0, 7,15:20:08,15:20:18,    10, 23.30, 41.50,-18.20
  12706646,     0, 8,15:20:24,15:20:25,     1, 21.60, 21.60,  0.00
         0,     0, 8,15:20:32,15:21:21,    49, 21.60, 21.60,  0.00
  12706646,     0, 7,15:21:41,15:24:16,   155, 41.60, 31.50, 10.10
  11724181,     0,10,15:24:15,15:24:19,     4, 26.60, 26.60,  0.00
         0,     0, 7,15:24:23,15:24:28,     5, 31.50, 41.10, -9.60
         0,     0,10,15:24:28,15:24:43,    15, 26.60, 41.20,-14.60
  12448471,     0, 7,15:25:32,15:26:40,    68, 25.60, 25.50,  0.10
  13323461,     0,10,15:26:33,15:26:50,    17, 41.20, 41.00,  0.20
         0,     0, 7,15:26:47,15:26:56,     9, 25.50, 41.50,-16.00
  13008790,     0, 7,15:27:33,15:33:15,   342, 40.40, 26.60, 13.80
         0,     0, 7,15:33:22,15:33:31,     9, 26.60, 41.40,-14.80
  12706667,     0, 8,15:34:22,15:34:47,    25, 21.60, 21.60,  0.00
         0,     0, 8,15:34:55,15:35:44,    49, 21.60, 21.60,  0.00
  21268104,  6062, 1,15:35:39,15:35:53,    14, 41.30, 41.20,  0.10
  12706738,  7147, 1,15:36:08,15:37:33,    85, 41.20, 32.10,  9.10
  21268104,  6062, 2,15:35:57,15:37:38,   101, 43.00, 28.80, 14.20
         0,     0, 1,15:37:41,15:37:49,     8, 32.10, 41.20, -9.10
         0,     0, 2,15:37:45,15:38:00,    15, 28.80, 44.50,-15.70
  12706738,  7147, 2,15:38:10,15:38:29,    19, 43.90, 40.40,  3.50
         0,     0, 2,15:38:38,15:38:40,     2, 40.40, 43.90, -3.50
  12200048,     0,10,15:34:16,15:39:11,   295, 41.00, 29.30, 11.70
         0,     0,10,15:39:19,15:39:31,    12, 29.30, 41.20,-11.90
  12706646,     0, 7,15:33:47,15:41:57,   490, 39.80, 23.00, 16.80
         0,     0, 7,15:42:04,15:42:15,    11, 23.00, 40.70,-17.70
  12448479,  6092, 1,15:41:19,15:42:42,    83, 41.20, 34.00,  7.20
         0,     0, 1,15:42:50,15:42:56,     6, 34.00, 41.20, -7.20
  12448416,  6029, 4,15:41:42,15:42:59,    77, 43.10, 25.80, 17.30
         0,     0, 4,15:43:06,15:43:23,    17, 25.80, 43.30,-17.50
  12448499,  6112, 2,15:42:51,15:43:44,    53, 43.90, 32.50, 11.40
  12448479,  6092, 1,15:43:06,15:43:52,    46, 41.20, 34.70,  6.50
  13008866,     0,10,15:41:18,15:43:53,   155, 41.20, 28.50, 12.70
         0,     0, 2,15:43:52,15:44:03,    11, 32.50, 43.60,-11.10
         0,     0, 1,15:44:01,15:44:07,     6, 34.70, 41.20, -6.50
         0,     0,10,15:44:01,15:44:15,    14, 28.50, 40.50,-12.00
  11954050,     0, 8,15:44:55,15:44:56,     1, 21.60, 21.60,  0.00
  12706642,  7051,10,15:44:34,15:45:01,    27, 39.00, 32.60,  6.40
  13008790,     0, 7,15:43:03,15:45:04,   121, 24.90, 24.90,  0.00
         0,     0,10,15:45:09,15:45:18,     9, 32.60, 41.20, -8.60
         0,     0, 7,15:45:11,15:45:21,    10, 24.90, 41.20,-16.30
  12200046,  5100, 4,15:44:50,15:45:40,    50, 43.80, 30.40, 13.40
         0,     0, 8,15:45:04,15:45:53,    49, 21.60, 21.60,  0.00
         0,     0, 4,15:45:49,15:46:01,    12, 30.40, 43.20,-12.80
  12706719,  7128, 1,15:44:32,15:47:32,   180, 41.20, 26.60, 14.60
         0,     0, 1,15:47:39,15:47:52,    13, 26.60, 41.20,-14.60
  12200060,     0, 7,15:46:16,15:49:16,   180, 29.80, 26.30,  3.50
         0,     0, 7,15:49:24,15:49:33,     9, 26.30, 41.20,-14.90
  13008839,     0, 9,15:51:06,15:52:46,   100, 41.10, 34.40,  6.70
         0,     0, 9,15:52:54,15:53:02,     8, 34.40, 41.10, -6.70
  13008839,     0,10,15:53:19,15:54:24,    65, 39.30, 35.80,  3.50
         0,     0,10,15:54:31,15:54:36,     5, 35.80, 41.20, -5.40
  13008839,     0,10,15:54:48,15:54:49,     1, 41.20, 41.20,  0.00
  12448456,     0, 8,15:57:57,15:58:17,    20, 21.60, 21.60,  0.00
  12448429,     0, 7,15:50:29,15:58:22,   473, 22.70, 22.70,  0.00
         0,     0, 7,15:58:29,15:58:40,    11, 22.70, 41.30,-18.60
  12706707,  7116, 1,15:57:35,15:58:47,    72, 41.20, 35.70,  5.50
         0,     0, 1,15:58:55,15:59:00,     5, 35.70, 41.20, -5.50
         0,     0, 8,15:58:25,15:59:14,    49, 21.60, 21.60,  0.00
  12448412,  6025, 1,15:59:28,15:59:57,    29, 41.30, 41.20,  0.10
  12706727,  7136, 2,15:59:31,16:00:07,    36, 43.70, 41.00,  2.70
         0,     0, 2,16:00:14,16:00:15,     1, 41.00, 43.70, -2.70
  12706727,  7136, 1,16:00:18,16:01:30,    72, 41.20, 25.30, 15.90
         0,     0, 1,16:01:37,16:01:52,    15, 25.30, 41.20,-15.90
  12706636,  7045, 3,16:01:12,16:02:59,   107, 46.30, 28.50, 17.80
  12448404,  6017, 4,16:01:21,16:03:05,   104, 43.80, 27.10, 16.70
         0,     0, 3,16:03:07,16:03:23,    16, 28.50, 28.00,  0.50
         0,     0, 4,16:03:13,16:03:29,    16, 27.10, 43.20,-16.10
  12706730,  7139, 1,16:03:09,16:05:06,   117, 41.20, 18.90, 22.30
         0,     0, 1,16:05:13,16:05:34,    21, 18.90, 41.20,-22.30
  12448412,  6025, 2,16:00:25,16:05:36,   311, 43.70, 24.20, 19.50
         0,     0, 2,16:05:44,16:06:03,    19, 24.20, 43.60,-19.40
  12199987,     0, 9,16:02:48,16:06:01,   193, 41.20, 33.60,  7.60
         0,     0, 9,16:06:09,16:06:19,    10, 33.60, 41.10, -7.50
  12448456,     0, 7,15:58:51,16:08:17,   566, 41.40, 10.90, 30.50
  12448463,  6076, 3,16:06:00,16:08:29,   149, 46.30, 29.30, 17.00
         0,     0, 7,16:08:24,16:08:42,    18, 10.90, 41.40,-30.50
  12706741,  7150, 1,16:06:38,16:08:49,   131, 41.20, 36.40,  4.80
         0,     0, 3,16:08:38,16:08:52,    14, 29.30, 29.20,  0.10
         0,     0, 1,16:08:56,16:09:00,     4, 36.40, 41.20, -4.80
  12706707,  7116, 2,16:08:59,16:09:39,    40, 43.70, 36.90,  6.80
  12448434,     0, 7,16:08:57,16:09:41,    44, 40.40, 38.90,  1.50
  12448434,     0, 8,16:09:32,16:09:44,    12, 21.60, 21.60,  0.00
         0,     0, 7,16:09:49,16:09:50,     1, 38.90, 41.30, -2.40
         0,     0, 2,16:09:46,16:09:52,     6, 36.90, 43.80, -6.90
         0,     0, 8,16:09:53,16:10:42,    49, 21.60, 21.60,  0.00
  13008742,  7163, 1,16:10:48,16:10:53,     5, 41.20, 41.20,  0.00
  13008883,     0, 6,15:14:37,16:12:19,  3462, 30.70, 18.20, 12.50
         0,     0, 6,16:12:27,16:12:48,    21, 18.20, 40.60,-22.40
  12200010,  5064, 1,16:12:38,16:13:34,    56, 41.20, 35.40,  5.80
         0,     0, 1,16:13:42,16:13:47,     5, 35.40, 41.20, -5.80
  12706741,  7150, 1,16:14:18,16:14:32,    14, 41.20, 40.70,  0.50
  12448480,  6093, 5,16:11:51,16:14:35,   164, 40.70, 21.40, 19.30
         0,     0, 5,16:14:42,16:15:00,    18, 21.40, 40.80,-19.40
  13323352,  8154, 4,16:13:59,16:15:35,    96, 44.20, 39.50,  4.70
         0,     0, 4,16:15:43,16:15:46,     3, 39.50, 43.20, -3.70
  12706741,  7150, 2,16:14:44,16:16:24,   100, 43.80, 40.60,  3.20
         0,     0, 2,16:16:33,16:16:35,     2, 40.60, 43.80, -3.20
  13323390,  9012, 5,16:15:10,16:17:51,   161, 40.80, 30.40, 10.40
  13008742,  7163, 1,16:14:44,16:18:01,   197, 40.70, 22.10, 18.60
  21268825,  6068, 4,16:15:59,16:18:01,   122, 43.70, 31.00, 12.70
         0,     0, 5,16:18:00,16:18:10,    10, 30.40, 40.70,-10.30
         0,     0, 4,16:18:09,16:18:21,    12, 31.00, 43.10,-12.10
         0,     0, 1,16:18:08,16:18:26,    18, 22.10, 41.20,-19.10
  13323352,  8154, 2,16:18:23,16:19:36,    73, 43.80, 41.50,  2.30
         0,     0, 2,16:19:44,16:19:45,     1, 41.50, 43.70, -2.20
  13008826,     0, 9,16:19:46,16:19:48,     2, 31.80, 31.70,  0.10
  21268162,  6046, 1,16:18:59,16:19:52,    53, 41.20, 32.30,  8.90
         0,     0, 9,16:19:55,16:20:07,    12, 31.70, 41.00, -9.30
         0,     0, 1,16:20:00,16:20:08,     8, 32.30, 41.20, -8.90
  13008905,  8146, 5,16:19:11,16:21:06,   115, 40.70, 24.30, 16.40
  21268162,  6046, 1,16:20:20,16:21:11,    51, 41.30, 32.00,  9.30
         0,     0, 1,16:21:18,16:21:28,    10, 32.00, 41.10, -9.10
         0,     0, 5,16:21:13,16:21:32,    19, 24.30, 40.70,-16.40
  12448471,     0, 7,16:17:38,16:22:05,   267, 41.30, 29.90, 11.40
  21292347,  5120, 4,16:20:24,16:22:11,   107, 43.50, 31.30, 12.20
         0,     0, 7,16:22:13,16:22:21,     8, 29.90, 41.30,-11.40
         0,     0, 4,16:22:18,16:22:31,    13, 31.30, 43.10,-11.80
  12200010,  5064, 1,16:21:38,16:23:55,   137, 41.10, 33.40,  7.70
         0,     0, 1,16:24:04,16:24:11,     7, 33.40, 41.20, -7.80
  12448479,  6092, 3,16:22:42,16:24:19,    97, 46.50, 37.30,  9.20
  12706714,  7123, 2,16:23:15,16:24:24,    69, 44.10, 38.30,  5.80
         0,     0, 3,16:24:26,16:24:34,     8, 37.30, 37.00,  0.30
         0,     0, 2,16:24:32,16:24:37,     5, 38.30, 44.00, -5.70
  13008733,  7154, 2,16:24:48,16:25:27,    39, 43.70, 39.20,  4.50
  12706714,  7123, 1,16:24:31,16:25:28,    57, 41.20, 29.60, 11.60
         0,     0, 2,16:25:34,16:25:38,     4, 39.20, 43.50, -4.30
         0,     0, 1,16:25:36,16:25:48,    12, 29.60, 41.10,-11.50
  12706734,  7143, 2,16:25:49,16:26:02,    13, 43.70, 43.40,  0.30
  12706734,  7143, 2,16:26:12,16:27:51,    99, 43.40, 33.30, 10.10
  12448473,  6086, 1,16:26:24,16:28:05,   101, 41.10, 23.60, 17.50
         0,     0, 2,16:27:58,16:28:08,    10, 33.30, 43.80,-10.50
         0,     0, 1,16:28:13,16:28:29,    16, 23.60, 41.20,-17.60
  11954014,  4044, 3,16:28:10,16:28:55,    45, 46.10, 29.00, 17.10
         0,     0, 3,16:29:03,16:29:18,    15, 29.00, 46.10,-17.10
  13008733,  7154, 2,16:28:40,16:29:38,    58, 44.00, 37.30,  6.70
         0,     0, 2,16:29:45,16:29:50,     5, 37.30, 43.70, -6.40
  12706701,  7110, 3,16:30:19,16:30:49,    30, 46.60, 46.60,  0.00
  12706727,  7136, 2,16:30:46,16:32:13,    87, 44.00, 32.10, 11.90
         0,     0, 2,16:32:20,16:32:31,    11, 32.10, 43.70,-11.60
  12706701,  7110, 3,16:31:44,16:34:45,   181, 46.60, 31.30, 15.30
  12706667,     0, 7,16:22:31,16:34:48,   737, 41.20, 12.00, 29.20
         0,     0, 3,16:34:53,16:35:07,    14, 31.30, 32.10, -0.80
         0,     0, 7,16:34:56,16:35:14,    18, 12.00, 41.50,-29.50
  21299280,  8145, 2,16:32:57,16:35:30,   153, 43.90, 29.50, 14.40
         0,     0, 2,16:35:37,16:35:51,    14, 29.50, 43.90,-14.40
  12448429,     0, 7,16:36:18,16:36:54,    36, 22.00, 22.00,  0.00
  12448448,  6061, 1,16:30:35,16:37:09,   394, 41.20, 13.70, 27.50
         0,     0, 7,16:37:02,16:37:14,    12, 22.00, 41.60,-19.60
         0,     0, 1,16:37:16,16:37:42,    26, 13.70, 41.20,-27.50
  13323457,     0, 7,16:38:17,16:38:52,    35, 20.30, 17.20,  3.10
         0,     0, 7,16:38:59,16:39:13,    14, 17.20, 41.50,-24.30
  13323352,  8154, 2,16:38:22,16:39:12,    50, 44.00, 42.20,  1.80
  13323352,  8154, 1,16:39:31,16:40:24,    53, 41.20, 39.10,  2.10
         0,     0, 1,16:40:31,16:40:32,     1, 39.10, 41.20, -2.10
  12448483,  6096, 4,16:38:23,16:40:40,   137, 43.60, 22.70, 20.90
         0,     0, 4,16:40:48,16:41:07,    19, 22.70, 43.40,-20.70
  13008816,     0, 9,16:44:52,16:45:10,    18, 34.70, 34.70,  0.00
         0,     0, 9,16:45:17,16:45:25,     8, 34.70, 41.10, -6.40
  13008827,     0, 9,16:46:08,16:46:13,     5, 41.10, 41.10,  0.00
  13008827,     0,10,16:46:45,16:46:46,     1, 40.90, 40.90,  0.00
  11954003,     0, 7,16:41:54,16:49:03,   429, 41.50, 22.60, 18.90
         0,     0, 7,16:49:11,16:49:22,    11, 22.60, 41.60,-19.00
  12200064,  5118, 1,16:44:05,16:49:24,   319, 41.20, 13.80, 27.40
         0,     0, 1,16:49:31,16:49:57,    26, 13.80, 41.10,-27.30
  13323388,  9010, 4,16:48:42,16:50:34,   112, 44.30, 30.40, 13.90
         0,     0, 4,16:50:42,16:50:54,    12, 30.40, 43.20,-12.80
  12706700,  7109, 2,16:51:07,16:52:07,    60, 42.00, 28.70, 13.30
         0,     0, 2,16:52:15,16:52:30,    15, 28.70, 43.90,-15.20
  12448404,  6017, 1,16:51:46,16:52:34,    48, 41.10, 35.00,  6.10
         0,     0, 1,16:52:42,16:52:47,     5, 35.00, 41.20, -6.20
  12448404,  6017, 1,16:53:19,16:54:28,    69, 41.20, 27.50, 13.70
         0,     0, 1,16:54:35,16:54:48,    13, 27.50, 41.20,-13.70
  12706741,  7150, 2,16:54:28,16:56:55,   147, 44.00, 40.10,  3.90
         0,     0, 2,16:57:02,16:57:05,     3, 40.10, 43.60, -3.50
  12706651,  7060, 1,16:59:00,16:59:40,    40, 41.20, 37.00,  4.20
         0,     0, 1,16:59:48,16:59:51,     3, 37.00, 41.20, -4.20
  12706651,  7060, 2,16:59:45,17:00:52,    67, 43.50, 35.90,  7.60
  13008742,  7163, 1,17:00:01,17:00:58,    57, 41.20, 41.10,  0.10
         0,     0, 2,17:01:00,17:01:07,     7, 35.90, 43.80, -7.90
  13008742,  7163, 1,17:01:18,17:02:13,    55, 41.10, 40.50,  0.60
  11954050,     0, 7,16:49:33,17:03:48,   855, 41.40, 11.60, 29.80
         0,     0, 7,17:03:56,17:04:17,    21, 11.60, 41.30,-29.70
  21304388,  6125, 2,17:02:28,17:04:35,   127, 44.00, 34.70,  9.30
         0,     0, 2,17:04:44,17:04:53,     9, 34.70, 43.70, -9.00
  12706622,     0, 9,17:05:28,17:05:37,     9, 41.10, 41.10,  0.00
  21304388,  6125, 1,17:04:48,17:05:59,    71, 40.50, 32.70,  7.80
         0,     0, 1,17:06:06,17:06:14,     8, 32.70, 41.20, -8.50
  12706622,     0,10,17:07:56,17:09:27,    91, 40.90, 37.20,  3.70
         0,     0,10,17:09:34,17:09:37,     3, 37.20, 41.20, -4.00
  21292480,     0, 7,17:05:00,17:10:53,   353, 32.70, 32.60,  0.10
         0,     0, 7,17:11:00,17:11:06,     6, 32.60, 41.30, -8.70
  13008801,     0, 8,17:11:26,17:11:27,     1, 21.60, 21.60,  0.00
         0,     0, 8,17:11:35,17:12:24,    49, 21.60, 21.60,  0.00
  13008905,  8146, 3,17:11:01,17:12:50,   109, 46.20, 39.90,  6.30
         0,     0, 3,17:12:58,17:13:03,     5, 39.90, 46.30, -6.40
  13323461,     0, 9,17:16:50,17:16:53,     3, 41.10, 41.10,  0.00
  12448432,  6045, 5,17:20:13,17:22:23,   130, 40.70, 31.20,  9.50
         0,     0, 5,17:22:30,17:22:39,     9, 31.20, 40.90, -9.70
  13008858,     0, 9,17:22:55,17:23:03,     8, 41.00, 40.90,  0.10
  13323406,     0, 9,17:23:25,17:23:44,    19, 40.90, 37.90,  3.00
         0,     0, 9,17:23:53,17:23:56,     3, 37.90, 41.00, -3.10
  13323406,     0, 9,17:24:18,17:24:24,     6, 41.00, 40.50,  0.50
  12706609,  7018,10,17:24:44,17:25:01,    17, 41.10, 37.90,  3.20
         0,     0,10,17:25:09,17:25:12,     3, 37.90, 41.00, -3.10
  12706700,  7109, 2,17:25:31,17:26:17,    46, 43.50, 36.10,  7.40
         0,     0, 2,17:26:25,17:26:32,     7, 36.10, 43.80, -7.70
  13323461,     0,10,17:26:12,17:26:56,    44, 37.80, 31.80,  6.00
         0,     0,10,17:27:05,17:27:14,     9, 31.80, 41.20, -9.40
  12706609,  7018, 9,17:27:06,17:27:56,    50, 40.50, 35.10,  5.40
         0,     0, 9,17:28:05,17:28:12,     7, 35.10, 41.00, -5.90
  12706701,  7110, 2,17:30:07,17:30:29,    22, 44.00, 43.80,  0.20
  13008847,     0, 6,16:13:00,17:32:56,  4796, 40.50, 21.90, 18.60
         0,     0, 6,17:33:03,17:33:21,    18, 21.90, 41.40,-19.50
  12706701,  7110, 2,17:30:44,17:33:31,   167, 43.80, 27.30, 16.50
         0,     0, 2,17:33:40,17:33:56,    16, 27.30, 43.80,-16.50
  12706719,  7128, 5,17:30:30,17:34:13,   223, 40.80, 24.50, 16.30
         0,     0, 5,17:34:20,17:34:35,    15, 24.50, 40.80,-16.30
  12706705,  7114, 1,17:31:20,17:34:51,   211, 41.10, 17.00, 24.10
         0,     0, 1,17:35:00,17:35:23,    23, 17.00, 41.20,-24.20
  12448432,  6045, 2,17:36:55,17:38:11,    76, 44.20, 37.60,  6.60
         0,     0, 2,17:38:19,17:38:24,     5, 37.60, 43.70, -6.10
  12706639,  7048, 2,17:38:34,17:40:43,   129, 43.80, 29.30, 14.50
         0,     0, 2,17:40:51,17:41:05,    14, 29.30, 43.80,-14.50
  12448499,  6112, 1,17:43:00,17:43:39,    39, 41.20, 36.00,  5.20
         0,     0, 1,17:43:47,17:43:51,     4, 36.00, 41.20, -5.20
  12706636,  7045, 2,17:46:01,17:47:28,    87, 43.90, 39.10,  4.80
         0,     0, 2,17:47:35,17:47:39,     4, 39.10, 43.80, -4.70
  12706636,  7045, 1,17:47:31,17:47:39,     8, 41.20, 41.10,  0.10
  12448499,  6112, 5,17:49:43,17:50:18,    35, 40.70, 32.70,  8.00
         0,     0, 5,17:50:25,17:50:32,     7, 32.70, 32.80, -0.10
  12200064,  5118, 1,17:50:30,17:54:54,   264, 41.10, 20.90, 20.20
  12199988,     0, 7,17:51:25,17:54:58,   213, 36.50, 31.00,  5.50
         0,     0, 7,17:55:05,17:55:11,     6, 31.00, 41.50,-10.50
         0,     0, 1,17:55:02,17:55:22,    20, 20.90, 41.10,-20.20
  13008905,  8146, 5,17:59:01,18:00:16,    75, 40.80, 34.10,  6.70
         0,     0, 5,18:00:25,18:00:29,     4, 34.10, 34.10,  0.00
  13323388,  9010, 4,17:59:09,18:01:37,   148, 43.70, 29.50, 14.20
         0,     0, 4,18:01:45,18:01:58,    13, 29.50, 43.30,-13.80
  12448480,  6093, 1,18:03:43,18:03:47,     4, 41.10, 41.10,  0.00
  13008827,     0,10,18:04:24,18:05:23,    59, 39.60, 30.70,  8.90
         0,     0,10,18:05:31,18:05:42,    11, 30.70, 41.20,-10.50
  12448480,  6093, 2,18:03:55,18:06:36,   161, 43.70, 26.90, 16.80
         0,     0, 2,18:06:43,18:07:00,    17, 26.90, 43.90,-17.00
  13323490,     0, 7,17:55:33,18:08:31,   778, 41.40, 21.30, 20.10
         0,     0, 7,18:08:39,18:08:51,    12, 21.30, 41.30,-20.00
  12448432,  6045, 2,18:07:20,18:08:58,    98, 44.00, 36.60,  7.40
         0,     0, 2,18:09:06,18:09:12,     6, 36.60, 44.00, -7.40
  21292480,     0, 7,18:09:31,18:10:18,    47, 32.20, 32.20,  0.00
         0,     0, 7,18:10:26,18:10:31,     5, 32.20, 41.40, -9.20
  11953978,  4008, 2,18:09:38,18:10:48,    70, 44.10, 33.40, 10.70
         0,     0, 2,18:10:57,18:11:07,    10, 33.40, 43.90,-10.50
  11953978,  4008, 2,18:11:41,18:12:34,    53, 44.10, 35.40,  8.70
         0,     0, 2,18:12:41,18:12:49,     8, 35.40, 43.70, -8.30
  13323352,  8154, 2,18:14:35,18:15:51,    76, 43.90, 40.30,  3.60
  13008827,     0,10,18:15:11,18:15:58,    47, 41.20, 41.10,  0.10
         0,     0, 2,18:16:00,18:16:02,     2, 40.30, 43.80, -3.50
  12448429,     0, 8,18:16:43,18:16:46,     3, 21.60, 21.60,  0.00
         0,     0, 8,18:16:55,18:17:44,    49, 21.60, 21.60,  0.00
  12706729,  7138, 3,18:16:06,18:17:50,   104, 46.70, 28.40, 18.30
         0,     0, 3,18:17:58,18:18:13,    15, 28.40, 28.20,  0.20
  12200010,  5064, 1,18:19:20,18:20:55,    95, 41.10, 24.90, 16.20
         0,     0, 1,18:21:03,18:21:18,    15, 24.90, 41.20,-16.30
  13323352,  8154, 1,18:21:59,18:22:55,    56, 41.20, 39.50,  1.70
         0,     0, 1,18:23:02,18:23:03,     1, 39.50, 41.20, -1.70
  13323352,  8154, 2,18:23:07,18:23:21,    14, 43.70, 43.50,  0.20
  13008732,  7153, 3,18:21:40,18:24:48,   188, 46.00, 38.20,  7.80
         0,     0, 3,18:24:57,18:25:04,     7, 38.20, 46.00, -7.80
  13008842,  8083, 1,18:24:25,18:25:05,    40, 41.20, 37.60,  3.60
         0,     0, 1,18:25:14,18:25:17,     3, 37.60, 41.20, -3.60
  12448434,     0, 7,18:21:49,18:25:20,   211, 32.00, 22.10,  9.90
         0,     0, 7,18:25:28,18:25:39,    11, 22.10, 41.50,-19.40
  13323390,  9012, 5,18:23:33,18:25:48,   135, 39.20, 28.30, 10.90
  11954014,  4044, 3,18:25:15,18:26:01,    46, 46.10, 33.80, 12.30
         0,     0, 5,18:25:56,18:26:08,    12, 28.30, 40.80,-12.50
         0,     0, 3,18:26:09,18:26:20,    11, 33.80, 46.20,-12.40
  12706636,  7045, 1,18:26:29,18:26:57,    28, 41.20, 38.80,  2.40
  11724181,     0,10,18:24:52,18:27:00,   128, 41.10, 28.10, 13.00
         0,     0, 1,18:27:06,18:27:07,     1, 38.80, 41.30, -2.50
  12448412,  6025, 2,18:26:07,18:27:07,    60, 43.40, 43.10,  0.30
         0,     0,10,18:27:07,18:27:20,    13, 28.10, 41.20,-13.10
  13008866,     0,10,18:27:51,18:27:56,     5, 41.10, 41.10,  0.00
  21268825,  6068, 2,18:27:17,18:28:19,    62, 43.10, 42.60,  0.50
  13008866,     0,10,18:28:12,18:28:25,    13, 40.80, 40.40,  0.40
  21268825,  6068, 2,18:28:30,18:28:49,    19, 42.60, 41.50,  1.10
         0,     0, 2,18:28:57,18:28:58,     1, 41.50, 43.70, -2.20
  13323462,     0,10,18:28:54,18:28:57,     3, 40.40, 40.40,  0.00
  12706706,  7115, 1,18:28:28,18:29:29,    61, 41.30, 27.10, 14.20
         0,     0, 1,18:29:37,18:29:51,    14, 27.10, 41.20,-14.10
  12706727,  7136, 2,18:29:34,18:30:45,    71, 43.80, 33.80, 10.00
         0,     0, 2,18:30:53,18:31:02,     9, 33.80, 43.90,-10.10
  21268825,  6068, 1,18:30:01,18:31:33,    92, 41.20, 29.40, 11.80
         0,     0, 1,18:31:42,18:31:53,    11, 29.40, 41.10,-11.70
  12448412,  6025, 3,18:28:47,18:33:31,   284, 46.50, 26.60, 19.90
         0,     0, 3,18:33:39,18:33:56,    17, 26.60, 26.50,  0.10
  12199988,     0, 7,18:26:47,18:34:48,   481, 41.50, 40.40,  1.10
  12706707,  7116, 1,18:35:10,18:36:12,    62, 41.10, 31.50,  9.60
  13008858,     0, 9,18:36:04,18:36:16,    12, 41.10, 40.90,  0.20
         0,     0, 1,18:36:20,18:36:29,     9, 31.50, 41.20, -9.70
  12706707,  7116, 1,18:36:39,18:37:26,    47, 41.20, 36.80,  4.40
         0,     0, 1,18:37:34,18:37:37,     3, 36.80, 41.30, -4.50
  13008858,     0, 9,18:38:03,18:38:21,    18, 40.60, 40.30,  0.30
  12706700,  7109, 4,18:37:39,18:38:26,    47, 43.90, 30.20, 13.70
         0,     0, 4,18:38:34,18:38:46,    12, 30.20, 43.20,-13.00
  13008905,  8146, 5,18:38:24,18:39:11,    47, 40.80, 38.70,  2.10
         0,     0, 5,18:39:20,18:39:22,     2, 38.70, 41.00, -2.30
  13008733,  7154, 5,18:39:32,18:39:44,    12, 40.90, 40.10,  0.80
  13008848,     0, 9,18:38:41,18:40:25,   104, 40.10, 30.00, 10.10
  13008858,     0,10,18:40:28,18:40:29,     1, 40.00, 40.00,  0.00
         0,     0, 9,18:40:33,18:40:47,    14, 30.00, 41.00,-11.00
  13008733,  7154, 5,18:39:59,18:40:46,    47, 40.20, 29.80, 10.40
  21268104,  6062, 1,18:39:03,18:40:52,   109, 41.20, 32.20,  9.00
         0,     0, 5,18:40:55,18:41:05,    10, 29.80, 40.60,-10.80
         0,     0, 1,18:41:00,18:41:08,     8, 32.20, 41.20, -9.00
  12448441,     0, 6,17:33:39,18:42:16,  4117, 40.00, 29.40, 10.60
  12706636,  7045, 1,18:41:39,18:42:18,    39, 41.20, 34.80,  6.40
  13008858,     0, 9,18:41:16,18:42:22,    66, 40.60, 35.20,  5.40
         0,     0, 1,18:42:25,18:42:30,     5, 34.80, 41.20, -6.40
         0,     0, 6,18:42:25,18:42:36,    11, 29.40, 29.50, -0.10
  12448463,  6076, 5,18:41:44,18:42:33,    49, 40.70, 40.40,  0.30
         0,     0, 9,18:42:31,18:42:38,     7, 35.20, 41.10, -5.90
  13008842,  8083, 2,18:41:17,18:42:35,    78, 43.60, 27.90, 15.70
         0,     0, 2,18:42:43,18:42:59,    16, 27.90, 43.90,-16.00
  12706622,     0, 9,18:43:19,18:43:35,    16, 41.10, 41.00,  0.10
  12448479,  6092, 4,18:41:54,18:43:41,   107, 43.50, 32.20, 11.30
         0,     0, 4,18:43:49,18:43:59,    10, 32.20, 42.90,-10.70
  12706622,     0,10,18:43:47,18:44:05,    18, 40.00, 39.90,  0.10
         0,     0,10,18:44:13,18:44:13,     0, 39.90, 41.00, -1.10
  12706639,  7048, 1,18:42:45,18:44:18,    93, 41.20, 31.30,  9.90
         0,     0, 1,18:44:25,18:44:34,     9, 31.30, 41.30,-10.00
  12706642,  7051,10,18:44:43,18:44:51,     8, 41.00, 41.00,  0.00
  12448434,     0, 8,18:45:35,18:45:36,     1, 21.60, 21.60,  0.00
  12706719,  7128, 5,18:46:06,18:46:13,     7, 40.50, 40.50,  0.00
  12706738,  7147, 2,18:44:39,18:46:19,   100, 44.00, 27.00, 17.00
         0,     0, 8,18:45:44,18:46:33,    49, 21.60, 21.60,  0.00
         0,     0, 2,18:46:26,18:46:43,    17, 27.00, 43.80,-16.80
  12448408,     0, 6,18:43:18,18:46:46,   208, 31.30, 20.20, 11.10
         0,     0, 6,18:46:54,18:47:15,    21, 20.20, 40.70,-20.50
  12706655,  7064, 3,18:46:59,18:48:31,    92, 46.40, 27.90, 18.50
         0,     0, 3,18:48:40,18:48:55,    15, 27.90, 27.80,  0.10
  13008795,     0, 8,18:49:49,18:50:21,    32, 21.60, 21.60,  0.00
         0,     0, 8,18:50:29,18:51:18,    49, 21.60, 21.60,  0.00
  13008732,  7153, 5,18:49:45,18:52:57,   192, 40.50, 29.90, 10.60
         0,     0, 5,18:53:06,18:53:16,    10, 29.90, 40.90,-11.00
  12706741,  7150, 1,18:51:22,18:53:14,   112, 41.30, 37.60,  3.70
         0,     0, 1,18:53:23,18:53:25,     2, 37.60, 41.20, -3.60
  12706734,  7143, 2,18:51:28,18:53:26,   118, 43.70, 32.70, 11.00
         0,     0, 2,18:53:33,18:53:43,    10, 32.70, 43.70,-11.00
  12706642,  7051,10,18:54:06,18:55:28,    82, 40.90, 24.60, 16.30
  12199988,     0, 7,18:48:42,18:55:41,   419, 31.80, 31.10,  0.70
         0,     0,10,18:55:36,18:55:54,    18, 24.60, 41.20,-16.60
         0,     0, 7,18:55:49,18:55:55,     6, 31.10, 41.60,-10.50
  12448463,  6076, 5,18:53:46,18:55:59,   133, 40.80, 20.10, 20.70
  13008733,  7154, 1,18:54:42,18:56:05,    83, 41.20, 34.00,  7.20
         0,     0, 1,18:56:13,18:56:19,     6, 34.00, 41.20, -7.20
         0,     0, 5,18:56:07,18:56:26,    19, 20.10, 40.80,-20.70
  21299280,  8145, 3,18:55:53,18:57:27,    94, 46.50, 33.50, 13.00
         0,     0, 3,18:57:34,18:57:44,    10, 33.50, 33.30,  0.20
  12448428,  6041, 1,18:57:03,18:57:59,    56, 41.20, 26.30, 14.90
         0,     0, 1,18:58:06,18:58:20,    14, 26.30, 41.20,-14.90
  13008801,     0, 8,18:58:31,18:58:50,    19, 21.60, 21.60,  0.00
         0,     0, 8,18:58:58,18:59:47,    49, 21.60, 21.60,  0.00
  12706645,     0, 7,18:58:10,18:59:50,   100, 41.70, 33.50,  8.20
         0,     0, 7,18:59:58,19:00:02,     4, 33.50, 41.60, -8.10
  12706741,  7150, 1,19:00:16,19:01:45,    89, 41.20, 38.30,  2.90
  11953978,  4008, 2,19:00:26,19:01:46,    80, 43.60, 34.50,  9.10
         0,     0, 1,19:01:52,19:01:54,     2, 38.30, 41.20, -2.90
         0,     0, 2,19:01:54,19:02:03,     9, 34.50, 43.90, -9.40
  12706622,     0,10,19:00:31,19:02:03,    92, 41.20, 32.30,  8.90
         0,     0,10,19:02:12,19:02:21,     9, 32.30, 41.20, -8.90
  13323352,  8154, 2,19:02:49,19:03:57,    68, 43.90, 41.70,  2.20
         0,     0, 2,19:04:05,19:04:06,     1, 41.70, 43.70, -2.00
  12448473,  6086, 1,19:02:14,19:04:04,   110, 41.20, 25.30, 15.90
  13008816,     0, 9,19:03:31,19:04:08,    37, 41.10, 35.50,  5.60
         0,     0, 9,19:04:17,19:04:24,     7, 35.50, 41.00, -5.50
         0,     0, 1,19:04:12,19:04:27,    15, 25.30, 41.30,-16.00
  12706714,  7123, 5,19:04:07,19:04:27,    20, 40.70, 40.80, -0.10
  12448428,  6041, 2,19:04:48,19:05:15,    27, 43.50, 38.90,  4.60
         0,     0, 2,19:05:23,19:05:27,     4, 38.90, 44.00, -5.10
  12706729,  7138, 3,19:04:06,19:06:43,   157, 46.30, 42.80,  3.50
         0,     0, 3,19:06:51,19:06:53,     2, 42.80, 46.10, -3.30
  21292347,  5120, 2,19:05:37,19:07:18,   101, 43.70, 33.50, 10.20
         0,     0, 2,19:07:26,19:07:35,     9, 33.50, 43.80,-10.30
  12448499,  6112, 1,19:07:48,19:08:28,    40, 41.30, 34.70,  6.60
         0,     0, 1,19:08:36,19:08:41,     5, 34.70, 41.20, -6.50
  21268104,  6062, 3,19:09:23,19:09:36,    13, 46.30, 46.10,  0.20
  12706706,  7115, 3,19:09:56,19:11:04,    68, 46.30, 33.80, 12.50
         0,     0, 3,19:11:12,19:11:22,    10, 33.80, 33.80,  0.00
  12448404,  6017, 2,19:10:57,19:11:25,    28, 43.60, 43.40,  0.20
  12706714,  7123, 1,19:10:32,19:11:30,    58, 41.20, 38.10,  3.10
         0,     0, 1,19:11:37,19:11:39,     2, 38.10, 41.30, -3.20
  12448483,  6096, 4,19:10:00,19:11:57,   117, 43.70, 21.30, 22.40
         0,     0, 4,19:12:05,19:12:26,    21, 21.30, 43.30,-22.00
  13008866,     0,10,19:12:51,19:13:09,    18, 41.10, 41.10,  0.00
  12448404,  6017, 1,19:11:54,19:13:21,    87, 41.30, 24.20, 17.10
  12706714,  7123, 2,19:11:47,19:13:22,    95, 43.40, 28.00, 15.40
         0,     0, 1,19:13:29,19:13:45,    16, 24.20, 41.10,-16.90
         0,     0, 2,19:13:29,19:13:46,    17, 28.00, 43.70,-15.70
  13008742,  7163, 1,19:15:01,19:15:43,    42, 41.10, 41.10,  0.00
  13008894,     0, 6,18:48:10,19:15:56,  1666, 26.70, 26.00,  0.70
         0,     0, 6,19:16:03,19:16:18,    15, 26.00, 41.50,-15.50
  13008866,     0,10,19:16:27,19:16:31,     4, 41.10, 41.10,  0.00
  11724159,     0,10,19:18:19,19:18:41,    22, 41.10, 36.10,  5.00
  12200046,  5100, 3,19:17:26,19:18:45,    79, 46.70, 32.90, 13.80
         0,     0,10,19:18:49,19:18:54,     5, 36.10, 41.10, -5.00
         0,     0, 3,19:18:53,19:19:04,    11, 32.90, 32.70,  0.20
  12706741,  7150, 1,19:17:08,19:19:03,   115, 41.10, 38.00,  3.10
         0,     0, 1,19:19:10,19:19:12,     2, 38.00, 41.30, -3.30
  12706741,  7150, 2,19:19:24,19:19:49,    25, 43.80, 43.10,  0.70
  12200010,  5064, 3,19:20:32,19:22:06,    94, 46.00, 38.90,  7.10
         0,     0, 3,19:22:13,19:22:19,     6, 38.90, 38.90,  0.00
  13008795,     0, 8,19:22:54,19:22:58,     4, 21.60, 21.60,  0.00
         0,     0, 8,19:23:05,19:23:54,    49, 21.60, 21.60,  0.00
  13008742,  7163, 2,19:20:15,19:24:14,   239, 43.10, 26.70, 16.40
         0,     0, 2,19:24:21,19:24:38,    17, 26.70, 43.80,-17.10
  12448441,     0, 6,19:17:27,19:24:37,   430, 30.40, 30.40,  0.00
  12199988,     0, 7,19:02:48,19:24:42,  1314, 41.60, 39.60,  2.00
         0,     0, 7,19:24:49,19:24:49,     0, 39.60, 41.10, -1.50
         0,     0, 6,19:24:45,19:24:55,    10, 30.40, 30.50, -0.10
  12706734,  7143, 1,19:23:49,19:25:16,    87, 41.30, 32.10,  9.20
  12448448,  6061, 5,19:21:10,19:25:18,   248, 40.80, 27.10, 13.70
         0,     0, 1,19:25:24,19:25:32,     8, 32.10, 41.20, -9.10
         0,     0, 5,19:25:26,19:25:39,    13, 27.10, 40.90,-13.80
  12706738,  7147, 2,19:25:16,19:26:44,    88, 44.00, 35.90,  8.10
         0,     0, 2,19:26:52,19:26:59,     7, 35.90, 43.70, -7.80
  12448479,  6092, 5,19:27:22,19:28:09,    47, 40.80, 39.20,  1.60
         0,     0, 5,19:28:18,19:28:19,     1, 39.20, 40.90, -1.70
  12706651,  7060, 5,19:28:36,19:29:32,    56, 40.90, 34.40,  6.50
         0,     0, 5,19:29:40,19:29:46,     6, 34.40, 40.90, -6.50
  21292347,  5120, 2,19:29:21,19:30:29,    68, 43.90, 35.30,  8.60
  12706707,  7116, 1,19:29:57,19:30:30,    33, 41.20, 35.70,  5.50
  12448479,  6092, 4,19:29:35,19:30:36,    61, 44.50, 37.40,  7.10
         0,     0, 1,19:30:38,19:30:43,     5, 35.70, 41.20, -5.50
         0,     0, 2,19:30:36,19:30:44,     8, 35.30, 43.90, -8.60
         0,     0, 4,19:30:43,19:30:48,     5, 37.40, 43.20, -5.80
  12706707,  7116, 2,19:31:12,19:31:38,    26, 44.00, 41.30,  2.70
         0,     0, 2,19:31:45,19:31:46,     1, 41.30, 43.70, -2.40
  13323352,  8154, 1,19:31:06,19:32:18,    72, 41.20, 37.80,  3.40
         0,     0, 1,19:32:25,19:32:27,     2, 37.80, 41.10, -3.30
  13008866,     0,10,19:31:08,19:32:27,    79, 40.90, 28.30, 12.60
         0,     0,10,19:32:35,19:32:48,    13, 28.30, 41.10,-12.80
  13008858,     0,10,19:33:11,19:33:51,    40, 40.90, 40.20,  0.70
  12706707,  7116, 1,19:32:40,19:35:38,   178, 41.10, 36.30,  4.80
  13323471,     0, 8,19:35:37,19:35:39,     2, 21.60, 21.60,  0.00
  12448471,     0, 7,19:25:11,19:35:42,   631, 39.20, 35.70,  3.50
         0,     0, 1,19:35:45,19:35:49,     4, 36.30, 41.20, -4.90
         0,     0, 7,19:35:49,19:35:52,     3, 35.70, 41.40, -5.70
  13008858,     0,10,19:35:07,19:36:13,    66, 40.20, 37.80,  2.40
  13008883,     0, 6,19:28:04,19:36:19,   495, 41.50, 31.60,  9.90
  12706651,  7060, 5,19:35:30,19:36:19,    49, 40.90, 37.30,  3.60
         0,     0,10,19:36:22,19:36:25,     3, 37.80, 41.10, -3.30
         0,     0, 5,19:36:28,19:36:31,     3, 37.30, 40.80, -3.50
         0,     0, 6,19:36:27,19:36:36,     9, 31.60, 41.40, -9.80
         0,     0, 8,19:35:46,19:36:35,    49, 21.60, 21.60,  0.00
  12448442,  6055, 9,19:37:02,19:37:04,     2, 34.10, 34.10,  0.00
         0,     0, 9,19:37:11,19:37:20,     9, 34.10, 41.00, -6.90
  12706651,  7060, 5,19:37:10,19:37:24,    14, 40.80, 39.30,  1.50
         0,     0, 5,19:37:32,19:37:33,     1, 39.30, 40.80, -1.50
  12448442,  6055, 9,19:37:57,19:37:58,     1, 38.80, 38.80,  0.00
         0,     0, 9,19:38:06,19:38:08,     2, 38.80, 41.10, -2.30
  12706655,  7064, 2,19:36:47,19:38:32,   105, 43.80, 31.50, 12.30
  13323352,  8154, 1,19:37:48,19:38:33,    45, 41.20, 39.60,  1.60
         0,     0, 1,19:38:41,19:38:41,     0, 39.60, 41.10, -1.50
         0,     0, 2,19:38:39,19:38:51,    12, 31.50, 43.80,-12.30
  11724159,     0, 9,19:39:15,19:39:23,     8, 41.10, 39.70,  1.40
         0,     0, 9,19:39:32,19:39:33,     1, 39.70, 41.00, -1.30
  21299280,  8145, 1,19:38:52,19:39:49,    57, 41.10, 32.90,  8.20
  13323352,  8154, 2,19:39:44,19:39:51,     7, 43.70, 43.40,  0.30
         0,     0, 1,19:39:56,19:40:03,     7, 32.90, 41.20, -8.30
  13323406,     0, 9,19:40:58,19:40:59,     1, 41.00, 41.00,  0.00
  12448432,  6045, 2,19:40:05,19:41:16,    71, 43.70, 40.50,  3.20
         0,     0, 2,19:41:24,19:41:26,     2, 40.50, 43.70, -3.20
  13323471,     0, 7,19:36:19,19:42:24,   365, 41.30, 34.90,  6.40
         0,     0, 7,19:42:32,19:42:35,     3, 34.90, 41.50, -6.60
  13008827,     0,10,19:39:47,19:42:33,   166, 40.90, 26.10, 14.80
         0,     0,10,19:42:42,19:42:58,    16, 26.10, 41.20,-15.10
  12448432,  6045, 2,19:42:14,19:44:29,   135, 43.80, 33.50, 10.30
  21268162,  6046, 1,19:42:40,19:44:28,   108, 41.20, 22.60, 18.60
         0,     0, 2,19:44:36,19:44:46,    10, 33.50, 43.70,-10.20
         0,     0, 1,19:44:37,19:44:55,    18, 22.60, 41.20,-18.60
  12200010,  5064, 5,19:44:19,19:45:16,    57, 40.70, 34.30,  6.40
         0,     0, 5,19:45:24,19:45:30,     6, 34.30, 40.90, -6.60
  12706741,  7150, 1,19:47:40,19:49:17,    97, 41.30, 39.20,  2.10
         0,     0, 1,19:49:24,19:49:25,     1, 39.20, 41.20, -2.00
  12706730,  7139, 2,19:49:43,19:51:08,    85, 43.70, 36.50,  7.20
         0,     0, 2,19:51:15,19:51:22,     7, 36.50, 43.80, -7.30
  12706730,  7139, 2,19:52:03,19:53:07,    64, 43.80, 28.20, 15.60
         0,     0, 2,19:53:14,19:53:29,    15, 28.20, 43.80,-15.60
  12706706,  7115, 2,19:54:45,19:55:54,    69, 44.00, 36.40,  7.60
         0,     0, 2,19:56:01,19:56:08,     7, 36.40, 43.90, -7.50
  12448463,  6076, 5,19:55:48,19:57:00,    72, 40.80, 32.30,  8.50
  12199988,     0, 7,19:49:20,19:57:11,   471, 41.50,  0.80, 40.70
         0,     0, 5,19:57:08,19:57:16,     8, 32.30, 40.60, -8.30
  12199987,     0,10,19:54:36,19:57:40,   184, 41.20, 27.80, 13.40
         0,     0, 7,19:57:19,19:57:44,    25,  0.80, 41.30,-40.50
         0,     0,10,19:57:47,19:58:01,    14, 27.80, 41.20,-13.40
  11953978,  4008, 2,19:56:40,19:59:26,   166, 44.00, 34.50,  9.50
  12448463,  6076, 5,19:58:51,19:59:35,    44, 40.70, 37.60,  3.10
         0,     0, 2,19:59:34,19:59:43,     9, 34.50, 43.80, -9.30
         0,     0, 5,19:59:43,19:59:46,     3, 37.60, 40.90, -3.30
  12706734,  7143, 1,19:59:29,20:00:00,    31, 41.20, 40.70,  0.50
  12706734,  7143, 2,20:00:28,20:00:45,    17, 44.00, 43.60,  0.40
  12706667,     0, 7,19:58:17,20:01:54,   217, 32.40, 32.20,  0.20
         0,     0, 7,20:02:02,20:02:07,     5, 32.20, 41.50, -9.30
  12706734,  7143, 1,20:00:58,20:04:04,   186, 40.60, 35.10,  5.50
         0,     0, 1,20:04:12,20:04:17,     5, 35.10, 41.20, -6.10
  12200013,     0, 7,20:02:17,20:06:43,   266, 41.50, 21.70, 19.80
         0,     0, 7,20:06:51,20:07:02,    11, 21.70, 41.50,-19.80
  13008894,     0, 6,19:37:20,20:08:30,  1870, 33.40, 29.20,  4.20
         0,     0, 6,20:08:37,20:08:48,    11, 29.20, 41.20,-12.00
  13323388,  9010, 5,20:08:35,20:09:41,    66, 40.90, 33.30,  7.60
  12448408,     0, 6,20:09:02,20:09:46,    44, 38.80, 32.00,  6.80
         0,     0, 5,20:09:50,20:09:57,     7, 33.30, 40.80, -7.50
         0,     0, 6,20:09:53,20:09:58,     5, 32.00, 38.00, -6.00
  12448416,  6029, 4,20:08:40,20:10:09,    89, 43.40, 28.50, 14.90
         0,     0, 4,20:10:16,20:10:30,    14, 28.50, 43.30,-14.80
  13008798,     0, 9,20:13:57,20:14:12,    15, 41.00, 40.10,  0.90
  13008798,     0,10,20:14:37,20:14:53,    16, 41.20, 38.30,  2.90
         0,     0,10,20:15:01,20:15:03,     2, 38.30, 41.10, -2.80
  13323352,  8154, 5,20:13:29,20:15:06,    97, 40.80, 38.30,  2.50
         0,     0, 5,20:15:14,20:15:16,     2, 38.30, 41.00, -2.70
  12706741,  7150, 1,20:16:23,20:18:45,   142, 41.20, 35.40,  5.80
  11954050,     0, 7,20:07:42,20:18:47,   665, 40.50, 11.90, 28.60
         0,     0, 1,20:18:52,20:18:57,     5, 35.40, 41.10, -5.70
         0,     0, 7,20:18:55,20:19:12,    17, 11.90, 41.40,-29.50
  12448416,  6029, 4,20:24:56,20:26:52,   116, 43.70, 40.90,  2.80
         0,     0, 4,20:27:00,20:27:02,     2, 40.90, 43.40, -2.50
  13323462,     0, 9,20:28:33,20:30:13,   100, 40.10, 33.60,  6.50
         0,     0, 9,20:30:21,20:30:30,     9, 33.60, 41.00, -7.40
  12706727,  7136, 2,20:30:03,20:31:46,   103, 43.40, 33.40, 10.00
         0,     0, 2,20:31:55,20:32:05,    10, 33.40, 43.80,-10.40
  13008847,     0, 6,20:10:08,20:37:03,  1615, 37.80, 23.30, 14.50
         0,     0, 6,20:37:11,20:37:28,    17, 23.30, 41.50,-18.20
  13323352,  8154, 5,20:38:10,20:39:00,    50, 40.90, 39.50,  1.40
         0,     0, 5,20:39:08,20:39:09,     1, 39.50, 40.80, -1.30
  12448448,  6061, 3,20:37:00,20:40:08,   188, 46.70, 43.50,  3.20
         0,     0, 3,20:40:17,20:40:18,     1, 43.50, 46.10, -2.60
  12448448,  6061, 3,20:40:46,20:41:53,    67, 46.10, 37.70,  8.40
         0,     0, 3,20:42:02,20:42:09,     7, 37.70, 46.10, -8.40
  12448428,  6041, 1,20:41:34,20:42:19,    45, 41.10, 30.60, 10.50
  12706636,  7045, 2,20:42:08,20:42:25,    17, 43.90, 42.50,  1.40
         0,     0, 1,20:42:26,20:42:36,    10, 30.60, 41.20,-10.60
  13008732,  7153, 5,20:39:29,20:44:03,   274, 40.80, 23.60, 17.20
  12706636,  7045, 2,20:42:35,20:44:14,    99, 42.50, 31.40, 11.10
         0,     0, 5,20:44:10,20:44:26,    16, 23.60, 23.70, -0.10
         0,     0, 2,20:44:22,20:44:34,    12, 31.40, 43.70,-12.30
  12706741,  7150, 3,20:45:32,20:45:33,     1, 45.60, 46.30, -0.70
  12706741,  7150, 1,20:48:10,20:49:28,    78, 41.20, 37.60,  3.60
         0,     0, 1,20:49:35,20:49:37,     2, 37.60, 41.20, -3.60
  13008798,     0, 9,20:48:33,20:49:46,    73, 41.00, 31.80,  9.20
         0,     0, 9,20:49:54,20:50:06,    12, 31.80, 41.10, -9.30
  12706738,  7147, 2,20:49:48,20:52:36,   168, 43.90, 33.60, 10.30
         0,     0, 2,20:52:44,20:52:54,    10, 33.60, 43.70,-10.10
  12200064,  5118, 1,20:54:46,20:54:54,     8, 41.20, 41.10,  0.10
  12448412,  6025, 3,20:49:11,20:56:36,   445, 47.20, 27.00, 20.20
         0,     0, 3,20:56:44,20:57:00,    16, 27.00, 27.00,  0.00
  12706639,  7048, 5,20:56:12,20:57:16,    64, 40.70, 33.90,  6.80
         0,     0, 5,20:57:24,20:57:30,     6, 33.90, 40.90, -7.00
  12200064,  5118, 1,20:55:10,20:58:44,   214, 41.10, 20.50, 20.60
  12448416,  6029, 2,20:55:08,20:58:57,   229, 43.80, 32.30, 11.50
         0,     0, 1,20:58:52,20:59:12,    20, 20.50, 41.30,-20.80
         0,     0, 2,20:59:06,20:59:18,    12, 32.30, 44.00,-11.70
  12200046,  5100, 3,21:00:31,21:01:20,    49, 47.40, 37.00, 10.40
         0,     0, 3,21:01:28,21:01:36,     8, 37.00, 36.80,  0.20
  13008848,     0, 9,21:01:08,21:01:33,    25, 40.50, 39.20,  1.30
         0,     0, 9,21:01:42,21:01:44,     2, 39.20, 41.20, -2.00
  13008801,     0, 7,20:43:29,21:02:55,  1166, 41.40, 28.20, 13.20
  11724159,     0, 9,21:01:56,21:03:05,    69, 41.20, 31.40,  9.80
         0,     0, 7,21:03:03,21:03:10,     7, 28.20, 41.60,-13.40
         0,     0, 9,21:03:12,21:03:24,    12, 31.40, 41.10, -9.70
  12706727,  7136, 2,21:03:42,21:04:25,    43, 43.70, 37.80,  5.90
         0,     0, 2,21:04:32,21:04:37,     5, 37.80, 43.80, -6.00
  12706705,  7114, 2,21:09:30,21:09:33,     3, 43.90, 44.00, -0.10
  12706705,  7114, 1,21:09:36,21:12:17,   161, 41.30, 22.70, 18.60
         0,     0, 1,21:12:25,21:12:42,    17, 22.70, 41.10,-18.40
  11954003,     0, 7,21:09:25,21:13:35,   250, 40.70, 34.70,  6.00
         0,     0, 7,21:13:43,21:13:47,     4, 34.70, 41.50, -6.80
  12706609,  7018,10,21:17:48,21:18:20,    32, 39.80, 36.50,  3.30
         0,     0,10,21:18:28,21:18:32,     4, 36.50, 41.20, -4.70
  21268825,  6068, 2,21:14:49,21:19:03,   254, 43.90, 30.10, 13.80
         0,     0, 2,21:19:10,21:19:24,    14, 30.10, 43.60,-13.50
  12706701,  7110, 2,21:20:03,21:21:39,    96, 43.80, 40.30,  3.50
         0,     0, 2,21:21:46,21:21:48,     2, 40.30, 43.70, -3.40
  12706701,  7110, 1,21:21:48,21:22:21,    33, 41.20, 37.60,  3.60
         0,     0, 1,21:22:29,21:22:31,     2, 37.60, 41.30, -3.70
  21268162,  6046, 1,21:22:41,21:24:23,   102, 41.40, 25.30, 16.10
         0,     0, 1,21:24:32,21:24:47,    15, 25.30, 41.20,-15.90
  12448432,  6045, 2,21:21:58,21:25:13,   195, 43.80, 29.50, 14.30
         0,     0, 2,21:25:22,21:25:36,    14, 29.50, 43.70,-14.20
  13008839,     0, 9,21:24:34,21:26:34,   120, 41.10, 36.30,  4.80
         0,     0, 9,21:26:42,21:26:48,     6, 36.30, 41.10, -4.80
  21268162,  6046, 2,21:26:58,21:27:08,    10, 44.00, 43.80,  0.20
  12706655,  7064, 4,21:28:14,21:30:40,   146, 43.50, 31.10, 12.40
         0,     0, 4,21:30:48,21:30:59,    11, 31.10, 43.30,-12.20
  12706622,     0, 9,21:31:24,21:32:26,    62, 41.10, 38.00,  3.10
         0,     0, 9,21:32:35,21:32:38,     3, 38.00, 41.10, -3.10
  12706622,     0,10,21:32:32,21:32:38,     6, 41.20, 40.60,  0.60
  12448499,  6112, 2,21:32:52,21:33:18,    26, 43.80, 39.40,  4.40
         0,     0, 2,21:33:26,21:33:29,     3, 39.40, 43.90, -4.50
  12448499,  6112, 2,21:34:12,21:34:53,    41, 43.90, 36.50,  7.40
         0,     0, 2,21:35:00,21:35:07,     7, 36.50, 43.80, -7.30
  21268104,  6062, 2,21:35:17,21:35:25,     8, 43.80, 43.90, -0.10
  21268104,  6062, 1,21:35:30,21:36:55,    85, 41.20, 31.50,  9.70
         0,     0, 1,21:37:03,21:37:12,     9, 31.50, 41.20, -9.70
  12448480,  6093, 5,21:34:17,21:38:21,   244, 40.80, 18.80, 22.00
  13008842,  8083, 2,21:36:06,21:38:40,   154, 44.10, 21.00, 23.10
         0,     0, 5,21:38:29,21:38:50,    21, 18.80, 40.70,-21.90
         0,     0, 2,21:38:48,21:39:12,    24, 21.00, 44.10,-23.10
  13323390,  9012, 5,21:43:06,21:46:12,   186, 40.70, 28.90, 11.80
         0,     0, 5,21:46:19,21:46:30,    11, 28.90, 40.90,-12.00
  11953978,  4008, 2,21:46:22,21:47:26,    64, 43.80, 37.10,  6.70
         0,     0, 2,21:47:34,21:47:40,     6, 37.10, 43.80, -6.70
  12200064,  5118, 2,21:48:23,21:48:48,    25, 43.90, 43.80,  0.10
  12200048,     0, 9,21:53:26,21:54:27,    61, 41.10, 40.90,  0.20
  12706719,  7128, 5,21:54:40,21:55:54,    74, 40.90, 40.80,  0.10
  12706729,  7138, 2,21:54:36,21:58:01,   205, 43.80, 26.60, 17.20
         0,     0, 2,21:58:09,21:58:26,    17, 26.60, 43.70,-17.10
  21304388,  6125, 2,22:02:14,22:02:15,     1, 43.90, 43.90,  0.00
  21304388,  6125, 2,22:02:32,22:06:24,   232, 43.80, 38.00,  5.80
         0,     0, 2,22:06:31,22:06:36,     5, 38.00, 43.50, -5.50
  12706719,  7128, 2,22:06:46,22:10:15,   209, 43.40, 29.20, 14.20
         0,     0, 2,22:10:23,22:10:37,    14, 29.20, 43.70,-14.50
  21268825,  6068, 4,22:12:46,22:14:46,   120, 44.30, 35.60,  8.70
         0,     0, 4,22:14:54,22:15:01,     7, 35.60, 43.30, -7.70
  12200048,     0, 9,22:17:06,22:18:43,    97, 40.90, 36.20,  4.70
         0,     0, 9,22:18:52,22:18:58,     6, 36.20, 41.00, -4.80
  11953978,  4008, 2,22:20:40,22:22:24,   104, 43.70, 38.70,  5.00
         0,     0, 2,22:22:33,22:22:37,     4, 38.70, 43.80, -5.10
  13008733,  7154, 5,22:22:51,22:23:56,    65, 40.80, 30.00, 10.80
         0,     0, 5,22:24:04,22:24:14,    10, 30.00, 30.10, -0.10
  12706734,  7143, 2,22:23:36,22:26:20,   164, 43.80, 34.80,  9.00
         0,     0, 2,22:26:28,22:26:36,     8, 34.80, 43.90, -9.10
  13008742,  7163, 1,22:27:45,22:30:17,   152, 41.10, 29.70, 11.40
  12706609,  7018,10,22:30:10,22:30:23,    13, 40.50, 39.40,  1.10
         0,     0,10,22:30:31,22:30:32,     1, 39.40, 41.10, -1.70
         0,     0, 1,22:30:25,22:30:36,    11, 29.70, 41.30,-11.60
  13008842,  8083, 2,22:31:15,22:33:13,   118, 43.90, 37.80,  6.10
         0,     0, 2,22:33:21,22:33:26,     5, 37.80, 43.80, -6.00
  12706741,  7150, 1,22:31:28,22:33:25,   117, 41.30, 37.90,  3.40
         0,     0, 1,22:33:33,22:33:35,     2, 37.90, 41.20, -3.30
  13323388,  9010, 4,22:33:06,22:35:30,   144, 43.60, 32.00, 11.60
  12706730,  7139, 2,22:33:50,22:35:44,   114, 43.80, 32.80, 11.00
         0,     0, 4,22:35:38,22:35:49,    11, 32.00, 43.30,-11.30
         0,     0, 2,22:35:51,22:36:02,    11, 32.80, 44.00,-11.20
  12706741,  7150, 2,22:36:32,22:36:34,     2, 44.00, 44.00,  0.00
  12706741,  7150, 1,22:36:44,22:40:29,   225, 41.20, 38.20,  3.00
         0,     0, 1,22:40:37,22:40:39,     2, 38.20, 41.30, -3.10
  12706662,     0, 6,20:39:02,22:44:09,  7507, 41.60, 13.60, 28.00
         0,     0, 6,22:44:17,22:44:43,    26, 13.60, 41.40,-27.80
  12706714,  7123, 2,22:43:55,22:46:18,   143, 43.90, 28.20, 15.70
         0,     0, 2,22:46:25,22:46:41,    16, 28.20, 43.70,-15.50
  21268104,  6062, 1,22:45:39,22:48:01,   142, 41.30, 27.80, 13.50
         0,     0, 1,22:48:10,22:48:22,    12, 27.80, 41.20,-13.40
  12448442,  6055, 9,22:49:58,22:50:20,    22, 38.00, 35.90,  2.10
         0,     0, 9,22:50:28,22:50:34,     6, 35.90, 41.00, -5.10
  12706622,  7018,10,22:54:42,22:56:04,    82, 41.00, 32.70,  8.30
         0,     0,10,22:56:13,22:56:21,     8, 32.70, 41.10, -8.40
  13008847,     0, 6,22:45:49,22:59:40,   831, 41.40, 36.70,  4.70
         0,     0, 6,22:59:48,22:59:52,     4, 36.70, 41.40, -4.70
  13008732,  7153, 5,22:56:18,23:01:48,   330, 40.70, 34.30,  6.40
         0,     0, 5,23:01:56,23:02:02,     6, 34.30, 40.90, -6.60
  12706741,  7150, 2,23:03:53,23:04:25,    32, 43.70, 43.10,  0.60
  12706741,  7150, 1,23:04:31,23:05:56,    85, 41.30, 39.00,  2.30
         0,     0, 1,23:06:03,23:06:04,     1, 39.00, 41.30, -2.30
  21304388,  6125, 5,23:06:36,23:09:52,   196, 40.90, 20.90, 20.00
         0,     0, 5,23:10:00,23:10:19,    19, 20.90, 40.80,-19.90
  11954014,  4044, 4,23:08:30,23:10:21,   111, 43.60, 32.30, 11.30
         0,     0, 4,23:10:30,23:10:40,    10, 32.30, 43.30,-11.00
  12706700,  7109, 2,23:13:06,23:14:03,    57, 43.20, 33.80,  9.40
         0,     0, 2,23:14:10,23:14:20,    10, 33.80, 43.70, -9.90
  12706642,  7051, 9,23:13:41,23:15:25,   104, 38.50, 33.50,  5.00
         0,     0, 9,23:15:33,23:15:42,     9, 33.50, 41.10, -7.60
  12448479,  6092, 3,23:13:46,23:15:49,   123, 46.40, 32.80, 13.60
         0,     0, 3,23:15:57,23:16:09,    12, 32.80, 32.70,  0.10
  12706636,  7045, 2,23:20:02,23:21:50,   108, 43.90, 31.30, 12.60
         0,     0, 2,23:21:59,23:22:11,    12, 31.30, 43.90,-12.60
  21268104,  6062, 1,23:21:10,23:22:12,    62, 41.30, 35.90,  5.40
         0,     0, 1,23:22:19,23:22:23,     4, 35.90, 41.30, -5.40
  12200048,     0,10,23:26:20,23:29:04,   164, 41.10, 30.40, 10.70
  13323456,     0, 7,21:13:57,23:29:15,  8118, 41.50, 31.30, 10.20
         0,     0,10,23:29:12,23:29:23,    11, 30.40, 41.10,-10.70
         0,     0, 7,23:29:24,23:29:30,     6, 31.30, 41.50,-10.20
  13323352,  8154, 2,23:32:30,23:35:48,   198, 43.80, 38.70,  5.10
         0,     0, 2,23:35:57,23:36:01,     4, 38.70, 43.70, -5.00
  13008858,     0, 9,23:38:49,23:40:44,   115, 41.10, 36.90,  4.20
  13008827,     0,10,23:40:03,23:40:52,    49, 41.10, 40.90,  0.20
         0,     0, 9,23:40:52,23:40:57,     5, 36.90, 41.10, -4.20
  13323461,     0,10,23:41:05,23:41:24,    19, 41.00, 40.90,  0.10
  12448479,  6092, 2,23:40:49,23:41:55,    66, 43.80, 36.70,  7.10
         0,     0, 2,23:42:03,23:42:09,     6, 36.70, 43.70, -7.00
         0,     0, 1,23:44:29,23:44:39,    10, 41.30, 41.30,  0.00
         0,     0, 2,23:44:29,23:44:39,    10, 43.90, 43.90,  0.00
         0,     0, 3,23:44:29,23:44:39,    10, 46.40, 46.40,  0.00
         0,     0, 4,23:44:29,23:44:39,    10, 43.40, 43.40,  0.00
         0,     0, 6,23:44:29,23:44:39,    10, 41.40, 41.40,  0.00
         0,     0, 5,23:44:29,23:44:39,    10, 40.80, 40.80,  0.00
         0,     0, 7,23:44:30,23:44:40,    10, 41.50, 41.50,  0.00
         0,     0, 8,23:44:30,23:44:40,    10, 21.60, 21.60,  0.00
         0,     0, 9,23:44:29,23:44:39,    10, 41.10, 41.10,  0.00
         0,     0,10,23:44:29,23:44:39,    10, 40.90, 40.90,  0.00
