         0,     0, 6, 0:03:26, 0:03:36,    10, 39.90, 39.90,  0.00
         0,     0, 5, 0:03:26, 0:03:36,    10, 41.00, 41.00,  0.00
         0,     0, 7, 0:03:26, 0:03:36,    10, 41.70, 41.70,  0.00
         0,     0, 8, 0:03:26, 0:03:36,    10, 20.70, 20.70,  0.00
         0,     0, 9, 0:03:26, 0:03:36,    10, 40.30, 40.30,  0.00
         0,     0,10, 0:03:26, 0:03:36,    10, 34.30, 34.30,  0.00
         0,     0, 1, 0:03:26, 0:03:36,    10, 41.20, 41.20,  0.00
         0,     0, 2, 0:03:26, 0:03:36,    10, 43.60, 43.60,  0.00
         0,     0, 3, 0:03:26, 0:03:36,    10, 46.80, 46.80,  0.00
         0,     0, 4, 0:03:26, 0:03:36,    10, 42.40, 42.40,  0.00
  12706706,  7115, 1, 0:05:31, 0:05:40,     9, 41.20, 41.20,  0.00
  12706706,  7115, 2, 0:05:44, 0:06:54,    70, 43.60, 42.30,  1.30
  12200046,  5100, 2, 0:07:15, 0:07:24,     9, 42.30, 42.30,  0.00
  12706706,  7115, 1, 0:07:17, 0:07:30,    13, 41.20, 41.20,  0.00
  12706706,  7115, 2, 0:07:34, 0:08:43,    69, 42.30, 26.90, 15.40
         0,     0, 2, 0:08:52, 0:09:09,    17, 26.90, 43.80,-16.90
  12200046,  5100, 4, 0:11:35, 0:13:27,   112, 42.40, 27.30, 15.10
         0,     0, 4, 0:13:36, 0:13:51,    15, 27.30, 43.30,-16.00
  13008797,     0,10, 0:15:08, 0:17:46,   158, 34.30, 28.60,  5.70
         0,     0,10, 0:17:53, 0:18:06,    13, 28.60, 41.20,-12.60
  12448454,  6067, 4, 0:21:59, 0:24:24,   145, 43.40, 32.60, 10.80
         0,     0, 4, 0:24:32, 0:24:42,    10, 32.60, 43.30,-10.70
  12448451,  6064, 2, 0:24:06, 0:24:50,    44, 43.80, 43.70,  0.10
  12706669,  7078, 2, 0:25:09, 0:25:50,    41, 43.70, 36.10,  7.60
         0,     0, 2, 0:25:58, 0:26:05,     7, 36.10, 43.70, -7.60
  21268104,  6062, 4, 0:26:20, 0:28:46,   146, 43.30, 31.70, 11.60
         0,     0, 4, 0:28:54, 0:29:05,    11, 31.70, 43.30,-11.60
  21292347,  5120, 2, 0:28:54, 0:29:58,    64, 43.70, 38.50,  5.20
         0,     0, 2, 0:30:05, 0:30:09,     4, 38.50, 43.70, -5.20
  13008835,     0, 8, 0:32:13, 0:32:29,    16, 20.70, 20.70,  0.00
         0,     0, 8, 0:32:37, 0:32:58,    21, 20.70, 41.10,-20.40
  12199981,  5035, 5, 0:35:53, 0:37:33,   100, 41.00, 27.10, 13.90
         0,     0, 5, 0:37:42, 0:37:55,    13, 27.10, 41.00,-13.90
  12200042,  5096, 2, 0:35:38, 0:37:56,   138, 43.70, 38.30,  5.40
         0,     0, 2, 0:38:04, 0:38:08,     4, 38.30, 43.60, -5.30
  11954027,  4057, 1, 0:38:02, 0:40:14,   132, 41.20, 27.30, 13.90
  11954014,  4044, 2, 0:39:27, 0:40:23,    56, 43.70, 32.50, 11.20
         0,     0, 1, 0:40:21, 0:40:34,    13, 27.30, 41.20,-13.90
         0,     0, 2, 0:40:30, 0:40:41,    11, 32.50, 43.70,-11.20
  11953996,  4026, 3, 0:38:56, 0:41:26,   150, 46.30, 35.10, 11.20
         0,     0, 3, 0:41:34, 0:41:43,     9, 35.10, 35.10,  0.00
  13008833,     0, 9, 0:50:30, 0:52:47,   137, 40.20, 29.90, 10.30
         0,     0, 9, 0:52:55, 0:53:10,    15, 29.90, 41.00,-11.10
  12448432,  6045, 5, 0:53:34, 0:54:17,    43, 40.90, 34.10,  6.80
         0,     0, 5, 0:54:24, 0:54:30,     6, 34.10, 34.10,  0.00
  13008866,     0, 8, 0:54:47, 0:55:42,    55, 38.60, 38.30,  0.30
         0,     0, 8, 0:55:51, 0:55:53,     2, 38.30, 41.00, -2.70
  13008866,     0, 8, 0:58:17, 0:58:51,    34, 40.50, 40.40,  0.10
  13008866,     0, 8, 0:59:51, 1:00:37,    46, 40.40, 40.20,  0.20
  12448432,  6045, 2, 0:59:53, 1:00:58,    65, 43.70, 37.40,  6.30
         0,     0, 2, 1:01:07, 1:01:12,     5, 37.40, 43.70, -6.30
  13008866,     0, 8, 1:06:25, 1:07:09,    44, 38.90, 38.70,  0.20
         0,     0, 8, 1:07:17, 1:07:19,     2, 38.70, 41.10, -2.40
  12706637,  7046, 5, 1:06:54, 1:10:24,   210, 40.90, 22.60, 18.30
         0,     0, 5, 1:10:32, 1:10:49,    17, 22.60, 22.70, -0.10
  11954050,  4080, 1, 1:12:09, 1:14:18,   129, 41.20, 28.50, 12.70
         0,     0, 1, 1:14:27, 1:14:39,    12, 28.50, 41.30,-12.80
  13008866,     0, 8, 1:15:43, 1:15:45,     2, 38.80, 38.80,  0.00
         0,     0, 8, 1:15:54, 1:15:56,     2, 38.80, 40.80, -2.00
  12448451,  6064, 1, 1:20:02, 1:20:08,     6, 41.30, 41.30,  0.00
  12706729,  7138, 1, 1:20:17, 1:20:22,     5, 41.30, 41.30,  0.00
  12706729,  7138, 2, 1:21:35, 1:23:55,   140, 43.70, 30.40, 13.30
         0,     0, 2, 1:24:03, 1:24:16,    13, 30.40, 43.80,-13.40
  12706624,  7033, 9, 1:23:47, 1:25:00,    73, 41.00, 40.60,  0.40
  12706624,  7033, 9, 1:25:29, 1:27:13,   104, 40.60, 36.80,  3.80
         0,     0, 9, 1:27:21, 1:27:26,     5, 36.80, 41.00, -4.20
  12706651,  7060, 3, 1:25:58, 1:27:40,   102, 47.20, 36.60, 10.60
         0,     0, 3, 1:27:47, 1:27:55,     8, 36.60, 36.40,  0.20
  11954056,     0,10, 1:31:20, 1:32:21,    61, 40.00, 37.00,  3.00
         0,     0,10, 1:32:28, 1:32:32,     4, 37.00, 41.20, -4.20
  21306958,  5124, 9, 1:32:26, 1:32:31,     5, 41.00, 41.00,  0.00
  12448442,  6055, 8, 1:32:44, 1:32:46,     2, 39.00, 39.00,  0.00
         0,     0, 8, 1:32:54, 1:32:55,     1, 39.00, 41.00, -2.00
  11954056,     0,10, 1:33:25, 1:33:34,     9, 41.30, 41.30,  0.00
  12448451,  6064, 2, 1:30:44, 1:33:49,   185, 43.80, 26.60, 17.20
         0,     0, 2, 1:33:57, 1:34:14,    17, 26.60, 43.70,-17.10
  13008732,  7153, 5, 1:36:29, 1:40:03,   214, 40.90, 27.00, 13.90
         0,     0, 5, 1:40:11, 1:40:24,    13, 27.00, 27.00,  0.00
  12706646,     0, 8, 1:40:54, 1:40:57,     3, 41.10, 41.10,  0.00
  12448448,  6061, 4, 1:38:52, 1:44:09,   317, 43.60, 27.20, 16.40
  21306958,  5124, 9, 1:40:27, 1:44:18,   231, 41.00, 40.40,  0.60
         0,     0, 4, 1:44:16, 1:44:31,    15, 27.20, 43.30,-16.10
  21306958,  5124, 9, 1:44:32, 1:45:31,    59, 40.50, 38.00,  2.50
         0,     0, 9, 1:45:39, 1:45:42,     3, 38.00, 41.10, -3.10
  13008839,     0, 8, 1:47:57, 1:48:02,     5, 41.00, 41.00,  0.00
  13008839,     0, 8, 1:48:26, 1:48:46,    20, 40.70, 40.40,  0.30
  12448442,  6055, 7, 1:29:47, 1:50:04,  1217, 39.60, 39.30,  0.30
         0,     0, 7, 1:50:11, 1:50:12,     1, 39.30, 41.50, -2.20
  12706624,  7033,10, 1:50:02, 1:50:59,    57, 41.20, 39.50,  1.70
         0,     0,10, 1:51:06, 1:51:07,     1, 39.50, 41.10, -1.60
  12706705,  7114, 3, 1:57:45, 2:00:51,   186, 46.70, 31.40, 15.30
         0,     0, 3, 2:00:58, 2:01:11,    13, 31.40, 31.30,  0.10
  12448412,  6025, 2, 2:03:25, 2:03:34,     9, 43.70, 43.60,  0.10
  12448428,  6041, 3, 2:10:41, 2:11:58,    77, 47.00, 31.20, 15.80
         0,     0, 3, 2:12:06, 2:12:19,    13, 31.20, 31.20,  0.00
  13008762,     0,10, 2:21:59, 2:22:01,     2, 40.90, 40.90,  0.00
  12200042,  5096, 5, 2:21:19, 2:22:06,    47, 40.80, 40.70,  0.10
  13008839,     0, 7, 1:50:23, 2:26:49,  2186, 40.70, 31.40,  9.30
         0,     0, 7, 2:26:57, 2:27:03,     6, 31.40, 41.80,-10.40
  12706651,  7060, 3, 2:26:31, 2:28:43,   132, 46.80, 37.70,  9.10
         0,     0, 3, 2:28:50, 2:28:57,     7, 37.70, 46.40, -8.70
  12200042,  5096, 1, 2:35:30, 2:37:25,   115, 41.30, 30.40, 10.90
         0,     0, 1, 2:37:32, 2:37:42,    10, 30.40, 41.30,-10.90
  12199988,     0, 7, 2:27:20, 2:40:48,   808, 41.80, 36.40,  5.40
         0,     0, 7, 2:40:56, 2:40:59,     3, 36.40, 41.60, -5.20
  13008737,     0,10, 2:50:34, 2:50:35,     1, 30.10, 30.10,  0.00
         0,     0,10, 2:50:43, 2:50:54,    11, 30.10, 41.20,-11.10
  12448428,  6041, 4, 3:10:35, 3:11:08,    33, 43.70, 37.30,  6.40
  12448479,  6092, 2, 3:06:59, 3:11:09,   250, 43.40, 31.90, 11.50
         0,     0, 4, 3:11:16, 3:11:21,     5, 37.30, 43.20, -5.90
         0,     0, 2, 3:11:17, 3:11:28,    11, 31.90, 43.80,-11.90
  12200064,  5118, 5, 3:37:11, 3:43:11,   360, 40.70, 24.00, 16.70
         0,     0, 5, 3:43:19, 3:43:35,    16, 24.00, 41.00,-17.00
  12448483,  6096, 1, 3:48:38, 3:52:42,   244, 41.30, 15.90, 25.40
         0,     0, 1, 3:52:49, 3:53:14,    25, 15.90, 41.20,-25.30
  12706669,  7078, 2, 4:12:29, 4:14:02,    93, 43.60, 31.00, 12.60
         0,     0, 2, 4:14:09, 4:14:21,    12, 31.00, 43.70,-12.70
  13008742,  7163, 2, 5:01:43, 5:01:51,     8, 43.60, 43.60,  0.00
  13008742,  7163, 1, 5:11:20, 5:11:21,     1, 41.20, 41.20,  0.00
  13008742,  7163, 2, 5:12:05, 5:12:38,    33, 43.60, 43.50,  0.10
  12706700,  7109, 5, 6:29:12, 6:29:51,    39, 41.00, 35.20,  5.80
         0,     0, 5, 6:29:59, 6:30:04,     5, 35.20, 41.00, -5.80
  12448416,  6029, 4, 6:33:05, 6:35:25,   140, 43.10, 32.90, 10.20
         0,     0, 4, 6:35:33, 6:35:43,    10, 32.90, 43.30,-10.40
  12706636,  7045, 4, 6:39:23, 6:39:29,     6, 43.60, 43.50,  0.10
  12706636,  7045, 3, 6:39:33, 6:40:00,    27, 46.90, 44.40,  2.50
  12706727,  7136, 1, 6:38:54, 6:40:56,   122, 41.20, 23.40, 17.80
         0,     0, 1, 6:41:04, 6:41:21,    17, 23.40, 41.20,-17.80
  12706636,  7045, 2, 6:41:07, 6:43:32,   145, 43.30, 32.60, 10.70
         0,     0, 2, 6:43:40, 6:43:51,    11, 32.60, 43.80,-11.20
  21268104,  6062, 2, 6:44:34, 6:45:29,    55, 43.80, 42.10,  1.70
  12706710,  7119, 4, 6:46:32, 6:47:06,    34, 43.30, 43.20,  0.10
  21268104,  6062, 2, 6:45:54, 6:47:32,    98, 42.10, 30.00, 12.10
  12448454,  6067, 1, 6:45:51, 6:47:42,   111, 41.20, 33.80,  7.40
         0,     0, 2, 6:47:39, 6:47:53,    14, 30.00, 43.60,-13.60
         0,     0, 1, 6:47:51, 6:47:58,     7, 33.80, 41.20, -7.40
  12706639,  7048, 5, 6:44:16, 6:48:21,   245, 41.00, 24.10, 16.90
         0,     0, 5, 6:48:29, 6:48:45,    16, 24.10, 41.00,-16.90
  12706710,  7119, 4, 6:48:47, 6:52:00,   193, 43.10, 23.70, 19.40
  12706738,  7147, 1, 6:49:25, 6:52:20,   175, 41.20, 24.40, 16.80
         0,     0, 4, 6:52:08, 6:52:26,    18, 23.70, 43.40,-19.70
         0,     0, 1, 6:52:29, 6:52:45,    16, 24.40, 41.20,-16.80
  12706707,  7116, 1, 6:52:55, 6:53:59,    64, 41.20, 30.60, 10.60
         0,     0, 1, 6:54:07, 6:54:17,    10, 30.60, 41.20,-10.60
  12706707,  7116, 1, 6:54:27, 6:54:58,    31, 41.20, 37.00,  4.20
         0,     0, 1, 6:55:06, 6:55:09,     3, 37.00, 41.20, -4.20
  13008732,  7153, 2, 6:53:08, 6:55:17,   129, 43.70, 42.30,  1.40
  12706719,  7128, 4, 6:53:05, 6:56:23,   198, 43.80, 24.20, 19.60
         0,     0, 4, 6:56:30, 6:56:48,    18, 24.20, 43.30,-19.10
  13008732,  7153, 1, 6:55:46, 6:58:00,   134, 41.20, 22.70, 18.50
         0,     0, 1, 6:58:08, 6:58:26,    18, 22.70, 41.20,-18.50
  12706729,  7138, 1, 6:58:43, 6:58:49,     6, 41.20, 41.20,  0.00
  11953996,  4026, 2, 6:55:38, 6:58:50,   192, 42.30, 20.70, 21.60
         0,     0, 2, 6:58:58, 6:59:22,    24, 20.70, 43.80,-23.10
  12448412,  6025, 5, 6:59:53, 6:59:59,     6, 41.00, 40.90,  0.10
  12706729,  7138, 2, 6:59:44, 7:01:11,    87, 43.80, 40.90,  2.90
         0,     0, 2, 7:01:19, 7:01:21,     2, 40.90, 43.60, -2.70
  21268825,  6068, 1, 6:59:51, 7:02:50,   179, 41.20, 31.40,  9.80
         0,     0, 1, 7:02:58, 7:03:07,     9, 31.40, 41.20, -9.80
  12448473,  6086, 1, 7:03:17, 7:03:30,    13, 41.20, 41.20,  0.00
  12448412,  6025, 2, 7:01:31, 7:03:35,   124, 43.60, 43.40,  0.20
  12448412,  6025, 1, 7:03:46, 7:03:55,     9, 41.20, 41.20,  0.00
  12448473,  6086, 2, 7:03:51, 7:03:58,     7, 43.40, 43.40,  0.00
  12448432,  6045, 5, 7:00:10, 7:03:59,   229, 40.90, 17.10, 23.80
         0,     0, 5, 7:04:07, 7:04:30,    23, 17.10, 41.00,-23.90
  12448412,  6025, 1, 7:04:05, 7:04:55,    50, 41.20, 41.00,  0.20
  12706669,  7078, 2, 7:04:09, 7:04:59,    50, 43.40, 32.90, 10.50
         0,     0, 2, 7:05:07, 7:05:18,    11, 32.90, 43.60,-10.70
  13008742,  7163, 1, 7:05:15, 7:05:19,     4, 41.00, 41.00,  0.00
  13008742,  7163, 2, 7:05:28, 7:05:32,     4, 43.60, 43.60,  0.00
  12448416,  6029, 3, 7:05:32, 7:05:34,     2, 44.10, 44.50, -0.40
  12448412,  6025, 1, 7:05:30, 7:05:36,     6, 41.00, 40.90,  0.10
  12448412,  6025, 1, 7:06:22, 7:06:38,    16, 41.00, 40.80,  0.20
  13008742,  7163, 2, 7:06:02, 7:06:38,    36, 43.70, 43.50,  0.20
  13008742,  7163, 2, 7:06:48, 7:10:34,   226, 43.50, 18.90, 24.60
         0,     0, 2, 7:10:42, 7:11:07,    25, 18.90, 43.70,-24.80
  12706655,  7064, 4, 7:08:23, 7:11:12,   169, 44.20, 20.80, 23.40
         0,     0, 4, 7:11:19, 7:11:40,    21, 20.80, 43.40,-22.60
  12448412,  6025, 1, 7:09:37, 7:14:57,   320, 40.80, 10.60, 30.20
         0,     0, 1, 7:15:05, 7:15:35,    30, 10.60, 41.20,-30.60
  13008842,  8083, 3, 7:13:34, 7:16:20,   166, 44.10, 29.60, 14.50
         0,     0, 3, 7:16:27, 7:16:42,    15, 29.60, 29.50,  0.10
  21304388,  6125, 5, 7:11:57, 7:16:44,   287, 40.90, 16.30, 24.60
         0,     0, 5, 7:16:51, 7:17:14,    23, 16.30, 16.50, -0.20
  12706729,  7138, 2, 7:22:19, 7:23:28,    69, 43.70, 36.00,  7.70
         0,     0, 2, 7:23:35, 7:23:43,     8, 36.00, 43.70, -7.70
  12448454,  6067, 4, 7:27:20, 7:27:32,    12, 44.70, 43.10,  1.60
  12706651,  7060, 4, 7:28:33, 7:29:05,    32, 43.20, 40.30,  2.90
         0,     0, 4, 7:29:13, 7:29:15,     2, 40.30, 43.30, -3.00
  12448454,  6067, 5, 7:28:19, 7:29:34,    75, 40.90, 33.30,  7.60
         0,     0, 5, 7:29:42, 7:29:49,     7, 33.30, 33.40, -0.10
  12706651,  7060, 3, 7:29:33, 7:30:38,    65, 46.50, 39.70,  6.80
         0,     0, 3, 7:30:45, 7:30:50,     5, 39.70, 40.10, -0.40
  12706651,  7060, 4, 7:30:55, 7:31:18,    23, 43.30, 40.50,  2.80
         0,     0, 4, 7:31:25, 7:31:27,     2, 40.50, 43.40, -2.90
  13008815,     0,10, 7:51:24, 7:53:09,   105, 40.50, 28.50, 12.00
         0,     0,10, 7:53:18, 7:53:31,    13, 28.50, 41.20,-12.70
  12448432,  6045, 2, 8:01:22, 8:02:26,    64, 43.50, 33.20, 10.30
         0,     0, 2, 8:02:34, 8:02:44,    10, 33.20, 43.70,-10.50
  12706645,     0, 8, 8:03:31, 8:03:55,    24, 39.70, 39.70,  0.00
         0,     0, 8, 8:04:02, 8:04:03,     1, 39.70, 40.80, -1.10
  12706645,     0, 8, 8:04:14, 8:06:20,   126, 40.90, 40.50,  0.40
  12706710,  7119, 4, 8:06:26, 8:08:58,   152, 43.40, 27.30, 16.10
         0,     0, 4, 8:09:06, 8:09:21,    15, 27.30, 43.30,-16.00
  11953978,  4008, 2, 8:10:48, 8:12:10,    82, 43.70, 31.30, 12.40
         0,     0, 2, 8:12:17, 8:12:29,    12, 31.30, 43.70,-12.40
  12706651,  7060, 3, 8:12:22, 8:14:39,   137, 46.70, 39.10,  7.60
         0,     0, 3, 8:14:47, 8:14:53,     6, 39.10, 39.00,  0.10
  13008842,  8083, 1, 8:13:12, 8:15:23,   131, 41.20, 28.00, 13.20
         0,     0, 1, 8:15:31, 8:15:43,    12, 28.00, 41.10,-13.10
  11954056,     0,10, 8:15:17, 8:16:35,    78, 39.30, 28.60, 10.70
         0,     0,10, 8:16:43, 8:16:56,    13, 28.60, 41.20,-12.60
  12199981,  5035, 5, 8:17:31, 8:18:38,    67, 41.00, 25.00, 16.00
         0,     0, 5, 8:18:45, 8:19:00,    15, 25.00, 40.90,-15.90
  12448479,  6092, 2, 8:18:08, 8:21:09,   181, 43.70, 26.90, 16.80
         0,     0, 2, 8:21:17, 8:21:34,    17, 26.90, 43.70,-16.80
  12706707,  7116, 2, 8:35:46, 8:35:57,    11, 43.70, 43.20,  0.50
  12706707,  7116, 1, 8:36:16, 8:37:13,    57, 41.10, 31.40,  9.70
         0,     0, 1, 8:37:21, 8:37:30,     9, 31.40, 41.30, -9.90
  12200010,  5064, 3, 8:41:16, 8:43:19,   123, 46.70, 33.80, 12.90
         0,     0, 3, 8:43:27, 8:43:37,    10, 33.80, 33.80,  0.00
  13008815,     0, 9, 8:58:47, 8:59:47,    60, 40.90, 38.20,  2.70
         0,     0, 9, 8:59:56, 8:59:59,     3, 38.20, 41.00, -2.80
  13008815,     0,10, 9:00:38, 9:00:40,     2, 34.20, 34.30, -0.10
         0,     0,10, 9:00:47, 9:00:54,     7, 34.30, 41.20, -6.90
  12706616,  7025, 1, 9:06:05, 9:07:52,   107, 41.30, 23.10, 18.20
         0,     0, 1, 9:08:00, 9:08:17,    17, 23.10, 41.20,-18.10
  13323420,     0,10, 9:09:34, 9:09:57,    23, 40.00, 37.30,  2.70
         0,     0,10, 9:10:05, 9:10:08,     3, 37.30, 41.10, -3.80
  21268104,  6062, 4, 9:13:10, 9:14:29,    79, 44.10, 35.50,  8.60
         0,     0, 4, 9:14:37, 9:14:44,     7, 35.50, 43.30, -7.80
  12448474,  6087, 1, 9:11:50, 9:15:01,   191, 41.30, 19.90, 21.40
         0,     0, 1, 9:15:10, 9:15:31,    21, 19.90, 41.20,-21.30
  13008797,     0,10, 9:16:35, 9:17:06,    31, 33.90, 33.50,  0.40
         0,     0,10, 9:17:13, 9:17:20,     7, 33.50, 41.10, -7.60
  12448477,  6090, 4, 9:17:31, 9:17:40,     9, 43.30, 43.60, -0.30
  12706705,  7114, 1, 9:15:41, 9:19:09,   208, 41.20, 18.60, 22.60
         0,     0, 1, 9:19:17, 9:19:40,    23, 18.60, 41.30,-22.70
  12448477,  6090, 3, 9:17:48, 9:20:40,   172, 47.10, 27.80, 19.30
         0,     0, 3, 9:20:48, 9:21:03,    15, 27.80, 28.00, -0.20
  12706639,  7048, 5, 9:19:27, 9:21:41,   134, 40.80, 22.80, 18.00
         0,     0, 5, 9:21:50, 9:22:07,    17, 22.80, 40.90,-18.10
  13008797,     0,10, 9:20:45, 9:23:02,   137, 38.00, 30.10,  7.90
         0,     0,10, 9:23:09, 9:23:21,    12, 30.10, 41.10,-11.00
  12706637,  7046, 5, 9:22:18, 9:23:28,    70, 40.90, 40.10,  0.80
  12706637,  7046, 5, 9:23:53, 9:25:53,   120, 40.10, 23.00, 17.10
         0,     0, 5, 9:26:02, 9:26:19,    17, 23.00, 40.90,-17.90
  12706636,  7045, 1, 9:22:45, 9:26:20,   215, 41.30, 24.50, 16.80
         0,     0, 1, 9:26:27, 9:26:43,    16, 24.50, 41.30,-16.80
  21306958,  5124, 9, 9:23:07, 9:26:49,   222, 40.50, 37.60,  2.90
  13008762,     0,10, 9:26:48, 9:26:50,     2, 41.10, 41.10,  0.00
         0,     0, 9, 9:26:58, 9:27:02,     4, 37.60, 41.10, -3.50
  12448479,  6092, 4, 9:26:14, 9:27:54,   100, 43.70, 38.10,  5.60
         0,     0, 4, 9:28:02, 9:28:07,     5, 38.10, 43.40, -5.30
  21306958,  5124,10, 9:27:08, 9:28:21,    73, 39.60, 35.60,  4.00
  13008762,     0, 9, 9:27:12, 9:28:25,    73, 41.00, 40.90,  0.10
  12448479,  6092, 4, 9:28:17, 9:28:25,     8, 43.40, 42.40,  1.00
         0,     0,10, 9:28:30, 9:28:35,     5, 35.60, 41.20, -5.60
  21306958,  5124, 9, 9:28:37, 9:28:42,     5, 40.80, 40.90, -0.10
  13008762,     0,10, 9:29:00, 9:29:24,    24, 40.40, 38.60,  1.80
         0,     0,10, 9:29:31, 9:29:33,     2, 38.60, 41.10, -2.50
  12448479,  6092, 4, 9:29:07, 9:30:02,    55, 42.50, 36.00,  6.50
  12448471,  6084, 3, 9:28:07, 9:30:14,   127, 46.40, 25.60, 20.80
         0,     0, 4, 9:30:10, 9:30:17,     7, 36.00, 43.40, -7.40
  12706738,  7147, 2, 9:30:22, 9:30:33,    11, 43.00, 42.90,  0.10
         0,     0, 3, 9:30:22, 9:30:40,    18, 25.60, 25.40,  0.20
  13008762,     0,10, 9:30:58, 9:31:00,     2, 29.80, 29.80,  0.00
         0,     0,10, 9:31:09, 9:31:21,    12, 29.80, 41.20,-11.40
  12706706,  7115, 5, 9:34:45, 9:36:43,   118, 40.80, 29.90, 10.90
         0,     0, 5, 9:36:52, 9:37:02,    10, 29.90, 40.90,-11.00
  12706719,  7128, 1, 9:34:54, 9:38:48,   234, 41.40, 29.70, 11.70
         0,     0, 1, 9:38:56, 9:39:07,    11, 29.70, 41.30,-11.60
  12706727,  7136, 4, 9:37:53, 9:39:31,    98, 43.40, 31.70, 11.70
  12706719,  7128, 2, 9:38:58, 9:39:34,    36, 42.90, 40.60,  2.30
         0,     0, 2, 9:39:42, 9:39:44,     2, 40.60, 43.70, -3.10
         0,     0, 4, 9:39:39, 9:39:50,    11, 31.70, 43.20,-11.50
  12448428,  6041, 2, 9:42:35, 9:43:35,    60, 43.70, 29.70, 14.00
         0,     0, 2, 9:43:42, 9:43:56,    14, 29.70, 43.70,-14.00
  12706659,  7068, 1, 9:43:00, 9:46:23,   203, 41.30, 18.50, 22.80
  12706701,  7110, 3, 9:43:29, 9:46:39,   190, 46.20, 33.90, 12.30
         0,     0, 1, 9:46:30, 9:46:52,    22, 18.50, 41.20,-22.70
         0,     0, 3, 9:46:48, 9:46:58,    10, 33.90, 33.80,  0.10
  11953996,  4026, 2, 9:47:14, 9:48:16,    62, 43.70, 43.40,  0.30
  12706667,     0, 8, 9:48:18, 9:48:27,     9, 40.50, 40.50,  0.00
  13008737,     0,10, 9:47:25, 9:49:39,   134, 41.10, 28.20, 12.90
  11953996,  4026, 2, 9:48:52, 9:49:56,    64, 43.40, 35.40,  8.00
         0,     0,10, 9:49:48, 9:50:02,    14, 28.20, 41.10,-12.90
         0,     0, 2, 9:50:03, 9:50:11,     8, 35.40, 43.70, -8.30
  13008742,  7163, 2, 9:50:21, 9:51:03,    42, 43.70, 43.50,  0.20
  13008742,  7163, 2, 9:51:14, 9:52:32,    78, 43.50, 42.90,  0.60
  11954027,  4057, 1, 9:52:38, 9:53:43,    65, 41.20, 30.20, 11.00
         0,     0, 1, 9:53:52, 9:54:02,    10, 30.20, 41.30,-11.10
  11954027,  4057, 1, 9:54:16, 9:54:36,    20, 41.30, 34.90,  6.40
  13008742,  7163, 2, 9:52:43, 9:54:42,   119, 42.90, 28.80, 14.10
         0,     0, 1, 9:54:43, 9:54:48,     5, 34.90, 41.30, -6.40
         0,     0, 2, 9:54:49, 9:55:04,    15, 28.80, 43.70,-14.90
  13008779,     0,10, 9:53:32, 9:56:25,   173, 41.10, 23.90, 17.20
  12448477,  6090, 3, 9:55:36, 9:56:28,    52, 46.60, 39.80,  6.80
         0,     0, 3, 9:56:36, 9:56:41,     5, 39.80, 39.60,  0.20
  12706700,  7109, 2, 9:55:15, 9:56:50,    95, 43.70, 27.10, 16.60
         0,     0,10, 9:56:34, 9:56:53,    19, 23.90, 41.10,-17.20
  11954050,  4080, 4, 9:55:17, 9:57:07,   110, 44.20, 32.10, 12.10
         0,     0, 2, 9:56:57, 9:57:14,    17, 27.10, 43.70,-16.60
         0,     0, 4, 9:57:14, 9:57:24,    10, 32.10, 43.30,-11.20
  12706738,  7147, 1, 9:56:05, 9:58:28,   143, 41.30, 24.30, 17.00
         0,     0, 1, 9:58:36, 9:58:52,    16, 24.30, 41.20,-16.90
  11954027,  4057, 2, 9:58:21, 9:59:28,    67, 43.80, 26.70, 17.10
         0,     0, 2, 9:59:36, 9:59:53,    17, 26.70, 43.70,-17.00
  13008837,     0, 9, 9:59:25,10:01:32,   127, 40.80, 40.20,  0.60
  13008837,     0, 9,10:01:42,10:01:44,     2, 40.20, 40.20,  0.00
  13008837,     0, 9,10:01:55,10:02:39,    44, 40.20, 37.00,  3.20
         0,     0, 9,10:02:46,10:02:51,     5, 37.00, 40.40, -3.40
  13008837,     0, 9,10:03:50,10:03:51,     1, 34.10, 34.20, -0.10
         0,     0, 9,10:03:59,10:04:08,     9, 34.20, 41.00, -6.80
  12448473,  6086, 1,10:02:11,10:04:41,   150, 41.20, 17.50, 23.70
         0,     0, 1,10:04:48,10:05:11,    23, 17.50, 41.20,-23.70
  12706706,  7115, 2,10:05:12,10:06:13,    61, 43.70, 29.90, 13.80
         0,     0, 2,10:06:20,10:06:34,    14, 29.90, 43.70,-13.80
  13008848,     0, 9,10:04:35,10:07:04,   149, 41.00, 28.50, 12.50
         0,     0, 9,10:07:13,10:07:30,    17, 28.50, 41.10,-12.60
  13008858,     0, 8,10:06:22,10:07:29,    67, 40.50, 40.50,  0.00
  11724181,     0, 8,10:08:22,10:08:27,     5, 40.50, 40.50,  0.00
  13008826,     0, 7, 3:01:19,10:08:30, 25631, 41.50, 41.50,  0.00
  13008858,     0, 8,10:09:28,10:13:23,   235, 40.40, 37.70,  2.70
         0,     0, 8,10:13:32,10:13:35,     3, 37.70, 40.90, -3.20
  13008858,     0, 8,10:13:53,10:13:55,     2, 40.40, 40.40,  0.00
  11724181,     0, 7,10:13:16,10:15:20,   124, 27.60, 27.60,  0.00
         0,     0, 7,10:15:28,10:15:37,     9, 27.60, 41.50,-13.90
  13323420,     0,10,10:18:02,10:18:31,    29, 40.70, 38.40,  2.30
         0,     0,10,10:18:39,10:18:41,     2, 38.40, 41.20, -2.80
  12448477,  6090, 4,10:19:08,10:19:12,     4, 43.50, 43.50,  0.00
  13323420,     0,10,10:18:54,10:19:33,    39, 41.20, 35.30,  5.90
         0,     0,10,10:19:41,10:19:47,     6, 35.30, 41.20, -5.90
  12706609,  7018, 7,10:15:47,10:20:37,   290, 41.50, 41.50,  0.00
  12706645,     0, 8,10:21:18,10:21:20,     2, 40.40, 40.40,  0.00
  11954014,  4044, 3,10:20:41,10:21:35,    54, 46.80, 29.10, 17.70
  12448483,  6096, 5,10:18:57,10:21:41,   164, 40.80, 29.10, 11.70
         0,     0, 3,10:21:42,10:21:57,    15, 29.10, 29.00,  0.10
         0,     0, 5,10:21:49,10:22:00,    11, 29.10, 40.80,-11.70
  12706645,     0, 8,10:21:39,10:21:58,    19, 40.40, 40.30,  0.10
  12706645,     0, 8,10:22:21,10:22:23,     2, 40.30, 40.40, -0.10
  12448412,  6025, 1,10:22:24,10:23:06,    42, 41.20, 41.10,  0.10
  12448471,  6084, 5,10:22:10,10:23:23,    73, 40.80, 29.80, 11.00
         0,     0, 5,10:23:31,10:23:41,    10, 29.80, 40.90,-11.10
  12448412,  6025, 2,10:23:11,10:23:38,    27, 43.70, 43.70,  0.00
  12706705,  7114, 2,10:23:50,10:25:39,   109, 43.70, 34.30,  9.40
         0,     0, 2,10:25:47,10:25:56,     9, 34.30, 43.70, -9.40
  12706609,  7018, 8,10:27:43,10:28:17,    34, 40.30, 40.10,  0.20
  13008815,     0,10,10:28:40,10:29:30,    50, 41.20, 34.10,  7.10
         0,     0,10,10:29:38,10:29:45,     7, 34.10, 41.20, -7.10
  12448412,  6025, 1,10:23:42,10:29:48,   366, 41.10, 15.90, 25.20
  12706622,     0, 8,10:29:46,10:30:12,    26, 40.10, 40.00,  0.10
         0,     0, 1,10:29:56,10:30:21,    25, 15.90, 41.30,-25.40
  12706609,  7018, 7,10:28:25,10:30:23,   118, 41.50, 33.00,  8.50
         0,     0, 7,10:30:31,10:30:36,     5, 33.00, 41.60, -8.60
  12706729,  7138, 2,10:31:34,10:31:39,     5, 43.70, 43.70,  0.00
  12706729,  7138, 1,10:31:43,10:31:49,     6, 41.30, 41.30,  0.00
  12706645,     0, 8,10:32:14,10:32:24,    10, 40.00, 40.00,  0.00
  12706729,  7138, 2,10:33:22,10:35:14,   112, 43.70, 30.40, 13.30
  12706645,     0, 8,10:32:35,10:35:24,   169, 40.00, 23.80, 16.20
         0,     0, 2,10:35:22,10:35:35,    13, 30.40, 43.60,-13.20
         0,     0, 8,10:35:33,10:35:51,    18, 23.80, 23.80,  0.00
  12706645,     0, 8,10:36:28,10:36:29,     1, 33.40, 33.50, -0.10
         0,     0, 8,10:36:38,10:36:45,     7, 33.50, 41.20, -7.70
  13008827,     0, 8,10:37:44,10:37:45,     1, 41.10, 41.10,  0.00
  12448428,  6041, 3,10:38:08,10:39:08,    60, 46.20, 33.70, 12.50
         0,     0, 3,10:39:15,10:39:26,    11, 33.70, 33.60,  0.10
  12706622,     0, 7,10:31:06,10:41:53,   647, 41.60, 28.90, 12.70
         0,     0, 7,10:42:01,10:42:09,     8, 28.90, 41.50,-12.60
  12199986,     0, 9,10:40:30,10:42:16,   106, 41.10, 28.80, 12.30
         0,     0, 9,10:42:23,10:42:39,    16, 28.80, 41.10,-12.30
  12448442,  6055, 7,10:42:25,10:44:10,   105, 40.30, 40.20,  0.10
  12706646,     0, 8,10:45:13,10:45:21,     8, 41.20, 41.20,  0.00
  12706646,     0, 8,10:45:46,10:45:50,     4, 41.20, 41.20,  0.00
  12706646,     0, 8,10:48:57,10:49:02,     5, 36.80, 36.80,  0.00
         0,     0, 8,10:49:09,10:49:13,     4, 36.80, 41.00, -4.20
  21268825,  6068, 2,10:51:06,10:52:28,    82, 43.60, 38.30,  5.30
         0,     0, 2,10:52:36,10:52:40,     4, 38.30, 43.70, -5.40
  21268825,  6068, 1,10:52:35,10:52:46,    11, 41.30, 40.20,  1.10
  12706646,     0, 7,10:45:55,10:52:55,   420, 40.20, 24.80, 15.40
         0,     0, 7,10:53:03,10:53:13,    10, 24.80, 24.90, -0.10
  11954014,  4044, 1,10:53:00,10:53:25,    25, 40.20, 39.00,  1.20
         0,     0, 1,10:53:34,10:53:35,     1, 39.00, 41.30, -2.30
  21292347,  5120, 4,10:49:58,10:54:54,   296, 43.60, 21.50, 22.10
         0,     0, 4,10:55:01,10:55:23,    22, 21.50, 43.40,-21.90
  11954014,  4044, 1,10:54:29,10:56:40,   131, 41.30, 29.10, 12.20
         0,     0, 1,10:56:48,10:56:59,    11, 29.10, 41.30,-12.20
  13008827,     0, 8,10:56:29,10:57:17,    48, 41.00, 40.90,  0.10
  21304388,  6125, 2,10:53:44,10:58:40,   296, 43.70, 19.40, 24.30
         0,     0, 2,10:58:48,10:59:14,    26, 19.40, 43.70,-24.30
  13008827,     0, 7,10:58:29,11:01:37,   188, 41.50, 38.60,  2.90
  21268825,  6068, 1,10:59:21,11:01:39,   138, 41.30, 29.10, 12.20
         0,     0, 7,11:01:45,11:01:46,     1, 38.60, 41.50, -2.90
         0,     0, 1,11:01:47,11:01:58,    11, 29.10, 41.20,-12.10
  12706667,     0, 8,11:01:55,11:02:01,     6, 35.30, 35.30,  0.00
         0,     0, 8,11:02:08,11:02:13,     5, 35.30, 41.10, -5.80
  12706667,     0, 8,11:02:23,11:02:41,    18, 41.10, 40.60,  0.50
  13008768,     0, 9,11:01:01,11:03:06,   125, 41.10, 33.00,  8.10
         0,     0, 9,11:03:15,11:03:25,    10, 33.00, 41.10, -8.10
  12448483,  6096, 2,11:02:58,11:03:31,    33, 43.70, 43.00,  0.70
  12200010,  5064, 1,11:02:29,11:03:41,    72, 41.20, 36.70,  4.50
         0,     0, 1,11:03:49,11:03:52,     3, 36.70, 41.30, -4.60
  12200010,  5064, 1,11:04:02,11:04:48,    46, 41.30, 31.80,  9.50
         0,     0, 1,11:04:57,11:05:05,     8, 31.80, 41.20, -9.40
  13008827,     0, 8,11:04:17,11:05:29,    72, 40.50, 39.40,  1.10
         0,     0, 8,11:05:36,11:05:37,     1, 39.40, 41.00, -1.60
  12706738,  7147, 2,11:03:55,11:05:56,   121, 43.00, 22.50, 20.50
         0,     0, 2,11:06:04,11:06:25,    21, 22.50, 43.80,-21.30
  12706624,  7033, 9,11:05:59,11:07:21,    82, 41.10, 40.20,  0.90
  12706624,  7033, 9,11:08:09,11:08:17,     8, 37.50, 37.50,  0.00
         0,     0, 9,11:08:26,11:08:30,     4, 37.50, 41.00, -3.50
  12706624,  7033, 9,11:09:07,11:09:09,     2, 38.70, 38.70,  0.00
         0,     0, 9,11:09:16,11:09:18,     2, 38.70, 41.10, -2.40
  13008827,     0, 8,11:12:25,11:14:44,   139, 40.80, 37.60,  3.20
         0,     0, 8,11:14:52,11:14:55,     3, 37.60, 41.00, -3.40
  12448448,  6061, 2,11:07:58,11:15:37,   459, 43.80, 24.60, 19.20
  11954056,     0,10,11:14:00,11:15:55,   115, 41.00, 26.60, 14.40
         0,     0, 2,11:15:45,11:16:04,    19, 24.60, 43.70,-19.10
         0,     0,10,11:16:03,11:16:18,    15, 26.60, 41.10,-14.50
  12706667,     0, 8,11:15:22,11:16:28,    66, 41.00, 37.90,  3.10
         0,     0, 8,11:16:37,11:16:40,     3, 37.90, 40.50, -2.60
  12706667,     0, 8,11:17:28,11:17:30,     2, 30.10, 30.10,  0.00
  12200064,  5118, 1,11:10:15,11:17:41,   446, 41.20, 18.80, 22.40
         0,     0, 8,11:17:38,11:17:49,    11, 30.10, 41.10,-11.00
  12448473,  6086, 2,11:17:59,11:18:06,     7, 43.80, 43.70,  0.10
         0,     0, 1,11:17:49,11:18:10,    21, 18.80, 41.20,-22.40
  11954027,  4057, 3,11:18:29,11:19:22,    53, 46.80, 45.00,  1.80
  12448473,  6086, 1,11:18:20,11:19:27,    67, 41.20, 29.90, 11.30
         0,     0, 1,11:19:35,11:19:45,    10, 29.90, 41.20,-11.30
  12448432,  6045, 2,11:18:30,11:20:03,    93, 43.80, 33.50, 10.30
         0,     0, 2,11:20:11,11:20:21,    10, 33.50, 43.70,-10.20
  11954027,  4057, 1,11:21:57,11:22:15,    18, 41.20, 40.90,  0.30
  13008798,     0, 7,11:01:56,11:22:17,  1221, 41.50, 20.80, 20.70
         0,     0, 7,11:22:25,11:22:38,    13, 20.80, 41.40,-20.60
  12706729,  7138, 5,11:22:39,11:23:09,    30, 40.80, 38.30,  2.50
         0,     0, 5,11:23:17,11:23:19,     2, 38.30, 41.00, -2.70
  11724181,     0, 7,11:25:05,11:25:30,    25, 28.50, 28.10,  0.40
  12200048,     0, 8,11:20:14,11:25:35,   321, 40.50, 30.50, 10.00
         0,     0, 7,11:25:38,11:25:47,     9, 28.10, 41.60,-13.50
         0,     0, 8,11:25:43,11:25:55,    12, 30.50, 41.10,-10.60
  13008827,     0, 8,11:26:54,11:26:56,     2, 41.00, 41.00,  0.00
  12706646,     0, 8,11:27:12,11:27:14,     2, 40.90, 41.00, -0.10
  12448451,  6064, 2,11:25:42,11:29:25,   223, 43.70, 20.10, 23.60
         0,     0, 2,11:29:34,11:29:59,    25, 20.10, 43.70,-23.60
  12706642,  7051, 7,11:25:59,11:30:33,   274, 41.00, 18.90, 22.10
         0,     0, 7,11:30:40,11:30:54,    14, 18.90, 18.90,  0.00
  13008839,     0, 8,11:35:33,11:35:54,    21, 41.00, 40.80,  0.20
  13008839,     0, 8,11:36:24,11:36:25,     1, 40.50, 40.50,  0.00
  13008839,     0, 8,11:36:36,11:38:03,    87, 40.50, 38.00,  2.50
         0,     0, 8,11:38:12,11:38:15,     3, 38.00, 41.10, -3.10
  12200010,  5064, 1,11:37:01,11:38:14,    73, 40.90, 30.90, 10.00
         0,     0, 1,11:38:23,11:38:32,     9, 30.90, 41.30,-10.40
  12706727,  7136, 4,11:38:29,11:38:34,     5, 44.50, 44.30,  0.20
  12706727,  7136, 4,11:38:54,11:40:37,   103, 44.40, 32.00, 12.40
         0,     0, 4,11:40:46,11:40:57,    11, 32.00, 43.40,-11.40
  12200046,  5100, 3,11:41:02,11:42:06,    64, 44.60, 34.30, 10.30
         0,     0, 3,11:42:14,11:42:24,    10, 34.30, 34.20,  0.10
  13008839,     0, 8,11:38:48,11:42:29,   221, 40.20, 25.80, 14.40
         0,     0, 8,11:42:38,11:42:54,    16, 25.80, 41.10,-15.30
  11953978,  4008, 3,11:43:11,11:45:02,   111, 46.90, 32.90, 14.00
         0,     0, 3,11:45:10,11:45:22,    12, 32.90, 32.60,  0.30
  12706651,  7060, 4,11:48:38,11:48:44,     6, 43.60, 43.90, -0.30
  12706729,  7138, 2,11:47:42,11:48:48,    66, 43.70, 33.70, 10.00
         0,     0, 2,11:48:55,11:49:05,    10, 33.70, 43.70,-10.00
  21268104,  6062, 2,11:49:15,11:52:03,   168, 43.70, 28.60, 15.10
  12706651,  7060, 3,11:50:13,11:52:12,   119, 46.70, 36.40, 10.30
  21292347,  5120, 4,11:49:05,11:52:11,   186, 43.90, 30.70, 13.20
         0,     0, 2,11:52:12,11:52:28,    16, 28.60, 43.60,-15.00
         0,     0, 3,11:52:20,11:52:29,     9, 36.40, 36.80, -0.40
         0,     0, 4,11:52:20,11:52:33,    13, 30.70, 43.40,-12.70
  13008866,     0, 8,11:52:55,11:53:21,    26, 39.30, 39.20,  0.10
  12706624,  7033, 9,11:52:01,11:53:24,    83, 29.20, 26.90,  2.30
         0,     0, 8,11:53:29,11:53:30,     1, 39.20, 41.10, -1.90
         0,     0, 9,11:53:32,11:53:51,    19, 26.90, 41.10,-14.20
  12706624,  7033,10,11:54:00,11:54:28,    28, 41.00, 39.00,  2.00
         0,     0,10,11:54:36,11:54:37,     1, 39.00, 41.20, -2.20
  12199988,     0, 8,11:59:17,12:00:48,    91, 40.10, 38.90,  1.20
         0,     0, 8,12:00:56,12:00:58,     2, 38.90, 41.10, -2.20
  13008866,     0, 8,12:01:33,12:02:52,    79, 40.90, 40.60,  0.30
  13008866,     0, 8,12:03:09,12:03:36,    27, 40.60, 40.50,  0.10
  13008866,     0, 8,12:03:56,12:04:56,    60, 40.40, 40.20,  0.20
  13008866,     0, 8,12:05:25,12:06:46,    81, 40.10, 39.70,  0.40
         0,     0, 8,12:06:53,12:06:54,     1, 39.70, 40.90, -1.20
  13008866,     0, 8,12:07:30,12:08:42,    72, 40.70, 40.40,  0.30
  12706707,  7116, 2,12:09:54,12:10:21,    27, 43.60, 40.10,  3.50
         0,     0, 2,12:10:28,12:10:30,     2, 40.10, 43.70, -3.60
  21268825,  6068, 2,12:11:28,12:12:04,    36, 43.70, 43.40,  0.30
  13008858,     0, 7,12:01:03,12:12:57,   714, 41.60, 26.70, 14.90
         0,     0, 7,12:13:05,12:13:14,     9, 26.70, 41.50,-14.80
  13008833,     0, 9,12:11:18,12:13:43,   145, 41.00, 31.60,  9.40
  21268825,  6068, 2,12:12:14,12:13:47,    93, 43.40, 33.60,  9.80
         0,     0, 9,12:13:51,12:14:04,    13, 31.60, 41.00, -9.40
         0,     0, 2,12:13:55,12:14:05,    10, 33.60, 43.70,-10.10
  12199988,     0, 8,12:13:17,12:14:09,    52, 39.70, 39.00,  0.70
         0,     0, 8,12:14:17,12:14:18,     1, 39.00, 40.70, -1.70
  12706727,  7136, 4,12:15:03,12:16:11,    68, 43.80, 33.90,  9.90
         0,     0, 4,12:16:19,12:16:28,     9, 33.90, 43.30, -9.40
  12706710,  7119, 2,12:15:53,12:16:33,    40, 43.80, 40.40,  3.40
  12199988,     0, 8,12:14:36,12:16:39,   123, 40.70, 23.40, 17.30
         0,     0, 2,12:16:41,12:16:43,     2, 40.40, 43.90, -3.50
         0,     0, 8,12:16:47,12:17:06,    19, 23.40, 41.10,-17.70
  13008866,     0, 8,12:17:34,12:18:50,    76, 41.10, 40.70,  0.40
  13008866,     0, 8,12:19:08,12:20:48,   100, 40.70, 40.30,  0.40
  12706642,  7051, 8,12:21:00,12:21:05,     5, 40.30, 40.30,  0.00
  12706710,  7119, 2,12:22:22,12:24:40,   138, 43.80, 29.60, 14.20
         0,     0, 2,12:24:49,12:25:03,    14, 29.60, 43.60,-14.00
  13008737,     0, 9,12:23:50,12:26:07,   137, 41.10, 31.00, 10.10
         0,     0, 9,12:26:15,12:26:28,    13, 31.00, 41.10,-10.10
  12706655,  7064, 2,12:25:45,12:26:30,    45, 43.60, 43.40,  0.20
  12706655,  7064, 1,12:26:41,12:28:05,    84, 41.30, 24.80, 16.50
         0,     0, 1,12:28:12,12:28:28,    16, 24.80, 41.30,-16.50
  12706707,  7116, 2,12:28:16,12:29:12,    56, 43.40, 34.20,  9.20
         0,     0, 2,12:29:21,12:29:30,     9, 34.20, 43.70, -9.50
  13008826,     0, 8,12:29:22,12:30:26,    64, 37.60, 29.40,  8.20
         0,     0, 8,12:30:35,12:30:47,    12, 29.40, 41.10,-11.70
  11953978,  4008, 4,12:34:24,12:35:24,    60, 43.40, 32.60, 10.80
         0,     0, 4,12:35:32,12:35:42,    10, 32.60, 43.30,-10.70
  12448416,  6029, 5,12:33:04,12:36:28,   204, 40.90, 21.70, 19.20
  13008866,     0, 8,12:35:08,12:36:38,    90, 41.00, 40.70,  0.30
         0,     0, 5,12:36:35,12:36:53,    18, 21.70, 21.80, -0.10
  13008866,     0, 8,12:36:53,12:37:31,    38, 40.70, 40.50,  0.20
  12200046,  5100, 4,12:37:45,12:37:49,     4, 43.60, 43.80, -0.20
  13008866,     0, 8,12:38:17,12:40:42,   145, 40.50, 39.70,  0.80
         0,     0, 8,12:40:49,12:40:50,     1, 39.70, 40.90, -1.20
  12448454,  6067, 4,12:38:55,12:41:06,   131, 43.80, 29.70, 14.10
         0,     0, 4,12:41:15,12:41:28,    13, 29.70, 43.30,-13.60
  13008835,     0, 8,12:43:17,12:43:18,     1, 40.40, 40.50, -0.10
  13008826,     0, 7,12:26:29,12:44:33,  1084, 24.00, 20.00,  4.00
         0,     0, 7,12:44:40,12:44:53,    13, 20.00, 41.20,-21.20
  11724159,     0, 8,12:44:39,12:45:27,    48, 39.80, 33.00,  6.80
         0,     0, 8,12:45:34,12:45:42,     8, 33.00, 41.10, -8.10
  21292347,  5120, 2,12:45:40,12:47:33,   113, 43.60, 35.40,  8.20
  21268104,  6062, 1,12:46:27,12:47:43,    76, 41.30, 33.50,  7.80
         0,     0, 2,12:47:40,12:47:48,     8, 35.40, 43.70, -8.30
         0,     0, 1,12:47:51,12:47:58,     7, 33.50, 41.20, -7.70
  13008835,     0, 8,12:48:29,12:48:31,     2, 40.90, 41.00, -0.10
  21268104,  6062, 2,12:48:08,12:48:38,    30, 43.80, 38.80,  5.00
         0,     0, 2,12:48:45,12:48:49,     4, 38.80, 43.70, -4.90
  13008835,     0, 8,12:49:21,12:51:56,   155, 40.80, 27.60, 13.20
         0,     0, 8,12:52:03,12:52:17,    14, 27.60, 41.10,-13.50
  13008835,     0, 8,12:52:31,12:52:32,     1, 41.00, 41.00,  0.00
  13008835,     0, 7,12:45:25,12:53:05,   460, 41.40, 40.90,  0.50
  12200048,     0, 8,12:58:06,12:58:41,    35, 41.00, 40.90,  0.10
  12200048,     0, 8,12:59:37,12:59:38,     1, 40.80, 40.80,  0.00
  12200046,  5100, 4,12:58:22,12:59:50,    88, 43.50, 31.90, 11.60
         0,     0, 4,12:59:58,13:00:09,    11, 31.90, 43.30,-11.40
  21306958,  5124, 9,12:59:07,13:04:46,   339, 41.10, 36.40,  4.70
         0,     0, 9,13:04:54,13:05:00,     6, 36.40, 41.10, -4.70
  12706700,  7109, 1,13:05:18,13:06:17,    59, 41.20, 32.20,  9.00
  12706710,  7119, 5,13:05:58,13:06:20,    22, 40.90, 40.80,  0.10
         0,     0, 1,13:06:24,13:06:32,     8, 32.20, 41.20, -9.00
  12199987,     0, 8,13:05:11,13:08:51,   220, 40.80, 31.40,  9.40
         0,     0, 8,13:08:59,13:09:09,    10, 31.40, 39.30, -7.90
  12448451,  6064, 1,13:08:57,13:09:28,    31, 41.20, 41.10,  0.10
  12199981,  5035, 3,13:09:51,13:10:51,    60, 46.70, 28.80, 17.90
  12706637,  7046, 5,13:07:49,13:10:57,   188, 40.80, 30.30, 10.50
  12448451,  6064, 2,13:09:56,13:11:04,    68, 43.70, 43.60,  0.10
         0,     0, 5,13:11:05,13:11:15,    10, 30.30, 40.80,-10.50
         0,     0, 3,13:11:00,13:11:16,    16, 28.80, 28.80,  0.00
  12448451,  6064, 1,13:11:08,13:12:07,    59, 41.10, 41.00,  0.10
  13008839,     0, 7,12:53:15,13:13:24,  1209, 40.90, 26.90, 14.00
         0,     0, 7,13:13:31,13:13:41,    10, 26.90, 41.60,-14.70
  12448451,  6064, 2,13:13:50,13:16:25,   155, 43.60, 30.10, 13.50
         0,     0, 2,13:16:32,13:16:45,    13, 30.10, 43.80,-13.70
  13008816,     0, 7,13:14:05,13:20:47,   402, 41.50, 23.50, 18.00
         0,     0, 7,13:20:54,13:21:06,    12, 23.50, 41.70,-18.20
  12448416,  6029, 3,13:18:22,13:22:49,   267, 46.80, 32.10, 14.70
         0,     0, 3,13:22:58,13:23:10,    12, 32.10, 32.10,  0.00
  11724159,     0, 8,13:23:36,13:23:38,     2, 25.40, 25.40,  0.00
         0,     0, 8,13:23:46,13:24:03,    17, 25.40, 41.10,-15.70
  11724159,     0, 7,13:21:17,13:28:30,   433, 40.10, 30.90,  9.20
         0,     0, 7,13:28:38,13:28:45,     7, 30.90, 41.40,-10.50
  12706707,  7116, 5,13:28:52,13:29:00,     8, 40.80, 39.90,  0.90
         0,     0, 5,13:29:09,13:29:09,     0, 39.90, 40.40, -0.50
  12448474,  6087, 1,13:29:38,13:29:59,    21, 41.00, 40.90,  0.10
  12448454,  6067, 5,13:29:19,13:30:56,    97, 40.50, 35.90,  4.60
         0,     0, 5,13:31:04,13:31:08,     4, 35.90, 41.00, -5.10
  12448474,  6087, 1,13:30:08,13:32:17,   129, 40.90, 22.90, 18.00
         0,     0, 1,13:32:26,13:32:44,    18, 22.90, 41.30,-18.40
  12706707,  7116, 5,13:32:04,13:32:43,    39, 40.90, 35.70,  5.20
         0,     0, 5,13:32:50,13:32:55,     5, 35.70, 40.90, -5.20
  12706624,  7033, 9,13:31:53,13:33:23,    90, 41.10, 39.40,  1.70
         0,     0, 9,13:33:31,13:33:32,     1, 39.40, 41.10, -1.70
  12706624,  7033, 9,13:33:56,13:34:24,    28, 41.10, 39.70,  1.40
         0,     0, 9,13:34:33,13:34:34,     1, 39.70, 41.00, -1.30
  12706707,  7116, 5,13:34:49,13:35:17,    28, 40.80, 37.00,  3.80
         0,     0, 5,13:35:25,13:35:28,     3, 37.00, 40.90, -3.90
  13008768,     0, 9,13:36:57,13:38:10,    73, 41.00, 40.00,  1.00
  11499202,     0, 7,13:28:56,13:38:43,   587, 40.30, 26.20, 14.10
         0,     0, 7,13:38:51,13:39:01,    10, 26.20, 26.20,  0.00
  13008768,     0,10,13:38:25,13:39:51,    86, 39.60, 25.80, 13.80
         0,     0,10,13:40:00,13:40:17,    17, 25.80, 41.20,-15.40
  12706636,  7045, 4,13:39:01,13:40:39,    98, 43.70, 31.30, 12.40
         0,     0, 4,13:40:47,13:40:58,    11, 31.30, 43.10,-11.80
  13008826,     0, 8,13:39:52,13:41:07,    75, 41.10, 29.50, 11.60
         0,     0, 8,13:41:16,13:41:28,    12, 29.50, 41.00,-11.50
  12706655,  7064, 3,13:41:30,13:43:14,   104, 46.10, 37.30,  8.80
         0,     0, 3,13:43:22,13:43:29,     7, 37.30, 37.60, -0.30
  13008797,     0,10,13:41:21,13:43:44,   143, 41.00, 32.90,  8.10
         0,     0,10,13:43:51,13:43:59,     8, 32.90, 41.10, -8.20
  13008742,  7163, 2,13:39:29,13:44:07,   278, 43.80, 31.30, 12.50
         0,     0, 2,13:44:14,13:44:27,    13, 31.30, 43.70,-12.40
  12199981,  5035, 5,13:44:07,13:45:32,    85, 40.80, 29.30, 11.50
         0,     0, 5,13:45:40,13:45:51,    11, 29.30, 41.00,-11.70
  12200048,     0, 8,13:44:30,13:47:01,   151, 40.90, 30.00, 10.90
         0,     0, 8,13:47:09,13:47:20,    11, 30.00, 41.10,-11.10
  11499202,     0, 7,13:42:26,13:47:43,   317, 40.40, 36.20,  4.20
         0,     0, 7,13:47:51,13:47:54,     3, 36.20, 36.20,  0.00
  12448454,  6067, 1,13:52:10,13:53:44,    94, 41.30, 35.00,  6.30
         0,     0, 1,13:53:51,13:53:56,     5, 35.00, 41.20, -6.20
  12706669,  7078, 3,13:52:05,13:55:08,   183, 46.60, 21.80, 24.80
         0,     0, 3,13:55:15,13:55:36,    21, 21.80, 21.80,  0.00
  11954027,  4057, 1,13:55:43,13:55:45,     2, 41.20, 41.20,  0.00
  11954027,  4057, 2,13:57:25,13:57:26,     1, 43.70, 43.70,  0.00
  11954027,  4057, 2,13:57:38,13:59:11,    93, 43.70, 26.40, 17.30
         0,     0, 2,13:59:18,13:59:36,    18, 26.40, 43.70,-17.30
  13008762,     0,10,14:01:19,14:01:20,     1, 41.00, 41.10, -0.10
  11954027,  4057, 2,14:00:54,14:01:27,    33, 43.70, 35.90,  7.80
  13008762,     0,10,14:01:35,14:01:37,     2, 41.10, 41.10,  0.00
         0,     0, 2,14:01:35,14:01:42,     7, 35.90, 43.70, -7.80
  13008762,     0,10,14:02:00,14:02:01,     1, 41.00, 41.00,  0.00
         0,     0, 1,14:02:22,14:02:32,    10, 34.10, 34.10,  0.00
         0,     0, 2,14:02:23,14:02:33,    10, 43.70, 43.70,  0.00
         0,     0, 6,14:03:28,14:03:38,    10, 41.00, 41.00,  0.00
         0,     0, 5,14:03:57,14:04:07,    10, 34.30, 34.30,  0.00
  13008762,     0,10,14:02:12,14:04:04,   112, 41.00, 38.70,  2.30
         0,     0,10,14:04:12,14:04:14,     2, 38.70, 41.20, -2.50
  12200048,     0, 7,13:52:42,14:04:16,   694, 40.00, 40.10, -0.10
         0,     0, 8,14:04:31,14:04:41,    10, 41.10, 41.10,  0.00
  13008762,     0,10,14:04:37,14:05:12,    35, 38.90, 35.40,  3.50
  12706616,  7025, 3,14:04:03,14:05:12,    69, 46.80, 36.70, 10.10
         0,     0, 4,14:05:26,14:05:36,    10, 43.70, 43.70,  0.00
         0,     0,10,14:05:19,14:05:26,     7, 35.40, 39.70, -4.30
         0,     0, 9,14:05:46,14:05:56,    10, 34.90, 34.90,  0.00
         0,     0,10,14:05:47,14:05:57,    10, 38.80, 38.80,  0.00
         0,     0, 5,14:11:12,14:11:22,    10, 28.60, 28.60,  0.00
         0,     0, 5,14:13:05,14:13:15,    10,  6.30,  6.30,  0.00
         0,     0, 4,14:19:19,14:19:29,    10, 33.80, 33.80,  0.00
         0,     0, 4,14:20:42,14:20:52,    10,  9.40,  9.40,  0.00
         0,     0, 3,14:21:06,14:21:16,    10, 24.20, 24.20,  0.00
         0,     0, 3,14:21:57,14:22:07,    10,  6.80,  6.80,  0.00
         0,     0, 2,14:28:19,14:28:29,    10, 30.50, 30.50,  0.00
         0,     0, 6,14:28:59,14:29:09,    10, 33.00, 33.00,  0.00
         0,     0, 1,14:29:09,14:29:19,    10, 33.90, 33.90,  0.00
         0,     0, 2,14:29:21,14:29:31,    10,  1.30,  1.30,  0.00
         0,     0, 1,14:30:07,14:30:17,    10, 33.90, 33.90,  0.00
         0,     0, 7,14:30:48,14:30:58,    10, 33.10, 33.10,  0.00
         0,     0,10,14:35:08,14:35:18,    10, 31.10, 31.10,  0.00
         0,     0, 8,14:35:27,14:35:37,    10, 34.60, 34.60,  0.00
         0,     0, 7,14:35:35,14:35:45,    10, 10.10, 10.10,  0.00
         0,     0,10,14:35:54,14:36:04,    10, 16.00, 16.00,  0.00
         0,     0,10,14:36:25,14:36:35,    10, 16.00, 16.00,  0.00
         0,     0,10,14:36:39,14:36:49,    10, 16.00, 16.00,  0.00
         0,     0, 8,14:39:18,14:39:28,    10,  8.80,  8.80,  0.00
         0,     0, 9,14:40:10,14:40:20,    10, 34.90, 34.90,  0.00
         0,     0, 3,14:40:50,14:41:00,    10,  0.30,  0.30,  0.00
         0,     0, 4,14:40:50,14:41:00,    10,  0.00,  0.00,  0.00
         0,     0, 7,14:41:47,14:41:57,    10,  1.30,  1.30,  0.00
         0,     0, 8,14:42:34,14:42:44,    10,  6.10,  6.10,  0.00
  12200070,     0, 7,14:41:54,14:42:45,    51,  1.30,  1.20,  0.10
  12200070,     0, 8,14:42:45,14:42:47,     2,  2.60,  1.20,  1.40
         0,     0, 7,14:42:53,14:43:23,    30,  1.20, 41.70,-40.50
         0,     0, 8,14:42:54,14:43:44,    50,  1.20, 41.10,-39.90
         0,     0,10,14:44:24,14:44:34,    10, 16.00, 16.00,  0.00
  12200070,     0,10,14:44:28,14:44:33,     5, 16.00,  2.20, 13.80
         0,     0, 2,14:44:55,14:45:05,    10,  2.60,  2.60,  0.00
  12199987,     0, 8,14:44:29,14:44:48,    19, 41.10, 41.00,  0.10
  12200070,     0, 2,14:45:09,14:45:10,     1,  2.90,  3.30, -0.40
  13008732,  7153, 3,14:44:47,14:45:26,    39,  0.00,  0.00,  0.00
         0,     0,10,14:44:41,14:45:32,    51,  2.20, 41.10,-38.90
  12706646,     0, 7,14:44:06,14:45:58,   112, 41.80, 40.90,  0.90
         0,     0, 2,14:45:18,14:46:07,    49,  3.30, 43.70,-40.40
         0,     0, 3,14:45:34,14:46:16,    42,  0.00, 46.50,-46.50
  12200070,     0, 9,14:46:29,14:46:30,     1,  4.20,  0.30,  3.90
  13008858,     0, 7,14:46:23,14:47:22,    59, 40.80, 40.90, -0.10
         0,     0, 9,14:46:38,14:47:36,    58,  0.30, 41.10,-40.80
  13008858,     0, 8,14:47:48,14:47:52,     4, 40.90, 40.90,  0.00
  13008858,     0, 8,14:48:08,14:48:12,     4, 40.70, 40.70,  0.00
  12706646,     0, 7,14:47:49,14:48:21,    32, 40.90, 40.30,  0.60
  12448471,  6084, 2,14:46:17,14:48:29,   132, 43.70, 23.00, 20.70
  12706646,     0, 8,14:48:31,14:48:40,     9, 39.60, 39.60,  0.00
         0,     0, 8,14:48:48,14:48:49,     1, 39.60, 40.90, -1.30
  13008858,     0, 7,14:48:36,14:48:55,    19, 40.20, 37.30,  2.90
         0,     0, 2,14:48:38,14:48:59,    21, 23.00, 43.80,-20.80
  13008732,  7153, 3,14:47:06,14:48:58,   112, 46.70, 38.50,  8.20
         0,     0, 7,14:49:03,14:49:06,     3, 37.30, 41.50, -4.20
         0,     0, 3,14:49:05,14:49:11,     6, 38.50, 46.40, -7.90
         0,     0, 5,14:50:08,14:50:18,    10,  0.00,  0.00,  0.00
  13008732,  7153, 4,14:50:15,14:50:38,    23,  0.10,  0.00,  0.10
         0,     0, 1,14:51:01,14:51:11,    10,  0.00,  0.00,  0.00
         0,     0, 4,14:50:47,14:51:30,    43,  0.00, 43.40,-43.40
  12200070,     0, 5,14:51:48,14:51:49,     1,  0.00,  0.10, -0.10
  13008858,     0, 8,14:49:26,14:51:54,   148, 40.40, 29.00, 11.40
         0,     0, 8,14:52:02,14:52:15,    13, 29.00, 41.00,-12.00
         0,     0, 5,14:51:57,14:52:37,    40,  0.10, 41.00,-40.90
  12706645,     0, 8,14:52:37,14:52:42,     5, 41.00, 41.00,  0.00
  12200070,     0, 1,14:52:45,14:52:46,     1,  0.00,  0.00,  0.00
  12706646,     0, 7,14:49:27,14:52:51,   204, 37.00, 19.30, 17.70
  13008827,     0, 8,14:52:52,14:52:57,     5, 41.10, 41.00,  0.10
  12448471,  6084, 4,14:51:41,14:53:03,    82, 43.70, 36.40,  7.30
         0,     0, 7,14:52:59,14:53:15,    16, 19.30, 41.30,-22.00
  21268825,  6068, 3,14:49:59,14:53:13,   194, 47.00, 30.40, 16.60
         0,     0, 4,14:53:10,14:53:17,     7, 36.40, 44.10, -7.70
  13008827,     0, 8,14:53:08,14:53:22,    14, 40.80, 40.80,  0.00
         0,     0, 3,14:53:22,14:53:36,    14, 30.40, 46.30,-15.90
         0,     0, 1,14:52:54,14:53:37,    43,  0.00, 41.20,-41.20
  13008827,     0, 8,14:53:36,14:54:02,    26, 40.70, 40.60,  0.10
  13008827,     0, 8,14:54:19,14:54:26,     7, 40.40, 40.40,  0.00
  13008827,     0, 8,14:56:00,14:56:00,     0, 40.20, 40.30, -0.10
  12448454,  6067, 4,14:55:58,14:56:29,    31, 43.30, 43.10,  0.20
  12706609,  7018, 7,14:54:41,14:56:43,   122, 41.30, 33.00,  8.30
         0,     0, 7,14:56:51,14:56:56,     5, 33.00, 41.50, -8.50
  13008732,  7153, 3,14:53:47,14:57:27,   220, 46.40, 20.70, 25.70
  12448454,  6067, 4,14:57:05,14:57:33,    28, 43.20, 42.00,  1.20
         0,     0, 4,14:57:40,14:57:40,     0, 42.00, 42.80, -0.80
  13008827,     0, 8,14:56:25,14:57:38,    73, 39.90, 38.50,  1.40
         0,     0, 8,14:57:46,14:57:48,     2, 38.50, 41.00, -2.50
  12706645,     0, 7,14:57:14,14:57:46,    32, 41.50, 40.40,  1.10
         0,     0, 3,14:57:35,14:57:57,    22, 20.70, 46.60,-25.90
  13008815,     0, 9,14:59:20,14:59:38,    18, 41.10, 41.00,  0.10
  12448454,  6067, 4,14:58:11,14:59:47,    96, 42.80, 33.90,  8.90
         0,     0, 4,14:59:55,15:00:04,     9, 33.90, 43.30, -9.40
  12706645,     0, 8,14:59:15,15:00:04,    49, 40.90, 39.90,  1.00
         0,     0, 8,15:00:13,15:00:13,     0, 39.90, 40.70, -0.80
  13008827,     0, 7,14:59:59,15:01:40,   101, 22.10, 22.10,  0.00
         0,     0, 7,15:01:48,15:02:00,    12, 22.10, 41.50,-19.40
  12706645,     0, 8,15:00:54,15:02:24,    90, 38.40, 22.80, 15.60
         0,     0, 8,15:02:32,15:02:52,    20, 22.80, 41.10,-18.30
  12200042,  5096, 1,15:04:40,15:06:16,    96, 41.20, 24.10, 17.10
         0,     0, 1,15:06:24,15:06:40,    16, 24.10, 41.30,-17.20
  13008798,     0, 7,15:02:23,15:08:42,   379, 40.20, 24.20, 16.00
         0,     0, 7,15:08:50,15:09:01,    11, 24.20, 41.50,-17.30
  12706667,     0, 8,15:12:01,15:13:34,    93, 40.90, 29.40, 11.50
         0,     0, 8,15:13:43,15:13:55,    12, 29.40, 41.10,-11.70
  13008779,     0, 9,15:16:13,15:16:14,     1, 40.40, 40.40,  0.00
  12706642,  7051, 8,15:15:38,15:16:33,    55, 41.10, 40.10,  1.00
  12706642,  7051, 8,15:16:51,15:17:49,    58, 39.10, 28.50, 10.60
         0,     0, 8,15:17:58,15:18:11,    13, 28.50, 41.10,-12.60
  12706624,  7033, 9,15:16:49,15:18:23,    94, 40.40, 38.30,  2.10
         0,     0, 9,15:18:31,15:18:34,     3, 38.30, 41.10, -2.80
  12706642,  7051, 8,15:18:35,15:18:45,    10, 39.20, 39.20,  0.00
         0,     0, 8,15:18:53,15:18:54,     1, 39.20, 41.00, -1.80
  12706624,  7033, 9,15:18:50,15:19:11,    21, 41.10, 39.90,  1.20
         0,     0, 9,15:19:20,15:19:21,     1, 39.90, 41.00, -1.10
  13008779,     0, 9,15:24:48,15:25:44,    56, 40.90, 37.60,  3.30
         0,     0, 9,15:25:51,15:25:55,     4, 37.60, 41.10, -3.50
  21306958,  5124, 9,15:26:30,15:27:00,    30, 41.10, 41.00,  0.10
  13008737,     0, 9,15:31:42,15:33:16,    94, 41.00, 32.60,  8.40
         0,     0, 9,15:33:25,15:33:36,    11, 32.60, 41.10, -8.50
  12199987,     0, 7,15:09:18,15:36:17,  1619, 41.30, 23.40, 17.90
  13008835,     0, 8,15:36:29,15:36:30,     1, 40.90, 41.00, -0.10
         0,     0, 7,15:36:25,15:36:36,    11, 23.40, 41.60,-18.20
  12706624,  7033, 9,15:43:23,15:44:24,    61, 41.10, 40.10,  1.00
  12706624,  7033, 9,15:44:52,15:44:53,     1, 39.20, 39.20,  0.00
         0,     0, 9,15:45:01,15:45:03,     2, 39.20, 41.10, -1.90
  13008816,     0, 8,15:48:52,15:48:54,     2, 40.90, 40.90,  0.00
  13008835,     0, 7,15:37:05,15:49:01,   716, 41.40, 28.30, 13.10
         0,     0, 7,15:49:08,15:49:16,     8, 28.30, 41.60,-13.30
  13008798,     0, 8,15:49:38,15:51:01,    83, 40.90, 30.10, 10.80
  13008816,     0, 7,15:49:29,15:51:10,   101, 41.60, 28.90, 12.70
         0,     0, 8,15:51:08,15:51:20,    12, 30.10, 41.00,-10.90
         0,     0, 7,15:51:17,15:51:25,     8, 28.90, 41.80,-12.90
  13008866,     0, 8,15:51:51,15:52:12,    21, 41.00, 40.90,  0.10
  12706701,  7110, 2,15:51:31,15:54:35,   184, 43.60, 23.60, 20.00
  21268104,  6062, 1,15:53:16,15:54:51,    95, 41.30, 32.70,  8.60
         0,     0, 2,15:54:44,15:55:06,    22, 23.60, 43.80,-20.20
         0,     0, 1,15:54:59,15:55:07,     8, 32.70, 41.30, -8.60
  21268104,  6062, 2,15:55:20,15:55:38,    18, 43.80, 41.10,  2.70
         0,     0, 2,15:55:46,15:55:47,     1, 41.10, 43.80, -2.70
  12448416,  6029, 4,15:55:56,15:57:23,    87, 44.10, 31.00, 13.10
  12706639,  7048, 2,15:55:57,15:57:33,    96, 43.80, 24.00, 19.80
  13008827,     0, 8,15:57:34,15:57:36,     2, 40.80, 40.80,  0.00
         0,     0, 4,15:57:31,15:57:43,    12, 31.00, 43.20,-12.20
         0,     0, 2,15:57:41,15:58:01,    20, 24.00, 43.90,-19.90
  11724159,     0, 8,15:58:30,15:59:33,    63, 39.50, 27.10, 12.40
         0,     0, 8,15:59:40,15:59:55,    15, 27.10, 41.00,-13.90
  12200046,  5100, 1,16:00:20,16:01:03,    43, 41.30, 36.30,  5.00
  12706609,  7018, 8,16:00:10,16:01:03,    53, 41.00, 36.60,  4.40
         0,     0, 1,16:01:10,16:01:14,     4, 36.30, 41.20, -4.90
         0,     0, 8,16:01:10,16:01:14,     4, 36.60, 41.10, -4.50
  12706609,  7018, 8,16:02:18,16:02:29,    11, 40.00, 40.00,  0.00
  12706651,  7060, 4,16:00:31,16:02:33,   122, 43.30, 28.30, 15.00
         0,     0, 8,16:02:37,16:02:37,     0, 40.00, 40.10, -0.10
         0,     0, 4,16:02:41,16:02:57,    16, 28.30, 43.00,-14.70
  12706719,  7128, 5,16:00:34,16:04:06,   212, 40.90, 18.60, 22.30
         0,     0, 5,16:04:13,16:04:38,    25, 18.60, 40.80,-22.20
  12706729,  7138, 5,16:05:29,16:05:33,     4, 40.80, 40.90, -0.10
  12448412,  6025, 2,16:05:14,16:06:14,    60, 43.90, 43.50,  0.40
  11954050,  4080, 2,16:06:58,16:08:49,   111, 43.50, 26.70, 16.80
         0,     0, 2,16:08:58,16:09:15,    17, 26.70, 43.70,-17.00
  12706616,  7025, 3,16:08:06,16:09:13,    67, 46.70, 32.70, 14.00
  13008827,     0, 7,15:58:19,16:09:20,   661, 41.70, 41.70,  0.00
         0,     0, 3,16:09:22,16:09:33,    11, 32.70, 32.40,  0.30
  13008866,     0, 8,16:10:01,16:10:22,    21, 40.20, 40.00,  0.20
  12448412,  6025, 1,16:06:17,16:10:41,   264, 41.20, 13.30, 27.90
  11724159,     0, 8,16:11:00,16:11:03,     3, 39.30, 39.40, -0.10
         0,     0, 8,16:11:10,16:11:11,     1, 39.40, 40.90, -1.50
         0,     0, 1,16:10:49,16:11:16,    27, 13.30, 41.30,-28.00
  12706655,  7064, 2,16:10:26,16:11:55,    89, 43.80, 31.40, 12.40
  12706729,  7138, 5,16:10:08,16:11:57,   109, 40.80, 24.70, 16.10
         0,     0, 2,16:12:03,16:12:15,    12, 31.40, 43.70,-12.30
         0,     0, 5,16:12:05,16:12:21,    16, 24.70, 41.00,-16.30
  11953996,  4026, 4,16:09:55,16:12:48,   173, 43.30, 18.40, 24.90
         0,     0, 4,16:12:57,16:13:20,    23, 18.40, 43.40,-25.00
  12706642,  7051, 8,16:13:59,16:14:05,     6, 40.90, 40.80,  0.10
  11724181,     0, 7,16:09:30,16:14:38,   308, 41.70, 41.10,  0.60
  12706700,  7109, 1,16:13:41,16:15:00,    79, 41.30, 20.30, 21.00
  12448432,  6045, 2,16:13:04,16:15:03,   119, 43.80, 29.30, 14.50
         0,     0, 2,16:15:11,16:15:26,    15, 29.30, 43.70,-14.40
         0,     0, 1,16:15:07,16:15:28,    21, 20.30, 41.20,-20.90
  12706642,  7051, 8,16:16:26,16:16:30,     4, 40.90, 40.20,  0.70
  12706738,  7147, 4,16:15:26,16:18:13,   167, 43.80, 26.50, 17.30
  12706727,  7136, 2,16:16:50,16:18:19,    89, 43.80, 31.00, 12.80
         0,     0, 4,16:18:22,16:18:38,    16, 26.50, 43.20,-16.70
         0,     0, 2,16:18:27,16:18:40,    13, 31.00, 43.80,-12.80
  21268104,  6062, 1,16:17:14,16:18:44,    90, 41.20, 32.10,  9.10
         0,     0, 1,16:18:52,16:19:00,     8, 32.10, 41.20, -9.10
  12448451,  6064, 2,16:18:51,16:19:52,    61, 43.70, 43.70,  0.00
  12199988,     0, 8,16:16:48,16:19:52,   184, 40.20, 38.40,  1.80
         0,     0, 8,16:19:59,16:20:01,     2, 38.40, 41.10, -2.70
  12199988,     0, 8,16:20:24,16:20:47,    23, 40.20, 40.00,  0.20
  12199988,     0, 8,16:21:21,16:21:25,     4, 38.50, 38.60, -0.10
         0,     0, 8,16:21:33,16:21:35,     2, 38.60, 40.90, -2.30
  12448451,  6064, 1,16:19:56,16:22:21,   145, 41.20, 40.90,  0.30
  12706706,  7115, 2,16:20:28,16:22:35,   127, 43.70, 28.50, 15.20
  12199988,     0, 8,16:22:51,16:22:55,     4, 35.10, 35.20, -0.10
         0,     0, 2,16:22:44,16:22:59,    15, 28.50, 43.80,-15.30
         0,     0, 8,16:23:02,16:23:08,     6, 35.20, 41.10, -5.90
  12199981,  5035, 5,16:22:32,16:23:25,    53, 40.90, 26.10, 14.80
         0,     0, 5,16:23:33,16:23:47,    14, 26.10, 40.90,-14.80
  12199981,  5035, 5,16:24:11,16:24:27,    16, 40.80, 37.30,  3.50
         0,     0, 5,16:24:34,16:24:37,     3, 37.30, 40.90, -3.60
  12706669,  7078, 4,16:24:13,16:24:40,    27, 43.50, 43.50,  0.00
  13008768,     0, 9,16:24:03,16:25:08,    65, 41.00, 39.30,  1.70
         0,     0, 9,16:25:16,16:25:18,     2, 39.30, 41.00, -1.70
  12448451,  6064, 2,16:23:13,16:25:18,   125, 43.90, 43.70,  0.20
  13008768,     0, 9,16:25:29,16:26:33,    64, 41.00, 34.90,  6.10
         0,     0, 9,16:26:41,16:26:49,     8, 34.90, 41.10, -6.20
  12706642,  7051, 7,16:14:51,16:26:49,   718, 41.10, 34.80,  6.30
         0,     0, 7,16:26:56,16:27:00,     4, 34.80, 34.90, -0.10
  11724181,     0, 8,16:27:30,16:27:33,     3, 41.20, 41.20,  0.00
  12200046,  5100, 2,16:26:48,16:27:42,    54, 43.60, 36.90,  6.70
  11724181,     0, 8,16:27:46,16:27:53,     7, 41.20, 41.20,  0.00
         0,     0, 2,16:27:50,16:27:56,     6, 36.90, 43.80, -6.90
  12448416,  6029, 4,16:27:30,16:28:26,    56, 43.60, 31.80, 11.80
         0,     0, 4,16:28:35,16:28:46,    11, 31.80, 43.50,-11.70
  12448483,  6096, 5,16:29:07,16:29:17,    10, 40.80, 40.80,  0.00
  12706636,  7045, 4,16:28:58,16:30:20,    82, 43.60, 30.70, 12.90
         0,     0, 4,16:30:28,16:30:40,    12, 30.70, 43.40,-12.70
  12706637,  7046, 3,16:30:02,16:31:54,   112, 46.50, 33.20, 13.30
         0,     0, 3,16:32:02,16:32:13,    11, 33.20, 33.20,  0.00
  12448451,  6064, 5,16:29:34,16:32:17,   163, 40.80, 23.40, 17.40
         0,     0, 5,16:32:24,16:32:41,    17, 23.40, 40.90,-17.50
  12448473,  6086, 2,16:31:11,16:32:53,   102, 43.80, 29.30, 14.50
         0,     0, 2,16:33:01,16:33:16,    15, 29.30, 43.80,-14.50
  12448479,  6092, 1,16:31:57,16:34:03,   126, 40.90, 23.30, 17.60
  21268825,  6068, 2,16:33:26,16:34:13,    47, 43.80, 42.80,  1.00
         0,     0, 1,16:34:10,16:34:27,    17, 23.30, 41.30,-18.00
  21268825,  6068, 2,16:34:26,16:34:29,     3, 42.80, 42.70,  0.10
  12706622,     0, 8,16:30:30,16:34:39,   249, 41.10, 23.70, 17.40
         0,     0, 8,16:34:46,16:35:05,    19, 23.70, 41.10,-17.40
  13008848,     0, 9,16:35:17,16:35:18,     1, 41.00, 41.00,  0.00
  13008848,     0, 9,16:35:42,16:36:03,    21, 41.00, 40.90,  0.10
  12448483,  6096, 4,16:35:56,16:36:08,    12, 43.70, 43.80, -0.10
  21268825,  6068, 1,16:34:52,16:36:13,    81, 41.30, 31.10, 10.20
         0,     0, 1,16:36:20,16:36:29,     9, 31.10, 41.20,-10.10
  12706651,  7060, 5,16:34:49,16:36:47,   118, 40.80, 34.60,  6.20
         0,     0, 5,16:36:55,16:37:01,     6, 34.60, 40.80, -6.20
  13008848,     0, 9,16:36:19,16:37:12,    53, 40.80, 38.20,  2.60
         0,     0, 9,16:37:19,16:37:22,     3, 38.20, 41.00, -2.80
  12448483,  6096, 3,16:36:14,16:38:08,   114, 46.60, 15.00, 31.60
         0,     0, 3,16:38:16,16:38:43,    27, 15.00, 14.90,  0.10
  13008816,     0, 7,16:39:04,16:39:52,    48, 41.60, 41.30,  0.30
  13008816,     0, 8,16:40:04,16:40:14,    10, 41.20, 40.90,  0.30
  12448448,  6061, 2,16:34:45,16:40:28,   343, 42.70, 18.50, 24.20
         0,     0, 2,16:40:35,16:41:02,    27, 18.50, 43.70,-25.20
  12448474,  6087, 1,16:41:30,16:42:57,    87, 41.20, 23.00, 18.20
         0,     0, 1,16:43:04,16:43:22,    18, 23.00, 41.20,-18.20
  12448432,  6045, 2,16:41:21,16:43:58,   157, 43.90, 33.40, 10.50
         0,     0, 2,16:44:05,16:44:15,    10, 33.40, 43.90,-10.50
  13008797,     0, 9,16:44:58,16:45:03,     5, 39.10, 39.00,  0.10
         0,     0, 9,16:45:10,16:45:12,     2, 39.00, 41.20, -2.20
  12448432,  6045, 5,16:45:17,16:46:19,    62, 40.80, 37.60,  3.20
         0,     0, 5,16:46:27,16:46:30,     3, 37.60, 40.90, -3.30
  21304388,  6125, 2,16:46:38,16:47:13,    35, 43.90, 43.50,  0.40
  12706669,  7078, 4,16:46:08,16:47:18,    70, 43.80, 34.80,  9.00
         0,     0, 4,16:47:25,16:47:32,     7, 34.80, 34.80,  0.00
  13008742,  7163, 2,16:47:24,16:47:38,    14, 43.60, 43.50,  0.10
  12706705,  7114, 3,16:43:52,16:47:43,   231, 46.70, 24.20, 22.50
         0,     0, 3,16:47:51,16:48:10,    19, 24.20, 24.20,  0.00
  13008742,  7163, 2,16:47:53,16:48:23,    30, 43.40, 43.20,  0.20
  21304388,  6125, 1,16:48:20,16:48:25,     5, 41.20, 41.10,  0.10
  13008797,     0, 9,16:46:19,16:49:26,   187, 41.20, 33.20,  8.00
         0,     0, 9,16:49:34,16:49:44,    10, 33.20, 41.10, -7.90
  12706646,     0, 8,16:50:16,16:50:30,    14, 30.20, 30.10,  0.10
  21304388,  6125, 1,16:49:07,16:50:40,    93, 41.10, 18.20, 22.90
         0,     0, 8,16:50:37,16:50:49,    12, 30.10, 41.10,-11.00
         0,     0, 1,16:50:48,16:51:10,    22, 18.20, 41.20,-23.00
  11954014,  4044, 3,16:50:11,16:51:35,    84, 46.70, 30.30, 16.40
         0,     0, 3,16:51:44,16:51:57,    13, 30.30, 30.30,  0.00
  11954014,  4044, 4,16:51:43,16:51:56,    13, 42.30, 39.60,  2.70
         0,     0, 4,16:52:04,16:52:07,     3, 39.60, 43.30, -3.70
  12200064,  5118, 5,16:47:48,16:52:05,   257, 40.90, 17.80, 23.10
  12706707,  7116, 2,16:51:08,16:52:12,    64, 43.30, 33.40,  9.90
         0,     0, 2,16:52:20,16:52:31,    11, 33.40, 43.60,-10.20
         0,     0, 5,16:52:14,16:52:37,    23, 17.80, 40.90,-23.10
  21292347,  5120, 5,16:52:47,16:53:03,    16, 40.90, 40.80,  0.10
  13008742,  7163, 2,16:52:41,16:53:30,    49, 43.70, 43.40,  0.30
  12706727,  7136, 1,16:54:40,16:54:48,     8, 41.20, 41.20,  0.00
  21292347,  5120, 5,16:53:28,16:55:27,   119, 40.80, 32.00,  8.80
         0,     0, 5,16:55:36,16:55:44,     8, 32.00, 41.00, -9.00
  13008842,  8083, 3,16:53:52,16:55:43,   111, 45.70, 38.20,  7.50
         0,     0, 3,16:55:50,16:55:56,     6, 38.20, 38.00,  0.20
  13008742,  7163, 2,16:53:42,16:56:09,   147, 43.50, 31.60, 11.90
  12200010,  5064, 1,16:55:02,16:56:17,    75, 41.20, 27.40, 13.80
         0,     0, 2,16:56:16,16:56:28,    12, 31.60, 44.20,-12.60
         0,     0, 1,16:56:24,16:56:37,    13, 27.40, 41.30,-13.90
  13008837,     0, 9,17:01:42,17:02:27,    45, 41.10, 41.00,  0.10
  12706727,  7136, 1,17:01:27,17:02:49,    82, 41.30, 27.00, 14.30
  12706729,  7138, 3,17:01:46,17:02:54,    68, 45.70, 36.80,  8.90
         0,     0, 1,17:02:56,17:03:09,    13, 27.00, 41.20,-14.20
         0,     0, 3,17:03:03,17:03:11,     8, 36.80, 37.10, -0.30
  12448454,  6067, 3,17:03:35,17:03:47,    12, 46.40, 46.50, -0.10
  12448428,  6041, 2,17:03:03,17:03:47,    44, 43.80, 31.70, 12.10
  12706719,  7128, 5,17:02:51,17:04:02,    71, 40.90, 40.70,  0.20
         0,     0, 2,17:03:54,17:04:06,    12, 31.70, 43.70,-12.00
  12448454,  6067, 4,17:04:06,17:05:16,    70, 43.90, 32.50, 11.40
         0,     0, 4,17:05:23,17:05:33,    10, 32.50, 43.40,-10.90
  12706719,  7128, 5,17:04:57,17:06:20,    83, 40.80, 36.90,  3.90
         0,     0, 5,17:06:28,17:06:31,     3, 36.90, 41.00, -4.10
  11953996,  4026, 2,17:06:04,17:06:47,    43, 43.80, 43.50,  0.30
  12706637,  7046, 3,17:05:12,17:06:50,    98, 46.20, 36.40,  9.80
         0,     0, 3,17:06:58,17:07:06,     8, 36.40, 46.50,-10.10
  11953996,  4026, 2,17:06:58,17:08:17,    79, 43.70, 25.10, 18.60
  12706719,  7128, 5,17:07:48,17:08:32,    44, 40.90, 37.50,  3.40
  11954027,  4057, 1,17:08:15,17:08:33,    18, 41.20, 40.80,  0.40
         0,     0, 5,17:08:40,17:08:43,     3, 37.50, 40.80, -3.30
         0,     0, 2,17:08:25,17:08:44,    19, 25.10, 43.90,-18.80
  12706645,     0, 8,17:08:46,17:08:47,     1, 41.10, 41.10,  0.00
  21306958,  5124, 9,17:06:35,17:10:07,   212, 41.00, 32.20,  8.80
  11954027,  4057, 1,17:09:11,17:10:13,    62, 40.80, 31.10,  9.70
         0,     0, 9,17:10:15,17:10:27,    12, 32.20, 41.10, -8.90
         0,     0, 1,17:10:21,17:10:30,     9, 31.10, 41.30,-10.20
  12706659,  7068, 2,17:09:56,17:11:37,   101, 43.80, 35.80,  8.00
         0,     0, 2,17:11:44,17:11:52,     8, 35.80, 43.80, -8.00
  12706645,     0, 8,17:09:05,17:11:56,   171, 41.10, 25.50, 15.60
         0,     0, 8,17:12:05,17:12:23,    18, 25.50, 41.00,-15.50
  11953978,  4008, 4,17:10:17,17:12:37,   140, 43.80, 11.90, 31.90
  12706710,  7119, 5,17:10:27,17:13:15,   168, 40.80, 24.50, 16.30
         0,     0, 4,17:12:44,17:13:18,    34, 11.90, 43.20,-31.30
         0,     0, 5,17:13:23,17:13:41,    18, 24.50, 40.70,-16.20
  12706636,  7045, 5,17:13:51,17:14:49,    58, 40.70, 28.40, 12.30
         0,     0, 5,17:14:57,17:15:09,    12, 28.40, 40.90,-12.50
  12706651,  7060, 3,17:14:45,17:15:32,    47, 46.30, 41.10,  5.20
         0,     0, 3,17:15:39,17:15:42,     3, 41.10, 41.20, -0.10
  13008837,     0, 9,17:14:49,17:16:11,    82, 41.10, 40.60,  0.50
  12200042,  5096, 1,17:14:45,17:16:44,   119, 41.30, 25.40, 15.90
  12706659,  7068, 2,17:13:39,17:16:46,   187, 44.10, 27.30, 16.80
         0,     0, 1,17:16:52,17:17:08,    16, 25.40, 41.20,-15.80
         0,     0, 2,17:16:53,17:17:10,    17, 27.30, 44.00,-16.70
  12200010,  5064, 1,17:17:33,17:18:51,    78, 41.20, 31.10, 10.10
         0,     0, 1,17:18:58,17:19:07,     9, 31.10, 41.20,-10.10
  13008732,  7153, 2,17:18:12,17:20:12,   120, 43.80, 42.70,  1.10
  12448471,  6084, 3,17:19:48,17:21:06,    78, 46.00, 35.20, 10.80
  12448479,  6092, 4,17:21:01,17:21:09,     8, 43.70, 43.10,  0.60
         0,     0, 3,17:21:14,17:21:23,     9, 35.20, 35.10,  0.10
  13008732,  7153, 1,17:20:25,17:21:48,    83, 41.20, 24.40, 16.80
         0,     0, 1,17:21:56,17:22:12,    16, 24.40, 41.20,-16.80
  11724181,     0, 7,16:43:16,17:22:34,  2358, 26.20, 26.10,  0.10
         0,     0, 7,17:22:42,17:22:52,    10, 26.10, 41.50,-15.40
  12706706,  7115, 3,17:21:54,17:23:38,   104, 46.70, 28.40, 18.30
  12448479,  6092, 4,17:21:56,17:23:41,   105, 43.20, 31.20, 12.00
         0,     0, 4,17:23:48,17:24:00,    12, 31.20, 43.20,-12.00
         0,     0, 3,17:23:46,17:24:02,    16, 28.40, 31.10, -2.70
  12706646,     0, 8,17:23:23,17:24:01,    38, 41.00, 40.70,  0.30
  12706646,     0, 8,17:25:23,17:25:25,     2, 38.00, 38.00,  0.00
         0,     0, 8,17:25:34,17:25:37,     3, 38.00, 39.20, -1.20
  12706646,     0, 8,17:25:47,17:25:53,     6, 38.40, 38.30,  0.10
         0,     0, 8,17:26:01,17:26:03,     2, 38.30, 41.00, -2.70
  12706646,     0, 8,17:26:21,17:26:30,     9, 41.00, 38.40,  2.60
         0,     0, 8,17:26:38,17:26:40,     2, 38.40, 41.10, -2.70
  12706642,  7051, 8,17:27:39,17:28:29,    50, 41.10, 41.00,  0.10
  21292347,  5120, 4,17:31:20,17:32:51,    91, 43.50, 35.00,  8.50
         0,     0, 4,17:32:59,17:33:06,     7, 35.00, 43.30, -8.30
  13008866,     0, 8,17:33:46,17:34:14,    28, 40.70, 40.50,  0.20
  21268104,  6062, 2,17:34:25,17:34:32,     7, 42.70, 42.70,  0.00
  12448428,  6041, 3,17:34:14,17:35:03,    49, 46.60, 30.20, 16.40
         0,     0, 3,17:35:11,17:35:24,    13, 30.20, 30.60, -0.40
  21268104,  6062, 1,17:34:51,17:35:35,    44, 41.20, 36.90,  4.30
         0,     0, 1,17:35:42,17:35:45,     3, 36.90, 41.20, -4.30
  13008866,     0, 8,17:35:45,17:35:59,    14, 40.00, 39.90,  0.10
         0,     0, 8,17:36:08,17:36:08,     0, 39.90, 40.70, -0.80
  21268104,  6062, 1,17:36:07,17:36:56,    49, 41.20, 33.40,  7.80
         0,     0, 1,17:37:04,17:37:11,     7, 33.40, 41.20, -7.80
  12448473,  6086, 2,17:36:06,17:37:29,    83, 42.50, 28.40, 14.10
         0,     0, 2,17:37:37,17:37:52,    15, 28.40, 43.60,-15.20
  12706609,  7018, 8,17:38:55,17:39:01,     6, 40.20, 40.20,  0.00
  12706646,     0, 7,17:23:12,17:39:33,   981, 41.30, 36.50,  4.80
         0,     0, 7,17:39:41,17:39:44,     3, 36.50, 41.60, -5.10
  12448477,  6090, 3,17:39:34,17:41:18,   104, 46.20, 32.30, 13.90
  12706642,  7051, 8,17:41:22,17:41:24,     2, 40.20, 40.20,  0.00
         0,     0, 3,17:41:26,17:41:37,    11, 32.30, 46.70,-14.40
  12199986,     0, 9,17:41:31,17:43:12,   101, 33.10, 24.00,  9.10
         0,     0, 9,17:43:20,17:43:43,    23, 24.00, 41.00,-17.00
  12706729,  7138, 3,17:42:37,17:44:22,   105, 46.70, 36.40, 10.30
         0,     0, 3,17:44:29,17:44:37,     8, 36.40, 37.20, -0.80
  13008797,     0, 9,17:44:41,17:45:00,    19, 41.10, 40.90,  0.20
  13008762,     0, 9,17:45:10,17:45:24,    14, 40.90, 40.90,  0.00
  13008762,     0,10,17:45:44,17:45:53,     9, 40.40, 40.40,  0.00
  13008762,     0,10,17:46:07,17:46:24,    17, 40.40, 40.40,  0.00
  12706642,  7051, 7,17:41:34,17:47:04,   330, 41.60, 36.40,  5.20
         0,     0, 7,17:47:12,17:47:15,     3, 36.40, 41.60, -5.20
  11954027,  4057, 2,17:46:18,17:47:43,    85, 43.60, 29.80, 13.80
  12706719,  7128, 5,17:45:10,17:47:53,   163, 40.90, 29.00, 11.90
         0,     0, 2,17:47:51,17:48:05,    14, 29.80, 43.70,-13.90
         0,     0, 5,17:48:01,17:48:12,    11, 29.00, 41.00,-12.00
  12706667,     0, 8,17:48:27,17:48:30,     3, 40.10, 40.10,  0.00
  13008762,     0, 9,17:46:47,17:49:20,   153, 40.70, 34.50,  6.20
         0,     0, 9,17:49:29,17:49:37,     8, 34.50, 41.00, -6.50
  11954050,  4080, 4,17:49:27,17:50:48,    81, 43.70, 29.90, 13.80
  12200010,  5064, 1,17:49:55,17:50:58,    63, 41.20, 30.10, 11.10
         0,     0, 4,17:50:57,17:51:10,    13, 29.90, 43.30,-13.40
         0,     0, 1,17:51:06,17:51:16,    10, 30.10, 41.20,-11.10
  12706710,  7119, 4,17:51:54,17:53:25,    91, 43.50, 28.30, 15.20
         0,     0, 4,17:53:33,17:53:48,    15, 28.30, 43.20,-14.90
  13008835,     0, 8,17:55:32,17:55:37,     5, 40.10, 40.10,  0.00
  13008835,     0, 8,17:56:22,17:56:24,     2, 39.80, 39.90, -0.10
         0,     0, 8,17:56:31,17:56:31,     0, 39.90, 40.60, -0.70
  13008779,     0,10,17:56:44,17:56:52,     8, 40.30, 40.30,  0.00
  12706651,  7060, 4,17:57:39,17:58:46,    67, 43.20, 36.40,  6.80
         0,     0, 4,17:58:54,17:59:00,     6, 36.40, 36.40,  0.00
  12706655,  7064, 5,17:57:38,17:59:09,    91, 40.90, 27.30, 13.60
         0,     0, 5,17:59:18,17:59:31,    13, 27.30, 41.00,-13.70
  13008835,     0, 8,17:57:05,17:59:47,   162, 40.50, 30.40, 10.10
         0,     0, 8,17:59:54,18:00:05,    11, 30.40, 41.10,-10.70
  12200064,  5118, 2,17:56:20,18:01:42,   322, 43.90, 22.10, 21.80
  13008779,     0,10,18:01:42,18:01:46,     4, 40.30, 40.30,  0.00
  12706609,  7018, 7,17:47:33,18:02:04,   871, 39.00, 28.00, 11.00
         0,     0, 2,18:01:50,18:02:12,    22, 22.10, 43.70,-21.60
         0,     0, 7,18:02:12,18:02:21,     9, 28.00, 28.10, -0.10
  12706622,     0, 8,18:02:32,18:02:49,    17, 41.10, 41.00,  0.10
  12706705,  7114, 2,18:03:00,18:03:05,     5, 43.90, 43.80,  0.10
  13008779,     0, 9,18:02:06,18:04:01,   115, 41.00, 33.40,  7.60
  12706700,  7109, 3,18:03:00,18:04:07,    67, 46.50, 27.50, 19.00
         0,     0, 9,18:04:10,18:04:20,    10, 33.40, 41.00, -7.60
         0,     0, 3,18:04:14,18:04:30,    16, 27.50, 27.30,  0.20
  12706622,     0, 8,18:03:39,18:04:28,    49, 40.80, 40.20,  0.60
  13008797,     0, 9,18:04:32,18:05:12,    40, 41.00, 40.70,  0.30
  13008797,     0, 9,18:05:35,18:06:40,    65, 40.60, 40.20,  0.40
  12448471,  6084, 5,18:05:38,18:06:49,    71, 40.90, 30.30, 10.60
         0,     0, 5,18:06:56,18:07:06,    10, 30.30, 41.00,-10.70
  13008797,     0, 9,18:07:13,18:07:16,     3, 39.30, 39.30,  0.00
         0,     0, 9,18:07:25,18:07:26,     1, 39.30, 39.50, -0.20
  12448483,  6096, 3,18:05:58,18:07:44,   106, 46.50, 20.80, 25.70
  12706622,     0, 8,18:08:07,18:08:08,     1, 26.40, 26.60, -0.20
         0,     0, 3,18:07:52,18:08:14,    22, 20.80, 20.60,  0.20
  13008797,     0, 9,18:08:08,18:08:11,     3, 37.80, 37.80,  0.00
         0,     0, 9,18:08:20,18:08:24,     4, 37.80, 41.00, -3.20
         0,     0, 8,18:08:16,18:08:32,    16, 26.60, 41.10,-14.50
  12706705,  7114, 1,18:06:31,18:08:44,   133, 41.20, 27.40, 13.80
  12706706,  7115, 2,18:08:46,18:08:54,     8, 43.80, 43.80,  0.00
         0,     0, 1,18:08:52,18:09:05,    13, 27.40, 41.20,-13.80
  12706706,  7115, 1,18:09:15,18:10:10,    55, 41.20, 30.90, 10.30
  12448442,  6055, 8,18:10:07,18:10:12,     5, 41.20, 40.80,  0.40
         0,     0, 1,18:10:19,18:10:28,     9, 30.90, 41.20,-10.30
  12448442,  6055, 8,18:10:43,18:10:44,     1, 38.30, 38.30,  0.00
         0,     0, 8,18:10:52,18:10:54,     2, 38.30, 41.10, -2.80
  13008815,     0, 9,18:10:47,18:12:06,    79, 41.00, 35.00,  6.00
         0,     0, 9,18:12:15,18:12:23,     8, 35.00, 41.10, -6.10
  12448479,  6092, 2,18:11:42,18:12:24,    42, 43.80, 41.80,  2.00
         0,     0, 2,18:12:32,18:12:33,     1, 41.80, 43.60, -1.80
  11499202,     0, 8,18:11:09,18:12:33,    84, 39.40, 33.50,  5.90
         0,     0, 8,18:12:41,18:12:49,     8, 33.50, 41.10, -7.60
  12200010,  5064, 1,18:12:41,18:13:48,    67, 41.20, 31.80,  9.40
  12448479,  6092, 2,18:12:55,18:14:01,    66, 43.60, 36.20,  7.40
         0,     0, 1,18:13:56,18:14:05,     9, 31.80, 41.20, -9.40
         0,     0, 2,18:14:09,18:14:16,     7, 36.20, 43.80, -7.60
  12448477,  6090, 3,18:15:11,18:15:28,    17, 46.40, 44.00,  2.40
  11954050,  4080, 5,18:14:48,18:15:35,    47, 40.90, 37.20,  3.70
         0,     0, 5,18:15:43,18:15:46,     3, 37.20, 40.90, -3.70
  11954050,  4080, 5,18:15:56,18:16:38,    42, 40.90, 33.00,  7.90
         0,     0, 5,18:16:46,18:16:54,     8, 33.00, 40.90, -7.90
  13008732,  7153, 3,18:15:51,18:18:09,   138, 43.90, 34.80,  9.10
         0,     0, 3,18:18:17,18:18:27,    10, 34.80, 34.50,  0.30
  12706624,  7033, 9,18:17:50,18:18:42,    52, 36.50, 35.80,  0.70
         0,     0, 9,18:18:49,18:18:55,     6, 35.80, 40.40, -4.60
  12448477,  6090, 3,18:19:03,18:19:51,    48, 46.40, 39.40,  7.00
  13008815,     0, 9,18:19:35,18:19:56,    21, 35.20, 35.30, -0.10
         0,     0, 3,18:19:58,18:20:03,     5, 39.40, 39.40,  0.00
         0,     0, 9,18:20:04,18:20:11,     7, 35.30, 41.10, -5.80
  13008837,     0, 9,18:20:43,18:21:00,    17, 41.10, 40.10,  1.00
  12706729,  7138, 4,18:22:01,18:22:21,    20, 43.60, 43.40,  0.20
  13008837,     0, 9,18:21:15,18:22:51,    96, 39.70, 26.90, 12.80
         0,     0, 9,18:22:58,18:23:17,    19, 26.90, 41.10,-14.20
  12706651,  7060, 4,18:23:35,18:24:25,    50, 43.30, 40.80,  2.50
         0,     0, 4,18:24:33,18:24:35,     2, 40.80, 43.20, -2.40
  12448412,  6025, 2,18:27:17,18:27:25,     8, 43.80, 43.70,  0.10
  11954027,  4057, 2,18:28:04,18:29:42,    98, 43.70, 34.10,  9.60
         0,     0, 2,18:29:51,18:30:00,     9, 34.10, 43.70, -9.60
  12706729,  7138, 4,18:29:43,18:30:05,    22, 43.40, 43.30,  0.10
  12706729,  7138, 2,18:31:07,18:31:45,    38, 43.80, 37.60,  6.20
  12448412,  6025, 1,18:27:29,18:31:50,   261, 41.20, 38.00,  3.20
         0,     0, 2,18:31:53,18:31:58,     5, 37.60, 43.80, -6.20
         0,     0, 1,18:31:57,18:31:59,     2, 38.00, 41.10, -3.10
  12199986,     0, 9,18:30:59,18:32:13,    74, 41.20, 33.30,  7.90
         0,     0, 9,18:32:21,18:32:31,    10, 33.30, 41.10, -7.80
  12706624,  7033, 9,18:32:46,18:32:49,     3, 41.10, 41.10,  0.00
  12448412,  6025, 1,18:32:13,18:33:22,    69, 41.10, 22.60, 18.50
         0,     0, 1,18:33:30,18:33:48,    18, 22.60, 41.30,-18.70
  12448448,  6061, 4,18:30:17,18:38:18,   481, 43.30, 23.50, 19.80
         0,     0, 4,18:38:25,18:38:44,    19, 23.50, 43.50,-20.00
  12706738,  7147, 2,18:39:08,18:41:06,   118, 43.90, 27.00, 16.90
         0,     0, 2,18:41:13,18:41:30,    17, 27.00, 43.70,-16.70
  12448442,  6055, 7,18:14:38,18:42:51,  1693, 41.50, 39.10,  2.40
         0,     0, 7,18:42:58,18:42:59,     1, 39.10, 41.40, -2.30
  12706651,  7060, 4,18:42:17,18:44:11,   114, 43.70, 35.70,  8.00
         0,     0, 4,18:44:20,18:44:27,     7, 35.70, 35.80, -0.10
  21268104,  6062, 4,18:44:53,18:46:44,   111, 43.70, 34.80,  8.90
  12448479,  6092, 3,18:46:39,18:46:52,    13, 46.40, 46.10,  0.30
         0,     0, 4,18:46:52,18:47:00,     8, 34.80, 43.30, -8.50
  11953978,  4008, 2,18:45:32,18:47:13,   101, 43.90, 36.30,  7.60
         0,     0, 2,18:47:20,18:47:27,     7, 36.30, 43.70, -7.40
  12706729,  7138, 1,18:48:15,18:48:34,    19, 41.30, 40.00,  1.30
  21268825,  6068, 2,18:48:26,18:48:38,    12, 43.80, 43.80,  0.00
  12706729,  7138, 2,18:48:48,18:49:12,    24, 43.80, 42.00,  1.80
         0,     0, 2,18:49:21,18:49:21,     0, 42.00, 42.90, -0.90
  21268825,  6068, 1,18:48:52,18:49:32,    40, 40.00, 39.20,  0.80
         0,     0, 1,18:49:41,18:49:42,     1, 39.20, 41.20, -2.00
  12448479,  6092, 3,18:48:14,18:50:25,   131, 45.90, 36.70,  9.20
         0,     0, 3,18:50:32,18:50:40,     8, 36.70, 36.90, -0.20
  21268825,  6068, 1,18:49:52,18:51:29,    97, 41.20, 29.40, 11.80
         0,     0, 1,18:51:38,18:51:49,    11, 29.40, 41.20,-11.80
  12199988,     0, 7,18:43:10,18:55:02,   712, 41.30, 36.50,  4.80
         0,     0, 7,18:55:09,18:55:12,     3, 36.50, 41.50, -5.00
  12706624,  7033, 9,18:55:22,18:56:05,    43, 41.10, 40.30,  0.80
  13008732,  7153, 5,18:54:05,18:56:40,   155, 40.90, 33.20,  7.70
         0,     0, 5,18:56:48,18:56:55,     7, 33.20, 40.90, -7.70
  12706624,  7033, 9,18:57:28,18:58:02,    34, 38.90, 36.70,  2.20
         0,     0, 9,18:58:10,18:58:15,     5, 36.70, 41.00, -4.30
  13008827,     0, 8,18:58:54,18:59:07,    13, 40.90, 40.80,  0.10
  13008827,     0, 8,18:59:40,19:00:00,    20, 40.70, 40.50,  0.20
  13008833,     0, 9,18:59:12,19:00:02,    50, 41.10, 40.90,  0.20
  13008827,     0, 8,19:00:30,19:00:31,     1, 40.40, 40.40,  0.00
  13008827,     0, 8,19:00:55,19:00:56,     1, 40.10, 40.20, -0.10
  12706659,  7068, 2,18:59:18,19:01:09,   111, 42.80, 28.40, 14.40
         0,     0, 2,19:01:17,19:01:32,    15, 28.40, 43.70,-15.30
  12706667,     0, 8,19:01:35,19:01:53,    18, 40.20, 40.10,  0.10
  13008833,     0, 9,19:00:43,19:01:53,    70, 40.40, 34.70,  5.70
         0,     0, 9,19:02:02,19:02:10,     8, 34.70, 41.10, -6.40
  13008797,     0, 9,19:02:38,19:02:45,     7, 41.10, 41.10,  0.00
  12448432,  6045, 2,19:03:32,19:03:57,    25, 43.80, 43.10,  0.70
  12706707,  7116, 1,19:03:10,19:04:35,    85, 41.20, 30.40, 10.80
         0,     0, 1,19:04:42,19:04:52,    10, 30.40, 41.20,-10.80
  12706639,  7048, 2,19:04:07,19:05:15,    68, 43.10, 27.30, 15.80
         0,     0, 2,19:05:23,19:05:40,    17, 27.30, 43.80,-16.50
  12706707,  7116, 1,19:05:33,19:05:50,    17, 41.20, 38.80,  2.40
         0,     0, 1,19:05:57,19:05:58,     1, 38.80, 41.30, -2.50
  12199981,  5035, 5,19:05:25,19:06:41,    76, 40.80, 26.50, 14.30
         0,     0, 5,19:06:48,19:07:02,    14, 26.50, 41.00,-14.50
  13008827,     0, 8,19:06:38,19:07:06,    28, 35.70, 35.60,  0.10
         0,     0, 8,19:07:14,19:07:19,     5, 35.60, 41.20, -5.60
  12448477,  6090, 3,19:07:13,19:07:44,    31, 46.40, 42.30,  4.10
  13008827,     0, 8,19:07:34,19:07:46,    12, 40.90, 40.80,  0.10
         0,     0, 3,19:07:51,19:07:54,     3, 42.30, 46.30, -4.00
  12706667,     0, 7,19:01:21,19:08:19,   418, 37.40, 37.20,  0.20
         0,     0, 7,19:08:26,19:08:28,     2, 37.20, 41.60, -4.40
  21304388,  6125, 1,19:08:08,19:10:23,   135, 41.30, 16.00, 25.30
         0,     0, 1,19:10:30,19:10:55,    25, 16.00, 41.20,-25.20
  11724181,     0, 7,19:09:03,19:11:30,   147, 41.30, 40.80,  0.50
  12706701,  7110, 4,19:09:33,19:12:15,   162, 43.60, 23.10, 20.50
  11724181,     0, 8,19:10:15,19:12:26,   131, 40.80, 30.50, 10.30
  11954014,  4044, 3,19:11:48,19:12:39,    51, 46.50, 30.50, 16.00
         0,     0, 4,19:12:22,19:12:41,    19, 23.10, 43.20,-20.10
         0,     0, 8,19:12:35,19:12:46,    11, 30.50, 41.00,-10.50
         0,     0, 3,19:12:46,19:12:59,    13, 30.50, 30.40,  0.10
  12448432,  6045, 5,19:11:23,19:13:05,   102, 40.90, 28.10, 12.80
         0,     0, 5,19:13:14,19:13:26,    12, 28.10, 41.00,-12.90
  13008848,     0, 9,19:13:12,19:14:28,    76, 41.10, 36.70,  4.40
         0,     0, 9,19:14:35,19:14:40,     5, 36.70, 41.00, -4.30
  12199988,     0, 8,19:14:41,19:14:50,     9, 40.70, 40.50,  0.20
  13008826,     0, 7,19:12:36,19:16:11,   215, 29.50, 29.40,  0.10
         0,     0, 7,19:16:19,19:16:26,     7, 29.40, 29.70, -0.30
  13008768,     0, 9,19:17:10,19:17:54,    44, 39.10, 37.30,  1.80
  12199988,     0, 8,19:17:46,19:18:01,    15, 40.30, 40.20,  0.10
         0,     0, 9,19:18:03,19:18:08,     5, 37.30, 41.10, -3.80
  12199988,     0, 8,19:18:43,19:18:46,     3, 39.90, 40.00, -0.10
         0,     0, 8,19:18:55,19:18:55,     0, 40.00, 40.60, -0.60
  13008768,     0, 9,19:18:53,19:19:02,     9, 36.40, 36.40,  0.00
  12448474,  6087, 1,19:17:10,19:19:12,   122, 41.20, 20.30, 20.90
         0,     0, 9,19:19:10,19:19:16,     6, 36.40, 41.10, -4.70
         0,     0, 1,19:19:21,19:19:41,    20, 20.30, 41.20,-20.90
  12448416,  6029, 3,19:19:39,19:20:42,    63, 46.20, 36.40,  9.80
         0,     0, 3,19:20:50,19:20:58,     8, 36.40, 36.70, -0.30
  13008866,     0, 8,19:21:03,19:21:10,     7, 40.60, 40.50,  0.10
  12199987,     0, 7,19:16:41,19:21:39,   298, 41.40, 33.80,  7.60
         0,     0, 7,19:21:47,19:21:52,     5, 33.80, 41.60, -7.80
  12200048,     0, 8,19:22:20,19:25:00,   160, 40.30, 28.80, 11.50
         0,     0, 8,19:25:08,19:25:20,    12, 28.80, 41.10,-12.30
  13008842,  8083, 2,19:29:19,19:30:36,    77, 43.90, 43.80,  0.10
  12448454,  6067, 3,19:32:27,19:32:28,     1, 46.60, 46.20,  0.40
  13008842,  8083, 1,19:30:39,19:32:29,   110, 41.20, 26.90, 14.30
         0,     0, 1,19:32:37,19:32:50,    13, 26.90, 41.20,-14.30
  12448454,  6067, 4,19:32:35,19:34:14,    99, 43.30, 27.40, 15.90
  12706700,  7109, 2,19:33:17,19:34:18,    61, 43.60, 31.10, 12.50
         0,     0, 4,19:34:21,19:34:36,    15, 27.40, 43.30,-15.90
         0,     0, 2,19:34:26,19:34:39,    13, 31.10, 43.70,-12.60
  13008858,     0, 8,19:31:29,19:35:00,   211, 41.20, 28.90, 12.30
         0,     0, 8,19:35:08,19:35:21,    13, 28.90, 41.10,-12.20
  11954014,  4044, 3,19:35:33,19:36:01,    28, 46.30, 40.70,  5.60
         0,     0, 3,19:36:08,19:36:12,     4, 40.70, 40.70,  0.00
  21292347,  5120, 4,19:36:29,19:38:10,   101, 43.70, 35.00,  8.70
         0,     0, 4,19:38:17,19:38:25,     8, 35.00, 43.50, -8.50
  13008797,     0,10,19:41:13,19:41:17,     4, 40.00, 40.00,  0.00
         0,     0,10,19:41:24,19:41:24,     0, 40.00, 40.30, -0.30
  13008815,     0, 9,19:40:31,19:41:49,    78, 41.10, 34.20,  6.90
         0,     0, 9,19:41:57,19:42:06,     9, 34.20, 41.10, -6.90
  13008827,     0, 7,19:25:42,19:44:48,  1146, 41.60, 41.10,  0.50
  12706622,     0, 8,19:41:50,19:45:26,   216, 41.20, 32.90,  8.30
  12448432,  6045, 2,19:45:07,19:45:30,    23, 43.90, 42.90,  1.00
  12200042,  5096, 1,19:44:29,19:45:35,    66, 41.20, 33.80,  7.40
         0,     0, 8,19:45:34,19:45:42,     8, 32.90, 41.10, -8.20
         0,     0, 1,19:45:43,19:45:49,     6, 33.80, 41.30, -7.50
  13008797,     0, 9,19:46:28,19:46:40,    12, 41.10, 41.00,  0.10
  12448432,  6045, 2,19:45:44,19:46:41,    57, 42.90, 35.20,  7.70
         0,     0, 2,19:46:49,19:46:57,     8, 35.20, 43.70, -8.50
  13008797,     0, 9,19:46:57,19:47:36,    39, 41.00, 40.70,  0.30
  12200046,  5100, 2,19:47:59,19:49:05,    66, 43.90, 35.30,  8.60
         0,     0, 2,19:49:12,19:49:20,     8, 35.30, 43.80, -8.50
  13008866,     0, 8,19:48:34,19:50:22,   108, 41.00, 40.40,  0.60
  12706727,  7136, 2,19:51:01,19:51:55,    54, 43.90, 36.00,  7.90
  12448416,  6029, 3,19:51:35,19:52:07,    32, 46.20, 40.40,  5.80
         0,     0, 2,19:52:03,19:52:10,     7, 36.00, 43.80, -7.80
         0,     0, 3,19:52:15,19:52:19,     4, 40.40, 46.30, -5.90
  13008866,     0, 8,19:50:55,19:52:21,    86, 40.30, 39.80,  0.50
         0,     0, 8,19:52:30,19:52:30,     0, 39.80, 40.70, -0.90
  12200042,  5096, 1,19:52:02,19:53:07,    65, 41.30, 31.70,  9.60
         0,     0, 1,19:53:15,19:53:24,     9, 31.70, 41.30, -9.60
  12706636,  7045, 1,19:55:52,19:56:53,    61, 41.30, 31.00, 10.30
  11953996,  4026, 2,19:54:02,19:56:59,   177, 43.80, 23.20, 20.60
  13008866,     0, 8,19:55:31,19:57:02,    91, 39.80, 39.30,  0.50
         0,     0, 8,19:57:09,19:57:10,     1, 39.30, 40.80, -1.50
         0,     0, 1,19:57:01,19:57:11,    10, 31.00, 41.10,-10.10
         0,     0, 2,19:57:06,19:57:27,    21, 23.20, 43.80,-20.60
  13008866,     0, 8,19:58:33,20:00:31,   118, 40.50, 39.80,  0.70
         0,     0, 8,20:00:39,20:00:39,     0, 39.80, 40.70, -0.90
  12706659,  7068, 2,20:00:14,20:01:00,    46, 44.00, 43.90,  0.10
  12706659,  7068, 1,20:01:04,20:01:23,    19, 41.10, 41.10,  0.00
  12448451,  6064, 2,20:02:54,20:03:05,    11, 43.90, 43.90,  0.00
  12448451,  6064, 1,20:03:10,20:04:07,    57, 41.10, 40.80,  0.30
  13008842,  8083, 3,20:03:26,20:04:09,    43, 46.60, 41.60,  5.00
         0,     0, 3,20:04:17,20:04:20,     3, 41.60, 41.60,  0.00
  12448451,  6064, 2,20:04:13,20:04:36,    23, 43.90, 43.80,  0.10
  12448416,  6029, 3,20:04:32,20:05:14,    42, 46.40, 39.00,  7.40
         0,     0, 3,20:05:23,20:05:29,     6, 39.00, 39.10, -0.10
  13008842,  8083, 2,20:05:35,20:05:55,    20, 43.90, 44.00, -0.10
  13008842,  8083, 1,20:05:58,20:07:40,   102, 40.80, 33.80,  7.00
         0,     0, 1,20:07:48,20:07:54,     6, 33.80, 41.30, -7.50
  12448412,  6025, 5,20:13:37,20:13:45,     8, 40.90, 40.90,  0.00
  12706701,  7110, 3,20:10:50,20:14:11,   201, 46.40, 31.40, 15.00
         0,     0, 3,20:14:20,20:14:33,    13, 31.40, 31.40,  0.00
  12448451,  6064, 2,20:14:13,20:16:29,   136, 43.90, 22.70, 21.20
  12448412,  6025, 5,20:16:20,20:16:49,    29, 40.90, 40.80,  0.10
         0,     0, 2,20:16:36,20:16:57,    21, 22.70, 43.70,-21.00
  13008866,     0, 8,20:16:32,20:18:41,   129, 38.30, 37.80,  0.50
         0,     0, 8,20:18:49,20:18:52,     3, 37.80, 41.10, -3.30
  13008827,     0, 8,20:19:30,20:19:32,     2, 41.00, 41.00,  0.00
  13008827,     0, 8,20:19:43,20:20:34,    51, 41.00, 40.80,  0.20
  12706645,     0, 7,19:45:34,20:20:39,  2105, 41.00, 40.90,  0.10
  12448432,  6045, 2,20:22:25,20:23:19,    54, 43.80, 38.40,  5.40
         0,     0, 2,20:23:26,20:23:30,     4, 38.40, 43.70, -5.30
  12448428,  6041, 1,20:23:24,20:24:00,    36, 41.20, 30.80, 10.40
  13008827,     0, 8,20:24:00,20:24:01,     1, 29.90, 29.90,  0.00
         0,     0, 1,20:24:07,20:24:17,    10, 30.80, 41.20,-10.40
         0,     0, 8,20:24:08,20:24:20,    12, 29.90, 41.10,-11.20
  13008827,     0, 7,20:20:56,20:25:41,   285, 40.80, 36.20,  4.60
         0,     0, 7,20:25:48,20:25:51,     3, 36.20, 41.60, -5.40
  13008742,  7163, 5,20:27:53,20:28:01,     8, 40.80, 40.80,  0.00
  12706705,  7114, 1,20:26:55,20:28:53,   118, 41.20, 29.10, 12.10
         0,     0, 1,20:29:00,20:29:11,    11, 29.10, 41.20,-12.10
  12706637,  7046, 3,20:26:49,20:29:09,   140, 46.40, 29.00, 17.40
         0,     0, 3,20:29:17,20:29:31,    14, 29.00, 46.60,-17.60
  12706727,  7136, 2,20:31:45,20:33:13,    88, 43.80, 34.00,  9.80
         0,     0, 2,20:33:20,20:33:29,     9, 34.00, 43.80, -9.80
  21306958,  5124, 9,20:29:44,20:33:49,   245, 37.30, 33.10,  4.20
         0,     0, 9,20:33:58,20:34:09,    11, 33.10, 41.10, -8.00
  11953978,  4008, 1,20:32:23,20:34:06,   103, 41.20, 25.60, 15.60
         0,     0, 1,20:34:14,20:34:29,    15, 25.60, 41.20,-15.60
  12448412,  6025, 2,20:34:49,20:34:58,     9, 43.80, 43.70,  0.10
  13008742,  7163, 2,20:35:26,20:36:00,    34, 43.70, 43.60,  0.10
  12448471,  6084, 1,20:36:00,20:36:11,    11, 41.20, 40.60,  0.60
  12706616,  7025, 3,20:35:34,20:36:55,    81, 46.40, 24.30, 22.10
         0,     0, 3,20:37:03,20:37:22,    19, 24.30, 24.20,  0.10
  12448471,  6084, 1,20:36:35,20:38:37,   122, 40.60, 23.10, 17.50
         0,     0, 1,20:38:46,20:39:03,    17, 23.10, 41.20,-18.10
  13008742,  7163, 2,20:36:26,20:39:43,   197, 43.80, 23.10, 20.70
  12448412,  6025, 1,20:39:14,20:39:58,    44, 41.20, 41.10,  0.10
         0,     0, 2,20:39:52,20:40:13,    21, 23.10, 43.90,-20.80
  12448412,  6025, 2,20:40:23,20:42:47,   144, 43.50, 43.20,  0.30
  21292347,  5120, 4,20:43:58,20:45:29,    91, 44.00, 37.20,  6.80
         0,     0, 4,20:45:37,20:45:42,     5, 37.20, 43.40, -6.20
  13008779,     0, 9,20:45:04,20:46:11,    67, 40.70, 36.50,  4.20
         0,     0, 9,20:46:19,20:46:25,     6, 36.50, 41.10, -4.60
  12448412,  6025, 1,20:42:52,20:46:36,   224, 41.10, 21.70, 19.40
         0,     0, 1,20:46:43,20:47:01,    18, 21.70, 41.30,-19.60
  12448428,  6041, 1,20:48:14,20:48:51,    37, 41.30, 31.10, 10.20
         0,     0, 1,20:48:59,20:49:08,     9, 31.10, 41.30,-10.20
  13008842,  8083, 1,20:52:51,20:54:20,    89, 41.30, 30.40, 10.90
         0,     0, 1,20:54:27,20:54:37,    10, 30.40, 41.10,-10.70
  12706624,  7033, 9,21:00:07,21:00:55,    48, 41.10, 40.80,  0.30
  12706659,  7068, 2,21:01:30,21:01:52,    22, 43.10, 43.00,  0.10
  12706659,  7068, 1,21:01:56,21:01:58,     2, 41.10, 41.10,  0.00
  12199981,  5035, 3,21:01:30,21:02:19,    49, 46.70, 30.80, 15.90
  12706624,  7033, 9,21:01:25,21:02:25,    60, 40.80, 38.40,  2.40
         0,     0, 9,21:02:34,21:02:37,     3, 38.40, 41.00, -2.60
         0,     0, 3,21:02:26,21:02:39,    13, 30.80, 30.80,  0.00
  12448473,  6086, 2,21:02:16,21:03:43,    87, 43.00, 30.10, 12.90
  12706659,  7068, 1,21:02:09,21:03:55,   106, 41.10, 19.20, 21.90
         0,     0, 2,21:03:51,21:04:05,    14, 30.10, 44.00,-13.90
         0,     0, 1,21:04:03,21:04:24,    21, 19.20, 41.20,-22.00
  13008779,     0, 9,21:11:01,21:11:04,     3, 37.50, 37.50,  0.00
         0,     0, 9,21:11:13,21:11:17,     4, 37.50, 41.00, -3.50
  12200046,  5100, 2,21:10:37,21:11:29,    52, 43.80, 34.40,  9.40
         0,     0, 2,21:11:36,21:11:45,     9, 34.40, 43.70, -9.30
  12448454,  6067, 5,21:10:34,21:12:16,   102, 40.80, 30.30, 10.50
         0,     0, 5,21:12:23,21:12:33,    10, 30.30, 40.90,-10.60
  12200064,  5118, 1,21:16:20,21:16:28,     8, 41.20, 41.10,  0.10
  13008839,     0, 8,21:21:08,21:21:09,     1, 40.60, 40.60,  0.00
  12706669,  7078, 2,21:21:05,21:22:05,    60, 43.80, 30.30, 13.50
  13008839,     0, 8,21:21:50,21:22:07,    17, 39.30, 39.10,  0.20
         0,     0, 8,21:22:15,21:22:17,     2, 39.10, 41.00, -1.90
         0,     0, 2,21:22:13,21:22:26,    13, 30.30, 43.90,-13.60
  13008839,     0, 8,21:22:39,21:22:48,     9, 41.00, 39.90,  1.10
         0,     0, 8,21:22:57,21:22:57,     0, 39.90, 40.70, -0.80
  13008839,     0, 8,21:23:16,21:23:18,     2, 39.60, 39.60,  0.00
         0,     0, 8,21:23:26,21:23:27,     1, 39.60, 40.80, -1.20
  13008839,     0, 8,21:23:40,21:23:48,     8, 39.60, 38.60,  1.00
         0,     0, 8,21:23:57,21:23:59,     2, 38.60, 41.00, -2.40
  12448483,  6096, 1,21:24:00,21:24:10,    10, 41.10, 41.10,  0.00
  12448483,  6096, 2,21:24:27,21:26:45,   138, 43.90, 26.30, 17.60
         0,     0, 2,21:26:53,21:27:11,    18, 26.30, 43.80,-17.50
  12448483,  6096, 1,21:27:27,21:28:34,    67, 41.10, 26.30, 14.80
         0,     0, 1,21:28:42,21:28:56,    14, 26.30, 41.30,-15.00
  12200064,  5118, 2,21:27:21,21:30:23,   182, 43.70, 25.70, 18.00
         0,     0, 2,21:30:32,21:30:50,    18, 25.70, 43.80,-18.10
  13008797,     0, 9,21:30:54,21:31:00,     6, 41.00, 41.00,  0.00
  13008797,     0,10,21:34:17,21:34:18,     1, 39.80, 39.80,  0.00
         0,     0,10,21:34:26,21:34:26,     0, 39.80, 41.00, -1.20
  12706719,  7128, 5,21:34:12,21:36:21,   129, 40.80, 26.40, 14.40
         0,     0, 5,21:36:29,21:36:43,    14, 26.40, 40.90,-14.50
  13008797,     0, 9,21:34:23,21:37:36,   193, 41.10, 32.70,  8.40
         0,     0, 9,21:37:43,21:37:54,    11, 32.70, 41.00, -8.30
  13323420,     0, 9,21:39:43,21:39:48,     5, 41.00, 41.00,  0.00
  13323420,     0, 9,21:42:21,21:42:28,     7, 40.70, 40.70,  0.00
  13323420,     0, 9,21:43:56,21:44:00,     4, 40.20, 39.80,  0.40
         0,     0, 9,21:44:07,21:44:08,     1, 39.80, 41.00, -1.20
  13008737,     0, 9,21:44:54,21:44:55,     1, 40.90, 40.90,  0.00
  21268104,  6062, 2,21:44:50,21:45:05,    15, 43.90, 43.80,  0.10
  21268104,  6062, 1,21:45:13,21:46:49,    96, 41.30, 33.30,  8.00
         0,     0, 1,21:46:58,21:47:05,     7, 33.30, 41.30, -8.00
  21268104,  6062, 2,21:47:16,21:47:31,    15, 43.70, 42.20,  1.50
  13323420,     0, 9,21:48:38,21:48:40,     2, 40.90, 40.90,  0.00
  12706710,  7119, 5,21:48:03,21:49:26,    83, 40.90, 40.20,  0.70
  11954027,  4057, 1,21:48:11,21:49:42,    91, 41.30, 31.10, 10.20
         0,     0, 1,21:49:50,21:49:59,     9, 31.10, 41.20,-10.10
  11954027,  4057, 1,21:50:09,21:50:11,     2, 41.20, 41.20,  0.00
  12706710,  7119, 5,21:49:39,21:50:43,    64, 40.20, 27.10, 13.10
  11954027,  4057, 1,21:50:21,21:50:56,    35, 41.20, 30.70, 10.50
         0,     0, 5,21:50:51,21:51:04,    13, 27.10, 40.70,-13.60
         0,     0, 1,21:51:04,21:51:14,    10, 30.70, 41.20,-10.50
  13008737,     0, 9,21:49:49,21:51:33,   104, 40.90, 27.70, 13.20
         0,     0, 9,21:51:41,21:51:59,    18, 27.70, 41.10,-13.40
  12706616,  7025, 3,21:50:48,21:52:08,    80, 46.80, 31.00, 15.80
         0,     0, 3,21:52:15,21:52:28,    13, 31.00, 31.10, -0.10
  12706738,  7147, 4,21:51:00,21:52:57,   117, 43.50, 25.60, 17.90
         0,     0, 4,21:53:04,21:53:20,    16, 25.60, 43.30,-17.70
  11954027,  4057, 2,21:52:35,21:53:17,    42, 42.20, 37.60,  4.60
         0,     0, 2,21:53:26,21:53:31,     5, 37.60, 43.70, -6.10
  12706669,  7078, 2,21:55:49,21:57:57,   128, 43.90, 33.40, 10.50
         0,     0, 2,21:58:06,21:58:16,    10, 33.40, 43.80,-10.40
  12200046,  5100, 3,21:59:22,22:00:03,    41, 46.40, 35.60, 10.80
  12706636,  7045, 4,21:59:45,22:00:08,    23, 44.00, 38.30,  5.70
         0,     0, 3,22:00:11,22:00:20,     9, 35.60, 35.60,  0.00
         0,     0, 4,22:00:15,22:00:20,     5, 38.30, 43.30, -5.00
  12706636,  7045, 5,22:00:30,22:01:34,    64, 40.80, 31.70,  9.10
         0,     0, 5,22:01:41,22:01:50,     9, 31.70, 40.90, -9.20
  11954050,  4080, 1,22:03:56,22:05:26,    90, 41.20, 40.10,  1.10
  11954050,  4080, 2,22:05:35,22:06:17,    42, 43.90, 41.90,  2.00
         0,     0, 2,22:06:25,22:06:25,     0, 41.90, 43.50, -1.60
  12706729,  7138, 1,22:06:32,22:06:39,     7, 40.10, 40.10,  0.00
  12706729,  7138, 2,22:06:48,22:10:14,   206, 43.50, 29.30, 14.20
  13008732,  7153, 4,22:07:50,22:10:17,   147, 43.40, 43.20,  0.20
         0,     0, 2,22:10:22,22:10:36,    14, 29.30, 44.00,-14.70
  13323420,     0, 9,22:11:18,22:11:24,     6, 41.10, 40.70,  0.40
  12706727,  7136, 3,22:10:37,22:12:33,   116, 46.70, 35.70, 11.00
         0,     0, 3,22:12:41,22:12:50,     9, 35.70, 35.60,  0.10
  13323420,     0, 9,22:13:01,22:13:08,     7, 40.70, 40.10,  0.60
  12448442,  6055, 7,20:51:48,22:14:41,  4973, 41.60, 31.50, 10.10
  13323420,     0, 9,22:14:33,22:14:40,     7, 40.10, 38.70,  1.40
         0,     0, 9,22:14:49,22:14:52,     3, 38.70, 41.00, -2.30
         0,     0, 7,22:14:49,22:14:55,     6, 31.50, 31.50,  0.00
  13008732,  7153, 4,22:10:59,22:15:26,   267, 43.20, 22.60, 20.60
  13323420,     0, 9,22:15:28,22:15:36,     8, 41.00, 39.60,  1.40
         0,     0, 9,22:15:44,22:15:45,     1, 39.60, 41.00, -1.40
         0,     0, 4,22:15:35,22:15:55,    20, 22.60, 43.30,-20.70
  13323420,     0, 9,22:16:43,22:16:54,    11, 41.00, 39.10,  1.90
         0,     0, 9,22:17:02,22:17:04,     2, 39.10, 41.20, -2.10
  13323420,     0, 9,22:17:23,22:17:38,    15, 41.20, 37.70,  3.50
         0,     0, 9,22:17:46,22:17:50,     4, 37.70, 41.10, -3.40
  11953978,  4008, 1,22:17:11,22:18:17,    66, 40.10, 29.90, 10.20
         0,     0, 1,22:18:24,22:18:34,    10, 29.90, 41.20,-11.30
  13008848,     0, 9,22:19:01,22:19:03,     2, 41.00, 41.00,  0.00
  12706705,  7114, 5,22:21:40,22:21:57,    17, 40.90, 40.70,  0.20
         0,     0, 8,22:24:01,22:24:08,     7, 34.40, 41.00, -6.60
  12706706,  7115, 2,22:24:11,22:24:36,    25, 43.80, 43.90, -0.10
  12706705,  7114, 5,22:23:06,22:26:08,   182, 40.70, 30.20, 10.50
         0,     0, 5,22:26:16,22:26:26,    10, 30.20, 40.90,-10.70
  12706706,  7115, 2,22:27:42,22:29:16,    94, 43.90, 31.40, 12.50
         0,     0, 2,22:29:23,22:29:35,    12, 31.40, 43.70,-12.30
  12448448,  6061, 4,22:22:20,22:31:33,   553, 43.80, 33.80, 10.00
         0,     0, 4,22:31:41,22:31:50,     9, 33.80, 43.30, -9.50
  12706639,  7048, 2,22:36:25,22:39:01,   156, 43.80, 29.90, 13.90
         0,     0, 2,22:39:09,22:39:23,    14, 29.90, 43.80,-13.90
  12200010,  5064, 1,22:38:15,22:39:34,    79, 41.20, 30.30, 10.90
         0,     0, 1,22:39:42,22:39:52,    10, 30.30, 41.20,-10.90
         0,     0, 8,22:39:46,22:39:57,    11, 30.70, 41.00,-10.30
  13008837,     0, 9,22:42:02,22:42:23,    21, 41.00, 40.80,  0.20
  13008837,     0, 9,22:42:44,22:43:37,    53, 40.70, 40.40,  0.30
  13008837,     0, 9,22:44:05,22:44:49,    44, 39.20, 33.50,  5.70
  12706669,  7078, 3,22:43:06,22:45:02,   116, 46.70, 35.90, 10.80
         0,     0, 9,22:44:56,22:45:06,    10, 33.50, 41.00, -7.50
         0,     0, 3,22:45:09,22:45:17,     8, 35.90, 46.50,-10.60
  12706669,  7078, 4,22:45:40,22:46:37,    57, 43.50, 43.30,  0.20
  12448432,  6045, 2,22:49:53,22:52:51,   178, 43.90, 32.40, 11.50
         0,     0, 2,22:53:00,22:53:11,    11, 32.40, 43.80,-11.40
  12448477,  6090, 3,22:51:11,22:53:26,   135, 47.50, 30.80, 16.70
         0,     0, 3,22:53:34,22:53:47,    13, 30.80, 31.00, -0.20
  12448432,  6045, 2,22:53:21,22:53:56,    35, 43.90, 37.90,  6.00
         0,     0, 2,22:54:05,22:54:10,     5, 37.90, 43.80, -5.90
  12200042,  5096, 5,23:03:20,23:04:38,    78, 40.90, 32.40,  8.50
         0,     0, 5,23:04:46,23:04:54,     8, 32.40, 40.90, -8.50
  12200010,  5064, 1,23:06:10,23:07:21,    71, 41.20, 31.30,  9.90
         0,     0, 1,23:07:29,23:07:38,     9, 31.30, 41.20, -9.90
  21268825,  6068, 2,23:12:50,23:13:00,    10, 43.70, 43.80, -0.10
  21268825,  6068, 1,23:13:11,23:17:34,   263, 41.20, 21.40, 19.80
         0,     0, 1,23:17:42,23:18:01,    19, 21.40, 41.20,-19.80
  13008842,  8083, 1,23:26:12,23:26:57,    45, 41.20, 36.70,  4.50
         0,     0, 1,23:27:05,23:27:09,     4, 36.70, 41.20, -4.50
  12706651,  7060, 3,23:28:28,23:30:14,   106, 46.40, 37.70,  8.70
         0,     0, 3,23:30:22,23:30:29,     7, 37.70, 46.50, -8.80
  12706706,  7115, 1,23:29:57,23:30:37,    40, 41.20, 38.80,  2.40
         0,     0, 1,23:30:44,23:30:45,     1, 38.80, 41.30, -2.50
  13008842,  8083, 2,23:33:47,23:33:52,     5, 43.70, 43.70,  0.00
  13008833,     0, 9,23:30:09,23:34:07,   238, 41.00, 32.80,  8.20
         0,     0, 9,23:34:16,23:34:27,    11, 32.80, 41.10, -8.30
  21292347,  5120, 4,23:32:21,23:34:49,   148, 43.70, 32.50, 11.20
         0,     0, 4,23:34:57,23:35:07,    10, 32.50, 43.80,-11.30
  13008842,  8083, 1,23:33:57,23:35:16,    79, 41.30, 34.10,  7.20
         0,     0, 1,23:35:24,23:35:30,     6, 34.10, 41.30, -7.20
  12448432,  6045, 2,23:37:44,23:38:07,    23, 43.70, 43.00,  0.70
  12706655,  7064, 1,23:38:32,23:40:56,   144, 41.20, 24.20, 17.00
         0,     0, 1,23:41:04,23:41:20,    16, 24.20, 41.30,-17.10
  21268104,  6062, 4,23:42:09,23:43:15,    66, 44.20, 40.00,  4.20
  11954027,  4057, 1,23:41:50,23:43:18,    88, 41.30, 34.50,  6.80
  12706642,  7051, 7,22:20:37,23:43:21,  4964, 41.50, 40.00,  1.50
         0,     0, 4,23:43:23,23:43:25,     2, 40.00, 43.10, -3.10
         0,     0, 7,23:43:28,23:43:28,     0, 40.00, 40.40, -0.40
         0,     0, 1,23:43:25,23:43:31,     6, 34.50, 41.20, -6.70
         0,     0, 6,23:44:50,23:45:00,    10,  1.00,  1.00,  0.00
  12706609,  7018, 7,23:43:38,23:44:49,    71, 40.50, 37.40,  3.10
         0,     0, 1,23:45:03,23:45:13,    10, 41.20, 41.20,  0.00
         0,     0, 2,23:45:03,23:45:13,    10, 43.00, 43.00,  0.00
         0,     0, 3,23:45:03,23:45:13,    10, 46.50, 46.50,  0.00
         0,     0, 4,23:45:03,23:45:13,    10, 43.10, 43.10,  0.00
         0,     0, 5,23:45:03,23:45:13,    10, 40.80, 40.80,  0.00
         0,     0, 8,23:45:03,23:45:13,    10, 41.10, 41.10,  0.00
         0,     0, 9,23:45:03,23:45:13,    10, 41.10, 41.10,  0.00
         0,     0,10,23:45:03,23:45:13,    10, 40.40, 40.40,  0.00
         0,     0, 7,23:44:57,23:44:59,     2, 37.40, 41.60, -4.20
