         0,     0, 1, 0:03:13, 0:03:23,    10, 41.30, 41.30,  0.00
         0,     0, 2, 0:03:13, 0:03:23,    10, 44.00, 44.00,  0.00
         0,     0, 3, 0:03:13, 0:03:23,    10, 45.90, 45.90,  0.00
         0,     0, 4, 0:03:13, 0:03:23,    10, 42.80, 42.80,  0.00
         0,     0, 6, 0:03:13, 0:03:23,    10, 41.40, 41.40,  0.00
         0,     0, 5, 0:03:13, 0:03:23,    10, 40.90, 40.90,  0.00
         0,     0, 7, 0:03:13, 0:03:23,    10, 36.20, 36.20,  0.00
         0,     0, 8, 0:03:13, 0:03:23,    10, 41.20, 41.20,  0.00
         0,     0, 9, 0:03:13, 0:03:23,    10, 41.10, 41.10,  0.00
         0,     0,10, 0:03:13, 0:03:23,    10, 35.10, 35.10,  0.00
  12199981,  5035, 3, 0:03:13, 0:05:05,   112, 45.90, 34.30, 11.60
         0,     0, 3, 0:05:13, 0:05:23,    10, 34.30, 34.30,  0.00
  12448479,  6092, 2, 0:06:35, 0:10:27,   232, 43.90, 33.40, 10.50
         0,     0, 2, 0:10:35, 0:10:44,     9, 33.40, 33.40,  0.00
  13323425,     0, 9, 0:16:52, 0:17:18,    26, 40.90, 40.60,  0.30
  12706738,  7147, 2, 0:13:10, 0:17:20,   250, 44.00, 23.90, 20.10
         0,     0, 2, 0:17:28, 0:17:46,    18, 23.90, 44.00,-20.10
  13323425,     0, 9, 0:17:51, 0:17:53,     2, 40.10, 40.10,  0.00
  13008833,     0, 6, 0:08:10, 0:23:41,   931, 41.40, 41.40,  0.00
  12200083,     0, 9, 0:25:25, 0:25:26,     1, 36.10, 36.10,  0.00
         0,     0, 9, 0:25:35, 0:25:41,     6, 36.10, 41.10, -5.00
  12200046,  5100, 1, 0:29:11, 0:30:54,   103, 41.30, 26.40, 14.90
         0,     0, 1, 0:31:01, 0:31:15,    14, 26.40, 41.20,-14.80
  12448471,  6084, 1, 0:32:13, 0:32:19,     6, 41.20, 41.20,  0.00
  12448471,  6084, 2, 0:32:23, 0:34:45,   142, 44.00, 26.10, 17.90
         0,     0, 2, 0:34:54, 0:35:10,    16, 26.10, 43.90,-17.80
  12706701,  7110, 1, 0:37:31, 0:37:43,    12, 41.20, 41.20,  0.00
  12706701,  7110, 2, 0:37:49, 0:40:09,   140, 44.00, 38.70,  5.30
         0,     0, 2, 0:40:16, 0:40:20,     4, 38.70, 44.00, -5.30
  12200007,  5061, 2, 0:40:30, 0:40:58,    28, 44.00, 39.80,  4.20
         0,     0, 2, 0:41:07, 0:41:10,     3, 39.80, 43.90, -4.10
  13008837,     0, 8, 0:41:23, 0:41:27,     4, 41.10, 41.10,  0.00
  13008837,     0, 8, 0:41:38, 0:41:40,     2, 41.10, 41.10,  0.00
  12200007,  5061, 2, 0:41:20, 0:42:37,    77, 43.90, 34.00,  9.90
         0,     0, 2, 0:42:45, 0:42:53,     8, 34.00, 43.90, -9.90
  12706701,  7110, 1, 0:41:20, 0:43:24,   124, 41.20, 29.30, 11.90
         0,     0, 1, 0:43:31, 0:43:41,    10, 29.30, 41.30,-12.00
  12706701,  7110, 2, 0:44:01, 0:44:35,    34, 43.90, 39.40,  4.50
         0,     0, 2, 0:44:42, 0:44:45,     3, 39.40, 43.90, -4.50
  12448416,  6029, 3, 0:43:47, 0:46:17,   150, 45.90, 35.70, 10.20
         0,     0, 3, 0:46:25, 0:46:34,     9, 35.70, 35.90, -0.20
  12706700,  7109, 3, 0:46:58, 0:48:05,    67, 46.30, 34.40, 11.90
         0,     0, 3, 0:48:12, 0:48:22,    10, 34.40, 34.40,  0.00
         0,     0, 9, 0:52:04, 0:52:15,    11, 32.70, 41.20, -8.50
  12706655,  7064, 3, 0:50:43, 0:55:22,   279, 46.30, 37.10,  9.20
         0,     0, 3, 0:55:30, 0:55:38,     8, 37.10, 37.00,  0.10
  12448449,  6062, 5, 1:12:54, 1:14:24,    90, 40.90, 33.80,  7.10
         0,     0, 5, 1:14:31, 1:14:37,     6, 33.80, 40.90, -7.10
  12706669,  7078, 1, 1:17:44, 1:19:08,    84, 41.30, 35.00,  6.30
         0,     0, 1, 1:19:17, 1:19:22,     5, 35.00, 41.20, -6.20
  13008837,     0, 7, 0:41:50, 1:22:08,  2418, 36.20, 34.70,  1.50
         0,     0, 7, 1:22:16, 1:22:20,     4, 34.70, 41.60, -6.90
  12199969,     0, 9, 1:27:44, 1:30:08,   144, 36.70, 36.70,  0.00
         0,     0, 9, 1:30:17, 1:30:22,     5, 36.70, 41.10, -4.40
  12706616,  7025, 1, 1:30:30, 1:32:02,    92, 41.20, 25.20, 16.00
         0,     0, 1, 1:32:09, 1:32:24,    15, 25.20, 41.40,-16.20
  21268104,  6067, 2, 1:34:09, 1:36:44,   155, 43.90, 33.10, 10.80
         0,     0, 2, 1:36:51, 1:37:00,     9, 33.10, 43.90,-10.80
  13008833,     0, 6, 0:26:10, 1:39:09,  4379, 41.40, 41.40,  0.00
  13008802,     0, 9, 1:38:44, 1:39:27,    43, 41.10, 40.20,  0.90
  13008802,     0, 9, 1:39:48, 1:40:51,    63, 40.20, 33.10,  7.10
         0,     0, 9, 1:40:59, 1:41:09,    10, 33.10, 41.10, -8.00
  12448409,  6022, 3, 1:39:35, 1:42:57,   202, 45.10, 30.50, 14.60
         0,     0, 3, 1:43:05, 1:43:19,    14, 30.50, 30.40,  0.10
  12706727,  7136, 1, 1:46:01, 1:47:15,    74, 41.40, 28.50, 12.90
         0,     0, 1, 1:47:22, 1:47:33,    11, 28.50, 41.20,-12.70
  12448449,  6062, 5, 1:48:06, 1:49:35,    89, 40.90, 33.10,  7.80
         0,     0, 5, 1:49:43, 1:49:50,     7, 33.10, 40.90, -7.80
  12706726,  7135, 2, 1:53:31, 1:55:40,   129, 43.90, 31.20, 12.70
         0,     0, 2, 1:55:49, 1:56:00,    11, 31.20, 43.90,-12.70
  12448448,  6061, 4, 2:09:30, 2:09:45,    15, 42.80, 42.90, -0.10
  12448448,  6061, 4, 2:10:03, 2:14:51,   288, 42.90, 20.80, 22.10
         0,     0, 4, 2:15:00, 2:15:22,    22, 20.80, 43.40,-22.60
  12448428,  6041, 1, 2:26:38, 2:27:37,    59, 41.20, 26.50, 14.70
         0,     0, 1, 2:27:44, 2:27:57,    13, 26.50, 41.30,-14.80
  11724159,     0, 6, 1:40:25, 2:29:08,  2923, 41.40, 41.40,  0.00
  12448451,  6064, 4, 2:36:02, 2:37:30,    88, 44.30, 44.10,  0.20
  11724109,  6068, 1, 2:42:17, 2:46:27,   250, 41.20, 23.90, 17.30
  12448451,  6064, 2, 2:38:53, 2:46:28,   455, 43.60, 26.20, 17.40
         0,     0, 1, 2:46:36, 2:46:53,    17, 23.90, 41.30,-17.40
         0,     0, 2, 2:46:36, 2:46:53,    17, 26.20, 43.90,-17.70
  12706710,  7119, 2, 2:59:17, 3:00:30,    73, 43.90, 43.20,  0.70
  12706710,  7119, 2, 3:00:39, 3:01:51,    72, 43.20, 32.40, 10.80
         0,     0, 2, 3:02:00, 3:02:10,    10, 32.40, 43.90,-11.50
  12706710,  7119, 1, 3:03:15, 3:03:16,     1, 41.30, 41.30,  0.00
  12706601,     0, 9, 3:10:48, 3:12:05,    77, 41.10, 38.50,  2.60
         0,     0, 9, 3:12:13, 3:12:16,     3, 38.50, 41.10, -2.60
  13323451,     0, 9, 3:25:42, 3:27:36,   114, 40.70, 33.80,  6.90
         0,     0, 9, 3:27:43, 3:27:52,     9, 33.80, 41.10, -7.30
  12706636,  7045, 2, 3:28:53, 3:29:19,    26, 44.00, 41.20,  2.80
         0,     0, 2, 3:29:27, 3:29:28,     1, 41.20, 43.90, -2.70
  12706636,  7045, 1, 3:29:25, 3:29:37,    12, 41.30, 39.10,  2.20
         0,     0, 1, 3:29:45, 3:29:46,     1, 39.10, 41.30, -2.20
  12706650,  7059, 4, 3:28:03, 3:30:26,   143, 45.40, 32.40, 13.00
         0,     0, 4, 3:30:34, 3:30:44,    10, 32.40, 43.30,-10.90
  12706636,  7045, 1, 3:32:27, 3:33:14,    47, 41.30, 37.10,  4.20
         0,     0, 1, 3:33:22, 3:33:25,     3, 37.10, 41.30, -4.20
  13008735,  7156, 5, 3:46:43, 3:49:48,   185, 40.90, 29.90, 11.00
         0,     0, 5, 3:49:55, 3:50:05,    10, 29.90, 41.00,-11.10
  12706637,  7046, 4, 4:15:43, 4:19:03,   200, 43.40, 25.00, 18.40
         0,     0, 4, 4:19:10, 4:19:28,    18, 25.00, 43.30,-18.30
  13008735,  7156, 1, 4:28:15, 4:29:55,   100, 41.30, 36.50,  4.80
         0,     0, 1, 4:30:02, 4:30:06,     4, 36.50, 41.20, -4.70
  12706686,  7095, 1, 4:57:14, 4:57:41,    27, 41.20, 41.10,  0.10
  12706686,  7095, 1, 4:58:08, 5:00:59,   171, 41.10, 38.00,  3.10
         0,     0, 1, 5:01:07, 5:01:09,     2, 38.00, 41.30, -3.30
  12706686,  7095, 2, 5:01:04, 5:01:30,    26, 43.90, 36.50,  7.40
         0,     0, 2, 5:01:38, 5:01:44,     6, 36.50, 43.90, -7.40
  12706686,  7095, 1, 5:02:10, 5:03:06,    56, 41.30, 40.00,  1.30
         0,     0, 1, 5:03:13, 5:03:13,     0, 40.00, 40.60, -0.60
  12706686,  7095, 2, 5:03:10, 5:04:00,    50, 43.90, 42.90,  1.00
  12706669,  7078, 1, 5:11:11, 5:11:55,    44, 40.50, 31.40,  9.10
         0,     0, 1, 5:12:03, 5:12:12,     9, 31.40, 41.30, -9.90
  12706669,  7078, 1, 5:12:28, 5:12:56,    28, 41.30, 30.20, 11.10
         0,     0, 1, 5:13:04, 5:13:14,    10, 30.20, 41.30,-11.10
  12448449,  6062, 2, 5:58:10, 5:59:43,    93, 42.90, 40.70,  2.20
         0,     0, 2, 5:59:50, 5:59:52,     2, 40.70, 43.90, -3.20
  21268104,  6067, 2, 6:00:38, 6:00:52,    14, 43.90, 43.80,  0.10
  12200046,  5100, 1, 6:01:16, 6:02:19,    63, 41.30, 29.30, 12.00
         0,     0, 1, 6:02:26, 6:02:37,    11, 29.30, 41.30,-12.00
  21268104,  6067, 2, 6:01:02, 6:03:16,   134, 43.80, 31.80, 12.00
         0,     0, 2, 6:03:25, 6:03:36,    11, 31.80, 43.90,-12.10
  13008756,  7115, 1, 6:07:15, 6:07:31,    16, 41.30, 41.30,  0.00
  12448428,  6041, 4, 6:11:43, 6:12:33,    50, 44.00, 30.30, 13.70
         0,     0, 4, 6:12:41, 6:12:53,    12, 30.30, 43.30,-13.00
  12448449,  6062, 2, 6:13:33, 6:15:39,   126, 43.90, 26.50, 17.40
         0,     0, 2, 6:15:47, 6:16:03,    16, 26.50, 43.90,-17.40
  13008756,  7115, 1, 6:14:42, 6:17:28,   166, 41.30, 22.60, 18.70
         0,     0, 1, 6:17:37, 6:17:54,    17, 22.60, 41.40,-18.80
  12706738,  7147, 4, 6:15:53, 6:18:09,   136, 43.50, 31.50, 12.00
         0,     0, 4, 6:18:18, 6:18:29,    11, 31.50, 43.30,-11.80
  12706738,  7147, 3, 6:18:37, 6:18:57,    20, 46.10, 42.80,  3.30
         0,     0, 3, 6:19:05, 6:19:07,     2, 42.80, 46.40, -3.60
  12706669,  7078, 2, 6:21:01, 6:21:53,    52, 43.90, 42.30,  1.60
  12706639,  7048, 3, 6:22:34, 6:22:34,     0, 46.00, 46.60, -0.60
  12706636,  7045, 2, 6:22:04, 6:24:05,   121, 42.30, 28.90, 13.40
  12706727,  7136, 1, 6:23:06, 6:24:11,    65, 41.30, 40.40,  0.90
         0,     0, 2, 6:24:13, 6:24:26,    13, 28.90, 44.00,-15.10
  12706651,  7060, 5, 6:23:46, 6:25:18,    92, 40.90, 32.60,  8.30
         0,     0, 5, 6:25:25, 6:25:32,     7, 32.60, 32.60,  0.00
  12706726,  7135, 2, 6:25:58, 6:26:36,    38, 44.00, 40.80,  3.20
         0,     0, 2, 6:26:45, 6:26:47,     2, 40.80, 44.00, -3.20
  12706639,  7048, 3, 6:22:44, 6:27:03,   259, 46.70, 28.40, 18.30
         0,     0, 3, 6:27:11, 6:27:27,    16, 28.40, 28.40,  0.00
  12706651,  7060, 5, 6:26:22, 6:27:29,    67, 40.90, 34.30,  6.60
         0,     0, 5, 6:27:37, 6:27:43,     6, 34.30, 40.90, -6.60
  11954075,  4105, 1, 6:28:20, 6:29:16,    56, 40.50, 28.90, 11.60
  12706710,  7119, 2, 6:26:57, 6:29:18,   141, 44.10, 29.40, 14.70
  12448471,  6084, 3, 6:27:49, 6:29:25,    96, 46.50, 35.90, 10.60
         0,     0, 1, 6:29:24, 6:29:36,    12, 28.90, 41.20,-12.30
         0,     0, 2, 6:29:26, 6:29:40,    14, 29.40, 43.90,-14.50
         0,     0, 3, 6:29:34, 6:29:43,     9, 35.90, 35.80,  0.10
  11954075,  4105, 2, 6:29:51, 6:30:28,    37, 43.90, 35.70,  8.20
         0,     0, 2, 6:30:36, 6:30:43,     7, 35.70, 43.90, -8.20
  12706700,  7109, 3, 6:32:35, 6:33:05,    30, 46.20, 44.20,  2.00
  12706707,  7116, 5, 6:36:12, 6:37:03,    51, 40.90, 32.40,  8.50
         0,     0, 5, 6:37:10, 6:37:18,     8, 32.40, 40.90, -8.50
  21268104,  6067, 1, 6:38:54, 6:39:56,    62, 41.20, 36.20,  5.00
         0,     0, 1, 6:40:04, 6:40:08,     4, 36.20, 41.30, -5.10
  12706637,  7046, 4, 6:38:08, 6:40:59,   171, 43.30, 29.40, 13.90
  13008735,  7156, 3, 6:39:10, 6:41:11,   121, 42.90, 37.20,  5.70
         0,     0, 4, 6:41:07, 6:41:20,    13, 29.40, 43.20,-13.80
         0,     0, 3, 6:41:20, 6:41:28,     8, 37.20, 46.20, -9.00
  12706701,  7110, 4, 6:45:23, 6:45:36,    13, 43.70, 43.80, -0.10
  11499161,  2051, 1, 6:46:10, 6:46:32,    22, 41.20, 40.90,  0.30
  12448416,  6029, 1, 6:46:43, 6:49:32,   169, 40.90, 24.60, 16.30
  11499161,  2051, 2, 6:46:53, 6:49:37,   164, 43.90, 31.50, 12.40
         0,     0, 1, 6:49:40, 6:49:56,    16, 24.60, 41.20,-16.60
         0,     0, 2, 6:49:45, 6:49:57,    12, 31.50, 43.80,-12.30
  12706650,  7059, 4, 6:48:45, 6:50:32,   107, 44.10, 34.10, 10.00
         0,     0, 4, 6:50:39, 6:50:48,     9, 34.10, 43.40, -9.30
  11499161,  2051, 1, 6:50:06, 6:51:57,   111, 41.10, 31.70,  9.40
         0,     0, 1, 6:52:05, 6:52:13,     8, 31.70, 41.30, -9.60
  12200007,  5061, 1, 6:52:42, 6:53:38,    56, 41.30, 32.90,  8.40
         0,     0, 1, 6:53:46, 6:53:53,     7, 32.90, 41.30, -8.40
  12448479,  6092, 5, 6:52:02, 6:54:21,   139, 40.90, 32.50,  8.40
         0,     0, 5, 6:54:28, 6:54:36,     8, 32.50, 40.80, -8.30
  11954014,  4044, 3, 6:54:17, 6:54:41,    24, 46.00, 46.40, -0.40
  12448473,  6086, 1, 6:54:04, 6:55:49,   105, 41.20, 23.60, 17.60
         0,     0, 1, 6:55:57, 6:56:14,    17, 23.60, 41.30,-17.70
  12448483,  6096, 5, 6:55:05, 6:59:25,   260, 40.80, 17.00, 23.80
  11724239,  3139, 3, 6:55:41, 6:59:48,   247, 46.30, 32.50, 13.80
         0,     0, 5, 6:59:33, 6:59:55,    22, 17.00, 40.70,-23.70
         0,     0, 3, 6:59:55, 7:00:07,    12, 32.50, 32.50,  0.00
  11954014,  4044, 1, 7:00:46, 7:02:09,    83, 41.30, 23.50, 17.80
  12706707,  7116, 4, 7:01:42, 7:02:28,    46, 43.60, 35.90,  7.70
         0,     0, 1, 7:02:17, 7:02:34,    17, 23.50, 41.30,-17.80
         0,     0, 4, 7:02:36, 7:02:43,     7, 35.90, 43.30, -7.40
  13008756,  7115, 5, 7:05:46, 7:06:02,    16, 40.70, 40.70,  0.00
  21268104,  6067, 2, 7:06:25, 7:07:26,    61, 43.90, 41.30,  2.60
         0,     0, 2, 7:07:33, 7:07:34,     1, 41.30, 43.80, -2.50
  21268825,  6087, 4, 7:07:32, 7:08:01,    29, 43.70, 43.60,  0.10
  21268104,  6067, 2, 7:07:51, 7:08:34,    43, 43.80, 38.60,  5.20
         0,     0, 2, 7:08:42, 7:08:46,     4, 38.60, 43.90, -5.30
  21268825,  6087, 3, 7:08:16, 7:10:34,   138, 45.70, 27.00, 18.70
         0,     0, 3, 7:10:42, 7:10:59,    17, 27.00, 27.00,  0.00
  12706651,  7060, 5, 7:13:50, 7:14:04,    14, 40.70, 40.70,  0.00
  13008756,  7115, 5, 7:14:30, 7:15:32,    62, 40.70, 28.50, 12.20
         0,     0, 5, 7:15:40, 7:15:51,    11, 28.50, 41.00,-12.50
  12706651,  7060, 5, 7:16:49, 7:18:41,   112, 40.90, 31.80,  9.10
         0,     0, 5, 7:18:50, 7:18:58,     8, 31.80, 31.90, -0.10
  12200007,  5061, 2, 7:17:17, 7:18:56,    99, 44.00, 32.30, 11.70
         0,     0, 2, 7:19:05, 7:19:15,    10, 32.30, 43.80,-11.50
  12706707,  7116, 2, 7:19:45, 7:20:02,    17, 43.90, 42.80,  1.10
  11954050,  4080, 2, 7:20:45, 7:21:24,    39, 42.80, 41.10,  1.70
         0,     0, 2, 7:21:33, 7:21:34,     1, 41.10, 44.00, -2.90
  11954050,  4080, 2, 7:21:50, 7:23:21,    91, 43.90, 25.90, 18.00
         0,     0, 2, 7:23:28, 7:23:45,    17, 25.90, 44.00,-18.10
  13008789,     0, 7, 1:22:30, 7:23:55, 21685, 41.70, 41.40,  0.30
  12706710,  7119, 1, 7:24:41, 7:26:51,   130, 41.30, 30.60, 10.70
         0,     0, 1, 7:26:58, 7:27:08,    10, 30.60, 41.30,-10.70
  12448479,  6092, 2, 7:25:49, 7:27:19,    90, 44.00, 36.50,  7.50
         0,     0, 2, 7:27:27, 7:27:33,     6, 36.50, 43.90, -7.40
  12448479,  6092, 1, 7:27:46, 7:28:10,    24, 41.30, 37.80,  3.50
         0,     0, 1, 7:28:17, 7:28:19,     2, 37.80, 41.30, -3.50
  12448442,  6055, 6, 2:42:28, 7:34:41, 17533, 41.40, 41.40,  0.00
  12706707,  7116, 1, 7:41:29, 7:42:03,    34, 41.30, 39.00,  2.30
         0,     0, 1, 7:42:12, 7:42:13,     1, 39.00, 41.30, -2.30
  12200042,  5096, 1, 7:42:27, 7:44:57,   150, 41.30, 18.00, 23.30
         0,     0, 1, 7:45:05, 7:45:26,    21, 18.00, 41.30,-23.30
  12706669,  7078, 2, 7:44:55, 7:45:47,    52, 44.00, 39.10,  4.90
         0,     0, 2, 7:45:55, 7:45:58,     3, 39.10, 44.00, -4.90
  11954014,  4044, 3, 7:46:32, 7:47:18,    46, 46.10, 34.20, 11.90
         0,     0, 3, 7:47:26, 7:47:37,    11, 34.20, 34.00,  0.20
  12706707,  7116, 2, 7:47:23, 7:48:27,    64, 44.10, 36.30,  7.80
         0,     0, 2, 7:48:34, 7:48:40,     6, 36.30, 44.00, -7.70
  12448473,  6086, 2, 7:51:33, 7:52:57,    84, 44.00, 31.20, 12.80
         0,     0, 2, 7:53:04, 7:53:15,    11, 31.20, 43.90,-12.70
  12706655,  7064, 5, 7:53:11, 7:55:19,   128, 40.90, 21.00, 19.90
         0,     0, 5, 7:55:26, 7:55:45,    19, 21.00, 40.90,-19.90
  12448483,  6096, 4, 7:53:42, 7:57:14,   212, 44.30, 25.40, 18.90
         0,     0, 4, 7:57:22, 7:57:39,    17, 25.40, 43.40,-18.00
  12448409,  6022, 2, 8:08:32, 8:11:13,   161, 44.00, 25.60, 18.40
         0,     0, 2, 8:11:20, 8:11:37,    17, 25.60, 43.80,-18.20
  11724109,  6068, 3, 8:08:47, 8:11:34,   167, 48.00, 33.70, 14.30
         0,     0, 3, 8:11:42, 8:11:53,    11, 33.70, 33.60,  0.10
  12448409,  6022, 2, 8:11:47, 8:12:43,    56, 43.80, 32.30, 11.50
         0,     0, 2, 8:12:52, 8:13:02,    10, 32.30, 44.00,-11.70
  12706686,  7095, 1, 8:12:20, 8:14:57,   157, 41.30, 27.70, 13.60
         0,     0, 1, 8:15:05, 8:15:17,    12, 27.70, 41.20,-13.50
  12706616,  7025, 1, 8:15:28, 8:17:51,   143, 41.20, 18.90, 22.30
  13008737,     0, 8, 8:17:44, 8:18:03,    19, 30.80, 30.70,  0.10
  11954056,     0, 7, 7:24:09, 8:18:15,  3246, 41.40, 40.80,  0.60
         0,     0, 1, 8:17:58, 8:18:19,    21, 18.90, 41.30,-22.40
         0,     0, 8, 8:18:12, 8:18:23,    11, 30.70, 41.00,-10.30
  13008732,  7153, 4, 8:22:37, 8:25:55,   198, 43.80, 21.00, 22.80
         0,     0, 4, 8:26:02, 8:26:23,    21, 21.00, 43.60,-22.60
  12199981,  5035, 1, 8:26:41, 8:28:57,   136, 41.20, 19.60, 21.60
         0,     0, 1, 8:29:04, 8:29:24,    20, 19.60, 41.30,-21.70
  13323451,     0,10, 8:32:34, 8:32:35,     1, 31.20, 31.20,  0.00
         0,     0,10, 8:32:43, 8:32:53,    10, 31.20, 41.30,-10.10
  13008765,     0, 9, 8:33:01, 8:34:16,    75, 41.00, 35.60,  5.40
         0,     0, 9, 8:34:25, 8:34:32,     7, 35.60, 41.10, -5.50
  11499202,     0, 6, 8:22:29, 8:34:46,   737, 41.30, 41.30,  0.00
  12706700,  7109, 2, 8:34:13, 8:35:10,    57, 44.00, 31.50, 12.50
         0,     0, 2, 8:35:19, 8:35:30,    11, 31.50, 44.00,-12.50
  12706686,  7095, 1, 8:40:51, 8:41:14,    23, 41.30, 41.20,  0.10
  12706705,  7114, 1, 8:41:24, 8:42:25,    61, 41.20, 40.50,  0.70
  12706686,  7095, 2, 8:41:23, 8:42:33,    70, 44.10, 42.50,  1.60
  13008737,     0, 7, 8:18:28, 8:42:50,  1462, 40.80, 28.40, 12.40
         0,     0, 7, 8:42:58, 8:43:06,     8, 28.40, 41.50,-13.10
  12706726,  7135, 1, 8:42:43, 8:44:04,    81, 40.50, 40.50,  0.00
  12706705,  7114, 2, 8:42:42, 8:45:58,   196, 42.50, 18.80, 23.70
         0,     0, 2, 8:46:06, 8:46:29,    23, 18.80, 44.00,-25.20
  12706727,  7136, 1, 8:44:17, 8:46:28,   131, 40.50, 23.00, 17.50
         0,     0, 1, 8:46:35, 8:46:52,    17, 23.00, 41.40,-18.40
  12706655,  7064, 3, 8:41:39, 8:48:41,   422, 46.20, 47.10, -0.90
  12448449,  6062, 2, 8:48:49, 8:48:56,     7, 44.10, 44.00,  0.10
  12706618,     0, 9, 8:48:58, 8:50:13,    75, 40.50, 32.30,  8.20
         0,     0, 9, 8:50:22, 8:50:33,    11, 32.30, 41.10, -8.80
  12706609,  7018, 8, 8:51:55, 8:51:58,     3, 41.10, 41.10,  0.00
  12706655,  7064, 4, 8:48:52, 8:51:59,   187, 43.90, 35.90,  8.00
  12706726,  7135, 2, 8:49:12, 8:52:04,   172, 44.00, 26.00, 18.00
         0,     0, 4, 8:52:07, 8:52:14,     7, 35.90, 43.40, -7.50
         0,     0, 2, 8:52:12, 8:52:28,    16, 26.00, 44.00,-18.00
  12706609,  7018, 8, 8:52:14, 8:53:36,    82, 41.10, 30.80, 10.30
         0,     0, 8, 8:53:45, 8:53:55,    10, 30.80, 41.00,-10.20
  12448449,  6062, 1, 8:54:48, 8:56:39,   111, 41.30, 29.70, 11.60
         0,     0, 1, 8:56:47, 8:56:57,    10, 29.70, 41.20,-11.50
  12706686,  7095, 3, 8:55:43, 8:59:04,   201, 45.50, 35.10, 10.40
         0,     0, 3, 8:59:12, 8:59:23,    11, 35.10, 45.90,-10.80
  12199969,     0, 9, 9:07:11, 9:07:56,    45, 41.10, 40.90,  0.20
  12199969,     0, 9, 9:08:11, 9:09:17,    66, 41.00, 34.00,  7.00
         0,     0, 9, 9:09:25, 9:09:34,     9, 34.00, 41.10, -7.10
  12706659,  7068, 2, 9:08:36, 9:13:24,   288, 44.00, 18.60, 25.40
         0,     0, 2, 9:13:32, 9:13:56,    24, 18.60, 43.90,-25.30
  13323450,     0,10, 9:15:25, 9:17:55,   150, 41.10, 31.50,  9.60
         0,     0,10, 9:18:03, 9:18:13,    10, 31.50, 41.20, -9.70
  13323358,     0,10, 9:19:52, 9:20:41,    49, 41.10, 33.80,  7.30
  11954056,     0, 8, 9:20:24, 9:20:43,    19, 41.20, 41.00,  0.20
  12448415,     0, 7, 8:43:23, 9:20:48,  2245, 41.40, 29.60, 11.80
         0,     0,10, 9:20:50, 9:20:57,     7, 33.80, 41.10, -7.30
         0,     0, 7, 9:20:56, 9:21:03,     7, 29.60, 41.60,-12.00
  11954056,     0, 8, 9:22:07, 9:22:31,    24, 41.10, 40.10,  1.00
  13008768,     0, 6, 9:04:01, 9:23:29,  1168, 41.30, 41.30,  0.00
  12706615,     0,10, 9:22:55, 9:23:36,    41, 41.20, 40.80,  0.40
  12706615,     0, 9, 9:23:54, 9:24:02,     8, 41.10, 40.40,  0.70
  11954056,     0, 8, 9:24:07, 9:24:08,     1, 25.10, 25.10,  0.00
         0,     0, 8, 9:24:16, 9:24:32,    16, 25.10, 25.20, -0.10
  11954056,     0, 7, 9:21:13, 9:25:21,   248, 41.50, 40.90,  0.60
  12706639,  7048, 2, 9:27:02, 9:29:25,   143, 44.00, 27.50, 16.50
         0,     0, 2, 9:29:32, 9:29:47,    15, 27.50, 43.90,-16.40
  11954050,  4080, 1, 9:27:41, 9:29:58,   137, 41.20, 24.80, 16.40
         0,     0, 1, 9:30:05, 9:30:20,    15, 24.80, 41.20,-16.40
  12448437,  6050, 8, 9:28:04, 9:30:56,   172, 41.00, 40.20,  0.80
  13008779,     0, 7, 9:26:24, 9:30:59,   275, 33.60, 23.20, 10.40
  13008837,     0, 8, 9:31:05, 9:31:08,     3, 40.20, 40.20,  0.00
         0,     0, 7, 9:31:07, 9:31:18,    11, 23.20, 23.30, -0.10
  12448437,  6050, 8, 9:31:55, 9:33:33,    98, 39.60, 31.90,  7.70
         0,     0, 8, 9:33:41, 9:33:51,    10, 31.90, 41.20, -9.30
  13008742,  7163, 2, 9:35:30, 9:35:36,     6, 44.00, 43.90,  0.10
  13323358,     0,10, 9:35:13, 9:35:39,    26, 40.70, 40.30,  0.40
  13008742,  7163, 1, 9:35:52, 9:36:49,    57, 41.20, 41.00,  0.20
  13008742,  7163, 2, 9:36:54, 9:37:48,    54, 43.90, 43.50,  0.40
  13008742,  7163, 2, 9:37:58, 9:41:07,   189, 43.50, 18.10, 25.40
         0,     0, 2, 9:41:14, 9:41:39,    25, 18.10, 43.90,-25.80
  13008732,  7153, 2, 9:42:57, 9:43:03,     6, 43.90, 44.00, -0.10
  13008732,  7153, 2, 9:47:21, 9:47:30,     9, 43.90, 44.00, -0.10
  12200083,     0, 9, 9:49:15, 9:50:02,    47, 40.40, 40.40,  0.00
  12200083,     0, 9, 9:51:01, 9:51:04,     3, 39.20, 39.20,  0.00
         0,     0, 9, 9:51:11, 9:51:13,     2, 39.20, 41.20, -2.00
  12200083,     0, 9, 9:51:26, 9:52:17,    51, 41.10, 39.70,  1.40
         0,     0, 9, 9:52:25, 9:52:26,     1, 39.70, 41.10, -1.40
  12200083,     0, 9, 9:52:53, 9:53:25,    32, 41.10, 39.40,  1.70
         0,     0, 9, 9:53:32, 9:53:33,     1, 39.40, 41.10, -1.70
  11954075,  4105, 1, 9:52:31, 9:53:32,    61, 41.00, 29.80, 11.20
         0,     0, 1, 9:53:39, 9:53:49,    10, 29.80, 41.30,-11.50
  12448477,  6090, 4, 9:53:51, 9:55:09,    78, 43.50, 37.50,  6.00
         0,     0, 4, 9:55:17, 9:55:22,     5, 37.50, 43.40, -5.90
  12706651,  7060, 1, 9:54:50, 9:56:48,   118, 41.30, 33.30,  8.00
  13008815,     0, 8, 9:55:27, 9:56:52,    85, 41.20, 37.00,  4.20
  12448477,  6090, 4, 9:56:13, 9:56:58,    45, 43.50, 37.90,  5.60
         0,     0, 1, 9:56:57, 9:57:04,     7, 33.30, 41.20, -7.90
         0,     0, 8, 9:57:01, 9:57:05,     4, 37.00, 41.00, -4.00
         0,     0, 4, 9:57:06, 9:57:11,     5, 37.90, 43.30, -5.40
  12706650,  7059, 2, 9:53:41, 9:57:23,   222, 43.90, 28.00, 15.90
         0,     0, 2, 9:57:30, 9:57:44,    14, 28.00, 44.00,-16.00
  12706701,  7110, 1, 9:57:18, 9:57:46,    28, 41.20, 41.20,  0.00
  13008762,     0, 6, 9:24:11, 9:59:17,  2106, 41.30, 41.30,  0.00
  12706701,  7110, 2, 9:58:08,10:00:52,   164, 43.90, 31.70, 12.20
         0,     0, 2,10:01:00,10:01:11,    11, 31.70, 44.00,-12.30
  12706701,  7110, 1,10:01:15,10:02:05,    50, 41.20, 33.50,  7.70
         0,     0, 1,10:02:13,10:02:20,     7, 33.50, 41.30, -7.80
  13008762,     0, 6,10:03:42,10:04:26,    44, 41.30, 41.30,  0.00
  12706738,  7147, 4,10:02:37,10:05:31,   174, 43.10, 27.30, 15.80
         0,     0, 4,10:05:39,10:05:54,    15, 27.30, 43.30,-16.00
  12448451,  6064, 2,10:08:30,10:08:42,    12, 44.00, 43.90,  0.10
  12448451,  6064, 1,10:08:46,10:09:40,    54, 41.20, 41.10,  0.10
  12706705,  7114, 4,10:08:47,10:10:55,   128, 43.50, 33.10, 10.40
         0,     0, 4,10:11:03,10:11:13,    10, 33.10, 43.40,-10.30
  12448451,  6064, 1,10:11:46,10:13:06,    80, 41.10, 41.00,  0.10
  13008815,     0, 8,10:13:16,10:17:09,   233, 33.20, 19.80, 13.40
         0,     0, 8,10:17:16,10:17:38,    22, 19.80, 41.10,-21.30
  12448451,  6064, 2,10:13:26,10:19:11,   345, 44.00, 17.20, 26.80
  11954075,  4105, 1,10:18:38,10:19:32,    54, 40.90, 33.30,  7.60
         0,     0, 2,10:19:19,10:19:44,    25, 17.20, 43.90,-26.70
         0,     0, 1,10:19:41,10:19:48,     7, 33.30, 41.10, -7.80
  21292347,  5120, 4,10:19:39,10:19:56,    17, 43.30, 43.50, -0.20
  13008765,     0, 9,10:21:21,10:22:24,    63, 33.30, 28.00,  5.30
         0,     0, 9,10:22:32,10:22:49,    17, 28.00, 41.10,-13.10
  11499161,  2051, 1,10:22:22,10:23:12,    50, 41.10, 40.80,  0.30
  11499161,  2051, 2,10:23:20,10:24:23,    63, 44.00, 43.10,  0.90
  21292347,  5120, 4,10:22:57,10:25:15,   138, 43.60, 28.00, 15.60
  13008768,     0, 6,10:22:15,10:25:29,   194, 41.30, 41.30,  0.00
         0,     0, 4,10:25:23,10:25:37,    14, 28.00, 43.40,-15.40
  13008837,     0, 8,10:26:37,10:27:02,    25, 41.10, 41.10,  0.00
  13323427,     0, 7, 9:52:47,10:27:06,  2059, 41.40, 33.90,  7.50
         0,     0, 7,10:27:14,10:27:18,     4, 33.90, 41.50, -7.60
  11499161,  2051, 1,10:24:31,10:28:12,   221, 40.70, 18.00, 22.70
         0,     0, 1,10:28:20,10:28:41,    21, 18.00, 41.20,-23.20
  12706636,  7045, 2,10:26:55,10:29:28,   153, 43.10, 25.90, 17.20
         0,     0, 2,10:29:36,10:29:52,    16, 25.90, 44.00,-18.10
  12448477,  6090, 4,10:29:57,10:30:51,    54, 43.80, 37.60,  6.20
         0,     0, 4,10:31:00,10:31:05,     5, 37.60, 43.30, -5.70
  13008820,     0, 9,10:31:11,10:31:12,     1, 40.80, 40.70,  0.10
  12448477,  6090, 4,10:31:51,10:32:09,    18, 43.30, 40.10,  3.20
  12706634,     0, 8,10:30:02,10:32:12,   130, 41.20, 25.30, 15.90
         0,     0, 4,10:32:17,10:32:20,     3, 40.10, 43.40, -3.30
  13008820,     0, 9,10:31:34,10:32:23,    49, 40.60, 40.00,  0.60
         0,     0, 9,10:32:30,10:32:30,     0, 40.00, 39.90,  0.10
         0,     0, 8,10:32:21,10:32:37,    16, 25.30, 41.10,-15.80
  12448448,  6061, 1,10:33:31,10:33:39,     8, 41.20, 41.20,  0.00
  13008820,     0, 9,10:33:00,10:34:49,   109, 39.60, 32.50,  7.10
         0,     0, 9,10:34:57,10:35:08,    11, 32.50, 41.10, -8.60
  12199988,  5042, 5,10:34:51,10:35:15,    24, 40.90, 40.20,  0.70
  12199988,  5042, 5,10:35:24,10:35:47,    23, 40.20, 39.40,  0.80
         0,     0, 5,10:35:55,10:35:56,     1, 39.40, 41.00, -1.60
  13008762,     0, 6,10:25:43,10:36:40,   657, 41.30, 41.30,  0.00
  13008802,     0, 9,10:35:51,10:36:51,    60, 41.10, 40.20,  0.90
  13008802,     0, 9,10:37:30,10:38:14,    44, 40.20, 34.30,  5.90
         0,     0, 9,10:38:21,10:38:30,     9, 34.30, 41.20, -6.90
  21268104,  6067, 5,10:36:20,10:39:19,   179, 40.90, 29.00, 11.90
         0,     0, 5,10:39:28,10:39:39,    11, 29.00, 40.90,-11.90
  11953978,  4008, 1,10:42:32,10:43:25,    53, 41.20, 41.20,  0.00
  11953978,  4008, 1,10:43:39,10:46:14,   155, 41.20, 26.90, 14.30
         0,     0, 1,10:46:22,10:46:35,    13, 26.90, 41.20,-14.30
  13008762,     0, 6,10:43:43,10:46:56,   193, 41.30, 41.40, -0.10
  21292347,  5120, 1,10:47:21,10:47:39,    18, 41.20, 41.20,  0.00
  11954075,  4105, 2,10:46:41,10:48:24,   103, 44.10, 32.20, 11.90
         0,     0, 2,10:48:33,10:48:43,    10, 32.20, 44.00,-11.80
  12199986,     0, 8,10:49:20,10:49:22,     2, 40.50, 40.50,  0.00
  12706701,  7110, 3,10:44:58,10:49:56,   298, 45.70, 42.00,  3.70
  12199986,     0, 8,10:49:36,10:50:02,    26, 39.30, 36.40,  2.90
         0,     0, 3,10:50:04,10:50:07,     3, 42.00, 46.30, -4.30
         0,     0, 8,10:50:11,10:50:15,     4, 36.40, 41.20, -4.80
  12706701,  7110, 3,10:50:18,10:50:37,    19, 45.50, 43.50,  2.00
         0,     0, 3,10:50:46,10:50:48,     2, 43.50, 46.20, -2.70
  12199977,     0, 9,10:50:53,10:50:57,     4, 41.20, 41.00,  0.20
  21292347,  5120, 2,10:51:31,10:51:49,    18, 44.10, 44.10,  0.00
  12199977,     0, 9,10:51:20,10:52:34,    74, 41.10, 29.90, 11.20
         0,     0, 9,10:52:41,10:52:55,    14, 29.90, 41.10,-11.20
  21292347,  5120, 2,10:54:29,10:54:33,     4, 44.10, 44.10,  0.00
  13008756,  7115, 2,10:56:35,10:57:58,    83, 44.10, 32.40, 11.70
  21292347,  5120, 1,10:55:47,10:58:03,   136, 41.20, 30.40, 10.80
         0,     0, 2,10:58:06,10:58:16,    10, 32.40, 43.90,-11.50
         0,     0, 1,10:58:12,10:58:22,    10, 30.40, 41.30,-10.90
  11954042,     0, 9,10:54:56,10:59:38,   282, 41.10, 28.90, 12.20
         0,     0, 9,10:59:46,11:00:02,    16, 28.90, 41.10,-12.20
  12706700,  7109, 1,10:59:46,11:00:51,    65, 41.30, 26.90, 14.40
         0,     0, 1,11:00:59,11:01:12,    13, 26.90, 41.40,-14.50
  12448428,  6041, 3,11:00:22,11:01:34,    72, 45.80, 27.70, 18.10
         0,     0, 3,11:01:42,11:01:59,    17, 27.70, 27.60,  0.10
  12706637,  7046, 5,11:04:48,11:05:08,    20, 40.90, 40.80,  0.10
  12706637,  7046, 5,11:05:19,11:05:43,    24, 40.80, 40.70,  0.10
  13323358,     0, 9,11:07:03,11:07:19,    16, 41.10, 40.20,  0.90
  12199981,  5035, 3,11:07:09,11:07:36,    27, 46.00, 43.30,  2.70
         0,     0, 3,11:07:43,11:07:45,     2, 43.30, 46.20, -2.90
  12706637,  7046, 5,11:05:53,11:07:47,   114, 40.70, 25.60, 15.10
         0,     0, 5,11:07:55,11:08:09,    14, 25.60, 41.00,-15.40
  12199981,  5035, 2,11:08:14,11:08:50,    36, 43.90, 32.20, 11.70
         0,     0, 2,11:08:58,11:09:08,    10, 32.20, 43.90,-11.70
  13008762,     0, 6,10:58:31,11:09:24,   653, 40.40, 20.70, 19.70
         0,     0, 6,11:09:32,11:09:51,    19, 20.70, 20.80, -0.10
  12199988,  5042, 3,11:08:02,11:10:10,   128, 46.60, 25.10, 21.50
         0,     0, 3,11:10:18,11:10:37,    19, 25.10, 25.10,  0.00
  12706738,  7147, 5,11:08:39,11:11:02,   143, 40.90, 35.60,  5.30
         0,     0, 5,11:11:10,11:11:15,     5, 35.60, 40.70, -5.10
  13008792,     0, 9,11:08:59,11:11:47,   168, 36.60, 22.20, 14.40
  13008837,     0, 7,10:27:28,11:12:00,  2672, 41.50, 21.80, 19.70
         0,     0, 7,11:12:08,11:12:22,    14, 21.80, 41.60,-19.80
         0,     0, 9,11:11:54,11:12:22,    28, 22.20, 41.10,-18.90
  13008792,     0, 9,11:12:35,11:12:48,    13, 39.20, 39.20,  0.00
  12706601,     0,10,11:10:57,11:12:49,   112, 39.90, 28.00, 11.90
         0,     0, 9,11:12:57,11:12:59,     2, 39.20, 41.00, -1.80
         0,     0,10,11:12:57,11:13:11,    14, 28.00, 41.20,-13.20
  13008800,     0,10,11:16:04,11:16:08,     4, 34.20, 34.30, -0.10
         0,     0,10,11:16:15,11:16:22,     7, 34.30, 41.30, -7.00
  11954050,  4080, 2,11:16:46,11:16:57,    11, 43.90, 43.80,  0.10
  13323434,     0, 9,11:15:00,11:17:14,   134, 41.00, 34.40,  6.60
         0,     0, 9,11:17:23,11:17:31,     8, 34.40, 41.10, -6.70
  11499161,  2051, 4,11:17:20,11:19:55,   155, 43.60, 39.00,  4.60
         0,     0, 4,11:20:04,11:20:08,     4, 39.00, 43.40, -4.40
  12448437,  6050, 7,11:12:33,11:20:14,   461, 41.60, 32.60,  9.00
         0,     0, 7,11:20:21,11:20:26,     5, 32.60, 41.40, -8.80
  13008735,  7156, 2,11:21:37,11:22:26,    49, 43.80, 42.00,  1.80
  12448416,  6029, 4,11:21:53,11:23:39,   106, 43.50, 29.60, 13.90
         0,     0, 4,11:23:47,11:24:00,    13, 29.60, 43.40,-13.80
  12448471,  6084, 2,11:22:36,11:24:16,   100, 42.00, 21.80, 20.20
         0,     0, 2,11:24:24,11:24:45,    21, 21.80, 43.90,-22.10
  13008735,  7156, 2,11:25:07,11:26:33,    86, 43.90, 35.50,  8.40
         0,     0, 2,11:26:42,11:26:49,     7, 35.50, 43.90, -8.40
  12448449,  6062, 1,11:24:35,11:27:21,   166, 41.40, 26.10, 15.30
         0,     0, 1,11:27:30,11:27:44,    14, 26.10, 41.30,-15.20
  11953978,  4008, 3,11:27:06,11:27:52,    46, 45.90, 36.30,  9.60
         0,     0, 3,11:28:00,11:28:09,     9, 36.30, 36.20,  0.10
  11954050,  4080, 1,11:27:55,11:28:40,    45, 41.30, 38.90,  2.40
         0,     0, 1,11:28:48,11:28:49,     1, 38.90, 41.30, -2.40
  12200048,     0, 8,11:28:42,11:31:11,   149, 41.10, 30.30, 10.80
         0,     0, 8,11:31:19,11:31:30,    11, 30.30, 41.20,-10.90
  13323450,     0, 9,11:31:41,11:31:52,    11, 41.10, 41.00,  0.10
  13323427,     0, 8,11:31:46,11:32:00,    14, 41.20, 41.20,  0.00
  13008815,     0, 7,11:20:41,11:32:05,   684, 41.30, 28.30, 13.00
         0,     0, 7,11:32:12,11:32:19,     7, 28.30, 28.30,  0.00
  13323450,     0,10,11:32:00,11:33:09,    69, 41.10, 39.00,  2.10
         0,     0,10,11:33:17,11:33:18,     1, 39.00, 41.20, -2.20
  12706686,  7095, 3,11:35:37,11:36:16,    39, 46.30, 46.20,  0.10
  11724239,  3139, 1,11:30:41,11:36:18,   337, 41.30, 23.90, 17.40
         0,     0, 1,11:36:26,11:36:42,    16, 23.90, 41.20,-17.30
  21268104,  6067, 4,11:36:56,11:38:37,   101, 43.80, 36.10,  7.70
  11724109,  6068, 2,11:34:57,11:38:41,   224, 44.00, 23.50, 20.50
         0,     0, 4,11:38:45,11:38:52,     7, 36.10, 36.10,  0.00
         0,     0, 2,11:38:49,11:39:08,    19, 23.50, 44.00,-20.50
  12448442,  6055, 6,11:36:06,11:41:30,   324, 41.50, 41.50,  0.00
  13008800,     0,10,11:41:45,11:42:19,    34, 41.20, 34.90,  6.30
         0,     0,10,11:42:28,11:42:34,     6, 34.90, 41.10, -6.20
  12200007,  5061, 2,11:40:45,11:42:51,   126, 44.00, 20.60, 23.40
         0,     0, 2,11:42:59,11:43:21,    22, 20.60, 44.00,-23.40
  12706686,  7095, 5,11:42:14,11:44:16,   122, 40.90, 37.70,  3.20
         0,     0, 5,11:44:23,11:44:26,     3, 37.70, 41.00, -3.30
  13008768,     0, 6,11:41:42,11:44:36,   174, 41.50, 41.50,  0.00
  12706655,  7064, 1,11:44:15,11:45:15,    60, 41.20, 41.10,  0.10
  12706686,  7095, 5,11:44:36,11:46:03,    87, 40.90, 34.50,  6.40
         0,     0, 5,11:46:11,11:46:17,     6, 34.50, 40.90, -6.40
  12706707,  7116, 2,11:45:40,11:47:08,    88, 44.00, 33.80, 10.20
         0,     0, 2,11:47:15,11:47:24,     9, 33.80, 44.00,-10.20
  12706686,  7095, 5,11:46:33,11:47:49,    76, 40.90, 39.30,  1.60
         0,     0, 5,11:47:56,11:47:57,     1, 39.30, 40.90, -1.60
  13008762,     0, 6,11:45:32,11:48:41,   189, 41.50, 41.40,  0.10
  13008762,     0, 6,11:49:03,11:49:42,    39, 41.40, 41.40,  0.00
  13008833,     0, 6,11:49:54,11:51:36,   102, 41.40, 41.40,  0.00
  13008735,  7156, 2,11:50:23,11:53:10,   167, 44.00, 34.80,  9.20
         0,     0, 2,11:53:17,11:53:25,     8, 34.80, 43.90, -9.10
  12706655,  7064, 1,11:45:41,11:54:06,   505, 41.10, 33.70,  7.40
         0,     0, 1,11:54:15,11:54:21,     6, 33.70, 41.20, -7.50
  13008768,     0, 6,11:53:23,11:55:36,   133, 41.40, 41.40,  0.00
  12706727,  7136, 1,11:59:56,12:01:22,    86, 41.20, 33.00,  8.20
         0,     0, 1,12:01:31,12:01:38,     7, 33.00, 41.30, -8.30
  12448471,  6084, 1,12:04:34,12:05:37,    63, 41.20, 30.70, 10.50
  11954014,  4044, 2,12:05:28,12:05:41,    13, 44.00, 42.50,  1.50
         0,     0, 1,12:05:46,12:05:55,     9, 30.70, 41.40,-10.70
  11954014,  4044, 2,12:06:10,12:06:43,    33, 42.50, 33.30,  9.20
         0,     0, 2,12:06:50,12:06:59,     9, 33.30, 43.90,-10.60
  12448416,  6029, 5,12:10:59,12:12:34,    95, 40.90, 33.20,  7.70
  13008768,     0, 6,12:01:34,12:12:43,   669, 41.40, 41.40,  0.00
         0,     0, 5,12:12:42,12:12:49,     7, 33.20, 40.90, -7.70
  12200046,  5100, 4,12:11:58,12:13:11,    73, 43.70, 28.40, 15.30
         0,     0, 4,12:13:18,12:13:32,    14, 28.40, 43.40,-15.00
  12706616,  7025, 2,12:13:40,12:15:07,    87, 43.90, 28.70, 15.20
         0,     0, 2,12:15:14,12:15:28,    14, 28.70, 44.00,-15.30
  11724239,  3139, 3,12:14:16,12:15:38,    82, 45.30, 40.40,  4.90
         0,     0, 3,12:15:45,12:15:50,     5, 40.40, 40.30,  0.10
  12448473,  6086, 1,12:14:26,12:15:58,    92, 41.30, 24.40, 16.90
         0,     0, 1,12:16:07,12:16:23,    16, 24.40, 41.30,-16.90
  12448416,  6029, 4,12:16:26,12:16:47,    21, 44.20, 43.90,  0.30
  12448415,     0, 7,11:59:21,12:17:35,  1094, 39.50, 27.60, 11.90
         0,     0, 7,12:17:43,12:17:51,     8, 27.60, 27.70, -0.10
  13323427,     0, 8,12:15:45,12:18:04,   139, 40.90, 29.10, 11.80
         0,     0, 8,12:18:13,12:18:25,    12, 29.10, 41.20,-12.10
  12706604,     0, 9,12:17:56,12:19:20,    84, 36.30, 36.10,  0.20
         0,     0, 9,12:19:29,12:19:35,     6, 36.10, 41.10, -5.00
  21268825,  6087, 3,12:19:33,12:20:15,    42, 45.60, 46.70, -1.10
  13323450,     0, 9,12:20:16,12:20:20,     4, 41.10, 41.10,  0.00
  21268825,  6087, 4,12:20:24,12:20:31,     7, 44.00, 44.00,  0.00
  21268825,  6087, 4,12:20:42,12:21:09,    27, 44.00, 44.00,  0.00
  12706727,  7136, 2,12:21:09,12:21:20,    11, 44.10, 44.00,  0.10
  12706604,     0, 9,12:21:12,12:21:29,    17, 41.10, 41.00,  0.10
  12706604,     0, 9,12:21:42,12:21:43,     1, 41.00, 41.10, -0.10
  12706727,  7136, 2,12:21:42,12:22:55,    73, 44.00, 33.90, 10.10
         0,     0, 2,12:23:02,12:23:11,     9, 33.90, 44.00,-10.10
  12706604,     0, 9,12:22:16,12:23:12,    56, 41.10, 40.90,  0.20
  12448416,  6029, 3,12:23:38,12:23:39,     1, 45.50, 46.50, -1.00
  12448416,  6029, 3,12:23:54,12:24:05,    11, 46.30, 45.50,  0.80
  12706669,  7078, 4,12:24:03,12:24:10,     7, 44.10, 44.00,  0.10
  12706604,     0, 9,12:23:43,12:25:07,    84, 40.20, 28.00, 12.20
  13323450,     0,10,12:22:10,12:25:09,   179, 41.00, 32.20,  8.80
         0,     0,10,12:25:18,12:25:28,    10, 32.20, 41.20, -9.00
         0,     0, 9,12:25:15,12:25:33,    18, 28.00, 41.10,-13.10
  21268825,  6087, 4,12:25:07,12:25:38,    31, 44.10, 44.00,  0.10
  12706707,  7116, 2,12:25:51,12:26:38,    47, 44.00, 37.00,  7.00
         0,     0, 2,12:26:45,12:26:51,     6, 37.00, 44.00, -7.00
  13008765,     0, 9,12:26:00,12:27:02,    62, 41.00, 37.00,  4.00
         0,     0, 9,12:27:09,12:27:14,     5, 37.00, 41.10, -4.10
  12200048,     0, 8,12:28:21,12:28:23,     2, 41.30, 41.30,  0.00
  21268825,  6087, 4,12:28:54,12:31:16,   142, 44.10, 24.00, 20.10
  12706669,  7078, 3,12:28:51,12:31:19,   148, 45.50, 27.90, 17.60
         0,     0, 4,12:31:24,12:31:44,    20, 24.00, 43.20,-19.20
         0,     0, 3,12:31:27,12:31:45,    18, 27.90, 27.70,  0.20
  12200048,     0, 8,12:28:45,12:32:13,   208, 41.30, 31.30, 10.00
         0,     0, 8,12:32:21,12:32:31,    10, 31.30, 31.50, -0.20
  13008797,     0, 6,12:22:08,12:35:22,   794, 41.30, 41.40, -0.10
  12448416,  6029, 3,12:33:57,12:35:24,    87, 46.50, 39.40,  7.10
         0,     0, 3,12:35:32,12:35:38,     6, 39.40, 39.20,  0.20
  11954014,  4044, 5,12:36:46,12:37:21,    35, 40.90, 39.00,  1.90
         0,     0, 5,12:37:29,12:37:30,     1, 39.00, 41.00, -2.00
  13008789,     0, 8,12:39:32,12:39:37,     5, 41.20, 41.10,  0.10
  11724239,  3139, 2,12:37:20,12:39:56,   156, 44.10, 36.20,  7.90
  13008836,     0, 7,12:18:45,12:40:00,  1275, 41.40, 21.50, 19.90
         0,     0, 2,12:40:03,12:40:10,     7, 36.20, 43.80, -7.60
         0,     0, 7,12:40:08,12:40:20,    12, 21.50, 22.00, -0.50
  13008768,     0, 6,12:42:07,12:43:36,    89, 41.40, 41.40,  0.00
  12706726,  7135, 2,12:45:06,12:48:32,   206, 43.90, 43.90,  0.00
  12200007,  5061, 5,12:47:29,12:48:42,    73, 41.00, 31.70,  9.30
         0,     0, 5,12:48:50,12:48:58,     8, 31.70, 40.90, -9.20
  12706726,  7135, 1,12:49:20,12:52:54,   214, 41.30, 25.80, 15.50
         0,     0, 1,12:53:02,12:53:16,    14, 25.80, 41.20,-15.40
  13008797,     0, 6,12:44:55,12:58:38,   823, 41.40, 41.40,  0.00
  12448409,  6022, 2,12:55:36,12:58:40,   184, 43.90, 29.60, 14.30
         0,     0, 2,12:58:48,12:59:01,    13, 29.60, 44.00,-14.40
  21306958,  5124, 8,13:02:47,13:02:54,     7, 41.10, 41.00,  0.10
  11724109,  6068, 1,13:03:37,13:03:43,     6, 41.20, 41.20,  0.00
  12706636,  7045, 5,13:02:16,13:04:20,   124, 40.80, 29.50, 11.30
  12199969,     0, 9,13:03:32,13:04:33,    61, 41.10, 34.00,  7.10
         0,     0, 5,13:04:28,13:04:38,    10, 29.50, 40.70,-11.20
  21306958,  5124, 8,13:03:06,13:04:37,    91, 41.00, 40.70,  0.30
         0,     0, 9,13:04:41,13:04:50,     9, 34.00, 41.10, -7.10
  21306958,  5124, 8,13:05:13,13:05:50,    37, 40.50, 40.30,  0.20
  13008789,     0, 7,12:41:08,13:06:21,  1513, 40.90, 22.80, 18.10
         0,     0, 7,13:06:29,13:06:40,    11, 22.80, 41.60,-18.80
  12448442,  6055, 6,13:02:32,13:11:15,   523, 41.40, 41.30,  0.10
  12448448,  6061, 4,13:13:22,13:13:28,     6, 43.50, 43.40,  0.10
  13008797,     0, 6,13:11:36,13:16:40,   304, 41.40, 41.40,  0.00
  12706618,     0, 9,13:17:52,13:17:53,     1, 32.40, 32.50, -0.10
         0,     0, 9,13:18:02,13:18:13,    11, 32.50, 41.10, -8.60
  12706624,  7033, 6,13:16:50,13:18:49,   119, 41.40, 41.30,  0.10
  12448448,  6061, 3,13:13:33,13:21:07,   454, 45.50, 19.80, 25.70
         0,     0, 3,13:21:15,13:21:40,    25, 19.80, 21.30, -1.50
  13008768,     0, 6,13:19:02,13:22:20,   198, 41.40, 41.40,  0.00
  13323434,     0, 9,13:24:07,13:25:12,    65, 41.10, 39.60,  1.50
         0,     0, 9,13:25:19,13:25:20,     1, 39.60, 40.70, -1.10
  13323434,     0, 9,13:25:37,13:26:41,    64, 40.00, 34.40,  5.60
         0,     0, 9,13:26:49,13:26:57,     8, 34.40, 41.10, -6.70
  13008797,     0, 6,13:22:38,13:27:30,   292, 41.40, 41.40,  0.00
  12706651,  7060, 4,13:27:20,13:28:01,    41, 43.70, 41.20,  2.50
         0,     0, 4,13:28:08,13:28:10,     2, 41.20, 43.50, -2.30
  13008797,     0, 6,13:28:56,13:29:47,    51, 41.40, 41.40,  0.00
  12706651,  7060, 4,13:29:02,13:30:02,    60, 43.40, 35.10,  8.30
         0,     0, 4,13:30:09,13:30:17,     8, 35.10, 43.50, -8.40
  13008800,     0, 9,13:29:17,13:30:15,    58, 40.30, 37.60,  2.70
         0,     0, 9,13:30:23,13:30:27,     4, 37.60, 41.10, -3.50
  12706651,  7060, 3,13:30:20,13:30:58,    38, 47.20, 44.20,  3.00
  13008800,     0,10,13:31:01,13:31:03,     2, 37.00, 37.10, -0.10
         0,     0,10,13:31:11,13:31:15,     4, 37.10, 41.20, -4.10
  13323358,     0, 9,13:32:30,13:32:34,     4, 38.60, 38.60,  0.00
         0,     0, 9,13:32:42,13:32:45,     3, 38.60, 41.00, -2.40
  12706650,  7059, 2,13:30:39,13:32:59,   140, 44.00, 33.60, 10.40
         0,     0, 2,13:33:07,13:33:16,     9, 33.60, 43.90,-10.30
  12706609,  7018, 8,13:34:01,13:35:16,    75, 40.30, 31.40,  8.90
         0,     0, 8,13:35:25,13:35:35,    10, 31.40, 41.00, -9.60
  12448451,  6064, 2,13:37:22,13:38:51,    89, 43.90, 43.80,  0.10
  21306958,  5124, 7,13:06:54,13:40:15,  2001, 40.50, 24.40, 16.10
         0,     0, 7,13:40:22,13:40:33,    11, 24.40, 24.50, -0.10
  12448451,  6064, 2,13:39:14,13:40:59,   105, 43.80, 43.60,  0.20
  13008779,     0, 7,13:40:47,13:41:10,    23, 40.30, 40.20,  0.10
  12448451,  6064, 1,13:41:05,13:42:05,    60, 41.20, 41.00,  0.20
  12706615,     0,10,13:41:28,13:42:40,    72, 41.10, 28.10, 13.00
         0,     0,10,13:42:47,13:43:00,    13, 28.10, 41.20,-13.10
  13008797,     0, 6,13:30:46,13:43:03,   737, 41.30, 41.40, -0.10
  13008732,  7153, 4,13:43:25,13:43:46,    21, 43.50, 43.70, -0.20
  13008762,     0, 6,13:43:19,13:43:50,    31, 41.30, 41.40, -0.10
  12448479,  6092, 2,13:44:38,13:44:44,     6, 43.60, 43.60,  0.00
  13008732,  7153, 3,13:44:09,13:45:18,    69, 43.10, 43.70, -0.60
         0,     0, 3,13:45:26,13:45:27,     1, 43.70, 46.10, -2.40
  12448479,  6092, 2,13:45:10,13:46:17,    67, 43.60, 42.40,  1.20
  12706639,  7048, 3,13:46:16,13:46:38,    22, 45.00, 46.70, -1.70
  13008732,  7153, 4,13:45:43,13:47:02,    79, 43.70, 41.90,  1.80
         0,     0, 4,13:47:11,13:47:12,     1, 41.90, 43.40, -1.50
  12706710,  7119, 1,13:44:26,13:47:46,   200, 41.00, 15.10, 25.90
  12448479,  6092, 2,13:46:27,13:48:09,   102, 42.40, 28.20, 14.20
         0,     0, 1,13:47:55,13:48:21,    26, 15.10, 41.20,-26.10
  12200083,     0, 9,13:48:03,13:48:29,    26, 41.10, 41.00,  0.10
         0,     0, 2,13:48:18,13:48:33,    15, 28.20, 44.00,-15.80
  13008797,     0, 6,13:46:20,13:48:34,   134, 41.40, 41.40,  0.00
  12200083,     0, 9,13:49:19,13:49:23,     4, 36.30, 36.30,  0.00
         0,     0, 9,13:49:30,13:49:36,     6, 36.30, 41.10, -4.80
  13008762,     0, 6,13:51:14,13:51:28,    14, 41.30, 41.30,  0.00
  13008732,  7153, 4,13:48:37,13:51:39,   182, 43.30, 18.70, 24.60
  12706639,  7048, 3,13:48:24,13:51:45,   201, 45.50, 23.40, 22.10
         0,     0, 4,13:51:47,13:52:13,    26, 18.70, 31.40,-12.70
         0,     0, 3,13:51:53,13:52:15,    22, 23.40, 29.90, -6.50
  12199986,     0, 8,13:53:14,13:53:43,    29, 41.00, 40.80,  0.20
  12199986,     0, 8,13:57:34,13:58:24,    50, 40.80, 35.00,  5.80
         0,     0, 8,13:58:31,13:58:37,     6, 35.00, 40.30, -5.30
  12199986,     0, 8,13:58:54,13:58:55,     1, 36.80, 36.80,  0.00
         0,     0, 8,13:59:03,13:59:07,     4, 36.80, 41.10, -4.30
  12448483,  6096, 2,14:01:07,14:03:41,   154, 44.00, 17.90, 26.10
         0,     0, 2,14:03:50,14:04:16,    26, 17.90, 44.00,-26.10
  12199981,  5035, 3,14:02:23,14:04:20,   117, 46.30, 25.60, 20.70
         0,     0, 3,14:04:28,14:04:47,    19, 25.60, 25.80, -0.20
  13008762,     0, 6,13:52:22,14:05:49,   807, 41.40, 41.40,  0.00
  13008768,     0, 6,14:06:26,14:07:31,    65, 41.40, 41.40,  0.00
  13008765,     0, 9,14:08:36,14:09:22,    46, 41.10, 37.10,  4.00
         0,     0, 9,14:09:30,14:09:35,     5, 37.10, 41.10, -4.00
  13008797,     0, 6,14:07:42,14:09:33,   111, 41.40, 41.30,  0.10
  13008737,     0, 8,14:14:34,14:15:36,    62, 41.20, 40.80,  0.40
  13008768,     0, 6,14:10:08,14:16:55,   407, 41.30, 41.30,  0.00
  12200042,  5096, 1,14:14:34,14:17:27,   173, 41.20, 18.60, 22.60
  13008737,     0, 8,14:17:32,14:17:35,     3, 23.70, 23.70,  0.00
         0,     0, 1,14:17:35,14:17:57,    22, 18.60, 41.30,-22.70
         0,     0, 8,14:17:43,14:18:02,    19, 23.70, 41.10,-17.40
  12706624,  7033, 6,14:17:12,14:18:58,   106, 41.30, 41.30,  0.00
  13008762,     0, 6,14:19:57,14:20:26,    29, 41.30, 41.30,  0.00
  12448449,  6062, 5,14:19:48,14:22:03,   135, 40.80, 27.70, 13.10
  21268104,  6067, 4,14:20:42,14:22:17,    95, 44.10, 41.90,  2.20
         0,     0, 5,14:22:11,14:22:23,    12, 27.70, 40.70,-13.00
         0,     0, 4,14:22:26,14:22:27,     1, 41.90, 43.20, -1.30
  13008797,     0, 6,14:21:23,14:22:41,    78, 41.30, 41.20,  0.10
  12706738,  7147, 2,14:20:18,14:24:25,   247, 44.10, 25.10, 19.00
         0,     0, 2,14:24:33,14:24:51,    18, 25.10, 43.90,-18.80
  13008768,     0, 6,14:22:53,14:25:17,   144, 41.30, 41.20,  0.10
  13008820,     0, 9,14:21:57,14:25:30,   213, 41.10, 33.40,  7.70
         0,     0, 9,14:25:37,14:25:47,    10, 33.40, 41.10, -7.70
  13008833,     0, 6,14:25:31,14:26:12,    41, 41.20, 41.20,  0.00
  21268104,  6067, 2,14:26:40,14:27:23,    43, 44.00, 43.50,  0.50
  13008762,     0, 6,14:26:33,14:29:14,   161, 40.90, 38.60,  2.30
         0,     0, 6,14:29:22,14:29:23,     1, 38.60, 40.60, -2.00
  21268104,  6067, 2,14:27:43,14:29:22,    99, 43.50, 34.80,  8.70
         0,     0, 2,14:29:30,14:29:38,     8, 34.80, 43.90, -9.10
  21292347,  5120, 2,14:30:25,14:30:30,     5, 43.90, 44.00, -0.10
  13323451,     0, 9,14:29:42,14:31:09,    87, 39.90, 31.40,  8.50
  12706624,  7033, 6,14:29:33,14:31:11,    98, 40.50, 40.60, -0.10
         0,     0, 9,14:31:17,14:31:29,    12, 31.40, 41.10, -9.70
  13008762,     0, 6,14:32:14,14:35:10,   176, 40.60, 40.40,  0.20
  13323358,     0,10,14:41:29,14:42:19,    50, 41.00, 36.50,  4.50
         0,     0,10,14:42:26,14:42:30,     4, 36.50, 41.20, -4.70
  13008768,     0, 6,14:35:20,14:45:48,   628, 40.40, 14.50, 25.90
         0,     0, 6,14:45:56,14:46:22,    26, 14.50, 41.50,-27.00
  12706624,  7033, 6,14:46:33,14:47:42,    69, 41.40, 41.50, -0.10
  12448437,  6050, 7,13:41:20,14:49:04,  4064, 40.20, 32.70,  7.50
         0,     0, 7,14:49:12,14:49:17,     5, 32.70, 41.50, -8.80
  11499161,  2051, 1,14:50:48,14:50:58,    10, 41.40, 41.20,  0.20
  13008756,  7115, 1,14:51:51,14:52:01,    10, 41.20, 41.20,  0.00
  11954056,     0, 7,14:49:27,14:52:25,   178, 41.30, 24.10, 17.20
         0,     0, 7,14:52:33,14:52:43,    10, 24.10, 24.10,  0.00
  12706655,  7064, 5,14:52:21,14:53:31,    70, 40.90, 28.70, 12.20
         0,     0, 5,14:53:40,14:53:52,    12, 28.70, 40.80,-12.10
  11954075,  4105, 2,14:54:08,14:55:42,    94, 43.90, 33.50, 10.40
  13008742,  7163, 1,14:53:25,14:55:43,   138, 41.20, 40.70,  0.50
         0,     0, 2,14:55:50,14:55:59,     9, 33.50, 43.90,-10.40
  12448442,  6055, 6,14:49:12,14:55:56,   404, 41.50, 41.50,  0.00
  21292347,  5120, 3,14:57:11,14:57:27,    16, 46.90, 48.40, -1.50
  21292347,  5120, 4,14:58:24,14:58:57,    33, 43.10, 43.50, -0.40
  12706624,  7033, 6,14:56:35,14:59:35,   180, 41.40, 41.50, -0.10
  12448437,  6050, 8,14:59:34,15:00:03,    29, 41.30, 40.90,  0.40
  12199986,     0, 7,14:53:01,15:00:07,   426, 39.50, 27.90, 11.60
         0,     0, 7,15:00:14,15:00:22,     8, 27.90, 27.90,  0.00
  13008742,  7163, 2,14:56:09,15:00:59,   290, 43.90, 22.90, 21.00
  11954050,  4080, 1,15:00:26,15:01:07,    41, 40.70, 39.90,  0.80
         0,     0, 1,15:01:15,15:01:15,     0, 39.90, 41.00, -1.10
         0,     0, 2,15:01:07,15:01:28,    21, 22.90, 43.90,-21.00
  12448442,  6055, 6,15:00:01,15:03:54,   233, 41.50, 41.50,  0.00
  11499161,  2051, 3,15:03:55,15:04:12,    17, 46.80, 48.10, -1.30
  11954050,  4080, 1,15:02:53,15:05:59,   186, 41.00, 23.90, 17.10
         0,     0, 1,15:06:07,15:06:23,    16, 23.90, 41.30,-17.40
  12706624,  7033, 6,15:04:03,15:10:34,   391, 41.60, 41.40,  0.20
  12199977,     0, 9,15:10:35,15:11:44,    69, 41.10, 30.70, 10.40
         0,     0, 9,15:11:53,15:12:06,    13, 30.70, 41.10,-10.40
  12448437,  6050, 8,15:11:33,15:12:43,    70, 40.90, 40.10,  0.80
  11499202,     0, 6,15:12:45,15:12:53,     8, 41.40, 41.40,  0.00
  11724159,     0, 6,15:13:08,15:16:39,   211, 41.40, 41.40,  0.00
  12706634,     0, 8,15:17:20,15:17:25,     5, 40.10, 40.10,  0.00
  12706634,     0, 8,15:17:54,15:19:10,    76, 40.10, 32.00,  8.10
         0,     0, 8,15:19:18,15:19:27,     9, 32.00, 41.20, -9.20
  12706624,  7033, 6,15:16:49,15:19:53,   184, 41.40, 40.10,  1.30
  13008762,     0, 6,15:21:08,15:23:50,   162, 31.20, 30.60,  0.60
         0,     0, 6,15:23:58,15:24:08,    10, 30.60, 41.40,-10.80
  12706622,     0, 6,15:24:30,15:27:32,   182, 41.40, 41.10,  0.30
  13008835,     0, 6,15:27:48,15:29:40,   112, 41.00, 35.90,  5.10
         0,     0, 6,15:29:48,15:29:54,     6, 35.90, 41.50, -5.60
  11954042,     0, 9,15:30:11,15:30:46,    35, 41.10, 41.00,  0.10
  13008833,     0, 6,15:30:08,15:32:34,   146, 41.50, 33.40,  8.10
         0,     0, 6,15:32:41,15:32:48,     7, 33.40, 41.50, -8.10
  13008797,     0, 6,15:33:28,15:33:58,    30, 41.40, 41.40,  0.00
  11954042,     0, 9,15:30:57,15:34:37,   220, 41.00, 32.40,  8.60
         0,     0, 9,15:34:45,15:34:56,    11, 32.40, 41.00, -8.60
  11724159,     0, 6,15:34:33,15:35:09,    36, 41.50, 41.40,  0.10
  12706624,  7033, 6,15:35:19,15:38:13,   174, 41.40, 41.30,  0.10
  12448437,  6050, 7,15:12:59,15:38:16,  1517, 41.50, 37.60,  3.90
         0,     0, 7,15:38:24,15:38:26,     2, 37.60, 41.80, -4.20
  13008835,     0, 6,15:39:49,15:40:25,    36, 35.30, 35.30,  0.00
         0,     0, 6,15:40:32,15:40:37,     5, 35.30, 35.50, -0.20
  13008802,     0, 9,15:39:25,15:40:41,    76, 41.10, 34.50,  6.60
         0,     0, 9,15:40:50,15:40:58,     8, 34.50, 41.00, -6.50
  12706622,     0, 6,15:40:54,15:41:21,    27, 41.50, 41.50,  0.00
  13008802,     0, 9,15:41:35,15:41:45,    10, 41.10, 39.80,  1.30
         0,     0, 9,15:41:53,15:41:54,     1, 39.80, 41.00, -1.20
  12706622,     0, 6,15:41:44,15:43:15,    91, 41.50, 41.40,  0.10
  11953978,  4008, 2,15:43:16,15:44:27,    71, 43.90, 33.10, 10.80
         0,     0, 2,15:44:34,15:44:44,    10, 33.10, 43.90,-10.80
  13008797,     0, 6,15:43:33,15:45:03,    90, 41.40, 41.50, -0.10
  12448437,  6050, 8,15:45:12,15:45:51,    39, 41.20, 40.60,  0.60
  12448416,  6029, 3,15:44:35,15:46:00,    85, 47.10, 33.80, 13.30
  11724159,     0, 6,15:45:12,15:46:00,    48, 41.50, 41.40,  0.10
         0,     0, 3,15:46:08,15:46:19,    11, 33.80, 34.10, -0.30
  12706624,  7033, 6,15:46:23,15:47:38,    75, 41.40, 41.40,  0.00
  12448415,     0, 7,15:40:38,15:47:42,   424, 29.50, 18.20, 11.30
         0,     0, 7,15:47:50,15:48:05,    15, 18.20, 41.00,-22.80
  13008797,     0, 6,15:48:03,15:48:24,    21, 41.40, 41.30,  0.10
  13008797,     0, 6,15:48:56,15:49:17,    21, 41.30, 41.30,  0.00
  13008779,     0, 7,15:48:39,15:50:31,   112, 35.10, 29.50,  5.60
         0,     0, 7,15:50:39,15:50:46,     7, 29.50, 41.50,-12.00
  11724159,     0, 6,15:49:46,15:51:03,    77, 41.00, 41.10, -0.10
  12706669,  7078, 3,15:51:11,15:52:09,    58, 46.50, 37.10,  9.40
  12706622,     0, 6,15:51:48,15:52:16,    28, 41.00, 41.00,  0.00
         0,     0, 3,15:52:17,15:52:25,     8, 37.10, 37.10,  0.00
  12706624,  7033, 6,15:52:27,15:52:56,    29, 41.00, 40.90,  0.10
  12706686,  7095, 4,15:51:24,15:53:04,   100, 43.10, 38.70,  4.40
         0,     0, 4,15:53:11,15:53:15,     4, 38.70, 43.20, -4.50
  12706622,     0, 6,15:53:20,15:53:37,    17, 40.80, 40.80,  0.00
  12706686,  7095, 3,15:53:07,15:53:53,    46, 46.10, 43.40,  2.70
         0,     0, 3,15:54:01,15:54:03,     2, 43.40, 46.10, -2.70
  12706616,  7025, 1,15:52:55,15:54:07,    72, 41.30, 26.20, 15.10
         0,     0, 1,15:54:14,15:54:28,    14, 26.20, 41.30,-15.10
  13008797,     0, 6,15:53:51,15:54:45,    54, 40.80, 40.50,  0.30
  12706636,  7045, 5,15:53:51,15:55:17,    86, 40.90, 29.90, 11.00
         0,     0, 5,15:55:25,15:55:35,    10, 29.90, 41.00,-11.10
  11724159,     0, 6,15:55:50,15:56:19,    29, 35.00, 35.00,  0.00
         0,     0, 6,15:56:26,15:56:31,     5, 35.00, 41.50, -6.50
  11724109,  6068, 4,15:53:57,15:57:14,   197, 43.40, 26.00, 17.40
         0,     0, 4,15:57:21,15:57:37,    16, 26.00, 25.90,  0.10
  13323427,     0, 8,15:58:23,15:58:37,    14, 40.50, 40.40,  0.10
  12706622,     0, 6,15:57:45,15:58:42,    57, 41.50, 41.50,  0.00
  12200007,  5061, 1,15:57:48,15:59:09,    81, 41.30, 25.80, 15.50
         0,     0, 1,15:59:17,15:59:31,    14, 25.80, 41.20,-15.40
  12448442,  6055, 6,15:58:53,16:01:01,   128, 41.50, 41.50,  0.00
  21292347,  5120, 4,16:01:38,16:01:47,     9, 43.70, 43.90, -0.20
  13008797,     0, 6,16:01:21,16:01:54,    33, 41.50, 41.60, -0.10
  12706707,  7116, 2,16:01:44,16:02:59,    75, 44.00, 32.50, 11.50
         0,     0, 2,16:03:07,16:03:17,    10, 32.50, 44.00,-11.50
  12706622,     0, 6,16:03:14,16:03:46,    32, 41.30, 41.20,  0.10
  12706726,  7135, 2,16:04:20,16:04:26,     6, 44.00, 44.00,  0.00
  11724239,  3139, 3,16:04:59,16:05:19,    20, 46.10, 47.30, -1.20
  12706622,     0, 6,16:05:04,16:05:23,    19, 41.00, 41.00,  0.00
  21292347,  5120, 4,16:04:36,16:06:02,    86, 44.70, 32.40, 12.30
  12706726,  7135, 1,16:04:29,16:06:16,   107, 41.20, 29.10, 12.10
         0,     0, 4,16:06:10,16:06:20,    10, 32.40, 43.40,-11.00
  13008797,     0, 6,16:05:43,16:06:25,    42, 40.90, 40.90,  0.00
         0,     0, 1,16:06:24,16:06:35,    11, 29.10, 41.30,-12.20
  12706686,  7095, 2,16:05:48,16:06:50,    62, 44.00, 40.00,  4.00
         0,     0, 2,16:06:57,16:07:00,     3, 40.00, 43.90, -3.90
  21268825,  6087, 3,16:05:39,16:07:40,   121, 47.30, 30.60, 16.70
  12706686,  7095, 1,16:06:54,16:07:40,    46, 41.30, 35.50,  5.80
         0,     0, 1,16:07:48,16:07:53,     5, 35.50, 41.30, -5.80
         0,     0, 3,16:07:48,16:08:02,    14, 30.60, 30.80, -0.20
  12706686,  7095, 2,16:07:53,16:08:15,    22, 43.90, 42.70,  1.20
  12448437,  6050, 7,15:50:56,16:08:19,  1043, 41.50, 39.10,  2.40
  12200083,     0, 9,16:07:50,16:08:30,    40, 40.90, 36.90,  4.00
         0,     0, 9,16:08:39,16:08:44,     5, 36.90, 41.00, -4.10
  12448521,     0, 8,16:08:52,16:08:55,     3, 40.40, 40.40,  0.00
  12448442,  6055, 6,16:07:08,16:08:59,   111, 40.90, 40.80,  0.10
  12706634,     0, 8,16:09:11,16:09:15,     4, 40.50, 40.40,  0.10
  13323427,     0, 7,16:08:37,16:09:18,    41, 40.20, 40.00,  0.20
  12706624,  7033, 6,16:09:10,16:09:40,    30, 40.80, 40.70,  0.10
  11953978,  4008, 1,16:09:48,16:10:48,    60, 41.30, 30.70, 10.60
  12706634,     0, 8,16:09:29,16:10:56,    87, 40.40, 30.60,  9.80
         0,     0, 1,16:10:55,16:11:05,    10, 30.70, 41.30,-10.60
         0,     0, 8,16:11:03,16:11:14,    11, 30.60, 41.20,-10.60
  12448471,  6084, 3,16:10:37,16:12:24,   107, 46.30, 26.50, 19.80
         0,     0, 3,16:12:32,16:12:50,    18, 26.50, 26.50,  0.00
  11724239,  3139, 2,16:12:49,16:13:16,    27, 42.70, 42.50,  0.20
  12448409,  6022, 2,16:13:46,16:13:51,     5, 42.50, 42.50,  0.00
  13008835,     0, 6,16:10:58,16:13:54,   176, 40.60, 40.60,  0.00
  12706624,  7033, 6,16:14:03,16:14:32,    29, 40.60, 40.50,  0.10
  12448409,  6022, 1,16:14:02,16:15:42,   100, 41.30, 28.20, 13.10
         0,     0, 1,16:15:49,16:16:01,    12, 28.20, 41.20,-13.00
  21306958,  5124, 7,16:09:28,16:16:04,   396, 40.00, 30.50,  9.50
         0,     0, 7,16:16:12,16:16:19,     7, 30.50, 41.30,-10.80
  11724239,  3139, 2,16:14:02,16:16:17,   135, 42.50, 31.60, 10.90
         0,     0, 2,16:16:24,16:16:35,    11, 31.60, 44.00,-12.40
  12706622,     0, 6,16:15:09,16:17:03,   114, 40.30, 40.40, -0.10
  13008732,  7153, 5,16:15:35,16:18:30,   175, 40.90, 27.60, 13.30
         0,     0, 5,16:18:38,16:18:50,    12, 27.60, 40.90,-13.30
  12448449,  6062, 2,16:18:19,16:18:52,    33, 44.10, 42.00,  2.10
  12448473,  6086, 1,16:17:45,16:19:04,    79, 41.20, 28.10, 13.10
         0,     0, 1,16:19:11,16:19:23,    12, 28.10, 41.30,-13.20
  13008735,  7156, 4,16:18:26,16:19:44,    78, 43.70, 37.10,  6.60
         0,     0, 4,16:19:51,16:19:57,     6, 37.10, 37.10,  0.00
  12706624,  7033, 6,16:17:46,16:19:55,   129, 40.30, 40.30,  0.00
  12448416,  6029, 2,16:19:21,16:20:25,    64, 42.00, 33.40,  8.60
         0,     0, 2,16:20:33,16:20:42,     9, 33.40, 43.90,-10.50
  13008735,  7156, 3,16:20:23,16:21:24,    61, 46.60, 43.30,  3.30
         0,     0, 3,16:21:31,16:21:33,     2, 43.30, 46.20, -2.90
  12706705,  7114, 4,16:20:09,16:23:43,   214, 43.30, 25.80, 17.50
         0,     0, 4,16:23:50,16:24:09,    19, 25.80, 43.20,-17.40
  13008768,     0, 6,16:21:29,16:24:19,   170, 40.30, 40.20,  0.10
  12448451,  6064, 2,16:21:23,16:24:27,   184, 43.90, 20.70, 23.20
         0,     0, 2,16:24:34,16:24:59,    25, 20.70, 43.90,-23.20
  11954014,  4044, 3,16:24:21,16:25:18,    57, 45.20, 28.20, 17.00
  12706622,     0, 6,16:24:38,16:25:27,    49, 40.20, 40.20,  0.00
         0,     0, 3,16:25:26,16:25:42,    16, 28.20, 28.10,  0.10
  13008768,     0, 6,16:25:41,16:27:12,    91, 40.10, 40.20, -0.10
  12448442,  6055, 6,16:27:24,16:29:09,   105, 40.20, 40.20,  0.00
  12706650,  7059, 5,16:27:41,16:29:19,    98, 40.80, 33.80,  7.00
         0,     0, 5,16:29:28,16:29:34,     6, 33.80, 33.80,  0.00
  21292347,  5120, 4,16:27:56,16:29:44,   108, 43.80, 30.30, 13.50
  13008756,  7115, 3,16:28:42,16:29:48,    66, 46.60, 27.30, 19.30
         0,     0, 4,16:29:51,16:30:03,    12, 30.30, 43.20,-12.90
         0,     0, 3,16:29:56,16:30:13,    17, 27.30, 27.80, -0.50
  12448449,  6062, 2,16:28:49,16:30:18,    89, 43.90, 33.40, 10.50
         0,     0, 2,16:30:26,16:30:35,     9, 33.40, 44.00,-10.60
  11724239,  3139, 1,16:30:02,16:31:10,    68, 41.30, 40.60,  0.70
  12706727,  7136, 2,16:30:47,16:31:30,    43, 44.00, 43.70,  0.30
  12706651,  7060, 5,16:30:25,16:31:54,    89, 40.90, 30.80, 10.10
         0,     0, 5,16:32:03,16:32:12,     9, 30.80, 40.90,-10.10
  12706727,  7136, 2,16:31:49,16:32:30,    41, 43.80, 38.90,  4.90
         0,     0, 2,16:32:37,16:32:41,     4, 38.90, 43.90, -5.00
  12706727,  7136, 1,16:32:43,16:33:26,    43, 40.60, 31.50,  9.10
         0,     0, 1,16:33:33,16:33:42,     9, 31.50, 41.30, -9.80
  13008797,     0, 6,16:29:21,16:33:45,   264, 40.20, 33.60,  6.60
  12706707,  7116, 2,16:32:52,16:33:47,    55, 44.00, 36.10,  7.90
         0,     0, 6,16:33:52,16:33:59,     7, 33.60, 41.40, -7.80
         0,     0, 2,16:33:54,16:34:01,     7, 36.10, 44.10, -8.00
  12706700,  7109, 2,16:34:11,16:35:04,    53, 44.10, 28.40, 15.70
         0,     0, 2,16:35:12,16:35:27,    15, 28.40, 43.90,-15.50
  12706624,  7033, 6,16:35:36,16:35:54,    18, 41.40, 41.40,  0.00
  13008837,     0, 8,16:35:26,16:37:58,   152, 25.20, 14.90, 10.30
         0,     0, 8,16:38:05,16:38:33,    28, 14.90, 41.10,-26.20
  12706701,  7110, 5,16:36:57,16:39:17,   140, 40.90, 34.50,  6.40
  12448477,  6090, 2,16:38:51,16:39:18,    27, 43.90, 41.80,  2.10
  12199988,  5042, 1,16:39:14,16:39:21,     7, 41.30, 41.10,  0.20
         0,     0, 2,16:39:25,16:39:26,     1, 41.80, 43.70, -1.90
         0,     0, 5,16:39:25,16:39:31,     6, 34.50, 40.90, -6.40
  12706622,     0, 6,16:39:27,16:39:59,    32, 26.20, 26.20,  0.00
         0,     0, 6,16:40:06,16:40:12,     6, 26.20, 26.20,  0.00
  12448477,  6090, 1,16:39:55,16:40:34,    39, 41.10, 36.80,  4.30
         0,     0, 1,16:40:43,16:40:46,     3, 36.80, 41.30, -4.50
  12199988,  5042, 2,16:39:59,16:40:54,    55, 43.80, 41.40,  2.40
         0,     0, 2,16:41:01,16:41:02,     1, 41.40, 43.90, -2.50
  12706624,  7033, 6,16:40:23,16:41:23,    60, 33.10, 32.70,  0.40
         0,     0, 6,16:41:30,16:41:38,     8, 32.70, 41.50, -8.80
  12199988,  5042, 2,16:41:13,16:42:04,    51, 43.90, 32.10, 11.80
         0,     0, 2,16:42:12,16:42:23,    11, 32.10, 43.90,-11.80
  11499161,  2051, 1,16:41:02,16:42:45,   103, 41.30, 32.20,  9.10
  12448479,  6092, 5,16:39:41,16:42:47,   186, 40.90, 25.80, 15.10
         0,     0, 1,16:42:53,16:43:02,     9, 32.20, 41.30, -9.10
         0,     0, 5,16:42:55,16:43:10,    15, 25.80, 40.90,-15.10
  12199969,     0, 9,16:42:20,16:45:21,   181, 36.60, 35.20,  1.40
         0,     0, 9,16:45:29,16:45:36,     7, 35.20, 41.10, -5.90
  12706701,  7110, 5,16:43:25,16:46:16,   171, 40.90, 26.60, 14.30
         0,     0, 5,16:46:24,16:46:38,    14, 26.60, 40.80,-14.20
  12448442,  6055, 6,16:44:28,16:46:50,   142, 28.80, 28.80,  0.00
         0,     0, 6,16:46:57,16:47:08,    11, 28.80, 41.50,-12.70
  12706637,  7046, 2,16:44:24,16:47:25,   181, 44.00, 28.30, 15.70
  12200007,  5061, 1,16:46:16,16:47:29,    73, 41.30, 31.80,  9.50
  12706650,  7059, 3,16:46:03,16:47:33,    90, 46.20, 41.70,  4.50
         0,     0, 3,16:47:41,16:47:45,     4, 41.70, 45.90, -4.20
         0,     0, 1,16:47:36,16:47:45,     9, 31.80, 41.20, -9.40
         0,     0, 2,16:47:32,16:47:48,    16, 28.30, 43.90,-15.60
  13008797,     0, 6,16:47:31,16:48:33,    62, 41.40, 41.40,  0.00
  12706624,  7033, 6,16:48:55,16:49:54,    59, 41.40, 40.40,  1.00
  12448521,     0, 7,16:16:32,16:50:06,  2014, 40.70, 29.80, 10.90
         0,     0, 7,16:50:14,16:50:21,     7, 29.80, 40.80,-11.00
  12200046,  5100, 1,16:49:49,16:50:27,    38, 41.20, 33.30,  7.90
  12448471,  6084, 5,16:49:36,16:50:32,    56, 40.80, 32.40,  8.40
         0,     0, 1,16:50:35,16:50:42,     7, 33.30, 41.20, -7.90
  12706710,  7119, 4,16:49:14,16:50:43,    89, 43.50, 33.90,  9.60
         0,     0, 5,16:50:39,16:50:47,     8, 32.40, 40.90, -8.50
         0,     0, 4,16:50:50,16:50:59,     9, 33.90, 43.50, -9.60
  13323427,     0, 8,16:51:28,16:51:30,     2, 40.90, 41.00, -0.10
  12706624,  7033, 6,16:50:50,16:51:41,    51, 40.30, 37.50,  2.80
         0,     0, 6,16:51:48,16:51:51,     3, 37.50, 41.50, -4.00
  11724239,  3139, 2,16:50:41,16:52:16,    95, 44.00, 41.80,  2.20
         0,     0, 2,16:52:23,16:52:24,     1, 41.80, 43.80, -2.00
  13008797,     0, 6,16:52:12,16:53:37,    85, 41.50, 32.70,  8.80
  12448477,  6090, 2,16:52:35,16:53:41,    66, 43.80, 35.50,  8.30
  13323427,     0, 8,16:51:45,16:53:48,   123, 40.90, 25.00, 15.90
         0,     0, 6,16:53:44,16:53:52,     8, 32.70, 32.90, -0.20
         0,     0, 2,16:53:48,16:53:55,     7, 35.50, 43.90, -8.40
  11724239,  3139, 1,16:52:50,16:53:56,    66, 41.20, 32.20,  9.00
         0,     0, 1,16:54:03,16:54:11,     8, 32.20, 41.20, -9.00
         0,     0, 8,16:53:56,16:54:14,    18, 25.00, 41.20,-16.20
  12448442,  6055, 6,16:54:09,16:54:51,    42, 41.40, 41.40,  0.00
  11954075,  4105, 2,16:54:12,16:55:05,    53, 44.00, 33.60, 10.40
         0,     0, 2,16:55:14,16:55:23,     9, 33.60, 43.90,-10.30
  13008797,     0, 6,16:55:02,16:56:29,    87, 41.40, 39.70,  1.70
  13008756,  7115, 1,16:55:08,16:56:32,    84, 41.20, 28.30, 12.90
         0,     0, 6,16:56:36,16:56:37,     1, 39.70, 40.90, -1.20
         0,     0, 1,16:56:39,16:56:52,    13, 28.30, 41.10,-12.80
  13323427,     0, 7,16:50:32,16:57:45,   433, 40.90, 40.70,  0.20
  12448483,  6096, 1,16:57:03,16:59:00,   117, 41.10, 21.20, 19.90
         0,     0, 1,16:59:07,16:59:26,    19, 21.20, 41.30,-20.10
  11954014,  4044, 3,16:59:21,17:00:04,    43, 45.30, 34.40, 10.90
         0,     0, 3,17:00:11,17:00:21,    10, 34.40, 34.70, -0.30
  12448448,  6061, 2,17:00:29,17:01:21,    52, 43.90, 43.20,  0.70
  12706624,  7033, 6,16:57:12,17:01:38,   266, 38.60, 16.00, 22.60
  12448428,  6041, 3,17:00:53,17:01:54,    61, 46.30, 33.20, 13.10
  12448448,  6061, 1,17:01:36,17:02:02,    26, 41.30, 41.30,  0.00
         0,     0, 3,17:02:02,17:02:14,    12, 33.20, 33.10,  0.10
         0,     0, 6,17:01:45,17:02:14,    29, 16.00, 39.60,-23.60
  13008797,     0, 6,17:02:32,17:02:54,    22, 38.20, 38.20,  0.00
         0,     0, 6,17:03:01,17:03:03,     2, 38.20, 41.50, -3.30
  12448448,  6061, 2,17:02:05,17:03:41,    96, 43.20, 36.00,  7.20
         0,     0, 2,17:03:50,17:03:57,     7, 36.00, 36.00,  0.00
  12448448,  6061, 1,17:03:49,17:05:43,   114, 41.20, 24.60, 16.60
  21292347,  5120, 2,17:04:07,17:05:49,   102, 43.90, 37.20,  6.70
         0,     0, 2,17:05:58,17:06:04,     6, 37.20, 43.80, -6.60
         0,     0, 1,17:05:50,17:06:07,    17, 24.60, 41.30,-16.70
  13008797,     0, 6,17:03:22,17:06:17,   175, 40.90, 25.20, 15.70
         0,     0, 6,17:06:24,17:06:51,    27, 25.20, 41.50,-16.30
  12200007,  5061, 1,17:07:09,17:07:52,    43, 41.20, 36.70,  4.50
         0,     0, 1,17:08:00,17:08:04,     4, 36.70, 41.30, -4.60
  11499202,     0, 6,17:07:54,17:08:05,    11, 34.20, 34.20,  0.00
         0,     0, 6,17:08:12,17:08:18,     6, 34.20, 41.30, -7.10
  12706705,  7114, 2,17:06:34,17:09:35,   181, 43.80, 27.30, 16.50
         0,     0, 2,17:09:43,17:09:59,    16, 27.30, 43.90,-16.60
  13008768,     0, 6,17:08:46,17:11:13,   147, 41.30, 22.00, 19.30
  12448416,  6029, 1,17:10:07,17:11:31,    84, 41.30, 29.30, 12.00
         0,     0, 6,17:11:21,17:11:39,    18, 22.00, 41.40,-19.40
         0,     0, 1,17:11:40,17:11:50,    10, 29.30, 41.20,-11.90
  21306958,  5124, 7,16:57:55,17:11:51,   836, 40.70, 33.40,  7.30
         0,     0, 7,17:11:59,17:12:04,     5, 33.40, 41.60, -8.20
  13008815,     0, 7,17:12:14,17:13:05,    51, 41.50, 39.90,  1.60
         0,     0, 7,17:13:13,17:13:13,     0, 39.90, 40.80, -0.90
  12448442,  6055, 6,17:11:54,17:13:48,   114, 39.90, 22.30, 17.60
         0,     0, 6,17:13:55,17:14:13,    18, 22.30, 41.50,-19.20
  11499161,  2051, 3,17:12:55,17:14:26,    91, 46.20, 38.60,  7.60
         0,     0, 3,17:14:34,17:14:41,     7, 38.60, 38.80, -0.20
  12200046,  5100, 4,17:14:10,17:14:40,    30, 43.60, 36.60,  7.00
         0,     0, 4,17:14:47,17:14:53,     6, 36.60, 43.40, -6.80
  12200046,  5100, 4,17:15:05,17:15:25,    20, 43.50, 39.70,  3.80
         0,     0, 4,17:15:33,17:15:36,     3, 39.70, 43.40, -3.70
  11953978,  4008, 1,17:15:26,17:16:42,    76, 41.20, 27.80, 13.40
  12706624,  7033, 6,17:14:28,17:16:48,   140, 41.40, 39.10,  2.30
         0,     0, 6,17:16:56,17:16:57,     1, 39.10, 41.40, -2.30
         0,     0, 1,17:16:50,17:17:02,    12, 27.80, 41.30,-13.50
  12706700,  7109, 3,17:18:16,17:18:27,    11, 46.10, 44.90,  1.20
  12706659,  7068, 2,17:13:53,17:18:39,   286, 43.90, 13.50, 30.40
  12706651,  7060, 5,17:17:24,17:18:40,    76, 40.90, 31.20,  9.70
         0,     0, 5,17:18:48,17:18:57,     9, 31.20, 40.90, -9.70
         0,     0, 2,17:18:47,17:19:17,    30, 13.50, 44.00,-30.50
  11724159,     0, 6,17:17:21,17:19:20,   119, 41.50, 18.10, 23.40
         0,     0, 6,17:19:28,17:19:50,    22, 18.10, 18.20, -0.10
  12448479,  6092, 3,17:18:39,17:20:19,   100, 44.80, 33.30, 11.50
         0,     0, 3,17:20:27,17:20:38,    11, 33.30, 33.60, -0.30
  13008765,     0, 9,17:19:33,17:20:50,    77, 41.10, 36.10,  5.00
  13008835,     0, 6,17:20:14,17:20:54,    40, 41.40, 41.40,  0.00
         0,     0, 9,17:20:58,17:21:04,     6, 36.10, 41.10, -5.00
  12448473,  6086, 2,17:20:55,17:21:16,    21, 44.00, 42.10,  1.90
  13008742,  7163, 2,17:21:30,17:21:40,    10, 42.20, 42.10,  0.10
  12448473,  6086, 1,17:21:21,17:21:50,    29, 41.20, 34.50,  6.70
         0,     0, 1,17:21:59,17:22:05,     6, 34.50, 41.30, -6.80
  13008833,     0, 6,17:21:04,17:25:24,   260, 41.20, 14.20, 27.00
  12199981,  5035, 2,17:24:11,17:25:44,    93, 42.10, 27.20, 14.90
  12706655,  7064, 1,17:24:22,17:25:52,    90, 41.30, 24.70, 16.60
         0,     0, 6,17:25:32,17:25:59,    27, 14.20, 41.50,-27.30
         0,     0, 2,17:25:53,17:26:09,    16, 27.20, 43.90,-16.70
         0,     0, 1,17:26:00,17:26:15,    15, 24.70, 41.20,-16.50
  12706601,     0,10,17:25:38,17:27:14,    96, 40.70, 29.90, 10.80
         0,     0,10,17:27:22,17:27:33,    11, 29.90, 41.20,-11.30
  12706622,     0, 6,17:26:15,17:28:55,   160, 41.40, 27.70, 13.70
         0,     0, 6,17:29:03,17:29:16,    13, 27.70, 41.30,-13.60
  12706726,  7135, 4,17:28:28,17:30:03,    95, 43.50, 35.10,  8.40
         0,     0, 4,17:30:10,17:30:17,     7, 35.10, 43.40, -8.30
  12706622,     0, 6,17:29:57,17:30:25,    28, 36.60, 36.50,  0.10
         0,     0, 6,17:30:33,17:30:37,     4, 36.50, 41.50, -5.00
  13008762,     0, 6,17:31:07,17:31:37,    30, 41.00, 39.90,  1.10
         0,     0, 6,17:31:45,17:31:45,     0, 39.90, 41.10, -1.20
  13008762,     0, 6,17:34:00,17:36:44,   164, 30.10, 29.40,  0.70
         0,     0, 6,17:36:52,17:37:04,    12, 29.40, 41.50,-12.10
  12448449,  6062, 1,17:35:41,17:37:22,   101, 41.30, 33.40,  7.90
         0,     0, 1,17:37:31,17:37:38,     7, 33.40, 41.30, -7.90
  13008835,     0, 6,17:39:45,17:40:24,    39, 18.00, 17.30,  0.70
         0,     0, 6,17:40:32,17:40:56,    24, 17.30, 41.50,-24.20
  12706738,  7147, 2,17:38:46,17:41:32,   166, 43.90, 28.70, 15.20
         0,     0, 2,17:41:40,17:41:54,    14, 28.70, 43.90,-15.20
  13008768,     0, 6,17:41:24,17:42:43,    79, 41.50, 41.50,  0.00
  13008732,  7153, 2,17:43:57,17:44:08,    11, 44.00, 44.00,  0.00
  12448415,     0, 7,17:13:37,17:45:03,  1886, 40.80, 25.60, 15.20
         0,     0, 7,17:45:11,17:45:21,    10, 25.60, 41.20,-15.60
  12706700,  7109, 3,17:44:25,17:45:20,    55, 46.30, 32.80, 13.50
  13008732,  7153, 2,17:44:57,17:45:31,    34, 43.90, 43.80,  0.10
         0,     0, 3,17:45:28,17:45:40,    12, 32.80, 32.80,  0.00
  12199969,     0, 9,17:48:42,17:49:49,    67, 41.10, 34.40,  6.70
         0,     0, 9,17:49:56,17:50:04,     8, 34.40, 41.10, -6.70
  13008815,     0, 8,17:48:21,17:50:41,   140, 41.10, 28.60, 12.50
         0,     0, 8,17:50:49,17:51:02,    13, 28.60, 41.10,-12.50
  12706634,     0, 8,17:51:37,17:52:27,    50, 41.10, 40.60,  0.50
  12706634,     0, 8,17:52:43,17:53:21,    38, 40.60, 35.10,  5.50
         0,     0, 8,17:53:30,17:53:36,     6, 35.10, 41.00, -5.90
  12706634,     0, 8,17:53:57,17:54:38,    41, 41.10, 34.20,  6.90
  12706639,  7048, 5,17:54:38,17:54:50,    12, 40.90, 40.80,  0.10
         0,     0, 8,17:54:46,17:54:53,     7, 34.20, 41.10, -6.90
  12706624,  7033, 6,17:42:53,17:55:14,   741, 41.50, 35.60,  5.90
         0,     0, 6,17:55:22,17:55:27,     5, 35.60, 41.40, -5.80
  12706639,  7048, 5,17:55:06,17:56:06,    60, 40.80, 29.10, 11.70
         0,     0, 5,17:56:13,17:56:24,    11, 29.10, 40.90,-11.80
  13008779,     0, 7,17:45:33,17:56:33,   660, 40.60, 40.50,  0.10
  12448471,  6084, 4,17:56:21,17:56:42,    21, 43.50, 40.60,  2.90
         0,     0, 4,17:56:50,17:56:52,     2, 40.60, 43.40, -2.80
  13008732,  7153, 2,17:55:48,17:57:48,   120, 43.80, 40.90,  2.90
  13323358,     0, 9,17:57:54,17:57:56,     2, 41.10, 41.10,  0.00
         0,     0, 2,17:57:57,17:57:59,     2, 40.90, 44.00, -3.10
  13008732,  7153, 2,17:58:09,17:59:09,    60, 44.00, 28.50, 15.50
  13323358,     0, 9,17:59:19,17:59:22,     3, 36.10, 36.10,  0.00
         0,     0, 2,17:59:17,17:59:31,    14, 28.50, 43.80,-15.30
         0,     0, 9,17:59:30,17:59:36,     6, 36.10, 41.10, -5.00
  13008792,     0,10,18:00:02,18:01:11,    69, 36.20, 35.90,  0.30
         0,     0,10,18:01:19,18:01:23,     4, 35.90, 40.70, -4.80
  12706636,  7045, 5,18:01:08,18:02:17,    69, 40.80, 28.90, 11.90
         0,     0, 5,18:02:25,18:02:36,    11, 28.90, 40.80,-11.90
  13008792,     0,10,18:02:03,18:03:34,    91, 38.70, 22.20, 16.50
  13008833,     0, 6,17:56:04,18:03:46,   462, 41.40, 31.30, 10.10
         0,     0, 6,18:03:54,18:04:01,     7, 31.30, 39.00, -7.70
         0,     0,10,18:03:42,18:04:03,    21, 22.20, 41.20,-19.00
  12200042,  5096, 1,18:02:10,18:04:29,   139, 41.30, 24.70, 16.60
  12706686,  7095, 2,18:02:34,18:04:30,   116, 43.90, 28.80, 15.10
         0,     0, 1,18:04:36,18:04:52,    16, 24.70, 41.20,-16.50
         0,     0, 2,18:04:38,18:04:53,    15, 28.80, 43.80,-15.00
  13008797,     0, 6,18:04:57,18:05:22,    25, 38.50, 38.50,  0.00
         0,     0, 6,18:05:30,18:05:32,     2, 38.50, 41.60, -3.10
  13008789,     0, 8,18:05:30,18:05:39,     9, 41.10, 41.10,  0.00
  12448442,  6055, 6,18:05:50,18:06:49,    59, 41.60, 41.20,  0.40
  12706618,     0,10,18:07:04,18:08:31,    87, 41.20, 30.20, 11.00
         0,     0,10,18:08:40,18:08:51,    11, 30.20, 41.20,-11.00
  12706726,  7135, 2,18:08:06,18:09:51,   105, 43.90, 36.30,  7.60
         0,     0, 2,18:09:58,18:10:04,     6, 36.30, 43.90, -7.60
  13008797,     0, 6,18:09:01,18:12:12,   191, 26.60, 26.60,  0.00
  12706659,  7068, 2,18:12:06,18:12:14,     8, 44.00, 43.90,  0.10
         0,     0, 6,18:12:20,18:12:33,    13, 26.60, 40.70,-14.10
  13008735,  7156, 1,18:12:31,18:14:41,   130, 41.20, 33.00,  8.20
  12448442,  6055, 6,18:12:52,18:14:45,   113, 40.70, 40.80, -0.10
         0,     0, 1,18:14:48,18:14:55,     7, 33.00, 41.30, -8.30
  13008789,     0, 7,18:05:44,18:15:19,   575, 40.40, 23.60, 16.80
         0,     0, 7,18:15:26,18:15:38,    12, 23.60, 23.70, -0.10
  12706624,  7033, 6,18:14:57,18:15:40,    43, 40.70, 40.70,  0.00
  12706707,  7116, 2,18:14:51,18:15:54,    63, 43.90, 42.70,  1.20
  13008836,     0, 8,18:15:54,18:16:32,    38, 41.10, 40.80,  0.30
  13008836,     0, 8,18:16:49,18:16:52,     3, 40.70, 40.70,  0.00
  12706707,  7116, 2,18:16:14,18:16:53,    39, 42.70, 36.90,  5.80
         0,     0, 2,18:17:02,18:17:08,     6, 36.90, 44.00, -7.10
  13008836,     0, 8,18:17:42,18:18:20,    38, 35.30, 25.70,  9.60
         0,     0, 8,18:18:28,18:18:44,    16, 25.70, 41.10,-15.40
  12448471,  6084, 3,18:17:42,18:18:43,    61, 46.40, 37.80,  8.60
  21268104,  6067, 2,18:17:18,18:18:52,    94, 44.00, 31.80, 12.20
         0,     0, 3,18:18:52,18:18:59,     7, 37.80, 46.00, -8.20
         0,     0, 2,18:19:01,18:19:12,    11, 31.80, 43.90,-12.10
  11954050,  4080, 1,18:21:09,18:21:15,     6, 41.30, 41.20,  0.10
  12706604,     0, 9,18:21:16,18:21:25,     9, 41.10, 41.10,  0.00
  12448451,  6064, 1,18:21:30,18:25:39,   249, 41.20, 17.70, 23.50
         0,     0, 1,18:25:47,18:26:09,    22, 17.70, 41.30,-23.60
  11954050,  4080, 1,18:26:34,18:27:20,    46, 41.30, 38.60,  2.70
         0,     0, 1,18:27:28,18:27:30,     2, 38.60, 41.30, -2.70
  11954050,  4080, 1,18:27:40,18:28:49,    69, 41.30, 33.80,  7.50
  12706616,  7025, 2,18:28:55,18:28:59,     4, 43.90, 43.90,  0.00
         0,     0, 1,18:28:57,18:29:03,     6, 33.80, 41.20, -7.40
  13008735,  7156, 2,18:29:09,18:29:30,    21, 43.90, 43.10,  0.80
  12706616,  7025, 1,18:29:13,18:29:42,    29, 41.20, 36.40,  4.80
         0,     0, 1,18:29:50,18:29:54,     4, 36.40, 41.30, -4.90
  12448409,  6022, 2,18:31:47,18:31:55,     8, 43.10, 42.50,  0.60
  12448409,  6022, 2,18:32:10,18:33:50,   100, 42.50, 20.50, 22.00
         0,     0, 2,18:33:58,18:34:21,    23, 20.50, 43.90,-23.40
  13008737,     0, 7,18:32:14,18:37:11,   297, 41.30, 24.60, 16.70
         0,     0, 7,18:37:18,18:37:28,    10, 24.60, 24.70, -0.10
  13008735,  7156, 2,18:34:31,18:37:55,   204, 43.90, 33.70, 10.20
         0,     0, 2,18:38:03,18:38:12,     9, 33.70, 44.00,-10.30
  21268825,  6087, 1,18:40:08,18:41:57,   109, 41.30, 32.00,  9.30
         0,     0, 1,18:42:04,18:42:12,     8, 32.00, 41.20, -9.20
  21268825,  6087, 2,18:42:11,18:42:58,    47, 44.00, 33.40, 10.60
         0,     0, 2,18:43:06,18:43:15,     9, 33.40, 44.00,-10.60
  12448442,  6055, 6,18:23:21,18:43:16,  1195, 40.70, 27.60, 13.10
         0,     0, 6,18:43:23,18:43:36,    13, 27.60, 40.90,-13.30
  12706636,  7045, 4,18:41:32,18:44:04,   152, 43.40, 35.10,  8.30
         0,     0, 4,18:44:13,18:44:21,     8, 35.10, 43.40, -8.30
  12706701,  7110, 2,18:44:26,18:46:34,   128, 44.00, 41.50,  2.50
         0,     0, 2,18:46:43,18:46:44,     1, 41.50, 43.80, -2.30
  13008742,  7163, 2,18:46:54,18:47:17,    23, 43.80, 43.70,  0.10
  12706701,  7110, 1,18:46:59,18:47:29,    30, 41.20, 37.60,  3.60
         0,     0, 1,18:47:37,18:47:40,     3, 37.60, 41.30, -3.70
  12706701,  7110, 2,18:48:11,18:49:21,    70, 43.70, 35.90,  7.80
         0,     0, 2,18:49:28,18:49:35,     7, 35.90, 43.80, -7.90
  13008742,  7163, 1,18:48:02,18:51:46,   224, 41.30, 15.20, 26.10
  12706616,  7025, 2,18:50:42,18:51:52,    70, 43.90, 31.40, 12.50
         0,     0, 2,18:52:00,18:52:12,    12, 31.40, 43.80,-12.40
         0,     0, 1,18:51:54,18:52:19,    25, 15.20, 41.30,-26.10
  11499202,     0, 6,18:43:46,18:52:33,   527, 40.90, 34.20,  6.70
         0,     0, 6,18:52:41,18:52:47,     6, 34.20, 41.30, -7.10
  21268104,  6067, 5,18:53:22,18:54:45,    83, 40.80, 32.40,  8.40
  13323450,     0, 9,18:54:43,18:54:50,     7, 41.10, 41.00,  0.10
         0,     0, 5,18:54:52,18:55:00,     8, 32.40, 40.90, -8.50
  12448479,  6092, 2,18:53:43,18:56:00,   137, 43.90, 31.90, 12.00
  13323450,     0,10,18:56:04,18:56:05,     1, 41.00, 41.00,  0.00
  11954056,     0, 8,18:56:11,18:56:15,     4, 41.20, 41.10,  0.10
         0,     0, 2,18:56:08,18:56:19,    11, 31.90, 44.00,-12.10
  11954056,     0, 8,18:56:28,18:57:02,    34, 41.10, 40.70,  0.40
  11954056,     0, 8,18:57:18,18:57:19,     1, 40.20, 40.20,  0.00
  12199988,  5042, 1,18:56:25,18:57:24,    59, 41.30, 39.80,  1.50
  13008815,     0, 7,18:37:39,18:57:27,  1188, 40.30, 33.70,  6.60
  12199981,  5035, 2,18:56:29,18:57:26,    57, 44.00, 30.60, 13.40
         0,     0, 1,18:57:33,18:57:33,     0, 39.80, 41.10, -1.30
         0,     0, 7,18:57:34,18:57:39,     5, 33.70, 41.00, -7.30
         0,     0, 2,18:57:35,18:57:47,    12, 30.60, 43.90,-13.30
  11499161,  2051, 4,18:54:40,18:58:37,   237, 43.40, 29.00, 14.40
         0,     0, 4,18:58:45,18:58:58,    13, 29.00, 43.40,-14.40
  12706710,  7119, 2,18:57:58,19:00:02,   124, 43.90, 26.70, 17.20
         0,     0, 2,19:00:09,19:00:25,    16, 26.70, 43.90,-17.20
  13323451,     0, 9,18:59:30,19:02:15,   165, 41.00, 35.40,  5.60
         0,     0, 9,19:02:24,19:02:31,     7, 35.40, 41.00, -5.60
  12199988,  5042, 2,19:04:04,19:04:29,    25, 44.00, 43.50,  0.50
  11724239,  3139, 1,19:03:09,19:05:35,   146, 41.10, 39.90,  1.20
         0,     0, 1,19:05:43,19:05:43,     0, 39.90, 41.10, -1.20
  12199988,  5042, 2,19:04:44,19:05:41,    57, 43.50, 39.50,  4.00
         0,     0, 2,19:05:48,19:05:51,     3, 39.50, 43.90, -4.40
  12199988,  5042, 2,19:06:13,19:06:54,    41, 44.00, 36.00,  8.00
         0,     0, 2,19:07:03,19:07:10,     7, 36.00, 43.90, -7.90
  13008835,     0, 6,18:53:51,19:07:15,   804, 41.10, 25.50, 15.60
  11724239,  3139, 1,19:06:01,19:07:31,    90, 41.10, 30.40, 10.70
         0,     0, 6,19:07:22,19:07:37,    15, 25.50, 41.50,-16.00
         0,     0, 1,19:07:38,19:07:48,    10, 30.40, 41.30,-10.90
  11953978,  4008, 1,19:07:58,19:09:22,    84, 41.30, 24.50, 16.80
         0,     0, 1,19:09:30,19:09:45,    15, 24.50, 41.30,-16.80
  13323450,     0,10,19:13:44,19:13:46,     2, 34.80, 34.80,  0.00
  12706669,  7078, 2,19:13:00,19:13:58,    58, 43.90, 31.10, 12.80
         0,     0,10,19:13:55,19:14:01,     6, 34.80, 41.20, -6.40
         0,     0, 2,19:14:05,19:14:16,    11, 31.10, 43.90,-12.80
  12706727,  7136, 1,19:12:13,19:14:22,   129, 41.30, 26.40, 14.90
         0,     0, 1,19:14:31,19:14:44,    13, 26.40, 41.20,-14.80
  12706659,  7068, 2,19:14:59,19:15:42,    43, 43.90, 43.80,  0.10
  12706659,  7068, 1,19:15:46,19:15:56,    10, 41.20, 41.20,  0.00
  12706601,     0, 9,19:15:49,19:16:57,    68, 41.00, 34.70,  6.30
  12706659,  7068, 2,19:16:18,19:17:03,    45, 43.80, 41.00,  2.80
         0,     0, 2,19:17:10,19:17:11,     1, 41.00, 43.90, -2.90
  13323427,     0, 8,19:17:03,19:17:12,     9, 40.30, 40.10,  0.20
         0,     0, 9,19:17:06,19:17:14,     8, 34.70, 41.20, -6.50
  13323434,     0, 9,19:18:45,19:18:48,     3, 41.20, 41.20,  0.00
  13323434,     0, 9,19:19:03,19:19:27,    24, 41.10, 40.50,  0.60
  12448409,  6022, 2,19:17:40,19:19:30,   110, 43.90, 32.20, 11.70
         0,     0, 2,19:19:38,19:19:48,    10, 32.20, 43.90,-11.70
  12706659,  7068, 1,19:17:49,19:19:48,   119, 41.20, 24.00, 17.20
         0,     0, 1,19:19:56,19:20:12,    16, 24.00, 41.40,-17.40
  12448409,  6022, 1,19:20:22,19:20:29,     7, 41.30, 41.30,  0.00
  13323434,     0, 9,19:19:44,19:21:40,   116, 40.50, 33.30,  7.20
         0,     0, 9,19:21:47,19:21:57,    10, 33.30, 41.10, -7.80
  13008820,     0, 9,19:25:41,19:25:42,     1, 40.80, 40.80,  0.00
  13008820,     0, 9,19:26:29,19:26:29,     0, 40.30, 40.40, -0.10
  13008756,  7115, 2,19:25:55,19:27:03,    68, 43.90, 32.00, 11.90
         0,     0, 2,19:27:10,19:27:21,    11, 32.00, 44.00,-12.00
  13008833,     0, 6,19:08:31,19:28:13,  1182, 41.50, 41.50,  0.00
  12448477,  6090, 2,19:29:04,19:29:12,     8, 44.00, 44.00,  0.00
  21268104,  6067, 2,19:29:47,19:30:50,    63, 44.00, 39.20,  4.80
         0,     0, 2,19:30:58,19:31:01,     3, 39.20, 43.90, -4.70
  12448477,  6090, 3,19:29:45,19:31:40,   115, 46.20, 37.20,  9.00
         0,     0, 3,19:31:48,19:31:56,     8, 37.20, 37.10,  0.10
  12448477,  6090, 4,19:32:26,19:32:48,    22, 43.80, 39.70,  4.10
         0,     0, 4,19:32:56,19:32:59,     3, 39.70, 43.30, -3.60
  11954056,     0, 7,18:58:54,19:37:14,  2300, 29.20, 29.10,  0.10
         0,     0, 7,19:37:22,19:37:29,     7, 29.10, 41.50,-12.40
  12448428,  6041, 3,19:38:39,19:39:39,    60, 45.60, 30.80, 14.80
  13008836,     0, 8,19:39:31,19:39:53,    22, 38.80, 35.40,  3.40
         0,     0, 3,19:39:47,19:40:00,    13, 30.80, 30.60,  0.20
         0,     0, 8,19:40:02,19:40:07,     5, 35.40, 41.10, -5.70
  11724109,  6068, 2,19:39:25,19:41:54,   149, 43.90, 34.50,  9.40
         0,     0, 2,19:42:03,19:42:11,     8, 34.50, 44.00, -9.50
  12448415,     0, 8,19:40:25,19:43:46,   201, 41.00, 30.40, 10.60
         0,     0, 8,19:43:55,19:44:06,    11, 30.40, 41.10,-10.70
  12706637,  7046, 5,19:44:26,19:46:36,   130, 40.80, 28.40, 12.40
  13008797,     0, 6,19:35:36,19:46:38,   662, 41.50, 41.50,  0.00
         0,     0, 5,19:46:43,19:46:54,    11, 28.40, 40.90,-12.50
  13008836,     0, 7,19:37:39,19:47:22,   583, 41.50, 32.90,  8.60
         0,     0, 7,19:47:30,19:47:35,     5, 32.90, 41.70, -8.80
  12200048,     0, 8,19:47:49,19:48:45,    56, 41.10, 40.90,  0.20
  12200048,     0, 8,19:48:59,19:51:21,   142, 40.90, 33.80,  7.10
         0,     0, 8,19:51:29,19:51:36,     7, 33.80, 41.10, -7.30
  12706669,  7078, 1,19:49:48,19:51:50,   122, 41.30, 36.40,  4.90
         0,     0, 1,19:51:58,19:52:02,     4, 36.40, 41.30, -4.90
  12706700,  7109, 1,19:52:43,19:53:32,    49, 41.30, 31.60,  9.70
         0,     0, 1,19:53:39,19:53:47,     8, 31.60, 41.20, -9.60
  21292347,  5120, 2,19:52:11,19:53:57,   106, 44.00, 42.60,  1.40
  12448449,  6062, 1,19:57:51,19:57:56,     5, 41.20, 41.20,  0.00
  21292347,  5120, 2,19:58:17,19:59:53,    96, 42.60, 34.60,  8.00
         0,     0, 2,20:00:01,20:00:09,     8, 34.60, 43.90, -9.30
  13008833,     0, 6,19:46:49,20:01:29,   880, 41.60, 27.40, 14.20
         0,     0, 6,20:01:37,20:01:50,    13, 27.40, 27.50, -0.10
  12448449,  6062, 1,19:59:35,20:02:06,   151, 41.20, 29.20, 12.00
         0,     0, 1,20:02:13,20:02:24,    11, 29.20, 41.30,-12.10
  11954075,  4105, 2,20:03:28,20:05:05,    97, 43.90, 25.30, 18.60
  12448442,  6055, 6,20:02:19,20:05:19,   180, 40.60, 40.60,  0.00
         0,     0, 2,20:05:13,20:05:31,    18, 25.30, 44.00,-18.70
  12706686,  7095, 1,20:05:49,20:08:17,   148, 41.30, 29.50, 11.80
  12199969,     0, 9,20:07:28,20:08:30,    62, 40.40, 39.80,  0.60
         0,     0, 1,20:08:25,20:08:35,    10, 29.50, 41.30,-11.80
         0,     0, 9,20:08:38,20:08:39,     1, 39.80, 41.00, -1.20
  12199969,     0, 9,20:08:57,20:08:58,     1, 40.00, 40.00,  0.00
  13323358,     0,10,20:09:03,20:09:28,    25, 40.90, 38.20,  2.70
         0,     0,10,20:09:37,20:09:39,     2, 38.20, 41.00, -2.80
  12200046,  5100, 2,20:08:55,20:09:41,    46, 44.00, 38.20,  5.80
         0,     0, 2,20:09:48,20:09:52,     4, 38.20, 43.90, -5.70
  13323358,     0,10,20:10:00,20:10:01,     1, 38.70, 38.70,  0.00
         0,     0,10,20:10:10,20:10:12,     2, 38.70, 41.20, -2.50
  12200046,  5100, 1,20:10:01,20:10:24,    23, 41.30, 37.60,  3.70
         0,     0, 1,20:10:31,20:10:33,     2, 37.60, 41.30, -3.70
  12200046,  5100, 2,20:10:28,20:10:48,    20, 44.00, 40.50,  3.50
         0,     0, 2,20:10:56,20:10:58,     2, 40.50, 44.00, -3.50
  12200048,     0, 8,20:14:16,20:14:17,     1, 40.90, 40.90,  0.00
  12199986,     0, 8,20:15:12,20:15:36,    24, 40.90, 40.70,  0.20
  12199969,     0, 9,20:15:08,20:15:37,    29, 40.00, 38.40,  1.60
  13008789,     0, 7,19:59:11,20:15:44,   993, 41.60, 40.20,  1.40
         0,     0, 9,20:15:45,20:15:48,     3, 38.40, 41.10, -2.70
  12199969,     0, 9,20:16:33,20:16:35,     2, 36.60, 36.60,  0.00
         0,     0, 9,20:16:43,20:16:48,     5, 36.60, 41.10, -4.50
  12706738,  7147, 2,20:14:45,20:17:49,   184, 44.00, 27.70, 16.30
         0,     0, 2,20:17:56,20:18:11,    15, 27.70, 43.90,-16.20
  12200048,     0, 8,20:20:11,20:20:12,     1, 34.00, 34.00,  0.00
         0,     0, 8,20:20:20,20:20:27,     7, 34.00, 41.10, -7.10
  12199986,     0, 7,20:16:02,20:21:40,   338, 40.30, 28.50, 11.80
         0,     0, 7,20:21:47,20:21:55,     8, 28.50, 41.50,-13.00
  12706726,  7135, 4,20:20:06,20:23:03,   177, 43.30, 29.30, 14.00
         0,     0, 4,20:23:11,20:23:24,    13, 29.30, 43.30,-14.00
  11724109,  6068, 3,20:28:34,20:31:15,   161, 45.80, 37.60,  8.20
         0,     0, 3,20:31:23,20:31:30,     7, 37.60, 37.60,  0.00
  12706637,  7046, 2,20:30:55,20:31:29,    34, 44.00, 43.70,  0.30
  21292347,  5120, 1,20:31:55,20:33:26,    91, 41.30, 33.60,  7.70
  12706637,  7046, 2,20:31:59,20:33:28,    89, 43.70, 32.90, 10.80
         0,     0, 1,20:33:35,20:33:42,     7, 33.60, 41.30, -7.70
         0,     0, 2,20:33:36,20:33:46,    10, 32.90, 43.90,-11.00
  12706700,  7109, 2,20:39:18,20:39:19,     1, 44.00, 44.00,  0.00
  12200083,     0, 9,20:39:08,20:39:49,    41, 41.10, 36.80,  4.30
         0,     0, 9,20:39:56,20:40:01,     5, 36.80, 41.00, -4.20
  12706636,  7045, 4,20:39:22,20:40:33,    71, 43.60, 33.30, 10.30
         0,     0, 4,20:40:40,20:40:49,     9, 33.30, 43.30,-10.00
  12706727,  7136, 1,20:39:50,20:41:14,    84, 41.30, 28.40, 12.90
         0,     0, 1,20:41:23,20:41:35,    12, 28.40, 41.20,-12.80
  13008802,     0, 9,20:42:13,20:42:43,    30, 41.00, 40.90,  0.10
  13008802,     0, 9,20:42:59,20:43:55,    56, 40.90, 34.30,  6.60
         0,     0, 9,20:44:03,20:44:11,     8, 34.30, 41.00, -6.70
  12706609,  7018, 8,20:44:11,20:45:05,    54, 41.20, 38.20,  3.00
         0,     0, 8,20:45:12,20:45:14,     2, 38.20, 41.20, -3.00
  13008800,     0,10,20:44:13,20:45:23,    70, 39.10, 28.70, 10.40
         0,     0,10,20:45:31,20:45:44,    13, 28.70, 41.10,-12.40
  11954075,  4105, 1,20:46:06,20:46:52,    46, 41.20, 31.00, 10.20
         0,     0, 1,20:47:00,20:47:09,     9, 31.00, 41.30,-10.30
  12706651,  7060, 3,20:47:09,20:47:25,    16, 45.90, 47.70, -1.80
  12706622,     0, 6,20:22:16,20:49:12,  1616, 40.60, 40.60,  0.00
  12706651,  7060, 4,20:47:47,20:49:16,    89, 43.30, 35.50,  7.80
         0,     0, 4,20:49:24,20:49:31,     7, 35.50, 43.20, -7.70
  12448521,     0, 7,20:22:09,20:50:38,  1709, 41.30, 29.90, 11.40
         0,     0, 7,20:50:45,20:50:52,     7, 29.90, 41.50,-11.60
  12706700,  7109, 2,20:51:04,20:52:22,    78, 44.00, 32.60, 11.40
         0,     0, 2,20:52:30,20:52:40,    10, 32.60, 43.90,-11.30
  12706707,  7116, 1,20:51:27,20:53:32,   125, 41.20, 32.60,  8.60
         0,     0, 1,20:53:41,20:53:49,     8, 32.60, 41.30, -8.70
  12706705,  7114, 3,20:52:02,20:54:57,   175, 46.10, 31.80, 14.30
         0,     0, 3,20:55:05,20:55:18,    13, 31.80, 31.70,  0.10
  12200007,  5061, 5,20:54:28,20:56:35,   127, 40.90, 26.30, 14.60
         0,     0, 5,20:56:43,20:56:56,    13, 26.30, 40.80,-14.50
  12448483,  6096, 2,20:57:15,20:59:37,   142, 44.00, 20.80, 23.20
         0,     0, 2,20:59:45,21:00:07,    22, 20.80, 44.00,-23.20
  13323358,     0,10,21:01:45,21:01:53,     8, 41.10, 40.90,  0.20
  11954050,  4080, 4,21:03:16,21:04:02,    46, 43.20, 41.60,  1.60
         0,     0, 4,21:04:09,21:04:10,     1, 41.60, 43.30, -1.70
  13008800,     0,10,21:03:59,21:05:00,    61, 40.90, 33.00,  7.90
         0,     0,10,21:05:07,21:05:15,     8, 33.00, 41.20, -8.20
  13008735,  7156, 2,21:05:26,21:07:49,   143, 44.00, 36.20,  7.80
         0,     0, 2,21:07:57,21:08:04,     7, 36.20, 43.90, -7.70
  12448448,  6061, 2,21:15:49,21:16:17,    28, 44.00, 43.90,  0.10
  21306958,  5124, 8,21:17:02,21:17:06,     4, 30.30, 30.30,  0.00
  12448442,  6055, 6,20:49:23,21:17:15,  1672, 40.60, 33.00,  7.60
         0,     0, 8,21:17:14,21:17:25,    11, 30.30, 41.20,-10.90
  12706618,     0,10,21:16:16,21:17:25,    69, 41.20, 33.50,  7.70
         0,     0, 6,21:17:23,21:17:31,     8, 33.00, 41.50, -8.50
         0,     0,10,21:17:32,21:17:39,     7, 33.50, 41.20, -7.70
  13323358,     0,10,21:19:19,21:20:08,    49, 41.20, 36.90,  4.30
         0,     0,10,21:20:15,21:20:19,     4, 36.90, 41.20, -4.30
  12706609,  7018, 7,21:16:53,21:21:30,   277, 41.50, 41.50,  0.00
  12706609,  7018, 8,21:21:19,21:21:40,    21, 41.20, 40.70,  0.50
  21306958,  5124, 8,21:21:57,21:22:01,     4, 40.10, 40.00,  0.10
  12448448,  6061, 1,21:16:21,21:22:36,   375, 41.30, 18.40, 22.90
         0,     0, 1,21:22:45,21:23:06,    21, 18.40, 41.30,-22.90
  12706707,  7116, 3,21:23:56,21:24:36,    40, 45.50, 42.10,  3.40
         0,     0, 3,21:24:44,21:24:47,     3, 42.10, 42.10,  0.00
  11954050,  4080, 2,21:23:22,21:25:07,   105, 43.90, 32.40, 11.50
         0,     0, 2,21:25:16,21:25:26,    10, 32.40, 43.90,-11.50
  12706707,  7116, 4,21:26:30,21:26:52,    22, 43.20, 43.20,  0.00
  11954050,  4080, 2,21:25:36,21:26:54,    78, 43.90, 35.90,  8.00
         0,     0, 2,21:27:03,21:27:10,     7, 35.90, 43.90, -8.00
  13323434,     0, 9,21:30:36,21:31:00,    24, 41.00, 40.60,  0.40
  12200046,  5100, 1,21:30:16,21:31:27,    71, 41.30, 32.60,  8.70
         0,     0, 1,21:31:35,21:31:42,     7, 32.60, 41.30, -8.70
  13323434,     0, 9,21:31:16,21:33:03,   107, 40.40, 34.70,  5.70
         0,     0, 9,21:33:11,21:33:19,     8, 34.70, 41.10, -6.40
  12448473,  6086, 1,21:34:00,21:34:06,     6, 41.30, 41.30,  0.00
  12200007,  5061, 5,21:34:43,21:35:46,    63, 40.80, 33.20,  7.60
         0,     0, 5,21:35:53,21:36:00,     7, 33.20, 33.20,  0.00
  12200042,  5096, 1,21:34:15,21:36:17,   122, 41.30, 21.60, 19.70
         0,     0, 1,21:36:25,21:36:43,    18, 21.60, 41.20,-19.60
  12448473,  6086, 2,21:36:37,21:37:59,    82, 43.90, 28.50, 15.40
         0,     0, 2,21:38:07,21:38:21,    14, 28.50, 43.80,-15.30
  21306958,  5124, 7,21:21:40,21:41:26,  1186, 41.40, 41.30,  0.10
  13008735,  7156, 2,21:38:39,21:41:57,   198, 43.80, 36.00,  7.80
  12706639,  7048, 1,21:37:30,21:42:08,   278, 41.20, 25.00, 16.20
         0,     0, 2,21:42:06,21:42:13,     7, 36.00, 43.90, -7.90
  13008732,  7153, 4,21:41:22,21:42:14,    52, 43.50, 42.80,  0.70
         0,     0, 1,21:42:17,21:42:32,    15, 25.00, 41.30,-16.30
  12448409,  6022, 4,21:42:50,21:42:57,     7, 42.90, 42.80,  0.10
  13008732,  7153, 3,21:42:54,21:43:01,     7, 45.60, 46.50, -0.90
  13008815,     0, 8,21:43:30,21:43:34,     4, 37.10, 37.20, -0.10
         0,     0, 8,21:43:42,21:43:45,     3, 37.20, 41.00, -3.80
  12448409,  6022, 3,21:43:11,21:44:59,   108, 46.50, 36.10, 10.40
         0,     0, 3,21:45:07,21:45:16,     9, 36.10, 36.00,  0.10
  13008732,  7153, 4,21:44:32,21:46:41,   129, 43.00, 36.00,  7.00
         0,     0, 4,21:46:49,21:46:56,     7, 36.00, 43.50, -7.50
  13008732,  7153, 4,21:47:13,21:48:13,    60, 43.50, 29.80, 13.70
         0,     0, 4,21:48:21,21:48:34,    13, 29.80, 43.40,-13.60
  12706651,  7060, 5,21:48:23,21:49:26,    63, 40.70, 38.40,  2.30
         0,     0, 5,21:49:34,21:49:36,     2, 38.40, 41.00, -2.60
  11954042,     0, 9,21:50:07,21:51:15,    68, 41.10, 40.90,  0.20
  11954042,     0, 9,21:51:29,21:54:14,   165, 40.70, 33.60,  7.10
         0,     0, 9,21:54:21,21:54:30,     9, 33.60, 41.10, -7.50
  13008815,     0, 7,21:41:36,21:55:02,   806, 41.30, 35.10,  6.20
         0,     0, 7,21:55:10,21:55:14,     4, 35.10, 41.60, -6.50
  12706650,  7059, 3,21:54:37,21:56:04,    87, 45.90, 37.50,  8.40
         0,     0, 3,21:56:13,21:56:20,     7, 37.50, 37.80, -0.30
  13008756,  7115, 1,21:55:32,21:56:35,    63, 41.30, 30.10, 11.20
  12706609,  7018, 8,21:56:05,21:56:39,    34, 32.70, 28.20,  4.50
         0,     0, 1,21:56:43,21:56:53,    10, 30.10, 41.30,-11.20
         0,     0, 8,21:56:47,21:57:01,    14, 28.20, 41.10,-12.90
  12706616,  7025, 2,21:58:42,21:59:46,    64, 43.90, 32.50, 11.40
         0,     0, 2,21:59:53,22:00:03,    10, 32.50, 44.00,-11.50
  13323427,     0, 8,22:02:44,22:02:46,     2, 41.00, 41.00,  0.00
  13323427,     0, 8,22:03:19,22:03:21,     2, 41.00, 41.00,  0.00
  21306958,  5124, 8,22:03:56,22:03:58,     2, 40.90, 40.90,  0.00
  12706609,  7018, 7,21:55:42,22:04:06,   504, 38.30, 38.30,  0.00
         0,     0, 7,22:04:13,22:04:15,     2, 38.30, 41.50, -3.20
  13323427,     0, 8,22:06:14,22:08:18,   124, 40.80, 40.60,  0.20
  13323427,     0, 8,22:08:48,22:09:08,    20, 40.50, 39.50,  1.00
  13008735,  7156, 2,22:07:02,22:09:08,   126, 44.00, 40.90,  3.10
         0,     0, 8,22:09:15,22:09:16,     1, 39.50, 40.70, -1.20
         0,     0, 2,22:09:17,22:09:18,     1, 40.90, 43.90, -3.00
  13323427,     0, 8,22:10:09,22:10:41,    32, 33.50, 28.90,  4.60
         0,     0, 8,22:10:49,22:11:02,    13, 28.90, 41.10,-12.20
  12706710,  7119, 1,22:09:27,22:11:10,   103, 41.30, 26.70, 14.60
         0,     0, 1,22:11:19,22:11:32,    13, 26.70, 41.20,-14.50
  11954075,  4105, 2,22:11:53,22:14:06,   133, 43.90, 27.90, 16.00
         0,     0, 2,22:14:14,22:14:29,    15, 27.90, 28.00, -0.10
  12706655,  7064, 5,22:13:26,22:15:09,   103, 41.00, 24.10, 16.90
  13008735,  7156, 1,22:13:13,22:15:28,   135, 41.20, 38.60,  2.60
         0,     0, 5,22:15:17,22:15:33,    16, 24.10, 40.70,-16.60
         0,     0, 1,22:15:35,22:15:37,     2, 38.60, 41.30, -2.70
  13008768,     0, 6,21:29:33,22:15:49,  2776, 41.50, 41.50,  0.00
  11954014,  4044, 5,22:15:51,22:17:14,    83, 40.80, 26.70, 14.10
         0,     0, 5,22:17:21,22:17:34,    13, 26.70, 40.80,-14.10
  13323451,     0, 9,22:26:33,22:26:35,     2, 31.40, 31.50, -0.10
  12706738,  7147, 2,22:24:55,22:26:44,   109, 43.90, 40.20,  3.70
         0,     0, 2,22:26:51,22:26:53,     2, 40.20, 43.80, -3.60
         0,     0, 9,22:26:43,22:26:56,    13, 31.50, 41.10, -9.60
  13323451,     0, 9,22:27:42,22:28:35,    53, 40.30, 37.20,  3.10
         0,     0, 9,22:28:43,22:28:47,     4, 37.20, 41.10, -3.90
  12706738,  7147, 2,22:27:03,22:28:48,   105, 43.90, 34.40,  9.50
         0,     0, 2,22:28:56,22:29:04,     8, 34.40, 44.00, -9.60
  13008742,  7163, 1,22:26:53,22:30:50,   237, 41.30, 21.10, 20.20
         0,     0, 1,22:30:58,22:31:17,    19, 21.10, 41.30,-20.20
  12706650,  7059, 5,22:30:49,22:32:22,    93, 40.80, 32.10,  8.70
         0,     0, 5,22:32:30,22:32:38,     8, 32.10, 40.80, -8.70
  11499161,  2051, 4,22:32:23,22:34:38,   135, 44.30, 40.40,  3.90
  11724109,  6068, 1,22:32:32,22:34:45,   133, 41.30, 29.90, 11.40
         0,     0, 4,22:34:46,22:34:48,     2, 40.40, 43.40, -3.00
         0,     0, 1,22:34:52,22:35:02,    10, 29.90, 41.30,-11.40
  12448477,  6090, 2,22:39:31,22:40:14,    43, 44.00, 43.90,  0.10
  13323427,     0, 8,22:44:32,22:44:42,    10, 41.10, 41.00,  0.10
  12448477,  6090, 2,22:40:52,22:45:04,   252, 43.90, 36.70,  7.20
         0,     0, 2,22:45:12,22:45:18,     6, 36.70, 43.90, -7.20
  21306958,  5124, 7,22:04:26,22:45:16,  2450, 41.40, 37.50,  3.90
         0,     0, 7,22:45:23,22:45:24,     1, 37.50, 39.90, -2.40
  12448477,  6090, 2,22:46:04,22:46:46,    42, 44.00, 41.00,  3.00
         0,     0, 2,22:46:54,22:46:56,     2, 41.00, 44.00, -3.00
  11954014,  4044, 3,22:52:17,22:53:10,    53, 45.10, 40.60,  4.50
         0,     0, 3,22:53:18,22:53:22,     4, 40.60, 41.10, -0.50
  11724159,     0, 6,22:16:00,22:54:58,  2338, 40.40, 26.80, 13.60
         0,     0, 6,22:55:06,22:55:19,    13, 26.80, 41.00,-14.20
  11954014,  4044, 3,22:54:54,22:55:19,    25, 46.10, 43.40,  2.70
         0,     0, 3,22:55:28,22:55:30,     2, 43.40, 43.70, -0.30
  21268104,  6067, 2,22:57:20,22:58:38,    78, 44.00, 37.20,  6.80
         0,     0, 2,22:58:45,22:58:50,     5, 37.20, 43.90, -6.70
  21268104,  6067, 2,22:59:01,22:59:45,    44, 43.90, 38.70,  5.20
         0,     0, 2,22:59:52,22:59:56,     4, 38.70, 44.00, -5.30
  12706650,  7059, 4,23:04:33,23:06:19,   106, 43.60, 36.30,  7.30
         0,     0, 4,23:06:26,23:06:32,     6, 36.30, 43.50, -7.20
  12706727,  7136, 1,23:06:16,23:07:11,    55, 41.30, 37.30,  4.00
         0,     0, 1,23:07:19,23:07:22,     3, 37.30, 41.30, -4.00
  12706727,  7136, 1,23:07:32,23:08:17,    45, 41.30, 34.00,  7.30
         0,     0, 1,23:08:25,23:08:31,     6, 34.00, 41.30, -7.30
  12706669,  7078, 1,23:10:37,23:11:49,    72, 41.30, 30.10, 11.20
         0,     0, 1,23:11:58,23:12:08,    10, 30.10, 41.30,-11.20
  12706669,  7078, 1,23:12:44,23:13:02,    18, 41.30, 40.60,  0.70
  12448471,  6084, 3,23:12:14,23:13:29,    75, 45.00, 34.70, 10.30
         0,     0, 3,23:13:37,23:13:47,    10, 34.70, 34.50,  0.20
  13323427,     0, 7,22:45:38,23:16:11,  1833, 39.90, 39.80,  0.10
         0,     0, 7,23:16:19,23:16:19,     0, 39.80, 41.00, -1.20
  12706726,  7135, 4,23:23:33,23:23:39,     6, 43.80, 43.90, -0.10
  12448451,  6064, 1,23:24:23,23:25:37,    74, 40.60, 40.50,  0.10
  13008815,     0, 8,23:24:32,23:26:08,    96, 41.00, 34.40,  6.60
         0,     0, 8,23:26:16,23:26:22,     6, 34.40, 41.10, -6.70
  12448437,  6050, 8,23:26:47,23:29:17,   150, 41.00, 40.80,  0.20
  12448451,  6064, 2,23:25:47,23:30:43,   296, 44.00, 29.70, 14.30
         0,     0, 2,23:30:51,23:31:04,    13, 29.70, 43.90,-14.20
  12448437,  6050, 8,23:29:55,23:31:56,   121, 40.70, 36.90,  3.80
         0,     0, 8,23:32:03,23:32:07,     4, 36.90, 41.10, -4.20
  12706701,  7110, 3,23:29:49,23:33:41,   232, 46.00, 32.40, 13.60
         0,     0, 3,23:33:49,23:34:01,    12, 32.40, 32.40,  0.00
  12448428,  6041, 3,23:35:44,23:36:10,    26, 46.10, 47.80, -1.70
  12448428,  6041, 3,23:36:23,23:37:29,    66, 47.80, 31.60, 16.20
         0,     0, 3,23:37:36,23:37:49,    13, 31.60, 31.50,  0.10
  12706726,  7135, 1,23:37:05,23:37:55,    50, 40.50, 39.70,  0.80
         0,     0, 1,23:38:03,23:38:03,     0, 39.70, 41.20, -1.50
  13008800,     0,10,23:38:14,23:38:47,    33, 40.70, 36.80,  3.90
         0,     0,10,23:38:55,23:38:59,     4, 36.80, 41.20, -4.40
  12706637,  7046, 1,23:42:36,23:43:25,    49, 41.20, 40.70,  0.50
  12200046,  5100, 2,23:42:02,23:43:30,    88, 44.00, 31.80, 12.20
  13008820,     0, 9,23:39:38,23:43:35,   237, 41.10, 33.10,  8.00
         0,     0, 2,23:43:38,23:43:49,    11, 31.80, 43.90,-12.10
         0,     0, 9,23:43:43,23:43:53,    10, 33.10, 41.10, -8.00
  12706624,  7033, 6,22:55:30,23:44:36,  2946, 41.00, 34.60,  6.40
  12706637,  7046, 2,23:43:59,23:44:36,    37, 44.00, 38.40,  5.60
  12448437,  6050, 7,23:16:30,23:44:37,  1687, 41.00, 41.00,  0.00
         0,     0, 1,23:44:50,23:45:00,    10, 40.70, 40.70,  0.00
         0,     0, 3,23:44:50,23:45:00,    10, 45.90, 45.90,  0.00
         0,     0, 4,23:44:50,23:45:00,    10, 43.80, 43.80,  0.00
         0,     0, 5,23:44:50,23:45:00,    10, 40.80, 40.80,  0.00
         0,     0, 8,23:44:50,23:45:00,    10, 41.20, 41.20,  0.00
         0,     0, 9,23:44:50,23:45:00,    10, 41.10, 41.10,  0.00
         0,     0,10,23:44:50,23:45:00,    10, 41.20, 41.20,  0.00
         0,     0, 2,23:44:44,23:44:48,     4, 38.40, 43.80, -5.40
         0,     0, 6,23:44:44,23:44:50,     6, 34.60, 41.40, -6.80
