         0,     0, 3, 0:03:18, 0:03:28,    10, 47.10, 47.10,  0.00
         0,     0, 4, 0:03:18, 0:03:28,    10, 43.20, 43.20,  0.00
         0,     0, 5, 0:03:18, 0:03:28,    10, 40.30, 40.30,  0.00
         0,     0, 7, 0:03:18, 0:03:28,    10, 40.90, 40.90,  0.00
         0,     0, 8, 0:03:18, 0:03:28,    10, 41.10, 41.10,  0.00
         0,     0, 9, 0:03:18, 0:03:28,    10, 41.20, 41.20,  0.00
         0,     0,10, 0:03:18, 0:03:28,    10, 40.70, 40.70,  0.00
         0,     0, 1, 0:03:18, 0:03:28,    10, 41.30, 41.30,  0.00
         0,     0, 2, 0:03:18, 0:03:28,    10, 44.10, 44.10,  0.00
  12199969,     0, 9, 0:06:48, 0:08:45,   117, 41.20, 34.90,  6.30
         0,     0, 9, 0:08:53, 0:09:01,     8, 34.90, 41.10, -6.20
  12448416,  6029, 4, 0:13:46, 0:15:59,   133, 43.60, 26.90, 16.70
         0,     0, 4, 0:16:08, 0:16:23,    15, 26.90, 43.30,-16.40
  12706707,  7116, 2, 0:17:38, 0:18:32,    54, 44.10, 34.80,  9.30
         0,     0, 2, 0:18:41, 0:18:49,     8, 34.80, 44.10, -9.30
  12706707,  7116, 2, 0:19:34, 0:20:02,    28, 44.10, 39.50,  4.60
         0,     0, 2, 0:20:11, 0:20:14,     3, 39.50, 44.00, -4.50
  12448473,  6086, 2, 0:21:12, 0:22:38,    86, 44.00, 30.00, 14.00
         0,     0, 2, 0:22:46, 0:22:59,    13, 30.00, 44.10,-14.10
  12706700,  7109, 3, 0:32:12, 0:33:11,    59, 47.10, 34.20, 12.90
         0,     0, 3, 0:33:19, 0:33:29,    10, 34.20, 34.20,  0.00
  13323427,     0, 8, 0:32:54, 0:33:26,    32, 41.10, 41.00,  0.10
  12706727,  7136, 1, 0:32:01, 0:33:34,    93, 41.30, 41.10,  0.20
  13323427,     0, 8, 0:34:21, 0:35:10,    49, 41.00, 40.90,  0.10
  12706727,  7136, 1, 0:33:48, 0:35:25,    97, 41.10, 29.40, 11.70
         0,     0, 1, 0:35:32, 0:35:43,    11, 29.40, 41.20,-11.80
  11954056,     0, 8, 0:35:41, 0:35:42,     1, 40.90, 40.90,  0.00
  12448448,  6061, 5, 0:32:01, 0:36:28,   267, 40.30, 18.70, 21.60
         0,     0, 5, 0:36:35, 0:36:56,    21, 18.70, 18.80, -0.10
  12199969,     0, 9, 0:32:11, 0:37:22,   311, 35.40, 35.30,  0.10
  12706707,  7116, 2, 0:37:19, 0:37:30,    11, 44.20, 43.10,  1.10
         0,     0, 9, 0:37:30, 0:37:37,     7, 35.30, 41.00, -5.70
  11724109,  6068, 2, 0:39:28, 0:39:37,     9, 43.10, 43.10,  0.00
  11954056,     0, 8, 0:40:28, 0:40:31,     3, 40.90, 40.90,  0.00
  11724109,  6068, 1, 0:39:50, 0:44:33,   283, 41.20, 26.30, 14.90
         0,     0, 1, 0:44:41, 0:44:55,    14, 26.30, 41.30,-15.00
  12706701,  7110, 4, 0:43:29, 0:46:12,   163, 43.80, 32.40, 11.40
         0,     0, 4, 0:46:20, 0:46:30,    10, 32.40, 43.40,-11.00
  12706650,  7059, 1, 0:45:07, 0:46:30,    83, 41.30, 32.80,  8.50
         0,     0, 1, 0:46:38, 0:46:45,     7, 32.80, 41.30, -8.50
  13323427,     0, 8, 0:49:11, 0:52:42,   211, 40.60, 39.90,  0.70
         0,     0, 8, 0:52:50, 0:52:50,     0, 39.90, 39.80,  0.10
  13323427,     0, 8, 0:53:27, 0:56:15,   168, 39.70, 37.50,  2.20
         0,     0, 8, 0:56:23, 0:56:26,     3, 37.50, 41.10, -3.60
  11954056,     0, 7, 0:40:36, 0:56:25,   949, 40.90, 40.80,  0.10
  13008735,  7156, 2, 0:54:22, 0:57:01,   159, 43.10, 32.40, 10.70
         0,     0, 2, 0:57:10, 0:57:20,    10, 32.40, 44.10,-11.70
  12200046,  5100, 2, 1:00:51, 1:00:58,     7, 44.20, 44.20,  0.00
  12200046,  5100, 1, 1:01:02, 1:02:03,    61, 41.30, 33.00,  8.30
         0,     0, 1, 1:02:12, 1:02:19,     7, 33.00, 41.30, -8.30
  12200046,  5100, 1, 1:02:29, 1:03:09,    40, 41.30, 31.40,  9.90
         0,     0, 1, 1:03:17, 1:03:26,     9, 31.40, 41.30, -9.90
  12199987,  5041, 4, 1:00:20, 1:04:39,   259, 43.50, 29.40, 14.10
         0,     0, 4, 1:04:46, 1:04:59,    13, 29.40, 43.30,-13.90
  12200007,  5061, 2, 1:07:16, 1:08:06,    50, 44.10, 40.40,  3.70
         0,     0, 2, 1:08:13, 1:08:15,     2, 40.40, 44.00, -3.60
  12200007,  5061, 1, 1:11:51, 1:12:44,    53, 41.30, 36.80,  4.50
         0,     0, 1, 1:12:53, 1:12:56,     3, 36.80, 41.30, -4.50
  12199969,     0, 9, 1:25:02, 1:27:34,   152, 41.00, 35.50,  5.50
         0,     0, 9, 1:27:42, 1:27:49,     7, 35.50, 41.10, -5.60
  12448477,  6090, 4, 1:30:11, 1:32:06,   115, 43.70, 36.80,  6.90
         0,     0, 4, 1:32:13, 1:32:19,     6, 36.80, 43.30, -6.50
  13323425,     0, 9, 1:35:06, 1:35:41,    35, 41.00, 40.70,  0.30
  13323425,     0, 9, 1:36:56, 1:36:57,     1, 37.20, 37.20,  0.00
         0,     0, 9, 1:37:06, 1:37:10,     4, 37.20, 41.10, -3.90
  13323425,     0, 9, 1:37:46, 1:37:47,     1, 39.00, 39.00,  0.00
         0,     0, 9, 1:37:55, 1:37:57,     2, 39.00, 41.20, -2.20
  13008735,  7156, 3, 1:39:52, 1:40:53,    61, 46.50, 42.20,  4.30
         0,     0, 3, 1:41:01, 1:41:04,     3, 42.20, 46.20, -4.00
  12448409,  6022, 5, 1:41:10, 1:41:24,    14, 40.90, 40.90,  0.00
  12448479,  6092, 2, 1:40:46, 1:42:32,   106, 44.00, 42.80,  1.20
  13323416,     0,10, 1:39:41, 1:42:32,   171, 40.40, 31.20,  9.20
         0,     0,10, 1:42:41, 1:42:51,    10, 31.20, 41.20,-10.00
  13323358,     0, 7, 1:19:19, 1:44:36,  1517, 40.80, 40.70,  0.10
  12199988,  5042, 4, 1:41:19, 1:44:49,   210, 43.60, 26.90, 16.70
         0,     0, 4, 1:44:58, 1:45:14,    16, 26.90, 43.40,-16.50
  12448479,  6092, 2, 1:47:18, 1:50:30,   192, 42.80, 31.50, 11.30
         0,     0, 2, 1:50:38, 1:50:49,    11, 31.50, 44.00,-12.50
  12448428,  6041, 1, 1:50:41, 1:51:45,    64, 41.30, 29.00, 12.30
         0,     0, 1, 1:51:53, 1:52:04,    11, 29.00, 41.30,-12.30
  12706616,  7025, 2, 2:05:12, 2:07:31,   139, 44.10, 29.40, 14.70
         0,     0, 2, 2:07:38, 2:07:51,    13, 29.40, 44.00,-14.60
  12706659,  7068, 3, 2:06:55, 2:08:13,    78, 46.60, 46.60,  0.00
  13323427,     0, 8, 2:11:06, 2:11:43,    37, 41.10, 41.00,  0.10
  13008789,     0, 7, 1:44:46, 2:12:19,  1653, 40.60, 27.50, 13.10
         0,     0, 7, 2:12:27, 2:12:35,     8, 27.50, 27.60, -0.10
  12706659,  7068, 3, 2:09:06, 2:12:42,   216, 46.70, 29.50, 17.20
         0,     0, 3, 2:12:50, 2:13:04,    14, 29.50, 29.30,  0.20
  12706601,     0, 9, 2:14:28, 2:14:34,     6, 41.20, 41.20,  0.00
  13323427,     0, 8, 2:22:20, 2:23:01,    41, 40.90, 40.80,  0.10
  13008836,     0, 7, 2:28:35, 2:31:07,   152, 41.40, 41.00,  0.40
  12199981,  5035, 3, 2:32:54, 2:33:47,    53, 46.70, 35.40, 11.30
         0,     0, 3, 2:33:54, 2:34:03,     9, 35.40, 35.30,  0.10
  21292347,  1111, 4, 2:33:57, 2:36:18,   141, 44.10, 31.80, 12.30
         0,     0, 4, 2:36:25, 2:36:36,    11, 31.80, 43.40,-11.60
  11954042,     0, 7, 2:31:32, 2:38:06,   394, 41.00, 24.30, 16.70
         0,     0, 7, 2:38:13, 2:38:23,    10, 24.30, 24.40, -0.10
  12706637,  7046, 1, 3:05:16, 3:08:08,   172, 41.30, 25.70, 15.60
         0,     0, 1, 3:08:16, 3:08:30,    14, 25.70, 41.30,-15.60
  12448409,  6022, 3, 3:09:50, 3:10:07,    17, 46.70, 47.40, -0.70
  12448409,  6022, 4, 3:10:20, 3:13:16,   176, 43.80, 25.00, 18.80
         0,     0, 4, 3:13:23, 3:13:40,    17, 25.00, 43.30,-18.30
  11953978,  4008, 4, 3:16:30, 3:17:57,    87, 43.80, 39.80,  4.00
         0,     0, 4, 3:18:05, 3:18:08,     3, 39.80, 43.40, -3.60
  12706669,  7078, 3, 3:24:49, 3:27:55,   186, 47.00, 32.70, 14.30
         0,     0, 3, 3:28:02, 3:28:14,    12, 32.70, 46.40,-13.70
  12200083,     0, 9, 3:31:06, 3:31:07,     1, 41.00, 41.10, -0.10
  13008747,     0, 9, 3:31:24, 3:31:26,     2, 41.10, 41.10,  0.00
  13008747,     0,10, 3:31:31, 3:31:54,    23, 40.70, 40.60,  0.10
  13008747,     0,10, 3:36:40, 3:37:42,    62, 40.60, 34.50,  6.10
         0,     0,10, 3:37:49, 3:37:55,     6, 34.50, 41.20, -6.70
  11954075,  4105, 2, 3:57:24, 3:57:45,    21, 43.90, 43.80,  0.10
  12448521,     0, 8, 3:57:35, 3:57:48,    13, 39.40, 39.50, -0.10
         0,     0, 8, 3:57:55, 3:57:56,     1, 39.50, 41.00, -1.50
  11954075,  4105, 2, 3:57:56, 3:58:03,     7, 43.90, 43.70,  0.20
  11954075,  4105, 2, 3:58:39, 3:59:16,    37, 43.70, 40.50,  3.20
         0,     0, 2, 3:59:24, 3:59:26,     2, 40.50, 44.20, -3.70
  11954075,  4105, 2, 3:59:36, 4:00:26,    50, 44.20, 33.20, 11.00
         0,     0, 2, 4:00:34, 4:00:43,     9, 33.20, 44.00,-10.80
  12200005,  5059, 2, 4:03:01, 4:09:16,   375, 44.10, 24.60, 19.50
         0,     0, 2, 4:09:24, 4:09:42,    18, 24.60, 44.10,-19.50
  21268104,  6067, 1, 4:49:17, 4:51:56,   159, 41.30, 30.00, 11.30
         0,     0, 1, 4:52:05, 4:52:15,    10, 30.00, 41.40,-11.40
  12200046,  5100, 2, 6:17:51, 6:18:20,    29, 44.00, 44.00,  0.00
  12448428,  6041, 3, 6:20:43, 6:21:53,    70, 46.80, 32.30, 14.50
         0,     0, 3, 6:22:01, 6:22:13,    12, 32.30, 32.10,  0.20
  12200042,  5096, 2, 6:27:46, 6:30:03,   137, 44.00, 21.90, 22.10
         0,     0, 2, 6:30:12, 6:30:33,    21, 21.90, 44.10,-22.20
  11724109,  6068, 1, 6:32:29, 6:34:19,   110, 41.40, 41.00,  0.40
  12706650,  7059, 5, 6:32:51, 6:34:43,   112, 40.90, 30.40, 10.50
  12448416,  6029, 2, 6:31:36, 6:34:58,   202, 44.20, 26.70, 17.50
         0,     0, 5, 6:34:52, 6:35:02,    10, 30.40, 40.90,-10.50
  12706710,  7119, 1, 6:34:29, 6:35:11,    42, 41.00, 40.60,  0.40
         0,     0, 2, 6:35:07, 6:35:23,    16, 26.70, 44.10,-17.40
  11724109,  6068, 2, 6:35:43, 6:36:12,    29, 44.20, 44.10,  0.10
  12200005,  5059, 4, 6:36:51, 6:37:06,    15, 43.90, 43.50,  0.40
  12706639,  7048, 2, 6:36:26, 6:37:26,    60, 44.10, 40.10,  4.00
  11724109,  6068, 1, 6:36:28, 6:37:29,    61, 40.60, 40.40,  0.20
         0,     0, 2, 6:37:34, 6:37:37,     3, 40.10, 44.40, -4.30
  12706710,  7119, 2, 6:37:47, 6:37:48,     1, 44.10, 44.10,  0.00
  12706639,  7048, 1, 6:37:45, 6:37:57,    12, 40.40, 37.50,  2.90
         0,     0, 1, 6:38:05, 6:38:08,     3, 37.50, 41.30, -3.80
  12706639,  7048, 2, 6:38:05, 6:38:23,    18, 44.10, 39.40,  4.70
         0,     0, 2, 6:38:31, 6:38:34,     3, 39.40, 44.00, -4.60
  13008735,  7156, 4, 6:37:53, 6:39:29,    96, 43.80, 37.30,  6.50
         0,     0, 4, 6:39:38, 6:39:43,     5, 37.30, 43.50, -6.20
  12706710,  7119, 2, 6:38:44, 6:41:12,   148, 44.10, 21.10, 23.00
         0,     0, 2, 6:41:20, 6:41:41,    21, 21.10, 44.10,-23.00
  12706686,  7095, 1, 6:39:25, 6:42:18,   173, 41.30, 26.60, 14.70
         0,     0, 1, 6:42:27, 6:42:40,    13, 26.60, 41.30,-14.70
  13008735,  7156, 3, 6:41:39, 6:43:28,   109, 46.80, 38.90,  7.90
         0,     0, 3, 6:43:35, 6:43:41,     6, 38.90, 39.10, -0.20
  12448483,  6096, 5, 6:42:04, 6:44:27,   143, 40.90, 17.60, 23.30
  11724239,  3139, 1, 6:42:54, 6:44:42,   108, 41.30, 40.90,  0.40
         0,     0, 5, 6:44:35, 6:44:57,    22, 17.60, 40.80,-23.20
  12706639,  7048, 2, 6:41:51, 6:45:21,   210, 44.10, 30.80, 13.30
  11724239,  3139, 1, 6:45:09, 6:45:25,    16, 40.90, 40.80,  0.10
         0,     0, 2, 6:45:30, 6:45:42,    12, 30.80, 44.10,-13.30
  12448471,  6084, 3, 6:44:59, 6:46:46,   107, 46.70, 32.10, 14.60
         0,     0, 3, 6:46:54, 6:47:06,    12, 32.10, 32.40, -0.30
  12706637,  7046, 2, 6:47:06, 6:47:28,    22, 44.10, 44.00,  0.10
  12200005,  5059, 4, 6:45:20, 6:48:19,   179, 43.60, 32.20, 11.40
  11724239,  3139, 1, 6:47:53, 6:48:24,    31, 40.80, 40.60,  0.20
  12706637,  7046, 2, 6:47:42, 6:48:25,    43, 44.00, 43.50,  0.50
         0,     0, 4, 6:48:27, 6:48:37,    10, 32.20, 43.40,-11.20
  12706637,  7046, 2, 6:48:35, 6:48:36,     1, 43.50, 43.50,  0.00
  11954014,  4044, 3, 6:48:37, 6:49:17,    40, 47.00, 42.00,  5.00
         0,     0, 3, 6:49:24, 6:49:27,     3, 42.00, 42.40, -0.40
  12706637,  7046, 2, 6:48:46, 6:49:29,    43, 43.60, 39.30,  4.30
         0,     0, 2, 6:49:37, 6:49:40,     3, 39.30, 44.00, -4.70
  11499161,  2051, 3, 6:49:38, 6:49:45,     7, 46.60, 46.60,  0.00
  11499161,  2051, 4, 6:49:50, 6:49:55,     5, 43.80, 43.60,  0.20
  12200007,  5061, 2, 6:49:50, 6:50:05,    15, 44.10, 43.00,  1.10
  12706637,  7046, 1, 6:49:41, 6:50:45,    64, 40.60, 27.60, 13.00
         0,     0, 1, 6:50:53, 6:51:05,    12, 27.60, 41.20,-13.60
  11724239,  3139, 2, 6:50:16, 6:51:01,    45, 43.00, 42.70,  0.30
  11724109,  6068, 2, 6:51:12, 6:51:40,    28, 42.80, 42.70,  0.10
  11724239,  3139, 1, 6:51:20, 6:52:05,    45, 41.20, 40.70,  0.50
  12448473,  6086, 2, 6:51:54, 6:52:14,    20, 42.80, 41.10,  1.70
         0,     0, 2, 6:52:22, 6:52:23,     1, 41.10, 44.10, -3.00
  11499161,  2051, 3, 6:51:19, 6:54:10,   171, 46.30, 33.40, 12.90
         0,     0, 3, 6:54:17, 6:54:28,    11, 33.40, 33.20,  0.20
  11724239,  3139, 2, 6:52:38, 6:55:19,   161, 44.10, 37.30,  6.80
  11724109,  6068, 1, 6:52:16, 6:55:28,   192, 40.70, 23.20, 17.50
         0,     0, 2, 6:55:28, 6:55:33,     5, 37.30, 44.00, -6.70
         0,     0, 1, 6:55:36, 6:55:52,    16, 23.20, 41.30,-18.10
  12706651,  7060, 4, 6:59:35, 6:59:36,     1, 42.90, 43.70, -0.80
  12448473,  6086, 2, 6:59:51, 7:01:12,    81, 44.00, 31.00, 13.00
         0,     0, 2, 7:01:20, 7:01:31,    11, 31.00, 44.00,-13.00
  12706651,  7060, 4, 6:59:52, 7:03:12,   200, 43.80, 25.10, 18.70
         0,     0, 4, 7:03:19, 7:03:36,    17, 25.10, 43.50,-18.40
  12706707,  7116, 2, 7:02:26, 7:03:37,    71, 44.10, 32.60, 11.50
  12200007,  5061, 1, 7:02:09, 7:03:51,   102, 41.30, 25.70, 15.60
         0,     0, 2, 7:03:45, 7:03:55,    10, 32.60, 44.10,-11.50
         0,     0, 1, 7:04:00, 7:04:14,    14, 25.70, 41.30,-15.60
  11954014,  4044, 3, 7:06:25, 7:07:32,    67, 46.80, 28.20, 18.60
         0,     0, 3, 7:07:41, 7:07:57,    16, 28.20, 28.20,  0.00
  12706707,  7116, 2, 7:07:51, 7:08:09,    18, 44.10, 43.50,  0.60
  12706650,  7059, 3, 7:14:06, 7:16:21,   135, 47.20, 35.80, 11.40
         0,     0, 3, 7:16:29, 7:16:38,     9, 35.80, 36.00, -0.20
  12706686,  7095, 1, 7:21:25, 7:23:07,   102, 41.30, 29.40, 11.90
         0,     0, 1, 7:23:16, 7:23:27,    11, 29.40, 41.20,-11.80
  11499161,  2051, 4, 7:22:38, 7:24:55,   137, 44.10, 32.30, 11.80
         0,     0, 4, 7:25:03, 7:25:13,    10, 32.30, 43.30,-11.00
  13008756,  7115, 1, 7:24:28, 7:27:04,   156, 41.20, 19.70, 21.50
         0,     0, 1, 7:27:12, 7:27:32,    20, 19.70, 41.30,-21.60
  12448479,  6092, 1, 7:35:20, 7:36:38,    78, 41.30, 39.10,  2.20
         0,     0, 1, 7:36:46, 7:36:47,     1, 39.10, 41.20, -2.10
  12448479,  6092, 2, 7:36:55, 7:37:02,     7, 43.40, 42.30,  1.10
  12706707,  7116, 2, 7:37:17, 7:37:56,    39, 42.30, 35.90,  6.40
         0,     0, 2, 7:38:05, 7:38:12,     7, 35.90, 44.00, -8.10
  12448479,  6092, 1, 7:37:31, 7:39:12,   101, 41.20, 28.30, 12.90
         0,     0, 1, 7:39:20, 7:39:32,    12, 28.30, 41.20,-12.90
  21268104,  6067, 2, 7:57:43, 7:57:58,    15, 44.10, 44.00,  0.10
  12448477,  6090, 3, 7:57:55, 7:58:13,    18, 46.60, 45.90,  0.70
  12448477,  6090, 4, 7:58:49, 7:59:01,    12, 43.50, 43.00,  0.50
  12706705,  7114, 2, 8:01:54, 8:05:45,   231, 44.00, 24.40, 19.60
         0,     0, 2, 8:05:54, 8:06:12,    18, 24.40, 44.10,-19.70
  12448437,  6050, 7, 4:19:08, 8:08:04, 13736, 41.50, 32.60,  8.90
         0,     0, 7, 8:08:12, 8:08:17,     5, 32.60, 41.50, -8.90
  12448451,  6064, 2, 8:09:27, 8:10:31,    64, 44.00, 44.00,  0.00
  21268104,  6067, 1, 8:11:11, 8:11:27,    16, 41.30, 41.20,  0.10
  21268104,  6067, 1, 8:11:41, 8:12:33,    52, 41.20, 39.60,  1.60
         0,     0, 1, 8:12:41, 8:12:42,     1, 39.60, 41.30, -1.70
  21268104,  6067, 2, 8:12:53, 8:13:45,    52, 44.00, 36.70,  7.30
         0,     0, 2, 8:13:53, 8:13:59,     6, 36.70, 44.10, -7.40
  12448451,  6064, 5, 8:14:12, 8:14:43,    31, 40.80, 40.70,  0.10
  11954050,  4080, 4, 8:20:38, 8:21:01,    23, 42.90, 41.90,  1.00
         0,     0, 4, 8:21:09, 8:21:10,     1, 41.90, 43.10, -1.20
  11954050,  4080, 4, 8:21:22, 8:23:00,    98, 43.10, 33.10, 10.00
  12448451,  6064, 1, 8:22:16, 8:23:07,    51, 41.30, 41.20,  0.10
         0,     0, 4, 8:23:08, 8:23:17,     9, 33.10, 43.40,-10.30
  11953978,  4008, 2, 8:22:23, 8:23:15,    52, 44.10, 42.50,  1.60
  12448451,  6064, 2, 8:23:25, 8:26:31,   186, 42.50, 42.10,  0.40
  12448451,  6064, 2, 8:26:40, 8:26:41,     1, 42.00, 42.00,  0.00
  11953978,  4008, 2, 8:27:07, 8:28:38,    91, 42.00, 29.30, 12.70
         0,     0, 2, 8:28:45, 8:28:58,    13, 29.30, 44.10,-14.80
  12706636,  7045, 3, 8:30:46, 8:33:46,   180, 45.90, 24.40, 21.50
         0,     0, 3, 8:33:54, 8:34:12,    18, 24.40, 24.20,  0.20
  12448451,  6064, 2, 8:35:04, 8:36:50,   106, 44.00, 43.70,  0.30
  12448451,  6064, 1, 8:36:55, 8:39:13,   138, 41.20, 13.00, 28.20
         0,     0, 1, 8:39:22, 8:39:49,    27, 13.00, 41.20,-28.20
  13323435,     0, 9, 8:45:44, 8:49:17,   213, 40.80, 34.80,  6.00
         0,     0, 9, 8:49:25, 8:49:33,     8, 34.80, 41.20, -6.40
  12706669,  7078, 2, 8:50:23, 8:52:20,   117, 43.60, 27.80, 15.80
         0,     0, 2, 8:52:28, 8:52:43,    15, 27.80, 44.00,-16.20
  12199987,  5041, 3, 8:57:07, 8:57:35,    28, 47.00, 47.10, -0.10
  12448409,  6022, 2, 8:59:14, 8:59:46,    32, 44.00, 44.00,  0.00
  12448409,  6022, 1, 9:00:22, 9:00:34,    12, 41.20, 41.20,  0.00
  12199987,  5041, 4, 8:58:49, 9:01:32,   163, 43.70, 39.70,  4.00
  12706655,  7064, 5, 9:00:20, 9:01:39,    79, 40.70, 38.20,  2.50
         0,     0, 4, 9:01:40, 9:01:43,     3, 39.70, 43.50, -3.80
         0,     0, 5, 9:01:47, 9:01:49,     2, 38.20, 41.00, -2.80
  12706655,  7064, 5, 9:01:59, 9:02:28,    29, 40.90, 33.40,  7.50
         0,     0, 5, 9:02:36, 9:02:43,     7, 33.40, 33.40,  0.00
  21292480,  6005, 4, 9:01:54, 9:02:45,    51, 43.50, 36.90,  6.60
         0,     0, 4, 9:02:53, 9:02:59,     6, 36.90, 43.20, -6.30
  12706655,  7064, 5, 9:03:04, 9:03:47,    43, 40.90, 27.70, 13.20
         0,     0, 5, 9:03:56, 9:04:08,    12, 27.70, 40.90,-13.20
  21292480,  6005, 3, 9:03:45, 9:04:43,    58, 46.80, 38.00,  8.80
         0,     0, 3, 9:04:51, 9:04:58,     7, 38.00, 46.40, -8.40
  12448409,  6022, 3, 9:05:32, 9:09:24,   232, 47.10, 29.70, 17.40
         0,     0, 3, 9:09:32, 9:09:46,    14, 29.70, 29.70,  0.00
  11954075,  4105, 5, 9:09:05, 9:10:21,    76, 40.90, 28.50, 12.40
         0,     0, 5, 9:10:29, 9:10:41,    12, 28.50, 40.90,-12.40
  12706659,  7068, 2, 9:10:36, 9:11:32,    56, 44.00, 43.80,  0.20
  12706659,  7068, 2, 9:11:43, 9:12:22,    39, 43.70, 42.50,  1.20
  12706659,  7068, 2, 9:12:33, 9:13:00,    27, 42.50, 38.90,  3.60
         0,     0, 2, 9:13:07, 9:13:11,     4, 38.90, 43.90, -5.00
  21268825,  6087, 2, 9:13:30, 9:13:31,     1, 44.00, 44.00,  0.00
  21268825,  6087, 2, 9:13:40, 9:13:52,    12, 44.00, 43.90,  0.10
  12706659,  7068, 1, 9:13:46, 9:13:58,    12, 41.20, 38.10,  3.10
         0,     0, 1, 9:14:05, 9:14:07,     2, 38.10, 41.20, -3.10
  21268825,  6087, 1, 9:14:18, 9:14:24,     6, 41.30, 41.30,  0.00
  21268825,  6087, 1, 9:14:37, 9:14:55,    18, 41.30, 41.10,  0.20
  12706659,  7068, 2, 9:14:50, 9:14:56,     6, 44.00, 42.70,  1.30
  12706659,  7068, 2, 9:15:18, 9:16:10,    52, 42.70, 28.30, 14.40
  21268825,  6087, 1, 9:15:08, 9:16:11,    63, 41.10, 41.00,  0.10
         0,     0, 2, 9:16:17, 9:16:31,    14, 28.30, 44.00,-15.70
  12199986,     0, 7, 9:02:34, 9:16:38,   844, 41.50, 31.30, 10.20
  13008800,     0, 8, 9:16:33, 9:16:37,     4, 40.90, 40.80,  0.10
         0,     0, 7, 9:16:46, 9:16:52,     6, 31.30, 41.40,-10.10
  13008836,     0, 8, 9:18:02, 9:18:19,    17, 40.90, 40.80,  0.10
  13323416,     0, 9, 9:17:28, 9:18:22,    54, 39.10, 37.90,  1.20
         0,     0, 9, 9:18:30, 9:18:33,     3, 37.90, 41.10, -3.20
  13008815,     0, 7, 9:17:06, 9:18:33,    87, 40.70, 32.50,  8.20
  21268825,  6087, 1, 9:16:21, 9:18:33,   132, 40.90, 17.20, 23.70
         0,     0, 7, 9:18:41, 9:18:47,     6, 32.50, 41.40, -8.90
         0,     0, 1, 9:18:41, 9:19:03,    22, 17.20, 41.30,-24.10
  13323416,     0,10, 9:19:08, 9:19:11,     3, 37.00, 37.00,  0.00
         0,     0,10, 9:19:19, 9:19:23,     4, 37.00, 41.30, -4.30
  13008815,     0, 8, 9:18:45, 9:19:51,    66, 40.20, 32.50,  7.70
         0,     0, 8, 9:20:00, 9:20:10,    10, 32.50, 41.00, -8.50
  21292347,  1111, 2, 9:18:01, 9:20:15,   134, 44.20, 37.40,  6.80
         0,     0, 2, 9:20:22, 9:20:28,     6, 37.40, 44.20, -6.80
  12448477,  6090, 3, 9:18:43, 9:21:08,   145, 46.80, 40.30,  6.50
         0,     0, 3, 9:21:15, 9:21:20,     5, 40.30, 46.20, -5.90
  11954075,  4105, 1, 9:20:42, 9:21:25,    43, 41.20, 34.90,  6.30
         0,     0, 1, 9:21:33, 9:21:38,     5, 34.90, 41.30, -6.40
  12448415,     0, 8, 9:21:38, 9:21:43,     5, 41.10, 41.00,  0.10
  13008836,     0, 8, 9:22:35, 9:23:12,    37, 40.70, 38.80,  1.90
         0,     0, 8, 9:23:20, 9:23:22,     2, 38.80, 41.10, -2.30
  12448477,  6090, 3, 9:22:21, 9:23:30,    69, 46.50, 36.70,  9.80
         0,     0, 3, 9:23:38, 9:23:46,     8, 36.70, 36.60,  0.10
  13008836,     0, 7, 9:18:57, 9:23:53,   296, 41.50, 37.80,  3.70
         0,     0, 7, 9:24:01, 9:24:03,     2, 37.80, 41.40, -3.60
  13008836,     0, 8, 9:23:55, 9:26:25,   150, 41.10, 26.50, 14.60
         0,     0, 8, 9:26:33, 9:26:49,    16, 26.50, 41.10,-14.60
  12448415,     0, 7, 9:24:21, 9:29:03,   282, 41.40, 25.10, 16.30
         0,     0, 7, 9:29:11, 9:29:23,    12, 25.10, 25.20, -0.10
  13008737,     0, 8, 9:29:45, 9:29:47,     2, 41.10, 41.10,  0.00
  12199981,  5035, 3, 9:29:16, 9:30:44,    88, 46.60, 29.90, 16.70
         0,     0, 3, 9:30:51, 9:31:05,    14, 29.90, 29.90,  0.00
  12199969,     0, 9, 9:31:05, 9:32:17,    72, 41.00, 41.00,  0.00
  12199969,     0, 9, 9:32:43, 9:33:38,    55, 41.00, 35.30,  5.70
  11724239,  3139, 2, 9:28:14, 9:33:46,   332, 44.10, 31.80, 12.30
         0,     0, 9, 9:33:47, 9:33:54,     7, 35.30, 41.00, -5.70
         0,     0, 2, 9:33:53, 9:34:04,    11, 31.80, 44.00,-12.20
  12706634,     0, 8, 9:34:24, 9:36:32,   128, 41.20, 23.40, 17.80
         0,     0, 8, 9:36:41, 9:36:59,    18, 23.40, 41.10,-17.70
  11954056,     0, 7, 9:34:21, 9:37:07,   166, 41.50, 31.50, 10.00
         0,     0, 7, 9:37:15, 9:37:21,     6, 31.50, 41.00, -9.50
  12706701,  7110, 1, 9:40:50, 9:40:59,     9, 41.30, 41.30,  0.00
  12706701,  7110, 2, 9:41:05, 9:42:25,    80, 44.00, 41.10,  2.90
         0,     0, 2, 9:42:32, 9:42:33,     1, 41.10, 44.10, -3.00
  12448471,  6084, 1, 9:41:20, 9:42:38,    78, 41.30, 28.70, 12.60
         0,     0, 1, 9:42:45, 9:42:56,    11, 28.70, 41.30,-12.60
  12706634,     0, 7, 9:37:52, 9:43:15,   323, 35.20, 34.90,  0.30
         0,     0, 7, 9:43:23, 9:43:27,     4, 34.90, 40.90, -6.00
  12706701,  7110, 2, 9:42:43, 9:44:48,   125, 44.10, 29.60, 14.50
  12200046,  5100, 1, 9:44:26, 9:44:57,    31, 41.30, 41.30,  0.00
         0,     0, 2, 9:44:56, 9:45:09,    13, 29.60, 44.10,-14.50
  13008779,     0, 8, 9:44:59, 9:45:07,     8, 24.70, 24.70,  0.00
         0,     0, 8, 9:45:16, 9:45:34,    18, 24.70, 40.50,-15.80
  12200046,  5100, 2, 9:45:20, 9:46:26,    66, 44.20, 35.10,  9.10
         0,     0, 2, 9:46:33, 9:46:40,     7, 35.10, 44.00, -8.90
  13008800,     0, 7, 9:44:15, 9:47:18,   183, 34.00, 34.00,  0.00
         0,     0, 7, 9:47:26, 9:47:30,     4, 34.00, 41.50, -7.50
  13008779,     0, 8, 9:47:04, 9:47:30,    26, 29.40, 27.70,  1.70
         0,     0, 8, 9:47:38, 9:47:52,    14, 27.70, 27.80, -0.10
  13008737,     0, 8, 9:48:33, 9:48:36,     3, 41.00, 41.00,  0.00
  13008786,     0, 8, 9:50:40, 9:51:58,    78, 40.60, 32.80,  7.80
  12706686,  7095, 2, 9:52:02, 9:52:05,     3, 44.00, 44.00,  0.00
         0,     0, 8, 9:52:06, 9:52:14,     8, 32.80, 41.10, -8.30
  13008737,     0, 7, 9:52:31, 9:53:09,    38, 41.30, 41.20,  0.10
  13008737,     0, 8, 9:55:44, 9:55:46,     2, 22.40, 22.50, -0.10
         0,     0, 8, 9:55:54, 9:56:14,    20, 22.50, 41.10,-18.60
  13008789,     0, 7, 9:53:19, 9:57:34,   255, 41.20, 28.50, 12.70
         0,     0, 7, 9:57:42, 9:57:50,     8, 28.50, 41.40,-12.90
  12706601,     0, 9, 9:55:14, 9:58:02,   168, 33.00, 22.80, 10.20
         0,     0, 9, 9:58:11, 9:58:35,    24, 22.80, 41.10,-18.30
  13008765,     0, 9, 9:59:17,10:00:48,    91, 41.10, 35.20,  5.90
  12199977,     0, 8,10:00:45,10:00:49,     4, 41.20, 41.20,  0.00
         0,     0, 9,10:00:55,10:01:02,     7, 35.20, 41.10, -5.90
  12706648,  7057, 2, 9:57:46,10:01:01,   195, 44.00, 20.50, 23.50
  12706686,  7095, 1, 9:57:44,10:01:06,   202, 41.30, 33.10,  8.20
         0,     0, 1,10:01:14,10:01:21,     7, 33.10, 41.30, -8.20
         0,     0, 2,10:01:09,10:01:32,    23, 20.50, 44.10,-23.60
  12448477,  6090, 3,10:01:52,10:02:08,    16, 46.90, 44.80,  2.10
  12706655,  7064, 4, 9:58:03,10:02:25,   262, 44.00, 33.30, 10.70
         0,     0, 4,10:02:32,10:02:41,     9, 33.30, 43.50,-10.20
  12199977,     0, 8,10:00:59,10:03:04,   125, 41.10, 23.70, 17.40
         0,     0, 8,10:03:13,10:03:31,    18, 23.70, 41.10,-17.40
  13323434,     0, 9,10:07:56,10:07:58,     2, 41.10, 41.10,  0.00
  13008786,     0, 7, 9:58:43,10:08:36,   593, 41.50, 32.70,  8.80
         0,     0, 7,10:08:44,10:08:49,     5, 32.70, 41.40, -8.70
  13323434,     0, 9,10:08:31,10:08:54,    23, 41.10, 40.90,  0.20
  13323434,     0, 9,10:09:48,10:09:50,     2, 40.80, 40.80,  0.00
  13323434,     0, 9,10:10:13,10:10:23,    10, 40.80, 40.60,  0.20
  13323434,     0, 9,10:10:55,10:10:57,     2, 40.30, 40.30,  0.00
  13008837,     0, 8,10:11:03,10:11:15,    12, 41.20, 41.10,  0.10
  13008837,     0, 7,10:10:34,10:12:21,   107, 41.40, 29.50, 11.90
  13008837,     0, 8,10:11:33,10:12:24,    51, 41.10, 41.10,  0.00
         0,     0, 7,10:12:29,10:12:37,     8, 29.50, 29.50,  0.00
  13323434,     0, 9,10:13:06,10:13:20,    14, 38.40, 38.00,  0.40
         0,     0, 9,10:13:28,10:13:31,     3, 38.00, 41.10, -3.10
  13323434,     0, 9,10:13:56,10:14:00,     4, 39.90, 39.80,  0.10
  21292347,  1111, 1,10:13:58,10:14:04,     6, 41.30, 41.30,  0.00
         0,     0, 9,10:14:07,10:14:08,     1, 39.80, 41.00, -1.20
  13323434,     0, 9,10:14:32,10:14:34,     2, 39.50, 39.50,  0.00
         0,     0, 9,10:14:41,10:14:42,     1, 39.50, 41.10, -1.60
  13008837,     0, 8,10:12:35,10:14:46,   131, 41.10, 36.60,  4.50
         0,     0, 8,10:14:55,10:14:59,     4, 36.60, 41.10, -4.50
  13323434,     0, 9,10:15:38,10:15:55,    17, 39.20, 37.70,  1.50
         0,     0, 9,10:16:03,10:16:07,     4, 37.70, 41.00, -3.30
  21292347,  1111, 2,10:14:08,10:16:19,   131, 44.20, 37.00,  7.20
         0,     0, 2,10:16:27,10:16:32,     5, 37.00, 44.10, -7.10
  13008837,     0, 7,10:14:57,10:17:36,   159, 41.50, 28.40, 13.10
         0,     0, 7,10:17:44,10:17:52,     8, 28.40, 28.40,  0.00
  12448420,     0, 9,10:17:45,10:19:07,    82, 41.10, 39.70,  1.40
         0,     0, 9,10:19:14,10:19:15,     1, 39.70, 41.10, -1.40
  12706710,  7119, 1,10:19:09,10:19:41,    32, 41.30, 40.30,  1.00
  12448420,     0, 9,10:19:25,10:19:51,    26, 40.60, 40.10,  0.50
  13323358,     0, 8,10:19:07,10:20:33,    86, 41.00, 30.80, 10.20
         0,     0, 8,10:20:41,10:20:51,    10, 30.80, 41.10,-10.30
  12448420,     0, 9,10:20:05,10:20:55,    50, 39.40, 37.40,  2.00
  12706710,  7119, 2,10:19:54,10:21:04,    70, 44.10, 29.20, 14.90
         0,     0, 9,10:21:03,10:21:07,     4, 37.40, 41.10, -3.70
  12200007,  5061, 1,10:19:54,10:21:20,    86, 40.30, 29.10, 11.20
         0,     0, 2,10:21:12,10:21:25,    13, 29.20, 44.10,-14.90
         0,     0, 1,10:21:28,10:21:39,    11, 29.10, 41.30,-12.20
  12706615,     0,10,10:22:17,10:22:48,    31, 41.10, 41.00,  0.10
  12706616,  7025, 1,10:21:55,10:24:01,   126, 41.30, 24.40, 16.90
         0,     0, 1,10:24:10,10:24:25,    15, 24.40, 41.30,-16.90
  12706615,     0, 9,10:23:28,10:25:55,   147, 41.10, 31.80,  9.30
         0,     0, 9,10:26:02,10:26:14,    12, 31.80, 41.10, -9.30
  13323425,     0, 9,10:28:35,10:28:55,    20, 40.70, 40.60,  0.10
  13323427,     0, 7,10:18:12,10:29:08,   656, 41.50, 41.50,  0.00
  11953978,  4008, 1,10:27:46,10:29:37,   111, 41.30, 39.80,  1.50
         0,     0, 1,10:29:45,10:29:45,     0, 39.80, 41.10, -1.30
  13323425,     0, 9,10:29:36,10:29:47,    11, 40.20, 39.80,  0.40
         0,     0, 9,10:29:56,10:29:57,     1, 39.80, 41.00, -1.20
  13008800,     0, 8,10:30:27,10:31:46,    79, 28.90, 29.00, -0.10
         0,     0, 8,10:31:53,10:32:05,    12, 29.00, 41.30,-12.30
  12199987,  5041, 2,10:27:19,10:32:46,   327, 44.10, 23.80, 20.30
         0,     0, 2,10:32:54,10:33:13,    19, 23.80, 44.10,-20.30
  11499161,  2051, 1,10:31:43,10:34:34,   171, 41.10, 40.80,  0.30
  12706618,     0, 9,10:35:27,10:35:29,     2, 41.00, 41.00,  0.00
  12448415,     0, 7,10:29:38,10:35:49,   371, 41.50, 24.70, 16.80
         0,     0, 7,10:35:56,10:36:06,    10, 24.70, 41.50,-16.80
  11499161,  2051, 2,10:34:38,10:36:06,    88, 44.20, 37.70,  6.50
         0,     0, 2,10:36:15,10:36:20,     5, 37.70, 44.00, -6.30
  12200048,     0, 8,10:33:15,10:37:09,   234, 41.20, 27.40, 13.80
         0,     0, 8,10:37:17,10:37:31,    14, 27.40, 41.10,-13.70
  11499161,  2051, 2,10:36:30,10:38:34,   124, 44.00, 33.00, 11.00
         0,     0, 2,10:38:42,10:38:51,     9, 33.00, 44.00,-11.00
  13008820,     0, 8,10:38:44,10:40:00,    76, 41.10, 40.50,  0.60
  13008735,  7156, 4,10:37:35,10:40:08,   153, 43.90, 36.70,  7.20
         0,     0, 4,10:40:15,10:40:21,     6, 36.70, 43.50, -6.80
  13008820,     0, 8,10:40:55,10:41:09,    14, 39.90, 39.70,  0.20
         0,     0, 8,10:41:16,10:41:17,     1, 39.70, 40.80, -1.10
  13008779,     0, 8,10:41:30,10:41:34,     4, 40.70, 40.80, -0.10
  12448437,  6050, 7,10:36:16,10:41:37,   321, 41.50, 32.10,  9.40
         0,     0, 7,10:41:45,10:41:50,     5, 32.10, 32.10,  0.00
  13008735,  7156, 3,10:41:13,10:42:07,    54, 44.70, 38.90,  5.80
         0,     0, 3,10:42:15,10:42:21,     6, 38.90, 39.20, -0.30
  21306958,  5124, 7,10:42:04,10:43:24,    80, 41.40, 41.20,  0.20
  13008779,     0, 8,10:43:03,10:43:59,    56, 36.70, 34.80,  1.90
         0,     0, 8,10:44:08,10:44:14,     6, 34.80, 41.00, -6.20
  12448416,  6029, 2,10:42:03,10:44:57,   174, 44.00, 34.60,  9.40
         0,     0, 2,10:45:05,10:45:13,     8, 34.60, 44.00, -9.40
  11954050,  4080, 2,10:45:43,10:46:35,    52, 44.10, 41.20,  2.90
         0,     0, 2,10:46:43,10:46:44,     1, 41.20, 44.10, -2.90
  11954050,  4080, 2,10:47:24,10:47:30,     6, 44.10, 43.60,  0.50
  11954050,  4080, 2,10:47:42,10:48:07,    25, 43.60, 41.60,  2.00
         0,     0, 2,10:48:14,10:48:15,     1, 41.60, 44.00, -2.40
  11954050,  4080, 1,10:48:24,10:48:30,     6, 40.80, 40.50,  0.30
  13008820,     0, 8,10:47:44,10:49:02,    78, 40.90, 40.00,  0.90
         0,     0, 8,10:49:09,10:49:09,     0, 40.00, 40.40, -0.40
  12706669,  7078, 3,10:51:16,10:52:18,    62, 46.90, 42.30,  4.60
  13008820,     0, 8,10:49:29,10:52:19,   170, 40.20, 35.60,  4.60
         0,     0, 3,10:52:25,10:52:28,     3, 42.30, 42.30,  0.00
         0,     0, 8,10:52:26,10:52:31,     5, 35.60, 40.90, -5.30
  13323427,     0, 7,10:43:47,10:53:07,   560, 41.20, 41.10,  0.10
  13008820,     0, 8,10:53:18,10:53:20,     2, 33.60, 33.60,  0.00
         0,     0, 8,10:53:28,10:53:35,     7, 33.60, 41.10, -7.50
  12448483,  6096, 2,10:51:43,10:53:47,   124, 43.90, 15.20, 28.70
         0,     0, 2,10:53:56,10:54:24,    28, 15.20, 44.20,-29.00
  12706618,     0,10,10:54:35,10:56:19,   104, 41.00, 27.10, 13.90
         0,     0,10,10:56:28,10:56:42,    14, 27.10, 41.20,-14.10
  13323358,     0, 7,10:53:42,10:58:32,   290, 40.40, 32.80,  7.60
         0,     0, 7,10:58:39,10:58:44,     5, 32.80, 41.50, -8.70
  11953978,  4008, 2,10:55:32,10:58:55,   203, 44.20, 35.20,  9.00
         0,     0, 2,10:59:03,10:59:10,     7, 35.20, 44.10, -8.90
  12200007,  5061, 1,10:59:53,11:00:05,    12, 40.50, 40.50,  0.00
  12200007,  5061, 2,11:00:10,11:00:38,    28, 44.10, 43.40,  0.70
  12706700,  7109, 3,11:00:43,11:01:56,    73, 46.70, 30.80, 15.90
         0,     0, 3,11:02:04,11:02:17,    13, 30.80, 30.60,  0.20
  12199988,  5042, 2,11:09:53,11:11:39,   106, 43.40, 41.10,  2.30
         0,     0, 2,11:11:47,11:11:48,     1, 41.10, 44.10, -3.00
  12199988,  5042, 2,11:11:58,11:13:47,   109, 44.10, 27.90, 16.20
  11954014,  4044, 3,11:13:39,11:13:50,    11, 46.80, 45.10,  1.70
         0,     0, 2,11:13:56,11:14:10,    14, 27.90, 44.20,-16.30
  12448409,  6022, 2,11:15:08,11:15:25,    17, 44.20, 44.20,  0.00
  12448409,  6022, 1,11:15:32,11:15:39,     7, 40.50, 40.50,  0.00
  21306958,  5124, 8,11:14:49,11:16:12,    83, 41.20, 40.60,  0.60
  12706651,  7060, 4,11:15:23,11:16:12,    49, 43.80, 42.80,  1.00
  11954014,  4044, 5,11:19:35,11:20:28,    53, 40.90, 23.30, 17.60
         0,     0, 5,11:20:36,11:20:52,    16, 23.30, 40.90,-17.60
  12706651,  7060, 4,11:22:44,11:23:57,    73, 43.70, 40.80,  2.90
         0,     0, 4,11:24:04,11:24:06,     2, 40.80, 43.40, -2.60
  12200007,  5061, 3,11:24:19,11:25:37,    78, 44.80, 33.10, 11.70
  21306958,  5124, 8,11:23:01,11:25:50,   169, 40.70, 38.40,  2.30
         0,     0, 3,11:25:45,11:25:56,    11, 33.10, 32.90,  0.20
         0,     0, 8,11:25:58,11:26:01,     3, 38.40, 41.10, -2.70
  12706651,  7060, 4,11:25:16,11:26:57,   101, 43.50, 30.80, 12.70
  21306958,  5124, 8,11:26:14,11:27:00,    46, 39.80, 35.40,  4.40
         0,     0, 8,11:27:08,11:27:14,     6, 35.40, 41.10, -5.70
         0,     0, 4,11:27:05,11:27:17,    12, 30.80, 43.40,-12.60
  11724239,  3139, 2,11:30:41,11:31:57,    76, 44.10, 43.90,  0.20
  11724239,  3139, 1,11:32:11,11:33:08,    57, 40.50, 40.20,  0.30
  13323427,     0, 7,11:18:01,11:33:18,   917, 25.90, 10.40, 15.50
  11724239,  3139, 2,11:33:30,11:33:36,     6, 43.90, 43.90,  0.00
         0,     0, 7,11:33:25,11:33:45,    20, 10.40, 10.40,  0.00
  11724109,  6068, 1,11:33:18,11:34:35,    77, 40.20, 40.00,  0.20
         0,     0, 1,11:34:44,11:34:44,     0, 40.00, 40.70, -0.70
  11724109,  6068, 1,11:34:57,11:35:07,    10, 40.70, 40.40,  0.30
  12200083,     0, 9,11:35:41,11:36:06,    25, 41.10, 41.00,  0.10
  11954075,  4105, 5,11:35:06,11:36:18,    72, 40.90, 28.30, 12.60
         0,     0, 5,11:36:26,11:36:38,    12, 28.30, 40.80,-12.50
  11724109,  6068, 1,11:35:21,11:36:45,    84, 40.40, 27.40, 13.00
         0,     0, 1,11:36:53,11:37:06,    13, 27.40, 41.40,-14.00
  12200083,     0, 9,11:36:24,11:37:43,    79, 41.00, 35.20,  5.80
         0,     0, 9,11:37:51,11:37:58,     7, 35.20, 41.10, -5.90
  11724109,  6068, 1,11:37:16,11:38:12,    56, 41.40, 35.40,  6.00
         0,     0, 1,11:38:20,11:38:25,     5, 35.40, 41.20, -5.80
  12706707,  7116, 2,11:38:52,11:38:57,     5, 43.80, 43.80,  0.00
  12706707,  7116, 1,11:39:06,11:39:54,    48, 41.20, 39.80,  1.40
         0,     0, 1,11:40:01,11:40:01,     0, 39.80, 41.20, -1.40
  12448415,     0, 7,11:37:20,11:40:52,   212, 41.40, 41.40,  0.00
  12706609,  7018, 8,11:40:50,11:40:52,     2, 41.10, 41.10,  0.00
  12448415,     0, 8,11:41:19,11:41:23,     4, 41.10, 41.10,  0.00
  11724239,  3139, 1,11:40:22,11:42:17,   115, 41.20, 40.50,  0.70
  12706707,  7116, 1,11:42:37,11:42:59,    22, 40.60, 39.30,  1.30
         0,     0, 1,11:43:06,11:43:07,     1, 39.30, 41.30, -2.00
  12706609,  7018, 8,11:41:42,11:43:17,    95, 41.10, 29.50, 11.60
         0,     0, 8,11:43:26,11:43:38,    12, 29.50, 29.60, -0.10
  12706707,  7116, 1,11:43:17,11:43:46,    29, 41.30, 36.80,  4.50
         0,     0, 1,11:43:54,11:43:57,     3, 36.80, 41.30, -4.50
  11954050,  4080, 1,11:44:35,11:45:15,    40, 41.30, 38.20,  3.10
         0,     0, 1,11:45:23,11:45:25,     2, 38.20, 41.30, -3.10
  21268104,  6067, 4,11:44:32,11:46:07,    95, 43.80, 34.90,  8.90
         0,     0, 4,11:46:15,11:46:23,     8, 34.90, 43.40, -8.50
  11954050,  4080, 1,11:46:00,11:47:03,    63, 41.30, 31.30, 10.00
         0,     0, 1,11:47:10,11:47:19,     9, 31.30, 41.30,-10.00
  12448437,  6050, 8,11:44:04,11:48:53,   289, 41.20, 34.20,  7.00
         0,     0, 8,11:49:00,11:49:07,     7, 34.20, 41.00, -6.80
  12706727,  7136, 1,11:51:49,11:51:55,     6, 41.30, 41.30,  0.00
  12706727,  7136, 2,11:52:23,11:54:59,   156, 43.80, 25.50, 18.30
         0,     0, 2,11:55:06,11:55:23,    17, 25.50, 44.00,-18.50
  11724239,  3139, 1,11:52:11,11:56:10,   239, 41.30, 29.60, 11.70
         0,     0, 1,11:56:18,11:56:29,    11, 29.60, 41.30,-11.70
  21292480,  6005, 5,11:59:00,11:59:07,     7, 40.80, 40.80,  0.00
  13008820,     0, 8,11:58:10,12:00:19,   129, 28.70, 26.90,  1.80
         0,     0, 8,12:00:26,12:00:41,    15, 26.90, 41.00,-14.10
  13008820,     0, 8,12:01:17,12:01:19,     2, 40.20, 40.20,  0.00
  21292480,  6005, 5,12:02:01,12:04:14,   133, 40.60, 22.20, 18.40
  11724178,     0, 9,12:04:04,12:04:22,    18, 35.90, 35.90,  0.00
         0,     0, 9,12:04:31,12:04:38,     7, 35.90, 41.00, -5.10
         0,     0, 5,12:04:23,12:04:40,    17, 22.20, 40.80,-18.60
  11724178,     0, 9,12:05:13,12:05:15,     2, 41.00, 41.00,  0.00
  11724178,     0, 9,12:05:40,12:06:01,    21, 41.00, 40.90,  0.10
  11724178,     0, 9,12:06:32,12:06:34,     2, 40.80, 40.80,  0.00
  11724178,     0, 9,12:07:14,12:07:17,     3, 40.60, 40.70, -0.10
  12199987,  5041, 1,12:05:08,12:07:20,   132, 41.30, 37.00,  4.30
         0,     0, 1,12:07:27,12:07:30,     3, 37.00, 41.30, -4.30
  12199987,  5041, 1,12:07:58,12:08:17,    19, 41.30, 39.80,  1.50
         0,     0, 1,12:08:24,12:08:24,     0, 39.80, 41.20, -1.40
  13323416,     0,10,12:07:19,12:08:30,    71, 40.80, 40.20,  0.60
  11724178,     0, 9,12:07:48,12:08:33,    45, 40.50, 40.00,  0.50
         0,     0, 9,12:08:41,12:08:41,     0, 40.00, 40.30, -0.30
  11724178,     0, 9,12:08:57,12:08:59,     2, 40.10, 40.20, -0.10
  11724178,     0, 9,12:09:28,12:10:22,    54, 40.20, 33.30,  6.90
         0,     0, 9,12:10:30,12:10:39,     9, 33.30, 41.10, -7.80
  12448471,  6084, 3,12:13:11,12:14:19,    68, 46.70, 35.60, 11.10
         0,     0, 3,12:14:28,12:14:37,     9, 35.60, 35.60,  0.00
  12706609,  7018, 7,11:41:33,12:18:26,  2213, 41.40, 40.70,  0.70
  12706707,  7116, 2,12:18:59,12:19:28,    29, 44.00, 40.00,  4.00
         0,     0, 2,12:19:35,12:19:37,     2, 40.00, 44.20, -4.20
  13008820,     0, 8,12:19:40,12:19:41,     1, 39.40, 39.20,  0.20
         0,     0, 8,12:19:49,12:19:50,     1, 39.20, 40.80, -1.60
  12706707,  7116, 1,12:19:56,12:20:15,    19, 41.10, 38.20,  2.90
         0,     0, 1,12:20:22,12:20:24,     2, 38.20, 41.20, -3.00
  11499161,  2051, 1,12:21:01,12:23:39,   158, 41.30, 38.80,  2.50
         0,     0, 1,12:23:46,12:23:47,     1, 38.80, 41.20, -2.40
  11499161,  2051, 1,12:24:09,12:24:20,    11, 41.30, 40.80,  0.50
  13008786,     0, 8,12:23:42,12:25:01,    79, 36.20, 27.40,  8.80
         0,     0, 8,12:25:08,12:25:22,    14, 27.40, 41.10,-13.70
  21268825,  6087, 2,12:25:02,12:26:22,    80, 44.10, 44.00,  0.10
  13008792,     0, 7,12:18:59,12:27:33,   514, 40.70, 32.40,  8.30
         0,     0, 7,12:27:41,12:27:46,     5, 32.40, 32.40,  0.00
  21268825,  6087, 1,12:26:27,12:28:14,   107, 40.80, 24.30, 16.50
         0,     0, 1,12:28:22,12:28:37,    15, 24.30, 41.30,-17.00
  13008737,     0, 8,12:30:07,12:30:12,     5, 41.10, 41.00,  0.10
  13008737,     0, 8,12:30:22,12:33:59,   217, 41.00, 24.60, 16.40
         0,     0, 8,12:34:07,12:34:25,    18, 24.60, 41.10,-16.50
  12448473,  6086, 2,12:36:13,12:36:17,     4, 44.00, 44.00,  0.00
  11954056,     0, 8,12:36:20,12:36:27,     7, 17.80, 17.90, -0.10
         0,     0, 8,12:36:36,12:37:00,    24, 17.90, 18.00, -0.10
  13008756,  7115, 5,12:39:07,12:39:12,     5, 40.80, 40.80,  0.00
  12448471,  6084, 5,12:40:23,12:40:49,    26, 40.80, 40.70,  0.10
  13008747,     0, 9,12:39:14,12:40:58,   104, 38.20, 30.70,  7.50
  12448473,  6086, 1,12:39:23,12:41:02,    99, 41.40, 27.40, 14.00
         0,     0, 9,12:41:06,12:41:19,    13, 30.70, 41.10,-10.40
  12706686,  7095, 4,12:39:04,12:41:19,   135, 43.60, 31.90, 11.70
         0,     0, 1,12:41:10,12:41:23,    13, 27.40, 41.30,-13.90
         0,     0, 4,12:41:27,12:41:37,    10, 31.90, 43.40,-11.50
  11954056,     0, 7,12:28:00,12:46:27,  1107, 41.20, 40.80,  0.40
  13323358,     0, 8,12:46:27,12:46:28,     1, 41.10, 41.10,  0.00
  13323358,     0, 8,12:46:49,12:46:52,     3, 40.80, 40.90, -0.10
  13008756,  7115, 4,12:46:13,12:48:04,   111, 43.40, 23.60, 19.80
  13323358,     0, 8,12:47:25,12:48:19,    54, 40.90, 35.60,  5.30
         0,     0, 4,12:48:12,12:48:31,    19, 23.60, 43.30,-19.70
         0,     0, 8,12:48:28,12:48:33,     5, 35.60, 41.00, -5.40
  12200085,     0, 9,12:48:23,12:48:43,    20, 41.10, 41.00,  0.10
  12200085,     0, 9,12:49:25,12:49:37,    12, 40.00, 38.90,  1.10
         0,     0, 9,12:49:45,12:49:47,     2, 38.90, 41.10, -2.20
  12448471,  6084, 5,12:48:32,12:50:11,    99, 40.60, 30.40, 10.20
         0,     0, 5,12:50:19,12:50:29,    10, 30.40, 40.90,-10.50
  12200046,  5100, 2,12:54:07,12:54:27,    20, 44.00, 44.00,  0.00
  12200046,  5100, 1,12:54:34,12:55:30,    56, 41.40, 31.10, 10.30
         0,     0, 1,12:55:38,12:55:47,     9, 31.10, 41.40,-10.30
  12706705,  7114, 5,12:56:00,12:58:40,   160, 40.90, 40.50,  0.40
  11499161,  2051, 1,12:56:17,12:58:52,   155, 41.40, 35.70,  5.70
         0,     0, 1,12:58:59,12:59:03,     4, 35.70, 41.30, -5.60
  13008779,     0, 8,13:00:44,13:01:23,    39, 41.10, 40.00,  1.10
  12706609,  7018, 8,13:01:33,13:01:37,     4, 40.10, 40.10,  0.00
  12706636,  7045, 3,13:00:42,13:02:01,    79, 47.00, 33.70, 13.30
         0,     0, 3,13:02:08,13:02:18,    10, 33.70, 33.90, -0.20
  12706609,  7018, 8,13:02:24,13:02:49,    25, 36.20, 32.40,  3.80
         0,     0, 8,13:02:57,13:03:06,     9, 32.40, 41.10, -8.70
  12706700,  7109, 2,13:04:33,13:04:48,    15, 44.00, 43.60,  0.40
  12706700,  7109, 2,13:04:57,13:05:34,    37, 43.60, 32.70, 10.90
  12706604,     0, 8,13:05:28,13:05:40,    12, 41.20, 41.10,  0.10
         0,     0, 2,13:05:43,13:05:53,    10, 32.70, 44.10,-11.40
  12706604,     0, 8,13:06:00,13:07:02,    62, 41.10, 41.10,  0.00
  12200085,     0,10,13:08:19,13:08:22,     3, 37.50, 37.50,  0.00
         0,     0,10,13:08:30,13:08:33,     3, 37.50, 41.20, -3.70
  12706604,     0, 8,13:08:18,13:09:05,    47, 41.10, 41.00,  0.10
  12199977,     0, 7,12:46:37,13:09:10,  1353, 40.80, 22.10, 18.70
  13323427,     0, 8,13:09:15,13:09:16,     1, 41.00, 41.00,  0.00
         0,     0, 7,13:09:18,13:09:30,    12, 22.10, 22.10,  0.00
  13323425,     0, 9,13:09:55,13:10:23,    28, 41.00, 40.60,  0.40
  12706639,  7048, 1,13:13:07,13:13:13,     6, 41.30, 41.30,  0.00
  12706639,  7048, 2,13:13:26,13:13:56,    30, 44.00, 43.80,  0.20
  12706639,  7048, 1,13:13:59,13:14:02,     3, 41.30, 41.30,  0.00
  12706639,  7048, 2,13:14:32,13:16:55,   143, 43.80, 23.70, 20.10
         0,     0, 2,13:17:04,13:17:23,    19, 23.70, 44.10,-20.40
  12200042,  5096, 4,13:17:56,13:19:55,   119, 43.40, 31.10, 12.30
         0,     0, 4,13:20:02,13:20:14,    12, 31.10, 43.40,-12.30
  12706604,     0, 7,13:09:40,13:22:34,   774, 41.30, 23.90, 17.40
         0,     0, 7,13:22:42,13:22:53,    11, 23.90, 41.40,-17.50
  12448416,  6029, 4,13:21:20,13:23:05,   105, 43.50, 32.60, 10.90
         0,     0, 4,13:23:14,13:23:24,    10, 32.60, 43.40,-10.80
  13008837,     0, 8,13:23:10,13:23:35,    25, 41.00, 41.00,  0.00
  12448472,  6085, 1,13:24:32,13:24:41,     9, 41.30, 41.20,  0.10
  13008837,     0, 8,13:23:56,13:24:40,    44, 40.90, 40.90,  0.00
  12448472,  6085, 2,13:25:14,13:25:28,    14, 44.00, 43.90,  0.10
  13008837,     0, 8,13:25:22,13:26:16,    54, 40.90, 40.90,  0.00
  12448472,  6085, 1,13:27:00,13:28:09,    69, 41.20, 40.00,  1.20
         0,     0, 1,13:28:16,13:28:16,     0, 40.00, 40.80, -0.80
  13008837,     0, 8,13:27:48,13:28:26,    38, 40.90, 40.80,  0.10
  21292347,  1111, 5,13:25:29,13:28:52,   203, 40.60, 32.20,  8.40
         0,     0, 5,13:29:00,13:29:08,     8, 32.20, 40.90, -8.70
  13008765,     0, 9,13:27:19,13:29:08,   109, 40.50, 35.10,  5.40
         0,     0, 9,13:29:16,13:29:23,     7, 35.10, 41.10, -6.00
  12448472,  6085, 1,13:28:47,13:29:31,    44, 40.80, 39.50,  1.30
         0,     0, 1,13:29:38,13:29:39,     1, 39.50, 41.20, -1.70
  12200005,  5059, 4,13:26:42,13:31:31,   289, 43.90, 21.50, 22.40
         0,     0, 4,13:31:39,13:32:00,    21, 21.50, 43.30,-21.80
  13008792,     0, 8,13:34:44,13:36:47,   123, 40.70, 22.50, 18.20
         0,     0, 8,13:36:56,13:37:16,    20, 22.50, 41.10,-18.60
  21268104,  6067, 5,13:36:14,13:37:47,    93, 40.90, 31.60,  9.30
         0,     0, 5,13:37:55,13:38:03,     8, 31.60, 40.90, -9.30
  13008837,     0, 7,13:24:46,13:41:46,  1020, 41.40, 41.50, -0.10
  13323435,     0, 9,13:42:01,13:42:23,    22, 41.00, 41.00,  0.00
  13008765,     0, 9,13:43:10,13:43:58,    48, 41.00, 38.10,  2.90
  13323435,     0,10,13:43:43,13:44:05,    22, 40.80, 40.30,  0.50
         0,     0, 9,13:44:06,13:44:09,     3, 38.10, 41.10, -3.00
  13008815,     0, 8,13:43:10,13:44:36,    86, 40.80, 29.50, 11.30
         0,     0, 8,13:44:44,13:44:56,    12, 29.50, 29.60, -0.10
  13323435,     0, 9,13:45:43,13:45:46,     3, 35.60, 35.60,  0.00
         0,     0, 9,13:45:53,13:46:00,     7, 35.60, 41.10, -5.50
  21306958,  5124, 8,13:46:37,13:47:26,    49, 41.20, 41.00,  0.20
  12199981,  5035, 5,13:46:08,13:47:59,   111, 40.90, 20.80, 20.10
         0,     0, 5,13:48:07,13:48:26,    19, 20.80, 40.90,-20.10
  12448409,  6022, 3,13:49:44,13:50:24,    40, 46.60, 47.20, -0.60
  13008802,     0, 9,13:50:15,13:50:36,    21, 41.10, 40.70,  0.40
  13008802,     0, 9,13:50:57,13:51:06,     9, 40.40, 40.50, -0.10
  12448409,  6022, 3,13:51:06,13:51:21,    15, 47.60, 47.10,  0.50
  12448409,  6022, 4,13:51:46,13:51:55,     9, 44.10, 44.00,  0.10
  12448437,  6050, 7,13:42:03,13:52:56,   653, 41.40, 32.00,  9.40
         0,     0, 7,13:53:04,13:53:09,     5, 32.00, 40.10, -8.10
  21306958,  5124, 8,13:52:45,13:55:19,   154, 41.10, 32.90,  8.20
  12448409,  6022, 3,13:52:00,13:55:33,   213, 46.60, 22.80, 23.80
         0,     0, 8,13:55:27,13:55:37,    10, 32.90, 41.10, -8.20
  12706655,  7064, 4,13:52:23,13:55:43,   200, 44.10, 37.60,  6.50
  13323427,     0, 7,13:53:45,13:55:44,   119, 40.00, 35.30,  4.70
         0,     0, 7,13:55:52,13:55:56,     4, 35.30, 41.50, -6.20
         0,     0, 4,13:55:50,13:55:56,     6, 37.60, 42.90, -5.30
         0,     0, 3,13:55:40,13:56:01,    21, 22.80, 46.50,-23.70
  13323427,     0, 8,13:56:51,13:57:07,    16, 27.90, 27.80,  0.10
  13008802,     0, 9,13:56:59,13:57:15,    16, 40.50, 40.50,  0.00
         0,     0, 8,13:57:15,13:57:28,    13, 27.80, 41.10,-13.30
  13008802,     0, 9,13:58:42,14:00:23,   101, 40.50, 30.90,  9.60
         0,     0, 9,14:00:30,14:00:43,    13, 30.90, 41.10,-10.20
  12448428,  6041, 3,13:59:43,14:01:20,    97, 46.80, 34.10, 12.70
         0,     0, 3,14:01:27,14:01:37,    10, 34.10, 34.10,  0.00
  12448477,  6090, 5,13:59:49,14:02:27,   158, 40.80, 26.70, 14.10
         0,     0, 5,14:02:35,14:02:49,    14, 26.70, 41.00,-14.30
  12448416,  6029, 3,14:02:01,14:03:25,    84, 46.90, 41.20,  5.70
         0,     0, 3,14:03:33,14:03:37,     4, 41.20, 46.40, -5.20
  21268104,  6067, 2,14:02:17,14:03:59,   102, 43.80, 36.30,  7.50
         0,     0, 2,14:04:07,14:04:13,     6, 36.30, 44.10, -7.80
  12448448,  6061, 3,14:04:26,14:04:46,    20, 47.50, 47.10,  0.40
  12448448,  6061, 4,14:04:55,14:05:21,    26, 43.10, 43.10,  0.00
  12448451,  6064, 1,14:04:58,14:06:29,    91, 41.20, 41.00,  0.20
  13323416,     0, 9,14:07:57,14:08:01,     4, 41.10, 41.10,  0.00
  12448451,  6064, 2,14:06:35,14:08:06,    91, 44.00, 44.00,  0.00
  12448451,  6064, 1,14:08:14,14:09:10,    56, 41.00, 40.90,  0.10
  12448451,  6064, 2,14:09:15,14:11:18,   123, 44.00, 43.60,  0.40
  12448416,  6029, 3,14:10:12,14:11:49,    97, 46.50, 36.10, 10.40
         0,     0, 3,14:11:56,14:12:04,     8, 36.10, 36.00,  0.10
  12448451,  6064, 2,14:11:28,14:12:05,    37, 43.60, 43.50,  0.10
  12448448,  6061, 4,14:05:41,14:12:05,   384, 43.00, 18.50, 24.50
  12448451,  6064, 1,14:12:09,14:12:18,     9, 40.90, 40.90,  0.00
         0,     0, 4,14:12:14,14:12:38,    24, 18.50, 43.30,-24.80
  11954042,     0, 7,13:57:53,14:13:56,   963, 41.40, 27.10, 14.30
         0,     0, 7,14:14:04,14:14:13,     9, 27.10, 41.40,-14.30
  12448451,  6064, 3,14:16:34,14:16:35,     1, 46.00, 46.80, -0.80
  12448428,  6041, 3,14:18:48,14:19:35,    47, 46.70, 37.90,  8.80
         0,     0, 3,14:19:43,14:19:50,     7, 37.90, 46.30, -8.40
  12448451,  6064, 2,14:17:25,14:21:05,   220, 43.50, 23.30, 20.20
         0,     0, 2,14:21:14,14:21:34,    20, 23.30, 44.00,-20.70
  13323425,     0, 9,14:21:00,14:21:42,    42, 40.30, 38.70,  1.60
         0,     0, 9,14:21:49,14:21:51,     2, 38.70, 41.00, -2.30
         0,     0, 6,14:22:10,14:22:20,    10,  0.60,  0.60,  0.00
  13323416,     0,10,14:20:37,14:22:34,   117, 40.20, 31.20,  9.00
         0,     0,10,14:22:41,14:22:51,    10, 31.20, 41.30,-10.10
  12199987,  5041, 6,14:22:18,14:24:33,   135,  0.60,  0.30,  0.30
         0,     0, 6,14:24:40,14:25:25,    45,  0.30, 39.20,-38.90
  12200085,     0,10,14:24:49,14:26:09,    80, 41.30, 28.60, 12.70
         0,     0,10,14:26:18,14:26:31,    13, 28.60, 41.20,-12.60
  12448420,     0,10,14:26:47,14:27:23,    36, 40.00, 36.80,  3.20
         0,     0,10,14:27:31,14:27:35,     4, 36.80, 41.20, -4.40
  13008762,     0, 6,14:25:39,14:27:45,   126, 35.20, 11.00, 24.20
  12199986,     0, 8,14:27:59,14:28:01,     2, 41.20, 41.20,  0.00
  13008815,     0, 7,14:15:49,14:28:07,   738, 41.30, 33.10,  8.20
         0,     0, 7,14:28:14,14:28:19,     5, 33.10, 40.50, -7.40
         0,     0, 6,14:27:53,14:28:22,    29, 11.00, 11.00,  0.00
  12199969,     0, 9,14:31:12,14:31:14,     2, 30.60, 30.60,  0.00
         0,     0, 9,14:31:22,14:31:35,    13, 30.60, 41.10,-10.50
  13008836,     0, 8,14:32:30,14:32:31,     1, 41.20, 41.10,  0.10
  13008836,     0, 8,14:32:58,14:33:19,    21, 41.10, 41.00,  0.10
  13008797,     0, 6,14:29:26,14:33:57,   271, 39.10, 33.80,  5.30
  21292480,  6005, 5,14:32:52,14:33:57,    65, 40.90, 34.30,  6.60
  11953978,  4008, 2,14:32:18,14:34:00,   102, 44.00, 32.40, 11.60
         0,     0, 6,14:34:05,14:34:12,     7, 33.80, 33.90, -0.10
         0,     0, 5,14:34:05,14:34:12,     7, 34.30, 40.70, -6.40
         0,     0, 2,14:34:07,14:34:18,    11, 32.40, 44.00,-11.60
  13008836,     0, 8,14:33:55,14:34:35,    40, 40.80, 39.90,  0.90
         0,     0, 8,14:34:43,14:34:43,     0, 39.90, 40.10, -0.20
  12199986,     0, 7,14:28:29,14:35:21,   412, 39.80, 23.10, 16.70
         0,     0, 7,14:35:29,14:35:41,    12, 23.10, 39.90,-16.80
  13008836,     0, 7,14:36:16,14:37:13,    57, 32.60, 32.60,  0.00
  12706615,     0,10,14:34:46,14:37:21,   155, 41.20, 28.70, 12.50
         0,     0, 7,14:37:21,14:37:26,     5, 32.60, 32.70, -0.10
  12706686,  7095, 3,14:33:02,14:37:24,   262, 47.10, 39.30,  7.80
         0,     0, 3,14:37:32,14:37:37,     5, 39.30, 39.10,  0.20
         0,     0,10,14:37:29,14:37:42,    13, 28.70, 41.20,-12.50
  12448448,  6061, 5,14:37:35,14:38:22,    47, 40.70, 40.80, -0.10
  11724109,  6068, 2,14:39:29,14:40:06,    37, 44.00, 44.00,  0.00
  11724109,  6068, 1,14:40:11,14:44:48,   277, 40.80, 26.80, 14.00
         0,     0, 1,14:44:56,14:45:09,    13, 26.80, 41.30,-14.50
  12448479,  6092, 2,14:45:06,14:46:01,    55, 44.00, 43.90,  0.10
  13008768,     0, 6,14:34:25,14:47:41,   796, 41.40, 28.40, 13.00
         0,     0, 6,14:47:48,14:48:00,    12, 28.40, 41.40,-13.00
  12448479,  6092, 1,14:46:12,14:49:42,   210, 41.30, 23.10, 18.20
  13008820,     0, 8,14:48:55,14:49:41,    46, 35.90, 35.60,  0.30
         0,     0, 8,14:49:50,14:49:55,     5, 35.60, 41.10, -5.50
         0,     0, 1,14:49:50,14:50:07,    17, 23.10, 41.30,-18.20
  12706650,  7059, 3,14:46:44,14:50:43,   239, 46.80, 27.90, 18.90
         0,     0, 3,14:50:50,14:51:05,    15, 27.90, 27.70,  0.20
  12448415,     0, 7,14:39:23,14:51:17,   714, 41.50, 23.20, 18.30
         0,     0, 7,14:51:25,14:51:36,    11, 23.20, 41.50,-18.30
  13008820,     0, 7,14:52:49,14:53:20,    31, 40.20, 40.20,  0.00
  13008789,     0, 7,14:53:31,14:56:49,   198, 40.20, 28.00, 12.20
         0,     0, 7,14:56:56,14:57:04,     8, 28.00, 41.40,-13.40
  12706624,  7033, 6,14:48:11,14:59:36,   685, 41.40, 34.70,  6.70
         0,     0, 6,14:59:43,14:59:49,     6, 34.70, 41.50, -6.80
  12706622,     0, 6,15:00:00,15:04:35,   275, 41.50, 40.70,  0.80
  12448437,  6050, 7,14:57:14,15:10:47,   813, 41.40, 38.40,  3.00
         0,     0, 7,15:10:55,15:10:56,     1, 38.40, 41.40, -3.00
  12448442,  6055, 6,15:04:46,15:17:11,   745, 39.90, 14.10, 25.80
         0,     0, 6,15:17:19,15:17:45,    26, 14.10, 41.40,-27.30
  13008835,     0, 6,15:17:56,15:22:25,   269, 41.40, 37.50,  3.90
         0,     0, 6,15:22:32,15:22:35,     3, 37.50, 41.10, -3.60
  13008762,     0, 6,15:22:46,15:23:23,    37, 41.20, 40.80,  0.40
  12706601,     0, 9,15:22:23,15:25:30,   187, 37.90, 29.50,  8.40
  13008835,     0, 6,15:23:43,15:25:32,   109, 40.60, 38.70,  1.90
         0,     0, 6,15:25:40,15:25:42,     2, 38.70, 41.50, -2.80
         0,     0, 9,15:25:39,15:25:54,    15, 29.50, 41.00,-11.50
  12706622,     0, 6,15:25:58,15:27:46,   108, 41.40, 40.20,  1.20
  13008797,     0, 6,15:27:58,15:29:50,   112, 40.30, 37.70,  2.60
         0,     0, 6,15:29:58,15:30:01,     3, 37.70, 41.50, -3.80
  11499202,     0, 6,15:30:23,15:36:25,   362, 38.50,  7.40, 31.10
         0,     0, 6,15:36:33,15:37:06,    33,  7.40, 41.60,-34.20
  13323358,     0, 8,15:38:10,15:38:28,    18, 23.40, 22.30,  1.10
         0,     0, 8,15:38:35,15:38:55,    20, 22.30, 41.20,-18.90
  13008797,     0, 6,15:37:21,15:39:36,   135, 41.50, 41.30,  0.20
  13008820,     0, 7,15:29:10,15:39:50,   640, 41.20, 38.00,  3.20
         0,     0, 7,15:39:58,15:40:00,     2, 38.00, 41.60, -3.60
  12706604,     0, 8,15:47:28,15:48:07,    39, 41.30, 41.20,  0.10
  12448521,     0, 8,15:49:47,15:50:59,    72, 38.70, 27.10, 11.60
         0,     0, 8,15:51:06,15:51:21,    15, 27.10, 27.30, -0.20
  13008833,     0, 6,15:39:47,15:51:25,   698, 40.80, 10.70, 30.10
         0,     0, 6,15:51:33,15:52:04,    31, 10.70, 41.60,-30.90
  12706618,     0, 9,15:53:13,15:55:05,   112, 41.10, 34.00,  7.10
         0,     0, 9,15:55:14,15:55:23,     9, 34.00, 41.10, -7.10
  12706604,     0, 8,15:54:21,15:55:28,    67, 41.20, 41.20,  0.00
  12706604,     0, 8,15:55:48,15:56:20,    32, 41.20, 41.20,  0.00
  12448437,  6050, 7,15:40:11,15:57:12,  1021, 41.60, 37.90,  3.70
         0,     0, 7,15:57:19,15:57:21,     2, 37.90, 41.60, -3.70
  13008835,     0, 6,15:53:00,16:05:40,   760, 37.60, 27.30, 10.30
         0,     0, 6,16:05:48,16:06:01,    13, 27.30, 40.80,-13.50
  12706609,  7018, 8,16:07:41,16:08:07,    26, 41.20, 40.90,  0.30
  11954050,  4080, 2,16:07:33,16:08:49,    76, 43.80, 30.70, 13.10
  12706604,     0, 7,15:57:35,16:08:54,   679, 41.60, 29.50, 12.10
         0,     0, 2,16:08:57,16:09:10,    13, 30.70, 43.90,-13.20
         0,     0, 7,16:09:02,16:09:10,     8, 29.50, 41.40,-11.90
  13008779,     0, 8,16:08:50,16:09:08,    18, 40.40, 39.20,  1.20
         0,     0, 8,16:09:16,16:09:17,     1, 39.20, 40.90, -1.70
  12199988,  5042, 2,16:09:21,16:09:29,     8, 44.00, 43.90,  0.10
  12706609,  7018, 8,16:09:43,16:10:18,    35, 38.70, 36.50,  2.20
         0,     0, 8,16:10:25,16:10:29,     4, 36.50, 41.20, -4.70
  12199988,  5042, 1,16:09:46,16:10:30,    44, 41.30, 39.90,  1.40
         0,     0, 1,16:10:38,16:10:38,     0, 39.90, 41.10, -1.20
  12200083,     0, 9,16:10:30,16:11:10,    40, 41.10, 38.40,  2.70
         0,     0, 9,16:11:18,16:11:21,     3, 38.40, 40.90, -2.50
  12200046,  5100, 1,16:10:48,16:11:55,    67, 41.10, 27.00, 14.10
  12200083,     0, 9,16:11:56,16:11:57,     1, 36.40, 36.40,  0.00
  12706727,  7136, 2,16:10:53,16:12:01,    68, 43.90, 42.20,  1.70
         0,     0, 9,16:12:06,16:12:12,     6, 36.40, 41.10, -4.70
         0,     0, 1,16:12:04,16:12:17,    13, 27.00, 41.30,-14.30
  13008779,     0, 8,16:11:07,16:13:24,   137, 41.10, 23.90, 17.20
  12706651,  7060, 4,16:12:21,16:13:42,    81, 44.00, 36.40,  7.60
         0,     0, 8,16:13:32,16:13:50,    18, 23.90, 41.00,-17.10
         0,     0, 4,16:13:50,16:13:56,     6, 36.40, 43.30, -6.90
  12706727,  7136, 1,16:12:37,16:14:00,    83, 41.30, 22.90, 18.40
  12199988,  5042, 2,16:12:14,16:14:00,   106, 42.20, 31.00, 11.20
         0,     0, 2,16:14:07,16:14:19,    12, 31.00, 44.00,-13.00
         0,     0, 1,16:14:07,16:14:25,    18, 22.90, 41.20,-18.30
  12448472,  6085, 4,16:14:11,16:14:31,    20, 43.30, 43.00,  0.30
  21292347,  1111, 5,16:11:44,16:15:00,   196, 40.80, 29.10, 11.70
         0,     0, 5,16:15:09,16:15:20,    11, 29.10, 29.10,  0.00
  13008833,     0, 6,16:09:15,16:15:35,   380, 31.50, 23.70,  7.80
         0,     0, 6,16:15:43,16:16:00,    17, 23.70, 23.90, -0.20
  12448472,  6085, 2,16:15:44,16:16:11,    27, 44.00, 42.90,  1.10
  12200007,  5061, 1,16:15:29,16:16:15,    46, 41.20, 33.70,  7.50
         0,     0, 1,16:16:23,16:16:29,     6, 33.70, 41.30, -7.60
  12448472,  6085, 1,16:16:49,16:16:55,     6, 41.30, 40.90,  0.40
  12706669,  7078, 3,16:16:48,16:18:27,    99, 46.70, 33.80, 12.90
         0,     0, 3,16:18:36,16:18:46,    10, 33.80, 33.70,  0.10
  11499202,     0, 6,16:17:57,16:19:18,    81, 35.50, 25.70,  9.80
         0,     0, 6,16:19:26,16:19:42,    16, 25.70, 41.50,-15.80
  12706648,  7057, 2,16:17:58,16:20:11,   133, 42.90, 34.30,  8.60
         0,     0, 2,16:20:20,16:20:28,     8, 34.30, 43.70, -9.40
  12706651,  7060, 5,16:19:57,16:20:47,    50, 40.90, 37.40,  3.50
  13008735,  7156, 4,16:19:11,16:20:51,   100, 42.50, 32.50, 10.00
  12706705,  7114, 1,16:17:18,16:20:53,   215, 40.90, 17.10, 23.80
  12706655,  7064, 3,16:19:14,16:20:53,    99, 47.00, 31.00, 16.00
         0,     0, 5,16:20:55,16:20:58,     3, 37.40, 40.80, -3.40
         0,     0, 4,16:20:58,16:21:10,    12, 32.50, 43.20,-10.70
         0,     0, 3,16:21:02,16:21:16,    14, 31.00, 30.90,  0.10
         0,     0, 1,16:21:01,16:21:24,    23, 17.10, 41.30,-24.20
  12706707,  7116, 2,16:21:28,16:21:35,     7, 43.60, 43.40,  0.20
  11724159,     0, 6,16:19:52,16:21:35,   103, 41.50, 37.80,  3.70
         0,     0, 6,16:21:43,16:21:46,     3, 37.80, 41.50, -3.70
  12706634,     0, 7,16:22:22,16:22:50,    28, 41.40, 40.60,  0.80
  12706707,  7116, 2,16:21:52,16:23:00,    68, 43.40, 34.90,  8.50
         0,     0, 2,16:23:08,16:23:16,     8, 34.90, 44.00, -9.10
  21268104,  6067, 5,16:21:52,16:23:39,   107, 40.80, 30.40, 10.40
         0,     0, 5,16:23:47,16:23:56,     9, 30.40, 40.90,-10.50
  12706686,  7095, 3,16:22:46,16:24:31,   105, 46.90, 43.60,  3.30
         0,     0, 3,16:24:39,16:24:40,     1, 43.60, 46.90, -3.30
  12706701,  7110, 2,16:24:06,16:24:59,    53, 44.00, 42.40,  1.60
  12706686,  7095, 4,16:24:44,16:25:30,    46, 44.20, 42.30,  1.90
  12199987,  5041, 1,16:21:46,16:26:26,   280, 41.30, 26.60, 14.70
         0,     0, 1,16:26:34,16:26:47,    13, 26.60, 41.30,-14.70
  12706634,     0, 8,16:25:23,16:27:01,    98, 41.10, 25.10, 16.00
  12706701,  7110, 2,16:25:15,16:27:10,   115, 42.40, 26.50, 15.90
         0,     0, 8,16:27:09,16:27:26,    17, 25.10, 41.10,-16.00
         0,     0, 2,16:27:17,16:27:33,    16, 26.50, 44.10,-17.60
  11953978,  4008, 1,16:26:58,16:29:09,   131, 41.30, 34.50,  6.80
         0,     0, 1,16:29:17,16:29:22,     5, 34.50, 41.20, -6.70
  12706710,  7119, 2,16:28:16,16:29:25,    69, 44.10, 25.50, 18.60
  12448471,  6084, 3,16:28:15,16:29:39,    84, 46.40, 26.90, 19.50
         0,     0, 2,16:29:32,16:29:49,    17, 25.50, 44.10,-18.60
         0,     0, 3,16:29:47,16:30:03,    16, 26.90, 26.70,  0.20
  12706639,  7048, 4,16:30:42,16:30:42,     0, 42.10, 42.30, -0.20
  12199986,     0, 8,16:30:49,16:31:35,    46, 41.20, 31.90,  9.30
  11724239,  3139, 1,16:30:11,16:31:45,    94, 41.20, 40.80,  0.40
         0,     0, 8,16:31:44,16:31:57,    13, 31.90, 40.50, -8.60
  12706639,  7048, 3,16:30:46,16:32:14,    88, 46.90, 32.50, 14.40
         0,     0, 3,16:32:23,16:32:35,    12, 32.50, 32.30,  0.20
  13008747,     0, 9,16:32:48,16:34:21,    93, 41.10, 35.40,  5.70
         0,     0, 9,16:34:30,16:34:37,     7, 35.40, 41.10, -5.70
  12706636,  7045, 2,16:32:33,16:34:37,   124, 44.00, 29.80, 14.20
  13008835,     0, 6,16:34:19,16:34:41,    22, 40.90, 40.80,  0.10
         0,     0, 2,16:34:44,16:34:57,    13, 29.80, 44.10,-14.30
  11724239,  3139, 1,16:31:57,16:34:57,   180, 40.80, 26.30, 14.50
         0,     0, 1,16:35:04,16:35:18,    14, 26.30, 41.30,-15.00
  11954014,  4044, 4,16:36:54,16:37:46,    52, 42.10, 23.80, 18.30
         0,     0, 4,16:37:54,16:38:12,    18, 23.80, 43.30,-19.50
  12706622,     0, 6,16:35:09,16:38:16,   187, 40.90, 32.00,  8.90
  12200007,  5061, 2,16:37:49,16:38:25,    36, 44.10, 38.90,  5.20
         0,     0, 6,16:38:24,16:38:31,     7, 32.00, 40.40, -8.40
         0,     0, 2,16:38:32,16:38:36,     4, 38.90, 44.00, -5.10
  12706616,  7025, 1,16:38:03,16:39:49,   106, 41.30, 23.30, 18.00
  12448473,  6086, 2,16:38:49,16:40:00,    71, 44.00, 31.70, 12.30
         0,     0, 1,16:39:56,16:40:14,    18, 23.30, 41.20,-17.90
         0,     0, 2,16:40:09,16:40:20,    11, 31.70, 44.00,-12.30
  12706637,  7046, 4,16:41:06,16:41:30,    24, 43.80, 43.80,  0.00
  12706707,  7116, 1,16:41:01,16:41:38,    37, 41.20, 36.40,  4.80
         0,     0, 1,16:41:45,16:41:49,     4, 36.40, 41.30, -4.90
  12200007,  5061, 2,16:42:50,16:43:29,    39, 44.00, 39.10,  4.90
         0,     0, 2,16:43:36,16:43:39,     3, 39.10, 43.90, -4.80
  13008737,     0, 7,16:23:13,16:44:12,  1259, 40.60, 24.30, 16.30
         0,     0, 7,16:44:20,16:44:30,    10, 24.30, 24.40, -0.10
  12706637,  7046, 3,16:41:34,16:44:51,   197, 46.90, 25.60, 21.30
         0,     0, 3,16:44:58,16:45:16,    18, 25.60, 25.40,  0.20
  13008756,  7115, 5,16:43:54,16:45:25,    91, 40.80, 23.70, 17.10
         0,     0, 5,16:45:33,16:45:49,    16, 23.70, 23.70,  0.00
  13008797,     0, 6,16:40:10,16:48:01,   471, 27.70, 27.70,  0.00
         0,     0, 6,16:48:09,16:48:22,    13, 27.70, 41.50,-13.80
  12448448,  6061, 2,16:48:26,16:48:44,    18, 43.90, 43.90,  0.00
  12448448,  6061, 1,16:48:49,16:48:59,    10, 41.30, 41.30,  0.00
  11954075,  4105, 5,16:50:15,16:51:23,    68, 40.70, 26.80, 13.90
         0,     0, 5,16:51:31,16:51:44,    13, 26.80, 40.90,-14.10
  12448483,  6096, 2,16:50:53,16:52:46,   113, 43.90, 21.80, 22.10
         0,     0, 2,16:52:53,16:53:14,    21, 21.80, 44.10,-22.30
  13008800,     0, 8,16:54:31,16:56:26,   115, 40.60, 30.50, 10.10
  13008835,     0, 6,16:48:32,16:56:32,   480, 41.50, 29.30, 12.20
         0,     0, 8,16:56:34,16:56:45,    11, 30.50, 41.00,-10.50
         0,     0, 6,16:56:40,16:56:51,    11, 29.30, 41.50,-12.20
  21292480,  6005, 4,17:00:49,17:01:57,    68, 44.60, 32.20, 12.40
         0,     0, 4,17:02:06,17:02:16,    10, 32.20, 43.60,-11.40
  12706651,  7060, 2,17:02:52,17:03:20,    28, 44.10, 44.00,  0.10
  11724109,  6068, 2,17:03:31,17:03:35,     4, 44.00, 44.00,  0.00
  12706651,  7060, 1,17:03:24,17:05:21,   117, 41.30, 27.30, 14.00
         0,     0, 1,17:05:28,17:05:40,    12, 27.30, 41.30,-14.00
  11724109,  6068, 2,17:04:02,17:06:18,   136, 44.00, 35.10,  8.90
         0,     0, 2,17:06:26,17:06:34,     8, 35.10, 44.00, -8.90
  21268825,  6087, 3,17:04:00,17:06:37,   157, 46.40, 34.90, 11.50
         0,     0, 3,17:06:44,17:06:54,    10, 34.90, 34.70,  0.20
  12706707,  7116, 2,17:07:01,17:08:08,    67, 44.00, 39.80,  4.20
         0,     0, 2,17:08:16,17:08:19,     3, 39.80, 44.00, -4.20
  12448479,  6092, 1,17:07:31,17:09:20,   109, 41.30, 26.90, 14.40
         0,     0, 1,17:09:27,17:09:40,    13, 26.90, 41.30,-14.40
  11499161,  2051, 4,17:10:05,17:10:39,    34, 43.60, 43.20,  0.40
  12448451,  6064, 2,17:09:50,17:10:44,    54, 43.90, 43.80,  0.10
  12706659,  7068, 3,17:12:22,17:12:31,     9, 46.10, 46.60, -0.50
  12706650,  7059, 1,17:11:14,17:12:54,   100, 41.30, 32.30,  9.00
  11953978,  4008, 2,17:11:16,17:13:00,   104, 43.80, 34.80,  9.00
         0,     0, 1,17:13:01,17:13:09,     8, 32.30, 41.30, -9.00
         0,     0, 2,17:13:07,17:13:15,     8, 34.80, 44.00, -9.20
  12706659,  7068, 3,17:12:42,17:13:25,    43, 46.90, 45.40,  1.50
  12706624,  7033, 6,17:09:37,17:14:03,   266, 41.50, 35.20,  6.30
         0,     0, 6,17:14:11,17:14:17,     6, 35.20, 41.40, -6.20
  12706700,  7109, 5,17:13:40,17:14:14,    34, 40.80, 31.40,  9.40
         0,     0, 5,17:14:22,17:14:31,     9, 31.40, 40.70, -9.30
  11724239,  3139, 2,17:14:42,17:15:08,    26, 44.00, 43.80,  0.20
  11499161,  2051, 3,17:13:35,17:15:31,   116, 45.50, 30.30, 15.20
  12706659,  7068, 4,17:13:37,17:15:33,   116, 43.80, 22.40, 21.40
         0,     0, 3,17:15:39,17:15:53,    14, 30.30, 32.80, -2.50
         0,     0, 4,17:15:41,17:16:01,    20, 22.40, 43.40,-21.00
  11954075,  4105, 2,17:15:18,17:16:39,    81, 43.80, 30.30, 13.50
  11724239,  3139, 1,17:15:34,17:16:46,    72, 41.30, 40.80,  0.50
         0,     0, 2,17:16:48,17:17:00,    12, 30.30, 44.00,-13.70
  11724239,  3139, 1,17:17:16,17:18:40,    84, 40.80, 33.30,  7.50
         0,     0, 1,17:18:47,17:18:54,     7, 33.30, 41.30, -8.00
  12448473,  6086, 1,17:19:52,17:20:58,    66, 41.30, 29.50, 11.80
         0,     0, 1,17:21:05,17:21:15,    10, 29.50, 41.40,-11.90
  13008756,  7115, 3,17:20:08,17:21:18,    70, 46.60, 37.80,  8.80
         0,     0, 3,17:21:26,17:21:33,     7, 37.80, 37.60,  0.20
  12448420,     0, 9,17:21:39,17:23:48,   129, 41.10, 38.80,  2.30
         0,     0, 9,17:23:56,17:23:58,     2, 38.80, 41.10, -2.30
  12448448,  6061, 2,17:20:44,17:24:48,   244, 44.00, 22.30, 21.70
         0,     0, 2,17:24:56,17:25:16,    20, 22.30, 44.20,-21.90
  11724178,     0, 9,17:25:37,17:25:43,     6, 41.10, 41.10,  0.00
  12706710,  7119, 1,17:24:18,17:26:04,   106, 41.40, 24.90, 16.50
         0,     0, 1,17:26:13,17:26:28,    15, 24.90, 41.20,-16.30
  12448451,  6064, 2,17:26:36,17:26:56,    20, 44.20, 44.10,  0.10
  12448451,  6064, 2,17:27:27,17:27:41,    14, 44.10, 44.10,  0.00
  21306958,  5124, 8,17:28:04,17:28:09,     5, 41.10, 40.90,  0.20
  12200007,  5061, 1,17:28:01,17:29:06,    65, 41.20, 30.30, 10.90
         0,     0, 1,17:29:13,17:29:23,    10, 30.30, 41.10,-10.80
  13008835,     0, 6,17:20:53,17:30:37,   584, 41.10, 32.30,  8.80
         0,     0, 6,17:30:45,17:30:53,     8, 32.30, 32.40, -0.10
  21306958,  5124, 8,17:30:01,17:31:04,    63, 41.00, 40.40,  0.60
  11724178,     0,10,17:31:03,17:31:28,    25, 40.60, 40.50,  0.10
  12199977,     0, 7,17:05:54,17:31:36,  1542, 34.00, 23.90, 10.10
         0,     0, 7,17:31:44,17:31:55,    11, 23.90, 23.90,  0.00
  21306958,  5124, 8,17:31:19,17:32:04,    45, 39.50, 36.40,  3.10
  11724178,     0,10,17:32:00,17:32:03,     3, 40.30, 40.30,  0.00
         0,     0, 8,17:32:11,17:32:15,     4, 36.40, 41.00, -4.60
  11724178,     0,10,17:32:44,17:32:57,    13, 40.10, 40.10,  0.00
  13008786,     0, 8,17:32:25,17:34:28,   123, 40.90, 25.30, 15.60
         0,     0, 8,17:34:36,17:34:53,    17, 25.30, 41.10,-15.80
  11954014,  4044, 4,17:34:14,17:35:03,    49, 43.90, 31.30, 12.60
         0,     0, 4,17:35:10,17:35:21,    11, 31.30, 43.40,-12.10
  21306958,  5124, 8,17:39:49,17:40:02,    13, 41.10, 41.10,  0.00
  21306958,  5124, 8,17:40:18,17:40:33,    15, 41.10, 40.90,  0.20
  21306958,  5124, 8,17:42:41,17:43:02,    21, 40.90, 40.80,  0.10
  12706705,  7114, 2,17:43:16,17:45:49,   153, 44.10, 29.10, 15.00
         0,     0, 2,17:45:57,17:46:10,    13, 29.10, 44.00,-14.90
  11954050,  4080, 1,17:45:58,17:47:40,   102, 41.10, 34.10,  7.00
         0,     0, 1,17:47:49,17:47:55,     6, 34.10, 41.30, -7.20
  11954050,  4080, 2,17:47:51,17:48:03,    12, 43.90, 42.10,  1.80
  21306958,  5124, 8,17:48:00,17:48:51,    51, 40.80, 40.40,  0.40
  13008792,     0, 7,17:32:05,17:49:04,  1019, 41.50, 24.10, 17.40
         0,     0, 7,17:49:12,17:49:23,    11, 24.10, 24.10,  0.00
  13323425,     0, 9,17:50:04,17:50:05,     1, 35.10, 35.10,  0.00
         0,     0, 9,17:50:14,17:50:21,     7, 35.10, 41.10, -6.00
  11724109,  6068, 1,17:50:09,17:52:14,   125, 41.30, 32.50,  8.80
         0,     0, 1,17:52:22,17:52:29,     7, 32.50, 41.30, -8.80
  12706686,  7095, 2,17:54:03,17:55:17,    74, 42.10, 32.10, 10.00
         0,     0, 2,17:55:25,17:55:35,    10, 32.10, 44.00,-11.90
  12199988,  5042, 1,17:55:17,17:55:43,    26, 41.30, 40.30,  1.00
  11724239,  3139, 1,17:55:55,17:56:29,    34, 40.30, 40.10,  0.20
  11724239,  3139, 1,17:57:59,17:58:05,     6, 40.10, 40.10,  0.00
  12199988,  5042, 2,17:58:00,17:58:09,     9, 44.00, 43.70,  0.30
  13323425,     0, 9,17:58:24,17:58:25,     1, 40.70, 40.70,  0.00
  11724239,  3139, 2,17:58:19,17:59:10,    51, 43.70, 43.40,  0.30
  12448479,  6092, 3,17:57:25,17:59:22,   117, 46.40, 36.30, 10.10
  21306958,  5124, 8,17:59:14,17:59:31,    17, 40.40, 39.60,  0.80
         0,     0, 3,17:59:30,17:59:38,     8, 36.30, 36.60, -0.30
         0,     0, 8,17:59:40,17:59:41,     1, 39.60, 41.00, -1.40
  11499161,  2051, 1,17:58:15,17:59:59,   104, 40.10, 34.30,  5.80
         0,     0, 1,18:00:08,18:00:14,     6, 34.30, 41.20, -6.90
  21306958,  5124, 8,18:00:15,18:00:40,    25, 41.10, 38.20,  2.90
         0,     0, 8,18:00:47,18:00:49,     2, 38.20, 41.10, -2.90
  12448420,     0, 9,18:00:53,18:00:58,     5, 40.70, 40.70,  0.00
  21268104,  6067, 5,17:59:55,18:01:04,    69, 40.70, 34.30,  6.40
         0,     0, 5,18:01:11,18:01:17,     6, 34.30, 40.90, -6.60
  21306958,  5124, 8,18:01:17,18:01:26,     9, 41.20, 39.20,  2.00
         0,     0, 8,18:01:33,18:01:34,     1, 39.20, 40.90, -1.70
  21306958,  5124, 8,18:01:46,18:01:51,     5, 39.80, 39.30,  0.50
         0,     0, 8,18:01:58,18:01:59,     1, 39.30, 40.90, -1.60
  21268825,  6087, 1,18:00:27,18:02:03,    96, 41.20, 27.30, 13.90
  11499161,  2051, 2,18:01:11,18:02:14,    63, 43.30, 40.20,  3.10
         0,     0, 1,18:02:10,18:02:22,    12, 27.30, 41.20,-13.90
         0,     0, 2,18:02:22,18:02:24,     2, 40.20, 44.10, -3.90
  12706639,  7048, 2,18:02:47,18:03:54,    67, 44.10, 35.90,  8.20
         0,     0, 2,18:04:02,18:04:09,     7, 35.90, 43.90, -8.00
  12199987,  5041, 1,18:04:01,18:04:44,    43, 41.20, 41.00,  0.20
  12199988,  5042, 2,18:04:19,18:04:45,    26, 44.00, 43.70,  0.30
  12706624,  7033, 6,17:31:24,18:05:33,  2049, 40.10, 34.60,  5.50
         0,     0, 6,18:05:40,18:05:46,     6, 34.60, 41.50, -6.90
  12199988,  5042, 2,18:04:56,18:06:36,   100, 43.70, 32.50, 11.20
         0,     0, 2,18:06:45,18:06:55,    10, 32.50, 44.10,-11.60
  12199981,  5035, 3,18:06:21,18:07:25,    64, 46.80, 27.60, 19.20
  12448420,     0, 9,18:06:38,18:07:30,    52, 40.70, 38.50,  2.20
         0,     0, 9,18:07:38,18:07:41,     3, 38.50, 41.00, -2.50
  11724239,  3139, 1,18:04:54,18:07:42,   168, 41.00, 31.20,  9.80
         0,     0, 3,18:07:34,18:07:51,    17, 27.60, 46.40,-18.80
         0,     0, 1,18:07:50,18:07:59,     9, 31.20, 41.20,-10.00
  12448420,     0, 9,18:07:52,18:08:54,    62, 41.00, 38.00,  3.00
         0,     0, 9,18:09:01,18:09:04,     3, 38.00, 41.00, -3.00
  13323434,     0, 9,18:10:19,18:10:41,    22, 41.00, 40.90,  0.10
  12200048,     0, 8,18:09:20,18:10:51,    91, 41.00, 40.30,  0.70
  12448428,  6041, 1,18:10:14,18:11:06,    52, 41.30, 29.10, 12.20
         0,     0, 1,18:11:15,18:11:27,    12, 29.10, 41.30,-12.20
  13008836,     0, 8,18:11:25,18:11:38,    13, 40.30, 40.30,  0.00
  21306958,  5124, 7,17:58:55,18:11:45,   770, 41.50, 39.20,  2.30
  13008835,     0, 6,18:06:01,18:13:04,   423, 41.40, 37.60,  3.80
         0,     0, 6,18:13:11,18:13:14,     3, 37.60, 41.50, -3.90
  12706636,  7045, 3,18:12:32,18:13:55,    83, 46.90, 41.20,  5.70
         0,     0, 3,18:14:04,18:14:08,     4, 41.20, 41.20,  0.00
  13323434,     0, 9,18:17:26,18:17:51,    25, 40.40, 40.00,  0.40
  13323434,     0, 9,18:18:21,18:18:34,    13, 39.60, 39.00,  0.60
         0,     0, 9,18:18:42,18:18:44,     2, 39.00, 41.10, -2.10
  13323434,     0, 9,18:18:56,18:19:29,    33, 40.40, 37.80,  2.60
         0,     0, 9,18:19:37,18:19:41,     4, 37.80, 41.10, -3.30
  12200048,     0, 8,18:18:24,18:20:44,   140, 40.20, 30.80,  9.40
         0,     0, 8,18:20:51,18:21:01,    10, 30.80, 41.10,-10.30
  12200042,  5096, 1,18:19:47,18:21:00,    73, 41.30, 29.40, 11.90
  12706701,  7110, 2,18:21:00,18:21:04,     4, 44.00, 44.00,  0.00
  13323434,     0, 9,18:21:12,18:21:13,     1, 36.40, 36.40,  0.00
         0,     0, 1,18:21:08,18:21:19,    11, 29.40, 41.20,-11.80
         0,     0, 9,18:21:21,18:21:26,     5, 36.40, 41.00, -4.60
  12200042,  5096, 2,18:24:55,18:25:04,     9, 44.00, 44.00,  0.00
  12200042,  5096, 1,18:25:07,18:25:23,    16, 41.20, 40.90,  0.30
  12706701,  7110, 2,18:27:31,18:30:05,   154, 44.00, 33.50, 10.50
  12706648,  7057, 1,18:28:00,18:30:09,   129, 40.90, 24.20, 16.70
         0,     0, 2,18:30:13,18:30:23,    10, 33.50, 43.90,-10.40
         0,     0, 1,18:30:16,18:30:32,    16, 24.20, 41.30,-17.10
  12448477,  6090, 3,18:29:28,18:30:30,    62, 46.20, 42.80,  3.40
         0,     0, 3,18:30:37,18:30:39,     2, 42.80, 42.80,  0.00
  13008836,     0, 7,18:12:02,18:31:05,  1143, 39.20, 26.70, 12.50
         0,     0, 7,18:31:13,18:31:22,     9, 26.70, 26.70,  0.00
  12448409,  6022, 2,18:30:50,18:31:38,    48, 44.00, 43.80,  0.20
  12448477,  6090, 3,18:31:07,18:32:01,    54, 46.60, 39.20,  7.40
         0,     0, 3,18:32:09,18:32:15,     6, 39.20, 39.20,  0.00
  12448477,  6090, 3,18:32:57,18:33:16,    19, 46.80, 43.00,  3.80
         0,     0, 3,18:33:23,18:33:25,     2, 43.00, 46.20, -3.20
  12448409,  6022, 1,18:31:47,18:34:28,   161, 41.30, 21.80, 19.50
         0,     0, 1,18:34:37,18:34:55,    18, 21.80, 41.20,-19.40
  21306958,  5124, 8,18:36:30,18:36:34,     4, 41.10, 41.10,  0.00
  12200046,  5100, 3,18:39:31,18:40:40,    69, 46.30, 35.90, 10.40
         0,     0, 3,18:40:47,18:40:56,     9, 35.90, 35.80,  0.10
  12706669,  7078, 2,18:41:21,18:42:46,    85, 43.80, 33.00, 10.80
         0,     0, 2,18:42:54,18:43:03,     9, 33.00, 44.00,-11.00
  21268104,  6067, 1,18:44:46,18:45:22,    36, 41.20, 36.90,  4.30
         0,     0, 1,18:45:31,18:45:34,     3, 36.90, 41.20, -4.30
  21306958,  5124, 8,18:46:03,18:46:13,    10, 41.10, 41.00,  0.10
  13323416,     0, 9,18:45:25,18:46:19,    54, 40.20, 39.20,  1.00
  21268104,  6067, 1,18:45:44,18:46:25,    41, 41.30, 35.40,  5.90
         0,     0, 9,18:46:26,18:46:28,     2, 39.20, 41.10, -1.90
         0,     0, 1,18:46:33,18:46:38,     5, 35.40, 41.30, -5.90
  12448416,  6029, 2,18:45:15,18:46:37,    82, 44.00, 31.20, 12.80
         0,     0, 2,18:46:44,18:46:55,    11, 31.20, 44.00,-12.80
  13323416,     0,10,18:46:29,18:46:57,    28, 39.10, 35.20,  3.90
         0,     0,10,18:47:06,18:47:12,     6, 35.20, 41.30, -6.10
  12706686,  7095, 1,18:46:50,18:48:06,    76, 41.30, 29.50, 11.80
  12448451,  6064, 2,18:47:30,18:48:09,    39, 44.00, 43.90,  0.10
         0,     0, 1,18:48:14,18:48:24,    10, 29.50, 41.20,-11.70
  12448451,  6064, 2,18:48:24,18:50:12,   108, 43.90, 18.50, 25.40
         0,     0, 2,18:50:19,18:50:43,    24, 18.50, 44.10,-25.60
  12706616,  7025, 1,18:49:06,18:50:58,   112, 41.20, 24.00, 17.20
         0,     0, 1,18:51:06,18:51:22,    16, 24.00, 41.20,-17.20
  13008815,     0, 8,18:53:53,18:55:18,    85, 40.80, 34.20,  6.60
         0,     0, 8,18:55:26,18:55:33,     7, 34.20, 41.20, -7.00
  12199981,  5035, 1,18:55:41,18:57:00,    79, 41.20, 27.60, 13.60
         0,     0, 1,18:57:08,18:57:20,    12, 27.60, 41.30,-13.70
  21292347,  1111, 2,18:56:28,18:57:58,    90, 44.10, 37.80,  6.30
         0,     0, 2,18:58:06,18:58:11,     5, 37.80, 44.10, -6.30
  12706636,  7045, 3,18:57:51,18:58:55,    64, 46.80, 37.70,  9.10
         0,     0, 3,18:59:03,18:59:10,     7, 37.70, 37.80, -0.10
  21292347,  1111, 2,19:00:14,19:01:01,    47, 44.10, 40.30,  3.80
         0,     0, 2,19:01:08,19:01:10,     2, 40.30, 43.90, -3.60
  12706727,  7136, 2,19:02:30,19:04:36,   126, 44.00, 25.70, 18.30
  12448415,     0, 7,18:51:48,19:04:48,   780, 41.20, 28.90, 12.30
         0,     0, 2,19:04:44,19:05:01,    17, 25.70, 43.90,-18.20
         0,     0, 7,19:04:56,19:05:04,     8, 28.90, 41.50,-12.60
  12200042,  5096, 1,19:04:54,19:06:47,   113, 41.30, 24.90, 16.40
  13008837,     0, 8,19:06:49,19:06:51,     2, 41.20, 41.10,  0.10
         0,     0, 1,19:06:55,19:07:10,    15, 24.90, 41.30,-16.40
  13008837,     0, 8,19:07:02,19:07:07,     5, 41.10, 41.10,  0.00
  13008837,     0, 8,19:07:25,19:07:30,     5, 41.10, 41.10,  0.00
  13008837,     0, 8,19:07:42,19:08:36,    54, 41.10, 40.90,  0.20
  13008837,     0, 8,19:08:51,19:09:14,    23, 40.40, 39.70,  0.70
         0,     0, 8,19:09:21,19:09:21,     0, 39.70, 40.80, -1.10
  13008837,     0, 8,19:09:55,19:10:04,     9, 37.20, 36.20,  1.00
         0,     0, 8,19:10:11,19:10:15,     4, 36.20, 41.10, -4.90
  13008837,     0, 8,19:11:09,19:11:10,     1, 31.50, 31.50,  0.00
         0,     0, 8,19:11:18,19:11:28,    10, 31.50, 41.10, -9.60
  12706669,  7078, 3,19:11:59,19:12:20,    21, 46.80, 46.90, -0.10
  13323416,     0,10,19:14:15,19:15:03,    48, 41.00, 38.10,  2.90
         0,     0,10,19:15:11,19:15:13,     2, 38.10, 41.30, -3.20
  13008835,     0, 6,18:52:18,19:15:23,  1385, 41.40, 35.70,  5.70
         0,     0, 6,19:15:31,19:15:36,     5, 35.70, 41.50, -5.80
  12706669,  7078, 3,19:13:01,19:17:44,   283, 47.20, 40.60,  6.60
         0,     0, 3,19:17:52,19:17:56,     4, 40.60, 40.80, -0.20
  13008786,     0, 8,19:17:37,19:17:59,    22, 41.20, 40.10,  1.10
  13008747,     0,10,19:19:03,19:19:28,    25, 41.30, 38.90,  2.40
         0,     0,10,19:19:36,19:19:37,     1, 38.90, 41.20, -2.30
  13008786,     0, 8,19:19:30,19:19:35,     5, 25.80, 25.80,  0.00
         0,     0, 8,19:19:42,19:19:58,    16, 25.80, 41.10,-15.30
  13008747,     0,10,19:20:07,19:21:26,    79, 41.20, 31.80,  9.40
         0,     0,10,19:21:35,19:21:44,     9, 31.80, 41.20, -9.40
  12706701,  7110, 3,19:21:51,19:24:45,   174, 46.40, 33.10, 13.30
         0,     0, 3,19:24:52,19:25:03,    11, 33.10, 33.10,  0.00
  12200048,     0, 8,19:24:28,19:26:40,   132, 40.90, 33.00,  7.90
         0,     0, 8,19:26:48,19:26:56,     8, 33.00, 41.10, -8.10
  12706622,     0, 6,19:18:37,19:27:02,   505, 41.40, 41.40,  0.00
  13008735,  7156, 1,19:25:13,19:27:14,   121, 41.30, 33.20,  8.10
         0,     0, 1,19:27:21,19:27:28,     7, 33.20, 41.30, -8.10
  21306958,  5124, 7,19:22:59,19:28:14,   315, 41.50, 38.50,  3.00
         0,     0, 7,19:28:21,19:28:22,     1, 38.50, 41.30, -2.80
  12448416,  6029, 2,19:27:33,19:29:04,    91, 44.00, 35.80,  8.20
         0,     0, 2,19:29:11,19:29:18,     7, 35.80, 44.00, -8.20
  12706659,  7068, 1,19:27:48,19:29:45,   117, 41.30, 24.00, 17.30
         0,     0, 1,19:29:52,19:30:08,    16, 24.00, 41.30,-17.30
  12448416,  6029, 1,19:30:18,19:30:46,    28, 41.30, 39.80,  1.50
         0,     0, 1,19:30:54,19:30:54,     0, 39.80, 41.10, -1.30
  12706624,  7033, 6,19:27:12,19:34:08,   416, 41.40, 32.40,  9.00
         0,     0, 6,19:34:16,19:34:24,     8, 32.40, 41.50, -9.10
  13323435,     0, 9,19:33:22,19:34:49,    87, 41.10, 40.90,  0.20
  13323435,     0, 9,19:35:12,19:37:17,   125, 40.90, 34.50,  6.40
  12706686,  7095, 3,19:36:00,19:37:31,    91, 47.00, 36.40, 10.60
         0,     0, 9,19:37:26,19:37:34,     8, 34.50, 41.10, -6.60
         0,     0, 3,19:37:39,19:37:47,     8, 36.40, 36.60, -0.20
  13008802,     0, 9,19:40:53,19:41:13,    20, 41.10, 41.00,  0.10
  13008768,     0, 6,19:38:28,19:43:14,   286, 41.50, 17.20, 24.30
         0,     0, 6,19:43:22,19:43:45,    23, 17.20, 41.70,-24.50
  12200005,  5059, 1,19:44:22,19:44:33,    11, 41.10, 41.10,  0.00
  12200085,     0,10,19:45:07,19:45:21,    14, 41.00, 36.60,  4.40
         0,     0,10,19:45:29,19:45:33,     4, 36.60, 41.20, -4.60
  13008789,     0, 7,19:28:39,19:47:03,  1104, 41.30, 29.80, 11.50
         0,     0, 7,19:47:11,19:47:18,     7, 29.80, 41.50,-11.70
  21306958,  5124, 8,19:47:28,19:47:35,     7, 41.00, 41.00,  0.00
  12200005,  5059, 2,19:44:41,19:48:00,   199, 44.10, 31.80, 12.30
  12706650,  7059, 3,19:45:41,19:48:02,   141, 46.30, 31.90, 14.40
         0,     0, 2,19:48:09,19:48:20,    11, 31.80, 44.00,-12.20
         0,     0, 3,19:48:10,19:48:23,    13, 31.90, 32.00, -0.10
  11953978,  4008, 1,19:48:20,19:49:48,    88, 41.10, 28.10, 13.00
         0,     0, 1,19:49:55,19:50:07,    12, 28.10, 41.30,-13.20
  21292480,  6005, 2,19:51:56,19:53:37,   101, 44.10, 34.00, 10.10
  13008835,     0, 6,19:44:08,19:53:45,   577, 41.20, 39.90,  1.30
         0,     0, 6,19:53:53,19:53:53,     0, 39.90, 41.20, -1.30
         0,     0, 2,19:53:45,19:53:53,     8, 34.00, 43.90, -9.90
  12706700,  7109, 3,19:54:01,19:54:31,    30, 47.20, 47.60, -0.40
  13008833,     0, 6,19:54:03,19:55:52,   109, 41.20, 40.00,  1.20
  12706655,  7064, 1,19:54:48,19:56:13,    85, 41.30, 28.90, 12.40
         0,     0, 1,19:56:21,19:56:32,    11, 28.90, 41.30,-12.40
  12706700,  7109, 2,19:56:33,19:56:49,    16, 43.90, 40.10,  3.80
         0,     0, 2,19:56:58,19:57:00,     2, 40.10, 44.00, -3.90
  12706622,     0, 6,19:56:10,19:57:28,    78, 40.20, 39.80,  0.40
         0,     0, 6,19:57:36,19:57:36,     0, 39.80, 41.30, -1.50
  13008735,  7156, 4,19:56:14,19:58:22,   128, 43.60, 31.90, 11.70
         0,     0, 4,19:58:30,19:58:40,    10, 31.90, 43.40,-11.50
  21306958,  5124, 8,19:59:01,19:59:04,     3, 29.30, 29.30,  0.00
         0,     0, 8,19:59:13,19:59:25,    12, 29.30, 41.10,-11.80
  13008768,     0, 6,20:00:37,20:04:28,   231, 41.20, 41.20,  0.00
  12706700,  7109, 2,20:04:31,20:05:13,    42, 44.00, 32.30, 11.70
         0,     0, 2,20:05:20,20:05:30,    10, 32.30, 44.00,-11.70
  13323427,     0, 7,19:50:00,20:07:42,  1062, 41.50, 41.40,  0.10
  13008815,     0, 8,20:07:59,20:08:29,    30, 40.80, 40.70,  0.10
  13008815,     0, 8,20:09:01,20:10:12,    71, 40.70, 36.30,  4.40
         0,     0, 8,20:10:19,20:10:24,     5, 36.30, 41.10, -4.80
  13008833,     0, 6,20:05:25,20:14:29,   544, 41.30, 41.20,  0.10
  12199987,  5041, 1,20:09:50,20:16:28,   398, 41.30, 21.40, 19.90
         0,     0, 1,20:16:35,20:16:53,    18, 21.40, 41.30,-19.90
  11954075,  4105, 2,20:18:30,20:20:43,   133, 44.00, 28.50, 15.50
         0,     0, 2,20:20:50,20:21:04,    14, 28.50, 43.90,-15.40
  13008797,     0, 6,20:14:42,20:22:27,   465, 41.20, 30.10, 11.10
         0,     0, 6,20:22:35,20:22:45,    10, 30.10, 30.20, -0.10
  12448471,  6084, 3,20:25:05,20:26:35,    90, 46.90, 35.90, 11.00
         0,     0, 3,20:26:43,20:26:52,     9, 35.90, 36.10, -0.20
  11954042,     0, 8,20:26:40,20:26:55,    15, 41.10, 41.10,  0.00
  12448483,  6096, 1,20:25:00,20:28:20,   200, 41.30, 20.00, 21.30
         0,     0, 1,20:28:28,20:28:48,    20, 20.00, 41.20,-21.20
  13008833,     0, 6,20:22:55,20:33:44,   649, 41.40, 24.20, 17.20
  12706700,  7109, 3,20:33:10,20:34:01,    51, 47.00, 34.60, 12.40
         0,     0, 6,20:33:52,20:34:08,    16, 24.20, 23.90,  0.30
         0,     0, 3,20:34:10,20:34:20,    10, 34.60, 34.60,  0.00
  12706650,  7059, 3,20:37:43,20:38:53,    70, 46.90, 39.60,  7.30
         0,     0, 3,20:39:00,20:39:05,     5, 39.60, 39.60,  0.00
  13323416,     0, 9,20:38:49,20:39:09,    20, 40.80, 40.50,  0.30
  11954050,  4080, 3,20:40:02,20:41:59,   117, 46.80, 33.70, 13.10
         0,     0, 3,20:42:06,20:42:17,    11, 33.70, 33.70,  0.00
  12199981,  5035, 1,20:44:01,20:44:48,    47, 41.20, 28.10, 13.10
         0,     0, 1,20:44:55,20:45:07,    12, 28.10, 41.50,-13.40
  12706609,  7018, 8,20:47:01,20:47:20,    19, 41.10, 40.30,  0.80
  12706609,  7018, 8,20:47:35,20:48:05,    30, 40.30, 36.40,  3.90
         0,     0, 8,20:48:14,20:48:18,     4, 36.40, 41.10, -4.70
  13008762,     0, 6,20:38:53,20:48:16,   563, 33.20, 30.70,  2.50
         0,     0, 6,20:48:23,20:48:32,     9, 30.70, 40.80,-10.10
  12706601,     0, 9,20:48:46,20:49:47,    61, 40.60, 37.40,  3.20
         0,     0, 9,20:49:56,20:50:00,     4, 37.40, 41.10, -3.70
  12448479,  6092, 2,20:50:02,20:50:57,    55, 43.80, 43.80,  0.00
  13008756,  7115, 5,20:52:27,20:52:47,    20, 40.80, 40.50,  0.30
  12448479,  6092, 1,20:51:08,20:53:36,   148, 41.40, 34.50,  6.90
         0,     0, 1,20:53:43,20:53:48,     5, 34.50, 41.50, -7.00
  13008756,  7115, 5,20:53:50,20:53:59,     9, 40.60, 40.60,  0.00
  12706636,  7045, 1,20:53:58,20:54:57,    59, 41.10, 33.20,  7.90
         0,     0, 1,20:55:06,20:55:13,     7, 33.20, 41.30, -8.10
  11724109,  6068, 3,20:52:52,20:55:51,   179, 46.90, 46.70,  0.20
  13008756,  7115, 5,20:58:11,20:58:17,     6, 40.60, 40.50,  0.10
  11724109,  6068, 3,20:56:13,20:59:11,   178, 46.60, 31.60, 15.00
         0,     0, 3,20:59:19,20:59:32,    13, 31.60, 31.40,  0.20
  12448428,  6041, 3,21:00:17,21:01:15,    58, 46.90, 35.60, 11.30
         0,     0, 3,21:01:22,21:01:31,     9, 35.60, 35.80, -0.20
  12706637,  7046, 3,21:01:41,21:02:00,    19, 46.60, 47.80, -1.20
  11954042,     0, 7,20:27:02,21:03:00,  2158, 41.40, 24.90, 16.50
         0,     0, 7,21:03:08,21:03:17,     9, 24.90, 24.90,  0.00
  12706637,  7046, 3,21:02:20,21:03:29,    69, 47.50, 47.20,  0.30
  12706637,  7046, 2,21:03:56,21:04:05,     9, 43.80, 43.90, -0.10
  11954056,     0, 8,21:03:42,21:04:33,    51, 41.20, 40.90,  0.30
  13008800,     0, 7,21:03:43,21:04:49,    66, 35.60, 35.50,  0.10
         0,     0, 7,21:04:57,21:05:00,     3, 35.50, 40.90, -5.40
  13008756,  7115, 3,21:03:39,21:05:54,   135, 46.50, 28.80, 17.70
  12706637,  7046, 1,21:04:09,21:06:03,   114, 41.40, 22.20, 19.20
         0,     0, 3,21:06:02,21:06:18,    16, 28.80, 28.50,  0.30
         0,     0, 1,21:06:11,21:06:29,    18, 22.20, 41.30,-19.10
  11954056,     0, 8,21:08:14,21:08:15,     1, 24.60, 24.70, -0.10
  11954075,  4105, 2,21:08:14,21:08:21,     7, 43.80, 43.90, -0.10
  11954075,  4105, 2,21:08:31,21:08:31,     0, 43.90, 43.80,  0.10
         0,     0, 8,21:08:23,21:08:40,    17, 24.70, 41.10,-16.40
  13323416,     0,10,21:08:27,21:09:21,    54, 40.70, 37.10,  3.60
         0,     0,10,21:09:28,21:09:32,     4, 37.10, 41.30, -4.20
  11954075,  4105, 2,21:08:44,21:09:54,    70, 43.80, 35.40,  8.40
         0,     0, 2,21:10:02,21:10:09,     7, 35.40, 44.00, -8.60
  12448442,  6055, 6,21:01:38,21:14:18,   760, 34.00, 29.50,  4.50
         0,     0, 6,21:14:26,21:14:37,    11, 29.50, 41.40,-11.90
  12706622,     0, 6,21:14:55,21:15:12,    17, 41.30, 41.30,  0.00
  12200046,  5100, 1,21:14:40,21:15:17,    37, 41.30, 34.60,  6.70
         0,     0, 1,21:15:26,21:15:31,     5, 34.60, 41.30, -6.70
  12706727,  7136, 5,21:15:22,21:15:30,     8, 40.60, 40.60,  0.00
  11724159,     0, 6,21:15:26,21:16:09,    43, 40.50, 38.80,  1.70
         0,     0, 6,21:16:16,21:16:18,     2, 38.80, 41.40, -2.60
  12706622,     0, 6,21:18:23,21:19:29,    66, 24.50, 24.50,  0.00
         0,     0, 6,21:19:37,21:19:53,    16, 24.50, 41.40,-16.90
  13008802,     0, 9,21:24:58,21:25:09,    11, 41.10, 41.00,  0.10
  13008802,     0, 9,21:25:37,21:26:56,    79, 41.00, 31.70,  9.30
         0,     0, 9,21:27:05,21:27:17,    12, 31.70, 41.10, -9.40
  12448472,  6085, 5,21:27:32,21:27:38,     6, 40.60, 40.50,  0.10
  11954014,  4044, 4,21:27:55,21:28:10,    15, 43.80, 43.10,  0.70
  12448448,  6061, 1,21:28:47,21:29:00,    13, 41.30, 41.30,  0.00
  11954056,     0, 7,21:06:08,21:29:13,  1385, 31.90, 31.90,  0.00
         0,     0, 7,21:29:21,21:29:27,     6, 31.90, 41.40, -9.50
  12448472,  6085, 1,21:30:00,21:30:16,    16, 41.30, 41.10,  0.20
  11954014,  4044, 3,21:31:46,21:31:57,    11, 46.90, 46.50,  0.40
  12706707,  7116, 5,21:32:01,21:32:07,     6, 40.60, 40.60,  0.00
  12706651,  7060, 4,21:30:04,21:32:54,   170, 43.10, 31.80, 11.30
         0,     0, 4,21:33:02,21:33:13,    11, 31.80, 43.40,-11.60
  11954014,  4044, 4,21:34:34,21:34:34,     0, 43.30, 43.50, -0.20
  11954014,  4044, 3,21:34:43,21:35:30,    47, 46.10, 30.70, 15.40
         0,     0, 3,21:35:38,21:35:52,    14, 30.70, 30.60,  0.10
  12448448,  6061, 2,21:35:12,21:37:00,   108, 43.90, 43.50,  0.40
  12448448,  6061, 1,21:37:05,21:42:39,   334, 41.00, 24.80, 16.20
         0,     0, 1,21:42:47,21:43:02,    15, 24.80, 41.30,-16.50
  12448428,  6041, 4,21:46:14,21:46:52,    38, 43.50, 35.10,  8.40
         0,     0, 4,21:47:00,21:47:08,     8, 35.10, 43.40, -8.30
  12706707,  7116, 2,21:48:18,21:48:43,    25, 43.50, 41.20,  2.30
         0,     0, 2,21:48:51,21:48:52,     1, 41.20, 44.10, -2.90
  12706707,  7116, 2,21:49:06,21:50:18,    72, 44.10, 37.30,  6.80
         0,     0, 2,21:50:26,21:50:31,     5, 37.30, 43.90, -6.60
  13008762,     0, 6,21:34:17,21:52:02,  1065, 41.50, 41.50,  0.00
  12448479,  6092, 3,21:59:53,22:00:09,    16, 46.60, 46.90, -0.30
  11499161,  2051, 1,21:54:53,22:00:11,   318, 41.10, 24.40, 16.70
         0,     0, 1,22:00:20,22:00:35,    15, 24.40, 41.30,-16.90
  12448479,  6092, 4,22:00:37,22:00:46,     9, 43.30, 43.30,  0.00
  12448479,  6092, 3,22:01:03,22:02:27,    84, 46.10, 38.80,  7.30
         0,     0, 3,22:02:35,22:02:41,     6, 38.80, 39.10, -0.30
  12448409,  6022, 2,22:04:45,22:05:19,    34, 43.80, 42.50,  1.30
  11953978,  4008, 1,22:05:10,22:05:40,    30, 41.20, 40.40,  0.80
  12200042,  5096, 2,22:05:38,22:05:46,     8, 42.40, 42.40,  0.00
  12448409,  6022, 2,22:06:02,22:07:11,    69, 42.50, 32.30, 10.20
  11953978,  4008, 1,22:06:13,22:07:15,    62, 40.10, 30.20,  9.90
  13008768,     0, 6,22:01:02,22:07:16,   374, 41.40, 41.50, -0.10
         0,     0, 2,22:07:18,22:07:29,    11, 32.30, 44.00,-11.70
         0,     0, 1,22:07:23,22:07:33,    10, 30.20, 41.30,-11.10
  12200042,  5096, 2,22:07:39,22:09:28,   109, 43.80, 31.30, 12.50
         0,     0, 2,22:09:36,22:09:47,    11, 31.30, 44.10,-12.80
  13323425,     0, 9,22:10:27,22:10:28,     1, 38.90, 39.10, -0.20
         0,     0, 9,22:10:36,22:10:38,     2, 39.10, 41.20, -2.10
  13008765,     0, 9,22:12:52,22:12:58,     6, 41.00, 40.80,  0.20
  12706669,  7078, 3,22:15:18,22:16:41,    83, 46.50, 36.00, 10.50
         0,     0, 3,22:16:48,22:16:57,     9, 36.00, 36.40, -0.40
  12706648,  7057, 2,22:18:53,22:20:46,   113, 44.20, 28.90, 15.30
  12706727,  7136, 1,22:19:19,22:20:55,    96, 41.40, 40.60,  0.80
         0,     0, 2,22:20:54,22:21:08,    14, 28.90, 44.10,-15.20
  12706727,  7136, 2,22:21:32,22:22:56,    84, 44.20, 27.80, 16.40
         0,     0, 2,22:23:04,22:23:19,    15, 27.80, 44.00,-16.20
  11724239,  3139, 1,22:21:20,22:25:12,   232, 40.70, 39.50,  1.20
  13008765,     0, 9,22:24:13,22:25:16,    63, 40.80, 36.30,  4.50
         0,     0, 1,22:25:19,22:25:20,     1, 39.50, 41.30, -1.80
         0,     0, 9,22:25:24,22:25:30,     6, 36.30, 41.10, -4.80
  12706707,  7116, 2,22:26:13,22:26:47,    34, 44.00, 39.30,  4.70
  11724239,  3139, 1,22:25:30,22:26:52,    82, 41.20, 39.60,  1.60
         0,     0, 2,22:26:55,22:26:58,     3, 39.30, 43.70, -4.40
         0,     0, 1,22:27:00,22:27:01,     1, 39.60, 41.30, -1.70
  12706707,  7116, 1,22:27:45,22:28:00,    15, 41.30, 40.40,  0.90
  13323434,     0, 9,22:32:16,22:32:18,     2, 40.90, 40.90,  0.00
  13323434,     0, 9,22:32:37,22:32:38,     1, 40.80, 40.70,  0.10
  13323434,     0, 9,22:32:54,22:33:07,    13, 40.60, 40.30,  0.30
  12706616,  7025, 2,22:32:29,22:33:38,    69, 43.90, 32.40, 11.50
         0,     0, 2,22:33:46,22:33:56,    10, 32.40, 44.00,-11.60
  12706618,     0,10,22:33:45,22:34:00,    15, 40.90, 40.80,  0.10
  12706618,     0,10,22:34:51,22:34:53,     2, 35.90, 36.10, -0.20
         0,     0,10,22:35:01,22:35:06,     5, 36.10, 41.20, -5.10
  12706622,     0, 6,22:07:35,22:36:59,  1764, 41.50, 40.50,  1.00
  12448420,     0, 9,22:37:50,22:38:36,    46, 40.30, 40.10,  0.20
  12448420,     0, 9,22:38:46,22:40:04,    78, 40.10, 39.00,  1.10
  12200085,     0,10,22:39:59,22:40:06,     7, 41.40, 39.30,  2.10
         0,     0, 9,22:40:12,22:40:14,     2, 39.00, 41.10, -2.10
         0,     0,10,22:40:14,22:40:15,     1, 39.30, 41.30, -2.00
  12448420,     0,10,22:40:31,22:40:50,    19, 40.20, 39.50,  0.70
         0,     0,10,22:40:58,22:40:59,     1, 39.50, 41.20, -1.70
  12448442,  6055, 6,22:37:57,22:42:26,   269, 35.00, 34.80,  0.20
         0,     0, 6,22:42:34,22:42:40,     6, 34.80, 34.90, -0.10
  12200083,     0, 9,22:44:16,22:44:18,     2, 36.90, 36.80,  0.10
  12200085,     0,10,22:44:24,22:44:26,     2, 31.10, 30.90,  0.20
         0,     0, 9,22:44:25,22:44:30,     5, 36.80, 41.10, -4.30
         0,     0,10,22:44:35,22:44:45,    10, 30.90, 41.00,-10.10
  12448437,  6050, 7,21:29:37,22:46:06,  4589, 41.50, 35.90,  5.60
         0,     0, 7,22:46:14,22:46:17,     3, 35.90, 41.50, -5.60
  13008762,     0, 6,22:43:04,22:47:09,   245, 39.30, 38.30,  1.00
         0,     0, 6,22:47:16,22:47:18,     2, 38.30, 41.50, -3.20
  12200046,  5100, 3,22:48:04,22:48:50,    46, 46.90, 36.70, 10.20
  12706634,     0, 8,22:48:26,22:49:00,    34, 41.10, 40.90,  0.20
         0,     0, 3,22:48:59,22:49:07,     8, 36.70, 46.20, -9.50
  12706634,     0, 8,22:49:19,22:49:38,    19, 40.90, 39.60,  1.30
         0,     0, 8,22:49:47,22:49:48,     1, 39.60, 40.80, -1.20
  12448409,  6022, 5,22:51:13,22:51:39,    26, 40.50, 40.50,  0.00
  13008800,     0, 8,22:50:49,22:52:13,    84, 39.60, 37.20,  2.40
         0,     0, 8,22:52:20,22:52:23,     3, 37.20, 41.10, -3.90
  11724239,  3139, 5,22:56:20,22:57:13,    53, 40.50, 40.20,  0.30
  12448409,  6022, 3,22:55:43,22:58:11,   148, 46.80, 33.60, 13.20
         0,     0, 3,22:58:18,22:58:29,    11, 33.60, 33.30,  0.30
  12448477,  6090, 2,22:56:28,23:00:29,   241, 44.10, 24.30, 19.80
         0,     0, 2,23:00:37,23:00:55,    18, 24.30, 44.00,-19.70
  13008735,  7156, 1,23:03:23,23:03:58,    35, 40.20, 39.30,  0.90
         0,     0, 1,23:04:05,23:04:06,     1, 39.30, 41.20, -1.90
  12200007,  5061, 5,23:02:40,23:04:13,    93, 40.20, 26.00, 14.20
         0,     0, 5,23:04:20,23:04:34,    14, 26.00, 40.80,-14.80
  12706650,  7059, 3,23:03:00,23:04:46,   106, 47.60, 37.20, 10.40
         0,     0, 3,23:04:54,23:05:02,     8, 37.20, 46.30, -9.10
  13008735,  7156, 1,23:04:16,23:06:16,   120, 40.90, 29.20, 11.70
         0,     0, 1,23:06:24,23:06:35,    11, 29.20, 41.20,-12.00
  12706639,  7048, 2,23:04:13,23:07:23,   190, 43.90, 25.50, 18.40
         0,     0, 2,23:07:31,23:07:48,    17, 25.50, 44.10,-18.60
  13008762,     0, 6,22:53:30,23:11:52,  1102, 41.50, 41.50,  0.00
  11724239,  3139, 1,23:10:43,23:12:36,   113, 41.30, 40.60,  0.70
  11724239,  3139, 1,23:12:47,23:14:53,   126, 40.60, 32.50,  8.10
         0,     0, 1,23:15:01,23:15:09,     8, 32.50, 41.50, -9.00
  13008797,     0, 6,23:12:02,23:16:50,   288, 41.40, 31.00, 10.40
         0,     0, 6,23:16:58,23:17:07,     9, 31.00, 41.50,-10.50
  13323425,     0, 9,23:19:01,23:19:02,     1, 41.10, 41.10,  0.00
  13323425,     0, 9,23:20:23,23:21:18,    55, 40.60, 36.50,  4.10
         0,     0, 9,23:21:26,23:21:31,     5, 36.50, 41.00, -4.50
  11499202,     0, 6,23:20:56,23:22:31,    95, 41.50, 35.50,  6.00
         0,     0, 6,23:22:39,23:22:44,     5, 35.50, 35.70, -0.20
  12706669,  7078, 3,23:23:46,23:26:44,   178, 46.80, 37.60,  9.20
         0,     0, 3,23:26:52,23:26:59,     7, 37.60, 37.80, -0.20
  13323434,     0, 9,23:29:46,23:30:00,    14, 40.60, 40.40,  0.20
  12200007,  5061, 5,23:36:54,23:38:20,    86, 40.80, 32.50,  8.30
         0,     0, 5,23:38:27,23:38:34,     7, 32.50, 40.90, -8.40
  11499202,     0, 6,23:37:24,23:44:42,   438, 41.50, 40.20,  1.30
         0,     0, 3,23:44:56,23:45:06,    10, 46.80, 46.80,  0.00
         0,     0, 4,23:44:56,23:45:06,    10, 43.00, 43.00,  0.00
         0,     0, 5,23:44:56,23:45:06,    10, 40.80, 40.80,  0.00
         0,     0, 7,23:44:56,23:45:06,    10, 41.40, 41.40,  0.00
         0,     0, 8,23:44:56,23:45:06,    10, 41.10, 41.10,  0.00
         0,     0, 9,23:44:56,23:45:06,    10, 34.50, 34.50,  0.00
         0,     0,10,23:44:56,23:45:06,    10, 40.80, 40.80,  0.00
         0,     0, 1,23:44:56,23:45:06,    10, 41.40, 41.40,  0.00
         0,     0, 2,23:44:56,23:45:06,    10, 44.00, 44.00,  0.00
