         0,     0, 6, 0:03:04, 0:03:14,    10, 38.80, 38.80,  0.00
         0,     0, 5, 0:03:04, 0:03:14,    10, 40.70, 40.70,  0.00
         0,     0, 7, 0:03:04, 0:03:14,    10, 41.60, 41.60,  0.00
         0,     0, 8, 0:03:04, 0:03:14,    10, 40.30, 40.30,  0.00
         0,     0, 9, 0:03:04, 0:03:14,    10, 41.20, 41.20,  0.00
         0,     0,10, 0:03:04, 0:03:14,    10, 41.10, 41.10,  0.00
         0,     0, 1, 0:03:04, 0:03:14,    10, 41.40, 41.40,  0.00
         0,     0, 2, 0:03:04, 0:03:14,    10, 43.50, 43.50,  0.00
         0,     0, 3, 0:03:04, 0:03:14,    10, 45.90, 45.90,  0.00
         0,     0, 4, 0:03:04, 0:03:14,    10, 43.30, 43.30,  0.00
  11954014,  4044, 1, 0:03:10, 0:04:00,    50, 41.30, 24.30, 17.00
         0,     0, 1, 0:04:08, 0:04:24,    16, 24.30, 41.20,-16.90
  12200048,     0, 8, 0:04:52, 0:04:53,     1, 40.30, 40.40, -0.10
  12448412,  6025, 5, 0:07:42, 0:08:12,    30, 40.70, 40.60,  0.10
  13008839,     0, 9, 0:05:29, 0:10:29,   300, 41.20, 32.30,  8.90
         0,     0, 9, 0:10:36, 0:10:47,    11, 32.30, 34.50, -2.20
  12706636,  7045, 2, 0:11:38, 0:13:12,    94, 43.60, 33.80,  9.80
         0,     0, 2, 0:13:20, 0:13:29,     9, 33.80, 43.80,-10.00
  12448412,  6025, 5, 0:08:57, 0:16:02,   425, 40.60, 17.50, 23.10
         0,     0, 5, 0:16:10, 0:16:32,    22, 17.50, 40.80,-23.30
  12706639,  7048, 4, 0:17:14, 0:18:53,    99, 43.30, 32.90, 10.40
         0,     0, 4, 0:19:01, 0:19:11,    10, 32.90, 43.40,-10.50
  12200010,  5064, 3, 0:22:50, 0:25:50,   180, 45.70, 24.40, 21.30
         0,     0, 3, 0:25:58, 0:26:16,    18, 24.40, 24.20,  0.20
  11499202,     0, 9, 0:30:28, 0:31:30,    62, 41.00, 37.30,  3.70
         0,     0, 9, 0:31:38, 0:31:42,     4, 37.30, 41.20, -3.90
  12448479,  6092, 2, 0:40:01, 0:42:07,   126, 43.30, 30.90, 12.40
         0,     0, 2, 0:42:14, 0:42:26,    12, 30.90, 43.70,-12.80
  11954014,  4044, 3, 0:49:04, 0:50:26,    82, 46.10, 41.20,  4.90
         0,     0, 3, 0:50:35, 0:50:38,     3, 41.20, 46.00, -4.80
  11499202,     0,10, 0:50:20, 0:50:45,    25, 41.10, 40.10,  1.00
  13008835,     0,10, 1:19:40, 1:20:30,    50, 40.00, 39.70,  0.30
         0,     0,10, 1:20:39, 1:20:39,     0, 39.70, 41.00, -1.30
  13008842,  8083, 2, 1:20:05, 1:21:59,   114, 43.30, 37.00,  6.30
         0,     0, 2, 1:22:06, 1:22:12,     6, 37.00, 43.90, -6.90
  13008835,     0,10, 1:22:16, 1:22:17,     1, 33.00, 33.00,  0.00
  21268825,  6068, 4, 1:21:14, 1:22:29,    75, 43.50, 43.50,  0.00
         0,     0,10, 1:22:24, 1:22:33,     9, 33.00, 41.30, -8.30
  13008842,  8083, 2, 1:22:30, 1:24:42,   132, 43.70, 37.80,  5.90
         0,     0, 2, 1:24:49, 1:24:54,     5, 37.80, 44.10, -6.30
  21268825,  6068, 4, 1:22:42, 1:25:00,   138, 43.30, 29.70, 13.60
         0,     0, 4, 1:25:08, 1:25:21,    13, 29.70, 43.20,-13.50
  12448474,  6087, 3, 1:29:13, 1:31:46,   153, 45.90, 22.90, 23.00
         0,     0, 3, 1:31:53, 1:32:13,    20, 22.90, 46.30,-23.40
  12448479,  6092, 4, 1:31:42, 1:32:51,    69, 43.30, 36.10,  7.20
         0,     0, 4, 1:32:59, 1:33:05,     6, 36.10, 43.40, -7.30
  12448432,  6045, 2, 1:30:45, 1:34:41,   236, 44.10, 31.60, 12.50
         0,     0, 2, 1:34:49, 1:35:00,    11, 31.60, 36.70, -5.10
  13008835,     0, 9, 1:35:01, 1:35:07,     6, 41.00, 40.90,  0.10
  12706705,  7114, 4, 1:33:18, 1:36:25,   187, 43.20, 29.80, 13.40
         0,     0, 4, 1:36:34, 1:36:47,    13, 29.80, 43.20,-13.40
  12706714,  7123, 2, 1:38:36, 1:38:49,    13, 43.80, 43.80,  0.00
  12706714,  7123, 2, 1:44:29, 1:44:37,     8, 43.80, 43.70,  0.10
  13323457,     0, 8, 1:48:23, 1:48:48,    25, 28.80, 22.50,  6.30
         0,     0, 8, 1:48:56, 1:49:16,    20, 22.50, 41.20,-18.70
  13323444,     0, 9, 1:54:14, 1:54:26,    12, 40.90, 39.90,  1.00
         0,     0, 9, 1:54:34, 1:54:35,     1, 39.90, 40.90, -1.00
  13323406,     0, 9, 1:57:12, 1:57:19,     7, 40.90, 40.90,  0.00
  11953978,  4008, 3, 1:55:29, 1:58:19,   170, 46.30, 28.20, 18.10
  13323406,     0, 9, 1:57:42, 1:58:35,    53, 38.10, 33.80,  4.30
         0,     0, 3, 1:58:26, 1:58:41,    15, 28.20, 28.10,  0.10
         0,     0, 9, 1:58:44, 1:58:53,     9, 33.80, 41.00, -7.20
  13008842,  8083, 2, 1:58:18, 2:00:42,   144, 43.70, 40.60,  3.10
         0,     0, 2, 2:00:50, 2:00:52,     2, 40.60, 43.80, -3.20
  13008858,     0, 9, 2:00:56, 2:01:29,    33, 40.80, 40.90, -0.10
  13008858,     0, 9, 2:02:49, 2:02:52,     3, 34.80, 34.80,  0.00
         0,     0, 9, 2:03:00, 2:03:08,     8, 34.80, 41.00, -6.20
  21268825,  6068, 1, 2:03:07, 2:05:38,   151, 41.10, 32.90,  8.20
         0,     0, 1, 2:05:47, 2:05:54,     7, 32.90, 41.20, -8.30
  12706669,  7078, 2, 2:09:12, 2:10:09,    57, 43.60, 30.30, 13.30
         0,     0, 2, 2:10:18, 2:10:31,    13, 30.30, 43.80,-13.50
  13323352,  8154, 2, 2:24:16, 2:25:48,    92, 43.80, 41.70,  2.10
         0,     0, 2, 2:25:56, 2:25:57,     1, 41.70, 43.90, -2.20
  13323352,  8154, 5, 2:31:51, 2:33:19,    88, 40.60, 38.20,  2.40
         0,     0, 5, 2:33:27, 2:33:29,     2, 38.20, 40.80, -2.60
  13008905,  8146, 4, 2:33:36, 2:35:25,   109, 43.60, 33.80,  9.80
         0,     0, 4, 2:35:32, 2:35:41,     9, 33.80, 43.10, -9.30
  12706714,  7123, 5, 2:36:01, 2:37:38,    97, 40.70, 22.40, 18.30
         0,     0, 5, 2:37:46, 2:38:04,    18, 22.40, 40.70,-18.30
  12706645,     0, 8, 2:41:32, 2:41:54,    22, 41.20, 41.10,  0.10
  12199987,     0, 9, 2:48:06, 2:48:56,    50, 41.00, 40.50,  0.50
  12706730,  7139, 4, 2:47:11, 2:48:57,   106, 43.10, 28.90, 14.20
         0,     0, 4, 2:49:04, 2:49:18,    14, 28.90, 43.30,-14.40
  12706651,  7060, 2, 3:24:42, 3:26:43,   121, 43.50, 36.70,  6.80
         0,     0, 2, 3:26:50, 3:26:56,     6, 36.70, 43.80, -7.10
  11953996,  4026, 2, 3:28:15, 3:28:20,     5, 43.80, 43.70,  0.10
  11953996,  4026, 2, 3:28:51, 3:29:04,    13, 43.80, 43.60,  0.20
  21268162,  6046, 5, 3:27:36, 3:29:07,    91, 40.70, 29.60, 11.10
         0,     0, 5, 3:29:14, 3:29:24,    10, 29.60, 40.70,-11.10
  21268162,  6046, 5, 3:30:17, 3:31:00,    43, 40.70, 35.30,  5.40
         0,     0, 5, 3:31:07, 3:31:12,     5, 35.30, 40.70, -5.40
  11953996,  4026, 3, 3:37:09, 3:38:19,    70, 46.10, 45.60,  0.50
  11499202,     0, 9, 3:45:25, 3:46:01,    36, 40.60, 39.40,  1.20
         0,     0, 9, 3:46:10, 3:46:11,     1, 39.40, 41.10, -1.70
  13008837,     0,10, 3:52:48, 3:53:00,    12, 40.90, 40.60,  0.30
  13008837,     0, 9, 3:53:19, 3:53:42,    23, 40.20, 38.80,  1.40
         0,     0, 9, 3:53:50, 3:53:52,     2, 38.80, 41.10, -2.30
  12706622,     0, 9, 3:57:04, 4:00:28,   204, 37.10, 27.70,  9.40
         0,     0, 9, 4:00:36, 4:00:54,    18, 27.70, 40.90,-13.20
  11953996,  4026, 4, 4:02:53, 4:05:26,   153, 43.70, 25.80, 17.90
         0,     0, 4, 4:05:33, 4:05:50,    17, 25.80, 43.20,-17.40
  13008742,  7163, 2, 4:07:37, 4:10:12,   155, 43.30, 28.60, 14.70
         0,     0, 2, 4:10:20, 4:10:34,    14, 28.60, 44.00,-15.40
  21268162,  6046, 5, 4:09:54, 4:10:55,    61, 40.60, 33.50,  7.10
         0,     0, 5, 4:11:03, 4:11:09,     6, 33.50, 33.60, -0.10
  12448416,  6029, 4, 4:22:59, 4:27:54,   295, 43.50, 29.40, 14.10
         0,     0, 4, 4:28:03, 4:28:16,    13, 29.40, 43.30,-13.90
  13323444,     0, 9, 5:27:16, 5:27:25,     9, 40.90, 40.80,  0.10
  13323444,     0,10, 5:28:49, 5:28:51,     2, 39.80, 40.00, -0.20
         0,     0,10, 5:28:59, 5:29:00,     1, 40.00, 41.20, -1.20
  21268104,  6062, 2, 6:05:13, 6:06:30,    77, 43.30, 42.80,  0.50
  21268104,  6062, 1, 6:06:44, 6:08:48,   124, 41.10, 24.60, 16.50
         0,     0, 1, 6:08:56, 6:09:12,    16, 24.60, 41.40,-16.80
  12706738,  7147, 2, 6:06:40, 6:09:12,   152, 42.80, 25.00, 17.80
         0,     0, 2, 6:09:21, 6:09:39,    18, 25.00, 31.00, -6.00
  13323390,  9012, 5, 6:07:47, 6:10:59,   192, 40.70, 25.50, 15.20
         0,     0, 5, 6:11:07, 6:11:21,    14, 25.50, 40.80,-15.30
  12706707,  7116, 3, 6:10:18, 6:11:30,    72, 45.60, 31.90, 13.70
         0,     0, 3, 6:11:37, 6:11:48,    11, 31.90, 31.90,  0.00
  12706700,  7109, 3, 6:15:02, 6:16:08,    66, 46.00, 30.10, 15.90
         0,     0, 3, 6:16:15, 6:16:28,    13, 30.10, 45.50,-15.40
  21304388,  6125, 2, 6:16:21, 6:20:39,   258, 43.80, 20.30, 23.50
         0,     0, 2, 6:20:48, 6:21:11,    23, 20.30, 28.90, -8.60
  12706727,  7136, 2, 6:21:37, 6:21:51,    14, 44.00, 44.20, -0.20
  12448404,  6017, 4, 6:21:38, 6:23:48,   130, 43.70, 21.40, 22.30
         0,     0, 4, 6:23:55, 6:24:17,    22, 21.40, 43.30,-21.90
  12706727,  7136, 1, 6:22:10, 6:24:23,   133, 40.70, 26.30, 14.40
         0,     0, 1, 6:24:31, 6:24:45,    14, 26.30, 41.40,-15.10
  12706719,  7128, 5, 6:22:36, 6:25:11,   155, 40.70, 25.60, 15.10
         0,     0, 5, 6:25:20, 6:25:34,    14, 25.60, 25.80, -0.20
  13323352,  8154, 2, 6:25:40, 6:27:51,   131, 44.10, 40.30,  3.80
         0,     0, 2, 6:27:59, 6:28:01,     2, 40.30, 43.60, -3.30
  13008732,  7153, 1, 6:27:07, 6:29:53,   166, 41.20, 22.10, 19.10
         0,     0, 1, 6:30:00, 6:30:18,    18, 22.10, 41.10,-19.00
  12706701,  7110, 4, 6:29:29, 6:32:02,   153, 43.70, 32.00, 11.70
  12706616,  7025, 2, 6:30:39, 6:32:12,    93, 43.60, 26.10, 17.50
         0,     0, 4, 6:32:10, 6:32:21,    11, 32.00, 43.20,-11.20
         0,     0, 2, 6:32:20, 6:32:37,    17, 26.10, 43.70,-17.60
  12706701,  7110, 4, 6:32:34, 6:32:44,    10, 43.30, 41.80,  1.50
         0,     0, 4, 6:32:51, 6:32:52,     1, 41.80, 43.30, -1.50
  13008905,  8146, 5, 6:31:30, 6:33:11,   101, 40.70, 32.40,  8.30
         0,     0, 5, 6:33:20, 6:33:27,     7, 32.40, 32.40,  0.00
  12706729,  7138, 3, 6:32:50, 6:33:39,    49, 45.70, 43.40,  2.30
  12706701,  7110, 4, 6:33:03, 6:33:45,    42, 43.40, 37.30,  6.10
         0,     0, 3, 6:33:47, 6:33:48,     1, 43.40, 46.10, -2.70
         0,     0, 4, 6:33:52, 6:33:57,     5, 37.30, 43.10, -5.80
  12706669,  7078, 1, 6:33:19, 6:34:43,    84, 41.30, 25.90, 15.40
         0,     0, 1, 6:34:52, 6:35:06,    14, 25.90, 41.10,-15.20
  13008905,  8146, 5, 6:35:23, 6:36:03,    40, 39.70, 37.80,  1.90
         0,     0, 5, 6:36:11, 6:36:13,     2, 37.80, 40.70, -2.90
  12706729,  7138, 4, 6:36:13, 6:36:37,    24, 43.30, 43.20,  0.10
  12706655,  7064, 3, 6:34:01, 6:37:02,   181, 46.10, 24.70, 21.40
         0,     0, 3, 6:37:09, 6:37:27,    18, 24.70, 24.60,  0.10
  12448416,  6029, 4, 6:37:21, 6:38:52,    91, 43.20, 33.70,  9.50
         0,     0, 4, 6:38:59, 6:39:08,     9, 33.70, 43.10, -9.40
  12448416,  6029, 3, 6:39:36, 6:39:57,    21, 45.90, 41.80,  4.10
         0,     0, 3, 6:40:05, 6:40:08,     3, 41.80, 46.20, -4.40
  11953996,  4026, 1, 6:38:17, 6:41:12,   175, 41.00, 22.40, 18.60
         0,     0, 1, 6:41:20, 6:41:38,    18, 22.40, 41.20,-18.80
  12706734,  7143, 2, 6:38:21, 6:41:55,   214, 43.80, 31.50, 12.30
         0,     0, 2, 6:42:03, 6:42:15,    12, 31.50, 43.80,-12.30
  12448473,  6086, 1, 6:41:52, 6:43:41,   109, 41.30, 23.80, 17.50
         0,     0, 1, 6:43:49, 6:44:05,    16, 23.80, 41.10,-17.30
  12706707,  7116, 3, 6:43:33, 6:45:06,    93, 46.00, 40.30,  5.70
         0,     0, 3, 6:45:13, 6:45:17,     4, 40.30, 40.30,  0.00
  12706729,  7138, 3, 6:45:45, 6:47:38,   113, 45.90, 30.40, 15.50
         0,     0, 3, 6:47:45, 6:47:58,    13, 30.40, 30.40,  0.00
  21268104,  6062, 2, 6:48:23, 6:48:35,    12, 43.70, 43.50,  0.20
  21268104,  6062, 1, 6:50:32, 6:52:19,   107, 41.00, 28.80, 12.20
         0,     0, 1, 6:52:26, 6:52:38,    12, 28.80, 41.50,-12.70
  12448474,  6087, 1, 6:52:48, 6:54:29,   101, 41.60, 28.80, 12.80
         0,     0, 1, 6:54:38, 6:54:50,    12, 28.80, 41.30,-12.50
  12200064,  5118, 2, 6:51:40, 6:57:22,   342, 43.60, 22.20, 21.40
         0,     0, 2, 6:57:29, 6:57:54,    25, 22.20, 43.60,-21.40
  12200010,  5064, 1, 6:56:40, 6:59:06,   146, 41.30, 24.30, 17.00
         0,     0, 1, 6:59:15, 6:59:33,    18, 24.30, 41.00,-16.70
  12448428,  6041, 3, 7:02:25, 7:03:29,    64, 46.20, 30.20, 16.00
         0,     0, 3, 7:03:37, 7:03:50,    13, 30.20, 46.20,-16.00
  12706706,  7115, 2, 7:02:46, 7:04:04,    78, 43.90, 27.50, 16.40
         0,     0, 2, 7:04:12, 7:04:28,    16, 27.50, 43.70,-16.20
  13008842,  8083, 1, 7:05:54, 7:05:59,     5, 41.40, 41.10,  0.30
  13323388,  9010, 4, 7:06:13, 7:06:38,    25, 43.90, 41.70,  2.20
         0,     0, 4, 7:06:46, 7:06:47,     1, 41.70, 43.10, -1.40
  13323388,  9010, 3, 7:07:14, 7:09:06,   112, 46.20, 30.70, 15.50
         0,     0, 3, 7:09:13, 7:09:26,    13, 30.70, 30.50,  0.20
  21299280,  8145, 4, 7:07:13, 7:09:24,   131, 43.20, 32.60, 10.60
         0,     0, 4, 7:09:31, 7:09:41,    10, 32.60, 43.20,-10.60
  21299280,  8145, 3, 7:10:25, 7:10:49,    24, 46.10, 43.30,  2.80
         0,     0, 3, 7:10:57, 7:10:59,     2, 43.30, 46.40, -3.10
  13008842,  8083, 2, 7:09:12, 7:11:33,   141, 43.80, 25.80, 18.00
         0,     0, 2, 7:11:42, 7:12:00,    18, 25.80, 43.70,-17.90
  13323462,     0,10, 7:16:21, 7:16:25,     4, 40.90, 41.00, -0.10
  12448479,  6092, 2, 7:24:32, 7:25:04,    32, 43.50, 42.80,  0.70
  12448479,  6092, 1, 7:25:09, 7:27:05,   116, 41.00, 26.10, 14.90
         0,     0, 1, 7:27:13, 7:27:27,    14, 26.10, 41.40,-15.30
  12706734,  7143, 2, 7:25:23, 7:27:29,   126, 43.00, 35.00,  8.00
         0,     0, 2, 7:27:37, 7:27:45,     8, 35.00, 43.80, -8.80
  12448483,  6096, 1, 7:30:59, 7:32:43,   104, 41.50, 28.40, 13.10
         0,     0, 1, 7:32:51, 7:33:03,    12, 28.40, 41.30,-12.90
  13323462,     0,10, 7:33:33, 7:33:37,     4, 32.00, 32.20, -0.20
         0,     0,10, 7:33:45, 7:33:54,     9, 32.20, 41.50, -9.30
  13323462,     0,10, 7:34:08, 7:34:30,    22, 41.30, 40.10,  1.20
  12448432,  6045, 3, 7:39:02, 7:40:18,    76, 46.30, 46.10,  0.20
  12706729,  7138, 1, 7:40:45, 7:40:50,     5, 41.40, 41.40,  0.00
  11954014,  4044, 3, 7:40:34, 7:41:48,    74, 46.20, 24.80, 21.40
  12448432,  6045, 4, 7:40:33, 7:42:10,    97, 43.40, 39.10,  4.30
         0,     0, 3, 7:41:57, 7:42:15,    18, 24.80, 24.70,  0.10
         0,     0, 4, 7:42:18, 7:42:22,     4, 39.10, 43.40, -4.30
  12448432,  6045, 4, 7:42:43, 7:44:16,    93, 43.40, 30.80, 12.60
         0,     0, 4, 7:44:24, 7:44:36,    12, 30.80, 43.30,-12.50
  13008866,     0,10, 7:49:31, 7:50:01,    30, 39.90, 40.00, -0.10
  12706628,     0,10, 8:10:23, 8:10:26,     3, 40.10, 40.00,  0.10
         0,     0,10, 8:10:35, 8:10:35,     0, 40.00, 41.10, -1.10
  11953978,  4008, 2, 8:12:50, 8:14:32,   102, 43.70, 29.90, 13.80
         0,     0, 2, 8:14:39, 8:14:53,    14, 29.90, 43.70,-13.80
  12448412,  6025, 1, 8:15:17, 8:15:37,    20, 41.40, 41.30,  0.10
  12706636,  7045, 5, 8:13:48, 8:17:06,   198, 40.70, 24.50, 16.20
         0,     0, 5, 8:17:14, 8:17:29,    15, 24.50, 40.90,-16.40
  12448412,  6025, 1, 8:16:14, 8:18:44,   150, 41.20, 41.00,  0.20
  12706714,  7123, 2, 8:16:16, 8:19:43,   207, 43.90, 12.40, 31.50
         0,     0, 2, 8:19:51, 8:20:23,    32, 12.40, 43.80,-31.40
  12448479,  6092, 4, 8:19:00, 8:20:29,    89, 43.80, 35.00,  8.80
         0,     0, 4, 8:20:37, 8:20:45,     8, 35.00, 43.30, -8.30
  12448412,  6025, 1, 8:18:55, 8:20:55,   120, 41.10, 40.90,  0.20
  12448412,  6025, 2, 8:20:59, 8:21:32,    33, 43.80, 43.70,  0.10
  13323352,  8154, 1, 8:21:08, 8:21:33,    25, 40.90, 40.60,  0.30
  12706624,  7033, 9, 8:22:58, 8:23:20,    22, 37.40, 37.00,  0.40
  12706730,  7139, 4, 8:21:52, 8:23:25,    93, 43.20, 35.00,  8.20
         0,     0, 9, 8:23:29, 8:23:34,     5, 37.00, 41.00, -4.00
         0,     0, 4, 8:23:33, 8:23:41,     8, 35.00, 43.30, -8.30
  12706639,  7048, 2, 8:21:41, 8:23:41,   120, 43.70, 25.90, 17.80
         0,     0, 2, 8:23:49, 8:24:07,    18, 25.90, 43.90,-18.00
  12706624,  7033,10, 8:23:34, 8:24:18,    44, 41.10, 36.50,  4.60
         0,     0,10, 8:24:27, 8:24:31,     4, 36.50, 41.10, -4.60
  12706624,  7033,10, 8:24:48, 8:25:14,    26, 41.10, 38.40,  2.70
         0,     0,10, 8:25:23, 8:25:25,     2, 38.40, 41.20, -2.80
  12448412,  6025, 1, 8:21:44, 8:26:35,   291, 40.50, 10.20, 30.30
         0,     0, 1, 8:26:43, 8:27:14,    31, 10.20, 41.20,-31.00
  12448432,  6045, 2, 8:25:43, 8:29:08,   205, 43.90, 30.70, 13.20
         0,     0, 2, 8:29:15, 8:29:28,    13, 30.70, 43.90,-13.20
  13008768,     0, 9, 8:30:55, 8:32:26,    91, 40.30, 31.40,  8.90
         0,     0, 9, 8:32:35, 8:32:48,    13, 31.40, 41.10, -9.70
  13323352,  8154, 1, 8:30:45, 8:32:51,   126, 41.20, 36.50,  4.70
         0,     0, 1, 8:32:58, 8:33:02,     4, 36.50, 41.20, -4.70
  12706730,  7139, 4, 8:31:12, 8:33:19,   127, 43.30, 27.60, 15.70
         0,     0, 4, 8:33:27, 8:33:42,    15, 27.60, 43.20,-15.60
  21292347,  5120, 4, 8:44:17, 8:45:53,    96, 43.60, 36.90,  6.70
  12706719,  7128, 5, 8:43:24, 8:45:57,   153, 40.80, 26.90, 13.90
         0,     0, 4, 8:46:01, 8:46:07,     6, 36.90, 43.20, -6.30
         0,     0, 5, 8:46:05, 8:46:19,    14, 26.90, 40.70,-13.80
  12706636,  7045, 4, 8:47:24, 8:48:45,    81, 43.30, 34.60,  8.70
         0,     0, 4, 8:48:54, 8:49:02,     8, 34.60, 43.30, -8.70
  12706651,  7060, 1, 8:50:05, 8:52:09,   124, 41.20, 31.00, 10.20
         0,     0, 1, 8:52:16, 8:52:25,     9, 31.00, 41.30,-10.30
  12448404,  6017, 4, 8:50:27, 8:52:39,   132, 43.40, 25.30, 18.10
         0,     0, 4, 8:52:46, 8:53:04,    18, 25.30, 43.20,-17.90
  21292347,  5120, 4, 8:53:53, 8:55:23,    90, 43.30, 36.30,  7.00
         0,     0, 4, 8:55:30, 8:55:37,     7, 36.30, 43.20, -6.90
  12448442,  6055, 9, 8:56:56, 8:58:10,    74, 40.00, 34.60,  5.40
  11953978,  4008, 2, 8:57:02, 8:58:12,    70, 43.70, 32.90, 10.80
         0,     0, 9, 8:58:18, 8:58:26,     8, 34.60, 41.00, -6.40
         0,     0, 2, 8:58:20, 8:58:31,    11, 32.90, 43.60,-10.70
  12448471,     0, 6, 8:56:23, 9:00:50,   267, 38.50, 22.10, 16.40
         0,     0, 6, 9:00:58, 9:01:20,    22, 22.10, 41.40,-19.30
  13323352,  8154, 1, 8:59:25, 9:01:32,   127, 41.30, 37.20,  4.10
         0,     0, 1, 9:01:40, 9:01:44,     4, 37.20, 41.00, -3.80
  12706705,  7114, 2, 8:59:07, 9:03:21,   254, 43.70, 18.80, 24.90
         0,     0, 2, 9:03:29, 9:03:59,    30, 18.80, 43.50,-24.70
  11954050,     0, 6, 9:01:36, 9:04:35,   179, 40.60, 21.70, 18.90
         0,     0, 6, 9:04:42, 9:05:06,    24, 21.70, 40.90,-19.20
  12200046,  5100, 3, 9:07:59, 9:09:03,    64, 45.90, 32.60, 13.30
         0,     0, 3, 9:09:12, 9:09:23,    11, 32.60, 32.50,  0.10
  12706622,     0,10, 9:09:25, 9:09:31,     6, 41.00, 41.00,  0.00
  12706622,     0, 9, 9:09:37, 9:10:38,    61, 41.00, 41.00,  0.00
  12706738,  7147, 2, 9:12:36, 9:15:38,   182, 43.50, 27.00, 16.50
         0,     0, 2, 9:15:45, 9:16:02,    17, 27.00, 43.80,-16.80
  12200060,     0, 6, 9:05:51, 9:17:33,   702, 33.10, 25.00,  8.10
         0,     0, 6, 9:17:40, 9:17:55,    15, 25.00, 25.10, -0.10
  12448434,     0, 6, 9:18:20, 9:19:13,    53, 41.10, 40.50,  0.60
  12200013,     0, 6, 9:19:34, 9:25:14,   340, 40.40, 18.50, 21.90
         0,     0, 6, 9:25:21, 9:25:43,    22, 18.50, 18.50,  0.00
  12448451,  6064, 1, 9:31:25, 9:31:48,    23, 41.10, 41.00,  0.10
  12448434,     0, 6, 9:25:59, 9:33:07,   428, 40.80, 34.80,  6.00
         0,     0, 6, 9:33:15, 9:33:21,     6, 34.80, 41.50, -6.70
  12706727,  7136, 2, 9:31:57, 9:33:23,    86, 43.70, 35.70,  8.00
         0,     0, 2, 9:33:31, 9:33:38,     7, 35.70, 43.80, -8.10
  12706727,  7136, 1, 9:33:56, 9:34:18,    22, 41.10, 37.20,  3.90
         0,     0, 1, 9:34:26, 9:34:29,     3, 37.20, 41.20, -4.00
  12706628,     0, 9, 9:36:49, 9:37:43,    54, 41.00, 41.00,  0.00
  21292347,  5120, 2, 9:41:27, 9:44:10,   163, 43.80, 32.50, 11.30
         0,     0, 2, 9:44:18, 9:44:29,    11, 32.50, 43.70,-11.20
  12706628,     0, 9, 9:44:44, 9:47:55,   191, 41.00, 31.50,  9.50
         0,     0, 9, 9:48:02, 9:48:14,    12, 31.50, 41.00, -9.50
  12448451,  6064, 2, 9:48:09, 9:48:50,    41, 43.80, 43.60,  0.20
  13008816,     0, 9, 9:49:08, 9:49:12,     4, 41.10, 41.10,  0.00
  13008816,     0,10, 9:49:29, 9:49:30,     1, 36.00, 36.00,  0.00
         0,     0,10, 9:49:37, 9:49:42,     5, 36.00, 41.20, -5.20
  12448451,  6064, 2, 9:49:05, 9:53:46,   281, 43.70, 19.40, 24.30
         0,     0, 2, 9:53:55, 9:54:20,    25, 19.40, 43.90,-24.50
  12706651,  7060, 1, 9:50:30, 9:54:24,   234, 41.00, 31.00, 10.00
         0,     0, 1, 9:54:32, 9:54:41,     9, 31.00, 41.20,-10.20
  12706651,  7060, 2, 9:54:31, 9:54:58,    27, 43.90, 43.80,  0.10
  12448471,     0, 6, 9:42:23, 9:56:10,   827, 41.40, 12.70, 28.70
         0,     0, 6, 9:56:18, 9:56:47,    29, 12.70, 41.30,-28.60
  13008866,     0,10, 9:57:03, 9:57:32,    29, 41.20, 41.00,  0.20
  13323388,  9010, 4, 9:57:06, 9:58:54,   108, 43.50, 31.20, 12.30
         0,     0, 4, 9:59:03, 9:59:15,    12, 31.20, 43.20,-12.00
  13323406,     0, 9, 9:59:22,10:00:09,    47, 41.00, 34.50,  6.50
         0,     0, 9,10:00:16,10:00:24,     8, 34.50, 41.10, -6.60
  12448448,  6061, 3, 9:59:52,10:01:02,    70, 45.90, 45.80,  0.10
  13008905,  8146, 4,10:01:43,10:03:07,    84, 43.90, 28.50, 15.40
         0,     0, 4,10:03:14,10:03:29,    15, 28.50, 43.30,-14.80
  13008816,     0, 9,10:03:19,10:04:14,    55, 41.00, 40.90,  0.10
  12706707,  7116, 2,10:03:51,10:05:57,   126, 43.90, 31.40, 12.50
         0,     0, 2,10:06:05,10:06:17,    12, 31.40, 43.80,-12.40
  12448448,  6061, 3,10:01:35,10:06:21,   286, 45.70, 20.20, 25.50
  13008816,     0, 9,10:04:42,10:06:30,   108, 40.90, 33.70,  7.20
  13008866,     0,10,10:03:31,10:06:30,   179, 41.00, 39.60,  1.40
         0,     0,10,10:06:38,10:06:39,     1, 39.60, 41.00, -1.40
         0,     0, 9,10:06:37,10:06:48,    11, 33.70, 41.00, -7.30
         0,     0, 3,10:06:28,10:06:51,    23, 20.20, 20.10,  0.10
  12706669,  7078, 1,10:06:32,10:07:31,    59, 41.20, 31.20, 10.00
         0,     0, 1,10:07:39,10:07:48,     9, 31.20, 41.20,-10.00
  12706669,  7078, 2,10:07:46,10:08:04,    18, 43.80, 40.80,  3.00
         0,     0, 2,10:08:13,10:08:15,     2, 40.80, 43.90, -3.10
  13008866,     0,10,10:10:05,10:11:40,    95, 40.30, 39.40,  0.90
         0,     0,10,10:11:49,10:11:50,     1, 39.40, 41.20, -1.80
  12448428,  6041, 5,10:13:14,10:13:24,    10, 40.70, 40.60,  0.10
  12448473,  6086, 2,10:10:46,10:13:30,   164, 43.80, 19.30, 24.50
         0,     0, 2,10:13:38,10:14:03,    25, 19.30, 43.80,-24.50
  13008866,     0,10,10:13:52,10:14:10,    18, 41.10, 40.80,  0.30
  21268825,  6068, 1,10:11:06,10:14:13,   187, 41.20, 23.90, 17.30
         0,     0, 1,10:14:22,10:14:39,    17, 23.90, 41.10,-17.20
  13323390,  9012, 4,10:13:30,10:15:00,    90, 43.20, 43.50, -0.30
  12199987,     0,10,10:14:26,10:15:13,    47, 40.80, 40.30,  0.50
  12199987,     0,10,10:15:39,10:16:55,    76, 39.80, 37.00,  2.80
         0,     0,10,10:17:03,10:17:07,     4, 37.00, 41.20, -4.20
  21268162,  6046, 1,10:15:34,10:18:12,   158, 41.20, 19.20, 22.00
  12448483,  6096, 4,10:15:55,10:18:36,   161, 43.50, 16.30, 27.20
         0,     0, 1,10:18:19,10:18:40,    21, 19.20, 41.20,-22.00
  12199987,     0,10,10:17:30,10:18:57,    87, 40.40, 35.60,  4.80
         0,     0,10,10:19:05,10:19:10,     5, 35.60, 41.10, -5.50
         0,     0, 4,10:18:43,10:19:10,    27, 16.30, 43.50,-27.20
  13323390,  9012, 4,10:20:15,10:21:03,    48, 44.20, 43.70,  0.50
  12448428,  6041, 4,10:21:19,10:22:33,    74, 43.80, 26.70, 17.10
  13323390,  9012, 3,10:21:36,10:22:39,    63, 46.00, 45.10,  0.90
         0,     0, 4,10:22:41,10:22:57,    16, 26.70, 43.20,-16.50
  13323390,  9012, 4,10:23:21,10:25:40,   139, 43.30, 29.60, 13.70
  13008798,     0,10,10:24:54,10:25:56,    62, 41.10, 28.20, 12.90
         0,     0, 4,10:25:49,10:26:03,    14, 29.60, 43.20,-13.60
         0,     0,10,10:26:04,10:26:18,    14, 28.20, 41.20,-13.00
  12706706,  7115, 3,10:23:26,10:26:53,   207, 45.30, 25.10, 20.20
         0,     0, 3,10:27:01,10:27:19,    18, 25.10, 25.00,  0.10
  13008742,  7163, 1,10:27:00,10:28:12,    72, 41.30, 40.90,  0.40
  12200060,     0, 6, 9:57:24,10:29:31,  1927, 35.10, 30.30,  4.80
         0,     0, 6,10:29:39,10:29:50,    11, 30.30, 41.50,-11.20
  13008742,  7163, 2,10:28:16,10:31:20,   184, 43.60, 24.80, 18.80
  12200046,  5100, 4,10:30:10,10:31:23,    73, 43.10, 29.60, 13.50
  12706727,  7136, 5,10:30:15,10:31:27,    72, 40.60, 30.90,  9.70
         0,     0, 4,10:31:30,10:31:44,    14, 29.60, 43.20,-13.60
         0,     0, 5,10:31:35,10:31:45,    10, 30.90, 40.70, -9.80
         0,     0, 2,10:31:28,10:31:48,    20, 24.80, 43.80,-19.00
  13008848,     0, 9,10:34:19,10:37:04,   165, 41.00, 31.30,  9.70
         0,     0, 9,10:37:13,10:37:26,    13, 31.30, 40.70, -9.40
  13008801,     0, 6,10:30:15,10:38:25,   490, 41.40, 15.80, 25.60
         0,     0, 6,10:38:33,10:38:58,    25, 15.80, 41.30,-25.50
  12706628,     0, 9,10:37:36,10:39:40,   124, 40.50, 33.50,  7.00
         0,     0, 9,10:39:48,10:39:58,    10, 33.50, 41.10, -7.60
  12706628,     0, 9,10:40:14,10:40:52,    38, 41.10, 39.40,  1.70
         0,     0, 9,10:40:59,10:41:00,     1, 39.40, 41.00, -1.60
  12706655,  7064, 4,10:38:18,10:41:38,   200, 44.30, 40.20,  4.10
         0,     0, 4,10:41:46,10:41:49,     3, 40.20, 43.30, -3.10
  12706655,  7064, 3,10:42:13,10:42:26,    13, 46.10, 45.70,  0.40
  11954050,     0, 6,10:39:23,10:43:01,   218, 40.50, 29.90, 10.60
         0,     0, 6,10:43:08,10:43:18,    10, 29.90, 41.40,-11.50
  21268162,  6046, 2,10:44:03,10:45:22,    79, 43.70, 35.00,  8.70
         0,     0, 2,10:45:30,10:45:38,     8, 35.00, 43.70, -8.70
  12706707,  7116, 4,10:48:14,10:49:11,    57, 43.50, 32.80, 10.70
         0,     0, 4,10:49:18,10:49:29,    11, 32.80, 43.30,-10.50
  12706616,  7025, 1,10:53:57,10:55:15,    78, 41.10, 28.70, 12.40
         0,     0, 1,10:55:22,10:55:33,    11, 28.70, 41.20,-12.50
  13008905,  8146, 5,10:54:06,10:56:03,   117, 40.80, 34.60,  6.20
         0,     0, 5,10:56:10,10:56:16,     6, 34.60, 40.80, -6.20
  21268104,  6062, 4,10:58:28,10:59:04,    36, 43.40, 43.70, -0.30
  13323444,     0,10,10:59:30,10:59:33,     3, 41.00, 41.00,  0.00
  13008762,     0,10,10:59:48,11:00:09,    21, 41.00, 41.00,  0.00
  21268104,  6062, 3,10:59:11,11:01:51,   160, 45.80, 29.10, 16.70
         0,     0, 3,11:01:58,11:02:12,    14, 29.10, 46.10,-17.00
  21268104,  6062, 4,11:02:02,11:02:29,    27, 43.60, 40.50,  3.10
         0,     0, 4,11:02:37,11:02:39,     2, 40.50, 43.30, -2.80
  13008762,     0,10,11:00:47,11:04:03,   196, 41.00, 26.60, 14.40
         0,     0,10,11:04:11,11:04:27,    16, 26.60, 41.10,-14.50
  12448474,  6087, 4,11:05:14,11:05:41,    27, 43.30, 43.40, -0.10
  12448474,  6087, 3,11:06:03,11:07:39,    96, 46.20, 44.70,  1.50
  13008732,  7153, 1,11:06:23,11:07:54,    91, 41.20, 40.60,  0.60
  12706734,  7143, 2,11:07:25,11:07:59,    34, 43.60, 43.60,  0.00
  13323462,     0,10,11:09:15,11:09:19,     4, 41.20, 41.10,  0.10
  12448474,  6087, 3,11:08:15,11:09:32,    77, 44.80, 30.70, 14.10
         0,     0, 3,11:09:40,11:09:53,    13, 30.70, 46.00,-15.30
  13008732,  7153, 2,11:08:09,11:10:09,   120, 43.40, 24.80, 18.60
         0,     0, 2,11:10:17,11:10:36,    19, 24.80, 43.70,-18.90
  21268825,  6068, 1,11:08:36,11:11:02,   146, 40.60, 29.00, 11.60
         0,     0, 1,11:11:10,11:11:21,    11, 29.00, 41.20,-12.20
  12706642,  7051,10,11:10:06,11:11:23,    77, 41.10, 30.90, 10.20
         0,     0,10,11:11:32,11:11:42,    10, 30.90, 41.20,-10.30
  21268825,  6068, 1,11:12:34,11:13:53,    79, 41.20, 40.90,  0.30
  13008768,     0,10,11:16:11,11:17:47,    96, 41.10, 27.10, 14.00
         0,     0,10,11:17:54,11:18:09,    15, 27.10, 41.20,-14.10
  12706734,  7143, 2,11:13:41,11:18:19,   278, 43.80, 33.20, 10.60
         0,     0, 2,11:18:27,11:18:37,    10, 33.20, 43.90,-10.70
  13323462,     0,10,11:18:55,11:18:58,     3, 41.20, 41.10,  0.10
  21299280,  8145, 5,11:17:20,11:19:54,   154, 40.70, 27.10, 13.60
         0,     0, 5,11:20:01,11:20:14,    13, 27.10, 40.90,-13.80
  13323462,     0,10,11:21:33,11:21:36,     3, 32.40, 32.50, -0.10
  12200010,  5064, 1,11:18:41,11:21:43,   182, 40.90, 26.70, 14.20
         0,     0,10,11:21:45,11:21:54,     9, 32.50, 41.30, -8.80
         0,     0, 1,11:21:51,11:22:05,    14, 26.70, 41.20,-14.50
  12448483,  6096, 3,11:21:34,11:23:44,   130, 45.90, 21.70, 24.20
         0,     0, 3,11:23:52,11:24:13,    21, 21.70, 21.70,  0.00
  12200060,     0, 6,10:43:42,11:30:57,  2835, 38.50, 36.60,  1.90
         0,     0, 6,11:31:05,11:31:09,     4, 36.60, 41.30, -4.70
  12706729,  7138, 2,11:31:06,11:34:08,   182, 43.80, 23.80, 20.00
         0,     0, 2,11:34:15,11:34:35,    20, 23.80, 43.80,-20.00
  11499202,     0,10,11:34:32,11:35:25,    53, 37.80, 33.90,  3.90
         0,     0,10,11:35:34,11:35:41,     7, 33.90, 39.90, -6.00
  11499202,     0,10,11:35:51,11:35:52,     1, 38.40, 38.50, -0.10
         0,     0,10,11:36:00,11:36:02,     2, 38.50, 41.20, -2.70
  11499202,     0,10,11:36:18,11:36:53,    35, 41.10, 37.60,  3.50
         0,     0,10,11:37:01,11:37:04,     3, 37.60, 41.20, -3.60
  12706734,  7143, 2,11:36:24,11:37:31,    67, 43.70, 42.50,  1.20
  11499202,     0,10,11:37:15,11:37:59,    44, 41.20, 37.70,  3.50
         0,     0,10,11:38:07,11:38:10,     3, 37.70, 41.20, -3.50
  12448434,     0, 6,11:31:25,11:38:09,   404, 41.30, 32.60,  8.70
         0,     0, 6,11:38:16,11:38:24,     8, 32.60, 41.30, -8.70
  12706734,  7143, 2,11:37:43,11:39:03,    80, 42.60, 40.70,  1.90
         0,     0, 2,11:39:10,11:39:12,     2, 40.70, 43.80, -3.10
  12706734,  7143, 1,11:39:10,11:39:37,    27, 41.20, 40.10,  1.10
  12706700,  7109, 2,11:39:22,11:40:20,    58, 43.60, 31.10, 12.50
         0,     0, 2,11:40:29,11:40:42,    13, 31.10, 43.80,-12.70
  13323406,     0, 9,11:40:09,11:40:45,    36, 38.20, 34.90,  3.30
         0,     0, 9,11:40:53,11:41:01,     8, 34.90, 41.00, -6.10
  12706738,  7147, 2,11:40:53,11:42:39,   106, 43.70, 30.00, 13.70
         0,     0, 2,11:42:46,11:43:00,    14, 30.00, 43.80,-13.80
  11954050,     0, 6,11:39:01,11:43:25,   264, 40.10, 29.70, 10.40
  11953978,  4008, 4,11:40:57,11:43:35,   158, 43.30, 26.80, 16.50
         0,     0, 6,11:43:33,11:43:44,    11, 29.70, 29.80, -0.10
         0,     0, 4,11:43:43,11:43:59,    16, 26.80, 43.30,-16.50
  12448479,  6092, 2,11:44:46,11:44:51,     5, 43.80, 43.90, -0.10
  11954014,  4044, 4,11:44:10,11:45:59,   109, 43.30, 25.40, 17.90
         0,     0, 4,11:46:07,11:46:25,    18, 25.40, 43.30,-17.90
  12448479,  6092, 2,11:45:02,11:47:28,   146, 43.80, 29.10, 14.70
  13323352,  8154, 3,11:47:16,11:47:39,    23, 46.20, 45.90,  0.30
         0,     0, 2,11:47:35,11:47:50,    15, 29.10, 43.80,-14.70
  12448428,  6041, 4,11:47:16,11:48:43,    87, 43.40, 27.10, 16.30
  12448416,  6029, 1,11:44:53,11:48:48,   235, 40.10, 21.20, 18.90
         0,     0, 4,11:48:51,11:49:07,    16, 27.10, 43.20,-16.10
         0,     0, 1,11:48:57,11:49:16,    19, 21.20, 41.30,-20.10
  12706701,  7110, 3,11:47:50,11:50:07,   137, 45.90, 34.50, 11.40
         0,     0, 3,11:50:15,11:50:24,     9, 34.50, 34.30,  0.20
  13008801,     0, 6,11:45:08,11:51:04,   356, 41.00, 31.90,  9.10
         0,     0, 6,11:51:11,11:51:19,     8, 31.90, 41.50, -9.60
  12706701,  7110, 3,11:50:50,11:52:02,    72, 45.90, 38.00,  7.90
         0,     0, 3,11:52:11,11:52:17,     6, 38.00, 38.00,  0.00
  12706622,     0, 9,11:52:07,11:54:29,   142, 41.00, 32.30,  8.70
         0,     0, 9,11:54:37,11:54:49,    12, 32.30, 41.00, -8.70
  12706700,  7109, 2,11:53:43,11:55:07,    84, 43.80, 32.30, 11.50
  21304388,  6125, 5,11:52:11,11:55:07,   176, 40.80, 20.10, 20.70
         0,     0, 2,11:55:14,11:55:26,    12, 32.30, 43.80,-11.50
         0,     0, 5,11:55:16,11:55:36,    20, 20.10, 40.70,-20.60
  12706636,  7045, 1,11:53:14,11:56:27,   193, 41.20, 28.70, 12.50
         0,     0, 1,11:56:34,11:56:46,    12, 28.70, 41.20,-12.50
  12448412,  6025, 1,11:58:55,11:59:21,    26, 41.20, 41.20,  0.00
  12706719,  7128, 5,11:57:31,12:00:15,   164, 40.70, 25.10, 15.60
         0,     0, 5,12:00:24,12:00:39,    15, 25.10, 40.80,-15.70
  11953996,  4026, 3,11:58:28,12:02:50,   262, 46.20, 20.40, 25.80
         0,     0, 3,12:02:58,12:03:20,    22, 20.40, 46.10,-25.70
  21268104,  6062, 3,12:03:37,12:04:42,    65, 45.90, 42.90,  3.00
         0,     0, 3,12:04:50,12:04:52,     2, 42.90, 46.30, -3.40
  12706639,  7048, 3,12:05:40,12:05:58,    18, 46.50, 46.40,  0.10
  12448432,  6045, 1,12:03:07,12:07:01,   234, 41.20, 25.00, 16.20
         0,     0, 1,12:07:09,12:07:25,    16, 25.00, 41.30,-16.30
  13323352,  8154, 5,12:04:33,12:08:05,   212, 40.70, 32.80,  7.90
         0,     0, 5,12:08:13,12:08:20,     7, 32.80, 32.90, -0.10
  12706669,  7078, 3,12:06:09,12:08:39,   150, 46.50, 32.30, 14.20
  21292347,  5120, 4,12:05:59,12:08:39,   160, 43.70, 34.20,  9.50
         0,     0, 4,12:08:47,12:08:56,     9, 34.20, 43.20, -9.00
  12448412,  6025, 2,11:59:26,12:08:52,   566, 43.80, 15.50, 28.30
         0,     0, 3,12:08:47,12:08:59,    12, 32.30, 46.20,-13.90
         0,     0, 2,12:09:01,12:09:30,    29, 15.50, 43.90,-28.40
  13323462,     0, 9,12:09:30,12:09:36,     6, 36.50, 36.50,  0.00
         0,     0, 9,12:09:44,12:09:50,     6, 36.50, 41.00, -4.50
  21268104,  6062, 2,12:09:40,12:10:56,    76, 43.90, 35.00,  8.90
         0,     0, 2,12:11:05,12:11:13,     8, 35.00, 43.80, -8.80
  12706651,  7060, 5,12:10:20,12:12:54,   154, 40.70, 35.30,  5.40
         0,     0, 5,12:13:03,12:13:08,     5, 35.30, 40.80, -5.50
  12706639,  7048, 4,12:13:31,12:14:06,    35, 43.00, 43.10, -0.10
  12706727,  7136, 3,12:13:36,12:14:11,    35, 46.20, 45.40,  0.80
  12706616,  7025, 1,12:13:08,12:14:12,    64, 41.30, 41.30,  0.00
  12706639,  7048, 4,12:14:29,12:16:18,   109, 43.10, 24.80, 18.30
  12706727,  7136, 3,12:15:00,12:16:22,    82, 45.50, 41.20,  4.30
         0,     0, 3,12:16:30,12:16:34,     4, 41.20, 46.20, -5.00
         0,     0, 4,12:16:26,12:16:45,    19, 24.80, 43.30,-18.50
  12706655,  7064, 4,12:18:44,12:19:08,    24, 43.70, 43.70,  0.00
  21268825,  6068, 2,12:17:15,12:19:50,   155, 43.90, 43.60,  0.30
  12706655,  7064, 3,12:19:30,12:19:53,    23, 46.20, 46.20,  0.00
  12706729,  7138, 2,12:20:10,12:20:47,    37, 43.80, 43.80,  0.00
  12706616,  7025, 1,12:15:21,12:21:00,   339, 41.20, 28.00, 13.20
         0,     0, 1,12:21:09,12:21:22,    13, 28.00, 41.20,-13.20
  21268825,  6068, 2,12:20:57,12:21:27,    30, 43.90, 43.70,  0.20
  12706707,  7116, 3,12:22:14,12:22:59,    45, 46.20, 38.30,  7.90
         0,     0, 3,12:23:07,12:23:13,     6, 38.30, 38.20,  0.10
  12706707,  7116, 4,12:24:35,12:24:56,    21, 43.70, 40.40,  3.30
         0,     0, 4,12:25:04,12:25:06,     2, 40.40, 43.20, -2.80
  12448474,  6087, 2,12:25:59,12:26:35,    36, 43.60, 43.60,  0.00
  21268825,  6068, 4,12:26:59,12:27:19,    20, 43.20, 43.10,  0.10
  12448474,  6087, 2,12:27:44,12:28:08,    24, 43.60, 43.60,  0.00
  12448474,  6087, 2,12:28:47,12:28:55,     8, 43.60, 43.50,  0.10
  21268825,  6068, 4,12:27:34,12:29:04,    90, 43.10, 36.20,  6.90
         0,     0, 4,12:29:12,12:29:19,     7, 36.20, 43.20, -7.00
  13008826,     0, 9,12:29:59,12:30:10,    11, 41.00, 40.90,  0.10
  12448451,  6064, 3,12:28:02,12:30:27,   145, 46.40, 45.70,  0.70
  13008826,     0,10,12:31:12,12:31:13,     1, 36.90, 36.90,  0.00
         0,     0,10,12:31:21,12:31:25,     4, 36.90, 41.20, -4.30
  13008826,     0,10,12:32:14,12:32:15,     1, 31.10, 31.10,  0.00
         0,     0,10,12:32:23,12:32:34,    11, 31.10, 41.00, -9.90
  12706729,  7138, 3,12:31:02,12:33:05,   123, 45.60, 32.00, 13.60
         0,     0, 3,12:33:13,12:33:25,    12, 32.00, 46.40,-14.40
  12448451,  6064, 4,12:31:10,12:34:47,   217, 43.20, 21.10, 22.10
         0,     0, 4,12:34:55,12:35:17,    22, 21.10, 43.30,-22.20
  13008839,     0, 9,12:35:06,12:36:28,    82, 40.60, 38.40,  2.20
         0,     0, 9,12:36:37,12:36:40,     3, 38.40, 41.00, -2.60
  12706714,  7123, 5,12:36:27,12:36:44,    17, 40.80, 40.70,  0.10
  11724159,     0,10,12:36:44,12:38:08,    84, 41.00, 35.30,  5.70
  13008839,     0, 9,12:37:35,12:38:09,    34, 39.60, 38.40,  1.20
         0,     0, 9,12:38:18,12:38:21,     3, 38.40, 41.00, -2.60
         0,     0,10,12:38:16,12:38:22,     6, 35.30, 41.20, -5.90
  12706714,  7123, 5,12:36:59,12:38:38,    99, 40.80, 26.10, 14.70
         0,     0, 5,12:38:45,12:38:59,    14, 26.10, 40.70,-14.60
  12448473,  6086, 4,12:37:55,12:39:10,    75, 43.50, 33.10, 10.40
         0,     0, 4,12:39:18,12:39:28,    10, 33.10, 43.30,-10.20
  13008732,  7153, 5,12:40:05,12:43:50,   225, 40.60, 22.50, 18.10
         0,     0, 5,12:43:58,12:44:16,    18, 22.50, 40.60,-18.10
  12200010,  5064, 1,12:42:01,12:44:53,   172, 41.20, 20.80, 20.40
         0,     0, 1,12:45:00,12:45:20,    20, 20.80, 41.10,-20.30
  12706622,     0,10,12:47:57,12:49:15,    78, 41.20, 34.70,  6.50
         0,     0,10,12:49:23,12:49:29,     6, 34.70, 41.20, -6.50
  12200064,  5118, 2,12:46:09,12:49:55,   226, 43.50, 26.70, 16.80
         0,     0, 2,12:50:02,12:50:19,    17, 26.70, 43.90,-17.20
  13008905,  8146, 4,12:49:39,12:51:25,   106, 44.40, 32.00, 12.40
         0,     0, 4,12:51:34,12:51:45,    11, 32.00, 42.90,-10.90
  12200064,  5118, 2,12:50:29,12:51:49,    80, 43.80, 35.80,  8.00
         0,     0, 2,12:51:57,12:52:05,     8, 35.80, 43.80, -8.00
  12448434,     0, 6,12:18:26,12:52:40,  2054, 41.50, 32.20,  9.30
         0,     0, 6,12:52:48,12:52:56,     8, 32.20, 32.10,  0.10
  12448479,  6092, 3,12:52:53,12:53:23,    30, 46.10, 44.30,  1.80
  13323352,  8154, 2,12:53:16,12:53:57,    41, 43.80, 42.70,  1.10
  12706730,  7139, 2,12:54:08,12:54:09,     1, 42.60, 42.70, -0.10
  12448479,  6092, 3,12:53:44,12:54:53,    69, 44.30, 36.00,  8.30
         0,     0, 3,12:55:01,12:55:09,     8, 36.00, 35.90,  0.10
  12706706,  7115, 5,12:55:13,12:56:08,    55, 40.60, 31.20,  9.40
         0,     0, 5,12:56:16,12:56:25,     9, 31.20, 40.80, -9.60
  12706730,  7139, 1,12:54:40,12:57:56,   196, 41.10, 22.80, 18.30
         0,     0, 1,12:58:04,12:58:22,    18, 22.80, 41.20,-18.40
  13323352,  8154, 2,12:56:32,12:58:46,   134, 42.80, 38.90,  3.90
         0,     0, 2,12:58:53,12:58:57,     4, 38.90, 43.80, -4.90
  12706734,  7143, 2,13:00:53,13:03:15,   142, 43.90, 39.30,  4.60
         0,     0, 2,13:03:22,13:03:25,     3, 39.30, 43.70, -4.40
  13008816,     0, 9,13:02:02,13:04:02,   120, 41.00, 35.10,  5.90
         0,     0, 9,13:04:09,13:04:17,     8, 35.10, 41.10, -6.00
  12448404,  6017, 4,13:04:11,13:04:51,    40, 43.10, 43.20, -0.10
  12200060,     0, 6,12:53:43,13:05:46,   723, 37.40, 33.40,  4.00
         0,     0, 6,13:05:53,13:06:00,     7, 33.40, 41.40, -8.00
  12448404,  6017, 4,13:05:33,13:07:06,    93, 43.40, 27.10, 16.30
  11724159,     0, 9,13:05:22,13:07:21,   119, 41.10, 33.40,  7.70
         0,     0, 4,13:07:15,13:07:32,    17, 27.10, 43.20,-16.10
         0,     0, 9,13:07:29,13:07:39,    10, 33.40, 41.00, -7.60
  12706701,  7110, 1,13:04:15,13:07:37,   202, 41.20, 28.90, 12.30
  12448471,     0, 6,13:07:23,13:07:51,    28, 29.40, 29.40,  0.00
         0,     0, 1,13:07:45,13:07:56,    11, 28.90, 41.20,-12.30
         0,     0, 6,13:07:58,13:08:09,    11, 29.40, 29.50, -0.10
  13008866,     0,10,13:13:35,13:14:09,    34, 41.10, 40.90,  0.20
  13008866,     0,10,13:15:31,13:15:46,    15, 40.90, 40.90,  0.00
  13008866,     0,10,13:16:06,13:16:11,     5, 40.90, 40.90,  0.00
  13008866,     0,10,13:19:10,13:19:57,    47, 40.00, 39.70,  0.30
         0,     0,10,13:20:05,13:20:06,     1, 39.70, 41.20, -1.50
  12706734,  7143, 1,13:19:53,13:20:14,    21, 41.20, 40.40,  0.80
  12706628,     0, 9,13:20:00,13:23:27,   207, 41.00, 37.40,  3.60
  13008866,     0,10,13:20:16,13:23:29,   193, 41.10, 38.90,  2.20
         0,     0, 9,13:23:35,13:23:39,     4, 37.40, 41.00, -3.60
         0,     0,10,13:23:37,13:23:39,     2, 38.90, 41.10, -2.20
  12706628,     0,10,13:24:01,13:24:07,     6, 41.10, 41.10,  0.00
  13008866,     0,10,13:25:40,13:26:22,    42, 41.00, 40.50,  0.50
  13008866,     0,10,13:26:44,13:26:58,    14, 40.30, 40.10,  0.20
  13008866,     0,10,13:27:43,13:29:39,   116, 39.50, 38.00,  1.50
  13008839,     0, 9,13:26:45,13:29:42,   177, 40.90, 34.00,  6.90
         0,     0,10,13:29:47,13:29:50,     3, 38.00, 41.10, -3.10
         0,     0, 9,13:29:49,13:29:58,     9, 34.00, 41.00, -7.00
  12706705,  7114, 4,13:27:53,13:31:27,   214, 43.60, 21.50, 22.10
         0,     0, 4,13:31:35,13:31:56,    21, 21.50, 43.20,-21.70
  13008866,     0,10,13:31:47,13:32:53,    66, 41.10, 40.20,  0.90
  13008866,     0,10,13:33:11,13:35:15,   124, 40.10, 38.50,  1.60
         0,     0,10,13:35:23,13:35:25,     2, 38.50, 41.30, -2.80
  13008798,     0,10,13:36:36,13:36:42,     6, 41.20, 41.30, -0.10
  12706738,  7147, 4,13:37:43,13:37:44,     1, 43.30, 44.00, -0.70
  12448416,  6029, 1,13:35:54,13:38:04,   130, 40.40, 28.80, 11.60
         0,     0, 1,13:38:12,13:38:24,    12, 28.80, 41.20,-12.40
  13323444,     0, 9,13:37:52,13:38:48,    56, 40.90, 34.20,  6.70
  13008866,     0,10,13:37:38,13:38:51,    73, 40.50, 39.70,  0.80
         0,     0,10,13:39:00,13:39:01,     1, 39.70, 41.00, -1.30
         0,     0, 9,13:38:56,13:39:05,     9, 34.20, 41.10, -6.90
  13323444,     0, 9,13:39:40,13:39:43,     3, 39.60, 39.60,  0.00
         0,     0, 9,13:39:51,13:39:52,     1, 39.60, 41.00, -1.40
  12706738,  7147, 2,13:38:37,13:40:39,   122, 43.40, 25.00, 18.40
         0,     0, 2,13:40:48,13:41:07,    19, 25.00, 43.80,-18.80
  13323388,  9010, 4,13:42:38,13:42:47,     9, 43.80, 44.40, -0.60
  12706727,  7136, 2,13:41:39,13:43:31,   112, 43.80, 31.20, 12.60
         0,     0, 2,13:43:38,13:43:50,    12, 31.20, 43.80,-12.60
  12199987,     0,10,13:43:10,13:43:58,    48, 39.70, 39.70,  0.00
         0,     0,10,13:44:07,13:44:08,     1, 39.70, 41.10, -1.40
  12448479,  6092, 4,13:43:08,13:44:25,    77, 44.50, 38.40,  6.10
         0,     0, 4,13:44:33,13:44:37,     4, 38.40, 43.10, -4.70
  13008842,  8083, 2,13:44:26,13:45:07,    41, 43.90, 42.70,  1.20
  13008866,     0,10,13:44:19,13:45:10,    51, 41.10, 40.30,  0.80
  21268162,  6046, 5,13:45:08,13:47:02,   114, 40.70, 21.90, 18.80
  13008866,     0,10,13:45:59,13:47:03,    64, 40.40, 39.70,  0.70
         0,     0,10,13:47:11,13:47:12,     1, 39.70, 41.10, -1.40
  13323388,  9010, 4,13:44:49,13:47:21,   152, 43.60, 24.80, 18.80
         0,     0, 5,13:47:10,13:47:28,    18, 21.90, 40.70,-18.80
         0,     0, 4,13:47:29,13:47:47,    18, 24.80, 43.30,-18.50
  12199987,     0, 9,13:44:10,13:47:46,   216, 41.00, 33.50,  7.50
         0,     0, 9,13:47:55,13:48:05,    10, 33.50, 41.00, -7.50
  13008866,     0,10,13:47:40,13:48:03,    23, 41.10, 40.80,  0.30
  12448432,  6045, 2,13:45:42,13:48:38,   176, 42.80, 30.00, 12.80
         0,     0, 2,13:48:45,13:48:58,    13, 30.00, 43.90,-13.90
  13008842,  8083, 5,13:50:40,13:53:08,   148, 40.80, 27.80, 13.00
         0,     0, 5,13:53:15,13:53:28,    13, 27.80, 40.60,-12.80
  13323462,     0,10,13:54:57,13:55:00,     3, 40.80, 40.80,  0.00
  12706734,  7143, 2,13:52:46,13:55:47,   181, 43.90, 32.40, 11.50
         0,     0, 2,13:55:56,13:56:07,    11, 32.40, 43.80,-11.40
  11953978,  4008, 3,13:54:55,13:56:15,    80, 45.90, 33.90, 12.00
         0,     0, 3,13:56:23,13:56:33,    10, 33.90, 33.70,  0.20
  13008835,     0,10,13:56:21,13:59:02,   161, 40.80, 26.60, 14.20
         0,     0,10,13:59:10,13:59:26,    16, 26.60, 41.20,-14.60
  13008768,     0,10,14:03:04,14:04:24,    80, 41.20, 26.80, 14.40
         0,     0,10,14:04:32,14:04:48,    16, 26.80, 41.10,-14.30
  13008866,     0,10,14:05:56,14:06:10,    14, 41.10, 40.90,  0.20
  13008848,     0, 9,14:06:44,14:09:32,   168, 41.00, 32.80,  8.20
         0,     0, 9,14:09:39,14:09:50,    11, 32.80, 41.00, -8.20
  13008858,     0, 9,14:13:40,14:14:08,    28, 40.90, 40.80,  0.10
  13323444,     0, 9,14:14:27,14:14:50,    23, 40.80, 40.70,  0.10
  13008858,     0,10,14:14:53,14:14:54,     1, 40.30, 40.30,  0.00
  13008858,     0, 9,14:15:51,14:15:53,     2, 40.50, 40.40,  0.10
  13008858,     0, 9,14:16:06,14:16:26,    20, 40.30, 40.00,  0.30
         0,     0, 9,14:16:33,14:16:33,     0, 40.00, 40.80, -0.80
  13008858,     0, 9,14:19:11,14:19:22,    11, 32.90, 32.60,  0.30
         0,     0, 9,14:19:29,14:19:40,    11, 32.60, 41.10, -8.50
  12448456,     0, 6,13:08:30,14:19:43,  4273, 41.40,  9.20, 32.20
  12200046,  5100, 2,14:18:52,14:19:44,    52, 43.60, 33.90,  9.70
         0,     0, 2,14:19:52,14:20:01,     9, 33.90, 43.50, -9.60
         0,     0, 6,14:19:51,14:20:26,    35,  9.20, 40.70,-31.50
  13008835,     0, 9,14:25:53,14:26:00,     7, 41.10, 41.10,  0.00
  12448471,     0, 6,14:21:12,14:33:25,   733, 32.00, 14.30, 17.70
         0,     0, 6,14:33:33,14:33:59,    26, 14.30, 41.60,-27.30
  12706729,  7138, 1,14:38:43,14:40:07,    84, 41.20, 32.50,  8.70
         0,     0, 1,14:40:15,14:40:23,     8, 32.50, 41.30, -8.80
  13008839,     0, 9,14:43:22,14:45:40,   138, 40.90, 38.40,  2.50
         0,     0, 9,14:45:48,14:45:51,     3, 38.40, 41.00, -2.60
  12200013,     0, 6,14:34:16,14:56:08,  1312, 41.50, 13.80, 27.70
         0,     0, 6,14:56:16,14:56:43,    27, 13.80, 41.60,-27.80
  12448442,  6055, 9,14:57:42,14:58:16,    34, 41.00, 36.90,  4.10
         0,     0, 9,14:58:25,14:58:30,     5, 36.90, 40.10, -3.20
  12448442,  6055, 9,14:58:47,14:58:49,     2, 37.10, 37.10,  0.00
         0,     0, 9,14:58:56,14:59:01,     5, 37.10, 41.00, -3.90
  13008762,     0,10,15:05:08,15:09:01,   233, 40.10, 24.50, 15.60
         0,     0,10,15:09:09,15:09:27,    18, 24.50, 41.10,-16.60
  13323406,     0, 9,15:26:10,15:26:18,     8, 41.10, 41.00,  0.10
  13323406,     0, 9,15:26:29,15:26:38,     9, 41.00, 41.00,  0.00
  12706628,     0, 9,15:27:33,15:28:32,    59, 41.00, 41.00,  0.00
  12706628,     0, 9,15:30:17,15:31:22,    65, 41.00, 41.00,  0.00
  12706628,     0, 9,15:32:56,15:33:36,    40, 41.00, 41.00,  0.00
  12706628,     0, 9,15:34:17,15:35:15,    58, 41.00, 41.00,  0.00
  12706628,     0, 9,15:36:07,15:36:40,    33, 41.00, 41.00,  0.00
  12706628,     0, 9,15:37:02,15:37:34,    32, 41.00, 41.00,  0.00
  12706655,  7064, 5,15:40:15,15:40:29,    14, 40.50, 38.20,  2.30
         0,     0, 5,15:40:37,15:40:40,     3, 38.20, 40.80, -2.60
  13008816,     0,10,15:39:55,15:40:44,    49, 41.00, 40.90,  0.10
  12706655,  7064, 5,15:40:50,15:41:38,    48, 40.80, 26.20, 14.60
  13008816,     0, 9,15:40:50,15:41:46,    56, 41.00, 40.80,  0.20
         0,     0, 5,15:41:46,15:42:00,    14, 26.20, 40.80,-14.60
  13008816,     0, 9,15:42:06,15:42:54,    48, 40.80, 40.40,  0.40
  13323406,     0,10,15:44:37,15:44:38,     1, 40.90, 40.90,  0.00
  21268104,  6062, 4,15:44:23,15:45:53,    90, 43.80, 35.70,  8.10
         0,     0, 4,15:46:01,15:46:08,     7, 35.70, 43.20, -7.50
  13323390,  9012, 5,15:45:31,15:48:36,   185, 40.70, 20.90, 19.80
         0,     0, 5,15:48:44,15:49:03,    19, 20.90, 40.80,-19.90
  12706714,  7123, 5,15:49:13,15:50:54,   101, 40.80, 21.80, 19.00
         0,     0, 5,15:51:03,15:51:21,    18, 21.80, 40.80,-19.00
  12706714,  7123, 5,15:51:31,15:51:52,    21, 40.80, 36.70,  4.10
         0,     0, 5,15:52:00,15:52:04,     4, 36.70, 40.70, -4.00
  12706669,  7078, 5,15:52:30,15:52:57,    27, 40.70, 37.50,  3.20
         0,     0, 5,15:53:05,15:53:08,     3, 37.50, 40.80, -3.30
  12706669,  7078, 5,15:53:18,15:53:51,    33, 40.80, 31.80,  9.00
         0,     0, 5,15:54:00,15:54:08,     8, 31.80, 40.70, -8.90
  12448442,  6055, 9,15:56:33,15:57:17,    44, 40.30, 37.00,  3.30
         0,     0, 9,15:57:26,15:57:31,     5, 37.00, 41.00, -4.00
  12706719,  7128, 1,15:55:07,15:58:00,   173, 41.30, 16.80, 24.50
  12448442,  6055, 9,15:58:16,15:58:29,    13, 41.00, 39.30,  1.70
         0,     0, 1,15:58:08,15:58:36,    28, 16.80, 41.20,-24.40
         0,     0, 9,15:58:36,15:58:38,     2, 39.30, 40.90, -1.60
  21268162,  6046, 5,15:57:40,15:59:14,    94, 40.70, 24.50, 16.20
         0,     0, 5,15:59:22,15:59:37,    15, 24.50, 40.70,-16.20
  12706706,  7115, 1,16:01:17,16:02:38,    81, 41.20, 24.50, 16.70
  12706628,     0, 9,16:01:24,16:02:40,    76, 41.00, 39.70,  1.30
         0,     0, 9,16:02:49,16:02:50,     1, 39.70, 40.70, -1.00
         0,     0, 1,16:02:46,16:03:02,    16, 24.50, 41.20,-16.70
  12706628,     0, 9,16:03:00,16:03:33,    33, 40.40, 39.60,  0.80
         0,     0, 9,16:03:42,16:03:43,     1, 39.60, 40.70, -1.10
  12706727,  7136, 5,16:03:12,16:05:16,   124, 40.70, 30.60, 10.10
  12706628,     0, 9,16:03:54,16:05:19,    85, 40.40, 39.60,  0.80
         0,     0, 9,16:05:28,16:05:29,     1, 39.60, 40.90, -1.30
         0,     0, 5,16:05:24,16:05:34,    10, 30.60, 40.80,-10.20
  12706616,  7025, 1,16:03:59,16:05:30,    91, 41.20, 23.50, 17.70
         0,     0, 1,16:05:39,16:05:55,    16, 23.50, 41.20,-17.70
  13323352,  8154, 1,16:07:56,16:08:02,     6, 41.20, 41.20,  0.00
  13008801,     0, 6,14:57:03,16:09:05,  4322, 41.50, 26.40, 15.10
         0,     0, 6,16:09:12,16:09:26,    14, 26.40, 41.30,-14.90
  12706628,     0, 9,16:09:42,16:10:35,    53, 40.90, 40.90,  0.00
  12706628,     0, 9,16:11:03,16:11:33,    30, 40.80, 40.80,  0.00
  11953996,  4026, 1,16:09:55,16:12:39,   164, 41.20, 16.00, 25.20
         0,     0, 1,16:12:46,16:13:10,    24, 16.00, 41.20,-25.20
  12706628,     0, 9,16:12:42,16:13:16,    34, 40.80, 40.60,  0.20
  13008742,  7163, 5,16:13:06,16:13:39,    33, 40.70, 40.50,  0.20
  13008742,  7163, 5,16:13:49,16:13:50,     1, 40.50, 40.50,  0.00
  12706729,  7138, 4,16:13:58,16:14:29,    31, 43.50, 36.70,  6.80
         0,     0, 4,16:14:37,16:14:43,     6, 36.70, 43.30, -6.60
  13008742,  7163, 5,16:14:14,16:15:08,    54, 40.50, 40.00,  0.50
  12706628,     0, 9,16:15:35,16:15:53,    18, 40.60, 40.60,  0.00
  13008742,  7163, 5,16:15:26,16:16:01,    35, 40.10, 39.50,  0.60
         0,     0, 5,16:16:10,16:16:11,     1, 39.50, 40.80, -1.30
  21268104,  6062, 1,16:15:03,16:16:30,    87, 41.20, 34.50,  6.70
         0,     0, 1,16:16:39,16:16:45,     6, 34.50, 41.20, -6.70
  13008768,     0,10,16:17:13,16:17:23,    10, 40.80, 39.90,  0.90
         0,     0,10,16:17:31,16:17:31,     0, 39.90, 40.90, -1.00
  13008768,     0,10,16:17:51,16:17:52,     1, 38.10, 38.20, -0.10
         0,     0,10,16:18:01,16:18:03,     2, 38.20, 41.20, -3.00
  13008742,  7163, 5,16:16:27,16:18:29,   122, 40.80, 17.50, 23.30
  13008768,     0,10,16:18:36,16:18:37,     1, 37.40, 37.40,  0.00
         0,     0,10,16:18:46,16:18:49,     3, 37.40, 41.10, -3.70
         0,     0, 5,16:18:36,16:18:58,    22, 17.50, 40.70,-23.20
  12706651,  7060, 1,16:17:12,16:18:56,   104, 41.20, 26.70, 14.50
         0,     0, 1,16:19:05,16:19:19,    14, 26.70, 41.20,-14.50
  13008732,  7153, 5,16:19:08,16:20:02,    54, 40.70, 40.60,  0.10
  13008768,     0,10,16:19:18,16:20:22,    64, 41.20, 37.20,  4.00
         0,     0,10,16:20:30,16:20:33,     3, 37.20, 41.10, -3.90
  21292347,  5120, 4,16:20:54,16:21:08,    14, 43.40, 43.30,  0.10
  12448474,  6087, 1,16:19:30,16:21:45,   135, 41.20, 25.40, 15.80
  13008732,  7153, 5,16:20:12,16:21:58,   106, 40.60, 36.20,  4.40
         0,     0, 1,16:21:52,16:22:07,    15, 25.40, 41.20,-15.80
         0,     0, 5,16:22:06,16:22:10,     4, 36.20, 40.80, -4.60
  12706707,  7116, 5,16:22:20,16:22:56,    36, 40.80, 35.60,  5.20
         0,     0, 5,16:23:04,16:23:09,     5, 35.60, 40.70, -5.10
  13008732,  7153, 5,16:23:19,16:24:56,    97, 40.70, 26.00, 14.70
         0,     0, 5,16:25:04,16:25:18,    14, 26.00, 40.70,-14.70
  12706636,  7045, 5,16:25:44,16:27:15,    91, 40.70, 28.70, 12.00
         0,     0, 5,16:27:24,16:27:35,    11, 28.70, 28.80, -0.10
  12448412,  6025, 4,16:26:34,16:28:27,   113, 43.50, 42.90,  0.60
  13008866,     0,10,16:28:28,16:28:30,     2, 41.10, 41.00,  0.10
  13008866,     0,10,16:28:40,16:29:03,    23, 41.00, 40.90,  0.10
  12706622,     0, 9,16:29:38,16:30:22,    44, 40.60, 40.50,  0.10
  13008835,     0,10,16:30:25,16:30:26,     1, 40.80, 40.80,  0.00
  21268825,  6068, 4,16:28:37,16:30:58,   141, 42.80, 28.90, 13.90
  13008905,  8146, 5,16:29:39,16:31:09,    90, 40.70, 33.90,  6.80
         0,     0, 4,16:31:06,16:31:20,    14, 28.90, 43.20,-14.30
         0,     0, 5,16:31:18,16:31:23,     5, 33.90, 39.80, -5.90
  13008835,     0,10,16:30:41,16:31:48,    67, 40.80, 40.20,  0.60
  12706622,     0, 9,16:30:52,16:32:01,    69, 40.50, 40.40,  0.10
  13008835,     0,10,16:32:11,16:33:24,    73, 40.20, 30.80,  9.40
         0,     0,10,16:33:32,16:33:43,    11, 30.80, 41.20,-10.40
  12448448,  6061, 1,16:31:25,16:35:57,   272, 41.20, 14.70, 26.50
         0,     0, 1,16:36:05,16:36:31,    26, 14.70, 41.20,-26.50
  12448412,  6025, 4,16:32:02,16:36:50,   288, 43.50, 23.10, 20.40
  12706642,  7051,10,16:33:53,16:37:03,   190, 40.80, 17.10, 23.70
         0,     0, 4,16:36:57,16:37:17,    20, 23.10, 43.20,-20.10
         0,     0,10,16:37:12,16:37:38,    26, 17.10, 41.20,-24.10
  12706639,  7048, 1,16:37:50,16:39:39,   109, 41.20, 24.10, 17.10
         0,     0, 1,16:39:46,16:40:02,    16, 24.10, 41.20,-17.10
  21299280,  8145, 5,16:38:02,16:41:25,   203, 39.80, 20.40, 19.40
         0,     0, 5,16:41:32,16:41:51,    19, 20.40, 20.50, -0.10
  12706705,  7114, 4,16:41:18,16:43:47,   149, 43.60, 27.00, 16.60
         0,     0, 4,16:43:55,16:44:11,    16, 27.00, 43.20,-16.20
  21304388,  6125, 1,16:44:31,16:45:43,    72, 41.20, 20.80, 20.40
         0,     0, 1,16:45:51,16:46:11,    20, 20.80, 41.10,-20.30
  21292347,  5120, 5,16:44:10,16:46:28,   138, 40.70, 26.20, 14.50
         0,     0, 5,16:46:37,16:46:51,    14, 26.20, 40.80,-14.60
  12706622,     0,10,16:45:57,16:48:15,   138, 41.20, 32.30,  8.90
         0,     0,10,16:48:23,16:48:32,     9, 32.30, 41.10, -8.80
  12448483,  6096, 4,16:47:52,16:49:32,   100, 43.70, 20.60, 23.10
         0,     0, 4,16:49:40,16:50:03,    23, 20.60, 43.20,-22.60
  12200010,  5064, 1,16:48:31,16:50:45,   134, 41.10, 34.60,  6.50
         0,     0, 1,16:50:54,16:51:00,     6, 34.60, 41.20, -6.60
  12448434,     0, 6,16:09:36,16:56:59,  2843, 41.30, 29.30, 12.00
         0,     0, 6,16:57:07,16:57:20,    13, 29.30, 41.20,-11.90
  13323352,  8154, 1,16:55:45,16:57:36,   111, 41.20, 35.30,  5.90
         0,     0, 1,16:57:44,16:57:50,     6, 35.30, 41.10, -5.80
  12448432,  6045, 5,16:54:59,16:58:16,   197, 40.70, 28.50, 12.20
         0,     0, 5,16:58:24,16:58:36,    12, 28.50, 40.70,-12.20
  13323352,  8154, 1,16:59:33,16:59:50,    17, 41.10, 40.30,  0.80
  12706636,  7045, 5,16:58:46,17:00:52,   126, 40.70, 28.40, 12.30
  12706651,  7060, 2,17:00:40,17:00:58,    18, 42.60, 40.60,  2.00
         0,     0, 2,17:01:06,17:01:08,     2, 40.60, 43.80, -3.20
         0,     0, 5,17:01:00,17:01:12,    12, 28.40, 40.70,-12.30
  12706622,     0, 9,16:59:16,17:01:33,   137, 40.40, 36.60,  3.80
         0,     0, 9,17:01:42,17:01:47,     5, 36.60, 41.10, -4.50
  12706651,  7060, 2,17:01:18,17:02:04,    46, 43.80, 36.80,  7.00
  11953996,  4026, 1,17:01:34,17:02:06,    32, 40.30, 40.20,  0.10
         0,     0, 2,17:02:12,17:02:18,     6, 36.80, 43.80, -7.00
  11953996,  4026, 1,17:02:16,17:02:23,     7, 40.20, 40.20,  0.00
  11953996,  4026, 1,17:02:33,17:04:19,   106, 40.20, 24.20, 16.00
  12706738,  7147, 2,17:02:28,17:04:30,   122, 43.80, 30.20, 13.60
         0,     0, 1,17:04:27,17:04:43,    16, 24.20, 41.20,-17.00
         0,     0, 2,17:04:38,17:04:51,    13, 30.20, 43.90,-13.70
  11499202,     0, 9,17:04:36,17:06:00,    84, 41.10, 39.00,  2.10
         0,     0, 9,17:06:08,17:06:10,     2, 39.00, 41.10, -2.10
  12706701,  7110, 3,17:03:21,17:06:33,   192, 46.00, 25.90, 20.10
         0,     0, 3,17:06:40,17:06:57,    17, 25.90, 25.80,  0.10
  11954014,  4044, 4,17:07:33,17:08:16,    43, 43.70, 25.30, 18.40
         0,     0, 4,17:08:25,17:08:43,    18, 25.30, 43.30,-18.00
  12706655,  7064, 1,17:06:58,17:08:47,   109, 41.30, 24.00, 17.30
         0,     0, 1,17:08:55,17:09:12,    17, 24.00, 41.30,-17.30
  11954014,  4044, 4,17:10:14,17:10:26,    12, 43.60, 40.70,  2.90
         0,     0, 4,17:10:33,17:10:35,     2, 40.70, 43.30, -2.60
  12448471,     0, 6,16:58:16,17:11:08,   772, 32.60, 31.10,  1.50
         0,     0, 6,17:11:15,17:11:24,     9, 31.10, 40.50, -9.40
  13008798,     0,10,17:11:48,17:11:52,     4, 41.00, 41.00,  0.00
  13008798,     0,10,17:12:09,17:12:11,     2, 39.30, 39.40, -0.10
         0,     0,10,17:12:19,17:12:20,     1, 39.40, 41.20, -1.80
  13323388,  9010, 4,17:11:22,17:12:26,    64, 43.30, 33.00, 10.30
         0,     0, 4,17:12:34,17:12:43,     9, 33.00, 42.80, -9.80
  12200010,  5064, 1,17:11:28,17:12:41,    73, 41.30, 33.00,  8.30
  12706700,  7109, 2,17:11:19,17:12:44,    85, 43.80, 19.60, 24.20
  13008798,     0,10,17:12:54,17:12:55,     1, 36.50, 36.50,  0.00
         0,     0, 1,17:12:50,17:12:58,     8, 33.00, 41.20, -8.20
         0,     0,10,17:13:02,17:13:07,     5, 36.50, 41.10, -4.60
         0,     0, 2,17:12:52,17:13:17,    25, 19.60, 43.90,-24.30
  13323352,  8154, 2,17:15:33,17:15:52,    19, 43.90, 43.00,  0.90
  13008905,  8146, 4,17:14:30,17:15:53,    83, 42.60, 30.10, 12.50
         0,     0, 4,17:16:00,17:16:13,    13, 30.10, 43.30,-13.20
  13323352,  8154, 1,17:16:03,17:18:02,   119, 41.10, 36.70,  4.40
         0,     0, 1,17:18:10,17:18:14,     4, 36.70, 41.20, -4.50
  12706616,  7025, 2,17:16:52,17:18:12,    80, 43.00, 33.90,  9.10
         0,     0, 2,17:18:19,17:18:28,     9, 33.90, 43.90,-10.00
  13008742,  7163, 2,17:18:41,17:18:57,    16, 43.90, 43.60,  0.30
  12448451,  6064, 4,17:17:04,17:19:02,   118, 44.00, 31.80, 12.20
         0,     0, 4,17:19:09,17:19:20,    11, 31.80, 42.90,-11.10
  13008742,  7163, 2,17:19:11,17:19:25,    14, 43.70, 43.50,  0.20
  12200046,  5100, 3,17:19:12,17:20:01,    49, 46.20, 33.00, 13.20
         0,     0, 3,17:20:10,17:20:21,    11, 33.00, 32.80,  0.20
  12448451,  6064, 5,17:20:09,17:21:03,    54, 40.70, 26.10, 14.60
         0,     0, 5,17:21:12,17:21:26,    14, 26.10, 40.70,-14.60
  11724159,     0, 9,17:20:30,17:21:27,    57, 41.10, 40.00,  1.10
  13008742,  7163, 2,17:28:48,17:28:50,     2, 43.50, 43.50,  0.00
  21292347,  5120, 2,17:29:45,17:30:47,    62, 43.60, 35.70,  7.90
         0,     0, 2,17:30:55,17:31:02,     7, 35.70, 43.90, -8.20
  11954050,     0, 6,17:11:35,17:31:13,  1178, 40.30, 13.10, 27.20
         0,     0, 6,17:31:21,17:31:48,    27, 13.10, 41.50,-28.40
  12448448,  6061, 1,17:31:31,17:31:50,    19, 41.20, 41.20,  0.00
  12706639,  7048, 1,17:35:01,17:38:27,   206, 41.20, 28.60, 12.60
  12448448,  6061, 2,17:32:22,17:38:29,   367, 43.90, 25.60, 18.30
         0,     0, 1,17:38:36,17:38:49,    13, 28.60, 41.20,-12.60
         0,     0, 2,17:38:36,17:38:55,    19, 25.60, 43.70,-18.10
  12706738,  7147, 1,17:38:59,17:40:45,   106, 41.20, 31.50,  9.70
         0,     0, 1,17:40:54,17:41:03,     9, 31.50, 41.20, -9.70
  13323462,     0,10,17:39:58,17:41:16,    78, 41.00, 33.50,  7.50
         0,     0,10,17:41:23,17:41:31,     8, 33.50, 41.10, -7.60
  12706738,  7147, 2,17:40:55,17:41:36,    41, 43.80, 42.40,  1.40
  13323462,     0,10,17:41:46,17:41:48,     2, 39.70, 39.80, -0.10
         0,     0,10,17:41:56,17:41:56,     0, 39.80, 41.00, -1.20
  12706727,  7136, 2,17:42:08,17:43:41,    93, 42.40, 27.70, 14.70
         0,     0, 2,17:43:50,17:44:06,    16, 27.70, 43.80,-16.10
  12706719,  7128, 1,17:43:27,17:44:56,    89, 41.20, 39.00,  2.20
         0,     0, 1,17:45:04,17:45:05,     1, 39.00, 41.20, -2.20
  12706719,  7128, 2,17:45:01,17:45:11,    10, 43.80, 42.50,  1.30
  13323352,  8154, 4,17:44:50,17:45:51,    61, 43.00, 40.30,  2.70
         0,     0, 4,17:46:00,17:46:02,     2, 40.30, 43.20, -2.90
  13323390,  9012, 2,17:46:00,17:46:12,    12, 42.60, 42.60,  0.00
  12448479,  6092, 2,17:46:30,17:46:58,    28, 42.60, 42.00,  0.60
         0,     0, 2,17:47:05,17:47:05,     0, 42.00, 43.60, -1.60
  12448479,  6092, 1,17:47:04,17:47:11,     7, 41.20, 40.70,  0.50
  12448456,     0, 6,17:32:01,17:48:32,   991, 41.40, 11.40, 30.00
  12706642,  7051, 9,17:46:12,17:48:38,   146, 40.00, 35.70,  4.30
         0,     0, 9,17:48:46,17:48:53,     7, 35.70, 41.10, -5.40
  12448479,  6092, 1,17:47:21,17:48:55,    94, 40.70, 26.80, 13.90
         0,     0, 6,17:48:40,17:49:10,    30, 11.40, 41.40,-30.00
         0,     0, 1,17:49:03,17:49:16,    13, 26.80, 41.20,-14.40
  12706734,  7143, 2,17:47:16,17:50:15,   179, 43.70, 27.80, 15.90
         0,     0, 2,17:50:23,17:50:39,    16, 27.80, 43.70,-15.90
  12200060,     0, 6,17:49:35,17:50:43,    68, 38.00, 36.20,  1.80
         0,     0, 6,17:50:51,17:50:55,     4, 36.20, 41.40, -5.20
  12200010,  5064, 3,17:49:05,17:51:13,   128, 45.70, 29.50, 16.20
  13008905,  8146, 4,17:48:46,17:51:14,   148, 43.20, 38.50,  4.70
         0,     0, 4,17:51:21,17:51:26,     5, 38.50, 43.00, -4.50
         0,     0, 3,17:51:21,17:51:36,    15, 29.50, 29.40,  0.10
  12706655,  7064, 4,17:52:28,17:55:50,   202, 43.20, 31.00, 12.20
         0,     0, 4,17:55:57,17:56:09,    12, 31.00, 43.20,-12.20
  21292347,  5120, 2,17:55:10,17:56:09,    59, 43.80, 35.50,  8.30
  21304388,  6125, 1,17:54:07,17:56:17,   130, 41.20, 21.40, 19.80
         0,     0, 2,17:56:17,17:56:24,     7, 35.50, 43.80, -8.30
         0,     0, 1,17:56:24,17:56:42,    18, 21.40, 41.20,-19.80
  12448473,  6086, 2,17:56:34,17:58:22,   108, 43.80, 23.40, 20.40
  13008866,     0,10,17:58:01,17:58:42,    41, 40.50, 40.20,  0.30
         0,     0, 2,17:58:30,17:58:51,    21, 23.40, 43.80,-20.40
  12199987,     0, 9,17:55:54,17:59:51,   237, 41.10, 33.30,  7.80
         0,     0, 9,18:00:00,18:00:10,    10, 33.30, 41.10, -7.80
  13008866,     0,10,17:59:05,18:00:20,    75, 40.00, 39.40,  0.60
         0,     0,10,18:00:27,18:00:28,     1, 39.40, 41.10, -1.70
  12706651,  7060, 4,18:02:06,18:03:36,    90, 43.70, 32.90, 10.80
         0,     0, 4,18:03:44,18:03:54,    10, 32.90, 43.20,-10.30
  13008866,     0,10,18:01:02,18:04:56,   234, 40.90, 38.80,  2.10
  12448412,  6025, 3,18:00:28,18:04:58,   270, 46.10, 26.20, 19.90
         0,     0,10,18:05:03,18:05:05,     2, 38.80, 41.00, -2.20
  12706651,  7060, 4,18:04:41,18:05:04,    23, 43.20, 41.00,  2.20
         0,     0, 4,18:05:13,18:05:15,     2, 41.00, 43.20, -2.20
         0,     0, 3,18:05:07,18:05:24,    17, 26.20, 26.00,  0.20
  13008866,     0,10,18:05:32,18:05:33,     1, 40.80, 40.80,  0.00
  13008866,     0,10,18:05:47,18:06:23,    36, 40.80, 40.20,  0.60
  13008848,     0,10,18:08:11,18:08:15,     4, 39.40, 39.40,  0.00
         0,     0,10,18:08:22,18:08:23,     1, 39.40, 41.10, -1.70
  12448474,  6087, 2,18:07:33,18:08:54,    81, 43.80, 28.10, 15.70
         0,     0, 2,18:09:03,18:09:18,    15, 28.10, 43.90,-15.80
  21268104,  6062, 1,18:07:55,18:09:53,   118, 41.20, 30.10, 11.10
         0,     0, 1,18:10:01,18:10:11,    10, 30.10, 41.30,-11.20
  13008866,     0,10,18:09:47,18:11:38,   111, 41.10, 39.60,  1.50
         0,     0,10,18:11:45,18:11:46,     1, 39.60, 39.80, -0.20
  12706719,  7128, 2,18:10:02,18:12:11,   129, 43.80, 32.80, 11.00
         0,     0, 2,18:12:19,18:12:29,    10, 32.80, 43.80,-11.00
  13008866,     0,10,18:11:59,18:12:41,    42, 41.00, 40.40,  0.60
  13008816,     0,10,18:13:07,18:13:10,     3, 40.40, 40.40,  0.00
  13008848,     0, 9,18:12:57,18:13:16,    19, 41.10, 41.00,  0.10
  13008848,     0,10,18:13:44,18:14:03,    19, 40.40, 40.40,  0.00
  13008816,     0, 9,18:13:37,18:14:16,    39, 41.00, 40.80,  0.20
  13008816,     0,10,18:14:26,18:14:33,     7, 40.40, 40.40,  0.00
  12706628,     0, 9,18:14:55,18:15:21,    26, 40.10, 38.90,  1.20
         0,     0, 9,18:15:29,18:15:31,     2, 38.90, 41.10, -2.20
  12706628,     0,10,18:15:55,18:15:58,     3, 40.40, 40.40,  0.00
  13323352,  8154, 1,18:15:35,18:16:31,    56, 41.30, 38.80,  2.50
         0,     0, 1,18:16:39,18:16:40,     1, 38.80, 41.30, -2.50
  13008732,  7153, 2,18:13:26,18:16:47,   201, 43.70, 35.80,  7.90
         0,     0, 2,18:16:55,18:17:02,     7, 35.80, 43.70, -7.90
  13008905,  8146, 5,18:17:23,18:18:38,    75, 40.60, 32.30,  8.30
         0,     0, 5,18:18:45,18:18:53,     8, 32.30, 40.70, -8.40
  13323390,  9012, 4,18:16:19,18:19:13,   174, 43.20, 30.70, 12.50
         0,     0, 4,18:19:21,18:19:33,    12, 30.70, 43.20,-12.50
  12448479,  6092, 2,18:20:17,18:21:32,    75, 43.80, 37.40,  6.40
         0,     0, 2,18:21:40,18:21:45,     5, 37.40, 44.00, -6.60
  12448404,  6017, 4,18:21:16,18:23:00,   104, 44.00, 17.70, 26.30
  12706628,     0, 9,18:21:03,18:23:01,   118, 41.10, 37.60,  3.50
         0,     0, 9,18:23:08,18:23:12,     4, 37.60, 41.00, -3.40
         0,     0, 4,18:23:07,18:23:32,    25, 17.70, 43.40,-25.70
  12706734,  7143, 2,18:21:55,18:23:49,   114, 43.90, 41.60,  2.30
         0,     0, 2,18:23:57,18:23:58,     1, 41.60, 43.80, -2.20
  12706714,  7123, 5,18:24:32,18:25:37,    65, 40.70, 27.10, 13.60
  13008848,     0,10,18:22:14,18:25:48,   214, 40.40, 29.20, 11.20
         0,     0, 5,18:25:44,18:25:58,    14, 27.10, 40.70,-13.60
  13008848,     0, 9,18:25:53,18:25:57,     4, 41.10, 41.00,  0.10
  12706734,  7143, 2,18:24:21,18:26:04,   103, 43.90, 41.30,  2.60
         0,     0,10,18:25:56,18:26:09,    13, 29.20, 41.20,-12.00
         0,     0, 2,18:26:11,18:26:12,     1, 41.30, 43.70, -2.40
  11953978,  4008, 1,18:24:24,18:26:39,   135, 41.30, 31.10, 10.20
         0,     0, 1,18:26:46,18:26:55,     9, 31.10, 41.20,-10.10
  12448428,  6041, 4,18:25:50,18:26:55,    65, 43.80, 29.20, 14.60
         0,     0, 4,18:27:02,18:27:16,    14, 29.20, 43.20,-14.00
  13008816,     0, 9,18:26:21,18:27:15,    54, 40.30, 35.20,  5.10
         0,     0, 9,18:27:22,18:27:29,     7, 35.20, 41.10, -5.90
  13008848,     0,10,18:26:21,18:28:44,   143, 40.90, 40.90,  0.00
  12448416,  6029, 3,18:27:06,18:29:04,   118, 45.90, 24.20, 21.70
  21299280,  8145, 5,18:26:12,18:29:05,   173, 40.80, 23.90, 16.90
         0,     0, 5,18:29:12,18:29:29,    17, 23.90, 40.60,-16.70
         0,     0, 3,18:29:12,18:29:31,    19, 24.20, 24.60, -0.40
  13008742,  7163, 2,18:29:19,18:30:54,    95, 43.70, 43.00,  0.70
  13008742,  7163, 2,18:31:04,18:31:18,    14, 42.80, 42.80,  0.00
  13008742,  7163, 2,18:31:28,18:32:43,    75, 42.90, 36.80,  6.10
         0,     0, 2,18:32:51,18:32:57,     6, 36.80, 43.90, -7.10
  21292347,  5120, 2,18:33:07,18:34:15,    68, 44.00, 36.50,  7.50
         0,     0, 2,18:34:23,18:34:29,     6, 36.50, 43.90, -7.40
  12200010,  5064, 1,18:39:13,18:40:11,    58, 41.20, 33.40,  7.80
         0,     0, 1,18:40:19,18:40:26,     7, 33.40, 41.10, -7.70
  13008742,  7163, 2,18:38:25,18:41:22,   177, 43.80, 24.60, 19.20
         0,     0, 2,18:41:29,18:41:48,    19, 24.60, 43.90,-19.30
  12200010,  5064, 1,18:41:10,18:42:14,    64, 41.10, 35.10,  6.00
  12706730,  7139, 4,18:39:53,18:42:24,   151, 43.80, 23.10, 20.70
         0,     0, 1,18:42:22,18:42:27,     5, 35.10, 41.20, -6.10
         0,     0, 4,18:42:31,18:42:51,    20, 23.10, 43.40,-20.30
  13008866,     0,10,18:42:45,18:43:16,    31, 40.80, 40.40,  0.40
  12706706,  7115, 2,18:42:45,18:43:42,    57, 43.80, 40.90,  2.90
         0,     0, 2,18:43:49,18:43:51,     2, 40.90, 43.80, -2.90
  12706706,  7115, 1,18:43:45,18:43:58,    13, 41.20, 38.10,  3.10
         0,     0, 1,18:44:07,18:44:09,     2, 38.10, 41.20, -3.10
  12706729,  7138, 2,18:44:14,18:45:43,    89, 43.90, 40.60,  3.30
         0,     0, 2,18:45:51,18:45:53,     2, 40.60, 43.90, -3.30
  21268104,  6062, 1,18:44:45,18:46:20,    95, 41.20, 32.60,  8.60
         0,     0, 1,18:46:28,18:46:36,     8, 32.60, 41.30, -8.70
  21268104,  6062, 1,18:46:46,18:47:10,    24, 41.30, 37.70,  3.60
         0,     0, 1,18:47:18,18:47:20,     2, 37.70, 41.20, -3.50
  12706706,  7115, 2,18:47:37,18:48:57,    80, 43.80, 33.80, 10.00
         0,     0, 2,18:49:06,18:49:15,     9, 33.80, 43.70, -9.90
  11953996,  4026, 1,18:50:53,18:51:46,    53, 41.20, 41.10,  0.10
  13008866,     0,10,18:52:11,18:52:12,     1, 39.70, 39.70,  0.00
         0,     0,10,18:52:20,18:52:21,     1, 39.70, 41.00, -1.30
  12706705,  7114, 3,18:51:22,18:52:26,    64, 46.00, 44.10,  1.90
  11499202,     0,10,18:52:31,18:52:38,     7, 41.00, 40.40,  0.60
  11953996,  4026, 2,18:51:51,18:53:03,    72, 43.80, 43.50,  0.30
  11499202,     0,10,18:52:58,18:53:13,    15, 40.40, 38.00,  2.40
         0,     0,10,18:53:21,18:53:23,     2, 38.00, 38.80, -0.80
  11499202,     0,10,18:53:45,18:53:47,     2, 37.60, 37.70, -0.10
         0,     0,10,18:53:56,18:53:59,     3, 37.70, 41.20, -3.50
  12448416,  6029, 4,18:52:52,18:54:15,    83, 44.30, 30.90, 13.40
  12706705,  7114, 3,18:52:58,18:54:26,    88, 44.30, 30.30, 14.00
         0,     0, 4,18:54:22,18:54:34,    12, 30.90, 43.20,-12.30
         0,     0, 3,18:54:34,18:54:47,    13, 30.30, 30.30,  0.00
  11953996,  4026, 1,18:53:35,18:54:46,    71, 41.10, 26.60, 14.50
  12706707,  7116, 2,18:54:03,18:55:01,    58, 43.50, 40.80,  2.70
         0,     0, 1,18:54:53,18:55:06,    13, 26.60, 41.10,-14.50
         0,     0, 2,18:55:08,18:55:10,     2, 40.80, 43.80, -3.00
  12706729,  7138, 3,18:55:43,18:56:29,    46, 45.90, 36.50,  9.40
  12706707,  7116, 2,18:55:31,18:56:33,    62, 43.80, 33.50, 10.30
         0,     0, 3,18:56:36,18:56:43,     7, 36.50, 36.40,  0.10
         0,     0, 2,18:56:41,18:56:51,    10, 33.50, 43.80,-10.30
  13008835,     0,10,18:55:37,18:57:10,    93, 41.20, 36.70,  4.50
         0,     0,10,18:57:19,18:57:23,     4, 36.70, 41.20, -4.50
  11954050,     0, 6,17:51:07,18:57:31,  3984, 41.50, 22.90, 18.60
         0,     0, 6,18:57:38,18:57:56,    18, 22.90, 41.50,-18.60
  12200064,  5118, 1,18:56:10,18:58:18,   128, 41.10, 40.00,  1.10
         0,     0, 1,18:58:26,18:58:26,     0, 40.00, 40.70, -0.70
  13008826,     0,10,18:57:55,18:58:59,    64, 41.20, 29.20, 12.00
         0,     0,10,18:59:08,18:59:20,    12, 29.20, 41.10,-11.90
  12200064,  5118, 2,18:58:28,19:00:16,   108, 43.90, 15.50, 28.40
         0,     0, 2,19:00:24,19:00:52,    28, 15.50, 43.80,-28.30
  13008835,     0, 9,19:01:00,19:01:16,    16, 41.10, 41.00,  0.10
  13008835,     0,10,19:02:14,19:02:15,     1, 41.00, 40.90,  0.10
  12200013,     0, 6,18:59:44,19:03:17,   213, 41.50, 14.10, 27.40
  12448479,  6092, 2,19:02:07,19:03:41,    94, 44.00, 35.20,  8.80
         0,     0, 6,19:03:25,19:03:53,    28, 14.10, 40.40,-26.30
         0,     0, 2,19:03:50,19:03:58,     8, 35.20, 44.00, -8.80
  12448479,  6092, 1,19:04:58,19:05:08,    10, 40.60, 39.90,  0.70
         0,     0, 1,19:05:16,19:05:16,     0, 39.90, 41.00, -1.10
  12448442,  6055,10,19:06:02,19:06:11,     9, 40.90, 40.90,  0.00
  12706639,  7048, 4,19:05:13,19:06:18,    65, 43.60, 36.70,  6.90
         0,     0, 4,19:06:26,19:06:32,     6, 36.70, 43.20, -6.50
  12448442,  6055, 9,19:06:27,19:06:30,     3, 41.00, 41.00,  0.00
  11953978,  4008, 3,19:04:58,19:06:44,   106, 45.90, 33.30, 12.60
  12200060,     0, 6,19:04:07,19:06:49,   162, 38.90, 36.20,  2.70
         0,     0, 6,19:06:56,19:07:01,     5, 36.20, 40.90, -4.70
         0,     0, 3,19:06:53,19:07:03,    10, 33.30, 33.00,  0.30
  13323462,     0,10,19:07:19,19:07:23,     4, 40.90, 40.90,  0.00
  21268162,  6046, 1,19:07:20,19:08:48,    88, 41.00, 27.40, 13.60
  12706639,  7048, 3,19:08:23,19:09:00,    37, 46.00, 39.50,  6.50
         0,     0, 1,19:08:56,19:09:09,    13, 27.40, 41.20,-13.80
         0,     0, 3,19:09:08,19:09:13,     5, 39.50, 39.60, -0.10
  12448471,     0, 6,19:07:56,19:09:31,    95, 30.80, 28.30,  2.50
         0,     0, 6,19:09:38,19:09:50,    12, 28.30, 28.30,  0.00
  13008866,     0,10,19:08:46,19:09:55,    69, 40.90, 40.20,  0.70
  12706714,  7123, 5,19:09:56,19:11:27,    91, 40.60, 28.10, 12.50
  12448404,  6017, 2,19:11:31,19:11:44,    13, 43.90, 43.20,  0.70
         0,     0, 5,19:11:35,19:11:47,    12, 28.10, 40.60,-12.50
  12706636,  7045, 4,19:10:28,19:12:01,    93, 43.30, 33.50,  9.80
         0,     0, 4,19:12:09,19:12:18,     9, 33.50, 43.20, -9.70
  12448473,  6086, 2,19:11:54,19:13:02,    68, 43.20, 32.10, 11.10
  12448404,  6017, 1,19:12:13,19:13:10,    57, 41.20, 23.30, 17.90
         0,     0, 2,19:13:10,19:13:21,    11, 32.10, 43.80,-11.70
  13008768,     0,10,19:12:03,19:13:25,    82, 39.70, 30.60,  9.10
  12706628,     0, 9,19:13:10,19:13:29,    19, 40.30, 39.60,  0.70
         0,     0, 1,19:13:17,19:13:34,    17, 23.30, 41.20,-17.90
         0,     0, 9,19:13:38,19:13:39,     1, 39.60, 41.00, -1.40
         0,     0,10,19:13:33,19:13:44,    11, 30.60, 41.10,-10.50
  12706628,     0, 9,19:14:04,19:14:06,     2, 40.30, 40.40, -0.10
  21299280,  8145, 5,19:12:44,19:14:34,   110, 40.60, 30.30, 10.30
         0,     0, 5,19:14:42,19:14:52,    10, 30.30, 40.70,-10.40
  13323388,  9010, 4,19:14:18,19:15:46,    88, 44.40, 30.70, 13.70
         0,     0, 4,19:15:55,19:16:06,    11, 30.70, 42.60,-11.90
  13008798,     0,10,19:17:27,19:17:48,    21, 41.10, 36.70,  4.40
         0,     0,10,19:17:56,19:17:59,     3, 36.70, 39.60, -2.90
  13008798,     0,10,19:18:48,19:18:49,     1, 29.50, 29.50,  0.00
         0,     0,10,19:18:58,19:19:10,    12, 29.50, 41.20,-11.70
  12448428,  6041, 1,19:19:20,19:20:09,    49, 41.20, 30.20, 11.00
         0,     0, 1,19:20:17,19:20:27,    10, 30.20, 41.20,-11.00
  13008848,     0,10,19:20:37,19:21:02,    25, 41.20, 41.20,  0.00
  12706729,  7138, 3,19:23:26,19:24:16,    50, 46.20, 40.70,  5.50
         0,     0, 3,19:24:24,19:24:28,     4, 40.70, 46.40, -5.70
  12448442,  6055,10,19:24:43,19:24:45,     2, 39.10, 39.10,  0.00
         0,     0,10,19:24:54,19:24:55,     1, 39.10, 41.20, -2.10
  12706700,  7109, 2,19:23:53,19:24:56,    63, 43.60, 26.40, 17.20
         0,     0, 2,19:25:03,19:25:20,    17, 26.40, 43.90,-17.50
  12448442,  6055,10,19:25:13,19:25:54,    41, 38.40, 32.30,  6.10
         0,     0,10,19:26:02,19:26:11,     9, 32.30, 41.10, -8.80
  13008866,     0,10,19:29:53,19:29:57,     4, 41.10, 41.00,  0.10
  13008842,  8083, 2,19:31:11,19:31:40,    29, 43.90, 43.80,  0.10
  13008866,     0,10,19:32:54,19:33:25,    31, 41.00, 40.50,  0.50
  13008842,  8083, 1,19:31:52,19:33:32,   100, 41.20, 20.00, 21.20
  12706707,  7116, 2,19:32:51,19:33:54,    63, 43.90, 34.50,  9.40
         0,     0, 1,19:33:39,19:33:59,    20, 20.00, 41.20,-21.20
  13008866,     0,10,19:33:46,19:33:59,    13, 40.60, 40.30,  0.30
         0,     0, 2,19:34:01,19:34:09,     8, 34.50, 43.70, -9.20
  13008866,     0,10,19:34:20,19:35:39,    79, 40.10, 39.30,  0.80
         0,     0,10,19:35:47,19:35:48,     1, 39.30, 41.10, -1.80
  21268825,  6068, 4,19:32:49,19:36:22,   213, 42.90, 24.50, 18.40
         0,     0, 4,19:36:30,19:36:48,    18, 24.50, 43.20,-18.70
  13008866,     0,10,19:37:11,19:37:13,     2, 40.10, 40.10,  0.00
  12448432,  6045, 5,19:37:00,19:38:14,    74, 40.70, 33.00,  7.70
         0,     0, 5,19:38:23,19:38:30,     7, 33.00, 40.70, -7.70
  12448432,  6045, 5,19:38:45,19:39:21,    36, 40.70, 33.40,  7.30
         0,     0, 5,19:39:29,19:39:36,     7, 33.40, 40.80, -7.40
  13323390,  9012, 5,19:39:46,19:42:31,   165, 40.80, 24.10, 16.70
         0,     0, 5,19:42:40,19:42:56,    16, 24.10, 40.80,-16.70
  12448416,  6029, 1,19:44:39,19:46:36,   117, 41.20, 32.10,  9.10
  12706636,  7045, 3,19:45:25,19:46:47,    82, 46.40, 37.60,  8.80
         0,     0, 1,19:46:44,19:46:52,     8, 32.10, 41.20, -9.10
         0,     0, 3,19:46:56,19:47:02,     6, 37.60, 37.60,  0.00
  12706705,  7114, 2,19:45:30,19:47:44,   134, 43.70, 36.90,  6.80
         0,     0, 2,19:47:52,19:47:58,     6, 36.90, 43.80, -6.90
  21268162,  6046, 1,19:47:18,19:48:21,    63, 41.20, 30.40, 10.80
         0,     0, 1,19:48:28,19:48:38,    10, 30.40, 41.30,-10.90
  13323352,  8154, 5,19:47:41,19:48:57,    76, 40.80, 36.80,  4.00
         0,     0, 5,19:49:04,19:49:07,     3, 36.80, 40.70, -3.90
  13323352,  8154, 4,19:50:16,19:50:17,     1, 44.20, 43.60,  0.60
  12706738,  7147, 2,19:49:53,19:51:06,    73, 43.90, 38.30,  5.60
         0,     0, 2,19:51:13,19:51:17,     4, 38.30, 43.80, -5.50
  13008732,  7153, 2,19:51:28,19:51:52,    24, 43.70, 43.70,  0.00
  12706738,  7147, 1,19:51:37,19:52:03,    26, 41.30, 38.50,  2.80
         0,     0, 1,19:52:10,19:52:12,     2, 38.50, 41.20, -2.70
  12200046,  5100, 4,19:52:52,19:54:36,   104, 44.40, 29.20, 15.20
         0,     0, 4,19:54:45,19:54:59,    14, 29.20, 43.40,-14.20
  12448483,  6096, 4,19:55:31,19:57:22,   111, 44.00, 22.60, 21.40
  21292347,  5120, 3,19:57:15,19:57:25,    10, 46.30, 45.90,  0.40
         0,     0, 4,19:57:29,19:57:49,    20, 22.60, 43.40,-20.80
         0,     0,10,19:58:32,19:58:33,     1, 39.40, 41.20, -1.80
  12706707,  7116, 2,19:57:53,19:58:49,    56, 43.70, 40.40,  3.30
         0,     0, 2,19:58:57,19:58:59,     2, 40.40, 43.80, -3.40
  13323462,     0,10,19:58:59,19:59:02,     3, 41.10, 41.10,  0.00
  11953978,  4008, 2,19:59:38,19:59:47,     9, 43.80, 43.00,  0.80
  13323462,     0, 9,19:59:17,20:00:38,    81, 40.30, 37.30,  3.00
         0,     0, 9,20:00:45,20:00:49,     4, 37.30, 41.10, -3.80
  12706706,  7115, 2,20:00:02,20:00:52,    50, 42.70, 31.50, 11.20
         0,     0, 2,20:01:00,20:01:11,    11, 31.50, 43.80,-12.30
  13323462,     0, 9,20:02:22,20:02:24,     2, 37.80, 37.80,  0.00
         0,     0, 9,20:02:33,20:02:36,     3, 37.80, 41.00, -3.20
  13008732,  7153, 1,20:00:36,20:03:49,   193, 41.20, 29.20, 12.00
         0,     0, 1,20:03:57,20:04:08,    11, 29.20, 41.20,-12.00
  13008858,     0, 9,20:04:50,20:05:02,    12, 40.90, 40.70,  0.20
  13323352,  8154, 2,20:04:50,20:05:41,    51, 43.90, 41.70,  2.20
         0,     0, 2,20:05:48,20:05:49,     1, 41.70, 43.70, -2.00
  13323352,  8154, 2,20:05:59,20:06:38,    39, 43.90, 41.90,  2.00
         0,     0, 2,20:06:47,20:06:47,     0, 41.90, 43.30, -1.40
  13008858,     0, 9,20:06:53,20:06:55,     2, 32.00, 32.00,  0.00
  11953978,  4008, 1,20:06:27,20:07:09,    42, 41.20, 33.70,  7.50
         0,     0, 9,20:07:04,20:07:16,    12, 32.00, 41.00, -9.00
         0,     0, 1,20:07:16,20:07:22,     6, 33.70, 41.20, -7.50
  13008842,  8083, 2,20:11:20,20:13:22,   122, 43.30, 33.60,  9.70
         0,     0, 2,20:13:29,20:13:38,     9, 33.60, 43.90,-10.30
  12200064,  5118, 5,20:11:46,20:14:27,   161, 40.70, 22.50, 18.20
         0,     0, 5,20:14:36,20:14:54,    18, 22.50, 40.80,-18.30
  11724159,     0, 9,20:15:06,20:15:12,     6, 41.00, 41.00,  0.00
  12200064,  5118, 5,20:15:19,20:15:48,    29, 40.80, 40.80,  0.00
  12448432,  6045, 2,20:21:45,20:23:57,   132, 43.90, 32.20, 11.70
         0,     0, 2,20:24:05,20:24:16,    11, 32.20, 43.90,-11.70
  12706622,     0, 9,20:22:31,20:24:42,   131, 41.00, 35.90,  5.10
         0,     0, 9,20:24:51,20:24:57,     6, 35.90, 41.10, -5.20
  12706655,  7064, 1,20:30:38,20:32:23,   105, 41.20, 25.70, 15.50
         0,     0, 1,20:32:31,20:32:45,    14, 25.70, 41.20,-15.50
  21268825,  6068, 1,20:33:49,20:36:01,   132, 41.20, 31.00, 10.20
  12706730,  7139, 2,20:33:42,20:36:05,   143, 43.90, 27.20, 16.70
         0,     0, 1,20:36:09,20:36:19,    10, 31.00, 41.10,-10.10
         0,     0, 2,20:36:14,20:36:30,    16, 27.20, 43.80,-16.60
  12706727,  7136, 4,20:36:46,20:38:08,    82, 43.90, 40.70,  3.20
         0,     0, 4,20:38:17,20:38:19,     2, 40.70, 43.30, -2.60
  12706622,     0,10,20:38:19,20:39:30,    71, 41.00, 38.50,  2.50
         0,     0,10,20:39:38,20:39:40,     2, 38.50, 41.20, -2.70
  12200046,  5100, 3,20:40:56,20:42:39,   103, 46.20, 40.40,  5.80
         0,     0, 3,20:42:47,20:42:51,     4, 40.40, 45.80, -5.40
  12448474,  6087, 3,20:48:01,20:48:25,    24, 45.80, 45.80,  0.00
  12706669,  7078, 2,20:48:06,20:48:28,    22, 43.80, 40.80,  3.00
         0,     0, 2,20:48:37,20:48:39,     2, 40.80, 43.90, -3.10
  12706669,  7078, 1,20:48:57,20:49:47,    50, 41.10, 26.60, 14.50
         0,     0, 1,20:49:55,20:50:09,    14, 26.60, 41.20,-14.60
  12448474,  6087, 3,20:51:15,20:52:23,    68, 45.80, 37.40,  8.40
         0,     0, 3,20:52:31,20:52:37,     6, 37.40, 37.40,  0.00
  13008842,  8083, 5,20:57:57,21:00:11,   134, 40.70, 29.70, 11.00
         0,     0, 5,21:00:20,21:00:30,    10, 29.70, 40.80,-11.10
  12706734,  7143, 2,21:01:13,21:02:42,    89, 43.90, 33.60, 10.30
         0,     0, 2,21:02:50,21:02:59,     9, 33.60, 43.90,-10.30
  12706622,     0,10,21:02:56,21:04:17,    81, 41.20, 38.60,  2.60
         0,     0,10,21:04:25,21:04:27,     2, 38.60, 41.20, -2.60
  12706622,     0, 9,21:04:22,21:04:54,    32, 41.00, 40.80,  0.20
  13323406,     0, 9,21:05:23,21:05:24,     1, 40.80, 40.80,  0.00
  12706727,  7136, 2,21:04:12,21:05:58,   106, 43.80, 34.70,  9.10
         0,     0, 2,21:06:06,21:06:14,     8, 34.70, 44.20, -9.50
  13323406,     0, 9,21:06:45,21:06:47,     2, 40.80, 40.80,  0.00
  12706642,  7051,10,21:05:31,21:07:28,   117, 41.20, 34.20,  7.00
         0,     0,10,21:07:36,21:07:43,     7, 34.20, 41.20, -7.00
  12706714,  7123, 4,21:05:31,21:07:44,   133, 43.40, 29.60, 13.80
         0,     0, 4,21:07:51,21:08:04,    13, 29.60, 43.20,-13.60
  13323406,     0, 9,21:07:59,21:08:52,    53, 40.80, 30.90,  9.90
         0,     0, 9,21:09:01,21:09:14,    13, 30.90, 41.10,-10.20
  13008798,     0,10,21:10:25,21:11:25,    60, 41.20, 29.80, 11.40
         0,     0,10,21:11:33,21:11:45,    12, 29.80, 41.10,-11.30
  21268104,  6062, 2,21:09:41,21:12:31,   170, 44.00, 35.20,  8.80
         0,     0, 2,21:12:40,21:12:48,     8, 35.20, 43.90, -8.70
  12200060,     0, 6,19:10:00,21:19:58,  7798, 28.30, 40.90,-12.60
  12706669,  7078, 3,21:22:28,21:23:20,    52, 45.80, 34.60, 11.20
         0,     0, 3,21:23:29,21:23:38,     9, 34.60, 34.50,  0.10
  12448451,  6064, 2,21:23:55,21:25:56,   121, 43.80, 22.30, 21.50
         0,     0, 2,21:26:04,21:26:25,    21, 22.30, 43.90,-21.60
  12199987,     0,10,21:29:19,21:32:20,   181, 41.10, 37.00,  4.10
         0,     0,10,21:32:27,21:32:31,     4, 37.00, 41.20, -4.20
  12706616,  7025, 4,21:32:18,21:33:24,    66, 43.70, 28.60, 15.10
         0,     0, 4,21:33:33,21:33:47,    14, 28.60, 43.30,-14.70
  11724159,     0,10,21:34:15,21:35:02,    47, 41.20, 30.90, 10.30
         0,     0,10,21:35:10,21:35:21,    11, 30.90, 41.20,-10.30
  11953996,  4026, 2,21:35:04,21:39:22,   258, 44.00, 25.40, 18.60
         0,     0, 2,21:39:30,21:39:48,    18, 25.40, 43.90,-18.50
  13008835,     0,10,21:44:10,21:44:50,    40, 41.20, 41.10,  0.10
  13008835,     0,10,21:45:07,21:45:09,     2, 41.10, 41.00,  0.10
  21299280,  8145, 5,21:47:03,21:47:53,    50, 40.70, 38.50,  2.20
         0,     0, 5,21:48:00,21:48:02,     2, 38.50, 40.80, -2.30
  13008835,     0,10,21:45:18,21:48:02,   164, 41.00, 31.40,  9.60
  13008839,     0, 9,21:46:25,21:48:06,   101, 40.90, 33.70,  7.20
         0,     0,10,21:48:11,21:48:22,    11, 31.40, 41.10, -9.70
         0,     0, 9,21:48:13,21:48:23,    10, 33.70, 40.90, -7.20
  12706734,  7143, 2,21:46:44,21:48:30,   106, 43.90, 37.60,  6.30
         0,     0, 2,21:48:38,21:48:43,     5, 37.60, 43.80, -6.20
  21299280,  8145, 5,21:48:13,21:48:44,    31, 40.80, 37.10,  3.70
         0,     0, 5,21:48:52,21:48:55,     3, 37.10, 40.70, -3.60
  13008839,     0, 9,21:48:33,21:49:07,    34, 40.90, 40.10,  0.80
  13008839,     0, 9,21:49:47,21:50:05,    18, 38.90, 39.00, -0.10
  12448428,  6041, 4,21:48:44,21:50:09,    85, 43.80, 21.90, 21.90
         0,     0, 9,21:50:13,21:50:15,     2, 39.00, 41.10, -2.10
         0,     0, 4,21:50:16,21:50:37,    21, 21.90, 43.30,-21.40
  11954014,  4044, 3,21:51:21,21:52:19,    58, 45.90, 27.00, 18.90
         0,     0, 3,21:52:27,21:52:43,    16, 27.00, 27.00,  0.00
  12706729,  7138, 2,21:52:16,21:54:33,   137, 43.90, 30.20, 13.70
  12448412,  6025, 1,21:51:01,21:54:47,   226, 41.20, 40.80,  0.40
         0,     0, 2,21:54:41,21:54:54,    13, 30.20, 43.70,-13.50
  12448412,  6025, 1,21:54:57,21:55:23,    26, 40.80, 40.70,  0.10
  11954050,     0, 6,21:20:46,21:56:39,  2153, 39.40, 32.40,  7.00
         0,     0, 6,21:56:47,21:56:55,     8, 32.40, 32.30,  0.10
  12706701,  7110, 2,21:55:04,21:57:42,   158, 43.70, 29.30, 14.40
         0,     0, 2,21:57:51,21:58:05,    14, 29.30, 43.90,-14.60
  12448412,  6025, 1,21:55:37,22:01:37,   360, 40.70, 17.40, 23.30
         0,     0, 1,22:01:44,22:02:07,    23, 17.40, 41.20,-23.80
  13008848,     0, 9,21:58:39,22:02:12,   213, 41.10, 31.50,  9.60
         0,     0, 9,22:02:20,22:02:32,    12, 31.50, 41.00, -9.50
  13008866,     0,10,22:07:55,22:08:07,    12, 41.10, 41.00,  0.10
  13008866,     0,10,22:08:33,22:09:09,    36, 41.00, 40.80,  0.20
  13008866,     0,10,22:09:20,22:09:21,     1, 40.80, 40.80,  0.00
  12706669,  7078, 4,22:09:49,22:10:36,    47, 44.10, 38.60,  5.50
  13008866,     0,10,22:09:37,22:10:43,    66, 40.80, 40.50,  0.30
         0,     0, 4,22:10:43,22:10:47,     4, 38.60, 43.30, -4.70
  12706719,  7128, 5,22:08:14,22:11:17,   183, 40.70, 25.60, 15.10
         0,     0, 5,22:11:25,22:11:39,    14, 25.60, 40.70,-15.10
  13008866,     0,10,22:11:25,22:11:50,    25, 40.50, 40.40,  0.10
  11953978,  4008, 3,22:11:54,22:13:07,    73, 45.80, 37.80,  8.00
         0,     0, 3,22:13:14,22:13:20,     6, 37.80, 37.70,  0.10
  12706734,  7143, 1,22:14:21,22:15:42,    81, 41.20, 37.90,  3.30
         0,     0, 1,22:15:49,22:15:51,     2, 37.90, 41.20, -3.30
  12706700,  7109, 3,22:16:22,22:17:39,    77, 45.90, 30.80, 15.10
         0,     0, 3,22:17:46,22:17:59,    13, 30.80, 30.90, -0.10
  12448448,  6061, 4,22:16:07,22:18:32,   145, 43.90, 43.40,  0.50
  12706628,     0, 9,22:21:21,22:23:04,   103, 41.00, 39.40,  1.60
         0,     0, 9,22:23:12,22:23:13,     1, 39.40, 40.80, -1.40
  12706738,  7147, 5,22:24:16,22:24:32,    16, 40.70, 39.30,  1.40
         0,     0, 5,22:24:40,22:24:41,     1, 39.30, 40.80, -1.50
  12706628,     0, 9,22:23:25,22:24:53,    88, 40.10, 36.60,  3.50
         0,     0, 9,22:25:00,22:25:05,     5, 36.60, 41.10, -4.50
  12448448,  6061, 4,22:19:08,22:25:12,   364, 42.90, 21.60, 21.30
         0,     0, 4,22:25:20,22:25:41,    21, 21.60, 43.30,-21.70
  12706738,  7147, 5,22:24:51,22:25:55,    64, 40.80, 35.40,  5.40
         0,     0, 5,22:26:04,22:26:09,     5, 35.40, 40.80, -5.40
  11954014,  4044, 4,22:26:34,22:27:28,    54, 43.80, 33.90,  9.90
         0,     0, 4,22:27:35,22:27:44,     9, 33.90, 43.30, -9.40
  12706729,  7138, 3,22:28:23,22:29:15,    52, 45.90, 39.40,  6.50
         0,     0, 3,22:29:22,22:29:27,     5, 39.40, 46.00, -6.60
  11953978,  4008, 2,22:38:14,22:38:25,    11, 43.80, 42.40,  1.40
  11953978,  4008, 1,22:38:41,22:39:47,    66, 41.20, 35.00,  6.20
         0,     0, 1,22:39:56,22:40:01,     5, 35.00, 41.10, -6.10
  21292347,  5120, 2,22:38:34,22:42:51,   257, 42.60, 24.60, 18.00
         0,     0, 2,22:42:59,22:43:18,    19, 24.60, 43.80,-19.20
  13008826,     0,10,22:44:20,22:44:29,     9, 40.20, 40.10,  0.10
  12448432,  6045, 2,22:43:33,22:47:32,   239, 43.90, 30.00, 13.90
         0,     0, 2,22:47:40,22:47:53,    13, 30.00, 43.80,-13.80
  12706701,  7110, 3,22:45:58,22:48:43,   165, 46.00, 33.70, 12.30
         0,     0, 3,22:48:50,22:49:00,    10, 33.70, 33.60,  0.10
  13008742,  7163, 2,22:48:03,22:51:27,   204, 43.80, 29.00, 14.80
         0,     0, 2,22:51:35,22:51:49,    14, 29.00, 43.80,-14.80
  12706669,  7078, 3,22:51:40,22:52:07,    27, 45.90, 41.50,  4.40
         0,     0, 3,22:52:14,22:52:17,     3, 41.50, 46.10, -4.60
  13323388,  9010, 4,22:53:54,22:55:34,   100, 44.00, 32.30, 11.70
         0,     0, 4,22:55:42,22:55:52,    10, 32.30, 43.20,-10.90
  12706714,  7123, 1,22:54:01,22:56:00,   119, 41.20, 32.90,  8.30
         0,     0, 1,22:56:09,22:56:16,     7, 32.90, 41.30, -8.40
  13323352,  8154, 2,22:57:04,22:59:09,   125, 43.90, 40.70,  3.20
         0,     0, 2,22:59:16,22:59:18,     2, 40.70, 43.90, -3.20
  12706622,     0,10,23:01:36,23:04:17,   161, 40.10, 29.60, 10.50
         0,     0,10,23:04:25,23:04:37,    12, 29.60, 41.20,-11.60
  13008839,     0, 9,23:04:36,23:05:35,    59, 41.10, 40.40,  0.70
  13323352,  8154, 1,23:05:20,23:06:35,    75, 41.30, 38.10,  3.20
         0,     0, 1,23:06:43,23:06:45,     2, 38.10, 41.10, -3.00
  12706651,  7060, 2,23:03:30,23:06:51,   201, 44.00, 29.40, 14.60
         0,     0, 2,23:06:59,23:07:12,    13, 29.40, 43.80,-14.40
  13323352,  8154, 2,23:07:36,23:08:20,    44, 43.80, 41.80,  2.00
         0,     0, 2,23:08:28,23:08:28,     0, 41.80, 43.70, -1.90
  12706706,  7115, 2,23:08:39,23:09:48,    69, 43.60, 32.00, 11.60
         0,     0, 2,23:09:56,23:10:07,    11, 32.00, 43.70,-11.70
  13008905,  8146, 4,23:33:06,23:34:32,    86, 43.30, 39.00,  4.30
         0,     0, 4,23:34:40,23:34:44,     4, 39.00, 43.30, -4.30
  12448479,  6092, 2,23:35:01,23:35:14,    13, 43.50, 43.00,  0.50
  12448479,  6092, 1,23:35:39,23:36:50,    71, 41.20, 35.50,  5.70
  13323352,  8154, 2,23:35:34,23:36:50,    76, 43.10, 40.20,  2.90
         0,     0, 2,23:36:58,23:37:01,     3, 40.20, 43.80, -3.60
         0,     0, 1,23:36:57,23:37:02,     5, 35.50, 41.30, -5.80
  13008842,  8083, 2,23:37:23,23:38:37,    74, 44.00, 43.90,  0.10
  13008905,  8146, 4,23:37:12,23:40:05,   173, 43.40, 40.10,  3.30
         0,     0, 4,23:40:13,23:40:16,     3, 40.10, 43.30, -3.20
  12448434,     0, 6,21:57:09,23:44:24,  6435, 41.00, 34.90,  6.10
         0,     0, 1,23:44:38,23:44:48,    10, 41.40, 41.40,  0.00
         0,     0, 2,23:44:38,23:44:48,    10, 43.80, 43.80,  0.00
         0,     0, 3,23:44:38,23:44:48,    10, 45.90, 45.90,  0.00
         0,     0, 4,23:44:38,23:44:48,    10, 43.60, 43.60,  0.00
         0,     0, 5,23:44:38,23:44:48,    10, 40.70, 40.70,  0.00
         0,     0, 7,23:44:38,23:44:48,    10, 41.20, 41.20,  0.00
         0,     0, 8,23:44:38,23:44:48,    10, 40.90, 40.90,  0.00
         0,     0, 9,23:44:38,23:44:48,    10, 40.40, 40.40,  0.00
         0,     0,10,23:44:38,23:44:48,    10, 41.10, 41.10,  0.00
         0,     0, 6,23:44:32,23:44:37,     5, 34.90, 41.40, -6.50
