         0,     0, 5, 0:03:21, 0:03:31,    10, 40.80, 40.80,  0.00
         0,     0, 7, 0:03:21, 0:03:31,    10, 41.50, 41.50,  0.00
         0,     0, 8, 0:03:21, 0:03:31,    10, 38.80, 38.80,  0.00
         0,     0, 9, 0:03:21, 0:03:31,    10, 23.10, 23.10,  0.00
         0,     0,10, 0:03:21, 0:03:31,    10, 40.80, 40.80,  0.00
         0,     0, 1, 0:03:21, 0:03:31,    10, 40.90, 40.90,  0.00
         0,     0, 2, 0:03:21, 0:03:31,    10, 43.50, 43.50,  0.00
         0,     0, 3, 0:03:21, 0:03:31,    10, 46.20, 46.20,  0.00
         0,     0, 4, 0:03:21, 0:03:31,    10, 42.90, 42.90,  0.00
         0,     0, 6, 0:03:21, 0:03:31,    10, 41.40, 41.40,  0.00
  13323461,     0, 8, 0:05:08, 0:05:50,    42, 38.80, 38.70,  0.10
         0,     0, 8, 0:05:59, 0:06:01,     2, 38.70, 41.10, -2.40
  12448442,  6055, 7, 0:06:04, 0:11:18,   314, 41.50, 32.10,  9.40
         0,     0, 7, 0:11:26, 0:11:31,     5, 32.10, 32.20, -0.10
  12706705,  7114, 3, 0:11:21, 0:13:41,   140, 46.40, 35.90, 10.50
         0,     0, 3, 0:13:49, 0:13:57,     8, 35.90, 35.90,  0.00
  11953978,  4008, 2, 0:09:47, 0:13:53,   246, 43.40, 30.30, 13.10
  13008835,     0, 9, 0:13:41, 0:14:06,    25, 23.10, 23.00,  0.10
         0,     0, 2, 0:14:02, 0:14:15,    13, 30.30, 43.70,-13.40
         0,     0, 9, 0:14:15, 0:14:38,    23, 23.00, 41.10,-18.10
  12706637,  7046, 4, 0:14:12, 0:14:54,    42, 43.70, 40.30,  3.40
         0,     0, 4, 0:15:02, 0:15:04,     2, 40.30, 43.40, -3.10
  12448474,  6087, 3, 0:14:07, 0:15:35,    88, 35.90, 27.80,  8.10
  12706637,  7046, 4, 0:15:15, 0:15:41,    26, 43.40, 37.80,  5.60
         0,     0, 4, 0:15:49, 0:15:54,     5, 37.80, 43.20, -5.40
         0,     0, 3, 0:15:43, 0:15:58,    15, 27.80, 27.80,  0.00
  12706637,  7046, 4, 0:16:05, 0:16:41,    36, 43.20, 36.70,  6.50
         0,     0, 4, 0:16:49, 0:16:55,     6, 36.70, 43.40, -6.70
  12706705,  7114, 3, 0:16:21, 0:17:45,    84, 46.50, 40.90,  5.60
         0,     0, 3, 0:17:54, 0:17:58,     4, 40.90, 40.90,  0.00
  12448416,  6029, 3, 0:20:35, 0:21:06,    31, 46.40, 46.30,  0.10
  12448416,  6029, 4, 0:21:12, 0:23:28,   136, 43.70, 24.30, 19.40
  12448448,  6061, 3, 0:21:28, 0:23:49,   141, 46.60, 46.10,  0.50
         0,     0, 4, 0:23:36, 0:23:54,    18, 24.30, 43.20,-18.90
  12448448,  6061, 4, 0:24:04, 0:25:38,    94, 43.90, 43.60,  0.30
  12448448,  6061, 3, 0:25:44, 0:30:12,   268, 46.20, 23.90, 22.30
         0,     0, 3, 0:30:19, 0:30:37,    18, 23.90, 23.80,  0.10
  12448412,  6025, 1, 0:27:15, 0:37:50,   635, 40.90, 11.40, 29.50
         0,     0, 1, 0:37:58, 0:38:26,    28, 11.40, 41.30,-29.90
  12706655,  7064, 5, 0:38:31, 0:40:50,   139, 40.80, 28.00, 12.80
         0,     0, 5, 0:40:58, 0:41:10,    12, 28.00, 41.10,-13.10
  13008797,     0, 9, 0:37:50, 0:41:17,   207, 41.10, 36.80,  4.30
  12200042,  5096, 1, 0:39:18, 0:41:28,   130, 41.20, 29.90, 11.30
         0,     0, 9, 0:41:26, 0:41:31,     5, 36.80, 41.10, -4.30
         0,     0, 1, 0:41:35, 0:41:45,    10, 29.90, 41.30,-11.40
  12448454,  6067, 1, 0:48:35, 0:48:39,     4, 41.30, 41.30,  0.00
  12448454,  6067, 2, 0:48:43, 0:52:14,   211, 43.70, 28.80, 14.90
         0,     0, 2, 0:52:22, 0:52:37,    15, 28.80, 43.80,-15.00
  13008768,     0, 9, 0:52:46, 0:52:52,     6, 41.10, 41.10,  0.00
  13008768,     0, 9, 0:53:03, 0:54:08,    65, 41.10, 39.70,  1.40
         0,     0, 9, 0:54:16, 0:54:17,     1, 39.70, 41.00, -1.30
  13008768,     0,10, 0:57:23, 0:57:33,    10, 40.60, 40.60,  0.00
  12448479,  6092, 2, 0:57:44, 0:57:51,     7, 43.80, 43.80,  0.00
  12448479,  6092, 1, 0:57:56, 0:58:03,     7, 41.30, 41.30,  0.00
  12706622,     0, 9, 0:54:39, 0:58:21,   222, 41.00, 35.40,  5.60
         0,     0, 9, 0:58:28, 0:58:35,     7, 35.40, 41.10, -5.70
  12200010,  5064, 5, 0:59:24, 1:00:28,    64, 41.00, 34.20,  6.80
         0,     0, 5, 1:00:35, 1:00:41,     6, 34.20, 40.90, -6.70
  13008768,     0, 9, 0:58:45, 1:01:29,   164, 41.10, 29.40, 11.70
         0,     0, 9, 1:01:38, 1:01:53,    15, 29.40, 41.10,-11.70
  12448479,  6092, 2, 1:10:07, 1:12:37,   150, 43.70, 30.60, 13.10
         0,     0, 2, 1:12:44, 1:12:57,    13, 30.60, 43.80,-13.20
  12706729,  7138, 4, 1:11:33, 1:15:07,   214, 43.70, 34.30,  9.40
  13008837,     0, 9, 1:15:12, 1:15:16,     4, 41.10, 41.10,  0.00
         0,     0, 4, 1:15:14, 1:15:22,     8, 34.30, 43.20, -8.90
  12448416,  6029, 3, 1:14:02, 1:16:05,   123, 46.10, 42.00,  4.10
         0,     0, 3, 1:16:14, 1:16:17,     3, 42.00, 46.30, -4.30
  13008837,     0, 9, 1:19:33, 1:19:52,    19, 41.10, 41.20, -0.10
  13008837,     0, 9, 1:20:34, 1:21:29,    55, 41.20, 41.10,  0.10
  13323490,     0, 8, 1:21:50, 1:21:56,     6, 41.10, 41.10,  0.00
  13008837,     0, 9, 1:21:39, 1:24:44,   185, 41.10, 29.50, 11.60
         0,     0, 9, 1:24:52, 1:25:07,    15, 29.50, 41.10,-11.60
  12706616,  7025, 4, 1:38:15, 1:39:30,    75, 43.70, 33.00, 10.70
         0,     0, 4, 1:39:38, 1:39:47,     9, 33.00, 43.40,-10.40
  12200064,  5118, 1, 1:46:37, 1:50:29,   232, 41.20, 18.60, 22.60
         0,     0, 1, 1:50:36, 1:50:58,    22, 18.60, 41.20,-22.60
  12199981,  5035, 4, 1:52:57, 1:54:47,   110, 43.30, 30.50, 12.80
         0,     0, 4, 1:54:54, 1:55:06,    12, 30.50, 43.30,-12.80
  12200046,  5100, 1, 1:55:04, 1:57:28,   144, 41.20, 26.60, 14.60
         0,     0, 1, 1:57:36, 1:57:50,    14, 26.60, 41.30,-14.70
  11954027,  4057, 1, 2:03:19, 2:04:29,    70, 41.20, 31.30,  9.90
         0,     0, 1, 2:04:37, 2:04:46,     9, 31.30, 41.30,-10.00
  12706719,  7128, 5, 2:01:33, 2:04:47,   194, 40.90, 27.30, 13.60
         0,     0, 5, 2:04:54, 2:05:07,    13, 27.30, 41.00,-13.70
  11954027,  4057, 2, 2:05:23, 2:06:06,    43, 43.60, 32.50, 11.10
         0,     0, 2, 2:06:13, 2:06:24,    11, 32.50, 43.80,-11.30
  12706707,  7116, 4, 2:08:59, 2:09:42,    43, 43.20, 37.60,  5.60
         0,     0, 4, 2:09:49, 2:09:54,     5, 37.60, 43.40, -5.80
  12706707,  7116, 4, 2:10:44, 2:11:17,    33, 43.60, 38.30,  5.30
         0,     0, 4, 2:11:24, 2:11:28,     4, 38.30, 43.20, -4.90
  13008742,  7163, 2, 2:11:28, 2:15:17,   229, 43.70, 24.80, 18.90
         0,     0, 2, 2:15:26, 2:15:45,    19, 24.80, 43.90,-19.10
  12706651,  7060, 3, 2:22:08, 2:25:51,   223, 46.20, 31.90, 14.30
         0,     0, 3, 2:25:59, 2:26:10,    11, 31.90, 31.90,  0.00
  12448479,  6092, 5, 2:28:39, 2:31:03,   144, 41.00, 30.50, 10.50
         0,     0, 5, 2:31:11, 2:31:21,    10, 30.50, 41.00,-10.50
  12706738,  7147, 5, 2:33:42, 2:37:18,   216, 41.00, 23.10, 17.90
         0,     0, 5, 2:37:26, 2:37:42,    16, 23.10, 40.90,-17.80
  12706700,  7109, 1, 2:41:06, 2:41:54,    48, 41.30, 32.80,  8.50
         0,     0, 1, 2:42:02, 2:42:10,     8, 32.80, 41.20, -8.40
  13008835,     0, 9, 2:39:25, 2:44:50,   325, 41.10, 39.30,  1.80
         0,     0, 9, 2:44:57, 2:44:59,     2, 39.30, 41.10, -1.80
  13008835,     0, 9, 2:45:31, 2:46:06,    35, 40.90, 40.70,  0.20
  11953996,  4026, 1, 2:50:16, 2:53:39,   203, 41.20, 28.70, 12.50
         0,     0, 1, 2:53:48, 2:53:59,    11, 28.70, 41.10,-12.40
  12706710,  7119, 5, 2:54:09, 2:58:13,   244, 40.90, 38.80,  2.10
         0,     0, 5, 2:58:21, 2:58:23,     2, 38.80, 41.10, -2.30
  12706710,  7119, 5, 2:58:33, 2:58:55,    22, 41.10, 40.90,  0.20
  12706710,  7119, 5, 2:59:05, 3:00:55,   110, 40.90, 39.50,  1.40
         0,     0, 5, 3:01:04, 3:01:05,     1, 39.50, 40.90, -1.40
  12448483,  6096, 1, 3:00:03, 3:03:53,   230, 41.10, 13.90, 27.20
         0,     0, 1, 3:04:00, 3:04:26,    26, 13.90, 41.20,-27.30
  12706651,  7060, 2, 3:11:56, 3:14:32,   156, 43.60, 40.50,  3.10
         0,     0, 2, 3:14:40, 3:14:42,     2, 40.50, 43.70, -3.20
  12706639,  7048, 3, 3:15:52, 3:18:17,   145, 46.00, 28.30, 17.70
         0,     0, 3, 3:18:24, 3:18:39,    15, 28.30, 28.30,  0.00
  12706659,  7068, 1, 3:25:45, 3:29:55,   250, 41.20, 18.70, 22.50
         0,     0, 1, 3:30:02, 3:30:23,    21, 18.70, 41.20,-22.50
  12448432,  6045, 5, 3:36:12, 3:39:11,   179, 40.80, 30.10, 10.70
         0,     0, 5, 3:39:18, 3:39:28,    10, 30.10, 40.90,-10.80
  12706727,  7136, 1, 3:46:39, 3:47:38,    59, 41.20, 31.40,  9.80
         0,     0, 1, 3:47:46, 3:47:55,     9, 31.40, 41.30, -9.90
  12448477,  6090, 4, 3:52:14, 3:53:53,    99, 43.50, 37.00,  6.50
         0,     0, 4, 3:54:01, 3:54:06,     5, 37.00, 37.10, -0.10
  12706669,  7078, 2, 4:07:01, 4:08:49,   108, 43.40, 26.20, 17.20
         0,     0, 2, 4:08:57, 4:09:14,    17, 26.20, 43.70,-17.50
  13008732,  7153, 5, 4:07:28, 4:12:22,   294, 40.90, 20.90, 20.00
         0,     0, 5, 4:12:30, 4:12:49,    19, 20.90, 41.00,-20.10
  12706655,  7064, 1, 4:09:53, 4:12:58,   185, 41.30, 26.80, 14.50
         0,     0, 1, 4:13:05, 4:13:18,    13, 26.80, 41.30,-14.50
  12706705,  7114, 2, 4:17:28, 4:17:33,     5, 43.70, 43.70,  0.00
  13008779,     0, 9, 4:20:38, 4:22:00,    82, 40.70, 35.30,  5.40
         0,     0, 9, 4:22:09, 4:22:16,     7, 35.30, 41.10, -5.80
  12706705,  7114, 1, 4:17:36, 4:22:35,   299, 41.20, 23.80, 17.40
  13008779,     0, 9, 4:22:41, 4:22:44,     3, 38.60, 38.60,  0.00
         0,     0, 9, 4:22:51, 4:22:54,     3, 38.60, 41.10, -2.50
         0,     0, 1, 4:22:43, 4:23:00,    17, 23.80, 41.20,-17.40
  12706669,  7078, 1, 5:06:59, 5:08:05,    66, 41.20, 37.60,  3.60
         0,     0, 1, 5:08:12, 5:08:15,     3, 37.60, 41.30, -3.70
  12706669,  7078, 2, 5:08:32, 5:08:51,    19, 43.50, 40.20,  3.30
         0,     0, 2, 5:08:58, 5:09:00,     2, 40.20, 43.80, -3.60
  12706710,  7119, 2, 6:02:33, 6:03:00,    27, 43.60, 43.50,  0.10
  12706710,  7119, 2, 6:03:19, 6:06:07,   168, 43.50, 26.80, 16.70
         0,     0, 2, 6:06:14, 6:06:31,    17, 26.80, 43.70,-16.90
  12448454,  6067, 4, 6:13:56, 6:14:32,    36, 44.40, 40.90,  3.50
         0,     0, 4, 6:14:40, 6:14:42,     2, 40.90, 43.30, -2.40
  12448454,  6067, 2, 6:15:26, 6:15:54,    28, 43.70, 40.10,  3.60
         0,     0, 2, 6:16:02, 6:16:04,     2, 40.10, 43.70, -3.60
  12448454,  6067, 2, 6:16:42, 6:16:46,     4, 43.70, 43.70,  0.00
  12706729,  7138, 4, 6:15:12, 6:17:33,   141, 43.30, 32.00, 11.30
         0,     0, 4, 6:17:40, 6:17:50,    10, 32.00, 43.40,-11.40
  12706636,  7045, 5, 6:19:36, 6:21:04,    88, 40.90, 29.80, 11.10
         0,     0, 5, 6:21:11, 6:21:21,    10, 29.80, 40.90,-11.10
  12706738,  7147, 2, 6:21:54, 6:24:55,   181, 43.70, 33.20, 10.50
  12706669,  7078, 3, 6:23:58, 6:25:01,    63, 46.20, 39.70,  6.50
  12448454,  6067, 1, 6:24:07, 6:25:03,    56, 41.30, 38.90,  2.40
         0,     0, 1, 6:25:10, 6:25:11,     1, 38.90, 41.20, -2.30
         0,     0, 3, 6:25:08, 6:25:13,     5, 39.70, 46.60, -6.90
         0,     0, 2, 6:25:03, 6:25:14,    11, 33.20, 43.80,-10.60
  12706701,  7110, 4, 6:23:50, 6:28:13,   263, 43.50, 25.90, 17.60
         0,     0, 4, 6:28:20, 6:28:37,    17, 25.90, 43.80,-17.90
  12199981,  5035, 3, 6:30:17, 6:30:57,    40, 46.50, 45.70,  0.80
  12706707,  7116, 2, 6:31:40, 6:33:58,   138, 43.90, 32.00, 11.90
         0,     0, 2, 6:34:06, 6:34:17,    11, 32.00, 43.90,-11.90
  12448471,  6084, 4, 6:33:08, 6:34:52,   104, 43.70, 32.60, 11.10
  12706707,  7116, 1, 6:34:40, 6:34:59,    19, 41.20, 37.90,  3.30
         0,     0, 1, 6:35:08, 6:35:10,     2, 37.90, 41.20, -3.30
         0,     0, 4, 6:35:00, 6:35:10,    10, 32.60, 43.30,-10.70
  12448416,  6029, 2, 6:35:28, 6:37:03,    95, 44.00, 40.10,  3.90
         0,     0, 2, 6:37:11, 6:37:13,     2, 40.10, 43.80, -3.70
  12448416,  6029, 2, 6:37:23, 6:38:52,    89, 43.70, 34.20,  9.50
  12706616,  7025, 1, 6:37:03, 6:39:04,   121, 41.20, 26.30, 14.90
         0,     0, 2, 6:39:01, 6:39:10,     9, 34.20, 43.70, -9.50
         0,     0, 1, 6:39:12, 6:39:26,    14, 26.30, 41.20,-14.90
  12448432,  6045, 2, 6:39:20, 6:41:45,   145, 43.70, 43.30,  0.40
  21268104,  6062, 1, 6:40:34, 6:41:51,    77, 41.20, 35.90,  5.30
         0,     0, 1, 6:42:00, 6:42:04,     4, 35.90, 41.20, -5.30
  12706706,  7115, 1, 6:42:14, 6:42:40,    26, 41.20, 41.20,  0.00
  21268104,  6062, 2, 6:42:13, 6:42:44,    31, 43.20, 40.80,  2.40
         0,     0, 2, 6:42:52, 6:42:54,     2, 40.80, 43.80, -3.00
  21268825,  6068, 2, 6:43:15, 6:43:19,     4, 43.80, 43.70,  0.10
  21268825,  6068, 1, 6:43:34, 6:43:38,     4, 41.20, 41.20,  0.00
  12706637,  7046, 4, 6:43:14, 6:46:12,   178, 43.20, 31.00, 12.20
  11953996,  4026, 2, 6:43:53, 6:46:23,   150, 43.70, 27.20, 16.50
         0,     0, 4, 6:46:19, 6:46:30,    11, 31.00, 44.10,-13.10
         0,     0, 2, 6:46:31, 6:46:47,    16, 27.20, 43.80,-16.60
  21268825,  6068, 1, 6:43:48, 6:47:07,   199, 41.20, 25.10, 16.10
         0,     0, 1, 6:47:15, 6:47:30,    15, 25.10, 41.30,-16.20
  13008842,  8083, 4, 6:46:57, 6:50:30,   213, 43.40, 26.80, 16.60
  12448432,  6045, 5, 6:47:44, 6:50:32,   168, 40.70, 27.80, 12.90
         0,     0, 5, 6:50:39, 6:50:51,    12, 27.80, 40.80,-13.00
         0,     0, 4, 6:50:37, 6:50:53,    16, 26.80, 43.30,-16.50
  11954014,  4044, 3, 6:51:42, 6:52:46,    64, 45.70, 24.70, 21.00
         0,     0, 3, 6:52:55, 6:53:15,    20, 24.70, 24.50,  0.20
  13008742,  7163, 2, 6:50:51, 6:54:31,   220, 43.90, 27.10, 16.80
         0,     0, 2, 6:54:39, 6:54:58,    19, 27.10, 43.70,-16.60
  12448451,  6064, 2, 6:55:28, 6:56:36,    68, 43.90, 44.00, -0.10
  12706706,  7115, 4, 6:55:24, 6:56:51,    87, 43.60, 25.20, 18.40
         0,     0, 4, 6:56:59, 6:57:16,    17, 25.20, 43.30,-18.10
  12706651,  7060, 4, 6:57:31, 6:59:39,   128, 43.20, 29.80, 13.40
         0,     0, 4, 6:59:47, 7:00:00,    13, 29.80, 43.30,-13.50
  12448451,  6064, 2, 6:56:47, 7:01:02,   255, 43.80, 15.70, 28.10
         0,     0, 2, 7:01:09, 7:01:38,    29, 15.70, 43.80,-28.10
  21268104,  6062, 4, 7:01:15, 7:03:05,   110, 43.30, 33.80,  9.50
         0,     0, 4, 7:03:12, 7:03:21,     9, 33.80, 43.30, -9.50
  12706707,  7116, 1, 7:09:01, 7:09:21,    20, 41.30, 39.50,  1.80
         0,     0, 1, 7:09:30, 7:09:31,     1, 39.50, 41.20, -1.70
  12706707,  7116, 2, 7:09:38, 7:10:20,    42, 43.90, 38.10,  5.80
         0,     0, 2, 7:10:29, 7:10:34,     5, 38.10, 43.80, -5.70
  12706710,  7119, 4, 7:09:30, 7:12:32,   182, 43.30, 42.10,  1.20
  12706710,  7119, 4, 7:12:52, 7:15:03,   131, 42.20, 33.40,  8.80
         0,     0, 4, 7:15:11, 7:15:20,     9, 33.40, 43.40,-10.00
  12448432,  6045, 1, 7:18:16, 7:18:40,    24, 41.20, 40.80,  0.40
  12448432,  6045, 2, 7:18:52, 7:19:57,    65, 43.80, 36.00,  7.80
         0,     0, 2, 7:20:05, 7:20:12,     7, 36.00, 43.80, -7.80
  11954014,  4044, 3, 7:27:30, 7:28:36,    66, 46.30, 34.40, 11.90
         0,     0, 3, 7:28:43, 7:28:53,    10, 34.40, 34.40,  0.00
  12706706,  7115, 4, 7:28:59, 7:29:47,    48, 43.40, 29.70, 13.70
         0,     0, 4, 7:29:54, 7:30:07,    13, 29.70, 43.30,-13.60
  21268104,  6062, 1, 7:30:15, 7:31:31,    76, 40.80, 34.20,  6.60
         0,     0, 1, 7:31:38, 7:31:44,     6, 34.20, 41.20, -7.00
  21268104,  6062, 1, 7:31:54, 7:32:20,    26, 41.20, 38.00,  3.20
         0,     0, 1, 7:32:28, 7:32:30,     2, 38.00, 41.30, -3.30
  11954050,  4080, 2, 7:37:17, 7:37:35,    18, 43.70, 43.40,  0.30
  11954050,  4080, 2, 7:38:41, 7:39:41,    60, 43.40, 40.90,  2.50
         0,     0, 2, 7:39:49, 7:39:51,     2, 40.90, 43.90, -3.00
  12200042,  5096, 1, 7:38:18, 7:40:29,   131, 41.30, 26.70, 14.60
         0,     0, 1, 7:40:37, 7:40:50,    13, 26.70, 41.30,-14.60
  11954050,  4080, 2, 7:40:01, 7:40:59,    58, 43.80, 31.50, 12.30
         0,     0, 2, 7:41:07, 7:41:19,    12, 31.50, 43.90,-12.40
  12706624,  7033, 9, 7:43:30, 7:43:42,    12, 41.10, 41.10,  0.00
  11499202,     0, 9, 7:49:50, 7:50:17,    27, 41.10, 40.30,  0.80
  11499202,     0, 9, 7:50:38, 7:50:46,     8, 38.30, 38.30,  0.00
         0,     0, 9, 7:50:54, 7:50:57,     3, 38.30, 41.10, -2.80
  12448479,  6092, 3, 7:54:30, 7:55:33,    63, 46.60, 46.40,  0.20
  12448479,  6092, 4, 7:55:49, 7:59:05,   196, 43.70, 25.70, 18.00
  12706651,  7060, 3, 7:58:13, 7:59:10,    57, 46.30, 43.20,  3.10
         0,     0, 3, 7:59:18, 7:59:20,     2, 43.20, 46.20, -3.00
         0,     0, 4, 7:59:13, 7:59:30,    17, 25.70, 43.30,-17.60
  12706719,  7128, 1, 8:06:56, 8:10:52,   236, 41.30, 26.80, 14.50
         0,     0, 1, 8:11:00, 8:11:13,    13, 26.80, 41.20,-14.40
  12706622,     0, 9, 8:16:39, 8:16:45,     6, 41.10, 41.00,  0.10
  12706622,     0, 9, 8:16:59, 8:19:36,   157, 41.00, 35.70,  5.30
         0,     0, 9, 8:19:45, 8:19:52,     7, 35.70, 41.10, -5.40
  12706622,     0, 9, 8:20:04, 8:20:36,    32, 41.10, 39.30,  1.80
         0,     0, 9, 8:20:45, 8:20:47,     2, 39.30, 41.10, -1.80
  12448412,  6025, 1, 8:28:07, 8:28:32,    25, 41.20, 41.10,  0.10
  11953978,  4008, 2, 8:28:45, 8:29:30,    45, 43.70, 41.40,  2.30
         0,     0, 2, 8:29:37, 8:29:38,     1, 41.40, 43.50, -2.10
  11953978,  4008, 1, 8:29:57, 8:32:16,   139, 41.10, 24.80, 16.30
         0,     0, 1, 8:32:24, 8:32:40,    16, 24.80, 41.20,-16.40
  12448412,  6025, 1, 8:34:13, 8:34:39,    26, 41.20, 41.10,  0.10
  12448412,  6025, 4, 8:42:24, 8:42:36,    12, 44.50, 43.70,  0.80
  12448483,  6096, 5, 8:43:31, 8:44:06,    35, 40.90, 40.00,  0.90
  12448454,  6067, 2, 8:45:02, 8:47:07,   125, 43.30, 30.00, 13.30
  12706636,  7045, 1, 8:45:50, 8:47:11,    81, 41.10, 26.20, 14.90
         0,     0, 2, 8:47:15, 8:47:29,    14, 30.00, 43.70,-13.70
         0,     0, 1, 8:47:19, 8:47:34,    15, 26.20, 41.30,-15.10
  21304388,  6125, 1, 8:50:26, 8:50:37,    11, 41.30, 41.30,  0.00
  13323461,     0, 8, 8:50:30, 8:50:36,     6, 40.80, 40.80,  0.00
  12448412,  6025, 5, 8:44:25, 8:51:26,   421, 40.00, 17.80, 22.20
         0,     0, 5, 8:51:34, 8:51:56,    22, 17.80, 40.90,-23.10
  13323461,     0, 8, 8:52:18, 8:52:19,     1, 25.20, 25.20,  0.00
  21304388,  6125, 2, 8:50:54, 8:52:41,   107, 43.90, 43.70,  0.20
         0,     0, 8, 8:52:27, 8:52:43,    16, 25.20, 41.10,-15.90
  12448479,  6092, 4, 8:55:12, 8:55:17,     5, 43.80, 43.80,  0.00
  21304388,  6125, 2, 8:52:50, 8:55:59,   189, 43.70, 13.80, 29.90
         0,     0, 2, 8:56:07, 8:56:38,    31, 13.80, 43.80,-30.00
  12448479,  6092, 3, 8:55:28, 8:57:00,    92, 46.60, 41.40,  5.20
         0,     0, 3, 8:57:08, 8:57:12,     4, 41.40, 46.40, -5.00
  12448479,  6092, 3, 8:57:24, 8:58:13,    49, 46.40, 33.70, 12.70
         0,     0, 3, 8:58:21, 8:58:31,    10, 33.70, 33.50,  0.20
  12706719,  7128, 5, 8:55:54, 8:58:37,   163, 40.90, 28.80, 12.10
         0,     0, 5, 8:58:45, 8:58:56,    11, 28.80, 28.90, -0.10
  12448483,  6096, 1, 8:57:24, 8:59:43,   139, 41.30, 14.00, 27.30
  12706624,  7033, 9, 8:57:53, 9:00:04,   131, 41.10, 38.40,  2.70
         0,     0, 9, 9:00:12, 9:00:15,     3, 38.40, 41.00, -2.60
         0,     0, 1, 8:59:50, 9:00:16,    26, 14.00, 41.40,-27.40
  12448473,  6086, 2, 9:05:49, 9:07:57,   128, 43.90, 27.50, 16.40
         0,     0, 2, 9:08:04, 9:08:20,    16, 27.50, 43.80,-16.30
  12706727,  7136, 4, 9:09:48, 9:09:55,     7, 44.00, 43.70,  0.30
  12706700,  7109, 1, 9:09:33, 9:10:02,    29, 41.30, 41.30,  0.00
  11724181,     0, 8, 9:10:36, 9:10:54,    18, 27.80, 27.90, -0.10
         0,     0, 8, 9:11:01, 9:11:14,    13, 27.90, 41.10,-13.20
  12706727,  7136, 3, 9:10:12, 9:11:25,    73, 46.60, 33.20, 13.40
         0,     0, 3, 9:11:33, 9:11:44,    11, 33.20, 46.50,-13.30
  12706700,  7109, 2, 9:10:08, 9:12:03,   115, 43.70, 30.70, 13.00
         0,     0, 2, 9:12:10, 9:12:23,    13, 30.70, 43.70,-13.00
  11954027,  4057, 1, 9:13:22, 9:14:45,    83, 41.30, 31.20, 10.10
         0,     0, 1, 9:14:53, 9:15:02,     9, 31.20, 41.10, -9.90
  21268104,  6062, 4, 9:12:32, 9:15:19,   167, 43.90, 32.60, 11.30
         0,     0, 4, 9:15:28, 9:15:38,    10, 32.60, 43.40,-10.80
  11954027,  4057, 2, 9:15:46, 9:16:32,    46, 43.90, 30.60, 13.30
         0,     0, 2, 9:16:39, 9:16:52,    13, 30.60, 43.80,-13.20
  11499202,     0, 9, 9:23:28, 9:25:47,   139, 41.00, 34.10,  6.90
  12200048,     0, 8, 9:25:30, 9:25:58,    28, 41.20, 41.10,  0.10
         0,     0, 9, 9:25:55, 9:26:04,     9, 34.10, 41.10, -7.00
  11499202,     0, 9, 9:26:17, 9:26:59,    42, 40.80, 38.40,  2.40
         0,     0, 9, 9:27:06, 9:27:09,     3, 38.40, 41.10, -2.70
  12448477,  6090, 2, 9:27:57, 9:30:12,   135, 43.70, 31.40, 12.30
  13008866,     0, 8, 9:29:52, 9:30:13,    21, 40.90, 40.70,  0.20
  12706636,  7045, 4, 9:28:41, 9:30:26,   105, 43.60, 34.80,  8.80
         0,     0, 2, 9:30:19, 9:30:31,    12, 31.40, 43.70,-12.30
         0,     0, 4, 9:30:33, 9:30:41,     8, 34.80, 43.40, -8.60
  13008866,     0, 8, 9:30:29, 9:30:38,     9, 40.60, 40.40,  0.20
  12448454,  6067, 5, 9:28:14, 9:31:00,   166, 40.90, 37.10,  3.80
         0,     0, 5, 9:31:08, 9:31:11,     3, 37.10, 40.90, -3.80
  13008866,     0, 8, 9:31:10, 9:31:20,    10, 40.30, 40.20,  0.10
  12448474,  6087, 3, 9:29:23, 9:32:26,   183, 46.50, 26.30, 20.20
         0,     0, 3, 9:32:35, 9:32:52,    17, 26.30, 26.30,  0.00
  13008866,     0, 8, 9:33:18, 9:36:11,   173, 39.70, 39.00,  0.70
         0,     0, 8, 9:36:18, 9:36:20,     2, 39.00, 41.10, -2.10
  13323462,     0, 8, 9:37:08, 9:37:19,    11, 41.10, 41.10,  0.00
  12200010,  5064, 5, 9:35:41, 9:38:00,   139, 40.80, 23.40, 17.40
         0,     0, 5, 9:38:07, 9:38:24,    17, 23.40, 40.90,-17.50
  13008815,     0, 9, 9:38:43, 9:40:11,    88, 41.10, 33.20,  7.90
         0,     0, 9, 9:40:19, 9:40:29,    10, 33.20, 41.00, -7.80
  12448448,  6061, 1, 9:41:19, 9:41:36,    17, 41.10, 41.10,  0.00
  12706738,  7147, 2, 9:39:58, 9:41:43,   105, 43.90, 40.00,  3.90
         0,     0, 2, 9:41:51, 9:41:53,     2, 40.00, 43.80, -3.80
  13008815,     0, 9, 9:40:46, 9:42:14,    88, 41.00, 34.90,  6.10
         0,     0, 9, 9:42:22, 9:42:30,     8, 34.90, 41.10, -6.20
  12706738,  7147, 1, 9:42:02, 9:44:49,   167, 41.10, 24.20, 16.90
  12448448,  6061, 2, 9:42:04, 9:45:02,   178, 43.80, 43.10,  0.70
         0,     0, 1, 9:44:57, 9:45:13,    16, 24.20, 41.20,-17.00
  13008815,     0,10, 9:45:16, 9:45:34,    18, 39.50, 39.50,  0.00
         0,     0,10, 9:45:42, 9:45:43,     1, 39.50, 41.10, -1.60
  12448412,  6025, 1, 9:45:46, 9:46:03,    17, 41.20, 41.20,  0.00
  12706637,  7046, 4, 9:45:01, 9:46:03,    62, 43.40, 41.10,  2.30
         0,     0, 4, 9:46:12, 9:46:14,     2, 41.10, 43.30, -2.20
  21292480,     0, 6, 8:45:57, 9:47:18,  3681, 39.20,  8.80, 30.40
         0,     0, 6, 9:47:26, 9:47:58,    32,  8.80, 41.50,-32.70
  12199981,  5035, 5, 9:45:57, 9:47:57,   120, 40.90, 23.40, 17.50
  12448448,  6061, 4, 9:46:32, 9:48:12,   100, 43.40, 43.40,  0.00
  12706637,  7046, 3, 9:46:18, 9:48:14,   116, 46.20, 28.10, 18.10
         0,     0, 5, 9:48:05, 9:48:22,    17, 23.40, 40.80,-17.40
         0,     0, 3, 9:48:22, 9:48:37,    15, 28.10, 28.40, -0.30
  12448448,  6061, 3, 9:48:48, 9:48:56,     8, 46.20, 46.20,  0.00
  13008797,     0, 9, 9:47:04, 9:49:03,   119, 41.10, 40.10,  1.00
  12448448,  6061, 4, 9:49:01, 9:49:43,    42, 43.40, 43.30,  0.10
  13008797,     0, 9, 9:50:39, 9:50:41,     2, 34.20, 34.20,  0.00
         0,     0, 9, 9:50:48, 9:50:56,     8, 34.20, 41.10, -6.90
  12448448,  6061, 4, 9:49:58, 9:51:03,    65, 43.00, 43.30, -0.30
  12448428,  6041, 3, 9:50:29, 9:51:09,    40, 46.20, 39.40,  6.80
         0,     0, 3, 9:51:17, 9:51:22,     5, 39.40, 39.40,  0.00
  12448428,  6041, 4, 9:51:49, 9:52:01,    12, 43.30, 43.30,  0.00
  12448428,  6041, 4, 9:52:35, 9:52:36,     1, 43.30, 43.20,  0.10
  12448448,  6061, 3, 9:51:45, 9:52:49,    64, 46.00, 45.90,  0.10
  12706624,  7033, 9, 9:54:37, 9:54:43,     6, 41.10, 41.00,  0.10
  12706624,  7033, 9, 9:54:54, 9:55:37,    43, 41.00, 40.80,  0.20
  12448428,  6041, 3, 9:56:01, 9:56:02,     1, 45.90, 45.50,  0.40
  12706727,  7136, 1, 9:55:58, 9:57:20,    82, 41.20, 26.40, 14.80
  12706655,  7064, 2, 9:54:34, 9:57:30,   176, 43.00, 23.50, 19.50
         0,     0, 1, 9:57:28, 9:57:42,    14, 26.40, 41.20,-14.80
         0,     0, 2, 9:57:38, 9:57:59,    21, 23.50, 43.80,-20.30
  12448448,  6061, 4, 9:52:56, 9:58:23,   327, 43.70, 20.30, 23.40
         0,     0, 4, 9:58:31, 9:58:53,    22, 20.30, 43.30,-23.00
  12706729,  7138, 5, 9:59:08, 9:59:13,     5, 40.80, 40.80,  0.00
  12448428,  6041, 4, 9:59:18,10:00:03,    45, 43.40, 33.30, 10.10
  12706667,     0, 8,10:00:09,10:00:16,     7, 41.10, 41.10,  0.00
         0,     0, 4,10:00:12,10:00:21,     9, 33.30, 43.40,-10.10
  12706700,  7109, 1, 9:59:40,10:00:27,    47, 41.20, 31.40,  9.80
         0,     0, 1,10:00:36,10:00:45,     9, 31.40, 41.20, -9.80
  12706667,     0, 8,10:00:37,10:00:55,    18, 41.00, 41.00,  0.00
  12706667,     0, 8,10:01:10,10:01:53,    43, 41.00, 36.70,  4.30
         0,     0, 8,10:02:02,10:02:06,     4, 36.70, 40.40, -3.70
  12706667,     0, 8,10:02:32,10:02:34,     2, 35.30, 35.30,  0.00
         0,     0, 8,10:02:42,10:02:48,     6, 35.30, 39.50, -4.20
  12706667,     0, 8,10:02:58,10:02:59,     1, 38.70, 38.70,  0.00
         0,     0, 8,10:03:07,10:03:09,     2, 38.70, 41.20, -2.50
  12706729,  7138, 5,10:01:42,10:04:07,   145, 40.90, 40.70,  0.20
  12706729,  7138, 2,10:06:31,10:10:17,   226, 44.00, 26.60, 17.40
  12200048,     0, 7, 9:02:38,10:10:24,  4066, 41.40, 39.60,  1.80
         0,     0, 7,10:10:33,10:10:34,     1, 39.60, 41.30, -1.70
  13323462,     0, 8,10:10:00,10:10:37,    37, 41.20, 37.80,  3.40
         0,     0, 2,10:10:25,10:10:42,    17, 26.60, 43.70,-17.10
         0,     0, 8,10:10:45,10:10:48,     3, 37.80, 41.10, -3.30
  11499202,     0, 9,10:09:21,10:11:18,   117, 40.80, 36.10,  4.70
         0,     0, 9,10:11:25,10:11:31,     6, 36.10, 41.10, -5.00
  13323471,     0, 7,10:11:07,10:12:46,    99, 41.30, 40.10,  1.20
  13323420,     0, 9,10:13:31,10:13:36,     5, 40.80, 40.40,  0.40
  13323420,     0, 9,10:13:57,10:13:59,     2, 39.40, 39.50, -0.10
         0,     0, 9,10:14:07,10:14:08,     1, 39.50, 41.10, -1.60
         0,     0, 9,10:14:54,10:14:56,     2, 38.70, 40.90, -2.20
  13323420,     0, 9,10:15:37,10:15:46,     9, 40.40, 38.50,  1.90
         0,     0, 9,10:15:54,10:15:57,     3, 38.50, 41.10, -2.60
  12200010,  5064, 1,10:16:58,10:18:44,   106, 41.20, 25.90, 15.30
         0,     0, 1,10:18:53,10:19:07,    14, 25.90, 41.20,-15.30
  11954027,  4057, 2,10:24:58,10:26:09,    71, 43.70, 41.40,  2.30
         0,     0, 2,10:26:17,10:26:18,     1, 41.40, 43.80, -2.40
  13008816,     0, 8,10:27:14,10:27:17,     3, 31.90, 31.90,  0.00
         0,     0, 8,10:27:26,10:27:35,     9, 31.90, 41.10, -9.20
  12448432,  6045, 5,10:22:06,10:27:57,   351, 40.70, 22.70, 18.00
         0,     0, 5,10:28:05,10:28:22,    17, 22.70, 40.90,-18.20
  12448429,     0, 6,10:12:46,10:28:26,   940, 41.50,  7.40, 34.10
  13323490,     0, 7,10:26:52,10:28:42,   110, 40.10, 36.60,  3.50
         0,     0, 7,10:28:50,10:28:53,     3, 36.60, 36.60,  0.00
         0,     0, 6,10:28:34,10:29:07,    33,  7.40, 41.40,-34.00
  13323490,     0, 7,10:29:04,10:29:43,    39, 41.50, 30.70, 10.80
         0,     0, 7,10:29:51,10:29:58,     7, 30.70, 30.90, -0.20
  21292347,  5120, 4,10:25:51,10:30:26,   275, 43.80, 20.50, 23.30
         0,     0, 4,10:30:33,10:30:55,    22, 20.50, 43.50,-23.00
  12706659,  7068, 4,10:31:09,10:33:22,   133, 44.40, 36.90,  7.50
         0,     0, 4,10:33:29,10:33:35,     6, 36.90, 43.30, -6.40
  11954027,  4057, 2,10:34:06,10:35:29,    83, 43.70, 32.40, 11.30
         0,     0, 2,10:35:37,10:35:48,    11, 32.40, 43.80,-11.40
  11954027,  4057, 2,10:36:51,10:37:31,    40, 44.00, 41.90,  2.10
         0,     0, 2,10:37:39,10:37:39,     0, 41.90, 43.40, -1.50
  12706659,  7068, 3,10:34:04,10:38:09,   245, 45.80, 25.50, 20.30
         0,     0, 3,10:38:16,10:38:33,    17, 25.50, 25.30,  0.20
  12448416,  6029, 4,10:33:47,10:38:33,   286, 43.30, 28.70, 14.60
         0,     0, 4,10:38:41,10:38:54,    13, 28.70, 43.30,-14.60
  11954027,  4057, 2,10:39:00,10:39:36,    36, 43.50, 41.60,  1.90
         0,     0, 2,10:39:45,10:39:46,     1, 41.60, 43.70, -2.10
  12448428,  6041, 3,10:40:37,10:41:32,    55, 46.20, 33.70, 12.50
  13008858,     0, 7,10:37:30,10:41:44,   254, 41.60, 27.40, 14.20
         0,     0, 3,10:41:39,10:41:49,    10, 33.70, 33.70,  0.00
         0,     0, 7,10:41:52,10:42:01,     9, 27.40, 27.40,  0.00
  12448471,  6084, 2,10:41:31,10:44:15,   164, 43.70, 24.90, 18.80
         0,     0, 2,10:44:23,10:44:42,    19, 24.90, 43.90,-19.00
  12706705,  7114, 1,10:42:17,10:46:39,   262, 41.20, 14.20, 27.00
         0,     0, 1,10:46:47,10:47:12,    25, 14.20, 41.20,-27.00
  12706727,  7136, 3,10:46:15,10:47:25,    70, 46.20, 37.00,  9.20
         0,     0, 3,10:47:32,10:47:39,     7, 37.00, 37.00,  0.00
  13008837,     0, 9,10:48:24,10:48:29,     5, 39.00, 39.00,  0.00
         0,     0, 9,10:48:38,10:48:40,     2, 39.00, 41.10, -2.10
  12706655,  7064, 2,10:49:24,10:54:51,   327, 43.90, 30.00, 13.90
         0,     0, 2,10:54:59,10:55:12,    13, 30.00, 43.90,-13.90
  12199981,  5035, 5,10:57:56,10:58:56,    60, 40.90, 22.10, 18.80
         0,     0, 5,10:59:04,10:59:22,    18, 22.10, 40.90,-18.80
  12706729,  7138, 2,11:00:31,11:01:02,    31, 43.80, 43.80,  0.00
  12706729,  7138, 1,11:01:09,11:04:33,   204, 41.20, 30.80, 10.40
  21268825,  6068, 2,11:02:27,11:04:37,   130, 43.80, 43.40,  0.40
  12706639,  7048, 4,11:00:46,11:04:39,   233, 43.70, 20.40, 23.30
         0,     0, 1,11:04:40,11:04:50,    10, 30.80, 41.20,-10.40
  13008795,     0, 6,10:29:24,11:05:00,  2136, 39.60, 39.70, -0.10
         0,     0, 6,11:05:07,11:05:08,     1, 39.70, 41.30, -1.60
         0,     0, 4,11:04:47,11:05:10,    23, 20.40, 21.70, -1.30
  21292347,  5120, 4,11:05:45,11:07:39,   114, 44.40, 35.40,  9.00
         0,     0, 4,11:07:46,11:07:53,     7, 35.40, 43.30, -7.90
  21268825,  6068, 2,11:05:00,11:08:20,   200, 43.40, 23.10, 20.30
         0,     0, 2,11:08:28,11:08:49,    21, 23.10, 43.90,-20.80
  12706624,  7033, 9,11:09:40,11:09:58,    18, 41.10, 41.00,  0.10
  12200046,  5100, 4,11:09:54,11:10:09,    15, 43.40, 43.40,  0.00
  12706624,  7033, 9,11:10:30,11:11:19,    49, 40.80, 38.80,  2.00
  12200046,  5100, 3,11:10:23,11:11:25,    62, 46.60, 34.70, 11.90
         0,     0, 9,11:11:28,11:11:30,     2, 38.80, 41.00, -2.20
         0,     0, 3,11:11:32,11:11:41,     9, 34.70, 34.70,  0.00
  11954014,  4044, 2,11:09:48,11:11:56,   128, 43.90, 25.90, 18.00
  12706624,  7033, 9,11:11:55,11:11:58,     3, 39.50, 39.50,  0.00
         0,     0, 9,11:12:07,11:12:08,     1, 39.50, 41.00, -1.50
         0,     0, 2,11:12:04,11:12:22,    18, 25.90, 43.90,-18.00
  12448412,  6025, 1,11:05:33,11:13:28,   475, 41.10,  8.90, 32.20
         0,     0, 1,11:13:37,11:14:08,    31,  8.90, 41.20,-32.30
  13008790,     0, 6,11:05:33,11:16:29,   656, 41.30, 11.10, 30.20
         0,     0, 6,11:16:36,11:17:05,    29, 11.10, 41.50,-30.40
  13008848,     0, 9,11:18:48,11:18:52,     4, 41.00, 41.00,  0.00
  12706646,     0, 8,11:18:52,11:18:54,     2, 34.40, 34.40,  0.00
         0,     0, 8,11:19:02,11:19:08,     6, 34.40, 41.10, -6.70
  13008837,     0,10,11:19:54,11:19:58,     4, 40.80, 40.80,  0.00
  12448448,  6061, 4,11:20:07,11:20:28,    21, 43.40, 43.50, -0.10
  13323456,     0, 7,11:11:40,11:21:10,   570, 41.50, 41.60, -0.10
  13008827,     0, 8,11:21:36,11:21:37,     1, 41.10, 41.10,  0.00
  12706646,     0, 7,11:21:32,11:21:45,    13, 41.30, 41.30,  0.00
  12706628,     0, 9,11:20:49,11:23:52,   183, 41.00, 32.80,  8.20
         0,     0, 9,11:24:01,11:24:12,    11, 32.80, 41.00, -8.20
  12706628,     0, 9,11:25:06,11:25:31,    25, 40.40, 40.10,  0.30
  12706609,  7018, 7,11:22:34,11:25:33,   179, 41.30, 33.40,  7.90
         0,     0, 7,11:25:41,11:25:46,     5, 33.40, 33.40,  0.00
  12706646,     0, 8,11:25:55,11:25:56,     1, 40.90, 40.90,  0.00
  12706646,     0, 8,11:26:21,11:26:28,     7, 40.90, 40.80,  0.10
  12448432,  6045, 2,11:22:44,11:27:08,   264, 44.00, 34.00, 10.00
         0,     0, 2,11:27:16,11:27:25,     9, 34.00, 44.00,-10.00
  12448448,  6061, 3,11:20:43,11:27:38,   415, 45.60, 24.40, 21.20
         0,     0, 3,11:27:45,11:28:04,    19, 24.40, 46.10,-21.70
  13008779,     0, 9,11:26:04,11:28:14,   130, 40.10, 30.00, 10.10
  12448442,  6055, 8,11:28:25,11:28:29,     4, 39.40, 38.90,  0.50
         0,     0, 9,11:28:22,11:28:36,    14, 30.00, 41.10,-11.10
         0,     0, 8,11:28:38,11:28:40,     2, 38.90, 41.10, -2.20
  13008779,     0, 9,11:29:10,11:29:24,    14, 41.10, 40.40,  0.70
  12448442,  6055, 8,11:28:52,11:29:26,    34, 39.10, 33.50,  5.60
         0,     0, 8,11:29:35,11:29:43,     8, 33.50, 41.20, -7.70
  13008837,     0, 9,11:31:02,11:31:09,     7, 40.40, 40.40,  0.00
  13323456,     0, 7,11:27:21,11:31:35,   254, 41.70, 41.50,  0.20
  12706646,     0, 8,11:32:47,11:33:03,    16, 40.70, 40.50,  0.20
  12448416,  6029, 3,11:30:43,11:33:17,   154, 45.70, 30.60, 15.10
  12706646,     0, 8,11:33:23,11:33:25,     2, 40.30, 40.40, -0.10
         0,     0, 3,11:33:25,11:33:37,    12, 30.60, 30.40,  0.20
  13008837,     0, 9,11:32:54,11:33:44,    50, 40.40, 40.30,  0.10
  13008837,     0, 9,11:33:57,11:34:29,    32, 40.40, 40.40,  0.00
  12706646,     0, 8,11:33:51,11:35:16,    85, 40.20, 24.80, 15.40
         0,     0, 8,11:35:23,11:35:47,    24, 24.80, 40.20,-15.40
  13008837,     0, 9,11:34:47,11:36:15,    88, 40.30, 31.20,  9.10
         0,     0, 9,11:36:22,11:36:35,    13, 31.20, 40.70, -9.50
  13008866,     0, 8,11:36:33,11:37:02,    29, 36.80, 36.60,  0.20
         0,     0, 8,11:37:11,11:37:15,     4, 36.60, 36.70, -0.10
  13008866,     0, 8,11:37:43,11:37:58,    15, 40.80, 40.70,  0.10
  13008866,     0, 8,11:38:12,11:38:20,     8, 40.70, 40.60,  0.10
  12448471,  6084, 5,11:38:13,11:39:34,    81, 40.90, 27.40, 13.50
         0,     0, 5,11:39:41,11:39:54,    13, 27.40, 41.00,-13.60
  12706706,  7115, 1,11:42:11,11:43:58,   107, 41.20, 19.60, 21.60
         0,     0, 1,11:44:05,11:44:25,    20, 19.60, 41.20,-21.60
  12706624,  7033, 9,11:43:59,11:45:59,   120, 40.70, 35.60,  5.10
         0,     0, 9,11:46:07,11:46:14,     7, 35.60, 41.00, -5.40
  12706642,  7051, 8,11:45:50,11:47:39,   109, 40.20, 30.00, 10.20
         0,     0, 8,11:47:47,11:47:58,    11, 30.00, 41.00,-11.00
  12448477,  6090, 2,11:47:39,11:48:50,    71, 44.00, 38.90,  5.10
         0,     0, 2,11:48:57,11:49:01,     4, 38.90, 43.80, -4.90
  13008839,     0, 7,11:31:49,11:50:23,  1114, 41.60, 21.10, 20.50
         0,     0, 7,11:50:31,11:50:44,    13, 21.10, 21.20, -0.10
  13323490,     0, 8,11:51:06,11:51:13,     7, 37.90, 37.90,  0.00
         0,     0, 8,11:51:22,11:51:25,     3, 37.90, 41.00, -3.10
  12706710,  7119, 2,11:52:27,11:55:28,   181, 43.80, 27.10, 16.70
         0,     0, 2,11:55:36,11:55:53,    17, 27.10, 43.80,-16.70
  13008866,     0, 8,12:01:25,12:01:32,     7, 35.70, 35.70,  0.00
         0,     0, 8,12:01:39,12:01:44,     5, 35.70, 41.00, -5.30
  12199987,     0, 8,12:01:54,12:02:29,    35, 40.90, 40.70,  0.20
  12706701,  7110, 4,12:00:44,12:04:16,   212, 43.50, 26.60, 16.90
         0,     0, 4,12:04:24,12:04:40,    16, 26.60, 43.30,-16.70
  12448451,  6064, 5,12:01:35,12:05:34,   239, 40.80, 40.50,  0.30
  21292347,  5120, 2,12:04:47,12:06:02,    75, 43.90, 37.60,  6.30
         0,     0, 2,12:06:10,12:06:16,     6, 37.60, 43.90, -6.30
  12199987,     0, 8,12:02:49,12:06:22,   213, 40.50, 29.30, 11.20
  13008835,     0, 9,12:06:09,12:06:38,    29, 41.00, 41.00,  0.00
         0,     0, 8,12:06:29,12:06:42,    13, 29.30, 41.10,-11.80
  13008835,     0, 9,12:06:49,12:06:52,     3, 40.90, 40.90,  0.00
  12448451,  6064, 5,12:05:47,12:07:00,    73, 40.50, 40.40,  0.10
  13008835,     0, 9,12:07:14,12:07:16,     2, 40.90, 40.90,  0.00
  12448471,  6084, 5,12:07:18,12:07:55,    37, 40.40, 36.90,  3.50
         0,     0, 5,12:08:03,12:08:06,     3, 36.90, 40.90, -4.00
  21292480,     0, 6,11:47:33,12:08:10,  1237, 41.50, 25.60, 15.90
         0,     0, 6,12:08:17,12:08:30,    13, 25.60, 39.70,-14.10
  13008835,     0, 9,12:07:48,12:08:35,    47, 40.80, 40.80,  0.00
  12199987,     0, 8,12:07:04,12:08:35,    91, 41.10, 34.20,  6.90
         0,     0, 8,12:08:43,12:08:50,     7, 34.20, 41.10, -6.90
  13008835,     0, 9,12:09:44,12:09:47,     3, 40.30, 40.40, -0.10
  13008835,     0, 9,12:10:17,12:10:20,     3, 40.20, 40.00,  0.20
  12448473,  6086, 2,12:09:05,12:10:24,    79, 43.90, 35.30,  8.60
         0,     0, 2,12:10:32,12:10:40,     8, 35.30, 43.80, -8.50
  13008835,     0, 9,12:10:33,12:10:38,     5, 39.90, 40.00, -0.10
         0,     0, 9,12:10:46,12:10:46,     0, 40.00, 40.90, -0.90
  13008835,     0, 9,12:11:08,12:11:10,     2, 40.60, 40.70, -0.10
  11954050,  4080, 1,12:11:59,12:13:47,   108, 41.20, 25.70, 15.50
         0,     0, 1,12:13:56,12:14:11,    15, 25.70, 41.20,-15.50
  12706645,     0, 8,12:15:47,12:15:49,     2, 28.80, 28.80,  0.00
         0,     0, 8,12:15:56,12:16:09,    13, 28.80, 41.20,-12.40
  12706645,     0, 8,12:16:19,12:17:40,    81, 41.10, 41.00,  0.10
  11499202,     0, 9,12:17:24,12:18:49,    85, 40.70, 39.50,  1.20
         0,     0, 9,12:18:58,12:18:59,     1, 39.50, 41.00, -1.50
  12706645,     0, 8,12:17:53,12:19:01,    68, 41.00, 39.90,  1.10
         0,     0, 8,12:19:09,12:19:10,     1, 39.90, 40.90, -1.00
  12706645,     0, 8,12:19:20,12:19:22,     2, 40.90, 40.90,  0.00
  12448429,     0, 6,12:08:51,12:20:26,   695, 39.30, 24.80, 14.50
         0,     0, 6,12:20:34,12:20:49,    15, 24.80, 41.40,-16.60
  13008768,     0, 9,12:19:20,12:21:20,   120, 40.90, 28.30, 12.60
         0,     0, 9,12:21:28,12:21:45,    17, 28.30, 41.00,-12.70
  12706645,     0, 8,12:19:56,12:21:56,   120, 38.70, 21.20, 17.50
         0,     0, 8,12:22:05,12:22:25,    20, 21.20, 41.00,-19.80
  12706707,  7116, 1,12:23:17,12:23:28,    11, 41.20, 41.10,  0.10
  12706622,     0, 9,12:23:24,12:23:38,    14, 41.10, 41.00,  0.10
  13008866,     0, 8,12:25:17,12:25:36,    19, 40.30, 40.20,  0.10
  13008816,     0, 7,12:12:41,12:26:13,   812, 41.40, 16.50, 24.90
         0,     0, 7,12:26:21,12:26:37,    16, 16.50, 41.50,-25.00
  12706651,  7060, 1,12:24:37,12:27:08,   151, 41.10, 29.10, 12.00
         0,     0, 1,12:27:16,12:27:27,    11, 29.10, 41.20,-12.10
  12706651,  7060, 1,12:27:37,12:28:14,    37, 41.20, 37.70,  3.50
  13008866,     0, 8,12:27:24,12:28:16,    52, 39.60, 39.40,  0.20
         0,     0, 8,12:28:24,12:28:25,     1, 39.40, 41.10, -1.70
         0,     0, 1,12:28:22,12:28:25,     3, 37.70, 41.20, -3.50
  11724181,     0, 7,12:27:52,12:32:02,   250, 34.30, 31.30,  3.00
         0,     0, 7,12:32:09,12:32:15,     6, 31.30, 31.30,  0.00
  13008866,     0, 8,12:32:12,12:32:13,     1, 39.50, 39.60, -0.10
         0,     0, 8,12:32:21,12:32:22,     1, 39.60, 41.00, -1.40
  12200046,  5100, 4,12:34:10,12:35:03,    53, 43.80, 34.20,  9.60
         0,     0, 4,12:35:11,12:35:19,     8, 34.20, 43.30, -9.10
  11724159,     0, 8,12:35:26,12:35:33,     7, 40.30, 40.30,  0.00
  11724159,     0, 8,12:36:03,12:36:08,     5, 40.30, 40.30,  0.00
  12706707,  7116, 5,12:38:48,12:39:06,    18, 40.80, 38.90,  1.90
         0,     0, 5,12:39:14,12:39:16,     2, 38.90, 41.00, -2.10
  13008866,     0, 8,12:39:00,12:39:33,    33, 39.00, 38.80,  0.20
         0,     0, 8,12:39:41,12:39:43,     2, 38.80, 41.10, -2.30
  13008842,  8083, 1,12:36:10,12:40:06,   236, 41.20, 23.50, 17.70
         0,     0, 1,12:40:13,12:40:30,    17, 23.50, 41.20,-17.70
  12706642,  7051, 8,12:40:05,12:42:08,   123, 40.90, 26.60, 14.30
         0,     0, 8,12:42:15,12:42:30,    15, 26.60, 41.20,-14.60
  13008866,     0, 8,12:46:46,12:46:47,     1, 39.70, 39.70,  0.00
         0,     0, 8,12:46:55,12:46:56,     1, 39.70, 40.90, -1.20
  12706700,  7109, 1,12:46:27,12:47:32,    65, 41.20, 28.40, 12.80
         0,     0, 1,12:47:40,12:47:52,    12, 28.40, 41.30,-12.90
  12200042,  5096, 1,12:48:02,12:50:05,   123, 41.30, 21.90, 19.40
         0,     0, 1,12:50:14,12:50:32,    18, 21.90, 41.30,-19.40
  12706707,  7116, 5,12:50:05,12:50:35,    30, 41.00, 36.70,  4.30
         0,     0, 5,12:50:44,12:50:47,     3, 36.70, 40.90, -4.20
  13008866,     0, 8,12:49:38,12:50:52,    74, 40.40, 40.00,  0.40
  13323490,     0, 7,12:32:36,12:51:11,  1115, 41.60, 36.70,  4.90
         0,     0, 7,12:51:18,12:51:21,     3, 36.70, 41.50, -4.80
  12706707,  7116, 5,12:51:48,12:52:19,    31, 40.90, 36.00,  4.90
         0,     0, 5,12:52:28,12:52:32,     4, 36.00, 41.00, -5.00
  13323457,     0, 8,12:52:35,12:52:58,    23, 40.00, 37.70,  2.30
         0,     0, 8,12:53:06,12:53:09,     3, 37.70, 41.10, -3.40
  13008826,     0, 7,12:52:54,12:53:55,    61, 24.70, 20.80,  3.90
  21268104,  6062, 2,12:50:12,12:54:06,   234, 43.60, 24.50, 19.10
         0,     0, 7,12:54:03,12:54:16,    13, 20.80, 20.80,  0.00
         0,     0, 2,12:54:14,12:54:33,    19, 24.50, 43.70,-19.20
  13008866,     0, 8,12:54:57,12:55:14,    17, 40.70, 40.40,  0.30
  13008797,     0, 9,12:52:42,12:55:18,   156, 41.00, 39.80,  1.20
         0,     0, 9,12:55:27,12:55:28,     1, 39.80, 40.90, -1.10
  13008866,     0, 8,12:55:57,12:56:28,    31, 40.30, 40.00,  0.30
  13008797,     0, 9,12:56:54,12:56:57,     3, 34.20, 34.20,  0.00
         0,     0, 9,12:57:06,12:57:15,     9, 34.20, 41.10, -6.90
  11724159,     0, 7,12:55:10,13:00:41,   331, 29.60, 13.60, 16.00
         0,     0, 7,13:00:49,13:01:07,    18, 13.60, 41.50,-27.90
  13008742,  7163, 5,13:02:56,13:03:09,    13, 41.00, 40.90,  0.10
  13008866,     0, 8,13:04:15,13:04:48,    33, 38.50, 38.30,  0.20
         0,     0, 8,13:04:55,13:04:57,     2, 38.30, 41.10, -2.80
  13323471,     0, 7,13:04:03,13:05:10,    67, 38.60, 27.90, 10.70
         0,     0, 7,13:05:17,13:05:26,     9, 27.90, 41.50,-13.60
  12448474,  6087, 2,13:06:09,13:06:44,    35, 43.80, 43.10,  0.70
  13008742,  7163, 5,13:03:47,13:07:32,   225, 40.90, 23.00, 17.90
  13008866,     0, 8,13:07:48,13:07:49,     1, 40.30, 40.30,  0.00
         0,     0, 5,13:07:41,13:07:58,    17, 23.00, 41.00,-18.00
  12448474,  6087, 1,13:06:51,13:08:11,    80, 41.30, 22.80, 18.50
         0,     0, 1,13:08:18,13:08:35,    17, 22.80, 41.30,-18.50
  13008866,     0, 8,13:09:01,13:09:29,    28, 39.60, 39.20,  0.40
         0,     0, 8,13:09:36,13:09:37,     1, 39.20, 41.10, -1.90
  12706719,  7128, 2,13:06:54,13:10:27,   213, 43.10, 30.90, 12.20
         0,     0, 2,13:10:34,13:10:47,    13, 30.90, 43.80,-12.90
  13323457,     0, 7,13:05:51,13:11:50,   359, 41.50, 21.00, 20.50
         0,     0, 7,13:11:57,13:12:10,    13, 21.00, 41.50,-20.50
  13008866,     0, 8,13:14:00,13:14:12,    12, 39.70, 39.50,  0.20
         0,     0, 8,13:14:20,13:14:21,     1, 39.50, 41.00, -1.50
  13008866,     0, 8,13:15:35,13:15:36,     1, 40.20, 40.20,  0.00
  13008866,     0, 8,13:15:48,13:19:18,   210, 40.10, 38.50,  1.60
         0,     0, 8,13:19:25,13:19:27,     2, 38.50, 38.50,  0.00
  13008790,     0, 6,12:21:00,13:19:35,  3515, 41.40, 12.80, 28.60
         0,     0, 6,13:19:43,13:20:09,    26, 12.80, 39.80,-27.00
  13008839,     0, 8,13:21:06,13:21:09,     3, 40.30, 40.30,  0.00
  13008816,     0, 7,13:12:36,13:21:24,   528, 41.30, 26.00, 15.30
         0,     0, 7,13:21:31,13:21:40,     9, 26.00, 41.60,-15.60
  13323456,     0, 8,13:23:54,13:23:56,     2, 22.20, 22.20,  0.00
         0,     0, 8,13:24:03,13:24:23,    20, 22.20, 41.00,-18.80
  12706707,  7116, 4,13:31:27,13:32:12,    45, 43.30, 35.90,  7.40
         0,     0, 4,13:32:19,13:32:26,     7, 35.90, 43.40, -7.50
  12199986,     0, 9,13:33:33,13:33:38,     5, 41.00, 41.00,  0.00
  13323471,     0, 8,13:34:40,13:35:10,    30, 41.10, 35.10,  6.00
         0,     0, 8,13:35:18,13:35:24,     6, 35.10, 41.10, -6.00
  12199986,     0, 9,13:33:56,13:35:26,    90, 40.80, 30.40, 10.40
         0,     0, 9,13:35:33,13:35:48,    15, 30.40, 41.10,-10.70
  12706624,  7033, 9,13:36:19,13:37:17,    58, 41.10, 39.90,  1.20
         0,     0, 9,13:37:24,13:37:24,     0, 39.90, 41.00, -1.10
  12706710,  7119, 4,13:35:10,13:37:50,   160, 43.50, 31.10, 12.40
         0,     0, 4,13:37:57,13:38:08,    11, 31.10, 43.30,-12.20
  12706624,  7033, 9,13:37:49,13:38:19,    30, 41.00, 39.30,  1.70
         0,     0, 9,13:38:26,13:38:28,     2, 39.30, 41.10, -1.80
  13008827,     0, 8,13:38:12,13:38:39,    27, 41.00, 41.00,  0.00
  12706624,  7033, 9,13:38:40,13:39:00,    20, 41.10, 39.70,  1.40
         0,     0, 9,13:39:07,13:39:08,     1, 39.70, 41.10, -1.40
  13323462,     0, 8,13:39:23,13:40:30,    67, 41.00, 41.00,  0.00
  13323444,     0, 9,13:42:02,13:42:17,    15, 41.10, 40.40,  0.70
  13008839,     0, 7,13:21:57,13:42:36,  1239, 40.90, 30.70, 10.20
         0,     0, 7,13:42:44,13:42:50,     6, 30.70, 30.70,  0.00
  13008848,     0, 9,13:43:37,13:43:44,     7, 31.60, 31.60,  0.00
         0,     0, 9,13:43:52,13:44:04,    12, 31.60, 41.00, -9.40
  12200064,  5118, 4,13:41:28,13:44:15,   167, 43.60, 42.90,  0.70
  13323457,     0, 8,13:44:44,13:44:45,     1, 35.20, 35.10,  0.10
         0,     0, 8,13:44:53,13:44:59,     6, 35.10, 41.10, -6.00
  13008827,     0, 8,13:45:50,13:45:59,     9, 40.90, 40.90,  0.00
  13008827,     0, 8,13:46:49,13:46:50,     1, 40.70, 40.70,  0.00
  12706707,  7116, 1,13:48:29,13:49:07,    38, 41.30, 35.40,  5.90
         0,     0, 1,13:49:15,13:49:20,     5, 35.40, 41.20, -5.80
  13323420,     0, 9,13:49:28,13:49:29,     1, 30.90, 30.90,  0.00
         0,     0, 9,13:49:36,13:49:49,    13, 30.90, 41.10,-10.20
  12200064,  5118, 4,13:45:08,13:50:09,   301, 43.10, 20.40, 22.70
         0,     0, 4,13:50:17,13:50:38,    21, 20.40, 43.30,-22.90
  13008866,     0, 8,13:48:44,13:50:56,   132, 40.30, 39.40,  0.90
         0,     0, 8,13:51:04,13:51:05,     1, 39.40, 40.80, -1.40
  13008866,     0, 8,13:52:02,13:53:21,    79, 40.10, 39.40,  0.70
         0,     0, 8,13:53:29,13:53:30,     1, 39.40, 40.90, -1.50
  21304388,  6125, 2,13:53:08,13:53:27,    19, 43.80, 43.80,  0.00
  21268104,  6062, 4,13:53:14,13:54:01,    47, 43.20, 43.10,  0.10
  21268104,  6062, 4,13:54:17,13:55:26,    69, 43.30, 37.70,  5.60
         0,     0, 4,13:55:34,13:55:39,     5, 37.70, 43.40, -5.70
  13323420,     0, 9,13:55:29,13:55:38,     9, 40.30, 39.90,  0.40
         0,     0, 9,13:55:45,13:55:46,     1, 39.90, 40.90, -1.00
         0,     0, 9,13:57:44,13:57:47,     3, 38.30, 41.00, -2.70
  12448429,     0, 6,13:20:21,14:02:16,  2515, 38.80, 16.10, 22.70
         0,     0, 6,14:02:24,14:02:49,    25, 16.10, 41.40,-25.30
  12200010,  5064, 1,14:01:43,14:03:58,   135, 41.20, 25.50, 15.70
         0,     0, 1,14:04:06,14:04:20,    14, 25.50, 41.20,-15.70
  13008866,     0, 8,14:04:24,14:04:25,     1, 35.60, 35.60,  0.00
  13008848,     0, 9,14:02:07,14:04:34,   147, 41.00, 26.30, 14.70
         0,     0, 8,14:04:33,14:04:38,     5, 35.60, 35.70, -0.10
         0,     0, 9,14:04:42,14:05:02,    20, 26.30, 41.10,-14.80
  12706636,  7045, 5,14:05:08,14:07:04,   116, 40.90, 23.50, 17.40
  13008827,     0, 7,13:47:26,14:07:13,  1187, 31.70, 16.30, 15.40
         0,     0, 5,14:07:13,14:07:30,    17, 23.50, 40.80,-17.30
         0,     0, 7,14:07:21,14:07:37,    16, 16.30, 16.40, -0.10
  13008826,     0, 8,14:07:27,14:08:56,    89, 40.60, 26.80, 13.80
  13323456,     0, 7,14:08:45,14:09:03,    18, 41.50, 41.40,  0.10
         0,     0, 8,14:09:04,14:09:19,    15, 26.80, 41.10,-14.30
  12706669,  7078, 3,14:10:37,14:10:56,    19, 46.00, 43.50,  2.50
         0,     0, 3,14:11:03,14:11:04,     1, 43.50, 46.60, -3.10
  12706669,  7078, 3,14:11:32,14:12:21,    49, 46.60, 30.30, 16.30
         0,     0, 3,14:12:29,14:12:42,    13, 30.30, 30.20,  0.10
  11953996,  4026, 2,14:13:04,14:14:35,    91, 43.80, 29.50, 14.30
  13008858,     0, 7,14:09:20,14:14:46,   326, 41.30, 32.90,  8.40
         0,     0, 2,14:14:43,14:14:57,    14, 29.50, 43.80,-14.30
         0,     0, 7,14:14:54,14:14:59,     5, 32.90, 41.40, -8.50
         0,     0, 8,14:15:06,14:15:16,    10, 31.10, 40.20, -9.10
  21304388,  6125, 1,14:12:19,14:15:20,   181, 41.20, 41.00,  0.20
         0,     0, 8,14:16:25,14:16:26,     1, 39.30, 41.00, -1.70
  12448479,  6092, 5,14:14:42,14:17:27,   165, 40.80, 29.10, 11.70
         0,     0, 5,14:17:35,14:17:46,    11, 29.10, 40.90,-11.80
  21304388,  6125, 1,14:15:30,14:18:00,   150, 41.00, 13.90, 27.10
  13008866,     0, 8,14:18:13,14:18:14,     1, 40.20, 40.20,  0.00
         0,     0, 1,14:18:09,14:18:35,    26, 13.90, 41.30,-27.40
  13008762,     0, 9,14:16:46,14:19:20,   154, 41.10, 40.90,  0.20
  13008732,  7153, 3,14:14:28,14:20:25,   357, 46.10, 18.80, 27.30
         0,     0, 3,14:20:32,14:20:55,    23, 18.80, 18.70,  0.10
  12706667,     0, 8,14:20:30,14:21:07,    37, 39.10, 36.50,  2.60
  13008858,     0, 7,14:15:45,14:21:14,   329, 41.10, 30.00, 11.10
         0,     0, 8,14:21:15,14:21:19,     4, 36.50, 41.10, -4.60
         0,     0, 7,14:21:22,14:21:29,     7, 30.00, 30.10, -0.10
  13008833,     0, 9,14:19:31,14:21:38,   127, 40.90, 38.60,  2.30
         0,     0, 9,14:21:46,14:21:49,     3, 38.60, 39.80, -1.20
  12706667,     0, 8,14:21:52,14:22:13,    21, 32.30, 32.30,  0.00
         0,     0, 8,14:22:21,14:22:29,     8, 32.30, 41.00, -8.70
  12199988,     0, 8,14:23:19,14:23:23,     4, 41.00, 41.10, -0.10
  12200048,     0, 8,14:24:27,14:24:53,    26, 41.10, 41.10,  0.00
  12448442,  6055, 7,14:21:43,14:25:37,   234, 41.50, 35.90,  5.60
         0,     0, 7,14:25:45,14:25:48,     3, 35.90, 41.60, -5.70
  12448454,  6067, 5,14:22:11,14:26:15,   244, 40.90, 20.70, 20.20
         0,     0, 5,14:26:22,14:26:41,    19, 20.70, 40.90,-20.20
  12706729,  7138, 3,14:35:29,14:36:01,    32, 46.20, 46.10,  0.10
  12706729,  7138, 4,14:36:16,14:38:38,   142, 43.70, 27.90, 15.80
         0,     0, 4,14:38:45,14:38:59,    14, 27.90, 43.40,-15.50
  12706609,  7018, 7,14:26:16,14:44:23,  1087, 41.60, 36.80,  4.80
         0,     0, 7,14:44:31,14:44:33,     2, 36.80, 41.50, -4.70
  21268825,  6068, 1,14:52:11,14:56:47,   276, 41.20, 19.80, 21.40
         0,     0, 1,14:56:54,14:57:14,    20, 19.80, 41.30,-21.50
  21292480,     0, 6,14:47:05,14:59:16,   731, 31.80, 22.80,  9.00
         0,     0, 6,14:59:23,14:59:41,    18, 22.80, 41.50,-18.70
  13008866,     0, 8,14:59:08,14:59:43,    35, 41.10, 41.00,  0.10
  12448471,  6084, 5,15:04:04,15:05:47,   103, 40.90, 27.60, 13.30
         0,     0, 5,15:05:54,15:06:06,    12, 27.60, 41.00,-13.40
  12448442,  6055, 7,14:45:07,15:10:38,  1531, 41.70, 41.50,  0.20
  12200048,     0, 8,15:11:44,15:13:46,   122, 40.80, 27.60, 13.20
  13323456,     0, 7,15:13:28,15:13:47,    19, 41.20, 41.20,  0.00
         0,     0, 8,15:13:54,15:14:08,    14, 27.60, 41.10,-13.50
  13323490,     0, 8,15:14:36,15:15:53,    77, 40.50, 35.50,  5.00
  13008768,     0, 9,15:13:52,15:15:55,   123, 39.00, 28.80, 10.20
         0,     0, 8,15:16:01,15:16:06,     5, 35.50, 41.10, -5.60
         0,     0, 9,15:16:03,15:16:19,    16, 28.80, 41.10,-12.30
  13008833,     0,10,15:18:54,15:18:56,     2, 40.20, 40.20,  0.00
  13323461,     0, 7,15:14:56,15:19:00,   244, 39.50, 27.70, 11.80
         0,     0, 7,15:19:08,15:19:16,     8, 27.70, 41.40,-13.70
  13008827,     0, 8,15:19:59,15:20:09,    10, 38.60, 38.50,  0.10
         0,     0, 8,15:20:16,15:20:18,     2, 38.50, 41.10, -2.60
  12200048,     0, 8,15:20:30,15:22:55,   145, 41.10, 40.70,  0.40
  13008827,     0, 7,15:20:19,15:23:06,   167, 41.40, 30.10, 11.30
         0,     0, 7,15:23:13,15:23:20,     7, 30.10, 41.50,-11.40
  13008833,     0, 9,15:25:39,15:27:28,   109, 40.50, 30.40, 10.10
         0,     0, 9,15:27:35,15:27:49,    14, 30.40, 41.10,-10.70
  13008762,     0, 9,15:31:04,15:31:12,     8, 41.10, 41.10,  0.00
  13323456,     0, 8,15:31:15,15:31:22,     7, 40.60, 40.50,  0.10
  13323456,     0, 8,15:31:36,15:31:45,     9, 40.50, 39.60,  0.90
         0,     0, 8,15:31:52,15:31:53,     1, 39.60, 40.80, -1.20
  13008762,     0, 9,15:31:26,15:31:58,    32, 40.90, 40.60,  0.30
  13008762,     0, 9,15:32:09,15:32:19,    10, 40.60, 39.90,  0.70
         0,     0, 9,15:32:28,15:32:29,     1, 39.90, 40.70, -0.80
  13008762,     0, 9,15:33:44,15:33:45,     1, 31.00, 31.00,  0.00
         0,     0, 9,15:33:54,15:34:07,    13, 31.00, 41.10,-10.10
  12199987,     0, 8,15:34:10,15:34:17,     7, 40.80, 40.70,  0.10
  12199987,     0, 8,15:34:43,15:39:36,   293, 40.60, 23.40, 17.20
         0,     0, 8,15:39:45,15:40:03,    18, 23.40, 41.10,-17.70
  13323456,     0, 8,15:40:17,15:40:23,     6, 41.10, 41.00,  0.10
  12199987,     0, 7,15:33:42,15:40:51,   429, 41.50, 41.10,  0.40
  13008798,     0, 8,15:44:39,15:44:54,    15, 41.00, 41.00,  0.00
  13008798,     0, 8,15:45:15,15:46:32,    77, 39.90, 27.10, 12.80
         0,     0, 8,15:46:39,15:46:54,    15, 27.10, 41.10,-14.00
  12199981,  5035, 3,15:48:33,15:49:29,    56, 46.30, 29.60, 16.70
  12706719,  7128, 2,15:49:26,15:49:31,     5, 43.70, 43.70,  0.00
         0,     0, 3,15:49:37,15:49:52,    15, 29.60, 29.40,  0.20
  11953978,  4008, 2,15:52:12,15:52:48,    36, 43.70, 39.60,  4.10
         0,     0, 2,15:52:55,15:52:58,     3, 39.60, 43.70, -4.10
  11953978,  4008, 1,15:53:04,15:53:09,     5, 41.30, 40.80,  0.50
  12706616,  7025, 1,15:53:20,15:55:17,   117, 40.80, 17.70, 23.10
         0,     0, 1,15:55:24,15:55:46,    22, 17.70, 41.30,-23.60
  12199988,     0, 8,15:55:24,15:56:05,    41, 41.20, 41.00,  0.20
  12448451,  6064, 2,15:53:37,15:56:26,   169, 43.50, 17.10, 26.40
         0,     0, 2,15:56:34,15:57:01,    27, 17.10, 43.80,-26.70
  12200048,     0, 8,15:57:24,15:57:55,    31, 40.70, 40.60,  0.10
  12706669,  7078, 2,15:58:45,15:59:05,    20, 43.90, 41.00,  2.90
         0,     0, 2,15:59:12,15:59:14,     2, 41.00, 43.90, -2.90
  12448416,  6029, 3,15:57:19,16:00:10,   171, 46.10, 29.10, 17.00
  13008866,     0, 8,15:59:49,16:00:18,    29, 32.20, 32.10,  0.10
         0,     0, 3,16:00:18,16:00:32,    14, 29.10, 29.40, -0.30
         0,     0, 8,16:00:25,16:00:34,     9, 32.10, 41.10, -9.00
  12706700,  7109, 1,16:00:17,16:02:02,   105, 41.30, 22.10, 19.20
         0,     0, 1,16:02:10,16:02:28,    18, 22.10, 41.20,-19.10
  12706719,  7128, 2,15:59:24,16:02:26,   182, 44.00, 30.30, 13.70
         0,     0, 2,16:02:35,16:02:48,    13, 30.30, 43.90,-13.60
  13008866,     0, 8,16:02:37,16:02:56,    19, 40.40, 40.30,  0.10
  12199988,     0, 8,16:03:41,16:03:52,    11, 40.30, 40.10,  0.20
  12706706,  7115, 2,16:03:30,16:04:52,    82, 44.00, 26.40, 17.60
  12199988,     0, 8,16:04:08,16:05:03,    55, 40.00, 39.60,  0.40
  13008815,     0, 9,16:03:24,16:05:08,   104, 41.10, 34.20,  6.90
         0,     0, 8,16:05:11,16:05:12,     1, 39.60, 40.70, -1.10
         0,     0, 2,16:05:00,16:05:17,    17, 26.40, 43.70,-17.30
         0,     0, 9,16:05:16,16:05:25,     9, 34.20, 41.10, -6.90
  12199988,     0, 8,16:05:38,16:06:14,    36, 40.00, 38.10,  1.90
         0,     0, 8,16:06:22,16:06:25,     3, 38.10, 40.70, -2.60
  11953978,  4008, 2,16:05:52,16:07:06,    74, 43.70, 32.70, 11.00
  12706727,  7136, 1,16:06:00,16:07:20,    80, 41.20, 23.50, 17.70
         0,     0, 2,16:07:14,16:07:24,    10, 32.70, 43.60,-10.90
         0,     0, 1,16:07:28,16:07:45,    17, 23.50, 41.20,-17.70
  21268104,  6062, 2,16:07:44,16:09:20,    96, 43.60, 40.00,  3.60
         0,     0, 2,16:09:27,16:09:30,     3, 40.00, 43.80, -3.80
  12448412,  6025, 1,16:09:47,16:09:59,    12, 41.20, 41.10,  0.10
  21268104,  6062, 2,16:09:40,16:10:02,    22, 43.70, 40.20,  3.50
  12706637,  7046, 4,16:07:26,16:10:07,   161, 44.00, 28.00, 16.00
         0,     0, 2,16:10:10,16:10:13,     3, 40.20, 43.80, -3.60
         0,     0, 4,16:10:15,16:10:29,    14, 28.00, 43.40,-15.40
  12706705,  7114, 5,16:06:40,16:10:43,   243, 40.90, 24.50, 16.40
  21268104,  6062, 2,16:10:23,16:11:03,    40, 43.80, 38.00,  5.80
         0,     0, 5,16:10:52,16:11:08,    16, 24.50, 40.90,-16.40
         0,     0, 2,16:11:11,16:11:16,     5, 38.00, 43.70, -5.70
  11724181,     0, 8,16:12:44,16:12:45,     1, 16.20, 16.20,  0.00
         0,     0, 8,16:12:53,16:13:21,    28, 16.20, 41.10,-24.90
  13323456,     0, 7,15:41:01,16:14:17,  1996, 41.20, 19.40, 21.80
         0,     0, 7,16:14:24,16:14:38,    14, 19.40, 19.40,  0.00
  13008866,     0, 8,16:15:12,16:15:12,     0, 19.40, 19.50, -0.10
         0,     0, 8,16:15:21,16:15:44,    23, 19.50, 41.10,-21.60
  12706667,     0, 8,16:15:57,16:16:13,    16, 40.50, 39.40,  1.10
         0,     0, 8,16:16:21,16:16:22,     1, 39.40, 40.70, -1.30
  12706738,  7147, 2,16:13:46,16:16:40,   174, 43.80, 20.60, 23.20
  21292347,  5120, 4,16:14:21,16:17:07,   166, 44.90, 28.70, 16.20
         0,     0, 2,16:16:49,16:17:14,    25, 20.60, 43.70,-23.10
  12706667,     0, 8,16:17:12,16:17:15,     3, 30.00, 30.00,  0.00
  12706669,  7078, 1,16:17:17,16:17:22,     5, 41.10, 41.10,  0.00
         0,     0, 4,16:17:15,16:17:29,    14, 28.70, 43.20,-14.50
         0,     0, 8,16:17:22,16:17:33,    11, 30.00, 41.00,-11.00
  12200046,  5100, 2,16:18:05,16:18:33,    28, 43.80, 43.80,  0.00
  12706639,  7048, 5,16:19:14,16:19:28,    14, 40.90, 40.90,  0.00
  12200046,  5100, 2,16:19:26,16:21:26,   120, 43.70, 30.30, 13.40
         0,     0, 2,16:21:34,16:21:47,    13, 30.30, 43.80,-13.50
  12706639,  7048, 5,16:19:45,16:21:54,   129, 40.80, 20.70, 20.10
         0,     0, 5,16:22:02,16:22:21,    19, 20.70, 40.90,-20.20
  12706669,  7078, 2,16:22:02,16:23:34,    92, 43.70, 31.20, 12.50
         0,     0, 2,16:23:41,16:23:53,    12, 31.20, 43.50,-12.30
  12448412,  6025, 1,16:17:33,16:26:17,   524, 41.10, 11.30, 29.80
  13008835,     0, 9,16:26:14,16:26:16,     2, 41.00, 41.00,  0.00
         0,     0, 1,16:26:24,16:26:53,    29, 11.30, 41.30,-30.00
  13008835,     0, 9,16:27:46,16:27:47,     1, 40.80, 41.00, -0.20
  12448454,  6067, 1,16:27:03,16:27:47,    44, 41.30, 39.40,  1.90
  12706710,  7119, 2,16:26:10,16:27:49,    99, 43.60, 31.20, 12.40
         0,     0, 1,16:27:56,16:27:57,     1, 39.40, 41.20, -1.80
         0,     0, 2,16:27:56,16:28:08,    12, 31.20, 43.70,-12.50
  12448479,  6092, 4,16:27:39,16:29:02,    83, 43.60, 38.60,  5.00
  13008835,     0, 9,16:28:42,16:29:04,    22, 41.00, 40.90,  0.10
         0,     0, 4,16:29:10,16:29:14,     4, 38.60, 43.20, -4.60
  11954027,  4057, 2,16:29:01,16:30:22,    81, 43.70, 21.90, 21.80
  12448479,  6092, 4,16:29:42,16:30:32,    50, 43.60, 36.40,  7.20
  12706701,  7110, 3,16:30:02,16:30:37,    35, 46.10, 44.90,  1.20
         0,     0, 4,16:30:40,16:30:46,     6, 36.40, 43.40, -7.00
  13008835,     0, 9,16:29:23,16:30:46,    83, 40.90, 40.50,  0.40
         0,     0, 2,16:30:30,16:30:52,    22, 21.90, 43.80,-21.90
  13008742,  7163, 2,16:31:02,16:31:16,    14, 43.80, 43.90, -0.10
  12706707,  7116, 5,16:33:17,16:33:42,    25, 40.90, 36.80,  4.10
  12448473,  6086, 1,16:31:30,16:33:45,   135, 41.20, 16.60, 24.60
         0,     0, 5,16:33:50,16:33:54,     4, 36.80, 40.80, -4.00
  13008742,  7163, 2,16:32:54,16:34:05,    71, 43.80, 43.40,  0.40
         0,     0, 1,16:33:52,16:34:15,    23, 16.60, 41.20,-24.60
  12706707,  7116, 5,16:34:10,16:34:45,    35, 40.80, 35.60,  5.20
         0,     0, 5,16:34:53,16:34:58,     5, 35.60, 40.90, -5.30
  13008742,  7163, 1,16:34:26,16:36:49,   143, 41.20, 19.50, 21.70
         0,     0, 1,16:36:56,16:37:17,    21, 19.50, 41.30,-21.80
  11954014,  4044, 4,16:37:23,16:37:57,    34, 43.70, 32.40, 11.30
         0,     0, 4,16:38:06,16:38:16,    10, 32.40, 43.30,-10.90
  12706659,  7068, 2,16:38:07,16:39:28,    81, 43.40, 43.20,  0.20
  12706645,     0, 8,16:40:40,16:41:04,    24, 41.00, 40.90,  0.10
  13008835,     0, 9,16:40:52,16:41:10,    18, 40.60, 40.60,  0.00
  12706645,     0, 8,16:41:33,16:41:36,     3, 40.70, 40.80, -0.10
  12706645,     0, 8,16:41:46,16:42:20,    34, 40.80, 38.90,  1.90
         0,     0, 8,16:42:28,16:42:29,     1, 38.90, 41.00, -2.10
  12706659,  7068, 1,16:39:32,16:42:43,   191, 41.20, 23.60, 17.60
         0,     0, 1,16:42:50,16:43:08,    18, 23.60, 41.20,-17.60
  12706701,  7110, 2,16:40:05,16:43:23,   198, 43.10, 29.00, 14.10
         0,     0, 2,16:43:32,16:43:49,    17, 29.00, 43.80,-14.80
  13008835,     0, 9,16:42:29,16:44:10,   101, 40.10, 37.80,  2.30
  11953996,  4026, 1,16:43:46,16:44:14,    28, 41.20, 41.10,  0.10
         0,     0, 9,16:44:18,16:44:22,     4, 37.80, 41.00, -3.20
  12706645,     0, 7,16:42:56,16:44:59,   123, 41.60, 28.90, 12.70
  12706727,  7136, 4,16:43:58,16:45:05,    67, 43.70, 32.10, 11.60
         0,     0, 7,16:45:06,16:45:15,     9, 28.90, 29.00, -0.10
         0,     0, 4,16:45:13,16:45:25,    12, 32.10, 42.90,-10.80
  13008835,     0, 9,16:44:43,16:45:40,    57, 41.00, 40.40,  0.60
  12706645,     0, 8,16:45:55,16:45:58,     3, 34.20, 34.20,  0.00
         0,     0, 8,16:46:05,16:46:13,     8, 34.20, 41.00, -6.80
  11953996,  4026, 1,16:44:36,16:46:22,   106, 41.10, 21.30, 19.80
         0,     0, 1,16:46:31,16:46:52,    21, 21.30, 41.30,-20.00
  12448432,  6045, 5,16:42:26,16:47:16,   290, 40.80, 18.40, 22.40
  12706616,  7025, 4,16:45:56,16:47:40,   104, 43.30, 25.00, 18.30
         0,     0, 5,16:47:24,16:47:49,    25, 18.40, 40.80,-22.40
         0,     0, 4,16:47:47,16:48:07,    20, 25.00, 43.40,-18.40
  12199986,     0, 9,16:48:35,16:48:36,     1, 40.30, 40.40, -0.10
  12448428,  6041, 4,16:49:56,16:50:56,    60, 43.60, 28.20, 15.40
         0,     0, 4,16:51:05,16:51:21,    16, 28.20, 43.20,-15.00
  13008732,  7153, 2,16:49:50,16:52:37,   167, 43.70, 28.30, 15.40
  13008858,     0, 8,16:51:50,16:52:50,    60, 41.00, 40.10,  0.90
         0,     0, 2,16:52:44,16:53:01,    17, 28.30, 43.60,-15.30
  12448471,  6084, 3,16:51:42,16:53:12,    90, 45.30, 31.60, 13.70
  12448474,  6087, 4,16:51:31,16:53:12,   101, 43.00, 27.30, 15.70
  12706729,  7138, 1,16:52:16,16:53:14,    58, 41.30, 41.30,  0.00
         0,     0, 3,16:53:20,16:53:35,    15, 31.60, 35.00, -3.40
         0,     0, 4,16:53:21,16:53:40,    19, 27.30, 43.40,-16.10
         0,     0, 8,16:54:48,16:54:55,     7, 34.50, 40.90, -6.40
         0,     0, 8,16:55:24,16:55:26,     2, 38.80, 40.80, -2.00
  13008798,     0, 8,16:55:36,16:56:02,    26, 40.80, 40.10,  0.70
  12706729,  7138, 2,16:53:18,16:56:13,   175, 43.60, 29.80, 13.80
         0,     0, 2,16:56:20,16:56:33,    13, 29.80, 43.70,-13.90
  12448416,  6029, 3,16:54:20,16:56:58,   158, 45.60, 31.90, 13.70
         0,     0, 3,16:57:05,16:57:17,    12, 31.90, 31.80,  0.10
  13008798,     0, 8,16:56:18,16:57:57,    99, 38.80, 22.80, 16.00
  12706651,  7060, 5,16:56:26,16:58:05,    99, 40.80, 27.10, 13.70
         0,     0, 8,16:58:05,16:58:24,    19, 22.80, 41.00,-18.20
         0,     0, 5,16:58:14,16:58:27,    13, 27.10, 40.80,-13.70
  12706651,  7060, 5,16:58:37,16:58:57,    20, 40.80, 37.70,  3.10
         0,     0, 5,16:59:06,16:59:09,     3, 37.70, 40.80, -3.10
  12706637,  7046, 3,16:58:45,17:00:39,   114, 46.30, 33.10, 13.20
         0,     0, 3,17:00:47,17:00:57,    10, 33.10, 33.40, -0.30
  12200064,  5118, 5,17:00:52,17:01:07,    15, 40.80, 40.70,  0.10
  12200064,  5118, 5,17:01:16,17:01:45,    29, 40.70, 40.70,  0.00
  12448477,  6090, 2,17:02:23,17:03:17,    54, 43.60, 36.80,  6.80
         0,     0, 2,17:03:25,17:03:31,     6, 36.80, 43.80, -7.00
  13323457,     0, 8,17:05:14,17:05:22,     8, 41.10, 40.80,  0.30
  12706738,  7147, 2,17:03:41,17:06:10,   149, 43.80, 29.30, 14.50
         0,     0, 2,17:06:17,17:06:31,    14, 29.30, 44.00,-14.70
  12448483,  6096, 3,17:06:00,17:08:54,   174, 46.00, 17.30, 28.70
         0,     0, 3,17:09:02,17:09:27,    25, 17.30, 17.20,  0.10
  12200010,  5064, 1,17:07:58,17:09:45,   107, 41.20, 24.30, 16.90
         0,     0, 1,17:09:52,17:10:08,    16, 24.30, 41.30,-17.00
  12200064,  5118, 5,17:02:23,17:10:10,   467, 40.70, 15.60, 25.10
         0,     0, 5,17:10:18,17:10:42,    24, 15.60, 40.80,-25.20
  12448479,  6092, 2,17:09:24,17:11:17,   113, 43.80, 32.80, 11.00
  21268825,  6068, 1,17:10:49,17:11:19,    30, 41.30, 41.20,  0.10
         0,     0, 2,17:11:26,17:11:36,    10, 32.80, 43.90,-11.10
  12706624,  7033, 9,17:12:17,17:12:30,    13, 40.40, 40.30,  0.10
  12706624,  7033, 9,17:12:44,17:13:46,    62, 40.30, 38.30,  2.00
  12448428,  6041, 4,17:13:06,17:13:50,    44, 43.50, 32.70, 10.80
         0,     0, 9,17:13:53,17:13:56,     3, 38.30, 41.10, -2.80
         0,     0, 4,17:13:58,17:14:08,    10, 32.70, 43.20,-10.50
  21268825,  6068, 1,17:12:05,17:14:41,   156, 41.20, 28.10, 13.10
         0,     0, 1,17:14:49,17:15:01,    12, 28.10, 41.30,-13.20
  12706628,     0, 9,17:14:25,17:16:56,   151, 41.00, 31.60,  9.40
         0,     0, 9,17:17:04,17:17:17,    13, 31.60, 41.10, -9.50
  11954014,  4044, 3,17:16:33,17:17:39,    66, 46.50, 31.20, 15.30
         0,     0, 3,17:17:47,17:17:59,    12, 31.20, 31.10,  0.10
  13008779,     0, 9,17:19:14,17:20:14,    60, 41.10, 37.80,  3.30
         0,     0, 9,17:20:22,17:20:26,     4, 37.80, 40.60, -2.80
  13008779,     0, 9,17:21:27,17:21:37,    10, 39.60, 38.80,  0.80
         0,     0, 9,17:21:46,17:21:48,     2, 38.80, 41.10, -2.30
  12706622,     0, 9,17:22:01,17:22:48,    47, 41.10, 40.90,  0.20
  12706622,     0, 9,17:23:39,17:23:42,     3, 40.30, 39.80,  0.50
         0,     0, 9,17:23:49,17:23:50,     1, 39.80, 40.50, -0.70
  12706609,  7018, 7,16:46:00,17:25:07,  2347, 32.60, 31.00,  1.60
  12706622,     0, 9,17:25:13,17:25:15,     2, 32.40, 32.40,  0.00
         0,     0, 7,17:25:15,17:25:21,     6, 31.00, 31.10, -0.10
  12706646,     0, 8,17:25:24,17:25:26,     2, 32.80, 32.80,  0.00
         0,     0, 9,17:25:22,17:25:33,    11, 32.40, 41.00, -8.60
         0,     0, 8,17:25:34,17:25:42,     8, 32.80, 41.10, -8.30
  12448451,  6064, 2,17:23:30,17:27:00,   210, 43.70, 23.50, 20.20
         0,     0, 2,17:27:08,17:27:28,    20, 23.50, 43.80,-20.30
  12706701,  7110, 4,17:24:48,17:29:07,   259, 43.30, 27.20, 16.10
         0,     0, 4,17:29:16,17:29:31,    15, 27.20, 43.30,-16.10
  12200042,  5096, 1,17:30:58,17:32:04,    66, 41.30, 34.30,  7.00
         0,     0, 1,17:32:12,17:32:18,     6, 34.30, 41.20, -6.90
  12200042,  5096, 1,17:32:28,17:33:05,    37, 41.20, 33.20,  8.00
  11953996,  4026, 4,17:30:38,17:33:08,   150, 43.80, 25.60, 18.20
         0,     0, 1,17:33:13,17:33:20,     7, 33.20, 41.20, -8.00
         0,     0, 4,17:33:16,17:33:33,    17, 25.60, 43.30,-17.70
  21304388,  6125, 1,17:33:30,17:33:40,    10, 41.20, 41.10,  0.10
  21304388,  6125, 2,17:33:51,17:34:24,    33, 43.80, 43.80,  0.00
  21304388,  6125, 2,17:34:57,17:38:20,   203, 43.80, 20.20, 23.60
  12448473,  6086, 1,17:37:56,17:38:29,    33, 41.10, 36.70,  4.40
         0,     0, 1,17:38:37,17:38:41,     4, 36.70, 41.20, -4.50
         0,     0, 2,17:38:27,17:38:51,    24, 20.20, 43.80,-23.60
  12448454,  6067, 4,17:40:26,17:40:29,     3, 43.60, 43.80, -0.20
  12448473,  6086, 2,17:40:38,17:41:24,    46, 43.80, 36.60,  7.20
         0,     0, 2,17:41:32,17:41:39,     7, 36.60, 43.70, -7.10
  12448454,  6067, 4,17:40:47,17:42:33,   106, 43.80, 27.10, 16.70
  13008816,     0, 7,17:28:49,17:42:50,   841, 41.50, 26.90, 14.60
         0,     0, 4,17:42:40,17:42:55,    15, 27.10, 43.20,-16.10
         0,     0, 7,17:42:58,17:43:07,     9, 26.90, 27.00, -0.10
  13323444,     0, 9,17:43:05,17:44:00,    55, 41.10, 37.40,  3.70
         0,     0, 9,17:44:08,17:44:12,     4, 37.40, 41.00, -3.60
  12200010,  5064, 1,17:43:47,17:45:06,    79, 41.20, 28.70, 12.50
         0,     0, 1,17:45:14,17:45:26,    12, 28.70, 41.30,-12.60
  12448483,  6096, 2,17:44:28,17:46:33,   125, 43.80, 27.00, 16.80
         0,     0, 2,17:46:42,17:46:59,    17, 27.00, 43.70,-16.70
  12706729,  7138, 1,17:48:15,17:48:23,     8, 41.20, 41.20,  0.00
  12706729,  7138, 2,17:48:28,17:48:34,     6, 43.80, 43.80,  0.00
  12706646,     0, 8,17:47:52,17:48:54,    62, 41.00, 40.90,  0.10
  12706624,  7033, 9,17:48:23,17:49:04,    41, 41.00, 40.10,  0.90
  12706646,     0, 8,17:49:36,17:50:10,    34, 40.90, 40.70,  0.20
  12706624,  7033, 9,17:49:50,17:50:12,    22, 40.10, 39.00,  1.10
         0,     0, 9,17:50:20,17:50:22,     2, 39.00, 41.20, -2.20
  12448442,  6055, 7,17:47:53,17:50:30,   157, 41.40, 38.70,  2.70
         0,     0, 7,17:50:38,17:50:39,     1, 38.70, 41.50, -2.80
  12448429,     0, 6,14:59:55,17:51:45, 10310, 41.30, 32.00,  9.30
         0,     0, 6,17:51:53,17:52:01,     8, 32.00, 41.60, -9.60
  11954050,  4080, 2,17:51:04,17:52:13,    69, 43.80, 31.30, 12.50
         0,     0, 2,17:52:21,17:52:33,    12, 31.30, 43.80,-12.50
  12706729,  7138, 4,17:51:49,17:52:34,    45, 43.60, 38.30,  5.30
  11954050,  4080, 1,17:52:23,17:52:37,    14, 41.20, 36.20,  5.00
         0,     0, 4,17:52:42,17:52:46,     4, 38.30, 43.40, -5.10
         0,     0, 1,17:52:46,17:52:50,     4, 36.20, 41.10, -4.90
  13008768,     0, 9,17:52:33,17:54:29,   116, 41.10, 33.20,  7.90
         0,     0, 9,17:54:37,17:54:47,    10, 33.20, 41.10, -7.90
  13323490,     0, 8,17:54:16,17:54:50,    34, 40.70, 36.70,  4.00
         0,     0, 8,17:54:57,17:55:01,     4, 36.70, 41.10, -4.40
  12448471,  6084, 1,17:57:01,17:58:55,   114, 41.10, 27.80, 13.30
         0,     0, 1,17:59:04,17:59:16,    12, 27.80, 41.20,-13.40
  11724181,     0, 7,17:51:30,17:59:47,   497, 41.50, 14.90, 26.60
         0,     0, 7,17:59:54,18:00:11,    17, 14.90, 41.40,-26.50
  12706609,  7018, 8,17:59:35,18:00:53,    78, 41.20, 32.00,  9.20
         0,     0, 8,18:01:00,18:01:09,     9, 32.00, 41.20, -9.20
  13008732,  7153, 3,17:59:13,18:01:31,   138, 46.30, 29.70, 16.60
         0,     0, 3,18:01:39,18:01:52,    13, 29.70, 29.70,  0.00
  11954027,  4057, 2,18:00:46,18:02:18,    92, 43.80, 25.60, 18.20
         0,     0, 2,18:02:26,18:02:44,    18, 25.60, 43.80,-18.20
  12706710,  7119, 1,18:02:55,18:03:09,    14, 41.20, 41.10,  0.10
  12706705,  7114, 5,18:03:13,18:03:19,     6, 40.80, 40.80,  0.00
  13008848,     0, 9,18:02:50,18:04:26,    96, 41.00, 29.70, 11.30
         0,     0, 9,18:04:35,18:04:50,    15, 29.70, 41.00,-11.30
  12706710,  7119, 2,18:03:24,18:05:43,   139, 43.70, 31.20, 12.50
         0,     0, 2,18:05:50,18:06:02,    12, 31.20, 43.80,-12.60
  12199987,     0, 8,18:06:11,18:08:04,   113, 41.30, 38.70,  2.60
  12706624,  7033, 9,18:07:31,18:08:07,    36, 41.00, 40.00,  1.00
         0,     0, 8,18:08:12,18:08:14,     2, 38.70, 41.10, -2.40
  12199981,  5035, 3,18:08:28,18:09:17,    49, 46.10, 29.90, 16.20
         0,     0, 3,18:09:25,18:09:38,    13, 29.90, 29.60,  0.30
  12200048,     0, 8,18:10:00,18:10:03,     3, 33.30, 33.30,  0.00
         0,     0, 8,18:10:12,18:10:20,     8, 33.30, 41.00, -7.70
  21268104,  6062, 2,18:08:47,18:11:00,   133, 43.90, 33.50, 10.40
         0,     0, 2,18:11:09,18:11:19,    10, 33.50, 43.80,-10.30
  12448412,  6025, 1,18:07:34,18:12:55,   321, 41.20, 37.30,  3.90
  11499202,     0, 9,18:12:21,18:13:03,    42, 40.00, 38.00,  2.00
         0,     0, 1,18:13:04,18:13:07,     3, 37.30, 41.30, -4.00
         0,     0, 9,18:13:12,18:13:15,     3, 38.00, 41.00, -3.00
  12706651,  7060, 4,18:12:17,18:13:46,    89, 43.80, 29.60, 14.20
         0,     0, 4,18:13:54,18:14:07,    13, 29.60, 43.40,-13.80
  12706705,  7114, 5,18:12:07,18:14:52,   165, 40.70, 23.10, 17.60
         0,     0, 5,18:14:59,18:15:16,    17, 23.10, 40.90,-17.80
  12448412,  6025, 1,18:13:59,18:15:53,   114, 41.30, 21.80, 19.50
         0,     0, 1,18:16:01,18:16:20,    19, 21.80, 41.20,-19.40
  12448454,  6067, 4,18:15:16,18:16:41,    85, 43.50, 31.00, 12.50
  11954014,  4044, 5,18:16:13,18:16:49,    36, 40.80, 33.90,  6.90
         0,     0, 4,18:16:49,18:17:01,    12, 31.00, 43.30,-12.30
         0,     0, 5,18:16:56,18:17:02,     6, 33.90, 40.90, -7.00
  21292480,     0, 6,17:53:03,18:19:23,  1580, 29.50, 15.00, 14.50
         0,     0, 6,18:19:31,18:20:00,    29, 15.00, 41.40,-26.40
  12706729,  7138, 1,18:19:04,18:21:12,   128, 41.20, 29.10, 12.10
  12706706,  7115, 4,18:20:29,18:21:13,    44, 43.90, 31.00, 12.90
  13008779,     0, 9,18:20:40,18:21:16,    36, 41.00, 39.30,  1.70
         0,     0, 9,18:21:25,18:21:27,     2, 39.30, 40.60, -1.30
         0,     0, 1,18:21:20,18:21:31,    11, 29.10, 41.20,-12.10
         0,     0, 4,18:21:21,18:21:33,    12, 31.00, 43.40,-12.40
         0,     0, 9,18:21:54,18:21:56,     2, 39.20, 41.10, -1.90
  11499202,     0, 9,18:24:30,18:25:15,    45, 38.60, 37.00,  1.60
         0,     0, 9,18:25:23,18:25:28,     5, 37.00, 41.00, -4.00
  12706622,     0, 9,18:29:40,18:29:48,     8, 41.00, 41.00,  0.00
  12706624,  7033, 9,18:30:03,18:30:23,    20, 41.00, 40.70,  0.30
  12706624,  7033, 9,18:30:35,18:31:12,    37, 40.70, 39.20,  1.50
         0,     0, 9,18:31:20,18:31:22,     2, 39.20, 41.00, -1.80
  12706646,     0, 7,18:00:22,18:31:26,  1864, 41.40, 22.80, 18.60
         0,     0, 7,18:31:34,18:31:46,    12, 22.80, 22.80,  0.00
  12200064,  5118, 1,18:27:46,18:32:23,   277, 41.20, 15.30, 25.90
  12199988,     0, 7,18:32:05,18:32:43,    38, 41.60, 41.30,  0.30
  12706624,  7033, 9,18:32:17,18:32:44,    27, 41.10, 39.70,  1.40
         0,     0, 9,18:32:53,18:32:54,     1, 39.70, 40.90, -1.20
         0,     0, 1,18:32:32,18:32:57,    25, 15.30, 41.30,-26.00
  12199988,     0, 8,18:33:05,18:34:28,    83, 41.10, 38.20,  2.90
         0,     0, 8,18:34:37,18:34:39,     2, 38.20, 41.10, -2.90
  13323462,     0, 8,18:35:28,18:35:29,     1, 41.10, 41.10,  0.00
  12706719,  7128, 5,18:33:23,18:36:14,   171, 40.90, 21.50, 19.40
  21292347,  5120, 2,18:33:06,18:36:17,   191, 43.70, 30.10, 13.60
  12706639,  7048, 4,18:34:24,18:36:28,   124, 43.90, 27.10, 16.80
         0,     0, 2,18:36:25,18:36:39,    14, 30.10, 43.70,-13.60
         0,     0, 5,18:36:23,18:36:42,    19, 21.50, 40.70,-19.20
         0,     0, 4,18:36:35,18:36:50,    15, 27.10, 43.10,-16.00
  13323471,     0, 8,18:37:18,18:37:34,    16, 38.70, 38.80, -0.10
         0,     0, 8,18:37:42,18:37:44,     2, 38.80, 41.00, -2.20
  12706700,  7109, 2,18:37:46,18:39:14,    88, 43.60, 29.90, 13.70
  12706655,  7064, 1,18:38:21,18:39:15,    54, 41.30, 38.90,  2.40
         0,     0, 1,18:39:22,18:39:23,     1, 38.90, 41.20, -2.30
         0,     0, 2,18:39:21,18:39:35,    14, 29.90, 43.80,-13.90
  12706655,  7064, 1,18:39:33,18:40:44,    71, 41.20, 22.90, 18.30
         0,     0, 1,18:40:52,18:41:09,    17, 22.90, 23.00, -0.10
  11953978,  4008, 1,18:41:52,18:43:23,    91, 41.20, 21.70, 19.50
         0,     0, 1,18:43:31,18:43:50,    19, 21.70, 41.20,-19.50
  12448448,  6061, 2,18:39:45,18:44:02,   257, 43.90, 30.80, 13.10
         0,     0, 2,18:44:10,18:44:22,    12, 30.80, 43.70,-12.90
  12706622,     0, 9,18:43:32,18:45:26,   114, 40.90, 34.40,  6.50
         0,     0, 9,18:45:34,18:45:42,     8, 34.40, 41.00, -6.60
  12448448,  6061, 1,18:44:05,18:46:14,   129, 41.20, 22.80, 18.40
  21292347,  5120, 2,18:44:33,18:46:16,   103, 43.70, 36.00,  7.70
         0,     0, 2,18:46:25,18:46:32,     7, 36.00, 43.70, -7.70
         0,     0, 1,18:46:22,18:46:40,    18, 22.80, 41.20,-18.40
  21268104,  6062, 4,18:45:08,18:46:39,    91, 43.20, 39.40,  3.80
         0,     0, 4,18:46:47,18:46:50,     3, 39.40, 43.40, -4.00
  12200042,  5096, 2,18:47:32,18:48:55,    83, 43.70, 31.30, 12.40
  12448477,  6090, 1,18:48:14,18:48:59,    45, 41.20, 32.20,  9.00
         0,     0, 1,18:49:06,18:49:14,     8, 32.20, 41.20, -9.00
         0,     0, 2,18:49:03,18:49:16,    13, 31.30, 44.10,-12.80
  12706667,     0, 7,18:45:29,18:50:26,   297, 41.30, 41.20,  0.10
  12706636,  7045, 1,18:49:24,18:51:32,   128, 41.20, 22.10, 19.10
  12706659,  7068, 2,18:49:26,18:51:45,   139, 43.90, 32.20, 11.70
         0,     0, 1,18:51:40,18:51:58,    18, 22.10, 41.20,-19.10
         0,     0, 2,18:51:53,18:52:04,    11, 32.20, 43.70,-11.50
  13008837,     0, 9,18:52:11,18:52:38,    27, 41.00, 41.00,  0.00
  12706659,  7068, 1,18:52:46,18:54:34,   108, 41.20, 31.50,  9.70
  12199987,     0, 8,18:53:33,18:54:46,    73, 41.10, 40.10,  1.00
         0,     0, 1,18:54:42,18:54:51,     9, 31.50, 41.20, -9.70
  11953996,  4026, 2,18:52:44,18:54:49,   125, 43.90, 27.30, 16.60
  13008837,     0, 9,18:53:21,18:54:52,    91, 41.00, 38.10,  2.90
         0,     0, 9,18:55:01,18:55:04,     3, 38.10, 41.10, -3.00
         0,     0, 2,18:54:57,18:55:13,    16, 27.30, 43.90,-16.60
  13008797,     0, 9,18:55:15,18:55:16,     1, 40.90, 40.90,  0.00
  12448474,  6087, 1,18:55:12,18:55:17,     5, 41.20, 41.20,  0.00
  13008835,     0, 9,18:55:40,18:55:53,    13, 40.80, 40.80,  0.00
  12199987,     0, 8,18:54:57,18:55:58,    61, 39.80, 37.60,  2.20
         0,     0, 8,18:56:06,18:56:08,     2, 37.60, 40.20, -2.60
  13008835,     0, 9,18:56:40,18:56:40,     0, 40.60, 40.70, -0.10
  12448474,  6087, 1,18:55:28,18:57:13,   105, 41.20, 25.50, 15.70
         0,     0, 1,18:57:21,18:57:36,    15, 25.50, 41.20,-15.70
  13008835,     0, 9,18:57:02,18:57:37,    35, 40.60, 40.50,  0.10
  12199987,     0, 8,18:57:08,18:58:20,    72, 35.60, 28.30,  7.30
         0,     0, 8,18:58:28,18:58:41,    13, 28.30, 41.10,-12.80
  13008835,     0, 9,18:58:42,18:58:59,    17, 40.50, 40.40,  0.10
  13008835,     0, 9,18:59:09,18:59:21,    12, 40.40, 40.30,  0.10
  13008835,     0, 9,19:00:04,19:00:05,     1, 40.10, 40.10,  0.00
  12706624,  7033, 9,19:00:37,19:00:43,     6, 40.10, 40.10,  0.00
  12706642,  7051, 8,18:59:59,19:01:34,    95, 41.10, 27.40, 13.70
  13008732,  7153, 2,18:59:27,19:01:41,   134, 43.90, 32.20, 11.70
         0,     0, 8,19:01:43,19:01:57,    14, 27.40, 41.00,-13.60
         0,     0, 2,19:01:49,19:02:00,    11, 32.20, 43.70,-11.50
  12706707,  7116, 1,19:01:19,19:02:10,    51, 41.20, 32.90,  8.30
         0,     0, 1,19:02:18,19:02:25,     7, 32.90, 41.30, -8.40
  12448429,     0, 6,18:20:48,19:02:33,  2505, 26.60, 19.20,  7.40
  13008797,     0, 9,19:00:54,19:02:39,   105, 40.10, 39.20,  0.90
         0,     0, 9,19:02:48,19:02:50,     2, 39.20, 41.00, -1.80
         0,     0, 6,19:02:41,19:03:02,    21, 19.20, 41.50,-22.30
  13008835,     0, 9,19:03:30,19:03:49,    19, 40.60, 40.50,  0.10
  13323461,     0, 7,18:50:44,19:03:55,   791, 41.20, 30.70, 10.50
         0,     0, 7,19:04:02,19:04:08,     6, 30.70, 30.70,  0.00
  13008797,     0,10,19:04:25,19:04:35,    10, 39.80, 39.80,  0.00
  13008835,     0, 9,19:04:00,19:04:40,    40, 40.50, 40.30,  0.20
         0,     0,10,19:04:44,19:04:45,     1, 39.80, 41.10, -1.30
  13008835,     0, 9,19:04:57,19:05:11,    14, 40.30, 40.20,  0.10
  13008835,     0, 9,19:05:21,19:05:30,     9, 40.20, 40.10,  0.10
         0,     0, 9,19:06:21,19:06:22,     1, 39.80, 41.00, -1.20
  13008835,     0, 9,19:06:45,19:06:48,     3, 41.00, 40.90,  0.10
  12199988,     0, 8,19:06:49,19:07:07,    18, 41.10, 40.80,  0.30
  12706727,  7136, 4,19:07:09,19:08:11,    62, 43.80, 31.90, 11.90
         0,     0, 4,19:08:18,19:08:29,    11, 31.90, 43.30,-11.40
  12448428,  6041, 3,19:08:31,19:09:12,    41, 45.90, 36.00,  9.90
         0,     0, 3,19:09:20,19:09:28,     8, 36.00, 36.00,  0.00
  13323462,     0, 8,19:08:15,19:09:31,    76, 40.80, 32.20,  8.60
         0,     0, 8,19:09:39,19:09:48,     9, 32.20, 41.10, -8.90
  12706700,  7109, 2,19:10:23,19:10:47,    24, 43.90, 43.70,  0.20
  12706667,     0, 8,19:10:29,19:10:51,    22, 41.20, 39.30,  1.90
  12199981,  5035, 3,19:09:53,19:10:53,    60, 46.10, 34.00, 12.10
         0,     0, 8,19:11:00,19:11:01,     1, 39.30, 40.80, -1.50
         0,     0, 3,19:11:00,19:11:10,    10, 34.00, 34.30, -0.30
  12706667,     0, 8,19:11:14,19:11:16,     2, 39.40, 39.50, -0.10
         0,     0, 8,19:11:25,19:11:26,     1, 39.50, 40.30, -0.80
  12706667,     0, 8,19:12:01,19:12:09,     8, 33.20, 33.20,  0.00
  13323420,     0, 9,19:12:06,19:12:11,     5, 40.10, 39.70,  0.40
         0,     0, 9,19:12:20,19:12:21,     1, 39.70, 40.90, -1.20
         0,     0, 8,19:12:17,19:12:25,     8, 33.20, 41.20, -8.00
  21268104,  6062, 4,19:11:30,19:12:30,    60, 43.70, 40.30,  3.40
         0,     0, 4,19:12:38,19:12:40,     2, 40.30, 43.30, -3.00
  13323420,     0, 9,19:13:06,19:13:14,     8, 39.00, 38.10,  0.90
         0,     0, 9,19:13:21,19:13:24,     3, 38.10, 41.00, -2.90
  13323420,     0, 9,19:13:44,19:13:45,     1, 39.10, 39.10,  0.00
         0,     0, 9,19:13:52,19:13:54,     2, 39.10, 41.20, -2.10
  12200048,     0, 8,19:13:51,19:14:00,     9, 41.10, 41.10,  0.00
  13008826,     0, 7,19:04:26,19:14:19,   593, 40.50, 14.50, 26.00
  12706706,  7115, 4,19:13:51,19:14:27,    36, 43.80, 34.30,  9.50
         0,     0, 4,19:14:35,19:14:44,     9, 34.30, 43.30, -9.00
         0,     0, 7,19:14:27,19:14:45,    18, 14.50, 14.50,  0.00
  12200048,     0, 8,19:15:55,19:15:59,     4, 29.40, 29.40,  0.00
         0,     0, 8,19:16:06,19:16:18,    12, 29.40, 41.10,-11.70
  11724159,     0, 7,19:15:31,19:16:40,    69, 35.00, 34.80,  0.20
         0,     0, 7,19:16:48,19:16:52,     4, 34.80, 41.60, -6.80
  12448432,  6045, 2,19:13:36,19:17:31,   235, 43.80, 29.50, 14.30
  13008827,     0, 7,19:17:08,19:17:48,    40, 41.40, 41.00,  0.40
         0,     0, 2,19:17:39,19:17:53,    14, 29.50, 43.90,-14.40
  13008827,     0, 8,19:18:25,19:18:48,    23, 40.20, 39.80,  0.40
  11954050,  4080, 1,19:16:53,19:18:50,   117, 41.30, 27.10, 14.20
         0,     0, 8,19:18:56,19:18:56,     0, 39.80, 40.80, -1.00
         0,     0, 1,19:18:57,19:19:10,    13, 27.10, 41.20,-14.10
  13008795,     0, 6,19:04:25,19:20:22,   957, 28.30, 28.30,  0.00
         0,     0, 6,19:20:29,19:20:41,    12, 28.30, 41.50,-13.20
  12706669,  7078, 2,19:20:03,19:20:50,    47, 44.00, 36.30,  7.70
         0,     0, 2,19:20:57,19:21:04,     7, 36.30, 43.80, -7.50
  13323457,     0, 7,19:18:12,19:22:02,   230, 40.80, 23.80, 17.00
         0,     0, 7,19:22:10,19:22:21,    11, 23.80, 23.80,  0.00
  13008842,  8083, 5,19:20:30,19:23:39,   189, 40.80, 23.40, 17.40
         0,     0, 5,19:23:48,19:24:04,    16, 23.40, 40.90,-17.50
  12706651,  7060, 1,19:23:26,19:24:01,    35, 41.20, 39.20,  2.00
         0,     0, 1,19:24:09,19:24:10,     1, 39.20, 41.30, -2.10
  12706655,  7064, 3,19:23:41,19:24:56,    75, 46.40, 32.70, 13.70
         0,     0, 3,19:25:03,19:25:14,    11, 32.70, 32.50,  0.20
  12706707,  7116, 2,19:25:28,19:26:26,    58, 43.90, 39.90,  4.00
         0,     0, 2,19:26:33,19:26:36,     3, 39.90, 43.80, -3.90
  13323490,     0, 8,19:30:02,19:30:05,     3, 40.50, 40.50,  0.00
  13008827,     0, 7,19:22:37,19:30:11,   454, 40.90, 29.50, 11.40
         0,     0, 7,19:30:18,19:30:25,     7, 29.50, 29.50,  0.00
  13008815,     0, 9,19:29:52,19:30:35,    43, 39.70, 37.60,  2.10
         0,     0, 9,19:30:43,19:30:47,     4, 37.60, 41.10, -3.50
  12200010,  5064, 1,19:29:51,19:30:57,    66, 41.30, 26.80, 14.50
  13008797,     0, 9,19:30:57,19:30:59,     2, 41.00, 40.90,  0.10
         0,     0, 1,19:31:05,19:31:18,    13, 26.80, 41.30,-14.50
  13008797,     0, 9,19:31:18,19:31:23,     5, 40.80, 40.80,  0.00
  12706646,     0, 8,19:32:12,19:33:36,    84, 40.10, 34.70,  5.40
         0,     0, 8,19:33:45,19:33:50,     5, 34.70, 38.60, -3.90
  12706636,  7045, 1,19:33:06,19:34:17,    71, 41.20, 29.00, 12.20
  12706646,     0, 8,19:34:00,19:34:26,    26, 35.60, 30.90,  4.70
         0,     0, 1,19:34:26,19:34:37,    11, 29.00, 41.20,-12.20
         0,     0, 8,19:34:34,19:34:45,    11, 30.90, 41.10,-10.20
  13008797,     0, 9,19:34:50,19:34:55,     5, 40.80, 40.60,  0.20
  21292347,  5120, 2,19:35:24,19:36:41,    77, 43.80, 37.40,  6.40
         0,     0, 2,19:36:49,19:36:55,     6, 37.40, 43.90, -6.50
  13008797,     0, 9,19:35:05,19:36:56,   111, 40.60, 32.60,  8.00
         0,     0, 9,19:37:04,19:37:15,    11, 32.60, 41.10, -8.50
  12706642,  7051, 8,19:39:05,19:40:52,   107, 41.10, 35.40,  5.70
         0,     0, 8,19:41:00,19:41:05,     5, 35.40, 41.10, -5.70
  12706705,  7114, 5,19:39:41,19:41:42,   121, 40.80, 29.20, 11.60
  12706642,  7051, 8,19:41:17,19:41:49,    32, 41.10, 38.90,  2.20
         0,     0, 8,19:41:57,19:41:59,     2, 38.90, 41.00, -2.10
         0,     0, 5,19:41:51,19:42:02,    11, 29.20, 40.90,-11.70
  12706646,     0, 7,19:31:44,19:44:13,   749, 41.50, 41.50,  0.00
  12448479,  6092, 3,19:42:33,19:44:18,   105, 45.80, 37.10,  8.70
         0,     0, 3,19:44:27,19:44:34,     7, 37.10, 37.00,  0.10
  12706727,  7136, 3,19:44:48,19:44:55,     7, 46.30, 46.10,  0.20
  12448428,  6041, 1,19:44:13,19:45:02,    49, 41.20, 31.50,  9.70
         0,     0, 1,19:45:09,19:45:18,     9, 31.50, 41.20, -9.70
  12706645,     0, 8,19:45:21,19:45:30,     9, 40.90, 40.40,  0.50
  12706645,     0, 7,19:44:22,19:45:51,    89, 41.40, 41.30,  0.10
  11953978,  4008, 1,19:45:42,19:46:23,    41, 41.20, 32.90,  8.30
  12706727,  7136, 4,19:45:13,19:46:33,    80, 43.30, 32.50, 10.80
  12706645,     0, 8,19:46:14,19:46:35,    21, 40.40, 38.50,  1.90
         0,     0, 1,19:46:32,19:46:39,     7, 32.90, 41.30, -8.40
         0,     0, 8,19:46:43,19:46:45,     2, 38.50, 41.00, -2.50
         0,     0, 4,19:46:41,19:46:51,    10, 32.50, 43.30,-10.80
  12706701,  7110, 2,19:44:30,19:47:28,   178, 43.80, 28.00, 15.80
  12706645,     0, 8,19:47:01,19:47:45,    44, 39.00, 35.30,  3.70
         0,     0, 2,19:47:36,19:47:52,    16, 28.00, 43.80,-15.80
         0,     0, 8,19:47:53,19:48:00,     7, 35.30, 41.10, -5.80
  12706645,     0, 8,19:48:25,19:49:19,    54, 35.60, 31.50,  4.10
         0,     0, 8,19:49:26,19:49:36,    10, 31.50, 41.00, -9.50
  12200010,  5064, 1,19:50:23,19:50:48,    25, 41.20, 41.20,  0.00
  13008815,     0, 9,19:53:49,19:55:08,    79, 41.10, 35.40,  5.70
         0,     0, 9,19:55:17,19:55:24,     7, 35.40, 41.10, -5.70
  12448442,  6055, 7,19:46:11,19:55:27,   556, 39.10, 36.30,  2.80
         0,     0, 7,19:55:34,19:55:37,     3, 36.30, 41.60, -5.30
  12448432,  6045, 1,19:54:56,19:55:54,    58, 41.10, 34.20,  6.90
         0,     0, 1,19:56:01,19:56:07,     6, 34.20, 41.30, -7.10
  12200010,  5064, 1,19:56:18,19:57:05,    47, 41.20, 32.50,  8.70
         0,     0, 1,19:57:12,19:57:19,     7, 32.50, 41.20, -8.70
  12199981,  5035, 5,19:56:54,19:58:42,   108, 40.80, 32.90,  7.90
         0,     0, 5,19:58:50,19:58:57,     7, 32.90, 40.90, -8.00
  12448473,  6086, 2,20:00:08,20:01:07,    59, 43.80, 36.10,  7.70
         0,     0, 2,20:01:15,20:01:22,     7, 36.10, 43.70, -7.60
  13008837,     0, 9,20:00:02,20:01:38,    96, 41.10, 33.80,  7.30
         0,     0, 9,20:01:47,20:01:56,     9, 33.80, 40.90, -7.10
  13008837,     0, 9,20:02:09,20:02:11,     2, 39.00, 39.10, -0.10
         0,     0, 9,20:02:19,20:02:21,     2, 39.10, 41.10, -2.00
  12448454,  6067, 2,20:03:59,20:05:49,   110, 43.70, 29.70, 14.00
         0,     0, 2,20:05:57,20:06:11,    14, 29.70, 43.80,-14.10
  12448479,  6092, 3,20:04:59,20:06:37,    98, 46.10, 37.40,  8.70
         0,     0, 3,20:06:46,20:06:53,     7, 37.40, 37.70, -0.30
  13008842,  8083, 1,20:06:38,20:08:39,   121, 41.20, 24.60, 16.60
         0,     0, 1,20:08:46,20:09:02,    16, 24.60, 41.30,-16.70
  12706628,     0, 9,20:05:08,20:09:48,   280, 41.10, 35.30,  5.80
         0,     0, 9,20:09:57,20:10:04,     7, 35.30, 41.00, -5.70
  12200010,  5064, 1,20:10:59,20:11:43,    44, 41.30, 33.30,  8.00
         0,     0, 1,20:11:50,20:11:57,     7, 33.30, 41.20, -7.90
  12706707,  7116, 4,20:14:41,20:15:28,    47, 43.20, 36.30,  6.90
         0,     0, 4,20:15:36,20:15:42,     6, 36.30, 43.20, -6.90
  21268825,  6068, 2,20:12:04,20:15:47,   223, 44.00, 27.70, 16.30
         0,     0, 2,20:15:54,20:16:10,    16, 27.70, 43.80,-16.10
  12706624,  7033, 9,20:18:05,20:18:12,     7, 41.00, 41.00,  0.00
  11954027,  4057, 2,20:18:32,20:20:08,    96, 43.90, 31.40, 12.50
  12706624,  7033, 9,20:18:23,20:20:10,   107, 41.00, 38.00,  3.00
         0,     0, 9,20:20:18,20:20:21,     3, 38.00, 41.00, -3.00
         0,     0, 2,20:20:15,20:20:27,    12, 31.40, 43.50,-12.10
  12706624,  7033, 9,20:20:38,20:20:59,    21, 41.00, 39.60,  1.40
         0,     0, 9,20:21:07,20:21:08,     1, 39.60, 41.10, -1.50
  13008742,  7163, 5,20:20:54,20:21:49,    55, 40.80, 40.60,  0.20
  11954027,  4057, 1,20:21:19,20:21:52,    33, 41.20, 31.60,  9.60
         0,     0, 1,20:22:00,20:22:09,     9, 31.60, 41.20, -9.60
  11954027,  4057, 1,20:23:02,20:23:28,    26, 41.20, 37.00,  4.20
         0,     0, 1,20:23:35,20:23:38,     3, 37.00, 41.20, -4.20
  12706738,  7147, 2,20:21:00,20:23:36,   156, 43.70, 27.80, 15.90
         0,     0, 2,20:23:43,20:23:59,    16, 27.80, 43.70,-15.90
  13008742,  7163, 5,20:22:02,20:25:00,   178, 40.50, 20.60, 19.90
         0,     0, 5,20:25:09,20:25:28,    19, 20.60, 40.90,-20.30
  12448416,  6029, 2,20:24:10,20:27:56,   226, 43.80, 29.40, 14.40
         0,     0, 2,20:28:03,20:28:17,    14, 29.40, 43.90,-14.50
  13008790,     0, 6,19:21:18,20:29:31,  4093, 41.10, 12.50, 28.60
         0,     0, 6,20:29:39,20:30:06,    27, 12.50, 41.50,-29.00
  13323444,     0, 9,20:33:03,20:33:07,     4, 41.10, 41.10,  0.00
  12200046,  5100, 1,20:42:29,20:43:48,    79, 41.20, 26.00, 15.20
         0,     0, 1,20:43:55,20:44:09,    14, 26.00, 41.20,-15.20
  13323444,     0, 9,20:44:02,20:44:50,    48, 41.10, 41.10,  0.00
  12448448,  6061, 1,20:45:04,20:45:14,    10, 41.20, 41.20,  0.00
  12448442,  6055, 7,19:58:19,20:47:18,  2939, 37.50, 33.50,  4.00
         0,     0, 7,20:47:25,20:47:30,     5, 33.50, 41.60, -8.10
  13008858,     0, 7,20:48:01,20:48:39,    38, 41.10, 40.60,  0.50
  13008839,     0, 7,20:49:20,20:49:39,    19, 40.60, 40.20,  0.40
  13008842,  8083, 3,20:48:27,20:49:57,    90, 46.10, 39.40,  6.70
         0,     0, 3,20:50:05,20:50:10,     5, 39.40, 39.20,  0.20
  13008839,     0, 8,20:49:51,20:52:00,   129, 40.20, 29.00, 11.20
  12448448,  6061, 2,20:45:17,20:52:09,   412, 43.90, 28.40, 15.50
         0,     0, 8,20:52:07,20:52:20,    13, 29.00, 41.00,-12.00
         0,     0, 2,20:52:18,20:52:33,    15, 28.40, 44.00,-15.60
  12448477,  6090, 2,20:59:35,21:00:53,    78, 43.80, 30.50, 13.30
         0,     0, 2,21:01:02,21:01:15,    13, 30.50, 43.90,-13.40
  12448477,  6090, 2,21:01:51,21:02:07,    16, 44.00, 41.00,  3.00
         0,     0, 2,21:02:15,21:02:17,     2, 41.00, 43.90, -2.90
  12706616,  7025, 5,21:04:35,21:05:54,    79, 40.90, 27.30, 13.60
         0,     0, 5,21:06:02,21:06:15,    13, 27.30, 41.00,-13.70
  12706636,  7045, 1,21:06:28,21:06:59,    31, 41.20, 37.40,  3.80
         0,     0, 1,21:07:08,21:07:11,     3, 37.40, 41.20, -3.80
  12706636,  7045, 2,21:07:13,21:08:12,    59, 43.80, 39.90,  3.90
         0,     0, 2,21:08:20,21:08:23,     3, 39.90, 43.80, -3.90
  11953978,  4008, 1,21:07:21,21:09:31,   130, 41.20, 26.50, 14.70
         0,     0, 1,21:09:39,21:09:53,    14, 26.50, 41.20,-14.70
  21268825,  6068, 1,21:11:30,21:13:22,   112, 41.20, 33.00,  8.20
         0,     0, 1,21:13:31,21:13:38,     7, 33.00, 41.20, -8.20
  12706624,  7033, 9,21:18:17,21:18:59,    42, 41.10, 40.30,  0.80
  12706624,  7033, 9,21:19:33,21:19:34,     1, 38.80, 38.80,  0.00
         0,     0, 9,21:19:42,21:19:44,     2, 38.80, 41.10, -2.30
  13008798,     0, 8,21:17:37,21:20:02,   145, 41.20, 27.40, 13.80
         0,     0, 8,21:20:10,21:20:24,    14, 27.40, 41.20,-13.80
  12448416,  6029, 1,21:17:30,21:20:24,   174, 41.20, 37.60,  3.60
         0,     0, 1,21:20:33,21:20:36,     3, 37.60, 41.30, -3.70
  12706727,  7136, 5,21:19:52,21:20:53,    61, 41.00, 30.20, 10.80
         0,     0, 5,21:21:00,21:21:10,    10, 30.20, 30.30, -0.10
  13008762,     0, 9,21:22:28,21:23:01,    33, 41.10, 41.10,  0.00
  13008842,  8083, 3,21:24:05,21:25:37,    92, 46.20, 38.70,  7.50
  12448451,  6064, 2,21:22:14,21:25:40,   206, 43.80, 43.40,  0.40
         0,     0, 3,21:25:45,21:25:50,     5, 38.70, 38.90, -0.20
  13323420,     0, 9,21:26:40,21:26:41,     1, 40.90, 40.90,  0.00
  13323420,     0, 9,21:27:09,21:27:10,     1, 40.10, 40.10,  0.00
  13323420,     0, 9,21:27:31,21:27:35,     4, 39.20, 39.20,  0.00
         0,     0, 9,21:27:43,21:27:45,     2, 39.20, 41.10, -1.90
  12448451,  6064, 2,21:25:55,21:30:10,   255, 43.40, 22.00, 21.40
         0,     0, 2,21:30:18,21:30:40,    22, 22.00, 43.60,-21.60
  11724159,     0, 8,21:29:45,21:31:17,    92, 41.30, 33.40,  7.90
         0,     0, 8,21:31:26,21:31:34,     8, 33.40, 41.10, -7.70
  12706637,  7046, 2,21:33:31,21:36:10,   159, 43.70, 29.80, 13.90
         0,     0, 2,21:36:19,21:36:33,    14, 29.80, 43.80,-14.00
  13008858,     0, 7,20:51:33,21:38:05,  2792, 30.10, 30.00,  0.10
         0,     0, 7,21:38:13,21:38:20,     7, 30.00, 29.10,  0.90
  12706719,  7128, 5,21:37:28,21:39:48,   140, 40.90, 28.40, 12.50
         0,     0, 5,21:39:55,21:40:07,    12, 28.40, 40.90,-12.50
  12200046,  5100, 3,21:41:18,21:41:59,    41, 46.20, 37.00,  9.20
  13008762,     0, 9,21:41:26,21:42:00,    34, 41.10, 40.90,  0.20
         0,     0, 3,21:42:07,21:42:14,     7, 37.00, 36.80,  0.20
  13008762,     0, 9,21:42:59,21:45:36,   157, 40.90, 33.70,  7.20
  12706669,  7078, 3,21:44:25,21:45:38,    73, 46.30, 34.30, 12.00
         0,     0, 9,21:45:44,21:45:54,    10, 33.70, 41.00, -7.30
         0,     0, 3,21:45:46,21:45:56,    10, 34.30, 34.20,  0.10
  12448412,  6025, 1,21:40:56,21:48:15,   439, 41.30, 40.70,  0.60
  12448412,  6025, 2,21:48:18,21:48:31,    13, 43.80, 43.70,  0.10
  13008732,  7153, 2,21:48:41,21:48:59,    18, 43.70, 43.70,  0.00
  12448412,  6025, 1,21:48:35,21:49:04,    29, 40.70, 40.60,  0.10
  12706700,  7109, 2,21:49:50,21:51:27,    97, 43.70, 29.60, 14.10
         0,     0, 2,21:51:36,21:51:50,    14, 29.60, 43.80,-14.20
  12448412,  6025, 1,21:49:15,21:54:23,   308, 40.60, 16.00, 24.60
         0,     0, 1,21:54:32,21:54:57,    25, 16.00, 41.20,-25.20
  12706651,  7060, 4,21:58:34,22:00:33,   119, 43.50, 29.70, 13.80
         0,     0, 4,22:00:41,22:00:54,    13, 29.70, 43.30,-13.60
  12706651,  7060, 3,22:01:07,22:03:23,   136, 46.60, 44.10,  2.50
  11954027,  4057, 2,22:04:00,22:04:33,    33, 43.80, 43.30,  0.50
  11954027,  4057, 2,22:05:25,22:06:33,    68, 43.30, 39.50,  3.80
         0,     0, 2,22:06:41,22:06:44,     3, 39.50, 43.60, -4.10
  12706669,  7078, 3,22:07:26,22:08:10,    44, 44.20, 33.60, 10.60
         0,     0, 3,22:08:17,22:08:27,    10, 33.60, 33.60,  0.00
  11954027,  4057, 2,22:08:11,22:08:49,    38, 43.70, 42.80,  0.90
  13008732,  7153, 1,22:05:05,22:08:50,   225, 41.20, 25.30, 15.90
         0,     0, 1,22:08:58,22:09:13,    15, 25.30, 41.20,-15.90
  12706616,  7025, 1,22:09:40,22:10:45,    65, 41.30, 29.80, 11.50
         0,     0, 1,22:10:53,22:11:03,    10, 29.80, 41.20,-11.40
  13008835,     0, 9,22:14:43,22:14:47,     4, 41.00, 41.00,  0.00
  13008835,     0, 9,22:14:58,22:15:06,     8, 41.00, 41.00,  0.00
  13008790,     0, 6,20:36:56,22:16:32,  5976, 27.60, 15.40, 12.20
         0,     0, 6,22:16:40,22:17:05,    25, 15.40, 41.50,-26.10
  12706639,  7048, 5,22:18:00,22:22:12,   252, 40.90, 24.30, 16.60
         0,     0, 5,22:22:19,22:22:35,    16, 24.30, 41.00,-16.70
  12200046,  5100, 4,22:27:24,22:28:03,    39, 43.50, 35.80,  7.70
         0,     0, 4,22:28:11,22:28:18,     7, 35.80, 43.30, -7.50
  12706637,  7046, 5,22:27:31,22:29:01,    90, 41.00, 30.80, 10.20
         0,     0, 5,22:29:09,22:29:18,     9, 30.80, 40.90,-10.10
  13323471,     0, 7,21:40:06,22:35:41,  3335, 31.70, 31.70,  0.00
         0,     0, 7,22:35:49,22:35:55,     6, 31.70, 31.80, -0.10
  12706706,  7115, 2,22:36:07,22:38:04,   117, 42.70, 28.20, 14.50
  12448432,  6045, 1,22:37:10,22:38:20,    70, 41.10, 40.80,  0.30
         0,     0, 2,22:38:12,22:38:27,    15, 28.20, 43.80,-15.60
  12706706,  7115, 1,22:38:32,22:38:40,     8, 40.80, 40.80,  0.00
  12448432,  6045, 2,22:38:37,22:40:53,   136, 43.80, 31.90, 11.90
         0,     0, 2,22:41:01,22:41:12,    11, 31.90, 43.70,-11.80
  11954050,  4080, 4,22:40:06,22:42:06,   120, 43.50, 30.30, 13.20
         0,     0, 4,22:42:14,22:42:26,    12, 30.30, 43.40,-13.10
  12706700,  7109, 1,22:45:33,22:46:14,    41, 40.80, 40.80,  0.00
  12200064,  5118, 2,22:42:56,22:46:24,   208, 43.70, 22.50, 21.20
         0,     0, 2,22:46:31,22:46:52,    21, 22.50, 43.70,-21.20
  21268104,  6062, 2,22:49:16,22:51:44,   148, 43.70, 32.70, 11.00
         0,     0, 2,22:51:51,22:52:01,    10, 32.70, 43.80,-11.10
  11953978,  4008, 3,22:52:19,22:53:32,    73, 46.30, 34.90, 11.40
         0,     0, 3,22:53:40,22:53:49,     9, 34.90, 34.90,  0.00
  12448471,  6084, 3,23:14:55,23:17:47,   172, 46.20, 25.50, 20.70
         0,     0, 3,23:17:54,23:18:11,    17, 25.50, 46.20,-20.70
  21304388,  6125, 5,23:13:45,23:18:15,   270, 40.80, 18.90, 21.90
         0,     0, 5,23:18:24,23:18:45,    21, 18.90, 41.00,-22.10
  12199981,  5035, 2,23:16:43,23:19:17,   154, 43.70, 27.80, 15.90
         0,     0, 2,23:19:24,23:19:40,    16, 27.80, 43.90,-16.10
  21268104,  6062, 2,23:35:47,23:37:42,   115, 43.80, 34.10,  9.70
         0,     0, 2,23:37:50,23:37:59,     9, 34.10, 43.80, -9.70
  12448473,  6086, 2,23:41:15,23:42:59,   104, 43.80, 29.20, 14.60
         0,     0, 2,23:43:07,23:43:21,    14, 29.20, 43.80,-14.60
  12448428,  6041, 5,23:44:43,23:44:44,     1, 40.90, 40.90,  0.00
  12706642,  7051, 7,22:36:05,23:44:44,  4119, 41.60, 34.60,  7.00
         0,     0, 8,23:44:57,23:45:07,    10, 41.20, 41.20,  0.00
         0,     0, 9,23:44:57,23:45:07,    10, 40.90, 40.90,  0.00
         0,     0,10,23:44:57,23:45:07,    10, 40.30, 40.30,  0.00
         0,     0, 1,23:44:57,23:45:07,    10, 40.80, 40.80,  0.00
         0,     0, 2,23:44:57,23:45:07,    10, 43.50, 43.50,  0.00
         0,     0, 3,23:44:58,23:45:08,    10, 46.10, 46.10,  0.00
         0,     0, 4,23:44:58,23:45:08,    10, 43.90, 43.90,  0.00
         0,     0, 6,23:44:58,23:45:08,    10, 40.70, 40.70,  0.00
         0,     0, 7,23:44:52,23:44:56,     4, 34.60, 41.60, -7.00
