         0,     0, 9, 0:03:18, 0:03:28,    10, 28.40, 28.40,  0.00
         0,     0,10, 0:03:18, 0:03:28,    10, 31.60, 31.60,  0.00
         0,     0, 1, 0:03:18, 0:03:28,    10, 41.30, 41.30,  0.00
         0,     0, 2, 0:03:18, 0:03:28,    10, 43.90, 43.90,  0.00
         0,     0, 3, 0:03:18, 0:03:28,    10, 46.10, 46.10,  0.00
         0,     0, 4, 0:03:18, 0:03:28,    10, 43.40, 43.40,  0.00
         0,     0, 6, 0:03:18, 0:03:28,    10, 37.60, 37.60,  0.00
         0,     0, 5, 0:03:18, 0:03:28,    10, 40.90, 40.90,  0.00
         0,     0, 7, 0:03:18, 0:03:28,    10, 41.60, 41.60,  0.00
         0,     0, 8, 0:03:18, 0:03:28,    10, 41.20, 41.20,  0.00
  12706701,  7110, 1, 0:05:00, 0:09:24,   264, 41.30, 22.40, 18.90
         0,     0, 1, 0:09:32, 0:09:49,    17, 22.40, 41.50,-19.10
  12706686,  7095, 1, 0:09:59, 0:12:50,   171, 41.30, 23.00, 18.30
         0,     0, 1, 0:12:58, 0:13:15,    17, 23.00, 41.30,-18.30
  12448448,  6061, 5, 0:17:13, 0:17:56,    43, 40.90, 40.80,  0.10
  12706634,     0, 7, 0:12:13, 0:18:01,   348, 41.60, 30.50, 11.10
         0,     0, 7, 0:18:09, 0:18:16,     7, 30.50, 41.50,-11.00
  11724109,  6068, 1, 0:15:46, 0:20:10,   264, 41.30, 26.30, 15.00
         0,     0, 1, 0:20:18, 0:20:32,    14, 26.30, 41.30,-15.00
  12706700,  7109, 5, 0:20:59, 0:21:51,    52, 40.80, 29.40, 11.40
         0,     0, 5, 0:22:00, 0:22:10,    10, 29.40, 29.50, -0.10
  12200083,     0, 9, 0:24:28, 0:25:36,    68, 28.40, 24.40,  4.00
  13008815,     0, 7, 0:18:29, 0:25:51,   442, 41.20, 30.00, 11.20
         0,     0, 9, 0:25:43, 0:26:05,    22, 24.40, 41.00,-16.60
         0,     0, 7, 0:25:59, 0:26:06,     7, 30.00, 30.00,  0.00
  12200083,     0, 9, 0:26:34, 0:26:36,     2, 37.70, 37.70,  0.00
         0,     0, 9, 0:26:45, 0:26:49,     4, 37.70, 41.00, -3.30
  13008837,     0, 8, 0:26:46, 0:26:50,     4, 41.20, 41.20,  0.00
  12448449,  6062, 1, 0:29:10, 0:31:40,   150, 41.30, 22.20, 19.10
         0,     0, 1, 0:31:48, 0:32:06,    18, 22.20, 41.20,-19.00
  12448448,  6061, 4, 0:37:50, 0:43:30,   340, 43.60, 22.50, 21.10
         0,     0, 4, 0:43:38, 0:43:57,    19, 22.50, 22.50,  0.00
  13008835,     0, 6, 0:29:54, 0:44:34,   880, 37.60, 32.30,  5.30
         0,     0, 6, 0:44:42, 0:44:50,     8, 32.30, 40.40, -8.10
  12448479,  6092, 2, 0:47:44, 0:51:12,   208, 43.90, 28.10, 15.80
         0,     0, 2, 0:51:19, 0:51:33,    14, 28.10, 44.00,-15.90
  12706637,  7046, 1, 0:52:22, 0:55:58,   216, 41.30, 23.50, 17.80
  12199988,  5042, 4, 0:53:37, 0:56:12,   155, 43.80, 31.00, 12.80
         0,     0, 1, 0:56:05, 0:56:21,    16, 23.50, 41.30,-17.80
         0,     0, 4, 0:56:20, 0:56:31,    11, 31.00, 43.30,-12.30
  11953978,  4008, 3, 1:04:49, 1:06:17,    88, 47.00, 39.30,  7.70
  12200046,  5100, 1, 1:02:47, 1:06:20,   213, 41.30, 29.10, 12.20
         0,     0, 3, 1:06:24, 1:06:30,     6, 39.30, 39.50, -0.20
         0,     0, 1, 1:06:27, 1:06:38,    11, 29.10, 41.20,-12.10
  13008742,  7163, 5, 1:15:19, 1:15:50,    31, 40.80, 40.60,  0.20
  12448428,  6041, 3, 1:15:52, 1:17:20,    88, 46.70, 39.30,  7.40
         0,     0, 3, 1:17:28, 1:17:33,     5, 39.30, 46.30, -7.00
  13008742,  7163, 3, 1:21:48, 1:24:10,   142, 46.70, 33.70, 13.00
         0,     0, 3, 1:24:18, 1:24:28,    10, 33.70, 33.70,  0.00
  21306958,  5124, 7, 0:26:16, 1:30:26,  3850, 41.40, 34.50,  6.90
         0,     0, 7, 1:30:34, 1:30:38,     4, 34.50, 41.60, -7.10
  21268104,  6067, 2, 1:31:16, 1:31:34,    18, 44.00, 43.90,  0.10
  13323425,     0, 9, 1:34:40, 1:34:59,    19, 40.80, 40.60,  0.20
  21268104,  6067, 2, 1:33:19, 1:36:45,   206, 43.90, 37.40,  6.50
         0,     0, 2, 1:36:52, 1:36:57,     5, 37.40, 43.90, -6.50
  13323358,     0, 8, 1:37:07, 1:37:24,    17, 41.00, 41.00,  0.00
  12706669,  7078, 3, 1:37:26, 1:37:51,    25, 46.70, 43.70,  3.00
         0,     0, 3, 1:37:59, 1:38:00,     1, 43.70, 46.30, -2.60
  12706669,  7078, 3, 1:38:16, 1:39:52,    96, 46.60, 37.50,  9.10
  13323358,     0, 8, 1:38:07, 1:39:59,   112, 41.00, 37.00,  4.00
         0,     0, 3, 1:40:00, 1:40:07,     7, 37.50, 37.40,  0.10
         0,     0, 8, 1:40:07, 1:40:11,     4, 37.00, 41.10, -4.10
  12706636,  7045, 2, 1:40:25, 1:42:17,   112, 43.90, 26.80, 17.10
  13323425,     0, 9, 1:42:09, 1:42:33,    24, 40.40, 40.00,  0.40
         0,     0, 2, 1:42:24, 1:42:39,    15, 26.80, 44.00,-17.20
  13008762,     0, 6, 0:45:54, 1:44:25,  3511, 29.10, 28.40,  0.70
  12706651,  7060, 3, 1:41:41, 1:44:29,   168, 46.70, 29.10, 17.60
         0,     0, 6, 1:44:33, 1:44:45,    12, 28.40, 40.00,-11.60
         0,     0, 3, 1:44:38, 1:44:52,    14, 29.10, 29.00,  0.10
  13008792,     0, 7, 1:30:53, 1:47:21,   988, 41.60, 27.60, 14.00
         0,     0, 7, 1:47:28, 1:47:36,     8, 27.60, 41.60,-14.00
  13008789,     0, 7, 1:47:51, 1:48:52,    61, 41.60, 34.00,  7.60
         0,     0, 7, 1:49:00, 1:49:04,     4, 34.00, 34.20, -0.20
  12706726,  7135, 5, 1:57:57, 1:59:13,    76, 40.70, 33.20,  7.50
  11954050,  4080, 2, 1:57:15, 1:59:13,   118, 44.10, 34.70,  9.40
         0,     0, 5, 1:59:21, 1:59:28,     7, 33.20, 40.70, -7.50
         0,     0, 2, 1:59:21, 1:59:29,     8, 34.70, 44.10, -9.40
  11954050,  4080, 1, 1:59:23, 1:59:54,    31, 41.20, 35.60,  5.60
         0,     0, 1, 2:00:01, 2:00:05,     4, 35.60, 41.20, -5.60
  13323425,     0, 9, 2:01:45, 2:01:46,     1, 38.80, 38.80,  0.00
         0,     0, 9, 2:01:54, 2:01:56,     2, 38.80, 41.20, -2.40
  13008800,     0, 7, 1:49:31, 2:10:15,  1244, 38.20, 38.20,  0.00
         0,     0, 7, 2:10:22, 2:10:24,     2, 38.20, 41.70, -3.50
  12200042,  5096, 3, 2:30:43, 2:33:06,   143, 45.80, 29.50, 16.30
         0,     0, 3, 2:33:14, 2:33:28,    14, 29.50, 29.40,  0.10
  11724159,     0, 6, 1:45:15, 2:44:19,  3544, 31.30, 31.20,  0.10
         0,     0, 6, 2:44:27, 2:44:35,     8, 31.20, 40.90, -9.70
  12706705,  7114, 1, 2:52:22, 2:55:54,   212, 41.20, 23.50, 17.70
         0,     0, 1, 2:56:02, 2:56:18,    16, 23.50, 41.30,-17.80
  12200007,  5061, 5, 2:59:23, 3:01:03,   100, 40.80, 26.00, 14.80
         0,     0, 5, 3:01:10, 3:01:24,    14, 26.00, 40.80,-14.80
  12706650,  7059, 2, 3:06:36, 3:09:28,   172, 44.00, 32.40, 11.60
  12706639,  7048, 1, 3:07:02, 3:09:32,   150, 41.30, 26.70, 14.60
         0,     0, 2, 3:09:36, 3:09:46,    10, 32.40, 43.90,-11.50
         0,     0, 1, 3:09:40, 3:09:53,    13, 26.70, 41.30,-14.60
  12448428,  6041, 2, 3:30:44, 3:31:42,    58, 43.90, 32.30, 11.60
         0,     0, 2, 3:31:50, 3:32:00,    10, 32.30, 44.00,-11.70
  12199981,  5035, 1, 3:34:50, 3:36:09,    79, 41.40, 27.70, 13.70
         0,     0, 1, 3:36:17, 3:36:29,    12, 27.70, 41.20,-13.50
  12448437,  6050, 7, 2:10:34, 3:40:44,  5410, 41.70, 35.30,  6.40
         0,     0, 7, 3:40:53, 3:40:56,     3, 35.30, 41.60, -6.30
  12448416,  6029, 4, 3:38:20, 3:41:20,   180, 43.60, 28.50, 15.10
         0,     0, 4, 3:41:27, 3:41:40,    13, 28.50, 43.30,-14.80
  12706616,  7025, 1, 3:40:10, 3:42:13,   123, 41.20, 21.40, 19.80
         0,     0, 1, 3:42:22, 3:42:40,    18, 21.40, 41.30,-19.90
  12448477,  6090, 5, 4:09:25, 4:11:42,   137, 40.90, 30.40, 10.50
         0,     0, 5, 4:11:51, 4:12:00,     9, 30.40, 40.90,-10.50
  12448416,  6029, 5, 4:20:28, 4:23:43,   195, 40.80, 33.20,  7.60
         0,     0, 5, 4:23:52, 4:23:59,     7, 33.20, 40.90, -7.70
  12706727,  7136, 4, 4:48:42, 4:50:12,    90, 43.40, 33.20, 10.20
         0,     0, 4, 4:50:21, 4:50:30,     9, 33.20, 43.30,-10.10
  12448409,  6022, 3, 5:04:27, 5:07:23,   176, 47.10, 31.70, 15.40
         0,     0, 3, 5:07:31, 5:07:43,    12, 31.70, 31.60,  0.10
  12448449,  6062, 1, 6:04:13, 6:04:39,    26, 41.40, 41.30,  0.10
  12200046,  5100, 1, 6:04:49, 6:04:54,     5, 41.30, 41.30,  0.00
  12200046,  5100, 2, 6:04:57, 6:05:58,    61, 43.90, 33.20, 10.70
         0,     0, 2, 6:06:06, 6:06:15,     9, 33.20, 44.00,-10.80
  12706686,  7095, 3, 6:05:53, 6:08:16,   143, 46.70, 30.80, 15.90
         0,     0, 3, 6:08:25, 6:08:38,    13, 30.80, 30.70,  0.10
  12706710,  7119, 2, 6:08:42, 6:10:49,   127, 43.90, 28.50, 15.40
         0,     0, 2, 6:10:56, 6:11:10,    14, 28.50, 44.00,-15.50
  12448449,  6062, 1, 6:12:03, 6:12:56,    53, 41.30, 41.10,  0.20
  12448449,  6062, 1, 6:13:07, 6:13:08,     1, 40.60, 40.60,  0.00
  11724109,  6068, 1, 6:13:32, 6:15:02,    90, 40.60, 40.30,  0.30
  12448449,  6062, 2, 6:13:14, 6:15:08,   114, 44.10, 28.40, 15.70
         0,     0, 2, 6:15:16, 6:15:30,    14, 28.40, 44.10,-15.70
  12706669,  7078, 5, 6:14:12, 6:15:55,   103, 40.90, 27.90, 13.00
         0,     0, 5, 6:16:04, 6:16:16,    12, 27.90, 40.90,-13.00
  11724109,  6068, 1, 6:15:13, 6:18:24,   191, 40.30, 25.20, 15.10
         0,     0, 1, 6:18:31, 6:18:45,    14, 25.20, 41.20,-16.00
  12706707,  7116, 2, 6:25:17, 6:26:26,    69, 44.00, 33.60, 10.40
         0,     0, 2, 6:26:35, 6:26:44,     9, 33.60, 44.00,-10.40
  12706707,  7116, 2, 6:26:55, 6:27:17,    22, 44.00, 40.00,  4.00
         0,     0, 2, 6:27:26, 6:27:28,     2, 40.00, 43.90, -3.90
  21268104,  6067, 5, 6:24:55, 6:28:05,   190, 40.90, 28.10, 12.80
         0,     0, 5, 6:28:12, 6:28:24,    12, 28.10, 40.90,-12.80
  12706650,  7059, 3, 6:26:30, 6:28:57,   147, 46.70, 34.40, 12.30
         0,     0, 3, 6:29:04, 6:29:14,    10, 34.40, 34.20,  0.20
  13008735,  7156, 4, 6:29:38, 6:31:04,    86, 43.60, 36.40,  7.20
         0,     0, 4, 6:31:13, 6:31:19,     6, 36.40, 43.40, -7.00
  13008735,  7156, 3, 6:31:38, 6:33:55,   137, 46.20, 38.70,  7.50
         0,     0, 3, 6:34:03, 6:34:09,     6, 38.70, 38.80, -0.10
  21292347,  5120, 4, 6:31:31, 6:35:13,   222, 43.50, 29.40, 14.10
  12448416,  6029, 1, 6:32:30, 6:35:22,   172, 41.20, 30.10, 11.10
         0,     0, 4, 6:35:20, 6:35:33,    13, 29.40, 43.40,-14.00
         0,     0, 1, 6:35:31, 6:35:41,    10, 30.10, 41.30,-11.20
  11724239,  3139, 1, 6:35:51, 6:36:18,    27, 41.20, 41.20,  0.00
  11724239,  3139, 2, 6:36:34, 6:38:46,   132, 43.90, 43.30,  0.60
  12706738,  7147, 1, 6:36:39, 6:39:02,   143, 41.20, 24.70, 16.50
         0,     0, 1, 6:39:10, 6:39:25,    15, 24.70, 41.30,-16.60
  11724239,  3139, 1, 6:39:35, 6:40:43,    68, 41.30, 40.80,  0.50
  11724239,  3139, 2, 6:40:55, 6:43:01,   126, 43.30, 28.10, 15.20
         0,     0, 2, 6:43:09, 6:43:23,    14, 28.10, 44.00,-15.90
  12706686,  7095, 1, 6:43:30, 6:45:34,   124, 40.80, 30.00, 10.80
         0,     0, 1, 6:45:42, 6:45:52,    10, 30.00, 41.30,-11.30
  21268825,  6087, 2, 6:43:33, 6:45:51,   138, 44.10, 29.40, 14.70
         0,     0, 2, 6:46:00, 6:46:13,    13, 29.40, 44.10,-14.70
  11954056,     0, 8, 6:48:01, 6:48:12,    11, 41.10, 41.00,  0.10
  12706637,  7046, 3, 6:48:02, 6:48:50,    48, 46.50, 46.60, -0.10
  12706726,  7135, 2, 6:48:12, 6:50:07,   115, 44.10, 28.40, 15.70
         0,     0, 2, 6:50:15, 6:50:29,    14, 28.40, 44.00,-15.60
  12706726,  7135, 2, 6:50:39, 6:50:41,     2, 44.10, 44.10,  0.00
  12706637,  7046, 3, 6:49:01, 6:50:51,   110, 46.90, 28.50, 18.40
  12448471,  6084, 4, 6:49:06, 6:51:00,   114, 43.90, 26.70, 17.20
  12448473,  6086, 1, 6:49:38, 6:51:08,    90, 41.30, 28.20, 13.10
         0,     0, 3, 6:51:00, 6:51:16,    16, 28.50, 28.50,  0.00
         0,     0, 4, 6:51:07, 6:51:24,    17, 26.70, 43.20,-16.50
         0,     0, 1, 6:51:16, 6:51:28,    12, 28.20, 41.30,-13.10
  12706651,  7060, 5, 6:49:01, 6:51:41,   160, 40.90, 24.60, 16.30
         0,     0, 5, 6:51:49, 6:52:05,    16, 24.60, 40.90,-16.30
  11954014,  4044, 3, 6:55:18, 6:56:43,    85, 46.80, 30.20, 16.60
         0,     0, 3, 6:56:51, 6:57:05,    14, 30.20, 30.10,  0.10
  12706707,  7116, 2, 7:02:07, 7:02:24,    17, 44.00, 43.90,  0.10
  12706707,  7116, 2, 7:06:27, 7:07:22,    55, 43.90, 37.10,  6.80
         0,     0, 2, 7:07:30, 7:07:35,     5, 37.10, 44.00, -6.90
  13008756,  7115, 3, 7:09:10, 7:11:48,   158, 47.40, 23.30, 24.10
         0,     0, 3, 7:11:56, 7:12:16,    20, 23.30, 23.30,  0.00
  11499161,  2051, 2, 7:13:49, 7:13:50,     1, 44.00, 44.00,  0.00
  11724239,  3139, 1, 7:10:51, 7:13:52,   181, 41.30, 36.00,  5.30
         0,     0, 1, 7:14:01, 7:14:05,     4, 36.00, 41.30, -5.30
  11499161,  2051, 1, 7:14:15, 7:14:39,    24, 41.30, 40.90,  0.40
  11499161,  2051, 1, 7:14:50, 7:17:56,   186, 40.90, 19.40, 21.50
         0,     0, 1, 7:18:05, 7:18:25,    20, 19.40, 41.30,-21.90
  12706705,  7114, 2, 7:15:40, 7:19:25,   225, 44.00, 22.50, 21.50
         0,     0, 2, 7:19:33, 7:19:53,    20, 22.50, 44.10,-21.60
  12706707,  7116, 2, 7:20:03, 7:20:12,     9, 44.10, 43.80,  0.30
  11954050,  4080, 1, 7:26:59, 7:29:21,   142, 41.30, 30.90, 10.40
         0,     0, 1, 7:29:29, 7:29:38,     9, 30.90, 41.30,-10.40
  11954050,  4080, 2, 7:29:47, 7:30:02,    15, 43.80, 41.70,  2.10
         0,     0, 2, 7:30:09, 7:30:10,     1, 41.70, 43.80, -2.10
  12706659,  7068, 2, 7:30:49, 7:38:53,   484, 43.80, 15.30, 28.50
         0,     0, 2, 7:39:01, 7:39:28,    27, 15.30, 44.10,-28.80
  13323425,     0, 9, 7:40:52, 7:41:17,    25, 41.10, 40.80,  0.30
  13323425,     0, 9, 7:41:37, 7:42:30,    53, 40.80, 40.00,  0.80
         0,     0, 9, 7:42:38, 7:42:38,     0, 40.00, 40.80, -0.80
  13323425,     0, 9, 7:46:07, 7:46:37,    30, 40.80, 40.40,  0.40
  11953978,  4008, 2, 7:44:07, 7:46:49,   162, 44.10, 27.20, 16.90
         0,     0, 2, 7:46:57, 7:47:12,    15, 27.20, 44.10,-16.90
  13323425,     0, 9, 7:48:17, 7:48:19,     2, 39.70, 39.70,  0.00
         0,     0, 9, 7:48:26, 7:48:27,     1, 39.70, 41.00, -1.30
  13323425,     0, 9, 7:49:24, 7:49:27,     3, 40.50, 40.50,  0.00
  12199981,  5035, 3, 7:51:51, 7:53:18,    87, 46.60, 30.50, 16.10
         0,     0, 3, 7:53:25, 7:53:39,    14, 30.50, 30.30,  0.20
  12448479,  6092, 2, 8:00:13, 8:03:13,   180, 44.10, 30.10, 14.00
         0,     0, 2, 8:03:21, 8:03:33,    12, 30.10, 44.00,-13.90
  12200007,  5061, 2, 8:14:32, 8:16:35,   123, 44.00, 29.40, 14.60
         0,     0, 2, 8:16:43, 8:16:56,    13, 29.40, 44.10,-14.70
  12448451,  6064, 2, 8:19:25, 8:20:04,    39, 44.10, 44.00,  0.10
  11953978,  4008, 1, 8:18:46, 8:20:07,    81, 41.30, 29.20, 12.10
         0,     0, 1, 8:20:15, 8:20:26,    11, 29.20, 41.20,-12.00
  12448451,  6064, 2, 8:20:31, 8:21:06,    35, 44.00, 44.00,  0.00
  12706655,  7064, 4, 8:16:27, 8:22:37,   370, 43.60, 22.90, 20.70
         0,     0, 4, 8:22:45, 8:23:05,    20, 22.90, 43.30,-20.40
  12448451,  6064, 1, 8:21:11, 8:25:35,   264, 41.30, 13.40, 27.90
         0,     0, 1, 8:25:42, 8:26:08,    26, 13.40, 41.20,-27.80
  13323416,     0,10, 8:31:00, 8:31:54,    54, 30.50, 29.50,  1.00
         0,     0,10, 8:32:02, 8:32:14,    12, 29.50, 41.10,-11.60
  13008833,     0, 6, 2:44:55, 8:32:45, 20870, 40.70, 26.70, 14.00
         0,     0, 6, 8:32:54, 8:33:08,    14, 26.70, 41.40,-14.70
  11954075,  4105, 2, 8:40:16, 8:42:06,   110, 43.90, 22.70, 21.20
         0,     0, 2, 8:42:13, 8:42:33,    20, 22.70, 44.00,-21.30
  13323416,     0, 9, 8:42:43, 8:44:29,   106, 40.00, 33.80,  6.20
         0,     0, 9, 8:44:37, 8:44:46,     9, 33.80, 41.10, -7.30
  13008800,     0, 8, 8:45:34, 8:46:43,    69, 41.10, 38.80,  2.30
         0,     0, 8, 8:46:51, 8:46:53,     2, 38.80, 41.00, -2.20
  12706639,  7048, 2, 8:47:06, 8:48:56,   110, 44.00, 43.70,  0.30
  13323435,     0, 9, 8:46:37, 8:49:29,   172, 41.10, 35.90,  5.20
         0,     0, 9, 8:49:37, 8:49:43,     6, 35.90, 41.10, -5.20
  12706639,  7048, 1, 8:49:02, 8:50:56,   114, 41.20, 22.90, 18.30
         0,     0, 1, 8:51:03, 8:51:20,    17, 22.90, 41.20,-18.30
  11499202,     0, 6, 8:33:28, 8:55:26,  1318, 40.20, 13.00, 27.20
         0,     0, 6, 8:55:33, 8:56:00,    27, 13.00, 41.40,-28.40
  12706659,  7068, 5, 8:53:44, 8:56:20,   156, 40.80, 32.00,  8.80
         0,     0, 5, 8:56:28, 8:56:36,     8, 32.00, 40.80, -8.80
  13323425,     0, 9, 8:59:01, 8:59:24,    23, 41.10, 40.70,  0.40
  13323425,     0, 9, 8:59:34, 9:00:16,    42, 40.80, 40.10,  0.70
  12706622,     0, 6, 8:58:15, 9:01:07,   172, 41.00, 31.30,  9.70
         0,     0, 6, 9:01:14, 9:01:23,     9, 31.30, 41.60,-10.30
  13323425,     0, 9, 9:00:32, 9:01:25,    53, 40.10, 39.10,  1.00
         0,     0, 9, 9:01:32, 9:01:34,     2, 39.10, 41.10, -2.00
  13323425,     0, 9, 9:01:55, 9:01:57,     2, 39.80, 39.80,  0.00
         0,     0, 9, 9:02:05, 9:02:06,     1, 39.80, 40.90, -1.10
  12706669,  7078, 2, 9:01:13, 9:05:42,   269, 43.70, 36.70,  7.00
         0,     0, 2, 9:05:49, 9:05:55,     6, 36.70, 43.90, -7.20
  12200007,  5061, 5, 9:07:09, 9:08:53,   104, 40.80, 27.90, 12.90
         0,     0, 5, 9:09:01, 9:09:13,    12, 27.90, 27.90,  0.00
  13008762,     0, 6, 9:03:13, 9:09:16,   363, 29.70, 29.80, -0.10
         0,     0, 6, 9:09:23, 9:09:33,    10, 29.80, 41.60,-11.80
  12200048,     0, 7, 3:43:59, 9:10:10, 19571, 40.20, 33.40,  6.80
         0,     0, 7, 9:10:19, 9:10:24,     5, 33.40, 41.60, -8.20
  13323416,     0, 9, 9:09:37, 9:10:56,    79, 34.00, 31.60,  2.40
         0,     0, 9, 9:11:04, 9:11:16,    12, 31.60, 41.10, -9.50
  12448479,  6092, 4, 9:09:30, 9:11:28,   118, 43.90, 30.30, 13.60
  13323416,     0,10, 9:11:38, 9:11:40,     2, 39.60, 39.70, -0.10
         0,     0, 4, 9:11:36, 9:11:48,    12, 30.30, 43.40,-13.10
         0,     0,10, 9:11:49, 9:11:50,     1, 39.70, 41.20, -1.50
  12448483,  6096, 1, 9:09:16, 9:12:00,   164, 41.30, 15.30, 26.00
         0,     0, 1, 9:12:07, 9:12:31,    24, 15.30, 41.20,-25.90
  12448428,  6041, 1, 9:12:54, 9:13:11,    17, 41.20, 39.50,  1.70
         0,     0, 1, 9:13:18, 9:13:19,     1, 39.50, 41.20, -1.70
  13008779,     0, 8, 9:12:45, 9:13:45,    60, 41.10, 36.20,  4.90
         0,     0, 8, 9:13:54, 9:13:59,     5, 36.20, 41.10, -4.90
  13008732,  7153, 3, 9:13:27, 9:14:08,    41, 47.80, 47.00,  0.80
  13008732,  7153, 4, 9:15:23, 9:15:36,    13, 43.60, 43.60,  0.00
  12448428,  6041, 3, 9:14:30, 9:15:39,    69, 47.00, 28.90, 18.10
  21268104,  6067, 2, 9:13:36, 9:15:43,   127, 43.90, 34.00,  9.90
         0,     0, 2, 9:15:51, 9:16:01,    10, 34.00, 43.80, -9.80
         0,     0, 3, 9:15:47, 9:16:04,    17, 28.90, 28.80,  0.10
  13008732,  7153, 3, 9:17:10, 9:21:08,   238, 46.70, 20.60, 26.10
  13008786,     0, 8, 9:21:01, 9:21:13,    12, 40.70, 40.80, -0.10
  13008768,     0, 6, 9:10:07, 9:21:36,   689, 41.60, 26.40, 15.20
         0,     0, 3, 9:21:16, 9:21:39,    23, 20.60, 21.60, -1.00
         0,     0, 6, 9:21:43, 9:21:57,    14, 26.40, 41.60,-15.20
  13008765,     0, 9, 9:22:22, 9:23:23,    61, 41.10, 39.00,  2.10
         0,     0, 9, 9:23:32, 9:23:34,     2, 39.00, 41.10, -2.10
  13008786,     0, 8, 9:22:03, 9:23:55,   112, 40.80, 39.90,  0.90
  13008765,     0, 9, 9:23:53, 9:23:56,     3, 39.30, 39.40, -0.10
         0,     0, 8, 9:24:02, 9:24:02,     0, 39.90, 40.70, -0.80
         0,     0, 9, 9:24:04, 9:24:05,     1, 39.40, 41.00, -1.60
  12706700,  7109, 2, 9:23:45, 9:24:38,    53, 43.80, 34.30,  9.50
         0,     0, 2, 9:24:45, 9:24:53,     8, 34.30, 43.90, -9.60
  11954075,  4105, 1, 9:24:08, 9:25:44,    96, 41.20, 23.80, 17.40
  12706700,  7109, 2, 9:25:19, 9:25:59,    40, 44.00, 33.70, 10.30
         0,     0, 1, 9:25:51, 9:26:07,    16, 23.80, 41.30,-17.50
         0,     0, 2, 9:26:06, 9:26:15,     9, 33.70, 43.90,-10.20
  12706738,  7147, 4, 9:24:32, 9:27:47,   195, 43.80, 27.20, 16.60
         0,     0, 4, 9:27:54, 9:28:09,    15, 27.20, 43.30,-16.10
  13008779,     0, 7, 9:11:12, 9:33:00,  1308, 40.20, 37.70,  2.50
         0,     0, 7, 9:33:07, 9:33:09,     2, 37.70, 41.50, -3.80
  12706710,  7119, 2, 9:34:27, 9:37:18,   171, 43.90, 24.30, 19.60
         0,     0, 2, 9:37:26, 9:37:44,    18, 24.30, 44.10,-19.80
  12706686,  7095, 1, 9:44:17, 9:46:19,   122, 41.30, 37.10,  4.20
         0,     0, 1, 9:46:27, 9:46:30,     3, 37.10, 41.20, -4.10
  13008820,     0, 8, 9:47:35, 9:47:36,     1, 40.40, 40.50, -0.10
  12200042,  5096, 4, 9:45:34, 9:48:38,   184, 43.60, 23.70, 19.90
         0,     0, 4, 9:48:46, 9:49:05,    19, 23.70, 43.30,-19.60
  13008820,     0, 8, 9:49:24, 9:49:26,     2, 39.40, 39.40,  0.00
         0,     0, 8, 9:49:33, 9:49:34,     1, 39.40, 40.70, -1.30
  13008797,     0, 6, 9:30:13, 9:51:36,  1283, 41.60, 21.40, 20.20
         0,     0, 6, 9:51:43, 9:52:03,    20, 21.40, 21.70, -0.30
  12706636,  7045, 2, 9:52:52, 9:54:49,   117, 44.00, 31.20, 12.80
         0,     0, 2, 9:54:59, 9:55:10,    11, 31.20, 44.10,-12.90
  12448448,  6061, 3, 9:54:40, 9:55:49,    69, 46.90, 46.90,  0.00
  12706701,  7110, 1, 9:52:45, 9:56:37,   232, 41.20, 24.70, 16.50
  12448449,  6062, 2, 9:55:19, 9:56:48,    89, 44.10, 43.30,  0.80
  13008820,     0, 7, 9:51:59, 9:56:54,   295, 39.10, 34.50,  4.60
         0,     0, 1, 9:56:46, 9:57:01,    15, 24.70, 41.60,-16.90
         0,     0, 7, 9:57:01, 9:57:05,     4, 34.50, 41.60, -7.10
  12448449,  6062, 1, 9:57:11, 9:58:35,    84, 41.30, 29.90, 11.40
         0,     0, 1, 9:58:44, 9:58:54,    10, 29.90, 41.20,-11.30
  12448448,  6061, 4, 9:55:54, 9:58:56,   182, 44.20, 43.60,  0.60
  12448448,  6061, 4, 9:59:07,10:04:55,   348, 43.40, 23.30, 20.10
         0,     0, 4,10:05:03,10:05:23,    20, 23.30, 43.30,-20.00
  12448420,     0, 9,10:04:39,10:05:54,    75, 40.90, 40.00,  0.90
  12706686,  7095, 1,10:04:33,10:07:36,   183, 41.20, 33.60,  7.60
         0,     0, 1,10:07:44,10:07:51,     7, 33.60, 41.30, -7.70
  12448420,     0, 9,10:06:22,10:08:00,    98, 38.90, 35.60,  3.30
  12706601,     0,10,10:06:04,10:08:07,   123, 41.10, 31.60,  9.50
         0,     0, 9,10:08:09,10:08:16,     7, 35.60, 41.10, -5.50
         0,     0,10,10:08:16,10:08:26,    10, 31.60, 41.20, -9.60
  12200046,  5100, 1,10:14:54,10:16:18,    84, 41.30, 29.20, 12.10
  12448437,  6050, 8,10:15:52,10:16:32,    40, 40.70, 40.60,  0.10
         0,     0, 1,10:16:26,10:16:37,    11, 29.20, 41.30,-12.10
  13008789,     0, 7, 9:57:16,10:17:23,  1207, 41.70, 25.40, 16.30
         0,     0, 7,10:17:31,10:17:41,    10, 25.40, 41.60,-16.20
  13008837,     0, 8,10:17:18,10:18:39,    81, 40.60, 36.00,  4.60
         0,     0, 8,10:18:48,10:18:53,     5, 36.00, 41.10, -5.10
  13008837,     0, 8,10:20:37,10:21:05,    28, 27.80, 27.40,  0.40
  12448437,  6050, 7,10:17:51,10:21:20,   209, 41.60, 37.80,  3.80
         0,     0, 8,10:21:13,10:21:27,    14, 27.40, 41.20,-13.80
         0,     0, 7,10:21:28,10:21:30,     2, 37.80, 41.40, -3.60
  13008742,  7163, 2,10:22:19,10:22:36,    17, 43.20, 43.20,  0.00
  13008742,  7163, 1,10:22:40,10:23:13,    33, 41.30, 41.20,  0.10
  13323427,     0, 8,10:27:01,10:27:03,     2, 41.10, 41.10,  0.00
  13008742,  7163, 1,10:23:23,10:27:08,   225, 41.20, 20.90, 20.30
         0,     0, 1,10:27:17,10:27:36,    19, 20.90, 41.40,-20.50
  13323427,     0, 8,10:29:20,10:29:23,     3, 40.90, 40.90,  0.00
  12448477,  6090, 4,10:30:19,10:31:22,    63, 44.30, 37.80,  6.50
         0,     0, 4,10:31:30,10:31:35,     5, 37.80, 43.40, -5.60
  12448477,  6090, 3,10:31:56,10:33:01,    65, 47.30, 39.50,  7.80
         0,     0, 3,10:33:09,10:33:14,     5, 39.50, 39.70, -0.20
  12448416,  6029, 4,10:31:45,10:34:10,   145, 43.30, 28.00, 15.30
         0,     0, 4,10:34:19,10:34:34,    15, 28.00, 43.40,-15.40
  11724109,  6068, 2,10:34:55,10:36:09,    74, 43.10, 43.00,  0.10
  11724109,  6068, 1,10:36:33,10:40:29,   236, 41.30, 27.30, 14.00
         0,     0, 1,10:40:37,10:40:49,    12, 27.30, 41.20,-13.90
  11724109,  6068, 1,10:40:59,10:42:04,    65, 41.20, 34.80,  6.40
  12448409,  6022, 2,10:40:40,10:42:11,    91, 43.00, 42.30,  0.70
         0,     0, 1,10:42:12,10:42:17,     5, 34.80, 41.30, -6.50
  13323427,     0, 8,10:44:28,10:45:45,    77, 40.80, 40.70,  0.10
  12448409,  6022, 2,10:42:31,10:45:51,   200, 42.30, 14.20, 28.10
         0,     0, 2,10:46:00,10:46:28,    28, 14.20, 44.00,-29.80
  12706651,  7060, 5,10:44:29,10:46:37,   128, 41.00, 27.60, 13.40
         0,     0, 5,10:46:46,10:46:58,    12, 27.60, 27.70, -0.10
  12706616,  7025, 3,10:45:38,10:47:12,    94, 46.40, 31.00, 15.40
         0,     0, 3,10:47:19,10:47:32,    13, 31.00, 30.90,  0.10
  12706636,  7045, 1,10:48:10,10:49:54,   104, 41.30, 26.30, 15.00
  12448471,  6084, 2,10:48:31,10:49:58,    87, 44.10, 29.10, 15.00
  13323434,     0, 9,10:49:45,10:50:07,    22, 41.10, 41.00,  0.10
         0,     0, 1,10:50:01,10:50:15,    14, 26.30, 41.30,-15.00
         0,     0, 2,10:50:06,10:50:20,    14, 29.10, 44.10,-15.00
  13323434,     0, 9,10:50:27,10:50:37,    10, 40.70, 40.60,  0.10
  13323434,     0, 9,10:50:54,10:51:13,    19, 40.10, 39.70,  0.40
         0,     0, 9,10:51:22,10:51:23,     1, 39.70, 41.00, -1.30
  13323434,     0, 9,10:51:37,10:51:57,    20, 40.10, 39.40,  0.70
  13008837,     0, 7,10:21:43,10:52:02,  1819, 41.40, 40.80,  0.60
         0,     0, 9,10:52:06,10:52:08,     2, 39.40, 41.20, -1.80
  13323434,     0, 9,10:52:24,10:52:26,     2, 40.00, 40.00,  0.00
         0,     0, 9,10:52:34,10:52:34,     0, 40.00, 40.10, -0.10
  13323434,     0, 9,10:52:57,10:53:01,     4, 38.20, 38.20,  0.00
         0,     0, 9,10:53:09,10:53:12,     3, 38.20, 41.00, -2.80
  13323434,     0, 9,10:53:50,10:53:52,     2, 38.50, 38.50,  0.00
         0,     0, 9,10:54:01,10:54:04,     3, 38.50, 41.10, -2.60
  13008820,     0, 7,10:52:41,10:55:03,   142, 40.40, 38.30,  2.10
         0,     0, 7,10:55:11,10:55:13,     2, 38.30, 41.60, -3.30
  12706601,     0,10,10:54:07,10:55:37,    90, 41.10, 34.90,  6.20
         0,     0,10,10:55:45,10:55:51,     6, 34.90, 41.20, -6.30
  12706601,     0,10,10:56:12,10:56:36,    24, 41.20, 38.80,  2.40
         0,     0,10,10:56:45,10:56:47,     2, 38.80, 41.20, -2.40
  12706609,  7018, 8,10:59:26,10:59:31,     5, 40.70, 40.70,  0.00
  12706609,  7018, 8,10:59:52,11:01:19,    87, 40.50, 35.50,  5.00
         0,     0, 8,11:01:28,11:01:33,     5, 35.50, 41.10, -5.60
  12706726,  7135, 5,10:59:55,11:02:29,   154, 40.80, 28.30, 12.50
         0,     0, 5,11:02:37,11:02:48,    11, 28.30, 28.30,  0.00
  12706727,  7136, 1,10:59:34,11:02:51,   197, 41.30, 22.70, 18.60
         0,     0, 1,11:02:59,11:03:16,    17, 22.70, 41.30,-18.60
  12448437,  6050, 7,10:55:23,11:05:50,   627, 41.50, 34.60,  6.90
         0,     0, 7,11:05:58,11:06:02,     4, 34.60, 41.50, -6.90
  12199969,     0, 9,11:06:53,11:07:17,    24, 41.10, 41.10,  0.00
  12199969,     0, 9,11:07:42,11:08:06,    24, 41.10, 40.60,  0.50
  13008756,  7115, 1,11:07:42,11:09:06,    84, 41.30, 32.30,  9.00
         0,     0, 1,11:09:14,11:09:22,     8, 32.30, 41.30, -9.00
  13008756,  7115, 2,11:09:21,11:09:25,     4, 44.10, 44.10,  0.00
  12199969,     0, 9,11:08:54,11:09:47,    53, 40.60, 36.60,  4.00
         0,     0, 9,11:09:56,11:10:01,     5, 36.60, 41.10, -4.50
  12199988,  5042, 4,11:07:42,11:10:48,   186, 43.80, 27.40, 16.40
         0,     0, 4,11:10:56,11:11:11,    15, 27.40, 43.30,-15.90
  13008835,     0, 6, 9:52:58,11:12:38,  4780, 41.30, 34.20,  7.10
  12448477,  6090, 5,11:11:16,11:12:38,    82, 40.80, 32.60,  8.20
         0,     0, 6,11:12:45,11:12:52,     7, 34.20, 41.40, -7.20
         0,     0, 5,11:12:45,11:12:53,     8, 32.60, 40.80, -8.20
  12706624,  7033, 6,11:13:05,11:20:47,   462, 41.40, 36.30,  5.10
         0,     0, 6,11:20:54,11:20:58,     4, 36.30, 41.20, -4.90
  12200048,     0, 8,11:20:18,11:21:00,    42, 41.10, 41.00,  0.10
  12199977,     0, 7,11:06:14,11:29:25,  1391, 41.40, 26.90, 14.50
         0,     0, 7,11:29:33,11:29:42,     9, 26.90, 41.50,-14.60
  12200048,     0, 8,11:27:09,11:29:53,   164, 41.00, 33.30,  7.70
         0,     0, 8,11:30:02,11:30:09,     7, 33.30, 33.40, -0.10
  12448442,  6055, 6,11:21:26,11:30:46,   560, 36.00, 31.40,  4.60
         0,     0, 6,11:30:54,11:31:03,     9, 31.40, 41.40,-10.00
  13323427,     0, 8,11:32:34,11:32:35,     1, 41.00, 41.00,  0.00
  13008742,  7163, 2,11:29:41,11:33:14,   213, 44.10, 31.50, 12.60
         0,     0, 2,11:33:22,11:33:33,    11, 31.50, 44.00,-12.50
  12706651,  7060, 4,11:35:59,11:36:52,    53, 43.50, 42.50,  1.00
  12448471,  6084, 3,11:37:07,11:38:11,    64, 46.70, 37.70,  9.00
         0,     0, 3,11:38:19,11:38:26,     7, 37.70, 37.60,  0.10
  12706726,  7135, 5,11:37:27,11:38:50,    83, 40.90, 31.40,  9.50
  13008737,     0, 8,11:36:58,11:38:56,   118, 41.10, 24.10, 17.00
  12448420,     0,10,11:36:44,11:38:58,   134, 41.10, 36.20,  4.90
         0,     0, 5,11:38:59,11:39:08,     9, 31.40, 40.70, -9.30
         0,     0,10,11:39:05,11:39:10,     5, 36.20, 41.20, -5.00
  12706622,     0, 6,11:33:47,11:39:17,   330, 30.90, 30.80,  0.10
         0,     0, 8,11:39:04,11:39:21,    17, 24.10, 41.10,-17.00
         0,     0, 6,11:39:25,11:39:35,    10, 30.80, 30.90, -0.10
  12706615,     0, 9,11:39:42,11:42:15,   153, 31.70, 20.80, 10.90
         0,     0, 9,11:42:24,11:42:51,    27, 20.80, 41.00,-20.20
  12706651,  7060, 4,11:45:24,11:47:14,   110, 42.70, 33.10,  9.60
         0,     0, 4,11:47:21,11:47:31,    10, 33.10, 43.30,-10.20
  11954014,  4044, 2,11:47:26,11:49:23,   117, 44.00, 25.00, 19.00
         0,     0, 2,11:49:30,11:49:47,    17, 25.00, 44.00,-19.00
  12706707,  7116, 2,11:55:47,11:56:52,    65, 44.00, 36.20,  7.80
         0,     0, 2,11:56:59,11:57:05,     6, 36.20, 44.00, -7.80
  12706624,  7033, 6,11:41:05,11:58:01,  1016, 41.30, 36.20,  5.10
  21268825,  6087, 3,11:55:29,11:58:07,   158, 46.80, 29.10, 17.70
         0,     0, 6,11:58:09,11:58:13,     4, 36.20, 41.50, -5.30
         0,     0, 3,11:58:14,11:58:29,    15, 29.10, 29.00,  0.10
  12199969,     0, 9,11:56:05,12:00:16,   251, 41.00, 33.50,  7.50
         0,     0, 9,12:00:25,12:00:34,     9, 33.50, 41.00, -7.50
  12706700,  7109, 2,11:59:51,12:00:43,    52, 44.00, 33.60, 10.40
         0,     0, 2,12:00:51,12:01:00,     9, 33.60, 43.90,-10.30
  13008735,  7156, 1,11:57:28,12:01:09,   221, 41.30, 23.00, 18.30
         0,     0, 1,12:01:17,12:01:34,    17, 23.00, 41.30,-18.30
  13008762,     0, 6,11:58:51,12:03:11,   260, 40.90, 27.80, 13.10
         0,     0, 6,12:03:19,12:03:31,    12, 27.80, 41.50,-13.70
  13008737,     0, 7,11:35:20,12:03:35,  1695, 41.50, 32.70,  8.80
         0,     0, 7,12:03:42,12:03:47,     5, 32.70, 41.60, -8.90
  13323358,     0, 8,12:04:48,12:04:55,     7, 32.50, 32.40,  0.10
         0,     0, 8,12:05:03,12:05:11,     8, 32.40, 41.20, -8.80
  13323358,     0, 8,12:05:31,12:06:45,    74, 41.20, 37.20,  4.00
         0,     0, 8,12:06:52,12:06:55,     3, 37.20, 41.10, -3.90
  11499202,     0, 6,12:03:44,12:07:01,   197, 40.10, 35.00,  5.10
         0,     0, 6,12:07:08,12:07:13,     5, 35.00, 41.50, -6.50
  13323435,     0, 9,12:07:56,12:11:17,   201, 41.00, 36.20,  4.80
         0,     0, 9,12:11:25,12:11:31,     6, 36.20, 41.10, -4.90
  12706634,     0, 7,12:12:37,12:13:26,    49, 41.60, 41.40,  0.20
  12199988,  5042, 4,12:13:04,12:15:34,   150, 43.70, 31.60, 12.10
         0,     0, 4,12:15:42,12:15:53,    11, 31.60, 43.30,-11.70
  13008815,     0, 8,12:13:52,12:17:08,   196, 41.20, 27.60, 13.60
         0,     0, 8,12:17:16,12:17:29,    13, 27.60, 27.70, -0.10
  13008815,     0, 8,12:17:50,12:18:16,    26, 41.00, 37.50,  3.50
         0,     0, 8,12:18:24,12:18:27,     3, 37.50, 41.10, -3.60
  11954042,     0, 7,12:13:35,12:19:56,   381, 41.80, 26.20, 15.60
         0,     0, 7,12:20:04,12:20:13,     9, 26.20, 41.60,-15.40
  12448521,     0, 7,12:20:54,12:21:40,    46, 36.40, 33.00,  3.40
         0,     0, 7,12:21:47,12:21:52,     5, 33.00, 41.50, -8.50
  11724239,  3139, 2,12:16:59,12:22:11,   312, 43.90, 31.10, 12.80
         0,     0, 2,12:22:18,12:22:29,    11, 31.10, 44.00,-12.90
  11724239,  3139, 1,12:22:33,12:22:42,     9, 41.30, 41.30,  0.00
  21292347,  5120, 4,12:24:01,12:27:24,   203, 43.70, 26.70, 17.00
  13323358,     0, 7,12:23:12,12:27:31,   259, 37.70, 37.70,  0.00
         0,     0, 7,12:27:38,12:27:40,     2, 37.70, 41.50, -3.80
         0,     0, 4,12:27:32,12:27:48,    16, 26.70, 43.40,-16.70
  12706634,     0, 8,12:26:17,12:28:14,   117, 41.20, 32.00,  9.20
         0,     0, 8,12:28:21,12:28:30,     9, 32.00, 41.20, -9.20
  13323425,     0, 9,12:28:22,12:28:37,    15, 40.70, 40.50,  0.20
  12706604,     0, 8,12:30:23,12:30:59,    36, 41.10, 41.10,  0.00
  12706669,  7078, 3,12:30:16,12:32:14,   118, 46.50, 35.80, 10.70
         0,     0, 3,12:32:22,12:32:31,     9, 35.80, 35.80,  0.00
  12706624,  7033, 6,12:07:27,12:34:00,  1593, 41.40, 38.80,  2.60
         0,     0, 6,12:34:08,12:34:10,     2, 38.80, 41.60, -2.80
  12706604,     0, 8,12:34:06,12:34:54,    48, 41.10, 41.10,  0.00
  12706637,  7046, 4,12:33:23,12:39:19,   356, 43.80, 24.50, 19.30
         0,     0, 4,12:39:27,12:39:45,    18, 24.50, 43.30,-18.80
  12448449,  6062, 2,12:38:19,12:41:14,   175, 44.10, 31.80, 12.30
         0,     0, 2,12:41:21,12:41:32,    11, 31.80, 44.00,-12.20
  13008786,     0, 8,12:40:56,12:42:38,   102, 41.10, 33.40,  7.70
         0,     0, 8,12:42:46,12:42:53,     7, 33.40, 41.10, -7.70
  12706604,     0, 8,12:44:48,12:44:58,    10, 41.10, 41.10,  0.00
  13008735,  7156, 1,12:43:14,12:45:59,   165, 41.30, 33.50,  7.80
         0,     0, 1,12:46:06,12:46:12,     6, 33.50, 41.30, -7.80
  12448420,     0,10,12:44:48,12:46:23,    95, 41.00, 35.70,  5.30
         0,     0,10,12:46:31,12:46:36,     5, 35.70, 41.20, -5.50
  11954014,  4044, 3,12:47:13,12:47:38,    25, 46.50, 40.70,  5.80
         0,     0, 3,12:47:46,12:47:50,     4, 40.70, 41.00, -0.30
  11954075,  4105, 2,12:48:24,12:50:02,    98, 44.00, 28.20, 15.80
  12706707,  7116, 4,12:49:40,12:50:11,    31, 43.60, 40.90,  2.70
         0,     0, 4,12:50:20,12:50:22,     2, 40.90, 43.30, -2.40
         0,     0, 2,12:50:09,12:50:23,    14, 28.20, 43.90,-15.70
  11724239,  3139, 1,12:48:38,12:50:26,   108, 41.30, 40.70,  0.60
  12706707,  7116, 4,12:50:58,12:51:28,    30, 43.40, 40.60,  2.80
         0,     0, 4,12:51:36,12:51:38,     2, 40.60, 43.40, -2.80
  12706604,     0, 7,12:27:54,12:52:03,  1449, 41.40, 40.70,  0.70
  11724239,  3139, 1,12:50:37,12:53:03,   146, 40.70, 33.40,  7.30
         0,     0, 1,12:53:11,12:53:18,     7, 33.40, 41.20, -7.80
  13008833,     0, 6,12:34:29,12:56:37,  1328, 41.40, 25.20, 16.20
         0,     0, 6,12:56:45,12:57:00,    15, 25.20, 41.50,-16.30
  12200048,     0, 8,12:54:51,12:57:15,   144, 41.10, 29.20, 11.90
         0,     0, 8,12:57:23,12:57:35,    12, 29.20, 41.10,-11.90
  12199981,  5035, 3,12:57:48,12:57:58,    10, 46.30, 45.50,  0.80
  12199981,  5035, 3,12:58:18,12:58:23,     5, 45.50, 44.10,  1.40
  12706604,     0, 8,12:59:18,12:59:39,    21, 41.10, 41.10,  0.00
  13008786,     0, 7,12:52:41,12:59:49,   428, 39.20, 33.90,  5.30
         0,     0, 7,12:59:56,13:00:00,     4, 33.90, 34.00, -0.10
  21306958,  5124, 8,13:00:03,13:00:09,     6, 41.10, 41.10,  0.00
  21268104,  6067, 4,12:58:38,13:00:17,    99, 43.50, 29.30, 14.20
         0,     0, 4,13:00:25,13:00:38,    13, 29.30, 43.30,-14.00
  12199981,  5035, 1,12:59:35,13:00:49,    74, 41.20, 24.20, 17.00
         0,     0, 1,13:00:57,13:01:13,    16, 24.20, 41.30,-17.10
  13008835,     0, 6,12:57:31,13:01:38,   247, 41.50, 39.70,  1.80
         0,     0, 6,13:01:46,13:01:47,     1, 39.70, 41.30, -1.60
  21306958,  5124, 7,13:00:18,13:02:38,   140, 41.60, 41.10,  0.50
  13008836,     0, 8,13:03:03,13:03:16,    13, 41.00, 41.00,  0.00
  12706650,  7059, 4,13:01:27,13:03:40,   133, 43.90, 31.40, 12.50
         0,     0, 4,13:03:48,13:04:00,    12, 31.40, 43.30,-11.90
  13008836,     0, 8,13:04:40,13:06:30,   110, 40.80, 25.40, 15.40
  21292347,  5120, 4,13:04:21,13:06:35,   134, 43.60, 33.90,  9.70
         0,     0, 4,13:06:43,13:06:52,     9, 33.90, 43.30, -9.40
         0,     0, 8,13:06:38,13:06:54,    16, 25.40, 41.10,-15.70
  12706707,  7116, 2,13:11:57,13:13:01,    64, 43.90, 35.30,  8.60
         0,     0, 2,13:13:09,13:13:16,     7, 35.30, 43.90, -8.60
  12706604,     0, 8,13:11:30,13:13:52,   142, 41.10, 35.70,  5.40
         0,     0, 8,13:14:00,13:14:04,     4, 35.70, 35.70,  0.00
  13008797,     0, 6,13:01:57,13:15:20,   803, 41.30, 26.60, 14.70
         0,     0, 6,13:15:28,13:15:42,    14, 26.60, 39.40,-12.80
  12448473,  6086, 2,13:15:26,13:16:39,    73, 44.00, 32.00, 12.00
         0,     0, 2,13:16:46,13:16:56,    10, 32.00, 44.00,-12.00
  12706618,     0,10,13:17:22,13:17:34,    12, 41.10, 41.10,  0.00
  13323427,     0, 8,13:15:26,13:17:38,   132, 39.70, 22.90, 16.80
         0,     0, 8,13:17:46,13:18:05,    19, 22.90, 41.20,-18.30
  12706618,     0,10,13:18:18,13:18:46,    28, 41.10, 41.10,  0.00
  12706618,     0,10,13:19:01,13:20:28,    87, 41.10, 26.40, 14.70
         0,     0,10,13:20:36,13:20:51,    15, 26.40, 41.20,-14.80
  13008815,     0, 8,13:21:02,13:21:37,    35, 41.20, 41.20,  0.00
  12706604,     0, 7,13:14:08,13:21:58,   470, 41.40, 24.60, 16.80
         0,     0, 7,13:22:06,13:22:16,    10, 24.60, 41.60,-17.00
  12706669,  7078, 3,13:20:26,13:22:31,   125, 43.90, 34.80,  9.10
  11724178,     0,10,13:21:46,13:22:31,    45, 41.20, 41.00,  0.20
         0,     0, 3,13:22:38,13:22:48,    10, 34.80, 34.80,  0.00
  11724178,     0,10,13:22:47,13:22:55,     8, 41.00, 40.80,  0.20
  12200007,  5061, 5,13:22:06,13:22:56,    50, 40.70, 36.20,  4.50
         0,     0, 5,13:23:03,13:23:07,     4, 36.20, 36.50, -0.30
  11724178,     0, 9,13:23:37,13:23:38,     1, 40.20, 40.20,  0.00
  12200085,     0,10,13:23:16,13:24:09,    53, 40.70, 29.20, 11.50
  11724178,     0, 9,13:23:55,13:24:14,    19, 39.80, 38.60,  1.20
  13008815,     0, 7,13:23:22,13:24:21,    59, 33.80, 33.80,  0.00
         0,     0, 9,13:24:23,13:24:26,     3, 38.60, 41.10, -2.50
         0,     0,10,13:24:18,13:24:31,    13, 29.20, 41.10,-11.90
         0,     0, 7,13:24:28,13:24:32,     4, 33.80, 41.60, -7.80
  12200085,     0,10,13:24:50,13:24:56,     6, 41.10, 39.60,  1.50
         0,     0,10,13:25:04,13:25:05,     1, 39.60, 41.20, -1.60
  13008815,     0, 8,13:24:23,13:25:17,    54, 41.20, 36.80,  4.40
         0,     0, 8,13:25:25,13:25:29,     4, 36.80, 41.10, -4.30
  12448415,     0, 8,13:25:51,13:25:52,     1, 41.10, 41.10,  0.00
  12706639,  7048, 1,13:23:45,13:26:07,   142, 41.30, 22.10, 19.20
  11724178,     0,10,13:25:35,13:26:09,    34, 41.20, 35.00,  6.20
  13008779,     0, 7,13:25:04,13:26:19,    75, 40.50, 38.60,  1.90
         0,     0,10,13:26:17,13:26:23,     6, 35.00, 41.20, -6.20
         0,     0, 7,13:26:26,13:26:27,     1, 38.60, 40.80, -2.20
         0,     0, 1,13:26:14,13:26:32,    18, 22.10, 41.20,-19.10
  11724178,     0,10,13:26:42,13:26:42,     0, 36.60, 36.70, -0.10
         0,     0,10,13:26:51,13:26:55,     4, 36.70, 41.20, -4.50
  11724178,     0, 9,13:27:13,13:27:31,    18, 39.20, 36.60,  2.60
         0,     0, 9,13:27:39,13:27:44,     5, 36.60, 41.10, -4.50
  21306958,  5124, 8,13:32:23,13:32:27,     4, 41.10, 41.10,  0.00
  11724159,     0, 6,13:16:16,13:33:56,  1060, 29.80, 21.30,  8.50
         0,     0, 6,13:34:03,13:34:22,    19, 21.30, 41.60,-20.30
  12448415,     0, 7,13:26:38,13:34:20,   462, 40.70, 23.00, 17.70
         0,     0, 7,13:34:27,13:34:39,    12, 23.00, 41.50,-18.50
  12448449,  6062, 5,13:33:00,13:34:38,    98, 40.70, 28.90, 11.80
         0,     0, 5,13:34:46,13:34:57,    11, 28.90, 40.80,-11.90
  12448479,  6092, 2,13:31:02,13:35:06,   244, 44.00, 28.20, 15.80
         0,     0, 2,13:35:15,13:35:29,    14, 28.20, 44.10,-15.90
  12706655,  7064, 4,13:33:17,13:36:30,   193, 43.50, 29.70, 13.80
         0,     0, 4,13:36:38,13:36:51,    13, 29.70, 43.40,-13.70
  21306958,  5124, 8,13:36:56,13:37:02,     6, 41.10, 41.20, -0.10
  13323425,     0, 9,13:36:14,13:37:03,    49, 41.00, 40.50,  0.50
  21306958,  5124, 8,13:37:27,13:37:51,    24, 41.10, 41.00,  0.10
  13323425,     0, 9,13:38:09,13:38:35,    26, 40.40, 40.00,  0.40
         0,     0, 9,13:38:43,13:38:43,     0, 40.00, 40.80, -0.80
  21306958,  5124, 8,13:38:40,13:38:46,     6, 41.00, 41.00,  0.00
  13323425,     0, 9,13:39:17,13:39:25,     8, 40.50, 40.50,  0.00
  12706650,  7059, 4,13:38:47,13:40:10,    83, 43.70, 36.60,  7.10
         0,     0, 4,13:40:18,13:40:24,     6, 36.60, 36.70, -0.10
  11954050,  4080, 2,13:40:02,13:40:28,    26, 44.00, 43.40,  0.60
  11954050,  4080, 2,13:40:39,13:41:16,    37, 43.40, 40.60,  2.80
         0,     0, 2,13:41:24,13:41:26,     2, 40.60, 44.00, -3.40
  11954050,  4080, 2,13:41:36,13:42:02,    26, 44.00, 41.40,  2.60
         0,     0, 2,13:42:10,13:42:11,     1, 41.40, 43.90, -2.50
  21306958,  5124, 8,13:42:54,13:42:59,     5, 41.00, 41.00,  0.00
  11954075,  4105, 2,13:42:21,13:43:33,    72, 43.90, 33.40, 10.50
         0,     0, 2,13:43:42,13:43:51,     9, 33.40, 44.00,-10.60
  12200007,  5061, 5,13:43:32,13:44:42,    70, 40.70, 29.70, 11.00
         0,     0, 5,13:44:49,13:44:59,    10, 29.70, 40.80,-11.10
  12706609,  7018, 8,13:49:53,13:49:58,     5, 41.00, 41.00,  0.00
  13323425,     0, 9,13:50:42,13:51:18,    36, 40.50, 40.00,  0.50
         0,     0, 9,13:51:27,13:51:27,     0, 40.00, 40.90, -0.90
  13323425,     0, 9,13:51:59,13:52:00,     1, 40.40, 40.40,  0.00
  13323358,     0, 8,13:52:25,13:52:45,    20, 36.60, 36.60,  0.00
         0,     0, 8,13:52:54,13:52:58,     4, 36.60, 41.10, -4.50
  11954050,  4080, 2,13:53:06,13:54:23,    77, 44.00, 34.80,  9.20
  12706609,  7018, 8,13:53:33,13:54:34,    61, 41.20, 38.30,  2.90
         0,     0, 2,13:54:31,13:54:38,     7, 34.80, 44.00, -9.20
         0,     0, 8,13:54:42,13:54:44,     2, 38.30, 41.10, -2.80
  11954050,  4080, 1,13:54:30,13:54:41,    11, 41.20, 38.70,  2.50
         0,     0, 1,13:54:50,13:54:51,     1, 38.70, 41.30, -2.60
  12706609,  7018, 8,13:54:54,13:55:13,    19, 41.10, 39.20,  1.90
         0,     0, 8,13:55:22,13:55:23,     1, 39.20, 41.00, -1.80
  12448483,  6096, 1,13:56:08,13:58:35,   147, 41.30, 15.40, 25.90
         0,     0, 1,13:58:43,13:59:08,    25, 15.40, 41.30,-25.90
  13008802,     0, 9,14:00:20,14:01:43,    83, 40.40, 30.60,  9.80
         0,     0, 9,14:01:51,14:02:05,    14, 30.60, 41.10,-10.50
  12706686,  7095, 1,14:03:55,14:05:21,    86, 41.30, 40.20,  1.10
  21268104,  6067, 2,14:05:37,14:07:26,   109, 43.90, 32.90, 11.00
  12706686,  7095, 1,14:05:59,14:07:29,    90, 40.20, 23.10, 17.10
         0,     0, 2,14:07:35,14:07:45,    10, 32.90, 43.90,-11.00
         0,     0, 1,14:07:37,14:07:54,    17, 23.10, 41.20,-18.10
  11724239,  3139, 4,14:08:55,14:09:18,    23, 43.60, 43.60,  0.00
  13008732,  7153, 3,14:06:01,14:09:23,   202, 47.00, 23.10, 23.90
         0,     0, 3,14:09:30,14:09:50,    20, 23.10, 22.90,  0.20
  13008779,     0, 8,14:09:12,14:09:57,    45, 41.00, 38.60,  2.40
         0,     0, 8,14:10:06,14:10:08,     2, 38.60, 41.10, -2.50
  13008779,     0, 8,14:10:20,14:11:03,    43, 41.20, 37.40,  3.80
         0,     0, 8,14:11:12,14:11:15,     3, 37.40, 41.20, -3.80
  21292347,  5120, 5,14:13:36,14:15:06,    90, 40.80, 32.80,  8.00
         0,     0, 5,14:15:13,14:15:20,     7, 32.80, 32.80,  0.00
  13323425,     0, 9,14:15:12,14:16:13,    61, 41.10, 40.30,  0.80
  11724239,  3139, 1,14:16:16,14:16:18,     2, 41.20, 41.20,  0.00
  13323425,     0, 9,14:17:00,14:17:02,     2, 39.70, 39.70,  0.00
         0,     0, 9,14:17:10,14:17:11,     1, 39.70, 40.90, -1.20
  13008835,     0, 6,13:34:49,14:17:27,  2558, 41.40, 26.30, 15.10
  11499161,  2051, 1,14:16:29,14:17:46,    77, 41.20, 33.00,  8.20
         0,     0, 6,14:17:35,14:17:49,    14, 26.30, 41.40,-15.10
         0,     0, 1,14:17:54,14:18:01,     7, 33.00, 41.30, -8.30
  12448473,  6086, 1,14:18:12,14:19:47,    95, 41.30, 25.90, 15.40
  11724239,  3139, 2,14:16:25,14:19:47,   202, 43.90, 31.60, 12.30
         0,     0, 2,14:19:56,14:20:08,    12, 31.60, 43.90,-12.30
         0,     0, 1,14:19:56,14:20:11,    15, 25.90, 41.40,-15.50
  13008762,     0, 6,14:18:34,14:21:25,   171, 40.80, 32.80,  8.00
         0,     0, 6,14:21:32,14:21:40,     8, 32.80, 41.40, -8.60
  12448416,  6029, 3,14:20:06,14:22:06,   120, 46.90, 31.70, 15.20
         0,     0, 3,14:22:14,14:22:26,    12, 31.70, 31.60,  0.10
  12706659,  7068, 2,14:25:38,14:26:10,    32, 44.00, 44.00,  0.00
  12706659,  7068, 1,14:26:14,14:26:21,     7, 41.40, 41.30,  0.10
  21306958,  5124, 7,13:34:52,14:28:32,  3220, 41.40, 31.90,  9.50
         0,     0, 7,14:28:40,14:28:46,     6, 31.90, 41.50, -9.60
  12706615,     0,10,14:28:03,14:28:52,    49, 41.00, 40.80,  0.20
  12706727,  7136, 4,14:30:24,14:32:24,   120, 43.60, 28.40, 15.20
         0,     0, 4,14:32:31,14:32:45,    14, 28.40, 43.40,-15.00
  12706659,  7068, 2,14:26:27,14:32:45,   378, 44.00, 22.00, 22.00
         0,     0, 2,14:32:53,14:33:13,    20, 22.00, 43.90,-21.90
  11499161,  2051, 1,14:33:34,14:35:36,   122, 41.30, 33.80,  7.50
         0,     0, 1,14:35:45,14:35:51,     6, 33.80, 41.20, -7.40
  12200007,  5061, 5,14:37:14,14:38:21,    67, 41.00, 31.40,  9.60
         0,     0, 5,14:38:28,14:38:37,     9, 31.40, 40.90, -9.50
  12199969,     0, 9,14:37:53,14:39:38,   105, 41.00, 38.90,  2.10
         0,     0, 9,14:39:46,14:39:48,     2, 38.90, 41.20, -2.30
  11953978,  4008, 2,14:37:38,14:39:48,   130, 44.00, 31.40, 12.60
         0,     0, 2,14:39:55,14:40:07,    12, 31.40, 44.10,-12.70
  12706655,  7064, 4,14:38:17,14:40:09,   112, 43.40, 32.40, 11.00
         0,     0, 4,14:40:18,14:40:28,    10, 32.40, 43.40,-11.00
  13008765,     0, 9,14:40:06,14:41:06,    60, 40.30, 37.00,  3.30
  12706701,  7110, 1,14:36:24,14:41:15,   291, 41.20, 21.90, 19.30
         0,     0, 9,14:41:14,14:41:19,     5, 37.00, 41.10, -4.10
  11954050,  4080, 5,14:41:23,14:41:26,     3, 40.60, 40.80, -0.20
         0,     0, 1,14:41:23,14:41:41,    18, 21.90, 41.30,-19.40
  13008765,     0, 9,14:41:41,14:41:44,     3, 39.30, 39.30,  0.00
         0,     0, 9,14:41:52,14:41:54,     2, 39.30, 41.20, -1.90
  12200042,  5096, 3,14:40:33,14:43:18,   165, 46.80, 26.20, 20.60
         0,     0, 3,14:43:25,14:43:43,    18, 26.20, 26.20,  0.00
  11724159,     0, 6,14:22:11,14:44:44,  1353, 32.00, 31.90,  0.10
         0,     0, 6,14:44:51,14:44:57,     6, 31.90, 32.10, -0.20
  12448428,  6041, 3,14:47:18,14:49:02,   104, 46.50, 32.30, 14.20
         0,     0, 3,14:49:11,14:49:23,    12, 32.30, 32.20,  0.10
  12448415,     0, 7,14:34:33,14:54:00,  1167, 41.60, 27.60, 14.00
         0,     0, 7,14:54:08,14:54:16,     8, 27.60, 41.40,-13.80
  12706710,  7119, 2,14:52:35,14:54:43,   128, 44.00, 28.80, 15.20
         0,     0, 2,14:54:50,14:55:04,    14, 28.80, 44.10,-15.30
  12448451,  6064, 1,14:55:13,14:55:53,    40, 41.30, 41.20,  0.10
  12448451,  6064, 2,14:56:03,14:57:00,    57, 44.10, 44.00,  0.10
  12448451,  6064, 2,14:57:10,14:57:22,    12, 44.00, 44.00,  0.00
  12706705,  7114, 1,14:58:56,14:59:05,     9, 41.20, 41.20,  0.00
  12448451,  6064, 2,14:59:07,15:00:36,    89, 44.00, 43.80,  0.20
  12448451,  6064, 1,15:00:48,15:01:20,    32, 41.20, 41.10,  0.10
  12199977,     0, 7,14:55:41,15:01:29,   348, 25.90, 25.80,  0.10
         0,     0, 7,15:01:37,15:01:47,    10, 25.80, 41.50,-15.70
  12448451,  6064, 2,15:01:45,15:04:04,   139, 43.80, 19.80, 24.00
  12706609,  7018, 7,15:01:57,15:04:19,   142, 41.50, 40.20,  1.30
         0,     0, 2,15:04:13,15:04:36,    23, 19.80, 44.10,-24.30
  12706651,  7060, 3,15:04:28,15:05:02,    34, 46.80, 45.80,  1.00
  12706738,  7147, 1,15:01:31,15:05:25,   234, 41.10, 20.50, 20.60
  12706651,  7060, 4,15:05:45,15:05:47,     2, 43.30, 44.10, -0.80
         0,     0, 1,15:05:33,15:05:52,    19, 20.50, 41.20,-20.70
  12706651,  7060, 4,15:05:57,15:07:41,   104, 44.00, 31.30, 12.70
         0,     0, 4,15:07:48,15:07:59,    11, 31.30, 43.30,-12.00
  12706705,  7114, 2,15:07:38,15:08:01,    23, 44.20, 44.20,  0.00
  12706705,  7114, 1,15:09:02,15:10:49,   107, 41.20, 36.40,  4.80
         0,     0, 1,15:10:58,15:11:02,     4, 36.40, 41.30, -4.90
  12706705,  7114, 2,15:11:08,15:11:44,    36, 44.10, 39.10,  5.00
         0,     0, 2,15:11:53,15:11:56,     3, 39.10, 44.00, -4.90
  13008836,     0, 8,15:12:57,15:13:21,    24, 41.10, 41.00,  0.10
  13008836,     0, 8,15:14:44,15:15:59,    75, 41.00, 40.80,  0.20
  13008836,     0, 8,15:16:13,15:17:06,    53, 40.80, 40.50,  0.30
  13008836,     0, 8,15:17:20,15:18:22,    62, 39.20, 29.30,  9.90
  12706634,     0, 7,15:04:43,15:18:29,   826, 40.20, 20.70, 19.50
         0,     0, 8,15:18:30,15:18:44,    14, 29.30, 41.00,-11.70
         0,     0, 7,15:18:37,15:18:51,    14, 20.70, 41.60,-20.90
  13323434,     0, 9,15:19:13,15:19:19,     6, 41.20, 41.10,  0.10
  13323434,     0, 9,15:19:46,15:20:04,    18, 41.10, 41.10,  0.00
  12706609,  7018, 8,15:20:21,15:20:28,     7, 41.00, 41.00,  0.00
  13323434,     0, 9,15:20:38,15:21:20,    42, 40.70, 40.00,  0.70
  12706609,  7018, 8,15:20:57,15:22:02,    65, 41.00, 34.50,  6.50
         0,     0, 8,15:22:10,15:22:17,     7, 34.50, 41.00, -6.50
  13323434,     0, 9,15:21:42,15:23:18,    96, 39.40, 34.90,  4.50
         0,     0, 9,15:23:26,15:23:34,     8, 34.90, 41.10, -6.20
  12200083,     0, 9,15:24:57,15:25:46,    49, 41.10, 38.40,  2.70
         0,     0, 9,15:25:53,15:25:56,     3, 38.40, 40.50, -2.10
  12200083,     0, 9,15:26:21,15:26:23,     2, 38.20, 38.20,  0.00
         0,     0, 9,15:26:30,15:26:33,     3, 38.20, 41.10, -2.90
  12199986,     0, 8,15:31:24,15:32:14,    50, 40.10, 28.30, 11.80
         0,     0, 8,15:32:23,15:32:36,    13, 28.30, 41.20,-12.90
  12706601,     0, 9,15:31:35,15:34:51,   196, 41.10, 37.10,  4.00
         0,     0, 9,15:34:58,15:35:03,     5, 37.10, 41.10, -4.00
  13323435,     0,10,15:35:28,15:36:36,    68, 40.60, 40.40,  0.20
  13008768,     0, 6,14:45:09,15:40:41,  3332, 39.30, 21.50, 17.80
         0,     0, 6,15:40:49,15:41:08,    19, 21.50, 41.50,-20.00
  11954056,     0, 7,15:40:05,15:43:16,   191, 41.50, 41.40,  0.10
  13008800,     0, 8,15:45:19,15:45:22,     3, 32.10, 32.10,  0.00
         0,     0, 8,15:45:31,15:45:40,     9, 32.10, 41.20, -9.10
  13323435,     0,10,15:46:06,15:46:08,     2, 35.20, 35.20,  0.00
         0,     0,10,15:46:16,15:46:22,     6, 35.20, 41.20, -6.00
  12199981,  5035, 4,15:45:53,15:47:17,    84, 42.90, 24.20, 18.70
  12706616,  7025, 3,15:46:44,15:47:39,    55, 46.20, 44.00,  2.20
         0,     0, 4,15:47:25,15:47:45,    20, 24.20, 43.20,-19.00
         0,     0, 3,15:47:46,15:47:47,     1, 44.00, 46.40, -2.40
  12448449,  6062, 1,15:46:29,15:47:48,    79, 41.30, 39.10,  2.20
         0,     0, 1,15:47:56,15:47:57,     1, 39.10, 41.20, -2.10
  12706616,  7025, 2,15:48:06,15:48:43,    37, 43.90, 35.30,  8.60
  11724109,  6068, 3,15:48:05,15:48:45,    40, 46.30, 46.10,  0.20
         0,     0, 2,15:48:50,15:48:57,     7, 35.30, 43.90, -8.60
  21268104,  6067, 1,15:48:55,15:49:28,    33, 41.20, 37.10,  4.10
         0,     0, 1,15:49:36,15:49:39,     3, 37.10, 41.20, -4.10
  21268104,  6067, 2,15:49:48,15:49:53,     5, 43.90, 43.70,  0.20
  21268104,  6067, 2,15:50:02,15:51:17,    75, 43.70, 32.50, 11.20
         0,     0, 2,15:51:25,15:51:35,    10, 32.50, 44.00,-11.50
  11724109,  6068, 1,15:49:55,15:51:53,   118, 41.20, 33.10,  8.10
         0,     0, 1,15:52:01,15:52:08,     7, 33.10, 41.20, -8.10
  12200046,  5100, 4,15:52:45,15:53:00,    15, 43.50, 43.80, -0.30
  12706622,     0, 6,15:41:19,15:53:20,   721, 41.50, 29.80, 11.70
         0,     0, 6,15:53:28,15:53:38,    10, 29.80, 41.50,-11.70
  11724109,  6068, 1,15:52:21,15:54:05,   104, 41.20, 28.00, 13.20
  12448416,  6029, 4,15:53:22,15:54:19,    57, 43.80, 33.10, 10.70
         0,     0, 1,15:54:12,15:54:24,    12, 28.00, 41.30,-13.30
  12200046,  5100, 3,15:53:29,15:54:22,    53, 46.40, 36.10, 10.30
         0,     0, 3,15:54:30,15:54:39,     9, 36.10, 46.20,-10.10
         0,     0, 4,15:54:28,15:54:39,    11, 33.10, 43.10,-10.00
  12448437,  6050, 7,15:43:27,16:02:51,  1164, 41.40, 20.40, 21.00
         0,     0, 7,16:02:59,16:03:12,    13, 20.40, 20.40,  0.00
  12448448,  6061, 2,15:57:06,16:04:00,   414, 44.00, 16.00, 28.00
  12706707,  7116, 1,16:03:28,16:04:19,    51, 41.30, 33.70,  7.60
         0,     0, 1,16:04:28,16:04:35,     7, 33.70, 41.20, -7.50
         0,     0, 2,16:04:08,16:04:35,    27, 16.00, 43.90,-27.90
  12706707,  7116, 2,16:04:57,16:05:25,    28, 44.00, 39.70,  4.30
         0,     0, 2,16:05:34,16:05:37,     3, 39.70, 44.10, -4.40
  21306958,  5124, 8,16:10:57,16:11:50,    53, 40.50, 40.20,  0.30
  11954056,     0, 7,16:06:24,16:11:55,   331, 41.30, 22.70, 18.60
         0,     0, 7,16:12:02,16:12:14,    12, 22.70, 41.50,-18.80
  21268825,  6087, 3,16:11:21,16:13:57,   156, 46.80, 28.90, 17.90
         0,     0, 3,16:14:04,16:14:19,    15, 28.90, 35.70, -6.80
  11954050,  4080, 1,16:13:48,16:14:33,    45, 41.20, 36.80,  4.40
         0,     0, 1,16:14:40,16:14:43,     3, 36.80, 41.30, -4.50
  12706700,  7109, 2,16:15:13,16:15:22,     9, 44.00, 44.10, -0.10
  13008837,     0, 8,16:16:18,16:16:21,     3, 40.20, 40.20,  0.00
  12199986,     0, 8,16:17:02,16:17:15,    13, 40.20, 38.10,  2.10
         0,     0, 8,16:17:23,16:17:25,     2, 38.10, 41.20, -3.10
  11954050,  4080, 1,16:16:27,16:17:29,    62, 41.30, 33.70,  7.60
  21306958,  5124, 7,16:12:30,16:17:35,   305, 41.50, 41.40,  0.10
         0,     0, 1,16:17:36,16:17:42,     6, 33.70, 41.30, -7.60
  11954050,  4080, 2,16:17:58,16:18:09,    11, 44.00, 41.80,  2.20
         0,     0, 2,16:18:17,16:18:18,     1, 41.80, 43.80, -2.00
  13008837,     0, 7,16:17:44,16:18:24,    40, 41.40, 41.30,  0.10
  21306958,  5124, 8,16:18:40,16:18:44,     4, 41.20, 41.20,  0.00
  13008835,     0, 6,15:55:21,16:19:59,  1478, 41.30, 36.30,  5.00
  12706686,  7095, 1,16:18:45,16:20:08,    83, 41.30, 27.30, 14.00
         0,     0, 6,16:20:07,16:20:11,     4, 36.30, 36.10,  0.20
         0,     0, 1,16:20:15,16:20:27,    12, 27.30, 41.30,-14.00
  12448471,  6084, 3,16:19:29,16:21:02,    93, 46.80, 26.70, 20.10
         0,     0, 3,16:21:10,16:21:27,    17, 26.70, 46.40,-19.70
  12706655,  7064, 2,16:18:53,16:22:09,   196, 43.80, 31.80, 12.00
         0,     0, 2,16:22:16,16:22:27,    11, 31.80, 44.00,-12.20
  12199988,  5042, 2,16:22:38,16:23:17,    39, 44.00, 43.10,  0.90
  11499161,  2051, 4,16:21:42,16:23:38,   116, 43.50, 32.60, 10.90
  12199986,     0, 8,16:22:58,16:23:43,    45, 41.20, 31.70,  9.50
         0,     0, 4,16:23:46,16:23:56,    10, 32.60, 43.50,-10.90
         0,     0, 8,16:23:51,16:24:00,     9, 31.70, 41.20, -9.50
  12706705,  7114, 2,16:24:34,16:25:18,    44, 43.10, 41.10,  2.00
         0,     0, 2,16:25:26,16:25:27,     1, 41.10, 43.90, -2.80
  13008756,  7115, 3,16:24:36,16:25:55,    79, 47.50, 26.90, 20.60
         0,     0, 3,16:26:03,16:26:20,    17, 26.90, 26.90,  0.00
  12706705,  7114, 1,16:25:21,16:26:35,    74, 41.30, 28.40, 12.90
         0,     0, 1,16:26:43,16:26:56,    13, 28.40, 41.20,-12.80
  11724239,  3139, 3,16:26:44,16:26:54,    10, 46.60, 47.10, -0.50
  12706616,  7025, 1,16:27:07,16:27:12,     5, 41.10, 41.20, -0.10
  12448442,  6055, 6,16:20:37,16:27:20,   403, 37.50, 35.30,  2.20
         0,     0, 6,16:27:28,16:27:34,     6, 35.30, 41.30, -6.00
  12448409,  6022, 2,16:27:08,16:28:31,    83, 43.90, 43.70,  0.20
  12200007,  5061, 1,16:27:22,16:28:34,    72, 41.20, 29.30, 11.90
         0,     0, 1,16:28:42,16:28:54,    12, 29.30, 41.10,-11.80
  12199988,  5042, 2,16:28:41,16:29:56,    75, 43.70, 39.70,  4.00
         0,     0, 2,16:30:04,16:30:07,     3, 39.70, 44.00, -4.30
  13008735,  7156, 3,16:28:37,16:31:18,   161, 46.70, 40.60,  6.10
         0,     0, 3,16:31:26,16:31:30,     4, 40.60, 46.20, -5.60
  21306958,  5124, 7,16:18:34,16:31:34,   780, 41.30, 41.20,  0.10
  11724239,  3139, 2,16:30:34,16:32:19,   105, 44.00, 43.40,  0.60
  12706616,  7025, 1,16:29:09,16:32:21,   192, 41.10, 26.50, 14.60
         0,     0, 1,16:32:28,16:32:42,    14, 26.50, 41.30,-14.80
  12706726,  7135, 2,16:32:32,16:32:39,     7, 43.40, 43.40,  0.00
  11724239,  3139, 1,16:32:55,16:33:12,    17, 41.30, 40.80,  0.50
  12706650,  7059, 4,16:31:07,16:33:47,   160, 44.20, 29.40, 14.80
         0,     0, 4,16:33:55,16:34:08,    13, 29.40, 43.30,-13.90
  12706624,  7033, 6,16:27:44,16:34:36,   412, 41.30, 34.00,  7.30
         0,     0, 6,16:34:44,16:34:50,     6, 34.00, 34.10, -0.10
  11954014,  4044, 3,16:36:04,16:36:48,    44, 46.20, 32.80, 13.40
         0,     0, 3,16:36:56,16:37:08,    12, 32.80, 32.60,  0.20
  11724239,  3139, 1,16:34:54,16:37:34,   160, 40.80, 28.70, 12.10
         0,     0, 1,16:37:42,16:37:53,    11, 28.70, 41.30,-12.60
  13323416,     0,10,16:35:05,16:38:11,   186, 41.00, 34.80,  6.20
         0,     0,10,16:38:20,16:38:26,     6, 34.80, 41.20, -6.40
  13323416,     0,10,16:38:49,16:38:51,     2, 40.90, 40.90,  0.00
  12448416,  6029, 1,16:38:46,16:39:48,    62, 41.30, 33.70,  7.60
         0,     0, 1,16:39:55,16:40:01,     6, 33.70, 41.20, -7.50
  13008835,     0, 6,16:36:51,16:40:24,   213, 41.40, 41.20,  0.20
  12448428,  6041, 2,16:39:55,16:40:36,    41, 43.40, 33.50,  9.90
  12200083,     0, 9,16:40:26,16:40:39,    13, 35.70, 35.70,  0.00
  13008837,     0, 8,16:40:34,16:40:45,    11, 41.30, 41.20,  0.10
         0,     0, 2,16:40:43,16:40:53,    10, 33.50, 43.80,-10.30
         0,     0, 9,16:40:47,16:40:54,     7, 35.70, 41.10, -5.40
  12200083,     0, 9,16:41:14,16:41:16,     2, 41.00, 41.00,  0.00
  12200083,     0, 9,16:41:59,16:42:01,     2, 36.80, 36.80,  0.00
         0,     0, 9,16:42:09,16:42:14,     5, 36.80, 41.10, -4.30
  13008837,     0, 8,16:41:03,16:42:27,    84, 41.00, 31.60,  9.40
  13323358,     0, 7,16:31:56,16:42:40,   644, 41.20, 40.90,  0.30
         0,     0, 8,16:42:34,16:42:43,     9, 31.60, 41.10, -9.50
  21292347,  5120, 4,16:42:56,16:42:59,     3, 43.70, 44.10, -0.40
  13008768,     0, 6,16:40:33,16:44:29,   236, 41.20, 31.70,  9.50
         0,     0, 6,16:44:37,16:44:42,     5, 31.70, 37.10, -5.40
  12199988,  5042, 2,16:44:53,16:45:25,    32, 43.80, 43.30,  0.50
  13008800,     0, 8,16:46:18,16:46:22,     4, 32.40, 32.20,  0.20
         0,     0, 8,16:46:30,16:46:39,     9, 32.20, 41.20, -9.00
  12448477,  6090, 4,16:46:02,16:47:12,    70, 44.00, 37.90,  6.10
         0,     0, 4,16:47:21,16:47:26,     5, 37.90, 38.00, -0.10
  12706726,  7135, 5,16:46:43,16:48:39,   116, 40.70, 22.80, 17.90
         0,     0, 5,16:48:47,16:49:04,    17, 22.80, 40.90,-18.10
  21292347,  5120, 4,16:47:41,16:49:21,   100, 43.40, 33.70,  9.70
         0,     0, 4,16:49:30,16:49:39,     9, 33.70, 43.30, -9.60
  12448473,  6086, 2,16:50:48,16:51:32,    44, 43.30, 37.50,  5.80
         0,     0, 2,16:51:39,16:51:44,     5, 37.50, 44.00, -6.50
  12706636,  7045, 3,16:50:40,16:52:26,   106, 46.60, 31.40, 15.20
         0,     0, 3,16:52:34,16:52:46,    12, 31.40, 31.40,  0.00
  13008820,     0, 7,16:43:10,16:53:18,   608, 40.70, 28.20, 12.50
         0,     0, 7,16:53:26,16:53:34,     8, 28.20, 41.70,-13.50
  11724109,  6068, 2,16:53:47,16:54:09,    22, 43.90, 43.90,  0.00
  12199969,     0, 9,16:53:29,16:54:10,    41, 41.10, 40.00,  1.10
  12448409,  6022, 1,16:51:49,16:54:11,   142, 41.20, 22.30, 18.90
         0,     0, 9,16:54:18,16:54:18,     0, 40.00, 40.80, -0.80
         0,     0, 1,16:54:19,16:54:36,    17, 22.30, 41.30,-19.00
  12706710,  7119, 4,16:53:00,16:55:46,   166, 43.70, 27.80, 15.90
  12448471,  6084, 1,16:54:46,16:55:59,    73, 41.30, 33.10,  8.20
         0,     0, 4,16:55:54,16:56:09,    15, 27.80, 43.20,-15.40
         0,     0, 1,16:56:07,16:56:14,     7, 33.10, 41.30, -8.20
  11724109,  6068, 2,16:56:05,16:58:22,   137, 43.90, 34.30,  9.60
  13008797,     0, 6,16:44:57,16:58:26,   809, 36.90, 28.10,  8.80
         0,     0, 2,16:58:30,16:58:39,     9, 34.30, 43.90, -9.60
         0,     0, 6,16:58:33,16:58:45,    12, 28.10, 28.30, -0.20
  12448449,  6062, 1,16:57:02,16:59:28,   146, 41.30, 27.90, 13.40
         0,     0, 1,16:59:36,16:59:49,    13, 27.90, 41.30,-13.40
  12199969,     0, 9,17:00:35,17:01:38,    63, 40.80, 33.90,  6.90
         0,     0, 9,17:01:47,17:01:57,    10, 33.90, 41.00, -7.10
  13323427,     0, 8,17:01:02,17:02:14,    72, 41.20, 40.90,  0.30
  13008732,  7153, 3,17:00:55,17:03:46,   171, 47.20, 26.60, 20.60
         0,     0, 3,17:03:54,17:04:11,    17, 26.60, 26.40,  0.20
  12706639,  7048, 2,17:02:47,17:04:09,    82, 44.00, 28.10, 15.90
         0,     0, 2,17:04:17,17:04:31,    14, 28.10, 44.00,-15.90
  13323427,     0, 8,17:02:33,17:05:33,   180, 40.80, 39.70,  1.10
         0,     0, 8,17:05:41,17:05:41,     0, 39.70, 40.20, -0.50
  21306958,  5124, 7,16:53:48,17:05:53,   725, 41.60, 33.10,  8.50
         0,     0, 7,17:06:01,17:06:06,     5, 33.10, 33.10,  0.00
  12706659,  7068, 4,17:02:36,17:06:28,   232, 43.60, 26.80, 16.80
         0,     0, 4,17:06:37,17:06:53,    16, 26.80, 43.40,-16.60
  13323427,     0, 8,17:06:08,17:06:58,    50, 39.80, 29.60, 10.20
         0,     0, 8,17:07:05,17:07:17,    12, 29.60, 41.20,-11.60
  11954014,  4044, 2,17:07:07,17:08:14,    67, 44.10, 30.00, 14.10
         0,     0, 2,17:08:23,17:08:36,    13, 30.00, 44.00,-14.00
  13323427,     0, 8,17:07:59,17:08:47,    48, 41.20, 41.20,  0.00
  13008792,     0, 7,17:06:22,17:09:22,   180, 41.50, 35.60,  5.90
         0,     0, 7,17:09:29,17:09:32,     3, 35.60, 41.70, -6.10
  13008737,     0, 8,17:09:39,17:09:54,    15, 41.20, 41.20,  0.00
  12706651,  7060, 4,17:09:25,17:11:05,   100, 43.30, 35.90,  7.40
  12706622,     0, 6,16:59:30,17:11:15,   705, 41.30, 30.20, 11.10
         0,     0, 4,17:11:13,17:11:20,     7, 35.90, 35.90,  0.00
         0,     0, 6,17:11:23,17:11:35,    12, 30.20, 40.60,-10.40
  12706624,  7033, 6,17:12:33,17:13:10,    37, 38.50, 31.60,  6.90
         0,     0, 6,17:13:17,17:13:26,     9, 31.60, 41.40, -9.80
  12706636,  7045, 1,17:11:55,17:14:03,   128, 41.30, 32.10,  9.20
  13008756,  7115, 2,17:12:48,17:14:06,    78, 44.00, 34.80,  9.20
         0,     0, 1,17:14:12,17:14:20,     8, 32.10, 41.30, -9.20
         0,     0, 2,17:14:15,17:14:23,     8, 34.80, 43.90, -9.10
  13008742,  7163, 1,17:14:31,17:15:58,    87, 41.20, 40.90,  0.30
  13008742,  7163, 1,17:16:12,17:17:01,    49, 40.90, 40.20,  0.70
  13008742,  7163, 1,17:17:15,17:17:37,    22, 40.20, 38.00,  2.20
         0,     0, 1,17:17:45,17:17:47,     2, 38.00, 41.20, -3.20
  13008742,  7163, 1,17:17:57,17:19:07,    70, 41.20, 25.10, 16.10
         0,     0, 1,17:19:15,17:19:30,    15, 25.10, 41.30,-16.20
  12199988,  5042, 4,17:17:55,17:20:17,   142, 43.20, 28.80, 14.40
         0,     0, 4,17:20:25,17:20:39,    14, 28.80, 43.40,-14.60
  12706726,  7135, 5,17:22:18,17:23:44,    86, 40.80, 33.30,  7.50
         0,     0, 5,17:23:53,17:24:00,     7, 33.30, 40.80, -7.50
  12448483,  6096, 2,17:28:54,17:29:41,    47, 43.90, 43.40,  0.50
  12448483,  6096, 1,17:29:44,17:29:59,    15, 41.30, 38.90,  2.40
         0,     0, 1,17:30:08,17:30:09,     1, 38.90, 41.20, -2.30
  12448483,  6096, 1,17:30:19,17:31:39,    80, 41.20, 17.60, 23.60
         0,     0, 1,17:31:48,17:32:10,    22, 17.60, 41.30,-23.70
  13008765,     0, 9,17:31:57,17:32:40,    43, 41.00, 37.80,  3.20
         0,     0, 9,17:32:48,17:32:52,     4, 37.80, 41.00, -3.20
  13323425,     0, 9,17:33:02,17:33:03,     1, 41.00, 41.00,  0.00
  13008737,     0, 7,17:09:58,17:33:23,  1405, 41.70, 26.90, 14.80
         0,     0, 7,17:33:31,17:33:40,     9, 26.90, 26.90,  0.00
  12200046,  5100, 2,17:33:42,17:33:55,    13, 43.40, 43.10,  0.30
  12200046,  5100, 3,17:34:30,17:35:13,    43, 46.80, 38.00,  8.80
         0,     0, 3,17:35:21,17:35:28,     7, 38.00, 38.30, -0.30
  13323425,     0, 9,17:34:27,17:35:41,    74, 41.00, 40.40,  0.60
  13008835,     0, 6,17:28:56,17:36:03,   427, 40.80, 34.80,  6.00
         0,     0, 6,17:36:11,17:36:17,     6, 34.80, 41.50, -6.70
  13008833,     0, 6,17:36:27,17:37:20,    53, 41.60, 40.60,  1.00
  12706700,  7109, 2,17:37:30,17:37:35,     5, 43.10, 43.10,  0.00
  13008833,     0, 6,17:37:50,17:38:35,    45, 40.10, 38.00,  2.10
         0,     0, 6,17:38:42,17:38:44,     2, 38.00, 41.50, -3.50
  12706637,  7046, 4,17:39:55,17:40:07,    12, 43.60, 43.40,  0.20
  12706637,  7046, 3,17:40:11,17:40:37,    26, 46.70, 46.50,  0.20
  12706700,  7109, 2,17:40:34,17:41:12,    38, 43.20, 33.00, 10.20
         0,     0, 2,17:41:21,17:41:31,    10, 33.00, 44.00,-11.00
  12706637,  7046, 3,17:40:48,17:42:00,    72, 46.50, 34.10, 12.40
         0,     0, 3,17:42:07,17:42:18,    11, 34.10, 33.90,  0.20
  12706637,  7046, 3,17:42:30,17:42:50,    20, 46.60, 43.60,  3.00
         0,     0, 3,17:42:58,17:42:59,     1, 43.60, 46.10, -2.50
  11954056,     0, 8,17:43:23,17:43:25,     2, 41.20, 41.20,  0.00
  11499161,  2051, 1,17:42:31,17:43:44,    73, 41.30, 35.30,  6.00
  13323416,     0, 9,17:41:58,17:43:51,   113, 40.40, 36.90,  3.50
         0,     0, 1,17:43:52,17:43:57,     5, 35.30, 41.30, -6.00
         0,     0, 9,17:43:58,17:44:03,     5, 36.90, 41.10, -4.20
  13323416,     0, 9,17:44:21,17:44:22,     1, 40.20, 40.20,  0.00
  11499161,  2051, 1,17:44:07,17:44:39,    32, 41.30, 37.70,  3.60
  12706624,  7033, 6,17:39:04,17:44:44,   340, 41.30, 34.80,  6.50
         0,     0, 1,17:44:48,17:44:50,     2, 37.70, 41.30, -3.60
         0,     0, 6,17:44:51,17:44:56,     5, 34.80, 41.50, -6.70
  11954075,  4105, 2,17:43:43,17:45:10,    87, 44.00, 31.40, 12.60
         0,     0, 2,17:45:19,17:45:30,    11, 31.40, 44.00,-12.60
  13008765,     0, 9,17:46:19,17:47:09,    50, 40.20, 36.80,  3.40
         0,     0, 9,17:47:17,17:47:22,     5, 36.80, 41.10, -4.30
  12448449,  6062, 2,17:47:32,17:49:19,   107, 44.00, 38.40,  5.60
         0,     0, 2,17:49:26,17:49:30,     4, 38.40, 43.90, -5.50
  12706705,  7114, 1,17:53:17,17:55:09,   112, 41.30, 29.10, 12.20
         0,     0, 1,17:55:17,17:55:28,    11, 29.10, 41.30,-12.20
  12706618,     0,10,17:54:17,17:55:27,    70, 40.70, 26.80, 13.90
  12448420,     0, 9,17:52:35,17:55:48,   193, 41.10, 38.00,  3.10
         0,     0,10,17:55:35,17:55:50,    15, 26.80, 41.20,-14.40
         0,     0, 9,17:55:55,17:55:58,     3, 38.00, 41.10, -3.10
  12706700,  7109, 3,17:56:20,17:57:14,    54, 46.10, 34.30, 11.80
  11953978,  4008, 2,17:56:17,17:57:20,    63, 43.90, 31.40, 12.50
         0,     0, 3,17:57:23,17:57:33,    10, 34.30, 34.20,  0.10
         0,     0, 2,17:57:29,17:57:41,    12, 31.40, 43.90,-12.50
  13008833,     0, 6,17:45:07,18:03:06,  1079, 41.10, 22.40, 18.70
  12448521,     0, 7,17:33:56,18:03:31,  1775, 41.20, 32.70,  8.50
         0,     0, 6,18:03:14,18:03:34,    20, 22.40, 23.80, -1.40
         0,     0, 7,18:03:39,18:03:44,     5, 32.70, 41.50, -8.80
  12706701,  7110, 1,18:00:44,18:04:06,   202, 41.30, 25.00, 16.30
         0,     0, 1,18:04:14,18:04:29,    15, 25.00, 41.20,-16.20
  12706701,  7110, 1,18:04:39,18:05:04,    25, 41.20, 37.10,  4.10
         0,     0, 1,18:05:12,18:05:15,     3, 37.10, 41.20, -4.10
  11954075,  4105, 1,18:09:42,18:10:32,    50, 41.20, 33.80,  7.40
         0,     0, 1,18:10:39,18:10:45,     6, 33.80, 41.30, -7.50
  11499202,     0, 6,18:04:00,18:13:22,   562, 37.00, 37.00,  0.00
         0,     0, 6,18:13:29,18:13:32,     3, 37.00, 37.10, -0.10
  11954042,     0, 7,18:03:56,18:15:49,   713, 41.60, 25.90, 15.70
         0,     0, 7,18:15:57,18:16:07,    10, 25.90, 41.60,-15.70
  12448521,     0, 7,18:16:20,18:18:39,   139, 40.70, 32.00,  8.70
         0,     0, 7,18:18:47,18:18:53,     6, 32.00, 41.60, -9.60
  12199981,  5035, 1,18:19:15,18:20:19,    64, 41.30, 27.00, 14.30
         0,     0, 1,18:20:27,18:20:40,    13, 27.00, 41.30,-14.30
  12706686,  7095, 1,18:26:15,18:27:30,    75, 41.30, 37.30,  4.00
         0,     0, 1,18:27:38,18:27:41,     3, 37.30, 41.30, -4.00
  12706738,  7147, 2,18:27:39,18:30:08,   149, 44.00, 26.20, 17.80
  21268825,  6087, 3,18:28:01,18:30:09,   128, 46.30, 29.00, 17.30
         0,     0, 3,18:30:17,18:30:32,    15, 29.00, 29.20, -0.20
         0,     0, 2,18:30:17,18:30:34,    17, 26.20, 44.10,-17.90
  12448479,  6092, 2,18:32:11,18:34:33,   142, 44.20, 29.40, 14.80
         0,     0, 2,18:34:40,18:34:53,    13, 29.40, 44.00,-14.60
  12448473,  6086, 1,18:34:00,18:35:20,    80, 41.30, 26.10, 15.20
         0,     0, 1,18:35:28,18:35:43,    15, 26.10, 41.30,-15.20
  13323427,     0, 8,18:35:47,18:36:27,    40, 41.10, 41.00,  0.10
  13008797,     0, 6,18:13:44,18:36:58,  1394, 41.40, 29.70, 11.70
         0,     0, 6,18:37:05,18:37:16,    11, 29.70, 40.70,-11.00
  11953978,  4008, 2,18:36:11,18:37:26,    75, 44.00, 39.10,  4.90
         0,     0, 2,18:37:34,18:37:37,     3, 39.10, 43.90, -4.80
  13323427,     0, 8,18:38:04,18:38:25,    21, 40.80, 40.80,  0.00
  12706686,  7095, 1,18:36:25,18:38:53,   148, 41.30, 37.60,  3.70
         0,     0, 1,18:39:01,18:39:03,     2, 37.60, 41.20, -3.60
  13323427,     0, 8,18:38:51,18:40:33,   102, 40.70, 33.20,  7.50
         0,     0, 8,18:40:41,18:40:49,     8, 33.20, 41.10, -7.90
  11724109,  6068, 1,18:39:44,18:42:04,   140, 41.20, 31.20, 10.00
  12706659,  7068, 4,18:38:51,18:42:11,   200, 43.50, 32.60, 10.90
         0,     0, 1,18:42:12,18:42:21,     9, 31.20, 41.30,-10.10
         0,     0, 4,18:42:18,18:42:28,    10, 32.60, 43.30,-10.70
  21268104,  6067, 5,18:39:30,18:43:03,   213, 40.70, 32.00,  8.70
         0,     0, 5,18:43:11,18:43:19,     8, 32.00, 40.80, -8.80
  12448428,  6041, 1,18:42:31,18:43:22,    51, 41.30, 28.30, 13.00
  13323427,     0, 8,18:42:58,18:43:28,    30, 41.10, 40.90,  0.20
         0,     0, 1,18:43:30,18:43:42,    12, 28.30, 41.30,-13.00
  13323425,     0, 9,18:47:15,18:47:55,    40, 41.00, 40.40,  0.60
  13008789,     0, 7,18:25:45,18:48:24,  1359, 41.40, 24.90, 16.50
         0,     0, 7,18:48:32,18:48:42,    10, 24.90, 41.40,-16.50
  13008815,     0, 7,18:48:52,18:49:41,    49, 41.50, 38.50,  3.00
         0,     0, 7,18:49:49,18:49:50,     1, 38.50, 40.80, -2.30
  12448420,     0, 9,18:48:49,18:50:00,    71, 40.40, 35.70,  4.70
  11499202,     0, 6,18:37:49,18:50:09,   740, 32.60, 32.60,  0.00
         0,     0, 9,18:50:08,18:50:14,     6, 35.70, 41.10, -5.40
         0,     0, 6,18:50:16,18:50:24,     8, 32.60, 32.70, -0.10
  13323435,     0,10,18:53:33,18:54:35,    62, 41.00, 40.80,  0.20
  13008779,     0, 8,18:56:44,18:56:50,     6, 40.90, 40.90,  0.00
  12706727,  7136, 2,18:56:02,18:57:27,    85, 43.90, 28.20, 15.70
         0,     0, 2,18:57:35,18:57:49,    14, 28.20, 44.10,-15.90
  12706618,     0, 9,19:00:54,19:01:00,     6, 41.10, 41.00,  0.10
  13008756,  7115, 1,19:00:47,19:01:40,    53, 41.30, 35.20,  6.10
  12706624,  7033, 6,18:50:56,19:01:46,   650, 40.90, 33.60,  7.30
  12448521,     0, 8,19:01:19,19:01:50,    31, 39.80, 37.20,  2.60
         0,     0, 1,19:01:49,19:01:54,     5, 35.20, 41.30, -6.10
         0,     0, 6,19:01:53,19:02:00,     7, 33.60, 33.50,  0.10
         0,     0, 8,19:01:59,19:02:02,     3, 37.20, 41.20, -4.00
  12706726,  7135, 5,18:59:53,19:02:02,   129, 40.80, 33.50,  7.30
         0,     0, 5,19:02:10,19:02:16,     6, 33.50, 40.90, -7.40
  12448415,     0, 7,18:50:08,19:02:15,   727, 40.70, 15.60, 25.10
         0,     0, 7,19:02:23,19:02:39,    16, 15.60, 15.60,  0.00
  12706707,  7116, 2,19:01:42,19:02:45,    63, 44.10, 35.60,  8.50
         0,     0, 2,19:02:53,19:03:00,     7, 35.60, 44.00, -8.40
  13008792,     0, 7,19:02:51,19:03:18,    27, 41.40, 41.00,  0.40
  13008792,     0, 8,19:03:19,19:03:34,    15, 37.00, 37.00,  0.00
         0,     0, 8,19:03:43,19:03:47,     4, 37.00, 41.10, -4.10
  13008779,     0, 7,19:03:57,19:04:04,     7, 38.10, 36.70,  1.40
         0,     0, 7,19:04:12,19:04:15,     3, 36.70, 41.70, -5.00
  13008792,     0, 8,19:05:08,19:05:46,    38, 38.80, 35.70,  3.10
  12706669,  7078, 2,19:04:28,19:05:54,    86, 44.00, 31.10, 12.90
         0,     0, 8,19:05:54,19:05:59,     5, 35.70, 41.10, -5.40
  13008779,     0, 7,19:04:26,19:06:11,   105, 41.70, 28.50, 13.20
         0,     0, 2,19:06:02,19:06:13,    11, 31.10, 44.00,-12.90
         0,     0, 7,19:06:18,19:06:27,     9, 28.50, 40.80,-12.30
  13008835,     0, 6,19:02:29,19:11:54,   565, 41.10, 24.10, 17.00
         0,     0, 6,19:12:02,19:12:13,    11, 24.10, 24.20, -0.10
  11953978,  4008, 1,19:11:10,19:13:13,   123, 41.30, 34.20,  7.10
  12706686,  7095, 3,19:10:48,19:13:15,   147, 46.70, 37.60,  9.10
         0,     0, 1,19:13:21,19:13:27,     6, 34.20, 41.20, -7.00
         0,     0, 3,19:13:23,19:13:30,     7, 37.60, 37.50,  0.10
  12448477,  6090, 2,19:14:30,19:16:00,    90, 44.00, 42.30,  1.70
  12448451,  6064, 1,19:16:21,19:17:39,    78, 41.20, 41.10,  0.10
  13008792,     0, 7,19:06:50,19:19:54,   784, 33.00, 29.80,  3.20
         0,     0, 7,19:20:01,19:20:08,     7, 29.80, 41.60,-11.80
  12706707,  7116, 1,19:20:00,19:20:19,    19, 41.10, 41.10,  0.00
  12199969,     0, 9,19:18:29,19:20:29,   120, 41.10, 33.30,  7.80
         0,     0, 9,19:20:37,19:20:47,    10, 33.30, 41.00, -7.70
  12448451,  6064, 2,19:17:44,19:21:51,   247, 42.30, 19.70, 22.60
  13008797,     0, 6,19:12:28,19:22:06,   578, 36.20, 29.40,  6.80
         0,     0, 2,19:21:59,19:22:22,    23, 19.70, 43.90,-24.20
         0,     0, 6,19:22:14,19:22:25,    11, 29.40, 29.50, -0.10
  12448477,  6090, 1,19:22:20,19:22:29,     9, 41.10, 41.10,  0.00
  12448477,  6090, 2,19:22:32,19:24:33,   121, 44.00, 35.00,  9.00
         0,     0, 2,19:24:42,19:24:50,     8, 35.00, 43.90, -8.90
  12448479,  6092, 3,19:24:30,19:25:05,    35, 46.90, 45.40,  1.50
  12706738,  7147, 5,19:22:39,19:25:10,   151, 40.90, 31.30,  9.60
         0,     0, 5,19:25:18,19:25:27,     9, 31.30, 40.80, -9.50
  12448479,  6092, 4,19:25:12,19:25:51,    39, 43.40, 39.40,  4.00
         0,     0, 4,19:25:58,19:26:01,     3, 39.40, 43.30, -3.90
  12448409,  6022, 3,19:27:14,19:27:28,    14, 45.90, 45.60,  0.30
  13008836,     0, 7,19:20:20,19:29:00,   520, 41.70, 29.00, 12.70
         0,     0, 7,19:29:07,19:29:14,     7, 29.00, 29.00,  0.00
  12706707,  7116, 2,19:29:04,19:29:47,    43, 44.00, 38.10,  5.90
         0,     0, 2,19:29:54,19:29:58,     4, 38.10, 43.80, -5.70
  12448409,  6022, 4,19:27:33,19:30:30,   177, 43.30, 26.60, 16.70
         0,     0, 4,19:30:39,19:30:55,    16, 26.60, 43.40,-16.80
  12706624,  7033, 6,19:22:41,19:31:23,   522, 41.40, 37.40,  4.00
         0,     0, 6,19:31:31,19:31:34,     3, 37.40, 41.50, -4.10
  13008815,     0, 7,19:29:28,19:32:32,   184, 40.30, 40.20,  0.10
  12706727,  7136, 2,19:31:44,19:33:22,    98, 43.90, 34.00,  9.90
         0,     0, 2,19:33:30,19:33:38,     8, 34.00, 43.90, -9.90
  13323358,     0, 7,19:32:42,19:34:20,    98, 40.10, 33.00,  7.10
         0,     0, 7,19:34:28,19:34:33,     5, 33.00, 41.50, -8.50
  13008737,     0, 8,19:34:27,19:36:19,   112, 41.10, 27.20, 13.90
         0,     0, 8,19:36:28,19:36:42,    14, 27.20, 41.20,-14.00
  13008802,     0, 9,19:35:28,19:36:48,    80, 41.10, 32.50,  8.60
         0,     0, 9,19:36:56,19:37:07,    11, 32.50, 41.10, -8.60
  21306958,  5124, 8,19:38:53,19:40:02,    69, 41.20, 40.90,  0.30
  13008815,     0, 7,19:37:56,19:40:22,   146, 41.00, 29.10, 11.90
         0,     0, 7,19:40:29,19:40:36,     7, 29.10, 29.10,  0.00
  12448416,  6029, 4,19:38:26,19:40:42,   136, 43.40, 28.90, 14.50
         0,     0, 4,19:40:50,19:41:04,    14, 28.90, 43.40,-14.50
  12448416,  6029, 3,19:41:02,19:41:31,    29, 45.70, 40.40,  5.30
         0,     0, 3,19:41:38,19:41:43,     5, 40.40, 46.30, -5.90
  11724239,  3139, 1,19:35:40,19:41:49,   369, 41.10, 22.10, 19.00
         0,     0, 1,19:41:56,19:42:14,    18, 22.10, 41.30,-19.20
  12448442,  6055, 6,19:31:55,19:42:23,   628, 36.50, 34.20,  2.30
         0,     0, 6,19:42:31,19:42:37,     6, 34.20, 34.40, -0.20
  11724239,  3139, 1,19:42:24,19:43:06,    42, 41.30, 39.20,  2.10
         0,     0, 1,19:43:15,19:43:16,     1, 39.20, 41.30, -2.10
  12200042,  5096, 2,19:41:40,19:43:41,   121, 44.00, 28.20, 15.80
         0,     0, 2,19:43:48,19:44:02,    14, 28.20, 44.00,-15.80
  12706615,     0, 9,19:44:07,19:44:35,    28, 41.10, 41.10,  0.00
  21306958,  5124, 8,19:45:38,19:45:43,     5, 41.00, 41.00,  0.00
  21306958,  5124, 7,19:40:46,19:45:55,   309, 41.70, 33.50,  8.20
         0,     0, 7,19:46:03,19:46:08,     5, 33.50, 41.30, -7.80
  12706615,     0,10,19:44:58,19:48:04,   186, 40.70, 24.60, 16.10
         0,     0,10,19:48:12,19:48:29,    17, 24.60, 41.20,-16.60
  12200048,     0, 8,19:46:48,19:49:42,   174, 41.00, 27.80, 13.20
         0,     0, 8,19:49:50,19:50:04,    14, 27.80, 41.20,-13.40
  13323416,     0,10,19:50:50,19:51:56,    66, 41.10, 36.80,  4.30
         0,     0,10,19:52:05,19:52:09,     4, 36.80, 41.20, -4.40
  13008786,     0, 8,19:55:51,19:55:56,     5, 41.20, 41.20,  0.00
  12448448,  6061, 1,19:58:14,20:00:25,   131, 41.30, 41.00,  0.30
  12706669,  7078, 2,19:57:48,20:00:27,   159, 44.00, 33.20, 10.80
         0,     0, 2,20:00:35,20:00:44,     9, 33.20, 44.00,-10.80
  12448448,  6061, 2,20:00:54,20:01:11,    17, 44.00, 43.40,  0.60
  12448448,  6061, 2,20:01:21,20:01:56,    35, 43.40, 43.40,  0.00
  12706700,  7109, 2,20:02:09,20:02:19,    10, 43.40, 43.30,  0.10
  12448448,  6061, 1,20:02:04,20:06:01,   237, 41.00, 22.60, 18.40
         0,     0, 1,20:06:09,20:06:26,    17, 22.60, 41.30,-18.70
  13323416,     0, 9,20:06:22,20:06:27,     5, 41.00, 40.90,  0.10
  12706701,  7110, 2,20:02:55,20:07:09,   254, 43.30, 29.30, 14.00
  13323416,     0, 9,20:06:37,20:07:26,    49, 40.90, 37.50,  3.40
         0,     0, 2,20:07:18,20:07:31,    13, 29.30, 44.00,-14.70
         0,     0, 9,20:07:33,20:07:37,     4, 37.50, 41.00, -3.50
  13323416,     0,10,20:07:35,20:07:36,     1, 41.10, 41.10,  0.00
  12706700,  7109, 1,20:08:22,20:09:15,    53, 41.30, 28.20, 13.10
  13008833,     0, 6,19:42:56,20:09:19,  1583, 41.40, 27.60, 13.80
         0,     0, 1,20:09:22,20:09:34,    12, 28.20, 41.20,-13.00
         0,     0, 6,20:09:27,20:09:40,    13, 27.60, 41.50,-13.90
  13323425,     0, 9,20:11:06,20:11:19,    13, 40.80, 40.70,  0.10
  12200083,     0, 9,20:11:40,20:12:35,    55, 40.70, 34.70,  6.00
  13323425,     0,10,20:12:36,20:12:37,     1, 37.40, 37.40,  0.00
         0,     0,10,20:12:44,20:12:47,     3, 37.40, 41.10, -3.70
         0,     0, 9,20:12:42,20:12:50,     8, 34.70, 41.00, -6.30
  13323425,     0, 9,20:13:04,20:13:25,    21, 41.00, 38.70,  2.30
         0,     0, 9,20:13:34,20:13:36,     2, 38.70, 41.10, -2.40
  12706636,  7045, 3,20:12:08,20:13:48,   100, 46.80, 33.50, 13.30
         0,     0, 3,20:13:56,20:14:07,    11, 33.50, 46.40,-12.90
  12706616,  7025, 1,20:14:50,20:16:23,    93, 41.20, 27.10, 14.10
         0,     0, 1,20:16:31,20:16:44,    13, 27.10, 41.30,-14.20
  12706634,     0, 8,20:23:51,20:23:56,     5, 41.10, 41.10,  0.00
  13008786,     0, 7,19:46:18,20:24:06,  2268, 41.30, 31.30, 10.00
         0,     0, 7,20:24:14,20:24:20,     6, 31.30, 41.60,-10.30
  11954075,  4105, 2,20:23:05,20:24:51,   106, 44.00, 28.80, 15.20
  12706634,     0, 8,20:24:59,20:25:00,     1, 34.00, 34.00,  0.00
         0,     0, 2,20:24:59,20:25:13,    14, 28.80, 44.00,-15.20
         0,     0, 8,20:25:08,20:25:15,     7, 34.00, 34.10, -0.10
  13008735,  7156, 3,20:24:11,20:25:34,    83, 46.90, 37.50,  9.40
         0,     0, 3,20:25:42,20:25:49,     7, 37.50, 37.80, -0.30
  12448437,  6050, 7,20:24:30,20:26:01,    91, 41.60, 41.10,  0.50
  12448437,  6050, 8,20:25:53,20:26:19,    26, 41.20, 40.40,  0.80
  13323358,     0, 8,20:28:59,20:29:03,     4, 32.40, 32.40,  0.00
         0,     0, 8,20:29:10,20:29:19,     9, 32.40, 41.10, -8.70
  13323435,     0,10,20:29:21,20:30:43,    82, 41.00, 37.90,  3.10
         0,     0,10,20:30:52,20:30:55,     3, 37.90, 41.20, -3.30
  13323435,     0, 9,20:30:57,20:31:39,    42, 41.10, 38.40,  2.70
         0,     0, 9,20:31:48,20:31:51,     3, 38.40, 41.10, -2.70
  13008742,  7163, 3,20:29:13,20:32:25,   192, 46.90, 31.00, 15.90
         0,     0, 3,20:32:34,20:32:47,    13, 31.00, 31.00,  0.00
  12200046,  5100, 2,20:39:24,20:40:20,    56, 44.00, 34.50,  9.50
         0,     0, 2,20:40:28,20:40:36,     8, 34.50, 43.90, -9.40
  21292347,  5120, 2,20:41:33,20:44:53,   200, 44.00, 32.70, 11.30
         0,     0, 2,20:45:01,20:45:11,    10, 32.70, 43.90,-11.20
  13323434,     0, 9,20:44:39,20:46:25,   106, 41.00, 38.40,  2.60
         0,     0, 9,20:46:33,20:46:36,     3, 38.40, 41.00, -2.60
  13323434,     0, 9,20:46:58,20:48:17,    79, 39.40, 34.80,  4.60
         0,     0, 9,20:48:25,20:48:33,     8, 34.80, 41.10, -6.30
  13008735,  7156, 4,20:48:22,20:49:28,    66, 43.60, 36.50,  7.10
         0,     0, 4,20:49:37,20:49:43,     6, 36.50, 36.50,  0.00
  12448437,  6050, 7,20:27:43,20:50:11,  1348, 41.10, 29.30, 11.80
         0,     0, 7,20:50:18,20:50:25,     7, 29.30, 41.50,-12.20
  11953978,  4008, 2,20:53:11,20:54:16,    65, 44.00, 37.80,  6.20
         0,     0, 2,20:54:25,20:54:30,     5, 37.80, 43.90, -6.10
  12706609,  7018, 8,20:53:01,20:54:37,    96, 41.10, 33.30,  7.80
         0,     0, 8,20:54:45,20:54:53,     8, 33.30, 41.20, -7.90
  11953978,  4008, 1,20:54:48,20:55:07,    19, 41.30, 34.30,  7.00
         0,     0, 1,20:55:14,20:55:20,     6, 34.30, 41.10, -6.80
  12706650,  7059, 1,20:55:31,20:58:04,   153, 41.20, 27.10, 14.10
         0,     0, 1,20:58:12,20:58:25,    13, 27.10, 41.20,-14.10
  12706710,  7119, 2,20:54:44,20:59:01,   257, 43.90, 23.40, 20.50
  11953978,  4008, 1,20:58:35,20:59:14,    39, 41.20, 34.30,  6.90
         0,     0, 1,20:59:23,20:59:29,     6, 34.30, 41.30, -7.00
         0,     0, 2,20:59:09,20:59:29,    20, 23.40, 43.90,-20.50
  12706710,  7119, 1,20:59:43,21:00:14,    31, 41.30, 40.90,  0.40
  13008732,  7153, 3,21:01:37,21:02:40,    63, 46.50, 46.10,  0.40
  12706636,  7045, 2,21:02:15,21:03:43,    88, 44.00, 34.60,  9.40
         0,     0, 2,21:03:51,21:03:59,     8, 34.60, 44.00, -9.40
  13008732,  7153, 3,21:03:13,21:05:16,   123, 46.30, 29.50, 16.80
         0,     0, 3,21:05:24,21:05:39,    15, 29.50, 29.60, -0.10
  12706604,     0, 8,21:05:39,21:05:51,    12, 41.20, 41.20,  0.00
  11954075,  4105, 1,21:06:14,21:06:58,    44, 40.90, 33.80,  7.10
         0,     0, 1,21:07:06,21:07:12,     6, 33.80, 41.30, -7.50
  12706659,  7068, 1,21:08:55,21:09:02,     7, 41.30, 41.30,  0.00
  11724159,     0, 6,20:51:05,21:10:12,  1147, 41.50, 34.20,  7.30
         0,     0, 6,21:10:20,21:10:26,     6, 34.20, 41.40, -7.20
  12706655,  7064, 5,21:07:47,21:11:04,   197, 40.80, 22.40, 18.40
         0,     0, 5,21:11:11,21:11:28,    17, 22.40, 40.80,-18.40
  12706659,  7068, 2,21:09:53,21:15:10,   317, 44.00, 31.80, 12.20
         0,     0, 2,21:15:18,21:15:29,    11, 31.80, 44.00,-12.20
  13008762,     0, 6,21:11:41,21:15:36,   235, 31.90, 31.80,  0.10
         0,     0, 6,21:15:44,21:15:53,     9, 31.80, 41.50, -9.70
  12199988,  5042, 4,21:21:06,21:24:08,   182, 43.40, 24.40, 19.00
         0,     0, 4,21:24:15,21:24:33,    18, 24.40, 43.30,-18.90
  12448415,     0, 7,21:09:57,21:25:17,   920, 41.60, 31.00, 10.60
         0,     0, 7,21:25:25,21:25:31,     6, 31.00, 41.60,-10.60
  13008800,     0, 8,21:28:41,21:30:05,    84, 41.20, 33.40,  7.80
  12448449,  6062, 5,21:29:54,21:30:06,    12, 40.80, 40.80,  0.00
         0,     0, 8,21:30:14,21:30:22,     8, 33.40, 41.20, -7.80
  12706601,     0, 9,21:30:11,21:32:23,   132, 41.10, 33.40,  7.70
  12199981,  5035, 3,21:31:02,21:32:26,    84, 46.60, 32.10, 14.50
  12448449,  6062, 5,21:30:34,21:32:33,   119, 40.70, 31.10,  9.60
         0,     0, 9,21:32:31,21:32:41,    10, 33.40, 40.90, -7.50
         0,     0, 3,21:32:33,21:32:46,    13, 32.10, 31.90,  0.20
         0,     0, 5,21:32:40,21:32:49,     9, 31.10, 40.90, -9.80
  11954056,     0, 8,21:33:48,21:33:54,     6, 41.20, 41.10,  0.10
  12706601,     0,10,21:32:51,21:34:00,    69, 41.00, 36.20,  4.80
  12448437,  6050, 7,21:25:47,21:34:01,   494, 41.50, 35.50,  6.00
         0,     0, 7,21:34:09,21:34:12,     3, 35.50, 41.50, -6.00
         0,     0,10,21:34:08,21:34:13,     5, 36.20, 41.10, -4.90
  12448471,  6084, 3,21:34:58,21:36:07,    69, 46.80, 34.30, 12.50
         0,     0, 3,21:36:15,21:36:25,    10, 34.30, 34.10,  0.20
  12448471,  6084, 3,21:36:35,21:37:52,    77, 34.10, 36.70, -2.60
         0,     0, 3,21:38:01,21:38:09,     8, 36.70, 36.60,  0.10
  12706639,  7048, 2,21:40:52,21:43:00,   128, 44.00, 30.40, 13.60
         0,     0, 2,21:43:08,21:43:20,    12, 30.40, 44.00,-13.60
  12448479,  6092, 2,21:44:27,21:47:08,   161, 44.10, 32.60, 11.50
         0,     0, 2,21:47:17,21:47:27,    10, 32.60, 44.10,-11.50
  11954056,     0, 7,21:34:32,21:49:41,   909, 41.00, 23.30, 17.70
         0,     0, 7,21:49:49,21:50:00,    11, 23.30, 40.70,-17.40
  12706738,  7147, 1,21:51:00,21:53:08,   128, 41.30, 33.20,  8.10
  13008735,  7156, 5,21:51:46,21:53:11,    85, 40.90, 32.70,  8.20
         0,     0, 1,21:53:15,21:53:22,     7, 33.20, 41.30, -8.10
         0,     0, 5,21:53:19,21:53:26,     7, 32.70, 40.90, -8.20
  12448473,  6086, 2,21:52:23,21:53:41,    78, 44.10, 32.10, 12.00
         0,     0, 2,21:53:49,21:53:59,    10, 32.10, 43.90,-11.80
  13008735,  7156, 5,21:55:07,21:55:16,     9, 40.90, 40.60,  0.30
  12200042,  5096, 3,21:53:11,21:56:30,   199, 46.60, 33.20, 13.40
         0,     0, 3,21:56:37,21:56:48,    11, 33.20, 33.00,  0.20
  12200046,  5100, 2,21:59:22,22:00:07,    45, 43.90, 35.50,  8.40
         0,     0, 2,22:00:14,22:00:21,     7, 35.50, 44.00, -8.50
  11954014,  4044, 5,22:03:33,22:05:08,    95, 40.60, 27.40, 13.20
         0,     0, 5,22:05:16,22:05:28,    12, 27.40, 40.80,-13.40
  13323358,     0, 8,22:07:33,22:07:36,     3, 36.50, 36.50,  0.00
         0,     0, 8,22:07:45,22:07:49,     4, 36.50, 41.10, -4.60
  12706726,  7135, 5,22:08:53,22:10:17,    84, 40.90, 40.80,  0.10
  12706637,  7046, 2,22:08:04,22:10:17,   133, 44.00, 28.70, 15.30
         0,     0, 2,22:10:25,22:10:39,    14, 28.70, 44.00,-15.30
  13008732,  7153, 3,22:06:59,22:10:55,   236, 47.00, 40.20,  6.80
         0,     0, 3,22:11:02,22:11:07,     5, 40.20, 40.50, -0.30
  12199986,     0, 7,21:50:10,22:12:24,  1334, 40.10, 23.60, 16.50
         0,     0, 7,22:12:32,22:12:43,    11, 23.60, 39.90,-16.30
  12706726,  7135, 5,22:10:45,22:13:22,   157, 40.80, 29.10, 11.70
         0,     0, 5,22:13:29,22:13:40,    11, 29.10, 40.90,-11.80
  12706622,     0, 6,21:16:15,22:17:00,  3645, 41.40, 36.40,  5.00
         0,     0, 6,22:17:08,22:17:12,     4, 36.40, 41.40, -5.00
  12448449,  6062, 2,22:18:11,22:19:33,    82, 43.90, 37.90,  6.00
  11954042,     0, 8,22:19:37,22:19:40,     3, 41.20, 41.20,  0.00
         0,     0, 2,22:19:41,22:19:46,     5, 37.90, 44.00, -6.10
  12706616,  7025, 4,22:20:02,22:21:02,    60, 43.90, 34.50,  9.40
         0,     0, 4,22:21:09,22:21:17,     8, 34.50, 34.40,  0.10
  13323358,     0, 8,22:22:48,22:23:36,    48, 41.20, 36.20,  5.00
         0,     0, 8,22:23:45,22:23:49,     4, 36.20, 36.30, -0.10
  11724109,  6068, 3,22:21:28,22:24:08,   160, 46.60, 35.00, 11.60
         0,     0, 3,22:24:15,22:24:24,     9, 35.00, 35.00,  0.00
  13008768,     0, 6,22:17:55,22:25:03,   428, 41.40, 22.80, 18.60
         0,     0, 6,22:25:10,22:25:27,    17, 22.80, 41.00,-18.20
  13008800,     0, 7,22:13:13,22:25:26,   733, 35.50, 34.20,  1.30
         0,     0, 7,22:25:34,22:25:38,     4, 34.20, 41.70, -7.50
  12706727,  7136, 2,22:26:30,22:29:34,   184, 44.00, 33.00, 11.00
         0,     0, 2,22:29:42,22:29:52,    10, 33.00, 44.00,-11.00
  13008765,     0, 9,22:31:59,22:33:11,    72, 40.90, 38.00,  2.90
         0,     0, 9,22:33:19,22:33:22,     3, 38.00, 41.00, -3.00
  13008765,     0, 9,22:33:44,22:33:47,     3, 39.20, 39.30, -0.10
         0,     0, 9,22:33:56,22:33:58,     2, 39.30, 41.10, -1.80
  13323434,     0, 9,22:37:06,22:37:07,     1, 41.10, 41.10,  0.00
  12200007,  5061, 4,22:35:47,22:37:19,    92, 43.20, 31.90, 11.30
         0,     0, 4,22:37:27,22:37:38,    11, 31.90, 43.30,-11.40
  12706707,  7116, 5,22:37:00,22:37:40,    40, 40.80, 37.50,  3.30
         0,     0, 5,22:37:48,22:37:51,     3, 37.50, 40.80, -3.30
  13323434,     0, 9,22:37:29,22:38:40,    71, 41.00, 40.00,  1.00
         0,     0, 9,22:38:48,22:38:48,     0, 40.00, 39.50,  0.50
  12706707,  7116, 5,22:38:38,22:38:54,    16, 40.90, 38.80,  2.10
         0,     0, 5,22:39:02,22:39:04,     2, 38.80, 41.00, -2.20
  11954042,     0, 7,22:25:53,22:39:44,   831, 41.70, 33.30,  8.40
         0,     0, 7,22:39:52,22:39:57,     5, 33.30, 41.50, -8.20
  13323434,     0, 9,22:39:48,22:40:13,    25, 37.10, 35.60,  1.50
         0,     0, 9,22:40:21,22:40:28,     7, 35.60, 41.10, -5.50
  12200046,  5100, 1,22:44:18,22:44:56,    38, 41.30, 33.50,  7.80
         0,     0, 1,22:45:04,22:45:11,     7, 33.50, 41.30, -7.80
  13008756,  7115, 2,22:54:24,22:54:31,     7, 43.90, 44.00, -0.10
  12706669,  7078, 3,22:54:18,22:55:32,    74, 46.50, 36.80,  9.70
  12199969,     0, 9,22:54:25,22:55:31,    66, 41.10, 37.50,  3.60
         0,     0, 9,22:55:39,22:55:43,     4, 37.50, 41.00, -3.50
         0,     0, 3,22:55:39,22:55:47,     8, 36.80, 37.10, -0.30
  13008756,  7115, 1,22:54:52,22:56:32,   100, 41.30, 25.20, 16.10
  12448479,  6092, 4,22:54:27,22:56:38,   131, 43.30, 32.00, 11.30
         0,     0, 1,22:56:39,22:56:54,    15, 25.20, 41.30,-16.10
         0,     0, 4,22:56:45,22:56:56,    11, 32.00, 43.40,-11.40
  12706686,  7095, 2,22:54:43,22:57:14,   151, 44.00, 33.10, 10.90
         0,     0, 2,22:57:22,22:57:31,     9, 33.10, 44.00,-10.90
  12706686,  7095, 1,22:57:20,22:58:16,    56, 41.30, 39.50,  1.80
         0,     0, 1,22:58:23,22:58:24,     1, 39.50, 41.20, -1.70
  12448409,  6022, 2,23:00:06,23:00:21,    15, 44.10, 44.00,  0.10
  11953978,  4008, 4,23:00:53,23:02:47,   114, 43.40, 32.50, 10.90
         0,     0, 4,23:02:55,23:03:05,    10, 32.50, 43.30,-10.80
  12448409,  6022, 1,23:00:37,23:03:07,   150, 41.30, 27.10, 14.20
         0,     0, 1,23:03:15,23:03:28,    13, 27.10, 41.30,-14.20
  13008820,     0, 7,22:40:44,23:07:09,  1585, 40.90, 40.90,  0.00
  12706727,  7136, 2,23:09:39,23:09:45,     6, 43.90, 43.90,  0.00
  12706727,  7136, 2,23:10:15,23:11:38,    83, 43.90, 34.60,  9.30
         0,     0, 2,23:11:46,23:11:54,     8, 34.60, 43.90, -9.30
  12200007,  5061, 5,23:11:06,23:12:14,    68, 41.00, 34.90,  6.10
  12448477,  6090, 4,23:11:39,23:12:12,    33, 43.30, 42.50,  0.80
         0,     0, 5,23:12:21,23:12:26,     5, 34.90, 40.80, -5.90
  12706707,  7116, 2,23:12:57,23:14:09,    72, 44.00, 35.60,  8.40
         0,     0, 2,23:14:17,23:14:24,     7, 35.60, 44.00, -8.40
  12448483,  6096, 3,23:12:23,23:15:14,   171, 46.70, 24.00, 22.70
  12448477,  6090, 4,23:12:35,23:15:16,   161, 42.60, 30.90, 11.70
         0,     0, 4,23:15:23,23:15:36,    13, 30.90, 43.30,-12.40
         0,     0, 3,23:15:23,23:15:43,    20, 24.00, 46.40,-22.40
  12706604,     0, 8,23:16:52,23:17:10,    18, 41.10, 41.10,  0.00
  12706705,  7114, 1,23:19:08,23:19:35,    27, 41.30, 41.30,  0.00
  12706705,  7114, 1,23:19:46,23:23:27,   221, 41.30, 22.90, 18.40
         0,     0, 1,23:23:35,23:23:52,    17, 22.90, 41.30,-18.40
  12448442,  6055, 6,22:26:21,23:23:58,  3457, 35.50, 35.50,  0.00
         0,     0, 6,23:24:07,23:24:12,     5, 35.50, 41.50, -6.00
  12706604,     0, 8,23:24:44,23:25:02,    18, 41.10, 41.10,  0.00
  12706604,     0, 8,23:28:57,23:29:27,    30, 41.10, 41.00,  0.10
  12448416,  6029, 4,23:26:59,23:30:03,   184, 43.40, 30.90, 12.50
  11954056,     0, 8,23:30:12,23:30:14,     2, 41.00, 41.00,  0.00
         0,     0, 4,23:30:11,23:30:23,    12, 30.90, 43.40,-12.50
  13323358,     0, 7,23:07:56,23:30:31,  1355, 40.90, 40.70,  0.20
  11954056,     0, 7,23:30:55,23:41:14,   619, 40.70, 28.00, 12.70
         0,     0, 7,23:41:21,23:41:29,     8, 28.00, 41.50,-13.50
  12706650,  7059, 4,23:40:11,23:41:33,    82, 44.00, 39.00,  5.00
         0,     0, 4,23:41:40,23:41:44,     4, 39.00, 43.40, -4.40
  13008742,  7163, 2,23:42:02,23:44:24,   142, 43.90, 43.20,  0.70
  12706624,  7033, 6,23:24:22,23:44:42,  1220, 41.40, 36.10,  5.30
  13008742,  7163, 2,23:44:33,23:44:42,     9, 43.10, 42.40,  0.70
  12199977,     0, 7,23:41:47,23:44:43,   176, 40.80, 29.60, 11.20
         0,     0, 8,23:44:55,23:45:05,    10, 41.00, 41.00,  0.00
         0,     0, 9,23:44:55,23:45:05,    10, 41.00, 41.00,  0.00
         0,     0,10,23:44:55,23:45:05,    10, 32.90, 32.90,  0.00
         0,     0, 1,23:44:55,23:45:05,    10, 41.30, 41.30,  0.00
         0,     0, 3,23:44:55,23:45:05,    10, 46.60, 46.60,  0.00
         0,     0, 4,23:44:55,23:45:05,    10, 43.30, 43.30,  0.00
         0,     0, 5,23:44:55,23:45:05,    10, 40.80, 40.80,  0.00
         0,     0, 6,23:44:50,23:44:55,     5, 36.10, 41.40, -5.30
         0,     0, 7,23:44:50,23:44:57,     7, 29.60, 29.80, -0.20
