         0,     0, 3, 0:03:13, 0:03:23,    10, 47.30, 47.30,  0.00
         0,     0, 4, 0:03:13, 0:03:23,    10, 43.40, 43.40,  0.00
         0,     0, 6, 0:03:13, 0:03:23,    10, 41.50, 41.50,  0.00
         0,     0, 5, 0:03:13, 0:03:23,    10, 40.80, 40.80,  0.00
         0,     0, 7, 0:03:13, 0:03:23,    10, 41.60, 41.60,  0.00
         0,     0, 8, 0:03:13, 0:03:23,    10, 27.60, 27.60,  0.00
         0,     0, 9, 0:03:13, 0:03:23,    10, 41.20, 41.20,  0.00
         0,     0,10, 0:03:13, 0:03:23,    10, 31.30, 31.30,  0.00
         0,     0, 1, 0:03:13, 0:03:23,    10, 41.20, 41.20,  0.00
         0,     0, 2, 0:03:13, 0:03:23,    10, 44.10, 44.10,  0.00
  13008742,  7163, 2, 0:03:13, 0:06:41,   208, 44.10, 43.80,  0.30
  13008742,  7163, 2, 0:06:51, 0:06:52,     1, 43.80, 43.80,  0.00
  12448479,  6092, 1, 0:07:14, 0:07:58,    44, 41.20, 40.60,  0.60
  12448479,  6092, 2, 0:08:14, 0:08:22,     8, 43.80, 43.80,  0.00
  12448479,  6092, 1, 0:08:27, 0:09:11,    44, 40.60, 37.40,  3.20
         0,     0, 1, 0:09:18, 0:09:21,     3, 37.40, 41.30, -3.90
  12200042,  5096, 2, 0:09:19, 0:12:12,   173, 43.80, 25.10, 18.70
         0,     0, 2, 0:12:20, 0:12:38,    18, 25.10, 44.00,-18.90
  12706727,  7136, 4, 0:16:01, 0:17:21,    80, 43.70, 31.20, 12.50
         0,     0, 4, 0:17:29, 0:17:41,    12, 31.20, 43.30,-12.10
  11954075,  4105, 1, 0:23:50, 0:23:54,     4, 41.30, 41.30,  0.00
  11954075,  4105, 2, 0:24:04, 0:25:27,    83, 44.00, 29.90, 14.10
         0,     0, 2, 0:25:34, 0:25:47,    13, 29.90, 43.90,-14.00
  12448449,  6062, 1, 0:25:13, 0:26:49,    96, 41.30, 39.20,  2.10
         0,     0, 1, 0:26:56, 0:26:57,     1, 39.20, 41.20, -2.00
  12448479,  6092, 2, 0:26:46, 0:26:55,     9, 43.90, 43.80,  0.10
  12448449,  6062, 2, 0:27:05, 0:27:19,    14, 43.80, 42.70,  1.10
  11724109,  6068, 1, 0:27:09, 0:27:41,    32, 41.20, 41.20,  0.00
  12448449,  6062, 2, 0:27:30, 0:27:50,    20, 42.70, 40.10,  2.60
         0,     0, 2, 0:27:57, 0:27:59,     2, 40.10, 43.90, -3.80
  12448449,  6062, 1, 0:28:09, 0:28:24,    15, 41.20, 41.20,  0.00
  12448479,  6092, 3, 0:29:45, 0:30:43,    58, 46.80, 44.50,  2.30
  11724109,  6068, 2, 0:28:09, 0:31:02,   173, 43.90, 34.20,  9.70
         0,     0, 2, 0:31:10, 0:31:18,     8, 34.20, 44.00, -9.80
  12706636,  7045, 3, 0:30:55, 0:32:52,   117, 44.50, 32.30, 12.20
         0,     0, 3, 0:33:01, 0:33:13,    12, 32.30, 32.20,  0.10
  13008742,  7163, 2, 0:31:28, 0:34:47,   199, 44.10, 28.80, 15.30
         0,     0, 2, 0:34:55, 0:35:09,    14, 28.80, 43.90,-15.10
  12448409,  6022, 2, 0:37:14, 0:37:52,    38, 43.90, 43.90,  0.00
  12448409,  6022, 2, 0:38:03, 0:41:59,   236, 43.90, 18.50, 25.40
         0,     0, 2, 0:42:06, 0:42:30,    24, 18.50, 43.90,-25.40
  12448479,  6092, 3, 0:46:36, 0:46:50,    14, 46.50, 46.60, -0.10
  12448479,  6092, 1, 0:47:29, 0:47:40,    11, 41.20, 41.20,  0.00
  12706738,  7147, 3, 0:47:11, 0:50:42,   211, 46.60, 36.80,  9.80
         0,     0, 3, 0:50:50, 0:50:58,     8, 36.80, 36.60,  0.20
  12199969,     0, 9, 0:52:23, 0:52:27,     4, 41.10, 41.10,  0.00
  12199969,     0, 9, 0:52:41, 0:52:54,    13, 41.00, 41.10, -0.10
  12706707,  7116, 2, 0:57:30, 0:58:00,    30, 43.90, 43.80,  0.10
  12706707,  7116, 2, 0:58:16, 0:59:40,    84, 43.80, 34.10,  9.70
         0,     0, 2, 0:59:48, 0:59:56,     8, 34.10, 34.20, -0.10
  12706616,  7025, 1, 1:01:08, 1:02:02,    54, 41.20, 29.80, 11.40
         0,     0, 1, 1:02:10, 1:02:20,    10, 29.80, 41.30,-11.50
  12448449,  6062, 1, 1:02:40, 1:04:30,   110, 41.30, 27.40, 13.90
         0,     0, 1, 1:04:38, 1:04:51,    13, 27.40, 41.30,-13.90
  12706637,  7046, 4, 1:13:19, 1:15:48,   149, 43.70, 31.80, 11.90
  21268104,  6067, 3, 1:14:31, 1:15:56,    85, 47.20, 34.90, 12.30
         0,     0, 4, 1:15:57, 1:16:08,    11, 31.80, 43.20,-11.40
         0,     0, 3, 1:16:04, 1:16:14,    10, 34.90, 35.20, -0.30
  12448428,  6041, 1, 1:15:59, 1:16:58,    59, 41.30, 27.40, 13.90
         0,     0, 1, 1:17:07, 1:17:19,    12, 27.40, 41.30,-13.90
  21268104,  6067, 1, 1:17:47, 1:19:07,    80, 41.30, 36.20,  5.10
         0,     0, 1, 1:19:15, 1:19:19,     4, 36.20, 41.30, -5.10
  12706707,  7116, 2, 1:37:26, 1:38:11,    45, 43.90, 38.10,  5.80
         0,     0, 2, 1:38:19, 1:38:23,     4, 38.10, 43.90, -5.80
  12706601,     0, 9, 1:41:08, 1:41:21,    13, 41.10, 40.20,  0.90
  12706701,  7110, 3, 1:42:18, 1:45:59,   221, 46.30, 36.00, 10.30
         0,     0, 3, 1:46:07, 1:46:16,     9, 36.00, 36.30, -0.30
  12200007,  5061, 5, 1:57:19, 1:58:48,    89, 40.80, 36.30,  4.50
         0,     0, 5, 1:58:55, 1:58:59,     4, 36.30, 40.90, -4.60
  12448477,  6090, 2, 2:06:02, 2:06:41,    39, 43.90, 41.40,  2.50
         0,     0, 2, 2:06:50, 2:06:51,     1, 41.40, 43.90, -2.50
  12199981,  5035, 3, 2:12:00, 2:12:59,    59, 46.00, 35.50, 10.50
         0,     0, 3, 2:13:08, 2:13:17,     9, 35.50, 35.40,  0.10
  13008735,  7156, 1, 2:08:41, 2:15:13,   392, 41.30, 20.70, 20.60
         0,     0, 1, 2:15:21, 2:15:40,    19, 20.70, 41.30,-20.60
  12200046,  5100, 2, 2:16:06, 2:18:25,   139, 43.90, 30.30, 13.60
         0,     0, 2, 2:18:33, 2:18:45,    12, 30.30, 43.90,-13.60
  12200048,     0, 8, 2:19:47, 2:22:01,   134, 27.60, 25.50,  2.10
         0,     0, 8, 2:22:09, 2:22:25,    16, 25.50, 41.10,-15.60
  11953978,  4008, 2, 2:21:01, 2:24:55,   234, 44.00, 42.70,  1.30
  21306958,  5124, 7, 0:46:23, 2:36:57,  6634, 41.60, 33.30,  8.30
         0,     0, 7, 2:37:05, 2:37:10,     5, 33.30, 33.30,  0.00
  12448477,  6090, 3, 2:36:13, 2:37:11,    58, 46.50, 43.50,  3.00
  12706686,  7095, 1, 2:30:51, 2:37:15,   384, 41.30, 24.40, 16.90
         0,     0, 3, 2:37:19, 2:37:21,     2, 43.50, 46.30, -2.80
         0,     0, 1, 2:37:22, 2:37:38,    16, 24.40, 41.30,-16.90
  12200048,     0, 8, 2:37:31, 2:39:07,    96, 41.10, 34.60,  6.50
         0,     0, 8, 2:39:15, 2:39:21,     6, 34.60, 41.10, -6.50
  12706655,  7064, 5, 2:51:51, 2:53:40,   109, 41.00, 39.50,  1.50
         0,     0, 5, 2:53:47, 2:53:48,     1, 39.50, 40.70, -1.20
  13008800,     0, 9, 2:57:16, 2:58:10,    54, 40.20, 34.90,  5.30
         0,     0, 9, 2:58:18, 2:58:26,     8, 34.90, 41.10, -6.20
  13323427,     0, 8, 3:00:29, 3:00:42,    13, 41.20, 41.00,  0.20
  13323427,     0, 8, 3:00:55, 3:01:06,    11, 41.00, 41.00,  0.00
  13323427,     0, 8, 3:04:04, 3:05:28,    84, 40.10, 26.70, 13.40
         0,     0, 8, 3:05:36, 3:05:51,    15, 26.70, 41.10,-14.40
  12706636,  7045, 1, 3:11:11, 3:13:21,   130, 41.20, 26.40, 14.80
         0,     0, 1, 3:13:28, 3:13:42,    14, 26.40, 41.30,-14.90
  12706655,  7064, 4, 3:12:02, 3:14:35,   153, 43.70, 43.20,  0.50
  12706655,  7064, 4, 3:15:10, 3:16:29,    79, 43.30, 39.00,  4.30
         0,     0, 4, 3:16:36, 3:16:40,     4, 39.00, 43.50, -4.50
  12706726,  7135, 5, 3:16:56, 3:20:06,   190, 40.70, 27.00, 13.70
         0,     0, 5, 3:20:14, 3:20:27,    13, 27.00, 40.90,-13.90
  12706655,  7064, 4, 3:20:47, 3:24:07,   200, 43.50, 35.90,  7.60
         0,     0, 4, 3:24:14, 3:24:21,     7, 35.90, 43.40, -7.50
  12199969,     0, 9, 3:58:58, 4:01:29,   151, 41.10, 36.00,  5.10
         0,     0, 9, 4:01:37, 4:01:43,     6, 36.00, 41.10, -5.10
  13008765,     0,10, 4:09:22, 4:09:34,    12, 30.80, 30.00,  0.80
         0,     0,10, 4:09:42, 4:09:53,    11, 30.00, 41.20,-11.20
         0,     0, 9, 4:10:55, 4:11:00,     5, 36.90, 41.00, -4.10
  12706669,  7078, 3, 4:12:53, 4:14:46,   113, 45.60, 28.20, 17.40
         0,     0, 3, 4:14:53, 4:15:09,    16, 28.20, 28.10,  0.10
  12448442,  6055, 6, 3:28:46, 4:26:33,  3467, 41.40, 41.40,  0.00
  13008732,  7153, 2, 4:40:58, 4:45:25,   267, 42.60, 22.30, 20.30
         0,     0, 2, 4:45:33, 4:45:53,    20, 22.30, 22.30,  0.00
  12706669,  7078, 4, 4:52:38, 4:54:03,    85, 43.40, 39.00,  4.40
         0,     0, 4, 4:54:11, 4:54:15,     4, 39.00, 43.30, -4.30
  12706710,  7119, 1, 6:11:56, 6:14:04,   128, 41.30, 23.90, 17.40
         0,     0, 1, 6:14:11, 6:14:27,    16, 23.90, 41.30,-17.40
  12448416,  6029, 4, 6:12:54, 6:15:09,   135, 43.40, 26.90, 16.50
         0,     0, 4, 6:15:17, 6:15:33,    16, 26.90, 43.30,-16.40
  12200046,  5100, 2, 6:15:59, 6:17:01,    62, 43.90, 34.10,  9.80
         0,     0, 2, 6:17:08, 6:17:17,     9, 34.10, 43.90, -9.80
  13008735,  7156, 4, 6:22:44, 6:24:58,   134, 43.70, 37.80,  5.90
         0,     0, 4, 6:25:07, 6:25:12,     5, 37.80, 43.30, -5.50
  12448451,  6064, 1, 6:24:06, 6:26:01,   115, 41.30, 41.00,  0.30
  12706639,  7048, 2, 6:23:38, 6:26:03,   145, 43.90, 23.40, 20.50
         0,     0, 2, 6:26:11, 6:26:30,    19, 23.40, 44.00,-20.60
  12448451,  6064, 1, 6:26:14, 6:27:00,    46, 41.00, 40.90,  0.10
  12706738,  7147, 2, 6:30:45, 6:33:18,   153, 44.00, 37.00,  7.00
         0,     0, 2, 6:33:26, 6:33:31,     5, 37.00, 44.10, -7.10
  12448451,  6064, 1, 6:28:30, 6:34:44,   374, 40.90, 18.10, 22.80
  12706727,  7136, 2, 6:33:42, 6:34:56,    74, 44.10, 43.80,  0.30
         0,     0, 1, 6:34:52, 6:35:13,    21, 18.10, 41.30,-23.20
  12706727,  7136, 1, 6:35:23, 6:36:15,    52, 41.30, 35.90,  5.40
         0,     0, 1, 6:36:23, 6:36:27,     4, 35.90, 41.30, -5.40
  12706727,  7136, 2, 6:36:21, 6:36:27,     6, 43.80, 43.80,  0.00
  12706727,  7136, 1, 6:36:44, 6:37:34,    50, 41.30, 27.80, 13.50
         0,     0, 1, 6:37:41, 6:37:53,    12, 27.80, 41.30,-13.50
  12706686,  7095, 1, 6:39:30, 6:40:50,    80, 41.30, 41.10,  0.20
  11724109,  6068, 2, 6:38:51, 6:40:57,   126, 43.80, 36.90,  6.90
         0,     0, 2, 6:41:04, 6:41:10,     6, 36.90, 43.90, -7.00
  21268104,  6067, 5, 6:38:14, 6:41:11,   177, 40.90, 30.30, 10.60
         0,     0, 5, 6:41:19, 6:41:28,     9, 30.30, 30.40, -0.10
  11724109,  6068, 2, 6:41:20, 6:42:59,    99, 43.90, 31.80, 12.10
  12706738,  7147, 1, 6:41:00, 6:43:08,   128, 41.10, 32.40,  8.70
         0,     0, 2, 6:43:08, 6:43:19,    11, 31.80, 43.90,-12.10
         0,     0, 1, 6:43:15, 6:43:23,     8, 32.40, 41.20, -8.80
  11954075,  4105, 2, 6:44:16, 6:44:26,    10, 43.90, 43.40,  0.50
  12706686,  7095, 3, 6:43:24, 6:44:39,    75, 46.30, 46.70, -0.40
  12448409,  6022, 2, 6:44:41, 6:45:07,    26, 43.40, 42.30,  1.10
  12706616,  7025, 3, 6:44:48, 6:45:55,    67, 46.60, 30.90, 15.70
  12706686,  7095, 4, 6:44:49, 6:46:10,    81, 43.50, 27.60, 15.90
         0,     0, 3, 6:46:03, 6:46:17,    14, 30.90, 30.70,  0.20
         0,     0, 4, 6:46:18, 6:46:33,    15, 27.60, 43.50,-15.90
  12448409,  6022, 2, 6:45:17, 6:46:50,    93, 42.30, 25.70, 16.60
         0,     0, 2, 6:46:58, 6:47:15,    17, 25.70, 44.00,-18.30
  12448428,  6041, 3, 6:46:38, 6:47:18,    40, 46.20, 40.40,  5.80
         0,     0, 3, 6:47:25, 6:47:30,     5, 40.40, 40.40,  0.00
  12448428,  6041, 3, 6:47:41, 6:48:43,    62, 46.00, 32.90, 13.10
         0,     0, 3, 6:48:50, 6:49:02,    12, 32.90, 33.10, -0.20
  12448428,  6041, 4, 6:48:56, 6:49:20,    24, 43.90, 38.80,  5.10
  12706710,  7119, 2, 6:47:42, 6:49:29,   107, 44.00, 34.90,  9.10
         0,     0, 4, 6:49:28, 6:49:32,     4, 38.80, 43.20, -4.40
         0,     0, 2, 6:49:37, 6:49:44,     7, 34.90, 44.10, -9.20
  11954075,  4105, 1, 6:51:12, 6:52:25,    73, 41.20, 27.70, 13.50
         0,     0, 1, 6:52:32, 6:52:44,    12, 27.70, 41.30,-13.60
  12448479,  6092, 3, 6:53:32, 6:55:55,   143, 46.40, 30.40, 16.00
         0,     0, 3, 6:56:03, 6:56:17,    14, 30.40, 30.40,  0.00
  12706650,  7059, 5, 6:54:44, 6:56:54,   130, 40.80, 26.30, 14.50
         0,     0, 5, 6:57:02, 6:57:16,    14, 26.30, 26.30,  0.00
  13008756,  7115, 1, 6:56:25, 6:58:51,   146, 41.20, 19.40, 21.80
  12706637,  7046, 4, 6:56:04, 6:58:56,   172, 43.50, 25.70, 17.80
         0,     0, 1, 6:58:59, 6:59:20,    21, 19.40, 41.30,-21.90
         0,     0, 4, 6:59:04, 6:59:22,    18, 25.70, 25.80, -0.10
  12448473,  6086, 2, 6:57:50, 7:00:05,   135, 44.10, 26.50, 17.60
         0,     0, 2, 7:00:13, 7:00:29,    16, 26.50, 44.10,-17.60
  12706651,  7060, 5, 7:03:47, 7:06:00,   133, 41.00, 25.70, 15.30
         0,     0, 5, 7:06:07, 7:06:21,    14, 25.70, 40.90,-15.20
  11954014,  4044, 3, 7:06:50, 7:08:17,    87, 47.40, 25.70, 21.70
         0,     0, 3, 7:08:26, 7:08:44,    18, 25.70, 25.60,  0.10
  11724239,  3139, 2, 7:08:15, 7:10:10,   115, 44.10, 43.30,  0.80
  11499161,  2051, 4, 7:09:06, 7:11:38,   152, 44.00, 29.70, 14.30
         0,     0, 4, 7:11:45, 7:11:58,    13, 29.70, 43.20,-13.50
  11724239,  3139, 2, 7:10:28, 7:13:36,   188, 43.30, 27.30, 16.00
         0,     0, 2, 7:13:44, 7:13:59,    15, 27.30, 43.90,-16.60
  12706705,  7114, 1, 7:10:56, 7:15:02,   246, 41.30, 20.20, 21.10
         0,     0, 1, 7:15:10, 7:15:29,    19, 20.20, 41.20,-21.00
  12706707,  7116, 1, 7:15:39, 7:16:54,    75, 41.20, 32.00,  9.20
         0,     0, 1, 7:17:03, 7:17:11,     8, 32.00, 41.30, -9.30
  12448471,  6084, 4, 7:18:08, 7:19:36,    88, 43.60, 28.20, 15.40
         0,     0, 4, 7:19:43, 7:19:57,    14, 28.20, 43.40,-15.20
  21268825,  6087, 1, 7:33:37, 7:33:42,     5, 41.30, 41.30,  0.00
  11954014,  4044, 2, 7:34:57, 7:35:42,    45, 44.00, 29.20, 14.80
         0,     0, 2, 7:35:49, 7:36:02,    13, 29.20, 44.00,-14.80
  12448483,  6096, 3, 7:34:31, 7:38:50,   259, 46.10, 23.00, 23.10
         0,     0, 3, 7:38:57, 7:39:18,    21, 23.00, 22.90,  0.10
  12706707,  7116, 2, 7:44:52, 7:45:21,    29, 44.00, 43.90,  0.10
  12200083,     0, 9, 7:45:49, 7:45:56,     7, 41.00, 41.00,  0.00
  12706707,  7116, 1, 7:45:28, 7:46:08,    40, 41.30, 35.60,  5.70
         0,     0, 1, 7:46:15, 7:46:19,     4, 35.60, 41.30, -5.70
  12200083,     0, 9, 7:46:54, 7:46:55,     1, 41.00, 41.00,  0.00
  12448479,  6092, 1, 7:47:15, 7:49:07,   112, 41.30, 26.10, 15.20
         0,     0, 1, 7:49:14, 7:49:28,    14, 26.10, 41.30,-15.20
  12448449,  6062, 2, 7:46:23, 7:49:32,   189, 43.80, 25.80, 18.00
         0,     0, 2, 7:49:39, 7:49:55,    16, 25.80, 44.00,-18.20
  21268825,  6087, 2, 7:50:06, 7:53:02,   176, 44.00, 20.80, 23.20
         0,     0, 2, 7:53:10, 7:53:32,    22, 20.80, 44.00,-23.20
  12706710,  7119, 2, 7:54:04, 7:56:38,   154, 44.10, 28.80, 15.30
  12706659,  7068, 1, 7:51:34, 7:56:50,   316, 41.30, 23.40, 17.90
         0,     0, 2, 7:56:45, 7:56:59,    14, 28.80, 43.90,-15.10
         0,     0, 1, 7:56:58, 7:57:15,    17, 23.40, 41.30,-17.90
  13008756,  7115, 1, 7:58:15, 7:58:19,     4, 41.20, 41.20,  0.00
  12448473,  6086, 2, 7:58:56, 8:00:22,    86, 43.90, 29.20, 14.70
         0,     0, 2, 8:00:31, 8:00:45,    14, 29.20, 43.90,-14.70
  13008756,  7115, 2, 8:02:57, 8:03:55,    58, 44.00, 28.40, 15.60
         0,     0, 2, 8:04:02, 8:04:16,    14, 28.40, 44.00,-15.60
  13008837,     0, 8, 8:06:48, 8:06:49,     1, 41.10, 41.10,  0.00
  13008815,     0, 7, 5:10:36, 8:07:36, 10620, 41.50, 29.30, 12.20
         0,     0, 7, 8:07:44, 8:07:51,     7, 29.30, 41.60,-12.30
  11954056,     0, 8, 8:08:37, 8:08:40,     3, 41.10, 41.10,  0.00
  12706707,  7116, 1, 8:17:02, 8:17:48,    46, 41.20, 38.00,  3.20
         0,     0, 1, 8:17:57, 8:17:59,     2, 38.00, 41.30, -3.30
  13008837,     0, 8, 8:23:03, 8:24:20,    77, 41.10, 41.00,  0.10
  13008837,     0, 8, 8:25:29, 8:25:56,    27, 40.40, 39.90,  0.50
         0,     0, 8, 8:26:04, 8:26:04,     0, 39.90, 40.70, -0.80
  13008837,     0, 8, 8:26:18, 8:27:32,    74, 39.60, 32.10,  7.50
         0,     0, 8, 8:27:40, 8:27:49,     9, 32.10, 41.10, -9.00
  11954075,  4105, 1, 8:29:33, 8:30:52,    79, 41.30, 29.50, 11.80
         0,     0, 1, 8:31:00, 8:31:10,    10, 29.50, 41.40,-11.90
  11499161,  2051, 1, 8:31:53, 8:34:06,   133, 41.30, 27.30, 14.00
         0,     0, 1, 8:34:14, 8:34:27,    13, 27.30, 41.20,-13.90
  12448449,  6062, 2, 8:34:15, 8:36:46,   151, 44.00, 24.90, 19.10
         0,     0, 2, 8:36:54, 8:37:12,    18, 24.90, 44.10,-19.20
  12199981,  5035, 1, 8:35:57, 8:37:21,    84, 41.20, 22.30, 18.90
         0,     0, 1, 8:37:29, 8:37:47,    18, 22.30, 41.30,-19.00
  21292347,  5120, 4, 8:35:00, 8:38:53,   233, 44.10, 22.00, 22.10
         0,     0, 4, 8:39:02, 8:39:24,    22, 22.00, 43.40,-21.40
  12448477,  6090, 2, 8:39:09, 8:39:22,    13, 44.00, 43.00,  1.00
  12200007,  5061, 2, 8:39:33, 8:41:49,   136, 43.10, 20.30, 22.80
  12448477,  6090, 1, 8:39:27, 8:42:01,   154, 41.30, 28.10, 13.20
         0,     0, 2, 8:41:57, 8:42:19,    22, 20.30, 43.90,-23.60
         0,     0, 1, 8:42:10, 8:42:22,    12, 28.10, 41.30,-13.20
  21306958,  5124, 8, 8:46:15, 8:46:44,    29, 41.10, 41.00,  0.10
  13008837,     0, 7, 8:22:33, 8:48:24,  1551, 41.50, 41.50,  0.00
  13323358,     0,10, 8:53:03, 8:54:15,    72, 40.40, 34.00,  6.40
         0,     0,10, 8:54:22, 8:54:29,     7, 34.00, 41.20, -7.20
  13323358,     0,10, 8:55:23, 8:55:51,    28, 40.90, 40.60,  0.30
  13008765,     0,10, 8:56:20, 8:57:17,    57, 39.80, 35.10,  4.70
         0,     0,10, 8:57:24, 8:57:30,     6, 35.10, 41.20, -6.10
  12706701,  7110, 4, 8:57:17, 8:57:44,    27, 44.00, 43.90,  0.10
  11724159,     0, 6, 4:28:17, 8:58:50, 16233, 33.70, 27.10,  6.60
         0,     0, 6, 8:58:58, 8:59:11,    13, 27.10, 41.40,-14.30
  11953978,  4008, 1, 8:56:26, 8:59:40,   194, 41.30, 14.60, 26.70
         0,     0, 1, 8:59:48, 9:00:13,    25, 14.60, 41.30,-26.70
  12706659,  7068, 5, 8:55:41, 9:00:27,   286, 40.90, 21.70, 19.20
  12706701,  7110, 3, 8:57:52, 9:00:32,   160, 46.10, 37.10,  9.00
         0,     0, 3, 9:00:40, 9:00:48,     8, 37.10, 36.90,  0.20
         0,     0, 5, 9:00:34, 9:00:52,    18, 21.70, 41.00,-19.30
  13008742,  7163, 2, 9:00:55, 9:01:18,    23, 43.90, 43.70,  0.20
  13008742,  7163, 1, 9:01:40, 9:01:54,    14, 41.30, 41.20,  0.10
  13008802,     0, 9, 9:03:17, 9:03:44,    27, 30.60, 30.30,  0.30
         0,     0, 9, 9:03:51, 9:04:04,    13, 30.30, 41.10,-10.80
  11499202,     0, 6, 8:59:25, 9:05:09,   344, 40.70, 28.30, 12.40
         0,     0, 6, 9:05:16, 9:05:28,    12, 28.30, 28.40, -0.10
  13008802,     0, 9, 9:04:44, 9:05:38,    54, 41.10, 35.50,  5.60
  13008742,  7163, 1, 9:02:04, 9:05:43,   219, 41.20, 15.80, 25.40
  12448409,  6022, 2, 9:04:28, 9:05:48,    80, 43.80, 40.00,  3.80
         0,     0, 9, 9:05:46, 9:05:53,     7, 35.50, 41.00, -5.50
         0,     0, 2, 9:05:57, 9:06:00,     3, 40.00, 43.90, -3.90
         0,     0, 1, 9:05:52, 9:06:17,    25, 15.80, 41.30,-25.50
  13008802,     0, 9, 9:06:47, 9:06:48,     1, 41.10, 41.10,  0.00
  12448409,  6022, 2, 9:06:17, 9:07:30,    73, 43.90, 29.10, 14.80
         0,     0, 2, 9:07:38, 9:07:51,    13, 29.10, 44.00,-14.90
  11954075,  4105, 2, 9:12:16, 9:13:13,    57, 44.00, 34.50,  9.50
         0,     0, 2, 9:13:21, 9:13:29,     8, 34.50, 44.00, -9.50
  12706636,  7045, 4, 9:14:22, 9:16:12,   110, 43.70, 34.00,  9.70
         0,     0, 4, 9:16:20, 9:16:28,     8, 34.00, 43.30, -9.30
  11954050,  4080, 1, 9:15:45, 9:16:46,    61, 41.30, 40.80,  0.50
  12199981,  5035, 5, 9:17:44, 9:18:24,    40, 40.90, 29.00, 11.90
         0,     0, 5, 9:18:32, 9:18:43,    11, 29.00, 40.90,-11.90
  12448521,     0, 7, 9:01:21, 9:20:25,  1144, 41.40, 27.80, 13.60
         0,     0, 7, 9:20:33, 9:20:41,     8, 27.80, 41.50,-13.70
  12448451,  6064, 2, 9:20:18, 9:22:05,   107, 44.00, 43.80,  0.20
  13008797,     0, 6, 9:09:50, 9:22:16,   746, 41.50, 41.50,  0.00
  12448451,  6064, 2, 9:22:17, 9:25:47,   210, 43.80, 22.20, 21.60
  13008792,     0,10, 9:22:07, 9:25:55,   228, 41.10, 28.50, 12.60
         0,     0, 2, 9:25:55, 9:26:15,    20, 22.20, 43.90,-21.70
         0,     0,10, 9:26:02, 9:26:15,    13, 28.50, 41.10,-12.60
  12706700,  7109, 1, 9:28:13, 9:28:20,     7, 40.80, 40.80,  0.00
  12706726,  7135, 2, 9:26:39, 9:29:03,   144, 44.00, 23.20, 20.80
         0,     0, 2, 9:29:11, 9:29:30,    19, 23.20, 44.00,-20.80
  11954050,  4080, 4, 9:30:23, 9:31:31,    68, 43.50, 30.20, 13.30
         0,     0, 4, 9:31:39, 9:31:51,    12, 30.20, 43.40,-13.20
  12706622,     0, 6, 9:31:21, 9:32:43,    82, 41.50, 41.50,  0.00
  21292347,  5120, 2, 9:30:57, 9:32:51,   114, 44.00, 33.40, 10.60
         0,     0, 2, 9:33:00, 9:33:09,     9, 33.40, 44.00,-10.60
  12448437,  6050, 7, 9:22:45, 9:35:10,   745, 41.50, 37.40,  4.10
         0,     0, 7, 9:35:18, 9:35:20,     2, 37.40, 41.50, -4.10
  12706700,  7109, 2, 9:34:28, 9:35:41,    73, 44.00, 27.90, 16.10
         0,     0, 2, 9:35:49, 9:36:03,    14, 27.90, 44.10,-16.20
  13008762,     0, 6, 9:33:42, 9:36:27,   165, 41.50, 41.40,  0.10
  12448471,  6084, 1, 9:34:30, 9:36:36,   126, 40.80, 27.20, 13.60
         0,     0, 1, 9:36:44, 9:36:57,    13, 27.20, 41.30,-14.10
  11954056,     0, 7, 9:35:30, 9:37:06,    96, 41.50, 40.40,  1.10
  13323434,     0, 9, 9:34:40, 9:37:10,   150, 41.00, 31.50,  9.50
         0,     0, 9, 9:37:19, 9:37:31,    12, 31.50, 41.10, -9.60
  13008762,     0, 6, 9:36:44, 9:38:49,   125, 41.30, 40.40,  0.90
  11954056,     0, 8, 9:37:37, 9:39:45,   128, 41.00, 23.10, 17.90
         0,     0, 8, 9:39:53, 9:40:12,    19, 23.10, 41.10,-18.00
  13008762,     0, 6, 9:40:41, 9:40:58,    17, 30.50, 29.80,  0.70
         0,     0, 6, 9:41:05, 9:41:15,    10, 29.80, 41.50,-11.70
  12706701,  7110, 5, 9:39:24, 9:42:57,   213, 40.70, 28.60, 12.10
  13008762,     0, 6, 9:41:29, 9:43:13,   104, 39.60, 38.50,  1.10
         0,     0, 5, 9:43:05, 9:43:16,    11, 28.60, 40.90,-12.30
  12448477,  6090, 3, 9:41:09, 9:43:16,   127, 45.30, 35.70,  9.60
         0,     0, 6, 9:43:20, 9:43:22,     2, 38.50, 38.70, -0.20
         0,     0, 3, 9:43:24, 9:43:33,     9, 35.70, 35.70,  0.00
  12706701,  7110, 5, 9:43:26, 9:43:55,    29, 40.80, 35.20,  5.60
  12448477,  6090, 4, 9:43:52, 9:44:00,     8, 43.50, 42.40,  1.10
         0,     0, 5, 9:44:03, 9:44:08,     5, 35.20, 40.90, -5.70
  13008779,     0, 8, 9:44:45, 9:45:38,    53, 41.30, 39.40,  1.90
         0,     0, 8, 9:45:46, 9:45:47,     1, 39.40, 40.70, -1.30
  13008779,     0, 8, 9:46:45, 9:46:46,     1, 33.70, 33.80, -0.10
  13008797,     0, 6, 9:46:15, 9:46:47,    32, 26.00, 26.00,  0.00
         0,     0, 8, 9:46:53, 9:47:00,     7, 33.80, 41.10, -7.30
         0,     0, 6, 9:46:54, 9:47:08,    14, 26.00, 41.50,-15.50
  12448448,  6061, 3, 9:47:44, 9:48:08,    24, 45.60, 47.40, -1.80
  12706655,  7064, 4, 9:44:53, 9:48:18,   205, 42.30, 30.90, 11.40
         0,     0, 4, 9:48:27, 9:48:40,    13, 30.90, 43.50,-12.60
  12448448,  6061, 4, 9:48:55, 9:49:19,    24, 43.60, 44.40, -0.80
  11724159,     0, 6, 9:47:30, 9:50:33,   183, 41.40, 41.40,  0.00
  12706636,  7045, 1, 9:51:20, 9:52:33,    73, 41.30, 32.70,  8.60
         0,     0, 1, 9:52:40, 9:52:47,     7, 32.70, 41.20, -8.50
  12448448,  6061, 4, 9:49:36, 9:56:28,   412, 44.60, 19.00, 25.60
         0,     0, 4, 9:56:35, 9:56:59,    24, 19.00, 43.30,-24.30
  12200083,     0, 9,10:00:29,10:00:31,     2, 35.20, 35.20,  0.00
         0,     0, 9,10:00:38,10:00:45,     7, 35.20, 41.10, -5.90
  12200083,     0, 9,10:01:58,10:01:59,     1, 38.80, 38.80,  0.00
         0,     0, 9,10:02:07,10:02:09,     2, 38.80, 41.10, -2.30
  12706650,  7059, 5, 9:58:49,10:02:09,   200, 40.90, 21.40, 19.50
         0,     0, 5,10:02:17,10:02:35,    18, 21.40, 41.00,-19.60
  12200007,  5061, 5,10:04:54,10:06:34,   100, 40.90, 28.20, 12.70
         0,     0, 5,10:06:42,10:06:54,    12, 28.20, 41.00,-12.80
  13323358,     0,10,10:10:18,10:11:17,    59, 41.00, 37.10,  3.90
  11953978,  4008, 2,10:11:11,10:11:20,     9, 43.90, 44.00, -0.10
         0,     0,10,10:11:25,10:11:29,     4, 37.10, 41.20, -4.10
  11953978,  4008, 2,10:12:07,10:12:23,    16, 44.00, 43.10,  0.90
  12706705,  7114, 2,10:12:32,10:13:20,    48, 43.10, 43.00,  0.10
  11953978,  4008, 1,10:12:29,10:13:28,    59, 41.20, 39.10,  2.10
         0,     0, 1,10:13:37,10:13:38,     1, 39.10, 41.30, -2.20
  13323451,     0, 9,10:16:00,10:16:14,    14, 41.10, 41.00,  0.10
  12706705,  7114, 1,10:13:48,10:16:25,   157, 41.30, 24.70, 16.60
         0,     0, 1,10:16:33,10:16:48,    15, 24.70, 41.30,-16.60
  13008735,  7156, 4,10:12:27,10:17:15,   288, 43.90, 23.00, 20.90
         0,     0, 4,10:17:23,10:17:42,    19, 23.00, 43.20,-20.20
  12706651,  7060, 5,10:15:32,10:18:16,   164, 40.80, 22.40, 18.40
         0,     0, 5,10:18:24,10:18:41,    17, 22.40, 40.90,-18.50
  13323451,     0, 9,10:18:58,10:19:10,    12, 40.90, 40.60,  0.30
  11954050,  4080, 3,10:17:41,10:19:29,   108, 45.10, 29.90, 15.20
         0,     0, 3,10:19:37,10:19:51,    14, 29.90, 29.80,  0.10
  13323451,     0, 9,10:20:22,10:21:31,    69, 37.50, 30.60,  6.90
  12706669,  7078, 3,10:20:15,10:21:32,    77, 46.40, 32.20, 14.20
  12199988,  5042, 5,10:19:34,10:21:50,   136, 40.90, 23.90, 17.00
         0,     0, 3,10:21:41,10:21:53,    12, 32.20, 32.20,  0.00
         0,     0, 9,10:21:40,10:21:54,    14, 30.60, 41.10,-10.50
         0,     0, 5,10:21:57,10:22:13,    16, 23.90, 40.80,-16.90
  13008768,     0, 6, 9:50:49,10:22:49,  1920, 41.40, 41.60, -0.20
  13008742,  7163, 2,10:24:24,10:27:17,   173, 43.10, 30.80, 12.30
         0,     0, 2,10:27:25,10:27:37,    12, 30.80, 44.10,-13.30
  12706655,  7064, 4,10:29:00,10:31:59,   179, 43.40, 23.60, 19.80
  12448415,     0, 7, 9:37:22,10:32:21,  3299, 40.30, 27.50, 12.80
         0,     0, 4,10:32:06,10:32:25,    19, 23.60, 23.60,  0.00
         0,     0, 7,10:32:29,10:32:37,     8, 27.50, 41.60,-14.10
  13008732,  7153, 2,10:36:41,10:37:57,    76, 44.10, 43.70,  0.40
  13008762,     0, 6,10:23:59,10:38:06,   847, 41.10, 21.00, 20.10
         0,     0, 6,10:38:13,10:38:32,    19, 21.00, 41.50,-20.50
  12448471,  6084, 3,10:37:46,10:39:03,    77, 45.50, 34.90, 10.60
         0,     0, 3,10:39:11,10:39:21,    10, 34.90, 34.90,  0.00
  11724109,  6068, 1,10:35:48,10:39:35,   227, 41.30, 23.10, 18.20
         0,     0, 1,10:39:44,10:40:00,    16, 23.10, 41.20,-18.10
  12200042,  5096, 2,10:38:35,10:41:09,   154, 43.70, 23.70, 20.00
         0,     0, 2,10:41:17,10:41:35,    18, 23.70, 23.80, -0.10
  13008797,     0, 6,10:39:23,10:44:50,   327, 41.50, 41.50,  0.00
  12706686,  7095, 2,10:45:51,10:45:57,     6, 44.00, 43.90,  0.10
  12706686,  7095, 1,10:46:01,10:46:05,     4, 41.20, 41.20,  0.00
  12706686,  7095, 1,10:46:15,10:46:26,    11, 41.20, 41.20,  0.00
  21268104,  6067, 5,10:46:25,10:46:44,    19, 40.80, 40.70,  0.10
  13323450,     0, 9,10:47:16,10:47:38,    22, 41.10, 41.10,  0.00
  12706727,  7136, 4,10:47:31,10:48:05,    34, 43.80, 43.80,  0.00
  12706686,  7095, 1,10:47:07,10:48:28,    81, 41.20, 41.00,  0.20
  13323450,     0,10,10:48:36,10:49:46,    70, 39.40, 29.90,  9.50
         0,     0,10,10:49:54,10:50:05,    11, 29.90, 41.20,-11.30
  12706727,  7136, 4,10:48:38,10:51:18,   160, 43.80, 23.90, 19.90
  12706686,  7095, 2,10:48:32,10:51:24,   172, 43.90, 25.60, 18.30
  21268104,  6067, 3,10:48:39,10:51:23,   164, 45.50, 32.80, 12.70
         0,     0, 3,10:51:32,10:51:44,    12, 32.80, 32.60,  0.20
         0,     0, 4,10:51:25,10:51:44,    19, 23.90, 43.30,-19.40
         0,     0, 2,10:51:31,10:51:49,    18, 25.60, 44.00,-18.40
  12199986,     0, 7,10:50:26,10:51:50,    84, 41.50, 33.90,  7.60
         0,     0, 7,10:51:58,10:52:02,     4, 33.90, 34.00, -0.10
  12199986,     0, 8,10:52:21,10:52:22,     1, 31.70, 31.70,  0.00
         0,     0, 8,10:52:31,10:52:41,    10, 31.70, 41.10, -9.40
  12706738,  7147, 4,10:52:44,10:53:34,    50, 43.20, 40.60,  2.60
         0,     0, 4,10:53:42,10:53:44,     2, 40.60, 43.50, -2.90
  13008797,     0, 6,10:47:21,10:53:59,   398, 41.50, 41.50,  0.00
  13008797,     0, 6,10:54:44,10:55:03,    19, 41.40, 41.50, -0.10
  13008732,  7153, 5,10:54:20,10:55:11,    51, 40.80, 40.30,  0.50
  13008732,  7153, 5,10:55:41,10:56:57,    76, 40.30, 37.90,  2.40
         0,     0, 5,10:57:05,10:57:07,     2, 37.90, 40.80, -2.90
  21306958,  5124, 7,10:54:48,10:58:01,   193, 41.40, 41.30,  0.10
  12706710,  7119, 4,10:54:57,10:58:20,   203, 44.00, 33.00, 11.00
  12706650,  7059, 2,10:56:08,10:58:21,   133, 44.00, 34.00, 10.00
         0,     0, 2,10:58:28,10:58:37,     9, 34.00, 44.00,-10.00
         0,     0, 4,10:58:27,10:58:37,    10, 33.00, 43.30,-10.30
  13008732,  7153, 5,10:57:17,10:58:41,    84, 40.80, 19.40, 21.40
  12706634,     0, 7,10:58:11,10:58:53,    42, 41.40, 41.30,  0.10
         0,     0, 5,10:58:49,10:59:09,    20, 19.40, 40.80,-21.40
  12706634,     0, 8,10:59:06,11:00:56,   110, 41.20, 26.50, 14.70
         0,     0, 8,11:01:04,11:01:19,    15, 26.50, 26.60, -0.10
  13008735,  7156, 4,11:00:06,11:01:44,    98, 43.30, 38.30,  5.00
         0,     0, 4,11:01:51,11:01:55,     4, 38.30, 38.30,  0.00
  12706634,     0, 8,11:02:45,11:02:51,     6, 41.10, 41.00,  0.10
  11954075,  4105, 2,11:03:15,11:04:38,    83, 44.00, 31.90, 12.10
         0,     0, 2,11:04:46,11:04:57,    11, 31.90, 44.00,-12.10
  12706738,  7147, 4,11:04:03,11:07:04,   181, 43.80, 23.60, 20.20
         0,     0, 4,11:07:12,11:07:31,    19, 23.60, 43.30,-19.70
  12199969,     0, 9,11:11:53,11:13:28,    95, 41.10, 32.30,  8.80
         0,     0, 9,11:13:36,11:13:47,    11, 32.30, 41.10, -8.80
  12706669,  7078, 3,11:12:32,11:16:23,   231, 46.10, 32.10, 14.00
         0,     0, 3,11:16:32,11:16:45,    13, 32.10, 31.90,  0.20
  13008797,     0, 6,11:15:22,11:17:14,   112, 41.60, 41.60,  0.00
  12448415,     0, 7,10:59:05,11:18:17,  1152, 41.20, 28.50, 12.70
         0,     0, 7,11:18:25,11:18:34,     9, 28.50, 28.60, -0.10
  12448483,  6096, 1,11:15:24,11:18:53,   209, 41.00, 13.10, 27.90
  13008836,     0, 8,11:18:32,11:18:55,    23, 41.00, 40.90,  0.10
  13008800,     0, 9,11:19:01,11:19:07,     6, 36.60, 36.60,  0.00
         0,     0, 9,11:19:15,11:19:21,     6, 36.60, 41.00, -4.40
         0,     0, 1,11:19:01,11:19:30,    29, 13.10, 41.30,-28.20
  13008800,     0, 9,11:19:32,11:20:02,    30, 41.00, 37.50,  3.50
         0,     0, 9,11:20:11,11:20:15,     4, 37.50, 41.00, -3.50
  12706651,  7060, 5,11:19:06,11:20:38,    92, 40.80, 35.10,  5.70
         0,     0, 5,11:20:45,11:20:50,     5, 35.10, 40.80, -5.70
  13008836,     0, 7,11:19:04,11:20:59,   115, 41.60, 41.00,  0.60
  13008789,     0, 7,11:21:11,11:22:38,    87, 41.00, 38.70,  2.30
  13008836,     0, 8,11:20:59,11:22:41,   102, 41.00, 24.00, 17.00
         0,     0, 7,11:22:45,11:22:46,     1, 38.70, 41.50, -2.80
         0,     0, 8,11:22:49,11:23:08,    19, 24.00, 41.20,-17.20
  12200046,  5100, 3,11:22:46,11:23:29,    43, 45.80, 47.40, -1.60
  12200046,  5100, 3,11:23:40,11:24:05,    25, 47.60, 46.40,  1.20
  12448416,  6029, 4,11:22:07,11:24:03,   116, 43.70, 21.60, 22.10
         0,     0, 4,11:24:12,11:24:35,    23, 21.60, 43.10,-21.50
  13008820,     0, 9,11:21:22,11:25:14,   232, 40.80, 30.60, 10.20
  12200046,  5100, 3,11:24:21,11:25:17,    56, 46.40, 33.40, 13.00
  13323427,     0, 8,11:24:36,11:25:21,    45, 41.10, 41.00,  0.10
         0,     0, 3,11:25:24,11:25:36,    12, 33.40, 33.30,  0.10
         0,     0, 9,11:25:23,11:25:38,    15, 30.60, 41.10,-10.50
  13008837,     0, 8,11:26:41,11:26:43,     2, 41.00, 41.00,  0.00
  12706624,  7033, 6,11:17:32,11:26:50,   558, 41.60,  6.70, 34.90
  11954014,  4044, 2,11:26:13,11:27:26,    73, 43.90, 22.80, 21.10
         0,     0, 6,11:26:58,11:27:34,    36,  6.70, 40.90,-34.20
         0,     0, 2,11:27:34,11:27:53,    19, 22.80, 43.90,-21.10
  13008837,     0, 8,11:27:21,11:27:53,    32, 41.00, 41.00,  0.00
  13008837,     0, 8,11:29:18,11:29:20,     2, 40.80, 40.80,  0.00
  11954042,     0,10,11:31:17,11:31:27,    10, 41.00, 41.00,  0.00
  21268104,  6067, 2,11:29:50,11:32:12,   142, 44.00, 31.60, 12.40
         0,     0, 2,11:32:19,11:32:30,    11, 31.60, 44.00,-12.40
  11954042,     0, 9,11:31:31,11:32:33,    62, 41.10, 41.10,  0.00
  12706639,  7048, 5,11:33:29,11:33:44,    15, 40.70, 40.70,  0.00
  12706622,     0, 6,11:29:27,11:34:02,   275, 28.20, 28.10,  0.10
         0,     0, 6,11:34:09,11:34:22,    13, 28.10, 41.50,-13.40
  12706639,  7048, 5,11:33:57,11:35:47,   110, 40.70, 24.10, 16.60
  12199977,     0, 9,11:34:24,11:35:57,    93, 41.00, 35.70,  5.30
         0,     0, 9,11:36:05,11:36:12,     7, 35.70, 41.00, -5.30
         0,     0, 5,11:35:55,11:36:12,    17, 24.10, 40.80,-16.70
  12706707,  7116, 2,11:36:21,11:36:28,     7, 44.00, 43.90,  0.10
  21268825,  6087, 3,11:34:45,11:37:33,   168, 45.80, 29.80, 16.00
         0,     0, 3,11:37:40,11:37:55,    15, 29.80, 46.30,-16.50
  11954042,     0, 9,11:36:45,11:38:02,    77, 41.00, 41.00,  0.00
  12706707,  7116, 2,11:36:39,11:38:32,   113, 43.90, 34.20,  9.70
         0,     0, 2,11:38:40,11:38:48,     8, 34.20, 43.90, -9.70
  13008837,     0, 7,11:25:41,11:42:38,  1017, 41.40, 32.60,  8.80
         0,     0, 7,11:42:45,11:42:50,     5, 32.60, 41.60, -9.00
  11954042,     0, 9,11:38:23,11:42:48,   265, 41.00, 39.50,  1.50
  12706686,  7095, 4,11:41:05,11:42:49,   104, 43.40, 38.10,  5.30
         0,     0, 9,11:42:55,11:42:56,     1, 39.50, 41.00, -1.50
         0,     0, 4,11:42:56,11:43:01,     5, 38.10, 43.30, -5.20
  11954042,     0, 9,11:43:19,11:44:59,   100, 40.80, 29.80, 11.00
         0,     0, 9,11:45:07,11:45:22,    15, 29.80, 41.10,-11.30
  13008815,     0, 7,11:43:00,11:47:01,   241, 41.60, 30.30, 11.30
         0,     0, 7,11:47:09,11:47:16,     7, 30.30, 30.40, -0.10
  13008768,     0, 6,11:50:39,11:53:48,   189, 41.40, 35.40,  6.00
         0,     0, 6,11:53:56,11:54:01,     5, 35.40, 35.50, -0.10
  13008797,     0, 6,11:54:40,11:56:00,    80, 41.40, 41.40,  0.00
  12706616,  7025, 5,11:54:43,11:56:54,   131, 40.90, 22.50, 18.40
         0,     0, 5,11:57:01,11:57:18,    17, 22.50, 40.90,-18.40
  13008768,     0, 6,11:56:34,12:04:32,   478, 41.00, 22.30, 18.70
         0,     0, 6,12:04:39,12:04:53,    14, 22.30, 22.40, -0.10
  12448483,  6096, 1,12:07:14,12:07:22,     8, 41.40, 41.30,  0.10
  13323450,     0, 9,12:05:11,12:07:31,   140, 41.10, 36.30,  4.80
         0,     0, 9,12:07:39,12:07:45,     6, 36.30, 41.00, -4.70
  12448415,     0, 7,11:47:32,12:07:46,  1214, 41.40, 30.30, 11.10
         0,     0, 7,12:07:54,12:08:01,     7, 30.30, 30.30,  0.00
  12706618,     0, 9,12:09:00,12:09:05,     5, 41.00, 41.00,  0.00
  12448416,  6029, 5,12:06:43,12:09:06,   143, 40.80, 30.00, 10.80
         0,     0, 5,12:09:15,12:09:25,    10, 30.00, 41.00,-11.00
  12200048,     0, 8,12:06:36,12:10:16,   220, 40.90, 33.90,  7.00
  12706618,     0, 9,12:10:17,12:10:19,     2, 33.70, 33.80, -0.10
         0,     0, 8,12:10:25,12:10:33,     8, 33.90, 41.00, -7.10
  13008797,     0, 6,12:05:44,12:10:35,   291, 37.70, 20.90, 16.80
         0,     0, 9,12:10:28,12:10:38,    10, 33.80, 41.10, -7.30
         0,     0, 6,12:10:43,12:11:02,    19, 20.90, 40.70,-19.80
  12448449,  6062, 5,12:09:35,12:11:01,    86, 41.00, 36.90,  4.10
         0,     0, 5,12:11:09,12:11:12,     3, 36.90, 40.90, -4.00
  12448449,  6062, 5,12:11:27,12:12:07,    40, 40.90, 35.90,  5.00
         0,     0, 5,12:12:15,12:12:19,     4, 35.90, 40.90, -5.00
  12706700,  7109, 3,12:12:54,12:13:57,    63, 45.80, 33.10, 12.70
         0,     0, 3,12:14:06,12:14:17,    11, 33.10, 32.90,  0.20
  12706707,  7116, 2,12:14:44,12:15:45,    61, 43.90, 41.60,  2.30
         0,     0, 2,12:15:54,12:15:55,     1, 41.60, 44.00, -2.40
  13008789,     0, 7,12:08:18,12:16:02,   464, 41.20, 25.60, 15.60
         0,     0, 7,12:16:09,12:16:19,    10, 25.60, 41.50,-15.90
  12448483,  6096, 1,12:15:56,12:18:39,   163, 41.30, 21.80, 19.50
         0,     0, 1,12:18:47,12:19:05,    18, 21.80, 41.30,-19.50
  12706639,  7048, 5,12:19:45,12:21:16,    91, 40.90, 30.00, 10.90
         0,     0, 5,12:21:23,12:21:33,    10, 30.00, 40.90,-10.90
  12448479,  6092, 2,12:21:13,12:22:07,    54, 43.90, 43.90,  0.00
  13008802,     0, 9,12:28:21,12:28:25,     4, 41.10, 41.10,  0.00
  21268104,  6067, 4,12:25:50,12:28:27,   157, 43.80, 35.70,  8.10
         0,     0, 4,12:28:35,12:28:42,     7, 35.70, 43.40, -7.70
  13008802,     0, 9,12:31:13,12:32:06,    53, 40.00, 33.00,  7.00
         0,     0, 9,12:32:13,12:32:23,    10, 33.00, 41.00, -8.00
  13008765,     0,10,12:34:01,12:34:42,    41, 39.00, 33.50,  5.50
         0,     0,10,12:34:50,12:34:58,     8, 33.50, 41.20, -7.70
  13323427,     0, 8,12:35:58,12:36:05,     7, 35.80, 35.70,  0.10
  12448437,  6050, 7,12:16:29,12:36:10,  1181, 41.50, 26.00, 15.50
         0,     0, 8,12:36:13,12:36:18,     5, 35.70, 40.90, -5.20
         0,     0, 7,12:36:18,12:36:27,     9, 26.00, 26.00,  0.00
  12448479,  6092, 1,12:34:43,12:37:01,   138, 41.30, 22.40, 18.90
  13323427,     0, 8,12:37:16,12:37:18,     2, 40.90, 40.80,  0.10
         0,     0, 1,12:37:09,12:37:27,    18, 22.40, 41.20,-18.80
  13323427,     0, 8,12:39:09,12:40:33,    84, 40.10, 24.30, 15.80
         0,     0, 8,12:40:41,12:40:59,    18, 24.30, 41.10,-16.80
  13323427,     0, 7,12:36:39,12:41:02,   263, 41.50, 41.40,  0.10
  11499202,     0, 6,12:11:13,12:41:52,  1839, 40.70, 21.00, 19.70
  12448428,  6041, 5,12:40:48,12:42:11,    83, 40.90, 26.60, 14.30
         0,     0, 6,12:41:59,12:42:18,    19, 21.00, 21.10, -0.10
         0,     0, 5,12:42:19,12:42:32,    13, 26.60, 40.80,-14.20
  13323358,     0,10,12:41:53,12:43:14,    81, 41.20, 37.80,  3.40
         0,     0,10,12:43:22,12:43:25,     3, 37.80, 41.20, -3.40
  13008815,     0, 8,12:43:28,12:43:29,     1, 41.10, 41.20, -0.10
  11724239,  3139, 2,12:46:13,12:46:44,    31, 43.80, 43.80,  0.00
  11499161,  2051, 1,12:44:13,12:48:18,   245, 41.20, 25.80, 15.40
         0,     0, 1,12:48:27,12:48:42,    15, 25.80, 41.30,-15.50
  12448449,  6062, 5,12:50:28,12:52:13,   105, 40.80, 31.20,  9.60
  12706637,  7046, 3,12:52:21,12:52:26,     5, 45.10, 47.40, -2.30
         0,     0, 5,12:52:22,12:52:31,     9, 31.20, 31.50, -0.30
  12706637,  7046, 4,12:52:37,12:52:42,     5, 43.30, 43.60, -0.30
  12706637,  7046, 3,12:52:50,12:54:35,   105, 45.30, 47.00, -1.70
  12706601,     0, 9,12:53:45,12:55:00,    75, 41.10, 36.80,  4.30
         0,     0, 9,12:55:08,12:55:13,     5, 36.80, 41.10, -4.30
  13008779,     0, 8,12:56:10,12:56:15,     5, 41.20, 41.20,  0.00
  12448442,  6055, 6,12:43:45,12:56:57,   792, 41.50, 20.10, 21.40
  12706601,     0, 9,12:55:48,12:57:01,    73, 41.10, 33.50,  7.60
  12200007,  5061, 5,12:55:06,12:57:14,   128, 40.70, 26.70, 14.00
         0,     0, 9,12:57:09,12:57:19,    10, 33.50, 41.00, -7.50
         0,     0, 6,12:57:04,12:57:24,    20, 20.10, 41.50,-21.40
  12706637,  7046, 3,12:54:51,12:57:27,   156, 44.90, 27.00, 17.90
         0,     0, 5,12:57:22,12:57:35,    13, 26.70, 40.70,-14.00
         0,     0, 3,12:57:35,12:57:52,    17, 27.00, 27.10, -0.10
  11724239,  3139, 1,12:55:23,13:00:40,   317, 41.30, 23.90, 17.40
  13008815,     0, 7,12:41:16,13:00:46,  1170, 40.80, 29.30, 11.50
         0,     0, 7,13:00:54,13:01:02,     8, 29.30, 41.30,-12.00
         0,     0, 1,13:00:48,13:01:04,    16, 23.90, 41.20,-17.30
  13008835,     0, 6,12:57:35,13:02:46,   311, 41.60, 39.20,  2.40
  12706700,  7109, 3,13:01:49,13:02:47,    58, 46.60, 35.50, 11.10
         0,     0, 6,13:02:53,13:02:54,     1, 39.20, 41.60, -2.40
         0,     0, 3,13:02:56,13:03:05,     9, 35.50, 35.50,  0.00
  13008779,     0, 7,13:01:42,13:08:11,   389, 35.20, 29.00,  6.20
         0,     0, 7,13:08:19,13:08:27,     8, 29.00, 41.60,-12.60
  12706624,  7033, 6,13:03:05,13:13:53,   648, 41.60, 35.10,  6.50
         0,     0, 6,13:14:00,13:14:05,     5, 35.10, 41.50, -6.40
  12199981,  5035, 3,13:16:17,13:17:34,    77, 45.80, 28.30, 17.50
         0,     0, 3,13:17:43,13:17:59,    16, 28.30, 28.60, -0.30
  12200046,  5100, 4,13:18:11,13:20:04,   113, 43.40, 35.80,  7.60
         0,     0, 4,13:20:13,13:20:20,     7, 35.80, 43.40, -7.60
  12706707,  7116, 2,13:20:11,13:21:48,    97, 43.80, 35.60,  8.20
         0,     0, 2,13:21:56,13:22:28,    32, 35.60, 42.60, -7.00
  12448451,  6064, 2,13:23:43,13:24:26,    43, 42.70, 42.60,  0.10
  12706727,  7136, 2,13:24:35,13:24:45,    10, 42.60, 42.60,  0.00
  12448451,  6064, 1,13:24:37,13:25:33,    56, 41.20, 41.10,  0.10
  13008833,     0, 6,13:14:15,13:25:40,   685, 41.50, 29.40, 12.10
         0,     0, 6,13:25:48,13:27:48,   120, 29.40, 32.50, -3.10
  11954075,  4105, 1,13:25:45,13:27:50,   125, 41.10, 25.30, 15.80
  12448451,  6064, 2,13:25:39,13:27:51,   132, 42.60, 42.30,  0.30
  12448471,  6084, 3,13:26:30,13:27:55,    85, 45.80, 32.70, 13.10
  13008820,     0, 9,13:25:46,13:27:57,   131, 41.10, 39.60,  1.50
         0,     0, 1,13:27:57,13:28:57,    60, 25.30, 26.10, -0.80
         0,     0, 3,13:28:03,13:30:03,   120, 32.70, 34.20, -1.50
         0,     0, 9,13:28:06,13:30:06,   120, 39.60, 31.80,  7.80
  12448451,  6064, 2,13:30:19,13:31:51,    92, 42.40, 42.20,  0.20
         0,     0, 1,13:35:05,13:35:15,    10, 26.10, 26.10,  0.00
         0,     0, 9,13:35:06,13:35:16,    10, 31.80, 31.80,  0.00
         0,     0, 3,13:35:18,13:35:28,    10, 34.00, 34.00,  0.00
         0,     0, 6,13:35:36,13:35:46,    10, 32.50, 32.50,  0.00
         0,     0, 3,13:35:42,13:35:52,    10, 33.90, 33.90,  0.00
         0,     0, 9,13:36:41,13:36:51,    10, 31.80, 31.80,  0.00
         0,     0, 1,13:36:42,13:36:52,    10, 26.10, 26.10,  0.00
  12200007,  5061, 5,13:35:54,13:37:06,    72, 40.70, 31.00,  9.70
         0,     0, 5,13:37:14,13:37:23,     9, 31.00, 41.00,-10.00
  12448451,  6064, 2,13:32:50,13:37:24,   274, 42.20, 34.10,  8.10
         0,     0, 2,13:37:32,13:37:33,     1, 34.10, 44.80,-10.70
         0,     0, 6,13:37:38,13:37:48,    10, 32.50, 32.50,  0.00
  12200048,     0, 8,13:33:39,13:38:43,   304, 41.20, 28.80, 12.40
  12448451,  6064, 2,13:37:43,13:38:58,    75, 44.80, 44.60,  0.20
         0,     0, 8,13:38:51,13:39:04,    13, 28.80, 28.80,  0.00
  12448451,  6064, 1,13:39:06,13:41:05,   119, 26.10, 25.90,  0.20
         0,     0, 1,13:41:12,13:41:28,    16, 25.90, 41.20,-15.30
  11499161,  2051, 1,13:41:39,13:42:36,    57, 41.20, 35.50,  5.70
         0,     0, 1,13:42:43,13:42:48,     5, 35.50, 41.20, -5.70
  12706726,  7135, 1,13:44:13,13:44:35,    22, 41.20, 41.20,  0.00
  12706624,  7033, 6,13:38:15,13:45:29,   434, 32.50, 26.20,  6.30
         0,     0, 6,13:45:37,13:45:51,    14, 26.20, 26.20,  0.00
  12706726,  7135, 1,13:45:26,13:45:48,    22, 41.20, 41.20,  0.00
  12706604,     0, 9,13:44:07,13:48:06,   239, 31.80, 19.20, 12.60
         0,     0, 9,13:48:13,13:48:43,    30, 19.20, 40.90,-21.70
  11724239,  3139, 3,13:45:36,13:49:50,   254, 33.10, 24.80,  8.30
         0,     0, 3,13:49:58,13:50:17,    19, 24.80, 24.70,  0.10
  12706726,  7135, 2,13:47:16,13:52:41,   325, 44.60, 33.40, 11.20
         0,     0, 2,13:52:49,13:52:58,     9, 33.40, 44.10,-10.70
  12706726,  7135, 2,13:53:08,13:54:19,    71, 44.00, 37.00,  7.00
         0,     0, 2,13:54:27,13:54:33,     6, 37.00, 44.00, -7.00
  12706727,  7136, 4,13:54:57,13:56:02,    65, 43.60, 35.70,  7.90
         0,     0, 4,13:56:11,13:56:18,     7, 35.70, 43.30, -7.60
  12706618,     0,10,13:55:29,13:56:41,    72, 41.00, 29.40, 11.60
         0,     0,10,13:56:49,13:57:01,    12, 29.40, 41.20,-11.80
  12448451,  6064, 2,13:57:54,13:58:27,    33, 44.00, 43.90,  0.10
  12448451,  6064, 1,13:58:35,13:58:42,     7, 41.20, 41.20,  0.00
         0,     0, 9,14:00:18,14:00:28,    10, 40.90, 40.90,  0.00
         0,     0,10,14:00:18,14:00:28,    10, 41.00, 41.00,  0.00
  12448451,  6064, 2,13:58:54,14:01:25,   151, 43.90, 25.00, 18.90
         0,     0, 2,14:01:33,14:01:50,    17, 25.00, 43.90,-18.90
  12448437,  6050, 7,13:08:43,14:02:16,  3213, 41.30, 33.40,  7.90
         0,     0, 8,14:02:29,14:02:39,    10, 41.20, 41.20,  0.00
         0,     0, 2,14:04:05,14:04:15,    10, 43.90, 43.90,  0.00
         0,     0, 1,14:04:05,14:04:15,    10, 44.20, 44.20,  0.00
  12448471,  6084, 5,14:04:36,14:05:12,    36, 40.80, 38.50,  2.30
         0,     0, 5,14:05:19,14:05:21,     2, 38.50, 40.80, -2.30
         0,     0, 3,14:05:42,14:05:52,    10, 45.40, 45.40,  0.00
         0,     0, 4,14:05:42,14:05:52,    10, 36.60, 36.60,  0.00
  13008835,     0, 6,13:46:21,14:07:15,  1254, 41.40, 38.20,  3.20
         0,     0, 5,14:07:27,14:07:37,    10, 34.30, 34.30,  0.00
         0,     0, 5,14:07:36,14:07:46,    10, 34.50, 34.50,  0.00
  12706637,  7046, 5,14:08:30,14:08:31,     1,  3.60,  6.80, -3.20
         0,     0, 5,14:08:38,14:09:06,    28,  6.80,  6.80,  0.00
         0,     0, 6,14:10:43,14:10:53,    10, 31.80, 31.80,  0.00
         0,     0, 6,14:11:50,14:12:00,    10,  3.60,  3.60,  0.00
         0,     0, 4,14:12:24,14:12:34,    10, 36.40, 36.40,  0.00
         0,     0, 4,14:14:08,14:14:18,    10, 11.70, 11.70,  0.00
         0,     0, 7,14:18:16,14:18:26,    10, 29.70, 29.70,  0.00
         0,     0, 7,14:19:06,14:19:16,    10, 11.60, 11.60,  0.00
         0,     0, 3,14:19:30,14:19:40,    10, 41.10, 41.10,  0.00
         0,     0, 8,14:19:45,14:19:55,    10, 27.40, 27.40,  0.00
         0,     0, 3,14:20:32,14:20:42,    10, 38.50, 38.50,  0.00
         0,     0, 8,14:21:03,14:21:13,    10,  5.40,  5.40,  0.00
         0,     0, 9,14:25:46,14:25:56,    10, 34.50, 34.50,  0.00
         0,     0, 2,14:25:51,14:26:01,    10, 35.10, 35.10,  0.00
         0,     0, 9,14:26:37,14:26:47,    10, 10.30, 10.30,  0.00
         0,     0,10,14:27:05,14:27:15,    10, 29.10, 29.10,  0.00
         0,     0, 2,14:27:13,14:27:23,    10,  1.90,  1.90,  0.00
         0,     0, 2,14:27:53,14:28:03,    10,  6.50,  6.50,  0.00
         0,     0, 2,14:28:26,14:28:36,    10,  2.70,  2.70,  0.00
  12448409,  6022, 5,14:28:33,14:28:44,    11,  1.90,  1.90,  0.00
         0,     0, 5,14:30:54,14:31:04,    10,  0.00,  0.00,  0.00
  12200070,     0, 5,14:30:57,14:31:01,     4,  0.00,  0.00,  0.00
         0,     0, 4,14:31:28,14:31:38,    10, 14.90, 14.90,  0.00
         0,     0, 3,14:31:28,14:31:38,    10,  9.70,  9.70,  0.00
         0,     0, 3,14:31:44,14:31:54,    10,  0.00,  0.00,  0.00
         0,     0, 5,14:31:09,14:31:48,    39,  0.00, 40.90,-40.90
         0,     0, 3,14:31:57,14:32:07,    10,  0.00,  0.00,  0.00
  12200070,     0, 4,14:32:00,14:32:02,     2, 14.90,  0.20, 14.70
  12200070,     0, 3,14:32:07,14:32:08,     1,  0.00,  0.10, -0.10
         0,     0, 4,14:32:09,14:32:54,    45,  0.20, 43.30,-43.10
         0,     0, 3,14:32:15,14:32:56,    41,  0.10, 46.10,-46.00
         0,     0, 6,14:33:10,14:33:20,    10,  0.50,  0.50,  0.00
  12200042,  5096, 5,14:33:38,14:34:02,    24, 40.80, 40.20,  0.60
  12706636,  7045, 4,14:33:11,14:34:35,    84, 43.40, 44.20, -0.80
  12200070,     0, 6,14:33:14,14:34:48,    94,  0.50,  0.40,  0.10
         0,     0, 7,14:35:14,14:35:24,    10,  1.60,  1.60,  0.00
         0,     0, 8,14:35:15,14:35:25,    10,  5.90,  5.90,  0.00
  12200070,     0, 8,14:35:29,14:35:32,     3,  5.90,  3.10,  2.80
         0,     0, 6,14:34:56,14:35:39,    43,  0.40, 41.60,-41.20
         0,     0, 6,14:35:44,14:35:54,    10, 41.60, 41.60,  0.00
  12200070,     0, 7,14:35:19,14:35:41,    22,  1.70,  1.80, -0.10
  12706636,  7045, 4,14:35:11,14:35:46,    35, 44.20, 42.70,  1.50
         0,     0, 7,14:35:49,14:36:16,    27,  1.80, 41.50,-39.70
         0,     0, 7,14:36:21,14:36:31,    10, 41.50, 41.50,  0.00
         0,     0, 9,14:36:38,14:36:48,    10, 10.20, 10.20,  0.00
  12200070,     0, 9,14:36:43,14:36:46,     3, 14.70, 10.10,  4.60
         0,     0, 8,14:35:41,14:36:52,    71,  3.10, 41.10,-38.00
  12200070,     0,10,14:36:55,14:36:57,     2, 17.80, 17.80,  0.00
  12200042,  5096, 3,14:34:45,14:37:03,   138, 46.10, 19.70, 26.40
  12199988,  5042, 5,14:34:26,14:37:11,   165, 40.20, 25.90, 14.30
         0,     0, 5,14:37:19,14:37:35,    16, 25.90, 40.80,-14.90
         0,     0, 3,14:37:11,14:37:36,    25, 19.70, 19.50,  0.20
         0,     0, 9,14:36:55,14:37:41,    46, 10.10, 41.00,-30.90
  12706636,  7045, 4,14:36:20,14:37:43,    83, 42.90, 42.10,  0.80
  12199969,     0, 9,14:37:51,14:37:54,     3, 40.90, 40.90,  0.00
         0,     0,10,14:37:06,14:38:02,    56, 17.80, 41.30,-23.50
  12199969,     0, 9,14:38:27,14:39:21,    54, 41.00, 34.60,  6.40
         0,     0, 9,14:39:30,14:39:38,     8, 34.60, 41.10, -6.50
  12706636,  7045, 3,14:37:49,14:39:44,   115, 46.00, 39.70,  6.30
         0,     0, 3,14:39:52,14:39:57,     5, 39.70, 39.60,  0.10
         0,     0, 1,14:40:15,14:40:25,    10, 19.20, 19.20,  0.00
  12200070,     0, 1,14:40:18,14:40:20,     2, 19.20, 19.20,  0.00
         0,     0, 2,14:41:04,14:41:14,    10,  0.00,  0.00,  0.00
         0,     0, 1,14:40:28,14:41:07,    39, 19.20, 41.30,-22.10
  12200070,     0, 2,14:41:07,14:41:09,     2,  0.00,  0.00,  0.00
  12448521,     0, 7,14:37:01,14:41:18,   257, 41.50, 26.60, 14.90
         0,     0, 7,14:41:26,14:41:35,     9, 26.60, 41.60,-15.00
         0,     0, 2,14:41:16,14:41:59,    43,  0.00, 44.00,-44.00
  11954056,     0, 8,14:42:02,14:42:10,     8, 41.00, 41.00,  0.00
  12199986,     0, 8,14:42:44,14:42:47,     3, 41.00, 41.00,  0.00
  12706686,  7095, 2,14:42:20,14:43:00,    40, 44.10, 43.90,  0.20
  13323451,     0,10,14:41:28,14:43:44,   136, 41.30, 28.00, 13.30
         0,     0,10,14:43:53,14:44:07,    14, 28.00, 41.20,-13.20
  12199986,     0, 8,14:43:04,14:44:24,    80, 41.00, 35.90,  5.10
         0,     0, 8,14:44:33,14:44:38,     5, 35.90, 41.10, -5.20
  13323450,     0,10,14:44:50,14:44:53,     3, 41.20, 41.20,  0.00
  12706686,  7095, 1,14:43:06,14:45:36,   150, 41.30, 22.90, 18.40
         0,     0, 1,14:45:43,14:46:00,    17, 22.90, 41.30,-18.40
  12706609,  7018, 8,14:45:05,14:46:11,    66, 38.90, 30.20,  8.70
         0,     0, 8,14:46:19,14:46:30,    11, 30.20, 41.10,-10.90
  12706710,  7119, 2,14:43:10,14:46:43,   213, 43.90, 31.50, 12.40
  11724159,     0, 6,14:35:49,14:46:47,   658, 41.60, 33.00,  8.60
         0,     0, 6,14:46:55,14:47:03,     8, 33.00, 40.80, -7.80
         0,     0, 2,14:46:52,14:47:03,    11, 31.50, 44.00,-12.50
  12706686,  7095, 1,14:46:36,14:47:29,    53, 41.30, 40.30,  1.00
  12706686,  7095, 2,14:48:06,14:48:15,     9, 44.00, 44.00,  0.00
  13008737,     0, 8,14:47:30,14:49:39,   129, 40.90, 18.90, 22.00
         0,     0, 8,14:49:48,14:50:12,    24, 18.90, 41.10,-22.20
  13323434,     0, 9,14:51:30,14:51:51,    21, 41.10, 41.10,  0.00
  12448471,  6084, 3,14:50:57,14:52:39,   102, 46.60, 36.40, 10.20
         0,     0, 3,14:52:46,14:52:54,     8, 36.40, 46.70,-10.30
  13008765,     0, 9,14:53:29,14:53:32,     3, 41.10, 41.00,  0.10
  13008765,     0, 9,14:53:58,14:55:06,    68, 40.50, 34.90,  5.60
         0,     0, 9,14:55:14,14:55:22,     8, 34.90, 41.10, -6.20
  13323434,     0, 9,14:58:31,14:58:37,     6, 41.10, 41.10,  0.00
  13323434,     0, 9,14:58:53,14:59:06,    13, 41.10, 41.10,  0.00
  13323434,     0, 9,14:59:18,14:59:56,    38, 41.10, 40.50,  0.60
  13323450,     0,10,14:59:27,15:00:10,    43, 41.20, 41.10,  0.10
  11954056,     0, 7,14:42:25,15:00:16,  1071, 41.30, 14.60, 26.70
  13323434,     0, 9,15:00:14,15:00:15,     1, 40.00, 40.00,  0.00
         0,     0, 9,15:00:24,15:00:24,     0, 40.00, 40.70, -0.70
         0,     0, 7,15:00:24,15:00:41,    17, 14.60, 14.60,  0.00
  11954050,  4080, 1,15:01:26,15:01:55,    29, 40.30, 40.30,  0.00
  13008836,     0, 8,15:01:00,15:02:48,   108, 41.10, 25.80, 15.30
         0,     0, 8,15:02:55,15:03:11,    16, 25.80, 41.00,-15.20
  13323450,     0,10,15:02:00,15:03:13,    73, 41.10, 41.10,  0.00
  13323434,     0, 9,15:02:11,15:03:49,    98, 40.60, 36.70,  3.90
         0,     0, 9,15:03:57,15:04:02,     5, 36.70, 41.10, -4.40
  12448473,  6086, 2,15:09:51,15:10:28,    37, 43.90, 40.70,  3.20
         0,     0, 2,15:10:35,15:10:37,     2, 40.70, 43.90, -3.20
  12199977,     0, 9,15:10:48,15:10:59,    11, 41.10, 41.00,  0.10
  12199977,     0, 9,15:12:21,15:12:27,     6, 29.90, 29.90,  0.00
         0,     0, 9,15:12:36,15:12:50,    14, 29.90, 41.10,-11.20
  12448473,  6086, 1,15:12:54,15:12:57,     3, 40.30, 40.30,  0.00
  21306958,  5124, 8,15:12:26,15:13:49,    83, 41.10, 40.70,  0.40
  12448442,  6055, 6,14:47:13,15:14:12,  1619, 40.50, 26.50, 14.00
         0,     0, 6,15:14:20,15:14:35,    15, 26.50, 39.90,-13.40
  21306958,  5124, 8,15:14:05,15:15:11,    66, 40.70, 38.10,  2.60
         0,     0, 8,15:15:19,15:15:21,     2, 38.10, 41.10, -3.00
  11724159,     0, 6,15:15:10,15:15:47,    37, 31.70, 31.70,  0.00
         0,     0, 6,15:15:55,15:16:04,     9, 31.70, 41.40, -9.70
  13323451,     0,10,15:16:20,15:16:23,     3, 41.10, 41.10,  0.00
  21306958,  5124, 7,15:15:48,15:17:24,    96, 41.50, 36.00,  5.50
         0,     0, 7,15:17:32,15:17:35,     3, 36.00, 41.50, -5.50
  12448437,  6050, 7,15:17:45,15:18:06,    21, 41.60, 41.50,  0.10
  13323358,     0, 9,15:25:32,15:26:05,    33, 40.90, 38.50,  2.40
         0,     0, 9,15:26:14,15:26:17,     3, 38.50, 41.10, -2.60
  13323358,     0, 9,15:26:33,15:26:35,     2, 40.70, 40.80, -0.10
  12200083,     0, 9,15:27:19,15:27:21,     2, 40.80, 40.80,  0.00
  12200083,     0, 9,15:27:34,15:28:27,    53, 40.80, 35.40,  5.40
         0,     0, 9,15:28:35,15:28:42,     7, 35.40, 41.10, -5.70
  12200083,     0, 9,15:29:38,15:29:40,     2, 39.40, 39.40,  0.00
         0,     0, 9,15:29:47,15:29:48,     1, 39.40, 41.10, -1.70
  13008762,     0, 6,15:16:20,15:34:00,  1060, 41.40, 30.50, 10.90
         0,     0, 6,15:34:07,15:34:17,    10, 30.50, 41.50,-11.00
  12448437,  6050, 7,15:18:55,15:34:49,   954, 41.60, 36.70,  4.90
         0,     0, 7,15:34:56,15:34:58,     2, 36.70, 41.50, -4.80
  13008768,     0, 6,15:34:27,15:35:27,    60, 41.50, 41.50,  0.00
  13008762,     0, 6,15:35:37,15:38:54,   197, 41.50, 41.50,  0.00
  12706616,  7025, 2,15:38:29,15:39:45,    76, 43.90, 33.80, 10.10
         0,     0, 2,15:39:53,15:40:02,     9, 33.80, 43.80,-10.00
  12706616,  7025, 1,15:39:47,15:40:13,    26, 40.30, 29.80, 10.50
         0,     0, 1,15:40:20,15:40:30,    10, 29.80, 41.20,-11.40
  12448416,  6029, 3,15:39:02,15:40:36,    94, 46.40, 28.50, 17.90
  13008837,     0, 8,15:40:36,15:40:40,     4, 41.00, 41.00,  0.00
         0,     0, 3,15:40:44,15:40:59,    15, 28.50, 46.50,-18.00
  12706639,  7048, 2,15:40:25,15:41:08,    43, 43.80, 41.50,  2.30
         0,     0, 2,15:41:17,15:41:18,     1, 41.50, 43.80, -2.30
  12706639,  7048, 1,15:41:27,15:41:59,    32, 41.20, 31.60,  9.60
         0,     0, 1,15:42:08,15:42:17,     9, 31.60, 41.20, -9.60
  12706639,  7048, 2,15:42:03,15:42:42,    39, 43.90, 34.00,  9.90
         0,     0, 2,15:42:50,15:42:58,     8, 34.00, 44.00,-10.00
  11953978,  4008, 2,15:43:29,15:43:55,    26, 44.10, 42.10,  2.00
  13008768,     0, 6,15:39:04,15:45:44,   400, 41.50, 23.60, 17.90
         0,     0, 6,15:45:52,15:46:08,    16, 23.60, 41.40,-17.80
  11953978,  4008, 1,15:44:00,15:46:19,   139, 41.30, 16.90, 24.40
  12706705,  7114, 2,15:44:06,15:46:35,   149, 42.10, 33.00,  9.10
         0,     0, 1,15:46:27,15:46:50,    23, 16.90, 41.20,-24.30
         0,     0, 2,15:46:44,15:46:54,    10, 33.00, 44.00,-11.00
  12706705,  7114, 2,15:47:04,15:48:37,    93, 44.00, 30.60, 13.40
  12448409,  6022, 1,15:47:00,15:48:40,   100, 41.20, 25.60, 15.60
         0,     0, 2,15:48:46,15:48:59,    13, 30.60, 43.90,-13.30
         0,     0, 1,15:48:48,15:49:03,    15, 25.60, 41.40,-15.80
  21268104,  6067, 5,15:50:50,15:51:36,    46, 40.70, 40.40,  0.30
  13323358,     0,10,15:51:22,15:52:43,    81, 37.80, 33.90,  3.90
  12706738,  7147, 2,15:49:56,15:52:52,   176, 44.00, 27.20, 16.80
         0,     0,10,15:52:51,15:52:58,     7, 33.90, 41.20, -7.30
         0,     0, 2,15:53:00,15:53:15,    15, 27.20, 44.10,-16.90
  21268104,  6067, 5,15:51:48,15:53:20,    92, 40.40, 31.80,  8.60
         0,     0, 5,15:53:29,15:53:37,     8, 31.80, 40.90, -9.10
  11954050,  4080, 2,15:53:25,15:54:09,    44, 44.10, 42.10,  2.00
  11954050,  4080, 3,15:56:16,15:56:49,    33, 46.70, 46.30,  0.40
  13008732,  7153, 2,15:54:36,15:57:53,   197, 42.10, 21.80, 20.30
  12448449,  6062, 1,15:56:12,15:58:00,   108, 41.40, 28.20, 13.20
  13008735,  7156, 5,15:57:26,15:58:03,    37, 40.90, 40.20,  0.70
         0,     0, 1,15:58:09,15:58:21,    12, 28.20, 41.30,-13.10
         0,     0, 2,15:58:02,15:58:24,    22, 21.80, 44.10,-22.30
  12199981,  5035, 3,15:57:36,15:58:41,    65, 46.00, 29.70, 16.30
         0,     0, 3,15:58:48,15:59:02,    14, 29.70, 46.70,-17.00
  12706637,  7046, 5,15:58:13,15:59:43,    90, 40.20, 37.30,  2.90
         0,     0, 5,15:59:51,15:59:54,     3, 37.30, 40.80, -3.50
  13008837,     0, 7,15:41:45,16:00:12,  1107, 41.50, 26.30, 15.20
         0,     0, 7,16:00:20,16:00:29,     9, 26.30, 26.30,  0.00
  21292347,  5120, 4,15:58:12,16:00:47,   155, 41.90, 26.30, 15.60
         0,     0, 4,16:00:54,16:01:10,    16, 26.30, 43.60,-17.30
  13008756,  7115, 5,16:00:13,16:01:18,    65, 40.90, 40.80,  0.10
  13008735,  7156, 4,16:01:34,16:01:49,    15, 43.50, 43.90, -0.40
  11499202,     0, 6,15:46:56,16:02:44,   948, 35.40, 34.00,  1.40
         0,     0, 6,16:02:51,16:02:57,     6, 34.00, 41.40, -7.40
  12706637,  7046, 4,16:02:03,16:04:10,   127, 43.80, 27.30, 16.50
         0,     0, 4,16:04:18,16:04:33,    15, 27.30, 43.40,-16.10
  13008762,     0, 6,16:03:07,16:04:48,   101, 41.50, 41.40,  0.10
  13008756,  7115, 2,16:02:23,16:05:01,   158, 44.10, 20.00, 24.10
  11724109,  6068, 1,16:01:17,16:05:17,   240, 41.30, 22.70, 18.60
         0,     0, 2,16:05:09,16:05:32,    23, 20.00, 44.10,-24.10
         0,     0, 1,16:05:25,16:05:42,    17, 22.70, 41.30,-18.60
  13008735,  7156, 3,16:01:55,16:06:17,   262, 46.80, 31.20, 15.60
         0,     0, 3,16:06:24,16:06:36,    12, 31.20, 31.20,  0.00
  12706636,  7045, 3,16:07:34,16:08:23,    49, 46.60, 44.10,  2.50
  12706636,  7045, 4,16:14:25,16:15:33,    68, 43.70, 32.30, 11.40
         0,     0, 4,16:15:41,16:15:51,    10, 32.30, 43.60,-11.30
  12200007,  5061, 1,16:15:11,16:15:53,    42, 41.30, 37.00,  4.30
         0,     0, 1,16:16:01,16:16:04,     3, 37.00, 41.30, -4.30
  21306958,  5124, 8,16:15:11,16:16:42,    91, 41.00, 40.50,  0.50
  12706634,     0, 7,16:09:12,16:17:00,   468, 41.40, 29.40, 12.00
         0,     0, 7,16:17:07,16:17:14,     7, 29.40, 41.50,-12.10
  21306958,  5124, 8,16:19:16,16:19:20,     4, 40.50, 40.50,  0.00
  12448416,  6029, 4,16:17:41,16:19:23,   102, 43.60, 33.90,  9.70
         0,     0, 4,16:19:30,16:19:39,     9, 33.90, 43.40, -9.50
  21306958,  5124, 8,16:19:35,16:19:37,     2, 40.30, 40.30,  0.00
  12706727,  7136, 3,16:20:30,16:20:48,    18, 44.30, 44.30,  0.00
  12448448,  6061, 2,16:16:03,16:21:32,   329, 44.10, 13.90, 30.20
  12448471,  6084, 4,16:20:45,16:21:57,    72, 44.00, 36.30,  7.70
         0,     0, 2,16:21:40,16:22:09,    29, 13.90, 44.00,-30.10
         0,     0, 4,16:22:04,16:22:11,     7, 36.30, 43.50, -7.20
  12706727,  7136, 3,16:21:22,16:22:40,    78, 44.50, 40.00,  4.50
         0,     0, 3,16:22:47,16:22:51,     4, 40.00, 40.00,  0.00
  11499161,  2051, 4,16:22:25,16:22:59,    34, 43.50, 43.10,  0.40
  12200007,  5061, 1,16:23:00,16:23:48,    48, 41.30, 34.70,  6.60
  21268104,  6067, 2,16:23:00,16:23:51,    51, 44.00, 36.90,  7.10
         0,     0, 1,16:23:56,16:24:02,     6, 34.70, 41.20, -6.50
         0,     0, 2,16:23:59,16:24:05,     6, 36.90, 43.90, -7.00
  12706727,  7136, 4,16:23:58,16:24:52,    54, 43.20, 34.50,  8.70
         0,     0, 4,16:24:59,16:25:07,     8, 34.50, 43.40, -8.90
  21268825,  6087, 3,16:23:05,16:25:33,   148, 46.40, 24.10, 22.30
         0,     0, 3,16:25:40,16:25:58,    18, 24.10, 46.70,-22.60
  12448473,  6086, 1,16:24:29,16:26:22,   113, 41.20, 20.00, 21.20
         0,     0, 1,16:26:30,16:26:50,    20, 20.00, 41.30,-21.30
  11499161,  2051, 2,16:24:34,16:26:55,   141, 43.90, 24.10, 19.80
  12448409,  6022, 4,16:26:44,16:26:59,    15, 43.80, 43.50,  0.30
         0,     0, 2,16:27:03,16:27:21,    18, 24.10, 44.00,-19.90
  12706651,  7060, 5,16:27:36,16:27:42,     6, 40.80, 40.70,  0.10
  12706650,  7059, 5,16:27:52,16:27:59,     7, 40.80, 40.80,  0.00
  12448409,  6022, 3,16:27:05,16:28:13,    68, 46.60, 38.50,  8.10
         0,     0, 3,16:28:21,16:28:27,     6, 38.50, 46.70, -8.20
  13008792,     0,10,16:27:54,16:28:37,    43, 41.10, 40.50,  0.60
  12706655,  7064, 5,16:28:49,16:28:57,     8, 40.80, 40.80,  0.00
  12448483,  6096, 3,16:28:51,16:29:08,    17, 46.90, 47.10, -0.20
  12706707,  7116, 2,16:28:15,16:29:27,    72, 44.10, 34.80,  9.30
         0,     0, 2,16:29:34,16:29:42,     8, 34.80, 44.00, -9.20
  12706707,  7116, 1,16:30:40,16:30:56,    16, 41.30, 39.60,  1.70
         0,     0, 1,16:31:04,16:31:04,     0, 39.60, 41.20, -1.60
  12448409,  6022, 3,16:29:57,16:31:14,    77, 46.80, 34.40, 12.40
         0,     0, 3,16:31:23,16:31:33,    10, 34.40, 34.40,  0.00
  11954050,  4080, 4,16:32:20,16:33:45,    85, 43.40, 37.10,  6.30
  12706651,  7060, 3,16:32:09,16:33:50,   101, 46.50, 31.80, 14.70
         0,     0, 4,16:33:53,16:33:59,     6, 37.10, 43.30, -6.20
         0,     0, 3,16:33:58,16:34:11,    13, 31.80, 46.40,-14.60
  11954050,  4080, 4,16:34:43,16:36:09,    86, 43.30, 26.50, 16.80
  13008802,     0, 9,16:36:14,16:36:22,     8, 29.50, 29.50,  0.00
  12448483,  6096, 2,16:33:51,16:36:25,   154, 44.00, 21.90, 22.10
         0,     0, 4,16:36:17,16:36:34,    17, 26.50, 43.90,-17.40
         0,     0, 9,16:36:29,16:36:45,    16, 29.50, 41.10,-11.60
         0,     0, 2,16:36:33,16:36:54,    21, 21.90, 44.00,-22.10
  11724239,  3139, 3,16:34:30,16:37:37,   187, 46.50, 33.30, 13.20
         0,     0, 3,16:37:46,16:37:57,    11, 33.30, 46.50,-13.20
  12706655,  7064, 3,16:38:31,16:41:33,   182, 46.40, 26.10, 20.30
  12199986,     0, 8,16:39:21,16:41:37,   136, 40.20, 18.90, 21.30
         0,     0, 3,16:41:42,16:41:59,    17, 26.10, 26.10,  0.00
  12448428,  6041, 1,16:40:56,16:41:59,    63, 41.20, 22.50, 18.70
         0,     0, 8,16:41:46,16:42:10,    24, 18.90, 41.10,-22.20
         0,     0, 1,16:42:07,16:42:24,    17, 22.50, 41.30,-18.80
  12706655,  7064, 4,16:41:42,16:42:24,    42, 45.10, 43.10,  2.00
  12706650,  7059, 5,16:40:15,16:42:23,   128, 40.80, 30.80, 10.00
         0,     0, 5,16:42:32,16:42:41,     9, 30.80, 40.90,-10.10
  12199969,     0, 9,16:42:39,16:43:42,    63, 41.20, 34.00,  7.20
         0,     0, 9,16:43:50,16:43:59,     9, 34.00, 41.10, -7.10
  12706659,  7068, 2,16:43:21,16:44:29,    68, 44.00, 40.80,  3.20
         0,     0, 2,16:44:37,16:44:39,     2, 40.80, 44.00, -3.20
  13008800,     0, 9,16:44:17,16:45:56,    99, 40.40, 34.20,  6.20
         0,     0, 9,16:46:03,16:46:12,     9, 34.20, 41.10, -6.90
  13008800,     0,10,16:46:33,16:46:36,     3, 40.50, 39.30,  1.20
  13008756,  7115, 1,16:45:16,16:46:42,    86, 41.30, 32.60,  8.70
  12706659,  7068, 2,16:45:13,16:46:43,    90, 44.00, 24.00, 20.00
         0,     0,10,16:46:45,16:46:46,     1, 39.30, 41.10, -1.80
         0,     0, 1,16:46:49,16:46:57,     8, 32.60, 41.20, -8.60
         0,     0, 2,16:46:51,16:47:10,    19, 24.00, 44.00,-20.00
  12706686,  7095, 1,16:48:25,16:48:30,     5, 41.30, 41.30,  0.00
  13008732,  7153, 5,16:49:27,16:49:33,     6, 40.80, 40.80,  0.00
  12706624,  7033, 6,16:05:08,16:50:26,  2718, 41.40, 28.10, 13.30
  12706710,  7119, 4,16:49:39,16:50:32,    53, 43.30, 42.50,  0.80
  12706686,  7095, 2,16:48:35,16:50:39,   124, 44.10, 35.60,  8.50
  11954014,  4044, 1,16:49:08,16:50:43,    95, 41.30, 22.40, 18.90
         0,     0, 6,16:50:33,16:50:48,    15, 28.10, 41.40,-13.30
         0,     0, 2,16:50:46,16:50:55,     9, 35.60, 43.70, -8.10
         0,     0, 1,16:50:51,16:51:12,    21, 22.40, 41.20,-18.80
  13008732,  7153, 5,16:50:50,16:51:12,    22, 40.90, 40.80,  0.10
  13008802,     0, 9,16:51:34,16:52:58,    84, 41.10, 34.10,  7.00
         0,     0, 9,16:53:05,16:53:14,     9, 34.10, 41.10, -7.00
  12199988,  5042, 4,16:53:15,16:54:40,    85, 42.60, 39.50,  3.10
         0,     0, 4,16:54:48,16:54:51,     3, 39.50, 43.40, -3.90
  12706650,  7059, 5,16:54:28,16:55:16,    48, 40.80, 36.60,  4.20
         0,     0, 5,16:55:24,16:55:28,     4, 36.60, 40.90, -4.30
  13008835,     0, 6,16:51:07,16:56:41,   334, 41.20, 29.00, 12.20
         0,     0, 6,16:56:48,16:57:00,    12, 29.00, 41.40,-12.40
  13008837,     0, 8,16:57:24,16:57:25,     1, 41.10, 41.10,  0.00
  12448477,  6090, 4,16:56:29,16:57:42,    73, 44.20, 33.40, 10.80
         0,     0, 4,16:57:50,16:57:59,     9, 33.40, 42.80, -9.40
  12200046,  5100, 1,16:57:51,16:58:11,    20, 41.20, 41.20,  0.00
  12448477,  6090, 4,16:58:20,16:58:46,    26, 43.20, 38.80,  4.40
         0,     0, 4,16:58:54,16:58:58,     4, 38.80, 43.50, -4.70
  12200046,  5100, 2,16:58:27,16:59:19,    52, 43.70, 32.80, 10.90
         0,     0, 2,16:59:27,16:59:37,    10, 32.80, 44.10,-11.30
  13008732,  7153, 5,16:56:47,16:59:36,   169, 40.80, 23.90, 16.90
         0,     0, 5,16:59:44,17:00:00,    16, 23.90, 40.80,-16.90
  13008742,  7163, 1,17:03:15,17:03:29,    14, 41.20, 41.20,  0.00
  12200007,  5061, 4,17:04:01,17:05:05,    64, 44.20, 33.30, 10.90
         0,     0, 4,17:05:14,17:05:23,     9, 33.30, 43.50,-10.20
  13008742,  7163, 2,17:03:37,17:05:28,   111, 44.00, 43.60,  0.40
  13008833,     0, 6,16:57:10,17:07:11,   601, 41.30, 26.40, 14.90
         0,     0, 6,17:07:19,17:07:33,    14, 26.40, 41.20,-14.80
  13008762,     0, 6,17:07:49,17:07:56,     7, 41.20, 41.10,  0.10
  12706705,  7114, 4,17:06:33,17:08:28,   115, 43.30, 35.00,  8.30
         0,     0, 4,17:08:36,17:08:44,     8, 35.00, 43.30, -8.30
  13008742,  7163, 2,17:05:38,17:08:47,   189, 43.60, 25.60, 18.00
  12706651,  7060, 1,17:07:04,17:08:50,   106, 41.20, 31.80,  9.40
         0,     0, 1,17:08:57,17:09:06,     9, 31.80, 41.20, -9.40
         0,     0, 2,17:08:56,17:09:13,    17, 25.60, 44.00,-18.40
  12706705,  7114, 3,17:09:03,17:09:42,    39, 46.60, 40.50,  6.10
         0,     0, 3,17:09:50,17:09:54,     4, 40.50, 40.50,  0.00
  13008762,     0, 6,17:08:57,17:10:04,    67, 41.10, 41.00,  0.10
  12706710,  7119, 4,17:09:00,17:10:17,    77, 43.30, 31.00, 12.30
         0,     0, 4,17:10:25,17:10:37,    12, 31.00, 43.50,-12.50
  13008792,     0,10,17:09:22,17:12:14,   172, 41.10, 22.00, 19.10
  12706650,  7059, 2,17:09:37,17:12:29,   172, 44.10, 39.20,  4.90
         0,     0, 2,17:12:38,17:12:41,     3, 39.20, 43.80, -4.60
         0,     0,10,17:12:22,17:12:43,    21, 22.00, 41.20,-19.20
  11724239,  3139, 3,17:11:09,17:12:46,    97, 46.50, 46.20,  0.30
  12706601,     0,10,17:12:56,17:13:00,     4, 41.20, 41.20,  0.00
  13008797,     0, 6,17:10:35,17:14:19,   224, 40.90, 26.80, 14.10
         0,     0, 6,17:14:26,17:14:39,    13, 26.80, 41.50,-14.70
  12706601,     0, 9,17:13:06,17:14:54,   108, 41.10, 32.20,  8.90
         0,     0, 9,17:15:03,17:15:14,    11, 32.20, 41.10, -8.90
  11724239,  3139, 4,17:13:01,17:15:29,   148, 43.70, 31.10, 12.60
         0,     0, 4,17:15:37,17:15:49,    12, 31.10, 43.50,-12.40
  13323434,     0, 9,17:15:31,17:15:57,    26, 41.10, 40.80,  0.30
  13323434,     0, 9,17:16:07,17:16:15,     8, 40.80, 40.50,  0.30
  13323434,     0, 9,17:16:26,17:16:28,     2, 40.00, 40.00,  0.00
  12448449,  6062, 4,17:16:54,17:17:16,    22, 43.50, 43.60, -0.10
  12448449,  6062, 3,17:17:23,17:17:33,    10, 46.70, 45.00,  1.70
  21306958,  5124, 8,17:17:44,17:17:52,     8, 41.20, 41.10,  0.10
  12448449,  6062, 4,17:18:00,17:18:01,     1, 43.50, 43.50,  0.00
  13323434,     0, 9,17:16:57,17:18:19,    82, 39.50, 34.50,  5.00
         0,     0, 9,17:18:26,17:18:35,     9, 34.50, 41.10, -6.60
  12448449,  6062, 5,17:18:28,17:18:47,    19, 40.80, 40.60,  0.20
  12448473,  6086, 2,17:18:31,17:19:38,    67, 43.90, 32.70, 11.20
  12448451,  6064, 1,17:17:44,17:19:44,   120, 41.20, 41.00,  0.20
         0,     0, 2,17:19:45,17:19:55,    10, 32.70, 43.90,-11.20
  21268104,  6067, 4,17:18:14,17:20:01,   107, 43.30, 32.50, 10.80
  13008837,     0, 7,16:57:10,17:20:12,  1382, 41.50, 41.30,  0.20
         0,     0, 4,17:20:09,17:20:20,    11, 32.50, 43.30,-10.80
  21306958,  5124, 8,17:20:50,17:21:23,    33, 41.10, 40.80,  0.30
  21306958,  5124, 7,17:20:34,17:21:57,    83, 41.20, 41.10,  0.10
  12448521,     0, 7,17:22:07,17:24:22,   135, 40.90, 28.40, 12.50
         0,     0, 7,17:24:29,17:24:37,     8, 28.40, 41.50,-13.10
  12448449,  6062, 3,17:23:06,17:24:43,    97, 45.80, 32.50, 13.30
         0,     0, 3,17:24:52,17:25:03,    11, 32.50, 32.80, -0.30
  13008837,     0, 8,17:25:27,17:25:28,     1, 40.80, 40.80,  0.00
  13008837,     0, 8,17:26:05,17:26:06,     1, 40.80, 40.80,  0.00
  13008765,     0, 9,17:26:37,17:27:30,    53, 41.10, 37.00,  4.10
         0,     0, 9,17:27:38,17:27:43,     5, 37.00, 41.10, -4.10
  12448428,  6041, 3,17:27:36,17:28:26,    50, 46.50, 34.50, 12.00
         0,     0, 3,17:28:34,17:28:43,     9, 34.50, 46.70,-12.20
  12448451,  6064, 2,17:28:12,17:28:39,    27, 43.90, 43.70,  0.20
  21268825,  6087, 2,17:28:50,17:30:17,    87, 43.70, 31.40, 12.30
         0,     0, 2,17:30:25,17:30:36,    11, 31.40, 43.90,-12.50
  12200007,  5061, 2,17:31:24,17:32:01,    37, 44.00, 39.80,  4.20
  12448451,  6064, 1,17:28:45,17:32:06,   201, 41.00, 20.90, 20.10
         0,     0, 2,17:32:09,17:32:12,     3, 39.80, 44.00, -4.20
  13008837,     0, 7,17:25:06,17:32:15,   429, 41.50, 26.80, 14.70
         0,     0, 7,17:32:22,17:32:31,     9, 26.80, 41.30,-14.50
         0,     0, 1,17:32:13,17:32:32,    19, 20.90, 41.30,-20.40
  12706624,  7033, 6,17:14:59,17:33:46,  1127, 41.50, 37.90,  3.60
         0,     0, 6,17:33:54,17:33:57,     3, 37.90, 41.40, -3.50
  12706700,  7109, 2,17:33:46,17:34:44,    58, 44.00, 30.70, 13.30
         0,     0, 2,17:34:52,17:35:04,    12, 30.70, 44.00,-13.30
  12706609,  7018, 8,17:36:43,17:36:46,     3, 40.80, 40.80,  0.00
  12706726,  7135, 1,17:35:51,17:36:48,    57, 41.30, 31.20, 10.10
         0,     0, 1,17:36:55,17:37:04,     9, 31.20, 41.30,-10.10
  12706669,  7078, 2,17:36:04,17:37:24,    80, 44.00, 25.80, 18.20
         0,     0, 2,17:37:31,17:37:48,    17, 25.80, 43.90,-18.10
  12706622,     0, 6,17:34:10,17:39:56,   346, 41.40, 27.40, 14.00
         0,     0, 6,17:40:04,17:40:17,    13, 27.40, 41.60,-14.20
  12448479,  6092, 2,17:40:42,17:40:57,    15, 43.90, 43.30,  0.60
  12706701,  7110, 2,17:41:07,17:41:54,    47, 43.30, 43.20,  0.10
  12706701,  7110, 2,17:42:04,17:42:08,     4, 43.20, 43.20,  0.00
  12448479,  6092, 1,17:41:04,17:42:23,    79, 41.30, 28.40, 12.90
         0,     0, 1,17:42:32,17:42:44,    12, 28.40, 41.20,-12.80
  13323427,     0, 8,17:43:19,17:43:26,     7, 40.80, 40.70,  0.10
  21306958,  5124, 8,17:43:42,17:43:46,     4, 40.70, 40.70,  0.00
  13008779,     0, 7,17:33:22,17:44:00,   638, 36.40, 33.30,  3.10
         0,     0, 7,17:44:07,17:44:11,     4, 33.30, 41.00, -7.70
  12706701,  7110, 2,17:42:44,17:45:24,   160, 43.20, 22.10, 21.10
         0,     0, 2,17:45:32,17:45:52,    20, 22.10, 44.00,-21.90
  13323427,     0, 7,17:45:33,17:46:23,    50, 40.70, 40.70,  0.00
  21306958,  5124, 8,17:47:48,17:49:09,    81, 40.60, 40.10,  0.50
  11724239,  3139, 1,17:49:01,17:49:45,    44, 41.20, 40.90,  0.30
  12706651,  7060, 4,17:50:11,17:50:37,    26, 43.40, 43.40,  0.00
  21306958,  5124, 8,17:49:22,17:51:09,   107, 40.10, 36.20,  3.90
         0,     0, 8,17:51:17,17:51:22,     5, 36.20, 41.10, -4.90
  12706651,  7060, 4,17:51:07,17:51:32,    25, 43.40, 41.50,  1.90
         0,     0, 4,17:51:40,17:51:41,     1, 41.50, 43.30, -1.80
  12200046,  5100, 2,17:53:41,17:54:22,    41, 44.10, 36.80,  7.30
         0,     0, 2,17:54:29,17:54:35,     6, 36.80, 43.90, -7.10
  13323427,     0, 8,17:52:43,17:55:05,   142, 41.10, 40.00,  1.10
         0,     0, 8,17:55:12,17:55:13,     1, 40.00, 40.90, -0.90
  12448415,     0, 8,17:56:19,17:56:27,     8, 31.50, 31.50,  0.00
  21306958,  5124, 7,17:51:58,17:56:41,   283, 40.70, 38.60,  2.10
         0,     0, 8,17:56:34,17:56:44,    10, 31.50, 41.20, -9.70
         0,     0, 7,17:56:49,17:56:50,     1, 38.60, 41.50, -2.90
  12199988,  5042, 4,17:56:16,17:57:35,    79, 43.20, 37.60,  5.60
         0,     0, 4,17:57:43,17:57:48,     5, 37.60, 43.40, -5.80
  12706738,  7147, 4,17:58:08,17:58:32,    24, 43.40, 43.60, -0.20
  12706636,  7045, 5,17:58:07,17:58:59,    52, 40.70, 38.60,  2.10
         0,     0, 5,17:59:06,17:59:08,     2, 38.60, 41.00, -2.40
  12706738,  7147, 5,17:59:19,17:59:50,    31, 41.00, 41.00,  0.00
  21292347,  5120, 4,17:58:47,18:00:38,   111, 43.60, 30.80, 12.80
         0,     0, 4,18:00:46,18:00:58,    12, 30.80, 43.30,-12.50
  11724239,  3139, 1,17:59:49,18:01:30,   101, 40.90, 40.30,  0.60
  12706726,  7135, 2,18:01:56,18:02:54,    58, 43.90, 36.10,  7.80
         0,     0, 2,18:03:02,18:03:09,     7, 36.10, 44.00, -7.90
  13008800,     0, 9,18:05:47,18:06:35,    48, 37.50, 34.80,  2.70
         0,     0, 9,18:06:44,18:06:52,     8, 34.80, 41.10, -6.30
  12706738,  7147, 4,18:05:38,18:08:16,   158, 43.40, 23.30, 20.10
         0,     0, 4,18:08:24,18:08:44,    20, 23.30, 43.30,-20.00
  12448479,  6092, 1,18:10:31,18:12:01,    90, 40.30, 33.60,  6.70
         0,     0, 1,18:12:09,18:12:15,     6, 33.60, 41.30, -7.70
  12199988,  5042, 4,18:10:20,18:12:34,   134, 43.40, 28.30, 15.10
  12706636,  7045, 3,18:11:36,18:12:36,    60, 46.60, 38.70,  7.90
         0,     0, 3,18:12:44,18:12:50,     6, 38.70, 46.40, -7.70
         0,     0, 4,18:12:42,18:12:57,    15, 28.30, 43.40,-15.10
  12706636,  7045, 4,18:14:27,18:14:59,    32, 43.60, 44.20, -0.60
  12448442,  6055, 6,18:07:41,18:16:56,   555, 41.40, 35.40,  6.00
         0,     0, 6,18:17:04,18:17:09,     5, 35.40, 41.40, -6.00
  11954075,  4105, 1,18:19:03,18:20:20,    77, 41.30, 23.00, 18.30
         0,     0, 1,18:20:28,18:20:44,    16, 23.00, 41.30,-18.30
  12706701,  7110, 5,18:20:31,18:20:48,    17, 40.90, 41.00, -0.10
  12448415,     0, 7,17:57:00,18:21:23,  1463, 41.50, 29.80, 11.70
         0,     0, 7,18:21:31,18:21:38,     7, 29.80, 41.60,-11.80
  12199981,  5035, 3,18:22:06,18:22:51,    45, 46.10, 30.40, 15.70
         0,     0, 3,18:22:58,18:23:11,    13, 30.40, 30.40,  0.00
  21292347,  5120, 2,18:23:22,18:24:13,    51, 44.00, 39.40,  4.60
         0,     0, 2,18:24:20,18:24:23,     3, 39.40, 44.00, -4.60
  12706686,  7095, 2,18:24:41,18:25:32,    51, 44.00, 43.10,  0.90
  12706686,  7095, 1,18:25:38,18:28:19,   161, 41.30, 28.40, 12.90
         0,     0, 1,18:28:27,18:28:38,    11, 28.40, 41.30,-12.90
  13008820,     0, 9,18:29:18,18:30:15,    57, 40.80, 40.20,  0.60
  12706701,  7110, 3,18:27:05,18:30:27,   202, 46.30, 30.60, 15.70
         0,     0, 3,18:30:36,18:30:48,    12, 30.60, 46.50,-15.90
  13008820,     0, 9,18:32:48,18:32:50,     2, 37.00, 37.10, -0.10
         0,     0, 9,18:32:59,18:33:04,     5, 37.10, 41.10, -4.00
  13008789,     0, 7,18:22:10,18:36:35,   865, 41.40, 19.40, 22.00
  12448448,  6061, 2,18:36:41,18:36:54,    13, 43.10, 43.10,  0.00
         0,     0, 7,18:36:43,18:36:57,    14, 19.40, 19.40,  0.00
  12706636,  7045, 3,18:38:41,18:39:30,    49, 46.50, 38.60,  7.90
         0,     0, 3,18:39:37,18:39:43,     6, 38.60, 46.50, -7.90
  12200042,  5096, 2,18:37:58,18:40:12,   134, 43.10, 33.90,  9.20
         0,     0, 2,18:40:21,18:40:29,     8, 33.90, 44.00,-10.10
  12706700,  7109, 2,18:40:47,18:40:58,    11, 44.10, 42.00,  2.10
  12706727,  7136, 4,18:39:59,18:41:23,    84, 43.90, 32.90, 11.00
         0,     0, 4,18:41:30,18:41:40,    10, 32.90, 43.40,-10.50
  12448448,  6061, 1,18:37:47,18:43:07,   320, 41.30, 21.20, 20.10
  21292347,  5120, 2,18:41:15,18:43:14,   119, 42.00, 36.70,  5.30
         0,     0, 2,18:43:22,18:43:28,     6, 36.70, 43.90, -7.20
         0,     0, 1,18:43:14,18:43:33,    19, 21.20, 41.30,-20.10
  13008797,     0, 6,18:17:35,18:44:26,  1611, 41.40, 32.50,  8.90
         0,     0, 6,18:44:34,18:44:42,     8, 32.50, 41.40, -8.90
  12448477,  6090, 3,18:43:28,18:46:24,   176, 46.50, 33.20, 13.30
         0,     0, 3,18:46:32,18:46:42,    10, 33.20, 33.40, -0.20
  12706700,  7109, 2,18:46:15,18:47:07,    52, 43.90, 33.50, 10.40
  12448477,  6090, 3,18:46:53,18:47:10,    17, 46.60, 43.60,  3.00
         0,     0, 3,18:47:17,18:47:18,     1, 43.60, 46.30, -2.70
         0,     0, 2,18:47:14,18:47:23,     9, 33.50, 44.00,-10.50
  12448479,  6092, 2,18:52:00,18:54:00,   120, 44.10, 32.80, 11.30
  13008737,     0, 8,18:54:04,18:54:07,     3, 41.30, 41.20,  0.10
         0,     0, 2,18:54:07,18:54:17,    10, 32.80, 43.90,-11.10
  13008737,     0, 8,18:54:26,18:54:59,    33, 41.20, 40.80,  0.40
  13008737,     0, 7,18:54:14,18:57:03,   169, 41.60, 41.50,  0.10
  13008737,     0, 8,18:57:07,18:57:08,     1, 21.10, 21.10,  0.00
         0,     0, 8,18:57:17,18:57:38,    21, 21.10, 41.10,-20.00
  13008765,     0, 9,18:57:25,18:58:50,    85, 41.10, 36.70,  4.40
         0,     0, 9,18:58:58,18:59:03,     5, 36.70, 41.10, -4.40
  12448471,  6084, 2,18:57:58,18:59:08,    70, 43.90, 34.10,  9.80
         0,     0, 2,18:59:15,18:59:23,     8, 34.10, 43.90, -9.80
  12706726,  7135, 5,18:58:57,19:00:14,    77, 40.90, 31.20,  9.70
         0,     0, 5,19:00:22,19:00:31,     9, 31.20, 40.80, -9.60
  12706707,  7116, 1,18:59:41,19:01:11,    90, 41.30, 34.70,  6.60
         0,     0, 1,19:01:19,19:01:24,     5, 34.70, 41.30, -6.60
  13008792,     0, 9,19:00:05,19:03:29,   204, 41.10, 36.20,  4.90
         0,     0, 9,19:03:38,19:03:44,     6, 36.20, 41.10, -4.90
  13323451,     0,10,19:01:55,19:04:04,   129, 40.90, 29.70, 11.20
         0,     0,10,19:04:12,19:04:24,    12, 29.70, 41.20,-11.50
  11954075,  4105, 1,19:02:58,19:04:23,    85, 41.30, 28.00, 13.30
  13008742,  7163, 2,19:01:45,19:04:26,   161, 43.90, 42.60,  1.30
         0,     0, 1,19:04:30,19:04:42,    12, 28.00, 41.30,-13.30
  13008742,  7163, 2,19:04:35,19:06:14,    99, 42.60, 27.80, 14.80
         0,     0, 2,19:06:23,19:06:38,    15, 27.80, 44.00,-16.20
  11954050,  4080, 3,19:05:24,19:07:42,   138, 46.30, 29.30, 17.00
  12706618,     0, 9,19:06:41,19:07:49,    68, 41.10, 33.00,  8.10
         0,     0, 3,19:07:49,19:08:03,    14, 29.30, 29.70, -0.40
         0,     0, 9,19:07:58,19:08:09,    11, 33.00, 41.10, -8.10
  12706624,  7033, 6,18:44:52,19:09:56,  1504, 41.40, 26.00, 15.40
         0,     0, 6,19:10:04,19:10:18,    14, 26.00, 41.50,-15.50
  11954014,  4044, 2,19:10:39,19:10:48,     9, 44.00, 43.80,  0.20
  12706727,  7136, 2,19:11:10,19:12:32,    82, 43.80, 34.80,  9.00
  11954014,  4044, 1,19:10:55,19:12:35,   100, 41.30, 20.90, 20.40
         0,     0, 2,19:12:39,19:12:47,     8, 34.80, 43.90, -9.10
         0,     0, 1,19:12:43,19:13:02,    19, 20.90, 41.20,-20.30
  12200048,     0, 8,19:06:52,19:12:59,   367, 41.20, 35.60,  5.60
         0,     0, 8,19:13:08,19:13:13,     5, 35.60, 41.00, -5.40
  12706604,     0,10,19:13:41,19:15:57,   136, 41.20, 27.00, 14.20
         0,     0,10,19:16:04,19:16:19,    15, 27.00, 41.20,-14.20
  12706710,  7119, 2,19:14:33,19:17:03,   150, 43.90, 23.00, 20.90
  11953978,  4008, 1,19:15:19,19:17:10,   111, 41.30, 24.10, 17.20
         0,     0, 2,19:17:11,19:17:32,    21, 23.00, 43.90,-20.90
         0,     0, 1,19:17:18,19:17:35,    17, 24.10, 41.30,-17.20
  11724109,  6068, 1,19:17:46,19:21:30,   224, 41.30, 20.70, 20.60
         0,     0, 1,19:21:38,19:21:57,    19, 20.70, 41.30,-20.60
  12706601,     0,10,19:22:21,19:22:51,    30, 41.20, 37.20,  4.00
         0,     0,10,19:22:59,19:23:02,     3, 37.20, 41.20, -4.00
  11954056,     0, 8,19:24:44,19:24:47,     3, 41.00, 41.00,  0.00
  11954014,  4044, 2,19:24:11,19:25:22,    71, 44.00, 38.10,  5.90
         0,     0, 2,19:25:30,19:25:35,     5, 38.10, 44.00, -5.90
  11954056,     0, 8,19:25:07,19:26:10,    63, 41.00, 39.90,  1.10
  11954042,     0,10,19:26:11,19:27:12,    61, 41.20, 41.10,  0.10
  11954042,     0,10,19:27:23,19:27:44,    21, 41.10, 40.80,  0.30
         0,     0, 8,19:27:46,19:28:03,    17, 25.10, 41.10,-16.00
  11954042,     0,10,19:28:02,19:28:15,    13, 40.80, 40.70,  0.10
  12706700,  7109, 5,19:27:59,19:28:39,    40, 40.70, 32.70,  8.00
  11954042,     0,10,19:28:27,19:28:41,    14, 40.70, 40.60,  0.10
         0,     0, 5,19:28:48,19:28:55,     7, 32.70, 40.90, -8.20
  12706634,     0, 7,18:57:12,19:33:13,  2161, 41.40, 23.40, 18.00
         0,     0, 7,19:33:21,19:33:32,    11, 23.40, 23.40,  0.00
  12706707,  7116, 1,19:33:43,19:35:23,   100, 41.30, 39.70,  1.60
         0,     0, 1,19:35:31,19:35:31,     0, 39.70, 41.20, -1.50
  11954042,     0, 9,19:32:10,19:36:16,   246, 41.10, 30.10, 11.00
         0,     0, 9,19:36:25,19:36:39,    14, 30.10, 41.00,-10.90
  13008815,     0, 8,19:35:29,19:37:55,   146, 41.00, 32.50,  8.50
         0,     0, 8,19:38:04,19:38:13,     9, 32.50, 41.10, -8.60
  12448442,  6055, 6,19:10:28,19:39:26,  1738, 41.50, 28.50, 13.00
         0,     0, 6,19:39:34,19:39:46,    12, 28.50, 41.50,-13.00
  12706637,  7046, 5,19:39:36,19:39:56,    20, 40.70, 40.80, -0.10
  12448409,  6022, 2,19:40:01,19:40:14,    13, 43.90, 44.00, -0.10
  13008735,  7156, 3,19:38:08,19:40:55,   167, 46.20, 31.50, 14.70
         0,     0, 3,19:41:03,19:41:15,    12, 31.50, 46.50,-15.00
  12448409,  6022, 1,19:40:22,19:42:38,   136, 41.20, 29.20, 12.00
  12706616,  7025, 2,19:41:19,19:42:41,    82, 43.90, 24.50, 19.40
         0,     0, 1,19:42:47,19:42:58,    11, 29.20, 41.20,-12.00
         0,     0, 2,19:42:50,19:43:09,    19, 24.50, 44.00,-19.50
  12706637,  7046, 4,19:43:03,19:43:43,    40, 43.50, 43.40,  0.10
  13008762,     0, 6,19:42:04,19:44:22,   138, 41.30, 41.20,  0.10
  13323427,     0, 8,19:45:47,19:46:25,    38, 41.10, 41.00,  0.10
  12706637,  7046, 4,19:43:55,19:46:28,   153, 43.40, 28.80, 14.60
         0,     0, 4,19:46:36,19:46:50,    14, 28.80, 43.30,-14.50
  13008836,     0, 8,19:49:48,19:49:56,     8, 41.00, 40.90,  0.10
  13323358,     0,10,19:50:52,19:51:28,    36, 40.60, 37.60,  3.00
         0,     0,10,19:51:35,19:51:38,     3, 37.60, 41.20, -3.60
  13323358,     0,10,19:51:58,19:51:59,     1, 40.70, 40.80, -0.10
  11953978,  4008, 2,19:52:43,19:53:22,    39, 44.00, 37.80,  6.20
         0,     0, 2,19:53:30,19:53:35,     5, 37.80, 44.00, -6.20
  12199981,  5035, 3,19:54:55,19:55:33,    38, 46.50, 46.40,  0.10
  12706659,  7068, 1,19:52:51,19:55:41,   170, 41.20, 18.20, 23.00
         0,     0, 1,19:55:49,19:56:10,    21, 18.20, 41.30,-23.10
  12199981,  5035, 4,19:55:39,19:56:37,    58, 43.80, 31.20, 12.60
         0,     0, 4,19:56:44,19:56:56,    12, 31.20, 43.40,-12.20
  12706650,  7059, 1,19:57:08,19:59:34,   146, 41.30, 29.30, 12.00
         0,     0, 1,19:59:43,19:59:54,    11, 29.30, 41.30,-12.00
  13008833,     0, 6,19:44:31,19:59:59,   928, 41.10, 22.50, 18.60
         0,     0, 6,20:00:07,20:00:25,    18, 22.50, 41.60,-19.10
  13008835,     0, 6,20:01:13,20:01:43,    30, 41.10, 39.30,  1.80
         0,     0, 6,20:01:50,20:01:51,     1, 39.30, 41.40, -2.10
  12200042,  5096, 4,20:02:54,20:05:09,   135, 44.00, 30.30, 13.70
         0,     0, 4,20:05:16,20:05:28,    12, 30.30, 43.40,-13.10
  13008756,  7115, 2,20:07:37,20:09:05,    88, 44.00, 44.00,  0.00
  13008756,  7115, 1,20:09:40,20:11:21,   101, 41.30, 27.10, 14.20
         0,     0, 1,20:11:29,20:11:42,    13, 27.10, 41.20,-14.10
  12200048,     0, 8,20:11:16,20:13:20,   124, 40.80, 31.80,  9.00
         0,     0, 8,20:13:28,20:13:37,     9, 31.80, 41.10, -9.30
  13008735,  7156, 3,20:12:10,20:13:46,    96, 47.20, 40.80,  6.40
         0,     0, 3,20:13:54,20:13:58,     4, 40.80, 46.30, -5.50
  13008836,     0, 7,19:49:33,20:15:56,  1583, 41.30, 41.30,  0.00
  12448416,  6029, 4,20:15:48,20:17:12,    84, 43.60, 26.40, 17.20
  12199969,     0, 9,20:14:03,20:17:15,   192, 41.00, 33.00,  8.00
         0,     0, 9,20:17:23,20:17:34,    11, 33.00, 41.10, -8.10
         0,     0, 4,20:17:20,20:17:36,    16, 26.40, 43.40,-17.00
  12706669,  7078, 3,20:18:11,20:18:12,     1, 46.40, 46.70, -0.30
  12448416,  6029, 4,20:17:47,20:19:06,    79, 43.40, 39.20,  4.20
  12706669,  7078, 3,20:18:27,20:19:13,    46, 46.90, 41.40,  5.50
         0,     0, 4,20:19:13,20:19:17,     4, 39.20, 43.40, -4.20
         0,     0, 3,20:19:21,20:19:24,     3, 41.40, 46.50, -5.10
  12706669,  7078, 3,20:19:34,20:21:38,   124, 46.40, 35.40, 11.00
         0,     0, 3,20:21:46,20:21:55,     9, 35.40, 35.30,  0.10
  13008815,     0, 8,20:21:28,20:23:41,   133, 41.10, 30.40, 10.70
  12200007,  5061, 5,20:21:03,20:23:49,   166, 40.80, 28.80, 12.00
  12448428,  6041, 4,20:23:08,20:23:51,    43, 43.40, 35.20,  8.20
         0,     0, 8,20:23:50,20:24:01,    11, 30.40, 41.00,-10.60
         0,     0, 4,20:23:59,20:24:07,     8, 35.20, 43.40, -8.20
         0,     0, 5,20:23:58,20:24:10,    12, 28.80, 41.00,-12.20
  12448415,     0, 7,20:16:19,20:24:56,   517, 41.20, 28.10, 13.10
         0,     0, 7,20:25:04,20:25:12,     8, 28.10, 41.10,-13.00
  11724109,  6068, 1,20:24:34,20:26:29,   115, 41.20, 31.20, 10.00
         0,     0, 1,20:26:37,20:26:46,     9, 31.20, 41.20,-10.00
  12706738,  7147, 2,20:29:25,20:32:35,   190, 43.90, 32.60, 11.30
         0,     0, 2,20:32:42,20:32:52,    10, 32.60, 44.00,-11.40
  12706639,  7048, 4,20:36:15,20:38:08,   113, 43.70, 43.30,  0.40
  12706636,  7045, 3,20:38:08,20:40:31,   143, 46.80, 24.50, 22.30
         0,     0, 3,20:40:39,20:40:57,    18, 24.50, 46.60,-22.10
  12706639,  7048, 4,20:39:53,20:42:15,   142, 43.40, 43.50, -0.10
  12706650,  7059, 5,20:40:29,20:42:43,   134, 40.90, 32.20,  8.70
         0,     0, 5,20:42:50,20:42:58,     8, 32.20, 40.90, -8.70
  12706639,  7048, 3,20:42:55,20:43:13,    18, 46.60, 46.50,  0.10
  12200046,  5100, 4,20:43:16,20:43:22,     6, 44.00, 43.90,  0.10
  12200046,  5100, 3,20:43:26,20:43:33,     7, 46.60, 46.70, -0.10
  11724239,  3139, 1,20:43:25,20:44:39,    74, 41.20, 41.00,  0.20
  12200046,  5100, 2,20:44:04,20:44:43,    39, 43.90, 37.80,  6.10
         0,     0, 2,20:44:51,20:44:56,     5, 37.80, 44.00, -6.20
  11724239,  3139, 1,20:45:15,20:45:21,     6, 41.00, 41.00,  0.00
  12200046,  5100, 2,20:45:17,20:45:42,    25, 44.00, 40.70,  3.30
         0,     0, 2,20:45:50,20:45:52,     2, 40.70, 43.90, -3.20
  13008815,     0, 7,20:25:24,20:46:28,  1264, 41.20, 41.20,  0.00
  13008836,     0, 8,20:47:23,20:47:57,    34, 41.00, 40.60,  0.40
  13008836,     0, 8,20:48:13,20:49:07,    54, 40.60, 27.30, 13.30
         0,     0, 8,20:49:14,20:49:28,    14, 27.30, 41.10,-13.80
  12706655,  7064, 4,20:51:48,20:52:01,    13, 43.70, 43.70,  0.00
  11724239,  3139, 2,20:46:02,20:52:09,   367, 44.00, 22.90, 21.10
         0,     0, 2,20:52:17,20:52:37,    20, 22.90, 44.00,-21.10
  21268104,  6067, 1,20:52:44,20:53:05,    21, 41.00, 41.00,  0.00
  13008836,     0, 7,20:46:51,20:53:13,   382, 41.30, 41.10,  0.20
  12706639,  7048, 5,20:53:10,20:53:21,    11, 40.80, 40.80,  0.00
  13323450,     0,10,20:51:45,20:54:05,   140, 40.50, 32.30,  8.20
         0,     0,10,20:54:12,20:54:21,     9, 32.30, 41.20, -8.90
  21268104,  6067, 2,20:53:14,20:56:41,   207, 44.10, 32.20, 11.90
         0,     0, 2,20:56:50,20:57:01,    11, 32.20, 44.00,-11.80
  12448409,  6022, 3,20:58:36,20:59:25,    49, 46.20, 46.20,  0.00
  12448409,  6022, 4,20:59:39,20:59:44,     5, 43.60, 43.50,  0.10
  12448437,  6050, 8,20:58:32,21:01:04,   152, 41.20, 35.90,  5.30
         0,     0, 8,21:01:11,21:01:16,     5, 35.90, 41.10, -5.20
  13323427,     0, 7,20:54:35,21:01:17,   402, 40.90, 33.30,  7.60
         0,     0, 7,21:01:24,21:01:29,     5, 33.30, 41.60, -8.30
  12448483,  6096, 3,21:00:35,21:04:36,   241, 46.20, 17.90, 28.30
  12706655,  7064, 4,21:02:33,21:04:50,   137, 43.90, 19.00, 24.90
  12706639,  7048, 5,21:00:10,21:04:59,   289, 40.80, 35.70,  5.10
         0,     0, 3,21:04:44,21:05:08,    24, 17.90, 17.80,  0.10
         0,     0, 5,21:05:07,21:05:12,     5, 35.70, 40.90, -5.20
         0,     0, 4,21:04:58,21:05:22,    24, 19.00, 43.40,-24.40
  12448409,  6022, 1,21:05:58,21:06:05,     7, 41.00, 41.00,  0.00
  12448451,  6064, 2,21:07:39,21:08:16,    37, 44.00, 44.00,  0.00
  13008756,  7115, 1,21:08:26,21:08:36,    10, 41.00, 41.00,  0.00
  12706639,  7048, 5,21:05:27,21:08:40,   193, 40.90, 33.10,  7.80
         0,     0, 5,21:08:48,21:08:55,     7, 33.10, 41.00, -7.90
  12448451,  6064, 1,21:08:58,21:09:28,    30, 41.00, 40.90,  0.10
  12448451,  6064, 1,21:09:43,21:10:57,    74, 40.90, 41.00, -0.10
  12448449,  6062, 4,21:10:00,21:11:16,    76, 43.60, 38.80,  4.80
         0,     0, 4,21:11:25,21:11:29,     4, 38.80, 43.40, -4.60
  12448449,  6062, 4,21:12:13,21:13:24,    71, 43.40, 33.60,  9.80
         0,     0, 4,21:13:33,21:13:42,     9, 33.60, 43.40, -9.80
  12448451,  6064, 2,21:11:43,21:13:45,   122, 44.00, 43.90,  0.10
  12706738,  7147, 5,21:14:50,21:15:06,    16, 41.00, 40.90,  0.10
  13008756,  7115, 2,21:14:09,21:15:11,    62, 43.90, 31.60, 12.30
  13323451,     0,10,21:12:52,21:15:24,   152, 41.10, 31.80,  9.30
         0,     0, 2,21:15:18,21:15:29,    11, 31.60, 44.00,-12.40
         0,     0,10,21:15:32,21:15:41,     9, 31.80, 41.20, -9.40
  12706705,  7114, 2,21:17:15,21:20:01,   166, 44.00, 33.90, 10.10
         0,     0, 2,21:20:09,21:20:18,     9, 33.90, 43.90,-10.00
  12706727,  7136, 1,21:20:29,21:20:49,    20, 41.00, 41.00,  0.00
  12706727,  7136, 2,21:20:55,21:23:34,   159, 44.00, 31.30, 12.70
         0,     0, 2,21:23:41,21:23:53,    12, 31.30, 44.10,-12.80
  13008802,     0, 9,21:24:54,21:25:03,     9, 41.10, 41.10,  0.00
  13008802,     0, 9,21:26:20,21:26:22,     2, 33.50, 33.50,  0.00
  12448451,  6064, 2,21:24:45,21:26:33,   108, 44.20, 43.90,  0.30
         0,     0, 9,21:26:30,21:26:40,    10, 33.50, 41.10, -7.60
  13008802,     0, 9,21:26:57,21:26:58,     1, 41.10, 41.10,  0.00
  13008802,     0, 9,21:27:14,21:27:43,    29, 41.10, 36.80,  4.30
         0,     0, 9,21:27:50,21:27:55,     5, 36.80, 41.00, -4.20
  12706616,  7025, 2,21:26:42,21:28:29,   107, 43.90, 28.40, 15.50
         0,     0, 2,21:28:37,21:28:52,    15, 28.40, 43.90,-15.50
  13008802,     0, 9,21:29:02,21:29:36,    34, 41.10, 39.70,  1.40
         0,     0, 9,21:29:44,21:29:45,     1, 39.70, 41.00, -1.30
  13008815,     0, 7,21:03:38,21:30:56,  1638, 41.60, 30.20, 11.40
         0,     0, 7,21:31:04,21:31:11,     7, 30.20, 30.20,  0.00
  12706738,  7147, 3,21:29:48,21:32:15,   147, 46.90, 38.90,  8.00
  12706609,  7018, 8,21:31:49,21:32:23,    34, 39.40, 33.60,  5.80
         0,     0, 3,21:32:24,21:32:30,     6, 38.90, 38.90,  0.00
         0,     0, 8,21:32:30,21:32:37,     7, 33.60, 41.00, -7.40
  12706686,  7095, 3,21:33:15,21:33:17,     2, 47.10, 46.80,  0.30
  11499202,     0, 6,20:02:23,21:34:56,  5553, 35.00, 31.90,  3.10
  12448473,  6086, 1,21:34:49,21:35:04,    15, 40.90, 40.90,  0.00
  12448479,  6092, 2,21:34:38,21:35:07,    29, 43.90, 43.80,  0.10
         0,     0, 6,21:35:04,21:35:13,     9, 31.90, 41.40, -9.50
  12706686,  7095, 3,21:33:41,21:35:46,   125, 47.00, 45.80,  1.20
  12448479,  6092, 3,21:35:58,21:36:05,     7, 45.60, 45.40,  0.20
  12448473,  6086, 2,21:35:28,21:37:27,   119, 43.80, 24.00, 19.80
         0,     0, 2,21:37:35,21:37:54,    19, 24.00, 44.00,-20.00
  12706686,  7095, 3,21:36:42,21:38:19,    97, 45.60, 39.40,  6.20
         0,     0, 3,21:38:27,21:38:32,     5, 39.40, 39.40,  0.00
  13323358,     0, 9,21:39:24,21:39:29,     5, 41.00, 41.00,  0.00
  13323434,     0, 9,21:39:40,21:42:22,   162, 41.10, 32.40,  8.70
  12448451,  6064, 3,21:39:20,21:42:36,   196, 46.60, 22.70, 23.90
         0,     0, 9,21:42:30,21:42:41,    11, 32.40, 41.10, -8.70
  12448479,  6092, 4,21:40:15,21:42:44,   149, 43.70, 36.60,  7.10
         0,     0, 4,21:42:53,21:43:00,     7, 36.60, 43.30, -6.70
         0,     0, 3,21:42:44,21:43:04,    20, 22.70, 22.60,  0.10
  12706622,     0, 6,21:39:21,21:43:21,   240, 30.90, 29.90,  1.00
         0,     0, 6,21:43:29,21:43:42,    13, 29.90, 41.50,-11.60
  11954075,  4105, 1,21:43:31,21:43:40,     9, 40.90, 40.50,  0.40
  11953978,  4008, 3,21:43:41,21:45:26,   105, 47.00, 35.30, 11.70
  11954075,  4105, 2,21:43:55,21:45:26,    91, 44.00, 29.00, 15.00
         0,     0, 3,21:45:34,21:45:43,     9, 35.30, 35.70, -0.40
         0,     0, 2,21:45:34,21:45:48,    14, 29.00, 43.90,-14.90
  13323358,     0, 9,21:49:44,21:50:26,    42, 41.10, 40.70,  0.40
  13323358,     0, 9,21:51:11,21:51:37,    26, 37.60, 34.70,  2.90
         0,     0, 9,21:51:45,21:51:53,     8, 34.70, 41.00, -6.30
  21268825,  6087, 2,21:52:59,21:53:05,     6, 43.90, 43.90,  0.00
  12706637,  7046, 4,21:57:02,21:59:31,   149, 43.40, 28.80, 14.60
         0,     0, 4,21:59:39,21:59:53,    14, 28.80, 43.40,-14.60
  13008800,     0,10,21:59:37,22:00:25,    48, 41.10, 35.90,  5.20
         0,     0,10,22:00:34,22:00:39,     5, 35.90, 41.20, -5.30
  12448437,  6050, 7,21:46:22,22:00:49,   867, 41.30, 29.40, 11.90
         0,     0, 7,22:00:57,22:01:04,     7, 29.40, 41.00,-11.60
  12200083,     0, 9,22:02:29,22:02:31,     2, 36.70, 36.70,  0.00
         0,     0, 9,22:02:39,22:02:44,     5, 36.70, 41.10, -4.40
  12448449,  6062, 2,22:03:16,22:05:10,   114, 43.80, 34.50,  9.30
         0,     0, 2,22:05:17,22:05:25,     8, 34.50, 43.90, -9.40
  12706726,  7135, 1,22:05:36,22:06:01,    25, 40.50, 40.50,  0.00
  12706707,  7116, 1,22:07:17,22:07:23,     6, 40.50, 40.50,  0.00
  12706707,  7116, 2,22:07:35,22:09:31,   116, 44.00, 37.50,  6.50
         0,     0, 2,22:09:38,22:09:43,     5, 37.50, 44.00, -6.50
  13008779,     0, 7,22:01:21,22:13:03,   702, 38.70, 38.80, -0.10
         0,     0, 7,22:13:11,22:13:12,     1, 38.80, 41.30, -2.50
  13008735,  7156, 2,22:15:08,22:17:32,   144, 44.00, 32.40, 11.60
         0,     0, 2,22:17:40,22:17:50,    10, 32.40, 43.90,-11.50
  13008735,  7156, 1,22:19:05,22:20:00,    55, 40.50, 37.80,  2.70
         0,     0, 1,22:20:07,22:20:09,     2, 37.80, 41.30, -3.50
  21268825,  6087, 2,22:19:05,22:21:01,   116, 44.00, 31.40, 12.60
         0,     0, 2,22:21:08,22:21:20,    12, 31.40, 44.00,-12.60
  12706707,  7116, 2,22:21:55,22:23:01,    66, 44.00, 37.50,  6.50
         0,     0, 2,22:23:08,22:23:13,     5, 37.50, 44.00, -6.50
  12706726,  7135, 1,22:26:02,22:26:07,     5, 41.30, 41.30,  0.00
  12706726,  7135, 1,22:26:22,22:26:49,    27, 41.30, 41.30,  0.00
  12706726,  7135, 2,22:27:13,22:30:08,   175, 44.10, 28.50, 15.60
         0,     0, 2,22:30:15,22:30:30,    15, 28.50, 43.90,-15.40
  12200083,     0, 9,22:32:41,22:32:42,     1, 41.10, 41.10,  0.00
         0,     0, 9,22:33:25,22:33:28,     3, 38.00, 41.00, -3.00
  21268104,  6067, 5,22:29:53,22:33:36,   223, 40.90, 32.60,  8.30
         0,     0, 5,22:33:45,22:33:53,     8, 32.60, 40.90, -8.30
  11954050,  4080, 1,22:32:29,22:35:06,   157, 41.30, 30.50, 10.80
         0,     0, 1,22:35:13,22:35:23,    10, 30.50, 41.20,-10.70
  12199988,  5042, 4,22:32:44,22:35:33,   169, 43.60, 27.00, 16.60
         0,     0, 4,22:35:41,22:35:57,    16, 27.00, 43.40,-16.40
  12706651,  7060, 3,22:33:22,22:36:52,   210, 46.60, 25.20, 21.40
         0,     0, 3,22:37:00,22:37:17,    17, 25.20, 46.50,-21.30
  12706700,  7109, 2,22:38:28,22:39:35,    67, 44.00, 29.60, 14.40
         0,     0, 2,22:39:44,22:39:57,    13, 29.60, 43.90,-14.30
  21306958,  5124, 8,22:42:04,22:42:11,     7, 41.00, 40.90,  0.10
  11724109,  6068, 1,22:41:15,22:43:06,   111, 41.20, 30.90, 10.30
         0,     0, 1,22:43:14,22:43:23,     9, 30.90, 41.20,-10.30
  12200046,  5100, 3,22:43:53,22:44:33,    40, 46.70, 39.40,  7.30
         0,     0, 3,22:44:40,22:44:45,     5, 39.40, 46.50, -7.10
  13008737,     0, 8,22:42:40,22:45:47,   187, 40.80, 25.20, 15.60
  11724159,     0, 6,21:44:27,22:45:48,  3681, 34.50, 34.10,  0.40
         0,     0, 6,22:45:56,22:46:02,     6, 34.10, 34.10,  0.00
         0,     0, 8,22:45:55,22:46:12,    17, 25.20, 41.00,-15.80
  13008735,  7156, 4,22:45:40,22:46:23,    43, 44.10, 42.70,  1.40
  21306958,  5124, 7,22:38:43,22:47:15,   512, 41.30, 40.80,  0.50
  12706609,  7018, 8,22:47:16,22:48:04,    48, 41.10, 33.30,  7.80
         0,     0, 8,22:48:12,22:48:20,     8, 33.30, 41.10, -7.80
  13008789,     0, 7,22:47:36,22:49:09,    93, 40.60, 37.10,  3.50
         0,     0, 7,22:49:17,22:49:19,     2, 37.10, 37.20, -0.10
  21306958,  5124, 8,22:50:44,22:51:04,    20, 41.10, 40.90,  0.20
  13008837,     0, 7,22:49:29,22:51:18,   109, 41.60, 41.50,  0.10
  13008837,     0, 8,22:51:24,22:51:26,     2, 40.90, 40.90,  0.00
  12706701,  7110, 3,22:49:44,22:51:30,   106, 45.90, 46.40, -0.50
  12706669,  7078, 4,22:53:30,22:54:44,    74, 42.80, 35.20,  7.60
         0,     0, 4,22:54:52,22:55:00,     8, 35.20, 43.40, -8.20
  13008837,     0, 7,22:52:55,22:54:59,   124, 41.50, 39.80,  1.70
  12706701,  7110, 3,22:52:11,22:54:59,   168, 46.60, 31.80, 14.80
         0,     0, 7,22:55:07,22:55:07,     0, 39.80, 41.00, -1.20
         0,     0, 3,22:55:07,22:55:19,    12, 31.80, 31.80,  0.00
  13008837,     0, 8,22:56:39,22:56:41,     2, 24.40, 24.50, -0.10
         0,     0, 8,22:56:50,22:57:07,    17, 24.50, 41.20,-16.70
  12448409,  6022, 1,22:57:28,22:57:39,    11, 41.20, 41.20,  0.00
  12448409,  6022, 2,22:57:46,23:00:22,   156, 43.90, 26.30, 17.60
         0,     0, 2,23:00:31,23:00:48,    17, 26.30, 43.90,-17.60
  21306958,  5124, 8,23:01:48,23:02:07,    19, 41.20, 41.00,  0.20
  12448477,  6090, 3,23:00:40,23:04:19,   219, 46.60, 33.30, 13.30
  11954075,  4105, 2,23:02:41,23:04:29,   108, 44.00, 30.30, 13.70
         0,     0, 3,23:04:27,23:04:37,    10, 33.30, 33.20,  0.10
         0,     0, 2,23:04:37,23:04:50,    13, 30.30, 44.00,-13.70
  11954075,  4105, 2,23:05:32,23:06:03,    31, 44.20, 38.30,  5.90
         0,     0, 2,23:06:12,23:06:16,     4, 38.30, 43.90, -5.60
  12706650,  7059, 5,23:04:28,23:07:50,   202, 40.90, 30.30, 10.60
         0,     0, 5,23:07:58,23:08:08,    10, 30.30, 41.00,-10.70
  13008820,     0, 9,23:08:57,23:10:14,    77, 41.00, 40.60,  0.40
  13008820,     0, 9,23:11:06,23:12:07,    61, 40.30, 39.60,  0.70
         0,     0, 9,23:12:15,23:12:16,     1, 39.60, 41.00, -1.40
  13008820,     0, 9,23:13:41,23:13:44,     3, 39.20, 39.20,  0.00
         0,     0, 9,23:13:51,23:13:53,     2, 39.20, 41.20, -2.00
  13008820,     0, 9,23:15:34,23:15:36,     2, 40.30, 40.20,  0.10
  13008820,     0, 9,23:16:13,23:16:14,     1, 39.60, 39.60,  0.00
         0,     0, 9,23:16:23,23:16:24,     1, 39.60, 41.00, -1.40
  12706727,  7136, 2,23:14:11,23:17:26,   195, 43.90, 34.20,  9.70
         0,     0, 2,23:17:35,23:17:44,     9, 34.20, 44.00, -9.80
  21306958,  5124, 8,23:21:16,23:21:30,    14, 41.00, 40.90,  0.10
  13008742,  7163, 3,23:19:37,23:22:51,   194, 46.20, 30.10, 16.10
         0,     0, 3,23:22:59,23:23:13,    14, 30.10, 30.00,  0.10
  21292347,  5120, 2,23:22:23,23:25:25,   182, 44.10, 30.90, 13.20
         0,     0, 2,23:25:33,23:25:45,    12, 30.90, 43.90,-13.00
  21306958,  5124, 8,23:22:38,23:25:43,   185, 40.90, 39.90,  1.00
         0,     0, 8,23:25:50,23:25:50,     0, 39.90, 40.60, -0.70
  13008732,  7153, 3,23:27:01,23:27:24,    23, 47.10, 46.90,  0.20
  12706669,  7078, 3,23:27:35,23:28:36,    61, 46.90, 36.80, 10.10
         0,     0, 3,23:28:44,23:28:52,     8, 36.80, 36.80,  0.00
  12199969,     0, 9,23:30:59,23:31:20,    21, 41.00, 39.60,  1.40
         0,     0, 9,23:31:28,23:31:29,     1, 39.60, 41.00, -1.40
  12199969,     0, 9,23:31:42,23:34:48,   186, 41.00, 39.80,  1.20
         0,     0, 9,23:34:55,23:34:56,     1, 39.80, 41.00, -1.20
  13008732,  7153, 4,23:35:11,23:39:23,   252, 43.50, 22.40, 21.10
         0,     0, 4,23:39:30,23:39:50,    20, 22.40, 43.50,-21.10
  13008835,     0, 6,22:48:47,23:40:01,  3074, 40.20, 35.20,  5.00
         0,     0, 6,23:40:09,23:40:14,     5, 35.20, 41.50, -6.30
  13008800,     0, 9,23:40:22,23:41:16,    54, 41.00, 36.30,  4.70
         0,     0, 9,23:41:23,23:41:29,     6, 36.30, 41.20, -4.90
  12200042,  5096, 2,23:43:13,23:44:36,    83, 44.00, 43.80,  0.20
  21306958,  5124, 7,22:55:29,23:44:37,  2948, 40.80, 29.00, 11.80
  12706624,  7033, 6,23:40:37,23:44:36,   239, 41.50, 36.20,  5.30
         0,     0, 3,23:44:49,23:44:59,    10, 46.50, 46.50,  0.00
         0,     0, 4,23:44:49,23:44:59,    10, 43.90, 43.90,  0.00
         0,     0, 5,23:44:49,23:44:59,    10, 40.90, 40.90,  0.00
         0,     0, 8,23:44:49,23:44:59,    10, 40.70, 40.70,  0.00
         0,     0, 9,23:44:49,23:44:59,    10, 41.20, 41.20,  0.00
         0,     0,10,23:44:49,23:44:59,    10, 40.90, 40.90,  0.00
         0,     0, 1,23:44:49,23:44:59,    10, 41.20, 41.20,  0.00
         0,     0, 6,23:44:44,23:44:48,     4, 36.20, 41.50, -5.30
         0,     0, 7,23:44:44,23:44:52,     8, 29.00, 29.00,  0.00
